0.860768
0.302081
0.900047
0.708734
0.610785
0.651853
0.319898
0.482891
0.899661
0.695952
0.242874
0.697284
0.688734
0.200822
0.277929
0.486362
0.33975
0.996703
0.832886
0.872901
0.763318
0.223242
0.713105
0.522797
0.377957
0.627452
0.556339
0.820835
0.725963
0.301691
0.873463
0.77985
0.220486
0.935168
0.802012
0.257605
0.673256
0.894249
0.80618
0.764446
0.374334
0.677737
0.85849
0.321851
0.625045
0.808336
0.302299
0.289743
0.812476
0.826806
0.231884
0.785836
0.352007
0.454318
0.319925
0.907412
0.678847
0.917084
0.854196
0.854196
0.481477
0.500688
0.669029
0.757068
0.74196
0.435121
0.487944
0.776694
0.684421
0.676855
0.676855
0.71076
0.525482
0.524607
0.399804
0.694322
0.809205
0.857377
0.997269
0.679947
0.482609
0.34283
0.965863
0.99876
0.334513
0.61851
0.49861
0.241774
0.57499
0.201862
0.765607
0.765607
0.654955
0.249795
0.249795
0.246425
0.276282
0.872654
0.714193
0.596986
0.864593
0.800653
0.59028
0.882156
0.231464
0.803126
0.257996
0.43548
0.667036
0.62455
0.233396
0.686284
0.872412
0.320011
0.320011
0.258427
0.854942
0.865703
0.224728
0.312115
0.60105
0.270654
0.711969
0.512245
0.923977
0.846134
0.643348
0.791212
0.791212
0.215643
0.87428
0.893631
0.541763
0.26163
0.710445
0.411527
0.697383
0.91123
0.864459
0.984252
0.215115
0.228743
0.683838
0.868159
0.76592
0.386869
0.83627
0.83627
0.83627
0.535228
0.65519
0.87205
0.837683
0.250335
0.846449
0.528407
0.620753
0.421997
0.768199
0.768199
0.997953
0.208425
0.23866
0.608075
0.30936
0.999592
0.255174
0.952265
0.995295
0.518402
0.814193
0.717403
0.53779
0.321847
0.321847
0.321847
0.968347
0.388386
0.302512
0.558988
0.81858
0.909024
0.342001
0.827977
0.832192
0.211935
0.833225
0.462117
0.904303
0.22723
0.737255
0.437327
0.437327
0.602635
0.835734
0.800207
0.870199
0.797013
0.204255
0.348049
0.348049
0.457365
0.457365
0.299733
0.937068
0.681706
0.535256
0.844444
0.844444
0.530905
0.725515
0.231707
0.850124
0.850124
0.419625
0.498595
0.373239
0.370584
0.852136
0.511141
0.759072
0.420257
0.420257
0.805933
0.805933
0.984513
0.685474
0.221959
0.693896
0.467108
0.699404
0.310698
0.748572
0.987819
0.745568
0.399926
0.77136
0.924333
0.498831
0.800579
0.89264
0.570667
0.427588
0.272838
0.623627
0.87166
0.837341
0.356738
0.752639
0.910721
0.738892
0.823479
0.258644
0.686251
0.783097
0.605749
0.851276
0.851276
0.210292
0.664558
0.597255
0.695387
0.826889
0.258398
0.764075
0.462947
0.924707
0.381271
0.219121
0.457019
0.912788
0.49384
0.747057
0.818134
0.580896
0.580896
0.249696
0.790923
0.990753
0.332078
0.441009
0.299474
0.517478
0.731164
0.746379
0.228983
0.788012
0.788012
0.475323
0.666633
0.991333
0.646011
0.763059
0.39171
0.39171
0.354995
0.564079
0.270919
0.927871
0.567625
0.664407
0.783024
0.245415
0.780541
0.805114
0.619351
0.714257
0.61495
0.261473
0.378488
0.446505
0.559034
0.559034
0.304452
0.632207
0.292621
0.896001
0.254801
0.684296
0.732543
0.732543
0.549022
0.247019
0.215355
0.616853
0.352326
0.997356
0.23219
0.23219
0.383476
0.797719
0.846399
0.801898
0.332457
0.710325
0.648018
0.28726
0.272567
0.352328
0.456062
0.209351
0.931913
0.960491
0.35737
0.347651
0.510659
0.993361
0.329906
0.329906
0.72756
0.909365
0.599342
0.702454
0.299877
0.259584
0.585734
0.245346
0.259541
0.291982
0.880229
0.695716
0.827723
0.301907
0.910811
0.561166
0.332769
0.261005
0.446878
0.344383
0.344383
0.256658
0.996495
0.584749
0.335214
0.230349
0.236377
0.539833
0.260483
0.472071
0.781332
0.278324
0.241516
0.276889
0.20337
0.457855
0.457855
0.748441
0.526471
0.912327
0.703564
0.934307
0.51899
0.979908
0.999168
0.704314
0.74414
0.691872
0.740851
0.740851
0.887613
0.834115
0.509476
0.488454
0.872763
0.486862
0.262421
0.423727
0.509805
0.642575
0.399358
0.285719
0.311181
0.512388
0.723599
0.998362
0.545856
0.961732
0.603442
0.534286
0.398551
0.460599
0.578742
0.388956
0.656695
0.895414
0.868051
0.921677
0.920974
0.206431
0.771179
0.724839
0.999677
0.298045
0.533027
0.661444
0.381614
0.94177
0.695853
0.61431
0.72526
0.415382
0.745613
0.367228
0.999477
0.557253
0.996599
0.515986
0.289025
0.646123
0.668158
0.47349
0.743366
0.743366
0.626693
0.585512
0.968137
0.807713
0.973487
0.458795
0.859039
0.253079
0.309669
0.309669
0.512018
0.662006
0.822155
0.242534
0.85323
0.468158
0.475906
0.752677
0.362748
0.28062
0.995473
0.338538
0.664088
0.599813
0.450395
0.857497
0.229769
0.740838
0.3139
0.923577
0.59619
0.230207
0.738545
0.987422
0.874429
0.254903
0.867945
0.27873
0.642913
0.922899
0.922899
0.617322
0.465918
0.631275
0.220947
0.826641
0.627405
0.787457
0.774377
0.739353
0.457149
0.460397
0.829192
0.780274
0.999127
0.992419
0.995554
0.238524
0.823956
0.594838
0.394686
0.269201
0.605664
0.597564
0.868447
0.614205
0.614205
0.23479
0.59488
0.92909
0.579178
0.683395
0.631677
0.631677
0.4034
0.809288
0.886969
0.288342
0.449147
0.637179
0.430701
0.308076
0.772684
0.823986
0.357008
0.868654
0.500334
0.896023
0.258876
0.448905
0.872129
0.597917
0.266117
0.549713
0.896701
0.20516
0.624707
0.386461
0.757334
0.330287
0.99957
0.657413
0.22191
0.218859
0.554674
0.670496
0.383042
0.954275
0.563085
0.456269
0.282076
0.302812
0.330779
0.412516
0.63075
0.853796
0.999978
0.350929
0.995938
0.776666
0.223272
0.680856
0.246131
0.752695
0.236348
0.323747
0.208993
0.315995
0.764366
0.764366
0.764366
0.302202
0.250966
0.547385
0.741957
0.811989
0.311827
0.26794
0.710822
0.755636
0.554612
0.936718
0.855519
0.218924
0.218924
0.472032
0.929123
0.62887
0.819169
0.909249
0.977308
0.977308
0.39008
0.39008
0.251399
0.911654
0.375814
0.200687
0.508575
0.310639
0.403067
0.900221
0.225657
0.89199
0.316411
0.23103
0.223311
0.798373
0.274656
0.328451
0.814541
0.514325
0.761651
0.617294
0.621935
0.70768
0.252624
0.642278
0.79836
0.949979
0.823112
0.434227
0.779344
0.290632
0.893421
0.380124
0.41406
0.44291
0.285378
0.62845
0.99619
0.467571
0.467571
0.590392
0.932019
0.994257
0.800051
0.427555
0.507776
0.507776
0.217229
0.558598
0.994958
0.269458
0.526607
0.393899
0.316274
0.351755
0.811681
0.378388
0.378388
0.816647
0.925775
0.927521
0.88789
0.746006
0.865354
0.907529
0.669118
0.618405
0.762563
0.832903
0.70766
0.655248
0.429794
0.817151
0.216913
0.662494
0.715205
0.477284
0.38881
0.999384
0.53037
0.332467
0.675162
0.285809
0.653927
0.747828
0.428795
0.804372
0.992805
0.707869
0.503223
0.260018
0.276462
0.865867
0.220299
0.892213
0.522068
0.643756
0.455459
0.559472
0.854253
0.274642
0.274642
0.308461
0.308461
0.308871
0.783841
0.952783
0.598769
0.806505
0.240302
0.342854
0.521299
0.772994
0.287025
0.832668
0.202727
0.270595
0.570396
0.801377
0.609502
0.74108
0.764338
0.557887
0.538015
0.362707
0.92063
0.669036
0.858721
0.858735
0.489016
0.572326
0.241529
0.571424
0.307693
0.869799
0.836429
0.65863
0.58034
0.397598
0.328295
0.876672
0.773736
0.736063
0.290652
0.998081
0.420342
0.420342
0.599603
0.801606
0.759495
0.653914
0.27838
0.818092
0.814835
0.2148
0.2148
0.905822
0.857239
0.888131
0.888131
0.208559
0.999937
0.993065
0.97542
0.990196
0.276711
0.80512
0.285169
0.270226
0.58106
0.81041
0.409291
0.245659
0.245659
0.999359
0.999359
0.935128
0.560727
0.336997
0.226173
0.903424
0.455719
0.653733
0.223383
0.747915
0.556806
0.462877
0.674308
0.751378
0.552887
0.229708
0.49121
0.809632
0.34074
0.475356
0.282928
0.509186
0.347134
0.861735
0.843332
0.92177
0.30541
0.63354
0.678427
0.359645
0.43801
0.502193
0.502193
0.404794
0.220126
0.736982
0.77028
0.272112
0.582988
0.23816
0.847551
0.307874
0.765934
0.738622
0.738622
0.317605
0.689731
0.239037
0.867833
0.716654
0.83287
0.236364
0.641057
0.394828
0.408773
0.685563
0.593124
0.799893
0.201174
0.23537
0.701043
0.849552
0.871675
0.746097
0.751149
0.325304
0.713469
0.713469
0.787454
0.975853
0.999971
0.619044
0.819803
0.554725
0.983864
0.289872
0.997869
0.468893
0.468893
0.860888
0.47573
0.292488
0.308642
0.847619
0.845959
0.540387
0.847238
0.415537
0.379375
0.996997
0.568363
0.736499
0.933307
0.865199
0.389482
0.953788
0.289474
0.618763
0.651941
0.797691
0.797691
0.551776
0.997257
0.665673
0.667925
0.667925
0.46797
0.470731
0.456985
0.908891
0.714828
0.714828
0.245421
0.890701
0.308134
0.270958
0.915057
0.650456
0.862102
0.984706
0.429652
0.74159
0.436234
0.82219
0.470719
0.314405
0.600161
0.324661
0.856143
0.860547
0.358083
0.797211
0.992287
0.291025
0.511175
0.511175
0.785703
0.21446
0.928211
0.762605
0.388751
0.661855
0.768618
0.211224
0.211224
0.838873
0.358698
0.38211
0.45112
0.888381
0.908032
0.908032
0.746006
0.8808
0.996329
0.426126
0.774589
0.592682
0.59891
0.88609
0.655642
0.850268
0.385876
0.846805
0.846805
0.591426
0.721758
0.286441
0.211305
0.583627
0.68068
0.521692
0.236804
0.741741
0.979082
0.399481
0.688101
0.803347
0.421866
0.24316
0.741519
0.744195
0.78563
0.597615
0.765395
0.635348
0.808097
0.400841
0.900175
0.20457
0.56683
0.231637
0.231637
0.353073
0.354741
0.632944
0.532291
0.783145
0.817874
0.587627
0.7276
0.778839
0.880128
0.343713
0.881772
0.800521
0.831105
0.682815
0.23809
0.528533
0.802912
0.737322
0.432824
0.795821
0.795821
0.960925
0.73247
0.257408
0.623987
0.511114
0.369431
0.861915
0.805508
0.440892
0.80052
0.376564
0.545066
0.545066
0.337561
0.782668
0.470658
0.994721
0.412604
0.491844
0.456459
0.487032
0.359694
0.581763
0.339308
0.564384
0.534086
0.360113
0.754417
0.998203
0.728505
0.260661
0.670195
0.99306
0.293441
0.349165
0.349165
0.39388
0.39388
0.313256
0.982255
0.583098
0.462691
0.910843
0.629472
0.999863
0.219818
0.774617
0.294928
0.409311
0.58185
0.58185
0.315545
0.288153
0.776225
0.356995
0.340392
0.999056
0.33099
0.411332
0.320725
0.834129
0.244545
0.97472
0.513383
0.401558
0.491269
0.297218
0.28884
0.28884
0.8702
0.809502
0.334985
0.49154
0.511028
0.663321
0.894153
0.894153
0.243553
0.24603
0.207775
0.430613
0.23444
0.271472
0.982452
0.96718
0.426642
0.462369
0.77766
0.464639
0.692644
0.428624
0.827527
0.827527
0.72464
0.330855
0.265034
0.552775
0.552775
0.876279
0.582091
0.881753
0.415051
0.294233
0.219878
0.842934
0.619995
0.619995
0.383245
0.264404
0.856124
0.809406
0.853404
0.361494
0.361494
0.547331
0.860292
0.325873
0.57277
0.887076
0.792604
0.579488
0.820415
0.585832
0.851296
0.555987
0.782729
0.258786
0.507889
0.507889
0.756691
0.675445
0.35066
0.844412
0.542935
0.856814
0.676483
0.902657
0.60189
0.229973
0.523344
0.271662
0.768491
0.864644
0.937343
0.759902
0.251479
0.251479
0.994144
0.701902
0.532476
0.582578
0.523197
0.523197
0.350788
0.219183
0.999924
0.945149
0.283951
0.218295
0.815158
0.626982
0.647116
0.525378
0.476761
0.476761
0.935277
0.564259
0.222822
0.70266
0.230274
0.656205
0.656205
0.247244
0.463895
0.663641
0.344171
0.493742
0.499603
0.854502
0.854502
0.547858
0.547858
0.734674
0.338396
0.820334
0.604079
0.268568
0.445141
0.757243
0.854492
0.389737
0.275176
0.710148
0.667682
0.705746
0.611345
0.443055
0.400647
0.400647
0.656835
0.435174
0.292377
0.764669
0.239612
0.246691
0.223872
0.608049
0.501427
0.259786
0.201596
0.31486
0.694558
0.38981
0.966969
0.596448
0.814814
0.706253
0.844874
0.279078
0.334114
0.995817
0.732108
0.621466
0.999155
0.864473
0.976768
0.943889
0.507564
0.815623
0.843834
0.327518
0.296119
0.733379
0.442269
0.35143
0.980682
0.501999
0.548618
0.246808
0.493758
0.64161
0.440924
0.57565
0.585034
0.83183
0.219345
0.701956
0.334026
0.231836
0.2507
0.251648
0.251648
0.313893
0.349332
0.349332
0.289886
0.733763
0.505723
0.551556
0.381946
0.688245
0.951617
0.97434
0.723257
0.592688
0.358596
0.746046
0.413198
0.830426
0.680631
0.837997
0.254707
0.226691
0.985239
0.932561
0.719266
0.320151
0.8598
0.66712
0.780057
0.56313
0.684121
0.757227
0.474463
0.796283
0.496674
0.691875
0.582936
0.695579
0.716722
0.673316
0.756998
0.739063
0.879509
0.836823
0.703924
0.758536
0.634886
0.714225
0.485136
0.263659
0.592612
0.450956
0.513396
0.513396
0.496598
0.536444
0.856646
0.995154
0.635113
0.887081
0.6989
0.998035
0.874736
0.43759
0.43759
0.997125
0.997125
0.750329
0.880614
0.465071
0.856709
0.616611
0.348601
0.99006
0.638157
0.861146
0.994723
0.31593
0.839029
0.710317
0.608983
0.580894
0.669561
0.669561
0.750298
0.953467
0.745851
0.338448
0.943588
0.813714
0.867895
0.461094
0.736885
0.447296
0.369804
0.956511
0.323606
0.217993
0.948582
0.522801
0.422947
0.543387
0.278557
0.252504
0.893826
0.575011
0.236518
0.732774
0.492278
0.546827
0.80175
0.395155
0.88741
0.640902
0.640902
0.32827
0.927351
0.5691
0.5691
0.564298
0.629625
0.64281
0.790471
0.703169
0.607656
0.908013
0.908013
0.651555
0.928083
0.3019
0.365845
0.365845
0.666534
0.312362
0.575946
0.379689
0.279066
0.642587
0.732134
0.727113
0.735757
0.24487
0.996195
0.99258
0.513143
0.489975
0.223762
0.814669
0.661512
0.628056
0.47178
0.318234
0.94724
0.593058
0.93679
0.763395
0.912337
0.385059
0.570999
0.666382
0.794111
0.977678
0.534922
0.840729
0.813119
0.233955
0.373151
0.929663
0.576927
0.922309
0.448763
0.744423
0.726474
0.41638
0.798299
0.425844
0.227296
0.629474
0.629474
0.223018
0.233389
0.909509
0.530161
0.745032
0.732165
0.411028
0.586329
0.586329
0.766159
0.618389
0.747385
0.294144
0.251666
0.271765
0.24598
0.742165
0.791427
0.672244
0.233409
0.419636
0.282678
0.442091
0.442091
0.810284
0.63349
0.450823
0.661839
0.792271
0.871509
0.227099
0.970837
0.908463
0.908463
0.225611
0.840724
0.542731
0.64728
0.623136
0.327077
0.842568
0.275702
0.275702
0.418744
0.556751
0.728268
0.394929
0.829677
0.245426
0.583941
0.435956
0.349113
0.473804
0.44648
0.485192
0.964215
0.733075
0.961951
0.737979
0.937281
0.646599
0.435309
0.242411
0.276651
0.921994
0.682154
0.392594
0.785635
0.555007
0.35176
0.31639
0.31639
0.87608
0.214286
0.955979
0.874889
0.386261
0.377556
0.497625
0.687171
0.259762
0.444594
0.735481
0.926246
0.750773
0.826837
0.534262
0.278377
0.852029
0.832819
0.87418
0.31476
0.835455
0.627607
0.339521
0.771099
0.876193
0.266359
0.584397
0.543218
0.227591
0.490731
0.832543
0.289503
0.390787
0.90759
0.794365
0.884066
0.715456
0.572082
0.730892
0.288455
0.288455
0.559788
0.775233
0.642836
0.643044
0.643044
0.449132
0.95399
0.334493
0.33323
0.719103
0.585408
0.887727
0.550778
0.550778
0.641853
0.296801
0.677266
0.209107
0.777358
0.217747
0.56033
0.358838
0.358838
0.578733
0.337104
0.984181
0.927761
0.366335
0.930939
0.915358
0.830096
0.504782
0.849933
0.274559
0.496089
0.337701
0.248158
0.294474
0.229621
0.67791
0.787372
0.722369
0.722369
0.77843
0.740661
0.99342
0.614917
0.857158
0.981233
0.231216
0.795214
0.795214
0.826477
0.28345
0.605494
0.469008
0.719249
0.846569
0.753736
0.744473
0.659211
0.355055
0.941364
0.812828
0.281588
0.810189
0.775381
0.225291
0.706449
0.239978
0.437353
0.437353
0.855622
0.433854
0.286304
0.685427
0.997884
0.207172
0.719015
0.326085
0.873446
0.623589
0.229709
0.356313
0.356313
0.794272
0.797551
0.894861
0.894861
0.686269
0.371952
0.422987
0.734104
0.864516
0.202726
0.415731
0.886005
0.564279
0.245254
0.326755
0.888429
0.726804
0.367309
0.908796
0.550052
0.694117
0.384511
0.87809
0.656416
0.760016
0.937817
0.554642
0.606695
0.606695
0.33169
0.987529
0.483834
0.784704
0.666453
0.836429
0.500519
0.807469
0.306569
0.376406
0.399305
0.701169
0.701169
0.271534
0.271534
0.97603
0.20821
0.480598
0.585673
0.884299
0.670076
0.874418
0.874418
0.36303
0.888551
0.863775
0.491793
0.483009
0.829982
0.329934
0.425627
0.771692
0.602819
0.928269
0.651263
0.988897
0.807606
0.549466
0.736498
0.902329
0.64284
0.500177
0.889356
0.778116
0.650455
0.419521
0.419521
0.786877
0.843784
0.595201
0.397487
0.493821
0.224517
0.239708
0.482593
0.482593
0.482593
0.651041
0.867369
0.675494
0.622321
0.563106
0.563106
0.28243
0.470247
0.407085
0.731913
0.777316
0.544992
0.544992
0.264418
0.749958
0.397746
0.704676
0.817411
0.999142
0.539005
0.766196
0.609259
0.962175
0.461132
0.783899
0.783899
0.818951
0.958753
0.420522
0.266043
0.426966
0.730117
0.823915
0.823915
0.877508
0.385341
0.564567
0.819984
0.45675
0.867855
0.26524
0.673669
0.812496
0.210024
0.834182
0.985229
0.985229
0.905067
0.419507
0.453562
0.323676
0.323676
0.60758
0.696545
0.29668
0.476612
0.360777
0.234552
0.843707
0.873124
0.537679
0.537679
0.906128
0.487322
0.494534
0.906331
0.906331
0.487043
0.509336
0.41962
0.347003
0.501772
0.436697
0.720984
0.720984
0.923332
0.323281
0.224113
0.695859
0.999028
0.675403
0.920414
0.631733
0.82626
0.41894
0.556725
0.205841
0.205841
0.996856
0.999814
0.490942
0.225893
0.850469
0.669288
0.738055
0.552696
0.231979
0.231979
0.866682
0.421817
0.236618
0.23668
0.325886
0.663521
0.657735
0.247862
0.516415
0.55839
0.200235
0.847391
0.711805
0.415329
0.703669
0.359767
0.416726
0.416726
0.831553
0.802776
0.455128
0.770036
0.541496
0.916415
0.874788
0.292815
0.709361
0.519521
0.655191
0.655191
0.409449
0.787911
0.991627
0.892586
0.362172
0.845384
0.202071
0.407517
0.347299
0.622616
0.759429
0.308021
0.457152
0.23763
0.389514
0.263216
0.51106
0.4566
0.573578
0.758474
0.419233
0.751087
0.231693
0.329064
0.898962
0.255557
0.203088
0.403568
0.654146
0.613846
0.587114
0.84
0.813576
0.415504
0.283625
0.939664
0.48333
0.511535
0.203628
0.8369
0.647273
0.514607
0.212028
0.561173
0.406484
0.770179
0.270489
0.762883
0.412018
0.412018
0.777955
0.461588
0.404881
0.250279
0.691172
0.424828
0.217786
0.42271
0.825349
0.814109
0.814109
0.628852
0.877876
0.712573
0.69089
0.870415
0.881358
0.383603
0.388992
0.912256
0.999077
0.838183
0.238918
0.343011
0.868997
0.615641
0.504888
0.909961
0.648677
0.662553
0.383605
0.249049
0.361492
0.416198
0.866222
0.711222
0.706599
0.787194
0.610273
0.736971
0.842283
0.638009
0.206118
0.792771
0.792771
0.566971
0.879453
0.78531
0.684545
0.684545
0.673345
0.673345
0.85705
0.865263
0.288086
0.379198
0.431972
0.637123
0.611871
0.611871
0.914898
0.451514
0.495859
0.77663
0.42528
0.999484
0.329304
0.76226
0.517823
0.517823
0.888482
0.344372
0.309467
0.649077
0.649077
0.706791
0.843489
0.979463
0.293999
0.82896
0.896431
0.523162
0.295778
0.492809
0.776545
0.749501
0.361488
0.858179
0.797709
0.393874
0.922665
0.922665
0.205619
0.7975
0.409603
0.409603
0.391605
0.483234
0.317883
0.350304
0.997562
0.2953
0.486154
0.511831
0.777471
0.732082
0.203973
0.229841
0.666871
0.732597
0.866692
0.810145
0.833325
0.815267
0.443266
0.856839
0.936855
0.936855
0.241725
0.265106
0.594581
0.754775
0.998478
0.772348
0.816182
0.611346
0.263586
0.803166
0.82697
0.645222
0.298135
0.692225
0.862838
0.862838
0.910075
0.201293
0.251418
0.280039
0.656442
0.854461
0.65221
0.783332
0.997892
0.748845
0.86476
0.242017
0.242017
0.423823
0.680285
0.703562
0.205562
0.808022
0.661135
0.680651
0.73786
0.357029
0.816547
0.348643
0.347107
0.519124
0.777679
0.215878
0.958326
0.53173
0.89125
0.448079
0.559544
0.921719
0.921719
0.95181
0.452278
0.241341
0.241341
0.999757
0.437869
0.68853
0.499399
0.729956
0.432523
0.298977
0.333896
0.626364
0.521535
0.501815
0.373553
0.525803
0.279638
0.503504
0.430207
0.617455
0.302696
0.587347
0.746871
0.752935
0.800181
0.338371
0.324024
0.487479
0.704235
0.693161
0.828365
0.530529
0.750338
0.290327
0.558289
0.661471
0.661471
0.688884
0.898402
0.761692
0.317165
0.745757
0.745574
0.723758
0.217406
0.752977
0.485842
0.991369
0.320999
0.489096
0.263009
0.203666
0.999456
0.244134
0.214744
0.214744
0.573115
0.237364
0.260494
0.266274
0.71479
0.999806
0.999806
0.895882
0.257649
0.715166
0.868974
0.992427
0.679694
0.235937
0.995939
0.847596
0.846263
0.836613
0.836613
0.346369
0.853403
0.202202
0.256156
0.820862
0.820862
0.67362
0.786444
0.711484
0.85712
0.260316
0.800348
0.807353
0.676467
0.664295
0.644654
0.9965
0.38017
0.464841
0.58669
0.58669
0.782769
0.233156
0.666653
0.317964
0.98662
0.544003
0.258601
0.859241
0.807412
0.421361
0.368893
0.332471
0.323087
0.301693
0.821456
0.571651
0.876226
0.444115
0.327307
0.639985
0.974191
0.979967
0.542333
0.799322
0.811176
0.678944
0.457992
0.838979
0.208111
0.845997
0.623869
0.859778
0.248225
0.326007
0.824906
0.503058
0.330493
0.752226
0.592292
0.472921
0.824827
0.363155
0.456216
0.526602
0.256897
0.700717
0.785783
0.57494
0.57494
0.337839
0.569421
0.49215
0.432178
0.946219
0.27986
0.490124
0.490124
0.993402
0.76175
0.47929
0.891919
0.609529
0.823831
0.74665
0.643931
0.643931
0.382485
0.24528
0.769254
0.252928
0.791414
0.791414
0.847547
0.630719
0.287766
0.917348
0.358548
0.829458
0.627829
0.337367
0.262401
0.473245
0.3012
0.573891
0.956198
0.318768
0.716649
0.202636
0.855837
0.408583
0.317899
0.317899
0.335806
0.231575
0.485496
0.287968
0.927868
0.438025
0.39421
0.998452
0.858532
0.312592
0.99915
0.877971
0.724307
0.847809
0.599324
0.64845
0.326314
0.762077
0.599214
0.986414
0.362187
0.571537
0.481162
0.546404
0.79521
0.726635
0.726635
0.53428
0.786379
0.302654
0.955683
0.205913
0.201994
0.885214
0.582322
0.582322
0.582322
0.998041
0.245271
0.487577
0.7825
0.410698
0.483897
0.844818
0.840245
0.840245
0.356513
0.844058
0.510378
0.283136
0.841674
0.943053
0.322673
0.485733
0.240011
0.992869
0.217658
0.894711
0.82658
0.210423
0.799321
0.799321
0.632835
0.624501
0.61279
0.359828
0.747363
0.467796
0.380605
0.385476
0.653037
0.653037
0.884719
0.884719
0.596216
0.209978
0.566873
0.23173
0.499042
0.419202
0.6827
0.942154
0.985301
0.552047
0.552047
0.519102
0.519102
0.303562
0.670417
0.659286
0.659286
0.574623
0.574623
0.2574
0.303137
0.729665
0.226643
0.462134
0.86188
0.402701
0.829941
0.829941
0.950407
0.31238
0.332235
0.834389
0.941418
0.962983
0.994341
0.623649
0.856088
0.953663
0.709193
0.75883
0.231666
0.287723
0.232292
0.426206
0.426206
0.992771
0.529077
0.632745
0.669044
0.983903
0.983903
0.587516
0.993786
0.887743
0.990583
0.913565
0.913402
0.762959
0.882151
0.882151
0.369664
0.369664
0.865337
0.815318
0.482603
0.482603
0.603251
0.230094
0.538588
0.299407
0.498802
0.218889
0.324062
0.69806
0.679229
0.70346
0.379004
0.379004
0.379004
0.271039
0.759103
0.875302
0.544907
0.617141
0.221305
0.30792
0.713039
0.592183
0.994663
0.858438
0.438184
0.301496
0.889225
0.930796
0.726459
0.844059
0.214241
0.75757
0.362738
0.358987
0.316463
0.632359
0.54207
0.596941
0.713306
0.910022
0.652127
0.797635
0.298119
0.24923
0.558932
0.678992
0.729573
0.711292
0.824693
0.555471
0.555471
0.898414
0.882599
0.877667
0.550816
0.394217
0.742151
0.292941
0.475043
0.535875
0.933377
0.454456
0.910102
0.309935
0.544289
0.46206
0.566052
0.800836
0.777318
0.681175
0.687159
0.994043
0.665786
0.432589
0.238107
0.888091
0.816123
0.357346
0.490968
0.644471
0.376738
0.235939
0.244108
0.384895
0.747604
0.431977
0.465826
0.263629
0.263629
0.224857
0.224857
0.707976
0.333262
0.485302
0.786666
0.256501
0.256501
0.332754
0.332754
0.381995
0.773404
0.548187
0.683759
0.387595
0.985954
0.678
0.833258
0.794906
0.604347
0.59221
0.374287
0.872097
0.644909
0.24455
0.854888
0.352848
0.750912
0.830086
0.340077
0.238408
0.413219
0.276152
0.520985
0.3803
0.388824
0.388824
0.918285
0.496848
0.313888
0.313888
0.919536
0.930137
0.293595
0.830427
0.710128
0.710128
0.92608
0.997585
0.989326
0.339424
0.302011
0.289689
0.997964
0.519308
0.740519
0.60738
0.403252
0.836879
0.919798
0.638405
0.346302
0.749045
0.407188
0.674421
0.536424
0.536424
0.68141
0.790292
0.242833
0.836369
0.800456
0.737735
0.22967
0.644049
0.644049
0.368314
0.200544
0.24564
0.980444
0.671145
0.328798
0.524848
0.201423
0.426615
0.811238
0.973591
0.988093
0.56366
0.28516
0.28516
0.228986
0.521881
0.888941
0.420142
0.58888
0.82078
0.921406
0.457954
0.326939
0.466402
0.812388
0.574828
0.282484
0.559242
0.330541
0.677797
0.2397
0.220688
0.218041
0.694307
0.776462
0.574149
0.574149
0.94483
0.285054
0.255105
0.229685
0.229685
0.262571
0.269942
0.79332
0.529666
0.529666
0.789558
0.999802
0.421983
0.661305
0.494726
0.327214
0.734837
0.523745
0.5698
0.33358
0.33358
0.663101
0.403185
0.619622
0.263723
0.272523
0.801464
0.883456
0.792058
0.71839
0.71839
0.820177
0.466623
0.82742
0.381528
0.275798
0.802402
0.918157
0.705478
0.462558
0.462558
0.227433
0.245095
0.228252
0.919301
0.919301
0.773038
0.261268
0.864432
0.460359
0.886447
0.856768
0.753519
0.235998
0.235998
0.661023
0.516368
0.264082
0.325023
0.809676
0.450165
0.284234
0.284234
0.300422
0.513583
0.22037
0.709179
0.351002
0.513507
0.981498
0.385645
0.229047
0.582871
0.528017
0.411715
0.960752
0.889478
0.302096
0.996907
0.559187
0.909299
0.226208
0.525721
0.301643
0.701232
0.469051
0.242844
0.23594
0.482228
0.990221
0.665774
0.495464
0.710363
0.771426
0.296976
0.489818
0.812553
0.247495
0.543656
0.886325
0.771375
0.254931
0.254931
0.46234
0.659404
0.742039
0.45875
0.646609
0.972049
0.292924
0.213639
0.702153
0.702153
0.437676
0.390107
0.801622
0.48234
0.760202
0.95662
0.939794
0.68115
0.206385
0.360205
0.789275
0.752317
0.723269
0.230172
0.781726
0.746117
0.743263
0.865834
0.696698
0.713085
0.326046
0.719076
0.989438
0.206156
0.483967
0.38432
0.591056
0.969196
0.753338
0.766692
0.481047
0.996418
0.996418
0.74773
0.7045
0.881268
0.881268
0.788286
0.23033
0.290135
0.814876
0.634227
0.442299
0.676035
0.548307
0.39369
0.307009
0.715607
0.494964
0.494964
0.844028
0.857066
0.507254
0.879037
0.759993
0.859256
0.221965
0.221965
0.256742
0.373068
0.808114
0.270239
0.270239
0.473053
0.602232
0.205608
0.246361
0.281444
0.638294
0.838285
0.231187
0.231187
0.306506
0.484128
0.334209
0.548112
0.813275
0.479775
0.297413
0.381049
0.44522
0.285439
0.285439
0.820577
0.573745
0.628567
0.446195
0.873498
0.992956
0.795972
0.270574
0.393201
0.51794
0.431187
0.669732
0.390706
0.525326
0.859435
0.74798
0.214457
0.31059
0.434722
0.841767
0.871924
0.507698
0.320654
0.850777
0.311106
0.540702
0.613476
0.70725
0.398627
0.563746
0.33006
0.867705
0.853951
0.828388
0.822115
0.883382
0.805567
0.990947
0.798591
0.214638
0.310087
0.76616
0.742898
0.298964
0.777554
0.777554
0.809065
0.861448
0.260296
0.274593
0.635193
0.228452
0.514251
0.241842
0.517275
0.776862
0.637908
0.211265
0.410835
0.826028
0.826028
0.234063
0.33354
0.792704
0.859108
0.79239
0.246377
0.490364
0.736
0.739964
0.222784
0.889837
0.821116
0.735847
0.339849
0.988115
0.987894
0.400389
0.651685
0.373612
0.604215
0.676709
0.676709
0.327338
0.439777
0.755524
0.412241
0.304638
0.304638
0.25531
0.987962
0.381228
0.379538
0.385794
0.747725
0.435266
0.222533
0.223362
0.306715
0.782171
0.411483
0.301297
0.651298
0.250813
0.996196
0.257161
0.312408
0.859678
0.99851
0.776258
0.912546
0.552734
0.871088
0.413494
0.435973
0.341955
0.340234
0.672811
0.751266
0.289346
0.387666
0.590738
0.394826
0.265615
0.629998
0.705176
0.705176
0.474893
0.235651
0.876651
0.28014
0.450197
0.834816
0.316046
0.262775
0.655994
0.67769
0.330498
0.892905
0.384232
0.514159
0.786348
0.748717
0.754746
0.830913
0.862699
0.242431
0.242431
0.200443
0.200443
0.281944
0.21252
0.639324
0.828477
0.573522
0.860715
0.226174
0.706386
0.357503
0.220256
0.787552
0.351562
0.42957
0.650625
0.992661
0.239986
0.355121
0.702609
0.699118
0.412836
0.332258
0.831704
0.970511
0.477417
0.477417
0.765588
0.765673
0.965149
0.770075
0.395164
0.689145
0.386023
0.591144
0.417089
0.700136
0.922627
0.780143
0.419317
0.31482
0.879227
0.274026
0.773684
0.288515
0.456817
0.201283
0.83398
0.953424
0.56266
0.537324
0.327793
0.552062
0.999518
0.310481
0.521931
0.218017
0.558519
0.310438
0.310438
0.997576
0.874739
0.874739
0.804959
0.642476
0.879818
0.638153
0.475741
0.399596
0.906976
0.772283
0.353521
0.994586
0.50226
0.885566
0.284023
0.284023
0.409777
0.741428
0.415376
0.319516
0.916196
0.423536
0.300999
0.201517
0.419359
0.501319
0.248921
0.750586
0.874246
0.710506
0.987672
0.493519
0.348019
0.785479
0.426191
0.298429
0.317097
0.486817
0.207151
0.666811
0.481665
0.481665
0.904662
0.984267
0.944018
0.853576
0.511922
0.35059
0.588631
0.92921
0.54934
0.714554
0.873975
0.310797
0.639625
0.801692
0.705094
0.999985
0.344973
0.725975
0.63467
0.498233
0.969414
0.427878
0.254647
0.492889
0.222425
0.222425
0.222425
0.706391
0.616534
0.615205
0.59173
0.759148
0.948344
0.948344
0.798302
0.322081
0.857384
0.203533
0.218208
0.545346
0.842924
0.421792
0.844341
0.370818
0.294873
0.519052
0.217066
0.393438
0.40539
0.774902
0.849404
0.265796
0.216633
0.789708
0.323658
0.264948
0.491849
0.795436
0.795436
0.593633
0.350182
0.436529
0.663392
0.36486
0.240776
0.664795
0.510336
0.986219
0.302898
0.302898
0.617779
0.371166
0.482328
0.737349
0.234389
0.714611
0.329745
0.814782
0.448534
0.641135
0.242939
0.728089
0.649653
0.201308
0.760017
0.760017
0.735254
0.735254
0.966453
0.713168
0.676512
0.622148
0.311464
0.674239
0.838748
0.378308
0.335112
0.304029
0.302169
0.286513
0.978757
0.49742
0.292945
0.921565
0.388163
0.810665
0.808162
0.743608
0.743608
0.622346
0.209797
0.357588
0.71646
0.372073
0.269447
0.545967
0.244502
0.53827
0.996775
0.476236
0.659847
0.732402
0.378207
0.689485
0.442431
0.411532
0.53
0.785074
0.345919
0.771409
0.336568
0.336568
0.991361
0.854247
0.293348
0.998646
0.255399
0.750915
0.498119
0.610033
0.778879
0.650696
0.472043
0.531056
0.647325
0.994105
0.786792
0.462128
0.923064
0.668965
0.434892
0.205736
0.729807
0.642111
0.720987
0.536537
0.7835
0.210382
0.287892
0.264293
0.709827
0.357832
0.425214
0.758084
0.568327
0.783925
0.833978
0.662747
0.772637
0.772637
0.749179
0.481336
0.693484
0.373552
0.239034
0.875201
0.257311
0.777267
0.777267
0.998925
0.420804
0.995543
0.5283
0.999179
0.27884
0.508789
0.384337
0.902128
0.239235
0.839846
0.584503
0.91836
0.91836
0.534855
0.201242
0.854844
0.538985
0.260443
0.874504
0.874504
0.34304
0.415252
0.806895
0.576328
0.514047
0.898178
0.716704
0.204368
0.826822
0.753594
0.753594
0.231103
0.612186
0.424379
0.860264
0.206156
0.447811
0.272784
0.76483
0.522191
0.784449
0.360577
0.31804
0.264016
0.754884
0.798691
0.269087
0.285714
0.925752
0.387769
0.928406
0.720789
0.235728
0.235728
0.530894
0.789168
0.88062
0.761646
0.803257
0.689666
0.526217
0.587588
0.783339
0.792074
0.86148
0.219665
0.922384
0.727988
0.430786
0.259556
0.783353
0.328266
0.230843
0.891625
0.824309
0.536271
0.906026
0.907305
0.220826
0.643744
0.309232
0.309232
0.817046
0.308424
0.947497
0.225074
0.901307
0.258766
0.937636
0.941196
0.230729
0.247435
0.94908
0.487117
0.461003
0.783704
0.381868
0.381868
0.752954
0.752954
0.948824
0.299867
0.927604
0.234802
0.496566
0.496566
0.87443
0.903115
0.778999
0.241119
0.453266
0.421269
0.538424
0.52236
0.204547
0.925574
0.59963
0.866611
0.932905
0.493077
0.815217
0.211691
0.79365
0.754264
0.699209
0.253489
0.338016
0.73083
0.704215
0.52399
0.336207
0.911675
0.99897
0.824877
0.824877
0.432728
0.253679
0.871228
0.865431
0.912765
0.802184
0.801478
0.790365
0.32964
0.854291
0.254026
0.292976
0.242382
0.997474
0.698988
0.83391
0.83391
0.744876
0.222032
0.282432
0.282432
0.662172
0.451786
0.73985
0.73918
0.419405
0.419405
0.536809
0.232731
0.400503
0.670136
0.492759
0.753814
0.224407
0.994998
0.514386
0.303856
0.79715
0.906083
0.43236
0.268752
0.916373
0.889245
0.421063
0.428594
0.742785
0.408004
0.856623
0.990919
0.761909
0.875427
0.414353
0.39774
0.764167
0.523105
0.523105
0.851233
0.358584
0.358584
0.244781
0.852416
0.218252
0.273364
0.277924
0.595288
0.67872
0.202354
0.797239
0.51564
0.879767
0.632808
0.823754
0.428307
0.610277
0.777885
0.777885
0.571803
0.604144
0.88092
0.919724
0.270091
0.543371
0.288346
0.875199
0.733939
0.548505
0.844703
0.710975
0.571565
0.274026
0.971518
0.344323
0.827815
0.867575
0.563578
0.738049
0.832978
0.832978
0.292334
0.677303
0.229992
0.219592
0.501317
0.675853
0.486658
0.743263
0.200376
0.6575
0.704317
0.706219
0.5
0.21649
0.277795
0.244923
0.679337
0.563303
0.994829
0.666509
0.712192
0.56466
0.31601
0.215429
0.869701
0.743474
0.229452
0.700565
0.279344
0.799556
0.382006
0.876828
0.216205
0.762249
0.247799
0.832877
0.944412
0.212172
0.581513
0.53287
0.385553
0.378615
0.485466
0.455119
0.455119
0.455119
0.991122
0.868634
0.659232
0.591891
0.341585
0.814461
0.814461
0.235355
0.69326
0.953947
0.922086
0.21536
0.711415
0.987575
0.793581
0.617527
0.644686
0.750171
0.479376
0.306318
0.456002
0.955382
0.22091
0.779794
0.4324
0.71497
0.218704
0.853649
0.888591
0.60542
0.27458
0.470232
0.226998
0.937292
0.866012
0.407782
0.407782
0.971694
0.81481
0.993539
0.993539
0.287787
0.768965
0.853803
0.853803
0.262845
0.999447
0.254044
0.802772
0.762469
0.620907
0.602217
0.64107
0.466709
0.821613
0.739381
0.666177
0.75527
0.861937
0.617685
0.992329
0.628496
0.842758
0.981359
0.990653
0.31655
0.83405
0.83405
0.456929
0.822899
0.372988
0.315264
0.315264
0.204034
0.213251
0.845926
0.996963
0.713833
0.201274
0.201274
0.833074
0.243888
0.40575
0.99471
0.492983
0.232512
0.283119
0.355079
0.266688
0.335902
0.711423
0.380893
0.233577
0.881021
0.767404
0.85244
0.878379
0.495297
0.221801
0.864513
0.485032
0.285674
0.47864
0.855812
0.632734
0.747012
0.747012
0.334774
0.226802
0.725214
0.538244
0.285696
0.632138
0.33773
0.215225
0.261526
0.677071
0.289645
0.344311
0.867554
0.387853
0.830038
0.465483
0.430575
0.254863
0.735176
0.840941
0.831912
0.759558
0.533867
0.994328
0.827991
0.856131
0.259625
0.800004
0.263457
0.740024
0.218997
0.630116
0.920137
0.836663
0.786517
0.816188
0.613254
0.3996
0.775585
0.636433
0.834696
0.748516
0.748516
0.84787
0.293366
0.834805
0.877367
0.863859
0.844893
0.596056
0.834973
0.432714
0.421046
0.870018
0.797135
0.98689
0.278572
0.55649
0.428105
0.926978
0.214837
0.919795
0.981146
0.295425
0.295425
0.738427
0.833505
0.535772
0.71453
0.71453
0.431856
0.225596
0.509132
0.509319
0.490027
0.987403
0.584305
0.999636
0.426817
0.408346
0.865945
0.373319
0.851572
0.288897
0.856942
0.856942
0.996857
0.64362
0.886586
0.908948
0.794824
0.742319
0.350567
0.423068
0.883955
0.971161
0.962895
0.478236
0.223527
0.397505
0.269329
0.27799
0.524592
0.923008
0.774158
0.505534
0.247125
0.301807
0.357748
0.783701
0.224344
0.963311
0.457855
0.400957
0.836492
0.997379
0.275037
0.398138
0.889073
0.723433
0.749789
0.238558
0.464813
0.811069
0.700968
0.639051
0.765998
0.459375
0.399651
0.599791
0.622598
0.721179
0.527698
0.732359
0.377216
0.900195
0.216482
0.500848
0.853191
0.75368
0.400557
0.400557
0.682626
0.279759
0.55254
0.257285
0.740394
0.429205
0.733081
0.842648
0.904439
0.422118
0.339741
0.728022
0.440443
0.34752
0.34752
0.387765
0.518967
0.445752
0.456965
0.70852
0.801625
0.608937
0.422451
0.355386
0.992539
0.447101
0.471187
0.212457
0.890158
0.890158
0.401351
0.434461
0.879665
0.615119
0.998886
0.841249
0.761963
0.224894
0.253925
0.482033
0.682826
0.714444
0.650327
0.961043
0.883901
0.661094
0.882905
0.323612
0.822762
0.566095
0.229444
0.261085
0.513183
0.513183
0.278814
0.757676
0.254021
0.384407
0.846744
0.394437
0.855348
0.480649
0.231393
0.851642
0.579467
0.467787
0.533782
0.620799
0.914042
0.569086
0.310149
0.819941
0.777027
0.717479
0.642359
0.400079
0.564831
0.298191
0.364976
0.603475
0.49113
0.760645
0.248235
0.830164
0.757161
0.5362
0.335342
0.405351
0.714107
0.559412
0.517614
0.909755
0.378526
0.649481
0.917077
0.528443
0.350334
0.379583
0.347899
0.628362
0.622864
0.982496
0.971223
0.469924
0.820435
0.510011
0.831202
0.790903
0.730339
0.632383
0.408347
0.693293
0.562705
0.832645
0.398213
0.303805
0.247402
0.698098
0.405375
0.870517
0.803815
0.259316
0.283093
0.474535
0.874809
0.270362
0.858435
0.253239
0.868709
0.208397
0.840723
0.706201
0.866454
0.255807
0.253935
0.253935
0.579091
0.33322
0.33322
0.588423
0.218561
0.569319
0.995259
0.722302
0.722302
0.240798
0.251323
0.560642
0.344489
0.618263
0.625309
0.323283
0.682983
0.817457
0.832908
0.622198
0.230392
0.824862
0.689808
0.670658
0.531351
0.766597
0.473507
0.639836
0.433557
0.647291
0.353866
0.666894
0.573254
0.589528
0.994994
0.204008
0.77892
0.763866
0.835825
0.692422
0.692422
0.859124
0.318605
0.986287
0.382253
0.858851
0.72553
0.72553
0.528553
0.388214
0.896605
0.241484
0.596931
0.285183
0.641307
0.808547
0.765932
0.780469
0.929535
0.526556
0.513744
0.513744
0.412421
0.665186
0.60133
0.434349
0.542204
0.678753
0.219032
0.779569
0.635317
0.86558
0.781598
0.53588
0.649256
0.230755
0.878696
0.596923
0.454333
0.406688
0.297171
0.314984
0.758317
0.783336
0.783336
0.258329
0.998916
0.385293
0.752557
0.527829
0.337045
0.733324
0.733324
0.754112
0.934869
0.76527
0.496438
0.938572
0.874689
0.76592
0.620038
0.72917
0.72917
0.664983
0.544381
0.307451
0.879633
0.818457
0.818457
0.851598
0.20663
0.33691
0.665151
0.438441
0.872108
0.654387
0.419604
0.944815
0.564347
0.343024
0.809485
0.21062
0.754119
0.659622
0.659622
0.846094
0.739635
0.311256
0.961408
0.245285
0.617525
0.505034
0.778788
0.82172
0.343616
0.343616
0.544811
0.239711
0.7341
0.66448
0.419385
0.222167
0.423718
0.696552
0.941129
0.789277
0.202097
0.512511
0.86322
0.500186
0.58748
0.453977
0.392324
0.376109
0.823791
0.47738
0.61617
0.763931
0.600466
0.943494
0.916571
0.845614
0.86386
0.325633
0.944633
0.859215
0.492038
0.844274
0.621318
0.226581
0.581539
0.873217
0.339309
0.408808
0.518557
0.518557
0.787595
0.217978
0.217978
0.441372
0.563778
0.563778
0.408674
0.408674
0.673812
0.83555
0.851727
0.998454
0.998454
0.811236
0.659408
0.789913
0.374642
0.867364
0.553089
0.32037
0.208266
0.292868
0.864847
0.772771
0.25987
0.528321
0.855532
0.709561
0.745469
0.392562
0.87702
0.932797
0.490349
0.455712
0.923901
0.560144
0.856862
0.499318
0.87972
0.452438
0.820052
0.990435
0.634132
0.995689
0.734707
0.99748
0.344307
0.207393
0.64908
0.908916
0.908916
0.718967
0.718967
0.274376
0.81034
0.609894
0.419377
0.480959
0.244428
0.45603
0.808177
0.664727
0.554189
0.447336
0.488306
0.232836
0.452132
0.321414
0.599933
0.52716
0.242991
0.513778
0.248313
0.748983
0.317117
0.692979
0.93141
0.623212
0.487843
0.394881
0.72451
0.677322
0.727288
0.852678
0.366872
0.818203
0.508701
0.214891
0.874802
0.599253
0.735239
0.28634
0.712279
0.854011
0.779109
0.800648
0.723952
0.204253
0.508242
0.874741
0.763617
0.886008
0.793207
0.753093
0.243784
0.602303
0.284488
0.528076
0.32823
0.479323
0.399829
0.289296
0.931215
0.849474
0.411642
0.979695
0.701714
0.525358
0.61178
0.5431
0.278163
0.989474
0.456812
0.289843
0.851685
0.520518
0.46662
0.46662
0.480995
0.260943
0.602444
0.266057
0.537546
0.248244
0.298792
0.745902
0.984826
0.630295
0.999855
0.218841
0.784373
0.981699
0.26188
0.932821
0.905926
0.318682
0.668376
0.30969
0.781923
0.438704
0.9878
0.773129
0.651587
0.376063
0.49352
0.333273
0.86041
0.526309
0.458854
0.633104
0.580615
0.669413
0.961814
0.521414
0.45226
0.45226
0.305845
0.275124
0.272856
0.366263
0.366263
0.560676
0.754559
0.754559
0.999842
0.90626
0.785691
0.785691
0.755652
0.555261
0.304455
0.896667
0.957246
0.712927
0.895057
0.22115
0.234696
0.575489
0.638492
0.415779
0.827764
0.646575
0.504447
0.504447
0.854614
0.320277
0.240204
0.267681
0.329428
0.735603
0.924068
0.825019
0.223482
0.804798
0.332981
0.962817
0.962817
0.996027
0.990671
0.990671
0.798175
0.798175
0.414416
0.646911
0.582012
0.879102
0.886189
0.64635
0.802443
0.487484
0.497066
0.22739
0.430553
0.240756
0.626414
0.223259
0.259497
0.889814
0.21887
0.847478
0.306347
0.306347
0.268196
0.393401
0.51962
0.692741
0.87544
0.298534
0.494673
0.480613
0.250452
0.315728
0.327532
0.281685
0.493447
0.812673
0.397418
0.361911
0.240332
0.857171
0.602481
0.871783
0.482625
0.472019
0.472019
0.359308
0.750009
0.978106
0.294105
0.701085
0.229958
0.268328
0.660579
0.660579
0.422055
0.415067
0.720614
0.200675
0.4834
0.789563
0.62945
0.72837
0.72837
0.2975
0.701751
0.271007
0.83427
0.331129
0.542243
0.231785
0.283362
0.241473
0.235222
0.963225
0.300624
0.227718
0.681959
0.215331
0.743004
0.722788
0.411473
0.411473
0.998652
0.851016
0.472029
0.222428
0.222428
0.718017
0.578167
0.655129
0.952277
0.798914
0.411523
0.467884
0.241052
0.496588
0.315516
0.789586
0.704059
0.704059
0.661733
0.327317
0.745277
0.621219
0.621219
0.245295
0.85458
0.83347
0.788907
0.291214
0.64305
0.685601
0.52608
0.52608
0.438471
0.565197
0.667746
0.635468
0.989315
0.263206
0.997164
0.466066
0.667118
0.886451
0.233039
0.233039
0.769515
0.648722
0.927506
0.946557
0.203104
0.871999
0.479517
0.220686
0.843393
0.505781
0.41791
0.748683
0.707062
0.465538
0.270259
0.615919
0.712571
0.341063
0.657117
0.787993
0.446078
0.486609
0.391136
0.292245
0.49815
0.589558
0.84376
0.220306
0.699849
0.809444
0.837447
0.419965
0.419965
0.481614
0.670023
0.831236
0.593972
0.495125
0.335029
0.53127
0.791066
0.32173
0.361538
0.788024
0.771357
0.319617
0.987222
0.780863
0.223635
0.228916
0.342127
0.779071
0.997176
0.23325
0.675029
0.3515
0.841769
0.841769
0.866136
0.420344
0.823676
0.379692
0.246557
0.778467
0.419707
0.275604
0.798559
0.684337
0.741291
0.268517
0.845802
0.792518
0.778626
0.551979
0.758098
0.449715
0.563815
0.218255
0.474412
0.211797
0.491508
0.270747
0.907653
0.269854
0.79513
0.670894
0.904202
0.265625
0.371711
0.299577
0.50012
0.353668
0.979313
0.552465
0.878942
0.693119
0.556542
0.922529
0.230218
0.402865
0.542028
0.346247
0.362339
0.547485
0.666809
0.412218
0.412218
0.565776
0.499541
0.803084
0.340788
0.826438
0.685082
0.210627
0.556378
0.740118
0.372588
0.742539
0.315367
0.788664
0.613181
0.579405
0.455714
0.664289
0.335665
0.22136
0.277148
0.773811
0.776542
0.384976
0.60185
0.477011
0.332439
0.433697
0.656275
0.76598
0.345153
0.305763
0.749796
0.423534
0.985102
0.628209
0.664148
0.749986
0.981691
0.213957
0.291757
0.285903
0.804212
0.997507
0.997507
0.732906
0.864835
0.798449
0.619412
0.730641
0.426752
0.71398
0.993056
0.5247
0.576639
0.995806
0.387135
0.387135
0.77874
0.699519
0.224844
0.280681
0.774547
0.789017
0.407469
0.407469
0.66635
0.742224
0.572042
0.470211
0.780287
0.502154
0.717812
0.724073
0.724073
0.5741
0.5741
0.866671
0.451145
0.226086
0.75872
0.601666
0.332403
0.897304
0.593827
0.558902
0.552075
0.71935
0.85955
0.994331
0.59174
0.602391
0.994214
0.555754
0.551698
0.384274
0.254705
0.850676
0.850676
0.286015
0.618156
0.618156
0.899832
0.829772
0.794547
0.280378
0.85608
0.282346
0.255024
0.797511
0.214521
0.893631
0.280987
0.660887
0.660887
0.669255
0.242521
0.842901
0.786251
0.38032
0.656252
0.300662
0.472867
0.291637
0.277002
0.249782
0.847917
0.839083
0.865727
0.783031
0.609992
0.518147
0.638318
0.57579
0.350598
0.663569
0.886379
0.639021
0.767443
0.797702
0.835465
0.850622
0.803514
0.427884
0.490445
0.490445
0.810925
0.622905
0.757817
0.362199
0.936236
0.687823
0.687823
0.395338
0.916105
0.280775
0.413355
0.672737
0.492304
0.942785
0.332531
0.997014
0.635628
0.636297
0.639601
0.424977
0.32943
0.58177
0.854903
0.749522
0.313374
0.313374
0.454548
0.382415
0.272979
0.333741
0.901889
0.22302
0.333676
0.349188
0.267572
0.61639
0.496163
0.266088
0.35983
0.400928
0.660112
0.518658
0.315887
0.314605
0.292801
0.618236
0.857291
0.568613
0.244043
0.634259
0.359593
0.868178
0.989997
0.46719
0.598089
0.742446
0.321523
0.95544
0.395133
0.894175
0.210637
0.261012
0.483004
0.237987
0.322574
0.524294
0.524294
0.349812
0.672508
0.855271
0.526927
0.278298
0.516888
0.351792
0.999744
0.826226
0.272789
0.565664
0.321346
0.207118
0.968738
0.685919
0.498339
0.686374
0.86778
0.911557
0.580126
0.902512
0.255004
0.953555
0.272448
0.820517
0.636421
0.668316
0.668316
0.997849
0.767999
0.789683
0.404019
0.25317
0.999179
0.710108
0.290822
0.3321
0.576832
0.576832
0.79171
0.782124
0.589729
0.276199
0.234947
0.746607
0.389782
0.389782
0.7691
0.931476
0.568149
0.467218
0.320949
0.920218
0.878123
0.812899
0.966865
0.53387
0.743076
0.21784
0.21784
0.627335
0.262544
0.403035
0.463055
0.863032
0.63355
0.519509
0.693529
0.273536
0.301328
0.427997
0.2701
0.781711
0.474882
0.864241
0.331792
0.460563
0.997348
0.848817
0.21869
0.895943
0.769605
0.274135
0.656385
0.793051
0.53233
0.751885
0.76423
0.378995
0.282455
0.51864
0.365017
0.431815
0.398597
0.770611
0.478561
0.651564
0.463274
0.707943
0.892008
0.308434
0.47473
0.369936
0.837475
0.570612
0.624666
0.811758
0.578424
0.706887
0.307213
0.306077
0.881995
0.934523
0.655322
0.708721
0.291716
0.538455
0.985971
0.978268
0.667138
0.388128
0.660227
0.847431
0.689359
0.342104
0.419265
0.832321
0.229422
0.41463
0.244001
0.470448
0.957892
0.773764
0.226418
0.709792
0.368972
0.387225
0.497976
0.360899
0.252282
0.841046
0.450977
0.359955
0.836065
0.252461
0.408682
0.407165
0.436921
0.660725
0.445977
0.552577
0.674209
0.546165
0.57301
0.40946
0.60579
0.337383
0.865829
0.584486
0.248781
0.819193
0.819193
0.606143
0.515985
0.435055
0.544368
0.984468
0.998746
0.287496
0.510223
0.510223
0.893605
0.812352
0.314972
0.407846
0.546088
0.983006
0.569169
0.569169
0.869234
0.551457
0.790969
0.790969
0.412466
0.964961
0.218642
0.652087
0.279742
0.670054
0.670054
0.79995
0.589684
0.413496
0.478689
0.829642
0.46306
0.741362
0.248097
0.248097
0.456784
0.662686
0.20043
0.730237
0.730237
0.226149
0.617343
0.419003
0.670565
0.700622
0.700622
0.306525
0.718162
0.848132
0.848132
0.666287
0.215232
0.277282
0.878028
0.684636
0.562654
0.822278
0.427583
0.723228
0.330395
0.395617
0.577101
0.896781
0.522146
0.205649
0.308509
0.232601
0.364444
0.286112
0.404089
0.761249
0.832071
0.519699
0.876525
0.755781
0.855465
0.415293
0.392825
0.391013
0.360146
0.573951
0.575319
0.600806
0.672511
0.995227
0.995227
0.558076
0.72554
0.232503
0.837751
0.312331
0.980834
0.379975
0.274533
0.799987
0.955117
0.478746
0.481525
0.982779
0.499347
0.27248
0.310617
0.303735
0.64134
0.997466
0.997784
0.731092
0.755188
0.593966
0.227387
0.951948
0.371269
0.68586
0.636973
0.58081
0.274294
0.763856
0.454677
0.695498
0.210543
0.419527
0.419527
0.363221
0.605859
0.784755
0.784755
0.576735
0.473416
0.742653
0.980042
0.811445
0.811445
0.784792
0.784792
0.292181
0.60735
0.709426
0.548521
0.242697
0.874514
0.874514
0.80397
0.220739
0.751713
0.292317
0.721247
0.553026
0.836414
0.237871
0.297444
0.849769
0.273387
0.249278
0.767984
0.221875
0.21643
0.363499
0.706325
0.486359
0.36396
0.999734
0.351911
0.813571
0.591622
0.733095
0.242196
0.527214
0.912982
0.248293
0.848296
0.947939
0.250822
0.88504
0.256677
0.451819
0.871004
0.401081
0.245028
0.936456
0.486189
0.910362
0.535628
0.648112
0.744655
0.381902
0.899556
0.3363
0.218036
0.690846
0.749829
0.955109
0.741157
0.741157
0.21073
0.243373
0.467251
0.587853
0.233464
0.242331
0.835755
0.229234
0.939002
0.277101
0.599465
0.796205
0.461025
0.294078
0.770901
0.378451
0.55659
0.825625
0.237905
0.237905
0.838742
0.377855
0.683742
0.999391
0.537234
0.572993
0.255754
0.235628
0.205185
0.828578
0.799683
0.741762
0.881155
0.68399
0.509236
0.749835
0.931556
0.269667
0.891826
0.667866
0.500029
0.40385
0.771701
0.814952
0.795494
0.364002
0.42981
0.306571
0.306571
0.843699
0.420539
0.260895
0.992911
0.332631
0.510422
0.790411
0.477765
0.672416
0.329697
0.241229
0.999298
0.826985
0.406947
0.698367
0.840052
0.561535
0.385874
0.704546
0.650505
0.857883
0.80058
0.47339
0.47339
0.863723
0.817747
0.857064
0.230344
0.227847
0.810393
0.442993
0.371634
0.809218
0.268737
0.5841
0.673049
0.707064
0.848977
0.23549
0.99451
0.238775
0.236584
0.682905
0.877267
0.660307
0.520854
0.7447
0.787888
0.246813
0.378244
0.23689
0.23689
0.936485
0.469617
0.855989
0.497369
0.810499
0.240955
0.778406
0.631874
0.289132
0.775344
0.540702
0.838011
0.566406
0.822404
0.706325
0.540642
0.999612
0.355135
0.355135
0.870322
0.614478
0.894692
0.816326
0.90378
0.434436
0.221369
0.398283
0.683379
0.998859
0.51122
0.445398
0.793215
0.450585
0.56132
0.761263
0.856195
0.705597
0.37014
0.470919
0.895109
0.861772
0.459458
0.935765
0.507491
0.764352
0.374519
0.374519
0.293675
0.411401
0.499864
0.262442
0.685256
0.49627
0.475283
0.289997
0.220585
0.63608
0.688493
0.61776
0.850673
0.266472
0.243377
0.855038
0.454612
0.452123
0.52829
0.714731
0.554634
0.316163
0.24423
0.24423
0.792462
0.666172
0.993389
0.248854
0.248854
0.25652
0.798022
0.570164
0.453085
0.866928
0.326427
0.628083
0.469113
0.587244
0.405668
0.651632
0.651632
0.828131
0.815851
0.852021
0.604049
0.72714
0.571314
0.996471
0.802449
0.297621
0.245163
0.493601
0.224541
0.224541
0.787706
0.729478
0.253083
0.480513
0.871143
0.741799
0.262598
0.741576
0.475105
0.928199
0.298625
0.630747
0.386653
0.899569
0.227728
0.372046
0.407257
0.670513
0.244209
0.392121
0.346015
0.702413
0.690524
0.618266
0.252327
0.93958
0.996426
0.257213
0.267049
0.707691
0.287341
0.874892
0.251359
0.300018
0.895133
0.215791
0.642235
0.999465
0.366549
0.873458
0.686681
0.697648
0.697648
0.325698
0.325698
0.780829
0.928979
0.33198
0.687012
0.34714
0.69732
0.997313
0.233068
0.987
0.396602
0.386739
0.708163
0.416686
0.206541
0.581518
0.209322
0.496575
0.527986
0.278017
0.89697
0.590383
0.265393
0.560199
0.560199
0.756262
0.673071
0.221389
0.996218
0.226488
0.722786
0.955632
0.555362
0.618844
0.329576
0.739316
0.6521
0.793041
0.588098
0.588098
0.478414
0.478414
0.816659
0.758627
0.825007
0.827426
0.523515
0.704152
0.615437
0.456531
0.939578
0.977649
0.677394
0.803125
0.216054
0.34006
0.948132
0.999229
0.654173
0.937793
0.857933
0.857933
0.625125
0.849049
0.242319
0.546006
0.451901
0.39482
0.575098
0.588012
0.655852
0.881688
0.991105
0.464185
0.601437
0.860363
0.367824
0.754508
0.297848
0.590185
0.727734
0.245631
0.643688
0.467089
0.36131
0.20808
0.773608
0.566985
0.678298
0.58984
0.300925
0.599638
0.46593
0.978558
0.59642
0.901061
0.425624
0.425624
0.871716
0.480343
0.559908
0.888846
0.468806
0.468806
0.403091
0.83329
0.914029
0.826845
0.241759
0.819309
0.634843
0.257152
0.587478
0.266329
0.57518
0.804715
0.916816
0.67681
0.691342
0.81557
0.584467
0.405525
0.523554
0.239774
0.330752
0.770807
0.431976
0.304432
0.873829
0.478508
0.298405
0.731994
0.731994
0.581569
0.795433
0.638257
0.854475
0.283922
0.309419
0.769987
0.901313
0.399402
0.882118
0.999401
0.203216
0.890851
0.212423
0.295407
0.392156
0.392156
0.576109
0.344854
0.610025
0.373864
0.999133
0.380718
0.662013
0.791994
0.516567
0.3137
0.576075
0.712289
0.488567
0.992464
0.274738
0.785109
0.359296
0.545062
0.78668
0.257377
0.215243
0.942522
0.284155
0.284155
0.993338
0.467318
0.956095
0.727749
0.979604
0.359295
0.804687
0.342044
0.786444
0.678366
0.377203
0.668966
0.472643
0.923411
0.225778
0.775461
0.327354
0.653515
0.449187
0.721384
0.830317
0.753196
0.378802
0.874798
0.814724
0.528645
0.311511
0.489664
0.822126
0.731828
0.873891
0.783028
0.783028
0.200745
0.827253
0.495545
0.623917
0.643851
0.548184
0.614357
0.647756
0.368973
0.829593
0.831849
0.690228
0.470669
0.890366
0.600528
0.792903
0.917265
0.362767
0.546314
0.803424
0.712755
0.594263
0.683305
0.85299
0.85299
0.896347
0.73676
0.73676
0.96069
0.907334
0.30958
0.309819
0.893063
0.557806
0.469485
0.652896
0.22686
0.500895
0.500895
0.321106
0.612793
0.615795
0.305437
0.509155
0.356728
0.915577
0.362258
0.861344
0.478924
0.44793
0.727725
0.919711
0.919711
0.282964
0.758349
0.758406
0.835188
0.999535
0.673927
0.867892
0.44956
0.862792
0.691821
0.92394
0.345301
0.345301
0.770116
0.643725
0.856679
0.727641
0.24415
0.407638
0.627251
0.415919
0.336855
0.870468
0.354659
0.287472
0.397446
0.807795
0.217797
0.353962
0.683645
0.2938
0.431155
0.282584
0.807909
0.238097
0.258612
0.258612
0.909777
0.840921
0.972425
0.27048
0.347433
0.353501
0.210072
0.245466
0.869305
0.634237
0.520304
0.21679
0.744353
0.735956
0.735956
0.656604
0.776915
0.216843
0.590801
0.648025
0.894661
0.307173
0.567745
0.866
0.264982
0.898297
0.263271
0.839478
0.520694
0.809635
0.529358
0.529358
0.540367
0.206919
0.522679
0.967343
0.99743
0.739924
0.874698
0.32391
0.62974
0.437567
0.46255
0.999916
0.742606
0.709282
0.270581
0.746957
0.716897
0.271154
0.589843
0.541191
0.260837
0.444689
0.652404
0.620619
0.801543
0.801543
0.822883
0.573821
0.862998
0.661447
0.55125
0.541097
0.541097
0.253012
0.779426
0.717764
0.789184
0.264297
0.816307
0.816307
0.642948
0.741489
0.501787
0.824211
0.8105
0.629048
0.659208
0.573789
0.316875
0.784694
0.869316
0.250061
0.548855
0.528553
0.924234
0.391876
0.279407
0.275074
0.346501
0.689587
0.62372
0.389783
0.447768
0.761318
0.736774
0.445141
0.499564
0.768698
0.289978
0.644376
0.992212
0.994894
0.60237
0.504226
0.504226
0.714637
0.231315
0.966948
0.320334
0.320334
0.620392
0.476443
0.975161
0.431643
0.564481
0.856812
0.897226
0.897226
0.570804
0.68992
0.299988
0.299988
0.299988
0.687234
0.765088
0.765088
0.716171
0.535686
0.211155
0.205229
0.497634
0.302991
0.999196
0.227643
0.418994
0.834943
0.23317
0.299297
0.27088
0.578457
0.433209
0.201557
0.201557
0.349575
0.353841
0.625358
0.405472
0.366755
0.326757
0.232231
0.459177
0.684186
0.708785
0.74443
0.226352
0.63284
0.63284
0.305304
0.469385
0.719966
0.723401
0.402563
0.24508
0.998849
0.588356
0.993334
0.899526
0.551007
0.860181
0.248821
0.224588
0.517906
0.862798
0.249056
0.304512
0.304512
0.424787
0.369577
0.369577
0.255124
0.226635
0.226635
0.226635
0.398852
0.628573
0.398083
0.463804
0.330309
0.916762
0.818819
0.373942
0.812011
0.687133
0.619483
0.924218
0.379773
0.551147
0.207707
0.298008
0.860793
0.569179
0.569179
0.838243
0.36552
0.815572
0.970785
0.845634
0.279502
0.235317
0.870989
0.273677
0.598967
0.368193
0.856446
0.349757
0.795424
0.342338
0.851262
0.576126
0.800457
0.999774
0.201235
0.201235
0.705864
0.250236
0.894631
0.629001
0.629001
0.742759
0.516152
0.582785
0.319678
0.875059
0.875059
0.818436
0.608079
0.988646
0.988646
0.840614
0.317846
0.718607
0.928602
0.35912
0.76835
0.667209
0.250691
0.887209
0.732403
0.519493
0.927363
0.817599
0.81863
0.759133
0.699075
0.806623
0.248494
0.465332
0.469667
0.621407
0.259046
0.252266
0.846178
0.413473
0.287786
0.566061
0.57394
0.340333
0.316497
0.424498
0.286447
0.835304
0.835304
0.629509
0.666721
0.60782
0.733713
0.355476
0.355476
0.998544
0.597402
0.693458
0.656949
0.656949
0.85968
0.879057
0.619382
0.683102
0.893241
0.394223
0.752999
0.222847
0.33506
0.525787
0.525787
0.599346
0.285458
0.479848
0.393929
0.772055
0.593373
0.951047
0.819401
0.302771
0.677924
0.677924
0.477557
0.996919
0.771799
0.244679
0.330878
0.669277
0.669277
0.482797
0.713054
0.657815
0.278087
0.715213
0.35025
0.975354
0.627807
0.578883
0.578883
0.401511
0.711246
0.276944
0.886281
0.398561
0.87661
0.726984
0.751271
0.583951
0.655075
0.228982
0.873299
0.665991
0.517802
0.499788
0.600056
0.860876
0.225132
0.858187
0.512473
0.429839
0.533118
0.630989
0.611077
0.590905
0.905532
0.201365
0.514691
0.220498
0.44797
0.625411
0.618738
0.618738
0.619307
0.639437
0.998669
0.246997
0.963137
0.963137
0.342411
0.316407
0.213108
0.606242
0.323462
0.923709
0.307851
0.437467
0.461021
0.300403
0.526377
0.97795
0.232568
0.875224
0.862892
0.270706
0.997994
0.997994
0.585362
0.244786
0.717047
0.210653
0.254997
0.582731
0.704473
0.704473
0.210011
0.780425
0.74206
0.549011
0.399517
0.757804
0.63037
0.418564
0.234536
0.745556
0.748545
0.290244
0.290244
0.783775
0.372139
0.590111
0.868437
0.829957
0.785267
0.598357
0.799251
0.474534
0.224967
0.42647
0.610481
0.628084
0.673304
0.673696
0.421806
0.252931
0.37378
0.291429
0.22016
0.2623
0.964347
0.839531
0.293175
0.999615
0.346072
0.720613
0.247663
0.854776
0.69547
0.69547
0.217851
0.217569
0.683247
0.886892
0.329776
0.873724
0.873724
0.631621
0.226366
0.617994
0.822997
0.797149
0.605547
0.723614
0.290697
0.293305
0.795429
0.528775
0.797815
0.267622
0.822402
0.320012
0.226967
0.683687
0.278024
0.344104
0.666307
0.224223
0.643085
0.60188
0.636739
0.421039
0.704365
0.710854
0.692755
0.359774
0.327623
0.881392
0.432925
0.928548
0.75593
0.261809
0.57325
0.485559
0.313122
0.781934
0.901732
0.533061
0.587038
0.248368
0.596089
0.799999
0.697976
0.870794
0.983296
0.649217
0.649217
0.397237
0.397237
0.335625
0.201836
0.689258
0.689258
0.491863
0.705272
0.549688
0.580607
0.909349
0.204217
0.375899
0.416642
0.673302
0.673302
0.756797
0.888766
0.511967
0.832055
0.679319
0.728353
0.202223
0.700769
0.633691
0.749971
0.319601
0.788677
0.83441
0.878053
0.67303
0.651471
0.856689
0.911242
0.832201
0.326069
0.263835
0.254073
0.992855
0.821679
0.731752
0.601679
0.860553
0.328757
0.340448
0.577868
0.332847
0.863193
0.802677
0.854562
0.854562
0.419652
0.252169
0.642893
0.272225
0.997413
0.655134
0.562043
0.49484
0.41458
0.746082
0.470465
0.348463
0.309154
0.309154
0.280337
0.729199
0.773187
0.726379
0.834861
0.490248
0.283003
0.862918
0.862918
0.752722
0.919134
0.4296
0.701457
0.247394
0.403497
0.377275
0.342787
0.464861
0.884296
0.705619
0.814025
0.535129
0.441536
0.29883
0.822112
0.822112
0.434528
0.434528
0.455886
0.455886
0.271218
0.201986
0.249599
0.821463
0.561733
0.789486
0.687179
0.500892
0.479602
0.86273
0.936349
0.28923
0.485262
0.485262
0.49544
0.582774
0.518845
0.518845
0.779144
0.231391
0.666726
0.820057
0.667083
0.290012
0.504683
0.349213
0.247562
0.201008
0.456599
0.529689
0.948816
0.265498
0.866779
0.902255
0.794115
0.999135
0.611301
0.404288
0.213475
0.625769
0.504375
0.500715
0.686464
0.996077
0.736652
0.675635
0.282068
0.259703
0.294999
0.677623
0.20966
0.651456
0.674678
0.368481
0.865268
