0.369866
0.369866
0.436162
0.901331
0.688223
0.586271
0.586271
0.200567
0.927882
0.845134
0.698292
0.698292
0.51375
0.689204
0.707099
0.707099
0.598816
0.801542
0.200364
0.517632
0.8821
0.25196
0.438104
0.517818
0.788757
0.997768
0.795032
0.725145
0.41873
0.791859
0.204138
0.787036
0.787036
0.466122
0.316271
0.891774
0.589558
0.589558
0.402156
0.411393
0.302032
0.302032
0.904866
0.244654
0.24986
0.681478
0.240303
0.996145
0.999769
0.776337
0.690228
0.201023
0.246634
0.348485
0.973783
0.492412
0.274996
0.802411
0.802411
0.802411
0.20584
0.353424
0.727104
0.695962
0.374016
0.296096
0.366689
0.366689
0.560025
0.758973
0.758973
0.739922
0.371237
0.838085
0.522925
0.625192
0.382549
0.382549
0.259423
0.566495
0.491258
0.491258
0.657502
0.773152
0.308287
0.233919
0.233919
0.455105
0.210337
0.210337
0.587738
0.836643
0.20537
0.646524
0.308122
0.421136
0.421136
0.998929
0.95972
0.95972
0.464243
0.464243
0.392694
0.252699
0.369467
0.922778
0.247515
0.691682
0.412034
0.412034
0.759569
0.759569
0.609182
0.609182
0.9567
0.747744
0.781906
0.695845
0.426883
0.518114
0.555186
0.588451
0.847289
0.795383
0.582435
0.557814
0.621985
0.356453
0.332314
0.622795
0.847531
0.329942
0.267437
0.595471
0.307656
0.592859
0.703683
0.703683
0.546236
0.546236
0.348068
0.817507
0.568322
0.845663
0.35218
0.570259
0.356073
0.851845
0.781864
0.383568
0.383568
0.50493
0.942154
0.519054
0.87428
0.26782
0.862557
0.548253
0.256546
0.998014
0.881924
0.548338
0.887688
0.754986
0.964183
0.964183
0.854386
0.673317
0.673317
0.378993
0.378993
0.902485
0.902485
0.795389
0.982071
0.982071
0.564891
0.564891
0.75216
0.260723
0.406176
0.500467
0.544712
0.60531
0.382821
0.974659
0.974659
0.553225
0.993906
0.425321
0.902698
0.240134
0.942865
0.635088
0.307422
0.678734
0.69362
0.603435
0.887287
0.894405
0.984357
0.997416
0.997416
0.306099
0.962308
0.507421
0.761358
0.943634
0.282374
0.282374
0.997893
0.823173
0.993628
0.304725
0.391791
0.662676
0.761597
0.571952
0.514278
0.559221
0.807489
0.388986
0.388986
0.781697
0.443894
0.759485
0.249228
0.372093
0.301525
0.455556
0.582335
0.473548
0.250485
0.601012
0.799593
0.458071
0.219057
0.822241
0.542908
0.999829
0.999829
0.921587
0.204858
0.841158
0.337456
0.368162
0.347395
0.753411
0.761514
0.91569
0.655263
0.746102
0.84154
0.84154
0.270837
0.789703
0.532225
0.420836
0.791014
0.791014
0.862521
0.862521
0.862521
0.23887
0.23887
0.408813
0.82209
0.884763
0.348312
0.75019
0.518372
0.758083
0.253735
0.253735
0.6668
0.573499
0.611973
0.325303
0.272421
0.430003
0.779538
0.688879
0.538422
0.538422
0.538422
0.607816
0.98161
0.642491
0.42163
0.813946
0.801046
0.277626
0.553669
0.73647
0.743879
0.799933
0.528153
0.998334
0.842274
0.825545
0.825545
0.379858
0.430136
0.754825
0.754825
0.505467
0.505467
0.891095
0.891095
0.40954
0.581263
0.857435
0.213439
0.202971
0.676972
0.792288
0.952297
0.456695
0.844446
0.362791
0.467607
0.368493
0.201857
0.201857
0.833888
0.833888
0.569577
0.222171
0.235524
0.252868
0.516016
0.999688
0.999688
0.284812
0.284812
0.815296
0.815296
0.677925
0.345895
0.248274
0.314703
0.342427
0.568343
0.568343
0.927429
0.796881
0.784763
0.322625
0.856271
0.231105
0.958391
0.610068
0.435806
0.998203
0.893281
0.45035
0.821783
0.595392
0.297842
0.906022
0.61149
0.726347
0.897228
0.853303
0.308417
0.810346
0.660879
0.762346
0.650512
0.534225
0.209239
0.294809
0.800476
0.413369
0.313941
0.982772
0.982113
0.307588
0.267073
0.267073
0.503083
0.792504
0.642278
0.642278
0.978298
0.32098
0.32098
0.541542
0.664976
0.574236
0.595322
0.252111
0.252111
0.250808
0.961102
0.20249
0.379228
0.24829
0.236905
0.913482
0.464776
0.473605
0.473605
0.676586
0.628268
0.667352
0.999925
0.999925
0.253007
0.253007
0.490213
0.201968
0.271187
0.405024
0.405024
0.840345
0.840345
0.323206
0.886185
0.316878
0.605012
0.611317
0.772407
0.2355
0.654324
0.634293
0.510582
0.808628
0.405349
0.519763
0.513046
0.532061
0.532061
0.607832
0.972331
0.972331
0.254573
0.698362
0.853409
0.485063
0.274447
0.274447
0.372672
0.439837
0.439837
0.93143
0.747828
0.747828
0.874726
0.368478
0.614319
0.545308
0.982554
0.982554
0.995082
0.995082
0.746877
0.322703
0.273782
0.338064
0.57698
0.270874
0.270874
0.297861
0.690728
0.690728
0.220104
0.283446
0.29188
0.828928
0.707514
0.72135
0.732909
0.688161
0.561227
0.931166
0.907612
0.470011
0.495862
0.825014
0.881428
0.463604
0.612206
0.721396
0.721396
0.454725
0.795794
0.58877
0.343433
0.359765
0.742868
0.703414
0.703414
0.599811
0.513929
0.513929
0.822622
0.340715
0.261613
0.261613
0.69603
0.68723
0.846438
0.362422
0.859032
0.829805
0.711572
0.969572
0.36811
0.534529
0.534529
0.281387
0.203746
0.853746
0.881246
0.346085
0.927494
0.373897
0.396221
0.396221
0.396221
0.273587
0.668863
0.781511
0.535329
0.994535
0.999695
0.999695
0.468274
0.47869
0.47869
0.544842
0.654511
0.770899
0.46324
0.838322
0.442741
0.23962
0.306721
0.306721
0.807443
0.466545
0.713374
0.921984
0.99853
0.270278
0.632645
0.632645
0.522055
0.877082
0.481765
0.683698
0.32995
0.490679
0.999114
0.733433
0.987236
0.987236
0.87583
0.670136
0.670136
0.767952
0.524673
0.368969
0.368969
0.927087
0.871529
0.520974
0.255809
0.238726
0.238726
0.373567
0.373567
0.237802
0.467257
0.367575
0.367575
0.425023
0.328933
0.703771
0.703771
0.746627
0.984473
0.457101
0.393203
0.22914
0.750337
0.717117
0.812813
0.511301
0.656185
0.473317
0.862615
0.443929
0.443929
0.362001
0.563749
0.333475
0.522684
0.437876
0.437876
0.474333
0.257585
0.236873
0.236873
0.667521
0.987672
0.227127
0.833391
0.833391
0.872713
0.745534
0.796009
0.208017
0.995564
0.424014
0.426517
0.317185
0.631
0.323811
0.572542
0.98506
0.266076
0.745691
0.930826
0.219808
0.218497
0.773567
0.645352
0.395473
0.395473
0.887598
0.999239
0.638105
0.725727
0.595903
0.854016
0.442687
0.715191
0.788688
0.428709
0.7682
0.662283
0.238729
0.852804
0.852804
0.852804
0.565801
0.779779
0.26095
0.854433
0.240532
0.871547
0.986217
0.503111
0.873009
0.873009
0.518931
0.528763
0.824065
0.214529
0.26886
0.26886
0.249056
0.461518
0.675495
0.675495
0.338013
0.236575
0.236575
0.887763
0.269782
0.861428
0.334968
0.22845
0.417234
0.934232
0.97595
0.248765
0.877552
0.877552
0.739031
0.706093
0.254354
0.254354
0.709164
0.882439
0.496455
0.840966
0.289723
0.435086
0.435086
0.211219
0.46938
0.615427
0.231855
0.231855
0.855932
0.989253
0.997652
0.997652
0.544057
0.650523
0.286607
0.65106
0.996606
0.235395
0.696979
0.696979
0.908608
0.505216
0.336784
0.596136
0.770291
0.663644
0.235113
0.868631
0.868631
0.800248
0.428855
0.933251
0.871653
0.871653
0.83954
0.83954
0.777685
0.284149
0.284149
0.275322
0.608759
0.608759
0.354158
0.383822
0.816477
0.996213
0.727179
0.69307
0.622091
0.233539
0.450916
0.450916
0.66977
0.427145
0.861177
0.601888
0.722026
0.524572
0.524572
0.52198
0.817506
0.817506
0.265862
0.653681
0.776848
0.337734
0.608066
0.913679
0.790671
0.254669
0.771288
0.87285
0.87285
0.847378
0.53556
0.260327
0.370364
0.370364
0.235667
0.800629
0.998345
0.510212
0.493421
0.208414
0.303919
0.661739
0.706431
0.569269
0.492718
0.832168
0.717403
0.438469
0.78226
0.579849
0.686414
0.997922
0.997922
0.47894
0.578817
0.500373
0.60563
0.81713
0.466543
0.236926
0.820988
0.862297
0.785879
0.785879
0.760387
0.760387
0.488408
0.288391
0.628241
0.543965
0.686682
0.797602
0.547959
0.395162
0.4353
0.338263
0.338263
0.529386
0.415559
0.976892
0.249971
0.613977
0.338228
0.720188
0.790885
0.25334
0.25334
0.776309
0.861376
0.861376
0.754818
0.61753
0.664046
0.664046
0.353373
0.246926
0.221448
0.386545
0.267314
0.267863
0.730558
0.86058
0.312416
0.673709
0.673709
0.243931
0.243931
0.975273
0.988154
0.40483
0.510187
0.633659
0.731826
0.284297
0.64822
0.924214
0.980237
0.696057
0.725049
0.350933
0.473275
0.314991
0.438261
0.724959
0.25872
0.413117
0.51936
0.873319
0.622022
0.242437
0.758801
0.413061
0.601135
0.864
0.825416
0.708575
0.205545
0.941936
0.765927
0.765927
0.866094
0.316418
0.562569
0.562569
0.230191
0.702126
0.680769
0.98814
0.438616
0.997941
0.285716
0.931187
0.931187
0.464517
0.222402
0.454432
0.582677
0.85673
0.56982
0.400124
0.400124
0.400124
0.986119
0.869158
0.298988
0.710793
0.580828
0.908154
0.246012
0.584155
0.543172
0.639146
0.49344
0.345877
0.618481
0.602135
0.966117
0.995267
0.820906
0.227007
0.237696
0.298344
0.453402
0.811947
0.250282
0.382117
0.798738
0.596285
0.385582
0.252505
0.642937
0.721355
0.656524
0.70318
0.650173
0.375283
0.654513
0.33851
0.998859
0.998859
0.208069
0.208069
0.885435
0.741974
0.741974
0.211426
0.337364
0.496303
0.999337
0.218704
0.337665
0.933865
0.633898
0.829475
0.338469
0.338469
0.357191
0.853867
0.732397
0.360445
0.360445
0.597794
0.261169
0.261169
0.749236
0.302683
0.892131
0.356467
0.994795
0.857292
0.468405
0.714958
0.873751
0.308365
0.308365
0.59478
0.502073
0.502073
0.207528
0.405467
0.852991
0.989506
0.282307
0.727472
0.325494
0.325494
0.654091
0.757013
0.599986
0.72364
0.87197
0.733568
0.238556
0.230649
0.370307
0.394376
0.46387
0.356222
0.628839
0.300827
0.28047
0.28047
0.314028
0.839082
0.694452
0.465851
0.878403
0.882196
0.984107
0.254674
0.254674
0.457744
0.828835
0.666197
0.612373
0.688516
0.688516
0.764464
0.746366
0.746366
0.790656
0.866312
0.330555
0.984508
0.781995
0.843894
0.55169
0.644712
0.688361
0.699126
0.246363
0.817305
0.510463
0.70893
0.237714
0.692439
0.982192
0.585118
0.734442
0.220625
0.745586
0.600557
0.600557
0.216978
0.613039
0.271437
0.992321
0.733741
0.871807
0.219427
0.826819
0.80061
0.720201
0.764243
0.764243
0.764243
0.764243
0.200002
0.808034
0.999416
0.999416
0.651707
0.404255
0.688993
0.690564
0.690564
0.398182
0.283929
0.917292
0.899343
0.565186
0.668394
0.733602
0.777899
0.447862
0.375363
0.405736
0.422325
0.699575
0.914777
0.618585
0.705875
0.600701
0.810931
0.351839
0.556376
0.496014
0.58983
0.263543
0.718055
0.43267
0.585221
0.505764
0.370455
0.370455
0.762236
0.454085
0.912781
0.267184
0.807537
0.807537
0.390894
0.708346
0.752109
0.752109
0.846818
0.285527
0.760524
0.434739
0.268631
0.268631
0.815318
0.815318
0.844582
0.721106
0.721106
0.868977
0.868977
0.459094
0.287642
0.553833
0.497754
0.552813
0.612956
0.654293
0.280778
0.741059
0.741059
0.936309
0.372983
0.623742
0.623742
0.762175
0.39761
0.57174
0.574532
0.647477
0.587995
0.587995
0.814775
0.807362
0.560167
0.560167
0.689246
0.442994
0.492219
0.492219
0.266547
0.266547
0.273886
0.954071
0.81872
0.352963
0.859133
0.273477
0.648329
0.648329
0.20002
0.864345
0.281671
0.281671
0.890112
0.287714
0.830392
0.830392
0.419989
0.510884
0.912164
0.999187
0.235174
0.350196
0.701448
0.379976
0.600752
0.284649
0.323249
0.397049
0.397049
0.329141
0.329141
0.396631
0.788811
0.994578
0.941158
0.941158
0.666455
0.860121
0.362812
0.754316
0.353794
0.253996
0.830061
0.345505
0.694096
0.876999
0.433207
0.364924
0.416934
0.995097
0.995097
0.781541
0.706539
0.228955
0.572175
0.660071
0.473034
0.9964
0.9964
0.852404
0.223304
0.782903
0.807609
0.212171
0.902459
0.755853
0.841965
0.271451
0.331012
0.331012
0.366746
0.366746
0.383593
0.383593
0.839879
0.839879
0.839879
0.553926
0.884885
0.638637
0.382302
0.757079
0.819408
0.891762
0.725781
0.725781
0.89617
0.539852
0.4085
0.4085
0.553729
0.304364
0.664873
0.566233
0.677663
0.758437
0.39454
0.868569
0.230584
0.655497
0.985734
0.773787
0.379482
0.893166
0.232113
0.207863
0.819631
0.515537
0.633728
0.491851
0.491851
0.59856
0.852319
0.379098
0.379098
0.669099
0.445203
0.488103
0.792685
0.964021
0.31745
0.243792
0.318477
0.482836
0.482836
0.273799
0.502615
0.428619
0.419999
0.584047
0.978363
0.302102
0.320274
0.362825
0.482331
0.758037
0.700191
0.700191
0.33597
0.824372
0.708742
0.708742
0.708742
0.765079
0.585302
0.416141
0.457811
0.457811
0.573116
0.455084
0.455084
0.455084
0.899286
0.20239
0.20239
0.98287
0.454278
0.22814
0.867402
0.576192
0.576192
0.665567
0.655442
0.53017
0.535927
0.535927
0.461801
0.461801
0.785655
0.615073
0.999882
0.671851
0.880692
0.381701
0.855148
0.291818
0.750876
0.738509
0.738509
0.584061
0.723582
0.58705
0.794128
0.439744
0.23088
0.23088
0.800804
0.941198
0.588306
0.924552
0.579259
0.418338
0.306199
0.752603
0.613969
0.288827
0.555373
0.432368
0.432368
0.759295
0.547995
0.758817
0.500437
0.406086
0.216417
0.707847
0.670229
0.860165
0.860165
0.325284
0.210534
0.947884
0.418906
0.421894
0.421894
0.712542
0.455254
0.327934
0.259323
0.355776
0.913519
0.514503
0.609432
0.943639
0.943639
0.501228
0.597308
0.587039
0.587039
0.587039
0.502863
0.870008
0.223277
0.223277
0.70147
0.981305
0.254347
0.373787
0.365757
0.589431
0.42202
0.809035
0.494709
0.494709
0.538448
0.890412
0.954824
0.711716
0.810077
0.859019
0.808885
0.777296
0.998778
0.995224
0.23501
0.23501
0.72163
0.787364
0.70562
0.68356
0.68356
0.93308
0.974608
0.464588
0.247927
0.496181
0.560882
0.560882
0.560882
0.760317
0.505856
0.806147
0.550277
0.473592
0.311048
0.29378
0.376832
0.547819
0.813717
0.553094
0.288914
0.239407
0.239407
0.79957
0.325951
0.528265
0.528265
0.607732
0.248998
0.203007
0.378784
0.897358
0.666449
0.602472
0.745924
0.565523
0.284104
0.462239
0.595124
0.595124
0.816129
0.29602
0.531315
0.806707
0.409346
0.666907
0.636425
0.612663
0.690364
0.443248
0.261764
0.35461
0.778947
0.559718
0.28198
0.60573
0.769077
0.736366
0.736366
0.777126
0.805961
0.371191
0.371191
0.998519
0.434546
0.434546
0.451624
0.76733
0.631246
0.77659
0.501533
0.766093
0.766093
0.785296
0.571267
0.571267
0.383623
0.201451
0.788534
0.770737
0.968048
0.535524
0.535524
0.479894
0.251344
0.20239
0.20239
0.916822
0.313095
0.363326
0.994237
0.536078
0.474719
0.396949
0.453305
0.200786
0.673387
0.984744
0.751393
0.398015
0.351704
0.854573
0.595066
0.470974
0.997046
0.348588
0.348588
0.413522
0.879399
0.632397
0.502246
0.331193
0.498724
0.498724
0.406059
0.836758
0.707194
0.634184
0.743558
0.305131
0.507175
0.907312
0.907312
0.739976
0.739976
0.61843
0.801951
0.975434
0.868178
0.837613
0.551896
0.666391
0.252865
0.839394
0.465196
0.287575
0.287575
0.259784
0.968581
0.814819
0.861634
0.544139
0.805497
0.805497
0.599538
0.311827
0.511509
0.486575
0.989944
0.22328
0.361797
0.255047
0.399919
0.399919
0.731269
0.932559
0.998056
0.998056
0.541827
0.761114
0.263232
0.263232
0.263232
0.992099
0.294455
0.294455
0.294455
0.822904
0.721925
0.212427
0.667705
0.413826
0.413826
0.414078
0.414078
0.75163
0.268798
0.809526
0.994482
0.242949
0.201196
0.821708
0.789693
0.712069
0.537437
0.537437
0.445608
0.817611
0.817611
0.665731
0.403849
0.351989
0.351989
0.351989
0.777068
0.777068
0.469371
0.333541
0.333541
0.743005
0.743005
0.859251
0.859251
0.29918
0.799069
0.944725
0.944725
0.249983
0.778864
0.665773
0.676864
0.886381
0.758331
0.819631
0.964629
0.964629
0.860495
0.998728
0.262037
0.609559
0.615967
0.328911
0.429359
0.999619
0.999619
0.599029
0.49109
0.462862
0.47674
0.865736
0.754016
0.788405
0.885708
0.490503
0.311048
0.763016
0.810661
0.311463
0.884966
0.884966
0.745903
0.310204
0.673974
0.906582
0.864902
0.526836
0.524927
0.78848
0.834235
0.557298
0.592352
0.592352
0.867445
0.857255
0.27993
0.993506
0.78386
0.3772
0.240597
0.866985
0.803199
0.730299
0.751581
0.751581
0.836726
0.663073
0.28899
0.811107
0.22579
0.22579
0.479519
0.479519
0.700058
0.235317
0.34337
0.622432
0.76828
0.802419
0.802419
0.444601
0.298887
0.483233
0.483233
0.962801
0.290331
0.290331
0.943408
0.485892
0.361765
0.769159
0.71818
0.652668
0.339331
0.425085
0.425085
0.737963
0.737963
0.82674
0.582545
0.828631
0.796716
0.437469
0.386151
0.872849
0.910209
0.88117
0.734109
0.389193
0.212888
0.212888
0.675096
0.683197
0.683197
0.982006
0.982006
0.576065
0.576065
0.250493
0.361044
0.629185
0.871659
0.967976
0.967976
0.398759
0.265483
0.265483
0.99394
0.699993
0.628142
0.831717
0.332787
0.824812
0.214769
0.379605
0.379605
0.381516
0.575127
0.40195
0.263752
0.32903
0.894075
0.684173
0.630977
0.90588
0.599964
0.46083
0.46083
0.866559
0.683405
0.557999
0.221318
0.586305
0.586305
0.878577
0.878577
0.230538
0.758305
0.611774
0.611774
0.395391
0.485458
0.485458
0.998164
0.319516
0.236177
0.518503
0.618429
0.629752
0.706748
0.706748
0.925618
0.343846
0.27484
0.27484
0.996022
0.644803
0.478178
0.99693
0.336449
0.475483
0.475483
0.274013
0.66963
0.328665
0.78718
0.37406
0.873754
0.323356
0.305235
0.257146
0.205136
0.205136
0.914361
0.53862
0.535933
0.226723
0.201597
0.201597
0.822321
0.822321
0.665557
0.466147
0.713959
0.34323
0.460811
0.821891
0.607514
0.301224
0.228371
0.228371
0.334635
0.236082
0.480365
0.871216
0.883564
0.790363
0.351072
0.930661
0.245818
0.856206
0.856206
0.7461
0.879561
0.842218
0.842218
0.767919
0.425122
0.719798
0.985219
0.777761
0.766231
0.766231
0.291107
0.291107
0.363949
0.211787
0.247187
0.88514
0.432259
0.98983
0.250473
0.247555
0.361501
0.91945
0.778202
0.450025
0.79344
0.334867
0.930626
0.205358
0.877574
0.727102
0.213853
0.378009
0.866694
0.310444
0.30812
0.742605
0.931672
0.352065
0.73903
0.490625
0.977746
0.977746
0.862019
0.336289
0.336289
0.305581
0.476334
0.729741
0.210961
0.606432
0.931552
0.737861
0.231951
0.231951
0.47436
0.307198
0.99744
0.293852
0.293852
0.231355
0.231355
0.231355
0.680685
0.60766
0.927315
0.742193
0.292698
0.292698
0.91794
0.508231
0.878595
0.718304
0.402137
0.402137
0.736213
0.583754
0.333287
0.796149
0.820084
0.681183
0.617167
0.663669
0.874979
0.874979
0.874979
0.457835
0.67234
0.31906
0.739973
0.612747
0.612747
0.496301
0.938691
0.813317
0.226697
0.895294
0.284684
0.354557
0.827664
0.33895
0.878559
0.82589
0.905995
0.872795
0.352519
0.952259
0.218413
0.785158
0.205962
0.997595
0.283781
0.936205
0.890597
0.269127
0.402633
0.46522
0.818287
0.851019
0.400278
0.473584
0.793154
0.919674
0.203591
0.203591
0.83089
0.424993
0.388474
0.565907
0.4661
0.279179
0.7373
0.7373
0.806196
0.884834
0.884834
0.660054
0.927783
0.926614
0.22817
0.22817
0.850508
0.823722
0.20082
0.20082
0.229433
0.564184
0.722059
0.204676
0.806413
0.503061
0.45079
0.976418
0.977739
0.977739
0.227051
0.855961
0.776659
0.996001
0.445286
0.999124
0.863406
0.863406
0.570161
0.987978
0.299291
0.537707
0.51293
0.51293
0.25537
0.204579
0.204579
0.348001
0.991001
0.384914
0.235616
0.582815
0.302261
0.477511
0.419555
0.504468
0.949564
0.312003
0.27866
0.999979
0.952989
0.812596
0.951098
0.875817
0.241272
0.240166
0.659031
0.659031
0.565153
0.869543
0.725897
0.243711
0.523144
0.960504
0.2837
0.435501
0.435501
0.51236
0.827059
0.223617
0.583313
0.583313
0.413527
0.358194
0.358194
0.934326
0.83891
0.83891
0.83891
0.495997
0.643566
0.5589
0.820776
0.820776
0.474919
0.666747
0.389223
0.227168
0.255518
0.216741
0.216741
0.998729
0.834754
0.352428
0.511979
0.478418
0.629701
0.854628
0.787216
0.670123
0.813568
0.922125
0.922125
0.574521
0.574521
0.621277
0.829041
0.529365
0.529365
0.50241
0.799576
0.751058
0.992836
0.724413
0.731017
0.39969
0.997578
0.538353
0.608978
0.608978
0.360575
0.343764
0.85433
0.579941
0.742083
0.853292
0.849915
0.414523
0.369279
0.750556
0.602883
0.716018
0.870569
0.803788
0.309935
0.492727
0.781646
0.591631
0.573343
0.90919
0.90919
0.37184
0.37184
0.284133
0.995759
0.600676
0.338242
0.29816
0.720741
0.426982
0.528227
0.67651
0.684301
0.809604
0.615687
0.82024
0.321386
0.321386
0.64405
0.64405
0.572784
0.462106
0.786191
0.307299
0.857999
0.857999
0.380123
0.509477
0.509477
0.82926
0.525643
0.559308
0.237106
0.786698
0.397899
0.308272
0.858449
0.811852
0.43761
0.222715
0.222715
0.817744
0.275804
0.475046
0.552143
0.734765
0.399224
0.399224
0.671307
0.31144
0.775257
0.775257
0.856839
0.5361
0.37313
0.37313
0.632447
0.223298
0.374397
0.782275
0.543942
0.959363
0.818021
0.801343
0.770981
0.927457
0.568642
0.286126
0.286126
0.996261
0.706504
0.706504
0.374777
0.878043
0.878043
0.484042
0.789851
0.753967
0.493895
0.99934
0.417474
0.417474
0.270646
0.999115
0.631114
0.9989
0.464917
0.554368
0.815997
0.548175
0.297838
0.311958
0.471807
0.317974
0.998742
0.346461
0.359598
0.761367
0.540406
0.612059
0.910414
0.957991
0.957991
0.640646
0.591966
0.27258
0.419526
0.419526
0.989451
0.51778
0.315429
0.867583
0.871402
0.526356
0.768357
0.768357
0.35635
0.800339
0.871415
0.741076
0.858345
0.878589
0.878589
0.54798
0.502021
0.588064
0.588064
0.30793
0.452265
0.452265
0.214234
0.267876
0.730711
0.640242
0.702915
0.691932
0.356067
0.420239
0.24832
0.71206
0.760883
0.760883
0.74449
0.74449
0.47522
0.203384
0.350609
0.55741
0.390514
0.220772
0.693576
0.736041
0.736041
0.250294
0.795473
0.795473
0.795473
0.277184
0.330107
0.734752
0.734752
0.427087
0.522253
0.266815
0.266815
0.830877
0.321153
0.803947
0.669978
0.669978
0.268809
0.933056
0.543377
0.543377
0.384727
0.28392
0.578449
0.276168
0.945749
0.370641
0.748183
0.526781
0.212567
0.229211
0.231214
0.851007
0.29546
0.391039
0.281708
0.281708
0.217593
0.36298
0.262413
0.358207
0.268617
0.860532
0.206903
0.474016
0.474016
0.727117
0.827311
0.694873
0.739701
0.735376
0.787215
0.823969
0.466302
0.466302
0.236664
0.797316
0.723347
0.723347
0.723347
0.843519
0.251448
0.350228
0.759069
0.834846
0.728656
0.984687
0.40069
0.763049
0.289644
0.589254
0.589254
0.929157
0.323091
0.323091
0.893381
0.661755
0.516861
0.604123
0.70645
0.743888
0.961776
0.318255
0.845131
0.433335
0.782257
0.843722
0.469366
0.783053
0.204003
0.441478
0.441478
0.820382
0.994247
0.45875
0.544566
0.996539
0.263865
0.263865
0.816233
0.73613
0.73613
0.247345
0.832592
0.687044
0.687044
0.620041
0.241075
0.604647
0.664331
0.482071
0.482071
0.405654
0.405654
0.725559
0.725559
0.230514
0.230514
0.716877
0.385172
0.280743
0.904374
0.874967
0.344729
0.344729
0.708767
0.849604
0.849604
0.326507
0.331982
0.336854
0.257801
0.766201
0.766201
0.721243
0.991929
0.992561
0.217966
0.217966
0.63848
0.322836
0.711793
0.479025
0.416558
0.708612
0.706822
0.229174
0.959951
0.959951
0.879394
0.838284
0.536743
0.713286
0.230364
0.230364
0.440268
0.772436
0.923905
0.548734
0.856099
0.856099
0.566364
0.28581
0.797906
0.86364
0.204414
0.326008
0.326008
0.417908
0.494561
0.233782
0.279926
0.349435
0.476744
0.564488
0.470188
0.775254
0.927236
0.402544
0.820582
0.836556
0.891293
0.528364
0.236532
0.236532
0.825374
0.432133
0.686437
0.889998
0.603065
0.421088
0.420253
0.507056
0.861604
0.73257
0.73257
0.57402
0.830496
0.803554
0.319273
0.206361
0.682815
0.961328
0.470177
0.38146
0.38146
0.8896
0.90957
0.262271
0.350391
0.397446
0.708228
0.64799
0.98423
0.480021
0.659944
0.238232
0.681826
0.248583
0.995919
0.997186
0.46874
0.266011
0.64845
0.907039
0.901026
0.664213
0.719573
0.991047
0.290128
0.737886
0.508816
0.845558
0.40432
0.952139
0.291176
0.565683
0.732413
0.422263
0.422263
0.258778
0.258778
0.2109
0.644089
0.796217
0.489546
0.926656
0.926656
0.583122
0.900348
0.463285
0.788425
0.788425
0.709158
0.22634
0.856393
0.499887
0.499887
0.812632
0.784213
0.357645
0.836229
0.584076
0.866266
0.684159
0.557599
0.817585
0.817585
0.340515
0.534862
0.252
0.252
0.500427
0.500427
0.637138
0.668645
0.668645
0.990652
0.386556
0.386556
0.502289
0.466428
0.839225
0.80857
0.820977
0.216298
0.216298
0.555832
0.925463
0.271487
0.973487
0.97836
0.97836
0.999549
0.444694
0.288085
0.784183
0.799511
0.253745
0.253745
0.253745
0.848908
0.587586
0.257424
0.698096
0.965839
0.965839
0.30096
0.77691
0.731824
0.256817
0.852531
0.589718
0.497513
0.314389
0.777846
0.936925
0.688869
0.784522
0.679113
0.215211
0.58751
0.382016
0.732332
0.862025
0.447888
0.790444
0.8333
0.8333
0.453345
0.453345
0.814008
0.500409
0.999829
0.958944
0.261855
0.996079
0.924229
0.632585
0.632585
0.8119
0.8119
0.718091
0.553846
0.553846
0.494197
0.834598
0.793263
0.793263
0.66831
0.268684
0.633365
0.633365
0.746352
0.714434
0.317996
0.269881
0.580715
0.359131
0.369526
0.904227
0.322883
0.322883
0.993482
0.97994
0.400595
0.453865
0.562176
0.324722
0.74299
0.74299
0.350061
0.810629
0.999681
0.285722
0.285722
0.780121
0.784125
0.750846
0.30967
0.728913
0.269149
0.776958
0.776958
0.432412
0.432412
0.799971
0.681063
0.709349
0.77169
0.77169
0.982076
0.982076
0.830696
0.204454
0.355677
0.73598
0.73598
0.581523
0.805878
0.814799
0.814799
0.454367
0.454367
0.202241
0.667965
0.467284
0.467284
0.269116
0.512735
0.512735
0.470518
0.21853
0.928434
0.845305
0.561837
0.478724
0.478724
0.235544
0.40573
0.992402
0.425273
0.585489
0.213341
0.213341
0.213341
0.632125
0.749784
0.84082
0.601558
0.449246
0.269626
0.939561
0.341429
0.88928
0.811773
0.811773
0.712499
0.746923
0.746923
0.746923
0.874704
0.912737
0.912737
0.700917
0.825419
0.469891
0.248534
0.944348
0.602251
0.749965
0.396771
0.536688
0.686585
0.686585
0.725407
0.389233
0.203067
0.904118
0.386756
0.507548
0.871027
0.87254
0.750277
0.29007
0.800184
0.81305
0.404991
0.404991
0.957444
0.455328
0.206591
0.248135
0.468397
0.214204
0.862418
0.879874
0.879874
0.525108
0.967602
0.436372
0.625139
0.625139
0.224342
0.622254
0.201951
0.672087
0.83498
0.400276
0.498556
0.818749
0.583054
0.273731
0.273731
0.858092
0.817682
0.244627
0.748392
0.604061
0.825582
0.873303
0.988178
0.465271
0.386795
0.497683
0.616516
0.724626
0.234347
0.230977
0.642617
0.999912
0.764236
0.583039
0.59481
0.449922
0.800044
0.936496
0.936496
0.293762
0.212392
0.212392
0.800222
0.72383
0.281795
0.281795
0.261523
0.206119
0.831537
0.229066
0.420903
0.776984
0.669082
0.685987
0.758531
0.583508
0.64058
0.64058
0.64058
0.624759
0.572697
0.329205
0.875057
0.437938
0.477286
0.236246
0.715282
0.489347
0.631864
0.631864
0.719521
0.964254
0.441044
0.438118
0.283859
0.589305
0.598854
0.449864
0.207794
0.620907
0.298292
0.80575
0.802108
0.719548
0.544856
0.544856
0.323457
0.380868
0.765022
0.93518
0.696444
0.283762
0.509671
0.673052
0.483295
0.663404
0.812832
0.258272
0.201921
0.213588
0.474999
0.828146
0.915925
0.915925
0.87179
0.341308
0.341308
0.992467
0.55101
0.55101
0.301279
0.427057
0.81794
0.599656
0.693714
0.660759
0.851849
0.765097
0.391835
0.704316
0.853308
0.740848
0.740848
0.354897
0.671568
0.22921
0.577852
0.911833
0.390164
0.792181
0.631186
0.837768
0.319325
0.758675
0.702014
0.287684
0.761015
0.206079
0.230199
0.490337
0.971929
0.642234
0.710295
0.722728
0.390039
0.760171
0.296569
0.545165
0.927615
0.749461
0.359571
0.357138
0.779681
0.29826
0.669396
0.686196
0.273491
0.295684
0.898291
0.38063
0.277647
0.280737
0.783309
0.783309
0.563982
0.563982
0.75015
0.325044
0.544346
0.376705
0.983572
0.997559
0.997559
0.689059
0.689059
0.884549
0.648298
0.668435
0.78619
0.747598
0.747598
0.701998
0.701998
0.701998
0.283596
0.572601
0.572601
0.553001
0.620943
0.370268
0.554204
0.616289
0.900855
0.89743
0.352893
0.352893
0.786679
0.539086
0.343647
0.343647
0.54361
0.54361
0.8485
0.739645
0.415712
0.408086
0.823555
0.262722
0.250763
0.33654
0.368353
0.555512
0.909301
0.865191
0.408412
0.668708
0.474028
0.474028
0.979611
0.979611
0.284675
0.701314
0.452274
0.403667
0.953312
0.953312
0.774172
0.485171
0.383779
0.524204
0.435153
0.555709
0.814435
0.634151
0.96038
0.997867
0.282349
0.971716
0.474125
0.813016
0.999636
0.203533
0.456085
0.456085
0.234721
0.263171
0.57049
0.789766
0.4699
0.980952
0.412581
0.995383
0.995383
0.469627
0.541604
0.99788
0.241459
0.241459
0.333211
0.446108
0.249032
0.481371
0.306559
0.911562
0.774181
0.321984
0.882215
0.882215
0.551178
0.793099
0.999484
0.766597
0.888064
0.888064
0.888064
0.998981
0.901558
0.878299
0.202089
0.68756
0.68756
0.838462
0.496927
0.654327
0.24957
0.430548
0.430548
0.669983
0.296538
0.503538
0.917828
0.781964
0.986024
0.608204
0.364584
0.254435
0.637118
0.886326
0.886326
0.675723
0.550696
0.74413
0.74413
0.805476
0.749675
0.749675
0.297071
0.421863
0.306126
0.708964
0.62569
0.291407
0.363
0.263147
0.973146
0.981236
0.778652
0.811023
0.39538
0.39538
0.401046
0.502983
0.827393
0.314247
0.779978
0.22603
0.23765
0.379881
0.750295
0.505951
0.666829
0.666829
0.917645
0.783983
0.729185
0.707746
0.597789
0.597789
0.281347
0.281347
0.532016
0.639011
0.767603
0.767603
0.213767
0.48487
0.330545
0.490525
0.831037
0.846225
0.602812
0.285116
0.326322
0.338804
0.40836
0.527552
0.413789
0.413789
0.413789
0.782794
0.782794
0.93473
0.999589
0.414881
0.702604
0.702604
0.219901
0.412934
0.260857
0.914178
0.290686
0.724489
0.254297
0.678585
0.561789
0.728943
0.759553
0.216288
0.216288
0.880791
0.875512
0.696243
0.696243
0.236729
0.459146
0.999951
0.794762
0.746246
0.827805
0.934488
0.307901
0.559023
0.73658
0.630008
0.78015
0.309866
0.855892
0.237855
0.453866
0.682118
0.609591
0.342964
0.342964
0.87912
0.370304
0.322595
0.858135
0.435832
0.381641
0.381641
0.906194
0.37786
0.695183
0.479604
0.479604
0.433279
0.748991
0.871704
0.379275
0.995751
0.250476
0.250476
0.250476
0.287445
0.591439
0.24733
0.333186
0.562033
0.848499
0.450967
0.652077
0.474017
0.474017
0.224788
0.648777
0.925969
0.784741
0.419679
0.419679
0.767503
0.275648
0.275648
0.638791
0.577611
0.577611
0.577611
0.733797
0.733797
0.733797
0.959173
0.618178
0.708201
0.619216
0.236023
0.277095
0.499794
0.312077
0.45517
0.631514
0.631514
0.275113
0.833826
0.314296
0.710508
0.800532
0.800532
0.243636
0.243636
0.811789
0.811789
0.273396
0.77153
0.2749
0.2749
0.22098
0.299864
0.960368
0.757111
0.28559
0.484342
0.636337
0.547777
0.761103
0.225068
0.499731
0.612684
0.339762
0.670476
0.967122
0.409186
0.722934
0.807211
0.29257
0.881083
0.750799
0.490956
0.490956
0.201747
0.877107
0.461481
0.763758
0.249713
0.414652
0.846024
0.591702
0.574376
0.882848
0.882848
0.882848
0.997638
0.415196
0.74263
0.74263
0.451234
0.451234
0.451234
0.245173
0.455557
0.455557
0.288443
0.799495
0.640338
0.801831
0.353852
0.580245
0.580245
0.914923
0.227583
0.410966
0.240797
0.349671
0.65287
0.203011
0.203011
0.999929
0.233775
0.642326
0.490601
0.490601
0.710692
0.605505
0.673817
0.470693
0.621853
0.344938
0.240732
0.240732
0.997852
0.757826
0.785776
0.40424
0.40424
0.369594
0.307345
0.314538
0.347646
0.241956
0.216689
0.768757
0.412709
0.835198
0.215662
0.668797
0.573227
0.664504
0.791282
0.573027
0.236639
0.236639
0.235238
0.235238
0.204888
0.566334
0.715794
0.226097
0.226097
0.918296
0.769773
0.769773
0.932453
0.240892
0.851804
0.454178
0.454178
0.520135
0.520135
0.766253
0.446458
0.446458
0.221853
0.72666
0.555275
0.555275
0.650684
0.237323
0.237323
0.854455
0.785599
0.785599
0.550554
0.550554
0.790773
0.790773
0.71027
0.487679
0.904188
0.998742
0.605142
0.669898
0.226868
0.774548
0.322301
0.859892
0.27607
0.803265
0.45844
0.354762
0.320228
0.968074
0.876437
0.58055
0.813158
0.597041
0.341594
0.513889
0.580385
0.717902
0.543945
0.682768
0.400374
0.856712
0.856712
0.626964
0.626964
0.626964
0.844383
0.790231
0.757953
0.804342
0.798249
0.717683
0.759895
0.632625
0.827824
0.999627
0.951587
0.445859
0.885196
0.790056
0.252808
0.421974
0.421974
0.233574
0.214088
0.924547
0.788087
0.788087
0.263051
0.309461
0.871137
0.898422
0.343685
0.781075
0.750073
0.495433
0.878767
0.719857
0.907362
0.864514
0.988005
0.433331
0.236528
0.361528
0.495885
0.370966
0.844084
0.91836
0.404845
0.877726
0.309556
0.309556
0.221881
0.221881
0.475873
0.681792
0.487986
0.80707
0.231563
0.702853
0.883134
0.782242
0.589361
0.858702
0.6481
0.648501
0.648501
0.825416
0.327967
0.466203
0.225819
0.960337
0.369499
0.446724
0.701374
0.481855
0.865448
0.625082
0.431765
0.957163
0.847468
0.921108
0.921108
0.730753
0.363977
0.286238
0.606363
0.921253
0.859889
0.455973
0.455973
0.832332
0.466946
0.345583
0.627259
0.921384
0.921384
0.83268
0.717464
0.924451
0.832511
0.832511
0.81698
0.915923
0.566346
0.903764
0.487731
0.221163
0.323779
0.998933
0.543669
0.768422
0.39607
0.246014
0.773808
0.859761
0.859761
0.648961
0.495098
0.74347
0.223106
0.586115
0.269181
0.908655
0.999586
0.269575
0.766441
0.522617
0.798647
0.916726
0.953776
0.461702
0.431247
0.272021
0.303049
0.517194
0.643626
0.643626
0.678113
0.678113
0.697093
0.296627
0.296627
0.543013
0.703787
0.230993
0.351011
0.235095
0.391904
0.862595
0.862595
0.9493
0.326099
0.326099
0.993611
0.744776
0.80158
0.80158
0.41544
0.820627
0.688326
0.688184
0.440896
0.307413
0.221654
0.410863
0.999842
0.420889
0.322945
0.219989
0.806493
0.836122
0.347675
0.316012
0.291286
0.784955
0.45881
0.45881
0.598931
0.307947
0.245562
0.503315
0.439623
0.476128
0.476128
0.99376
0.396949
0.511377
0.590999
0.590999
0.308152
0.263172
0.501913
0.410589
0.842743
0.666532
0.748567
0.267428
0.579497
0.280522
0.225228
0.651347
0.661369
0.661369
0.226026
0.486691
0.290986
0.866817
0.41161
0.21704
0.998483
0.20901
0.512018
0.863001
0.97875
0.97875
0.893089
0.893089
0.388017
0.634653
0.53881
0.466699
0.282138
0.207136
0.749112
0.264002
0.582933
0.626762
0.832078
0.832078
0.750104
0.499975
0.374187
0.448206
0.448206
0.387148
0.387148
0.223076
0.285049
0.285049
0.683591
0.624938
0.624938
0.774025
0.774025
0.999654
0.527301
0.745956
0.43135
0.789515
0.394731
0.643211
0.884074
0.97467
0.273185
0.284906
0.284906
0.391828
0.754358
0.804485
0.804485
0.816697
0.812551
0.506467
0.240638
0.664103
0.92499
0.799429
0.763282
0.763282
0.750031
0.996699
0.996699
0.996699
0.559628
0.788084
0.788084
0.830392
0.209806
0.429396
0.42893
0.916279
0.916279
0.521686
0.987203
0.987203
0.249837
0.313064
0.474154
0.440632
0.579262
0.558794
0.764328
0.614391
0.648
0.557115
0.245738
0.245738
0.535336
0.717332
0.498644
0.762416
0.993355
0.879336
0.704928
0.704928
0.220678
0.776144
0.994785
0.70703
0.70703
0.644551
0.339748
0.83345
0.879157
0.58591
0.58591
0.383699
0.551453
0.577321
0.577321
0.422661
0.468841
0.468841
0.318407
0.318407
0.545286
0.545286
0.446968
0.833285
0.344286
0.277569
0.396555
0.279962
0.660928
0.876846
0.788766
0.532275
0.532275
0.699262
0.875565
0.227721
0.326537
0.561001
0.331967
0.737621
0.737621
0.384973
0.360128
0.731995
0.731995
0.66659
0.916119
0.823545
0.688899
0.665932
0.912896
0.86411
0.662391
0.393372
0.427177
0.382844
0.819131
0.71732
0.307604
0.606088
0.606088
0.683997
0.501404
0.679463
0.827893
0.213609
0.406842
0.594296
0.287481
0.989473
0.65819
0.695372
0.459095
0.251962
0.34084
0.2015
0.314043
0.505772
0.505772
0.505772
0.808275
0.307752
0.877972
0.532582
0.532582
0.448639
0.824862
0.721025
0.751983
0.688587
0.806419
0.36895
0.992602
0.66899
0.656523
0.445258
0.445258
0.311185
0.311185
0.409139
0.489251
0.323449
0.819164
0.853278
0.461798
0.854676
0.854676
0.497107
0.672548
0.246343
0.812806
0.812806
0.242962
0.628717
0.991767
0.991767
0.486585
0.665535
0.619159
0.607573
0.607573
0.249516
0.664527
0.754744
0.708783
0.809145
0.809145
0.273114
0.959787
0.959787
0.808236
0.856969
0.526675
0.36034
0.314827
0.994005
0.592006
0.703301
0.804185
0.258746
0.678875
0.900896
0.787874
0.405148
0.222695
0.222695
0.998771
0.814937
0.814937
0.867248
0.855215
0.855215
0.66551
0.76286
0.380283
0.918003
0.918003
0.263913
0.263913
0.254
0.758666
0.678781
0.727089
0.856975
0.856975
0.405631
0.422764
0.334995
0.334995
0.31096
0.75075
0.811485
0.811485
0.810135
0.972853
0.996336
0.783061
0.468205
0.799268
0.584778
0.898183
0.493051
0.267164
0.78585
0.78585
0.503247
0.503247
0.383127
0.825684
0.825684
0.821846
0.773063
0.400163
0.578378
0.385795
0.325583
0.325583
0.948079
0.758905
0.828336
0.802474
0.733039
0.785648
0.785648
0.248823
0.803965
0.268628
0.237811
0.237811
0.856836
0.750138
0.618417
0.833221
0.920571
0.723884
0.934745
0.35709
0.27548
0.27548
0.27548
0.824363
0.824363
0.824363
0.408551
0.408551
0.289852
0.325486
0.482406
0.919034
0.919034
0.555735
0.924795
0.229835
0.987081
0.833746
0.687021
0.9064
0.9064
0.417987
0.263748
0.481487
0.65829
0.873167
0.664319
0.664319
0.639127
0.22191
0.414088
0.414088
0.414088
0.668766
0.805277
0.85726
0.201615
0.87141
0.641562
0.747102
0.846526
0.554307
0.397847
0.272993
0.672811
0.672811
0.984691
0.430701
0.820402
0.707625
0.413745
0.413745
0.733967
0.733967
0.412839
0.96269
0.636675
0.415535
0.374036
0.753541
0.753541
0.552187
0.240121
0.638761
0.638761
0.23513
0.569372
0.218568
0.218568
0.394635
0.360516
0.258834
0.349334
0.97639
0.780199
0.772542
0.985642
0.985642
0.822873
0.822873
0.443902
0.351079
0.473268
0.411413
0.772169
0.477901
0.395297
0.303395
0.758576
0.372029
0.989897
0.612664
0.572343
0.86173
0.505567
0.398302
0.398302
0.4966
0.838778
0.611422
0.863875
0.92085
0.824671
0.616556
0.24843
0.359178
0.359178
0.557225
0.557225
0.995402
0.329227
0.329227
0.26688
0.593146
0.746942
0.746942
0.733246
0.348678
0.348678
0.743838
0.73402
0.997933
0.999609
0.782886
0.800379
0.784117
0.500714
0.558471
0.543811
0.543811
0.910561
0.799798
0.679452
0.607979
0.977205
0.279105
0.789893
0.696033
0.751367
0.671433
0.719008
0.328389
0.328389
0.817934
0.621174
0.52391
0.337224
0.501132
0.841345
0.919461
0.334233
0.334233
0.203109
0.405852
0.384379
0.977845
0.99386
0.921512
0.921512
0.973218
0.294457
0.818784
0.882541
0.674996
0.806499
0.518114
0.307538
0.306723
0.950977
0.981725
0.642922
0.725564
0.378841
0.273881
0.273881
0.846483
0.866703
0.98383
0.452722
0.484922
0.36446
0.414748
0.227077
0.227077
0.819147
0.529956
0.270521
0.65183
0.749893
0.274861
0.706798
0.891193
0.232445
0.232445
0.526469
0.702104
0.51955
0.768854
0.242188
0.219269
0.717909
0.839533
0.778997
0.48818
0.683491
0.72844
0.976947
0.976947
0.999678
0.510192
0.999748
0.527161
0.617128
0.731672
0.731672
0.731672
0.577695
0.577695
0.998916
0.998916
0.778906
0.778906
0.612663
0.200085
0.899607
0.899607
0.856394
0.612263
0.521439
0.249421
0.847997
0.847997
0.241
0.980155
0.766845
0.333536
0.688407
0.805331
0.985156
0.268247
0.953966
0.316339
0.333467
0.643241
0.643241
0.85755
0.91548
0.471527
0.909009
0.909009
0.588505
0.261277
0.261277
0.633092
0.633092
0.915909
0.915909
0.86297
0.86297
0.752644
0.397004
0.949208
0.208442
0.827321
0.911475
0.982235
0.650216
0.287319
0.287319
0.591598
0.250383
0.379166
0.379166
0.59608
0.575257
0.336004
0.336004
0.336004
0.305399
0.305399
0.863982
0.499722
0.219495
0.393081
0.632311
0.635179
0.671485
0.816742
0.302041
0.301447
0.549521
0.453618
0.453618
0.99401
0.286774
0.998252
0.997575
0.997575
0.747304
0.889396
0.218839
0.218839
0.851052
0.840903
0.318758
0.318758
0.430719
0.460214
0.660694
0.938613
0.611821
0.579823
0.579823
0.37267
0.354377
0.596828
0.875573
0.545628
0.72109
0.72109
0.251836
0.878349
0.862759
0.679454
0.679454
0.31122
0.472904
0.406051
0.543084
0.564032
0.310395
0.310395
0.671177
0.52413
0.52413
0.783544
0.783544
0.911089
0.999962
0.200007
0.453873
0.304968
0.218569
0.792297
0.596103
0.316932
0.271191
0.930891
0.439109
0.860642
0.604808
0.604808
0.874751
0.981127
0.219835
0.87836
0.473887
0.484232
0.998752
0.534192
0.534192
0.93923
0.667088
0.374799
0.648275
0.530608
0.518843
0.518843
0.703208
0.546068
0.473159
0.800694
0.652484
0.610139
0.522627
0.668402
0.280331
0.285568
0.285568
0.285568
0.865766
0.225167
0.358751
0.281499
0.225528
0.938522
0.409395
0.998216
0.315981
0.997525
0.27653
0.261004
0.261004
0.815413
0.835532
0.461671
0.291156
0.702908
0.702908
0.297425
0.297425
0.503133
0.509827
0.929226
0.929226
0.799976
0.568074
0.362298
0.668036
0.225194
0.595089
0.762603
0.762603
0.471653
0.622775
0.811429
0.7316
0.7316
0.636114
0.325047
0.229162
0.595881
0.919362
0.919748
0.313072
0.306031
0.76254
0.285063
0.476328
0.476328
0.725461
0.483895
0.690787
0.42561
0.42561
0.42561
0.401569
0.401569
0.409377
0.76646
0.663538
0.33668
0.930459
0.612145
0.612145
0.544872
0.544872
0.342237
0.892342
0.892342
0.624954
0.624954
0.795785
0.882166
0.408646
0.443006
0.443006
0.754024
0.204143
0.791351
0.22924
0.800336
0.319576
0.596171
0.34172
0.34172
0.36056
0.461206
0.902633
0.286355
0.7276
0.215332
0.960592
0.803199
0.281787
0.879449
0.65654
0.831746
0.831746
0.490933
0.94044
0.94044
0.666858
0.591299
0.482204
0.517322
0.270221
0.239726
0.605095
0.230844
0.855378
0.825897
0.744588
0.503005
0.570541
0.220321
0.905654
0.999304
0.873217
0.61223
0.386359
0.386359
0.741263
0.741263
0.604275
0.422757
0.219753
0.219753
0.708152
0.89634
0.89634
0.397711
0.626324
0.260739
0.230208
0.230208
0.230208
0.457873
0.917283
0.917283
0.705521
0.873371
0.873371
0.244239
0.342037
0.236807
0.240265
0.45219
0.45219
0.424499
0.858964
0.64284
0.64284
0.761457
0.262114
0.857064
0.69734
0.598753
0.594276
0.691966
0.299703
0.767055
0.767055
0.202478
0.202478
0.567019
0.312338
0.774924
0.460341
0.482435
0.414802
0.99798
0.665594
0.665594
0.324478
0.900344
0.827404
0.826145
0.220804
0.556321
0.556321
0.558347
0.734345
0.609593
0.405813
0.418184
0.327623
0.373004
0.26703
0.396843
0.396843
0.754237
0.779534
0.773986
0.998388
0.969441
0.336273
0.574172
0.377175
0.5533
0.95822
0.36596
0.365804
0.443755
0.917445
0.243492
0.902999
0.63123
0.424379
0.70643
0.479346
0.589696
0.866592
0.373136
0.386113
0.227889
0.934473
0.592883
0.29748
0.990575
0.439464
0.471952
0.640583
0.848144
0.990292
0.87016
0.332308
0.354632
0.911853
0.929174
0.615373
0.658526
0.473818
0.885184
0.885184
0.885184
0.419573
0.772462
0.772462
0.772462
0.340208
0.374564
0.374564
0.953524
0.367842
0.690959
0.418457
0.611397
0.64676
0.898996
0.402528
0.343337
0.588649
0.34493
0.655364
0.892407
0.487944
0.584825
0.584825
0.39756
0.903071
0.555327
0.994055
0.994055
0.709262
0.420796
0.760145
0.272983
0.864024
0.213957
0.850053
0.815097
0.525777
0.980756
0.45891
0.45891
0.45891
0.836126
0.836126
0.366205
0.625913
0.654484
0.249225
0.367997
0.878839
0.700149
0.78208
0.846604
0.770453
0.502114
0.243369
0.343861
0.746299
0.62481
0.608213
0.223201
0.831672
0.45202
0.604095
0.260059
0.204687
0.262081
0.690947
0.500815
0.508402
0.314768
0.823093
0.91434
0.841531
0.841531
0.481147
0.2694
0.2694
0.423575
0.435937
0.372891
0.372891
0.998562
0.519231
0.336535
0.731172
0.557738
0.78805
0.78805
0.809151
0.397017
0.249285
0.234739
0.234739
0.800976
0.800976
0.812514
0.536126
0.498361
0.259042
0.841758
0.219231
0.656701
0.259648
0.259648
0.228159
0.691087
0.450684
0.499011
0.499011
0.611139
0.211319
0.714716
0.8529
0.8529
0.572494
0.994736
0.503009
0.318237
0.785441
0.977049
0.977049
0.9995
0.469066
0.876003
0.790594
0.740594
0.824931
0.774486
0.520115
0.98886
0.993413
0.838469
0.757178
0.757178
0.79996
0.234501
0.234501
0.36665
0.468973
0.717577
0.578481
0.293592
0.282992
0.675346
0.543246
0.901216
0.605905
0.828072
0.342855
0.415133
0.415133
0.240781
0.664519
0.885973
0.862139
0.862139
0.391937
0.763153
0.861689
0.927773
0.287964
0.562891
0.266654
0.520353
0.480467
0.40039
0.419672
0.825756
0.999348
0.77505
0.791327
0.631771
0.807807
0.374477
0.26941
0.4978
0.608081
0.234822
0.547023
0.547023
0.661752
0.718773
0.718773
0.344136
0.344136
0.266192
0.555406
0.449988
0.228161
0.812808
0.641387
0.641387
0.272466
0.228313
0.32039
0.32039
0.231047
0.354623
0.269042
0.838222
0.595525
0.595525
0.256379
0.256379
0.34159
0.863245
0.863245
0.979634
0.98462
0.681126
0.681126
0.62433
0.999972
0.476538
0.534052
0.302501
0.736996
0.404899
0.404899
0.949778
0.994985
0.787763
0.258962
0.258962
0.453697
0.453697
0.995165
0.905879
0.90983
0.998472
0.997532
0.85311
0.85311
0.825987
0.821648
0.821648
0.640333
0.29044
0.530496
0.225821
0.307945
0.307945
0.672706
0.672706
0.660619
0.291526
0.242154
0.207334
0.878125
0.878125
0.398624
0.648432
0.997413
0.988521
0.992555
0.38666
0.220413
0.640893
0.640893
0.252659
0.891151
0.36882
0.215696
0.820636
0.820636
0.497058
0.685403
0.879896
0.909529
0.239659
0.239659
0.239659
0.227674
0.3457
0.786398
0.924055
0.812886
0.630953
0.20102
0.20102
0.413435
0.413435
0.381217
0.499106
0.807781
0.210899
0.736812
0.736812
0.593031
0.478521
0.478521
0.201518
0.780855
0.457337
0.457337
0.532943
0.69473
0.77278
0.224553
0.224553
0.853023
0.314971
0.388664
0.865892
0.62844
0.62844
0.554583
0.632119
0.893031
0.319297
0.849393
0.849393
0.758223
0.585428
0.227667
0.227667
0.278796
0.839385
0.233398
0.745006
0.628471
0.381857
0.381857
0.463973
0.695761
0.210191
0.763584
0.496601
0.531325
0.804672
0.387144
0.26038
0.931257
0.229069
0.325469
0.706339
0.212547
0.212547
0.328024
0.328024
0.206784
0.206784
0.574767
0.888975
0.317488
0.317488
0.204182
0.294125
0.294125
0.400109
0.363086
0.862301
0.911338
0.991948
0.741735
0.320298
0.320298
0.209433
0.747417
0.747417
0.683079
0.332274
0.485898
0.427305
0.427305
0.60674
0.360889
0.360889
0.468445
0.676578
0.676578
0.542626
0.710752
0.922309
0.937991
0.937991
0.326245
0.326245
0.877101
0.398534
0.64683
0.881617
0.254984
0.254984
0.207737
0.681576
0.587088
0.777352
0.240877
0.737865
0.93843
0.267093
0.492608
0.611816
0.868527
0.82249
0.82249
0.437154
0.437154
0.630834
0.289347
0.445334
0.849528
0.749458
0.532924
0.532924
0.909847
0.483632
0.618516
0.222678
0.222678
0.222678
0.852153
0.625358
0.625358
0.7452
0.261766
0.321875
0.321875
0.772509
0.338091
0.714348
0.78828
0.904814
0.343334
0.201351
0.794669
0.29297
0.859932
0.577498
0.796775
0.478235
0.500965
0.777613
0.21884
0.21884
0.793117
0.779212
0.983345
0.983345
0.858865
0.216151
0.804286
0.804286
0.79045
0.658913
0.832775
0.832775
0.745547
0.660686
0.660686
0.660686
0.668124
0.451344
0.791001
0.210155
0.533009
0.89488
0.89488
0.922073
0.697465
0.967082
0.812435
0.618755
0.825663
0.825663
0.610854
0.282383
0.391391
0.647596
0.306641
0.229459
0.217557
0.641809
0.249731
0.741367
0.60218
0.710342
0.731088
0.681612
0.460269
0.34435
0.34435
0.805176
0.222179
0.321923
0.321923
0.862957
0.914219
0.914219
0.386693
0.386693
0.571282
0.747288
0.310679
0.545514
0.324578
0.498673
0.25013
0.25013
0.813518
0.283081
0.283081
0.217805
0.739515
0.420195
0.623522
0.623522
0.839859
0.81738
0.74165
0.789188
0.684537
0.321863
0.866801
0.866801
0.60452
0.343798
0.212203
0.621655
0.718946
0.66305
0.571258
0.535772
0.939695
0.408677
0.583652
0.523148
0.869403
0.617511
0.228369
0.228369
0.39132
0.248932
0.769794
0.499907
0.484209
0.411626
0.995327
0.368008
0.782249
0.416163
0.468206
0.918911
0.455877
0.254806
0.456719
0.53834
0.244301
0.301324
0.815439
0.37279
0.951052
0.422781
0.706716
0.7474
0.445803
0.643701
0.340748
0.996437
0.996437
0.465026
0.501324
0.501324
0.899516
0.470898
0.890463
0.71377
0.817899
0.409217
0.354546
0.274183
0.930781
0.823755
0.601371
0.875981
0.875981
0.759647
0.785423
0.371116
0.217909
0.715795
0.6242
0.268755
0.268755
0.474017
0.742267
0.654359
0.605031
0.218631
0.385176
0.637737
0.963002
0.412828
0.983087
0.607458
0.59307
0.733349
0.805799
0.236347
0.991207
0.840468
0.428997
0.428997
0.367518
0.861718
0.222325
0.222325
0.222325
0.384297
0.415776
0.606702
0.273334
0.717081
0.889823
0.888763
0.512574
0.289531
0.514854
0.795607
0.386883
0.360689
0.353853
0.263876
0.924625
0.214325
0.302329
0.497852
0.666974
0.666974
0.666974
0.483861
0.730635
0.662154
0.973575
0.992269
0.39689
0.474922
0.474922
0.615364
0.816683
0.214358
0.259007
0.259007
0.476365
0.916202
0.916202
0.462467
0.765124
0.213906
0.365245
0.344362
0.629077
0.480323
0.505298
0.675571
0.675571
0.46558
0.853315
0.222276
0.217334
0.458472
0.879955
0.879955
0.36271
0.374102
0.452817
0.680399
0.854003
0.999536
0.864213
0.990836
0.478736
0.478736
0.478736
0.245752
0.245752
0.62081
0.856831
0.808132
0.475225
0.475407
0.802593
0.30496
0.316011
0.902664
0.854113
0.701477
0.429315
0.285692
0.744782
0.625705
0.263544
0.254835
0.254835
0.223699
0.998065
0.749899
0.21198
0.724127
0.724127
0.380126
0.96938
0.786374
0.786374
0.434484
0.740079
0.692206
0.348059
0.348059
0.38914
0.223943
0.986415
0.801746
0.801746
0.364959
0.364959
0.674941
0.747839
0.317205
0.308991
0.334832
0.894563
0.944084
0.998743
0.72599
0.72599
0.510474
0.82226
0.839033
0.514808
0.236145
0.998562
0.248991
0.248991
0.959196
0.7518
0.7518
0.430098
0.995148
0.444993
0.871428
0.656852
0.815592
0.815592
0.854082
0.212204
0.830434
0.605115
0.605141
0.623434
0.521769
0.358448
0.692982
0.345391
0.226288
0.24207
0.677848
0.677848
0.693749
0.387423
0.397443
0.397443
0.753669
0.456373
0.710987
0.710987
0.829145
0.571695
0.996797
0.259033
0.653127
0.787483
0.787483
0.747545
0.747545
0.869138
0.841655
0.309319
0.49744
0.233159
0.233159
0.350758
0.378477
0.777312
0.93521
0.988809
0.825253
0.723835
0.958593
0.760438
0.760438
0.972979
0.612078
0.930794
0.855423
0.855423
0.73494
0.999915
0.749546
0.999794
0.858719
0.859302
0.998581
0.654043
0.654043
0.888446
0.793443
0.537883
0.66298
0.725192
0.297068
0.876553
0.383067
0.654801
0.496414
0.728867
0.728867
0.304937
0.304937
0.304937
0.64009
0.994286
0.746069
0.575346
0.345886
0.342157
0.853843
0.870022
0.870022
0.562381
0.267396
0.618831
0.618831
0.283322
0.991124
0.213983
0.213983
0.585193
0.933004
0.377793
0.506692
0.552834
0.902914
0.424622
0.915339
0.254786
0.407992
0.717774
0.438193
0.714406
0.99127
0.987088
0.540795
0.540795
0.386807
0.601138
0.601138
0.677167
0.416416
0.578867
0.308263
0.214048
0.207495
0.637187
0.637187
0.310251
0.888042
0.987058
0.710298
0.660318
0.461397
0.461397
0.619532
0.353811
0.827826
0.369974
0.950765
0.9959
0.821106
0.618767
0.361545
0.335749
0.906779
0.239647
0.310363
0.741039
0.840087
0.323715
0.451445
0.348056
0.31589
0.31589
0.461384
0.27972
0.27972
0.609709
0.598022
0.372042
0.372042
0.661334
0.661001
0.657434
0.85597
0.756809
0.75122
0.432905
0.445596
0.211084
0.348908
0.389533
0.389533
0.336037
0.336037
0.223585
0.223585
0.804716
0.38531
0.589615
0.989324
0.597974
0.72727
0.385497
0.608139
0.830375
0.53522
0.811382
0.599669
0.61281
0.597673
0.987503
0.822479
0.332308
0.764478
0.805852
0.516093
0.767436
0.767436
0.460518
0.327062
0.216195
0.597896
0.293631
0.631644
0.631644
0.902414
0.581303
0.475659
0.29072
0.793913
0.793913
0.33797
0.306712
0.453609
0.827907
0.827907
0.675955
0.494491
0.204769
0.546723
0.920607
0.981124
0.985877
0.375581
0.375581
0.656713
0.656713
0.788489
0.306426
0.712454
0.61589
0.617874
0.617874
0.632686
0.83175
0.82705
0.82705
0.760714
0.741517
0.565341
0.912248
0.766622
0.384086
0.573684
0.784843
0.774656
0.404555
0.251548
0.870766
0.870766
0.886231
0.721435
0.421374
0.719193
0.573859
0.573859
0.573859
0.371287
0.371287
0.87731
0.264312
0.713538
0.713538
0.200351
0.696748
0.250499
0.250499
0.750688
0.826759
0.44906
0.256393
0.745781
0.902782
0.850166
0.833137
0.860147
0.565322
0.796378
0.256094
0.893594
0.2584
0.857453
0.776984
0.776984
0.793538
0.333014
0.726419
0.726419
0.609209
0.389448
0.500702
0.440594
0.527873
0.30005
0.323958
0.879568
0.274511
0.996641
0.293674
0.485888
0.355636
0.625649
0.567318
0.546838
0.773491
0.773491
0.999
0.244346
0.383952
0.383952
0.481028
0.283118
0.878098
0.800442
0.280115
0.428448
0.423957
0.423957
0.759473
0.390225
0.502301
0.301719
0.543747
0.769049
0.221219
0.454074
0.327145
0.530947
0.34036
0.835292
0.288682
0.25989
0.25989
0.530228
0.35877
0.816841
0.482673
0.761079
0.298782
0.374741
0.213886
0.655758
0.655758
0.267739
0.20997
0.918581
0.831489
0.56204
0.866119
0.698374
0.249974
0.704894
0.796179
0.907554
0.829035
0.999841
0.225953
0.225953
0.365198
0.365198
0.480115
0.480115
0.225421
0.225421
0.336498
0.336498
0.394505
0.999587
0.334945
0.936916
0.533227
0.999887
0.99827
0.725691
0.847926
0.665096
0.665096
0.839845
0.566469
0.976119
0.782224
0.319144
0.37241
0.37241
0.589131
0.87249
0.87249
0.87431
0.660929
0.499618
0.625934
0.682203
0.936691
0.246862
0.290845
0.290845
0.872515
0.37172
0.71166
0.430334
0.63279
0.428883
0.500113
0.518499
0.391325
0.531256
0.236318
0.236318
0.362613
0.389135
0.671687
0.358884
0.413131
0.321018
0.571444
0.738084
0.391257
0.356995
0.300972
0.999739
0.819645
0.819645
0.846405
0.537635
0.519998
0.524594
0.410346
0.681426
0.212141
0.694949
0.694949
0.668491
0.668491
0.788156
0.850454
0.922022
0.600594
0.869308
0.869308
0.541962
0.541962
0.822886
0.504276
0.215076
0.290243
0.449149
0.793894
0.461956
0.545584
0.545584
0.545584
0.494469
0.203441
0.203441
0.203441
0.308476
0.308476
0.836854
0.812803
0.52644
0.591191
0.591191
0.298406
0.953949
0.908155
0.518172
0.832389
0.368332
0.682212
0.353584
0.353584
0.99921
0.747378
0.377768
0.551077
0.542181
0.752926
0.413329
0.413329
0.76331
0.76331
0.624807
0.624807
0.226127
0.23409
0.39741
0.78825
0.906399
0.239303
0.784045
0.43148
0.977602
0.977602
0.568514
0.721353
0.35713
0.313651
0.944159
0.224619
0.57736
0.764172
0.35336
0.35336
0.687466
0.231841
0.688208
0.249778
0.766991
0.82918
0.391853
0.462932
0.886468
0.886468
0.392652
0.49743
0.561729
0.746384
0.287537
0.758335
0.856151
0.880592
0.741536
0.528813
0.319537
0.255664
0.581634
0.910895
0.298321
0.298321
0.320576
0.716415
0.781053
0.337686
0.716902
0.51226
0.656451
0.656451
0.417037
0.99611
0.229087
0.316613
0.832999
0.220832
0.995246
0.995246
0.339555
0.339555
0.550102
0.550102
0.280714
0.280714
0.226529
0.286042
0.627093
0.804724
0.355822
0.355822
0.448631
0.71169
0.71169
0.817594
0.769094
0.769094
0.484772
0.484772
0.760945
0.540837
0.872931
0.657427
0.694494
0.231754
0.305872
0.672401
0.235984
0.799904
0.909843
0.909843
0.566882
0.285982
0.438044
0.2934
0.797286
0.99997
0.268124
0.719574
0.592471
0.413411
0.759227
0.759227
0.544279
0.204383
0.293877
0.293877
0.621144
0.226789
0.780175
0.446214
0.30332
0.290563
0.763237
0.763237
0.763237
0.558339
0.871079
0.7673
0.857465
0.759035
0.759035
0.92497
0.43776
0.43776
0.644202
0.899797
0.936268
0.788854
0.209318
0.209318
0.209318
0.920675
0.406402
0.396088
0.962258
0.206215
0.984079
0.663291
0.555162
0.282095
0.747318
0.500843
0.350811
0.350811
0.350811
0.829465
0.999984
0.422917
0.239036
0.670101
0.601446
0.622844
0.546766
0.380392
0.22335
0.608977
0.555165
0.23746
0.434306
0.906941
0.274317
0.90978
0.791911
0.45377
0.296683
0.24169
0.363199
0.417821
0.997173
0.909058
0.253007
0.777201
0.75121
0.680965
0.680965
0.547
0.600434
0.736312
0.757491
0.353165
0.353165
0.365978
0.80655
0.602513
0.792439
0.488796
0.488177
0.488177
0.783772
0.209011
0.312262
0.316605
0.667283
0.863031
0.863031
0.921895
0.921895
0.652261
0.251238
0.977346
0.391386
0.903029
0.671178
0.400315
0.400315
0.927215
0.760952
0.977713
0.837019
0.505975
0.548702
0.244053
0.395087
0.207309
0.352029
0.665873
0.473757
0.473757
0.368112
0.361853
0.361853
0.419355
0.791335
0.429647
0.512378
0.445027
0.319409
0.319409
0.319409
0.536396
0.812692
0.570037
0.669769
0.46678
0.216816
0.216816
0.313749
0.313749
0.275141
0.275141
0.445498
0.704293
0.731093
0.457728
0.457728
0.383403
0.26071
0.722695
0.623658
0.562828
0.276655
0.274402
0.364247
0.364247
0.492955
0.492955
0.645253
0.854986
0.856672
0.990833
0.234885
0.83792
0.567168
0.295378
0.624324
0.624324
0.358059
0.358059
0.34116
0.410275
0.410275
0.628488
0.39074
0.507571
0.507571
0.794162
0.406895
0.231215
0.309969
0.257682
0.208592
0.899249
0.510771
0.42577
0.302721
0.476065
0.476065
0.767428
0.417664
0.68453
0.395811
0.811252
0.302435
0.626705
0.568388
0.92298
0.42627
0.898813
0.253643
0.433459
0.433459
0.689919
0.919765
0.559507
0.464678
0.794812
0.680232
0.979014
0.636222
0.807938
0.216397
0.251321
0.834938
0.971711
0.318733
0.792448
0.935476
0.201284
0.201284
0.273097
0.810374
0.332014
0.929982
0.929982
0.255181
0.590365
0.995854
0.640126
0.579057
0.243552
0.255218
0.627939
0.881341
0.881341
0.697078
0.211019
0.621752
0.600734
0.854895
0.914777
0.819261
0.797481
0.254166
0.493097
0.324975
0.324975
0.655087
0.708394
0.548896
0.999173
0.511234
0.914808
0.914808
0.235716
0.479143
0.967871
0.949221
0.698911
0.698911
0.224591
0.765793
0.250948
0.250948
0.440155
0.823612
0.811887
0.811887
0.838592
0.436158
0.436158
0.827882
0.831541
0.49679
0.587759
0.284285
0.802144
0.730263
0.71169
0.461288
0.778433
0.278303
0.222958
0.523565
0.547837
0.394312
0.735809
0.285867
0.285867
0.451914
0.759993
0.742285
0.775646
0.637628
0.624917
0.389991
0.778471
0.822811
0.825691
0.839638
0.489864
0.348524
0.393393
0.735086
0.446497
0.497174
0.497174
0.497174
0.666782
0.586548
0.487918
0.350741
0.735342
0.863457
0.457904
0.818774
0.318932
0.419974
0.710312
0.710312
0.676018
0.791479
0.524835
0.292059
0.999539
0.468001
0.98497
0.546514
0.578317
0.573726
0.849946
0.204508
0.204508
0.294195
0.260704
0.838902
0.493859
0.299562
0.416338
0.716932
0.999594
0.573861
0.292619
0.687444
0.63878
0.458579
0.438321
0.438321
0.464915
0.796217
0.369598
0.369598
0.318311
0.626318
0.786497
0.401129
0.774004
0.267503
0.966634
0.204206
0.204206
0.697814
0.603554
0.746985
0.901961
0.42384
0.223326
0.346053
0.884937
0.290054
0.800651
0.723249
0.723249
0.499425
0.413179
0.887139
0.611655
0.61847
0.612883
0.533321
0.584963
0.29164
0.682461
0.284509
0.619046
0.596511
0.562509
0.768839
0.931637
0.639946
0.840621
0.487651
0.484975
0.75043
0.83682
0.420493
0.448001
0.448001
0.294187
0.243788
0.350468
0.350468
0.270224
0.969105
0.831163
0.831163
0.545983
0.600063
0.733911
0.412191
0.752817
0.923324
0.929177
0.862613
0.390437
0.206086
0.396982
0.410049
0.418752
0.465753
0.465753
0.914777
0.885645
0.295949
0.907123
0.902911
0.992314
0.785197
0.785197
0.326289
0.326289
0.89299
0.89299
0.203008
0.554979
0.794135
0.671769
0.240578
0.801353
0.572458
0.997941
0.265827
0.265827
0.250094
0.791735
0.989275
0.989275
0.239937
0.524071
0.714285
0.31104
0.31104
0.844134
0.619453
0.241079
0.494555
0.494555
0.988824
0.534195
0.534195
0.44962
0.44962
0.813202
0.463386
0.904334
0.252295
0.910795
0.557988
0.919128
0.508452
0.768197
0.556785
0.556785
0.763108
0.856486
0.565242
0.276466
0.551444
0.844713
0.200622
0.82482
0.777422
0.857001
0.269368
0.230875
0.733558
0.593053
0.519358
0.519358
0.857584
0.50026
0.271835
0.986192
0.986192
0.376745
0.764058
0.826422
0.557981
0.525667
0.260512
0.653944
0.812991
0.301384
0.301384
0.776039
0.776039
0.653371
0.843211
0.385541
0.918141
0.918141
0.599092
0.471156
0.717483
0.76045
0.818229
0.27676
0.27676
0.27676
0.210795
0.210795
0.210795
0.873899
0.277993
0.829992
0.860364
0.35985
0.874817
0.874817
0.642133
0.267469
0.662813
0.770729
0.981581
0.885349
0.441431
0.209502
0.234908
0.874245
0.380888
0.357227
0.8568
0.852359
0.852359
0.998742
0.224597
0.224597
0.535778
0.979761
0.901137
0.201035
0.475492
0.661485
0.625533
0.206708
0.277652
0.814169
0.386703
0.659701
0.288514
0.422586
0.422586
0.687938
0.842705
0.357952
0.648381
0.648381
0.51386
0.911915
0.705917
0.223554
0.410618
0.678607
0.635114
0.703089
0.619023
0.502582
0.771447
0.784743
0.424732
0.765443
0.810101
0.752899
0.752899
0.769924
0.769924
0.769924
0.857995
0.963684
0.779128
0.779128
0.878966
0.330264
0.708832
0.804992
0.577663
0.577663
0.334545
0.748795
0.420357
0.912107
0.230878
0.230878
0.729882
0.251199
0.251199
0.598376
0.598376
0.621201
0.750915
0.750915
0.473519
0.993316
0.748525
0.748525
0.79079
0.807009
0.782417
0.736953
0.365945
0.485171
0.763054
0.471332
0.309357
0.537817
0.792498
0.358483
0.920877
0.920877
0.686908
0.634419
0.328365
0.258859
0.227681
0.866676
0.823331
0.649786
0.684685
0.509063
0.509063
0.884781
0.591978
0.923069
0.908914
0.477357
0.693881
0.693881
0.720081
0.395018
0.52299
0.927345
0.808498
0.258721
0.569032
0.536287
0.322682
0.696183
0.696183
0.338991
0.338991
0.418085
0.841012
0.556005
0.581142
0.998565
0.290207
0.262097
0.730675
0.898009
0.898009
0.777606
0.351285
0.873962
0.555587
0.785272
0.785272
0.744254
0.990189
0.803829
0.803829
0.803829
0.702023
0.927628
0.464234
0.286811
0.286811
0.231505
0.297593
0.587123
0.587123
0.598122
0.86025
0.289238
0.289238
0.642481
0.760614
0.409793
0.497301
0.684928
0.823644
0.375411
0.748638
0.613994
0.502352
0.214769
0.214769
0.382055
0.622726
0.223271
0.223271
0.741649
0.651527
0.994538
0.40125
0.587731
0.210023
0.967334
0.933585
0.424896
0.575551
0.575551
0.971607
0.971607
0.631885
0.288321
0.288321
0.342796
0.610526
0.36557
0.356158
0.264936
0.441774
0.300414
0.300414
0.468727
0.408962
0.321883
0.367676
0.451327
0.506344
0.506344
0.688128
0.796687
0.59497
0.450237
0.498345
0.498345
0.609696
0.761353
0.373116
0.237673
0.892333
0.892333
0.721165
0.403585
0.803921
0.803921
0.999617
0.345643
0.988094
0.444138
0.319209
0.703552
0.245884
0.213679
0.213679
0.500886
0.21083
0.457885
0.750126
0.740674
0.467664
0.205082
0.280333
0.549956
0.549956
0.747748
0.747748
0.49401
0.715158
0.229312
0.491246
0.516205
0.516205
0.311868
0.777914
0.511144
0.71842
0.71842
0.913694
0.265777
0.422376
0.368968
0.795662
0.727385
0.829074
0.629393
0.21662
0.997247
0.900952
0.794223
0.830192
0.213516
0.437958
0.437958
0.730077
0.487731
0.394838
0.202029
0.499641
0.212398
0.612371
0.398807
0.649437
0.649437
0.539312
0.539312
0.299886
0.299886
0.304348
0.864407
0.280332
0.408249
0.558372
0.558372
0.869779
0.259977
0.259977
0.408346
0.579273
0.67665
0.46787
0.46787
0.573688
0.215823
0.77712
0.807633
0.866315
0.372385
0.333519
0.239379
0.315281
0.376297
0.739093
0.30993
0.30993
0.656977
0.571944
0.975028
0.612019
0.868634
0.868634
0.260089
0.568478
0.447666
0.447666
0.43671
0.43671
0.317669
0.559593
0.359119
0.782466
0.620487
0.342558
0.342558
0.919173
0.800405
0.529996
0.529996
0.529996
0.749809
0.721651
0.937043
0.337386
0.853398
0.952337
0.673759
0.868222
0.721074
0.721074
0.220777
0.513043
0.513043
0.993423
0.580003
0.64685
0.889376
0.624213
0.264327
0.838562
0.838562
0.456089
0.481114
0.503774
0.677095
0.648656
0.470504
0.613302
0.992031
0.649903
0.617765
0.799067
0.837215
0.312769
0.567677
0.924874
0.399145
0.805969
0.618281
0.457639
0.248554
0.365281
0.525633
0.943452
0.884785
0.884785
0.615118
0.401156
0.714404
0.255076
0.383117
0.383117
0.999341
0.307183
0.856176
0.542086
0.542086
0.542086
0.98234
0.610968
0.74812
0.74812
0.810763
0.249176
0.249176
0.613993
0.428624
0.92681
0.92681
0.814292
0.814292
0.71902
0.406505
0.588098
0.588098
0.438893
0.513242
0.997065
0.784732
0.583869
0.583869
0.20877
0.865828
0.997487
0.391624
0.909376
0.281655
0.582008
0.313307
0.807891
0.470301
0.328122
0.976899
0.578869
0.811772
0.811772
0.751201
0.854403
0.854403
0.347424
0.781793
0.399282
0.214279
0.416199
0.416199
0.643182
0.639495
0.500074
0.745345
0.745345
0.638292
0.205805
0.507485
0.471576
0.785295
0.997445
0.997445
0.914378
0.332047
0.652645
0.652645
0.711073
0.546628
0.79888
0.727675
0.716943
0.572773
0.603688
0.436526
0.837602
0.419005
0.689129
0.775073
0.775073
0.25118
0.34679
0.34679
0.827887
0.769041
0.940638
0.940638
0.773101
0.771636
0.745505
0.333662
0.889111
0.999455
0.585151
0.877992
0.718723
0.703783
0.703783
0.882258
0.872424
0.482564
0.381948
0.233499
0.502088
0.529935
0.529935
0.529935
0.862858
0.714926
0.857246
0.659139
0.501401
0.826229
0.826229
0.207887
0.906824
0.435653
0.435653
0.703541
0.936171
0.239277
0.728028
0.721661
0.522115
0.522115
0.521298
0.648366
0.597669
0.697372
0.800894
0.631314
0.218995
0.374758
0.462533
0.457234
0.268567
0.233461
0.29174
0.29174
0.442497
0.566385
0.453137
0.479195
0.253494
0.509054
0.208034
0.208034
0.208034
0.95852
0.65156
0.398186
0.535714
0.742294
0.742294
0.461563
0.322899
0.557964
0.897688
0.495577
0.811144
0.568514
0.913421
0.409449
0.409449
0.698775
0.520338
0.959984
0.25928
0.745085
0.485498
0.215704
0.776949
0.22141
0.22141
0.775091
0.999839
0.614341
0.36913
0.303189
0.54704
0.210225
0.247566
0.346163
0.793164
0.793164
0.32785
0.984741
0.629459
0.599792
0.987937
0.987937
0.489416
0.589384
0.589384
0.889366
0.214833
0.214833
0.594296
0.667428
0.857818
0.308447
0.657451
0.612168
0.877636
0.777968
0.816059
0.781049
0.928618
0.798877
0.285827
0.455631
0.352181
0.76962
0.218031
0.76851
0.220475
0.913737
0.450827
0.450827
0.926687
0.923531
0.505576
0.996313
0.732739
0.45887
0.691207
0.691207
0.691207
0.604189
0.588374
0.207231
0.207231
0.207231
0.693203
0.77892
0.389715
0.389715
0.517575
0.834724
0.621769
0.999549
0.370174
0.441601
0.310959
0.612122
0.999304
0.490113
0.986406
0.717216
0.204582
0.204582
0.764298
0.94109
0.590571
0.705794
0.761418
0.509837
0.368104
0.368104
0.986993
0.32657
0.306005
0.306005
0.867353
0.873431
0.683711
0.27701
0.320373
0.275363
0.275363
0.218583
0.651814
0.851815
0.974878
0.855726
0.566366
0.865562
0.865562
0.221474
0.221474
0.868619
0.868619
0.5621
0.43847
0.626474
0.334478
0.514795
0.571279
0.832428
0.593539
0.574602
0.838521
0.838521
0.289137
0.315306
0.685923
0.70909
0.70909
0.794681
0.794681
0.999724
0.304329
0.666417
0.666417
0.638381
0.922083
0.303337
0.303337
0.861718
0.784988
0.336918
0.861062
0.861062
0.78592
0.248232
0.248232
0.721407
0.243618
0.508279
0.695769
0.346664
0.346664
0.756869
0.991483
0.287228
0.506293
0.28346
0.587372
0.587372
0.845929
0.97159
0.97159
0.313532
0.779029
0.752959
0.769746
0.275354
0.817027
0.242699
0.242699
0.567598
0.611645
0.611645
0.204326
0.21126
0.431651
0.564346
0.564346
0.853957
0.510123
0.203518
0.203518
0.70882
0.849039
0.849039
0.65759
0.454219
0.39163
0.782906
0.734029
0.892687
0.635615
0.52309
0.577328
0.225739
0.995279
0.615505
0.493506
0.517855
0.988124
0.866372
0.676816
0.989364
0.828585
0.771037
0.814949
0.336057
0.20058
0.617018
0.602928
0.233862
0.852108
0.576389
0.498035
0.498035
0.516645
0.252636
0.637062
0.247006
0.247006
0.763085
0.463351
0.286292
0.286292
0.664863
0.664863
0.436332
0.930223
0.566071
0.606528
0.606528
0.614144
0.777657
0.685208
0.334879
0.397828
0.810449
0.810449
0.381637
0.21955
0.958742
0.450835
0.346568
0.207402
0.826971
0.290315
0.793972
0.444518
0.444518
0.951839
0.617453
0.649371
0.60386
0.762849
0.990322
0.659799
0.866585
0.948781
0.948781
0.452815
0.699204
0.699204
0.612643
0.243488
0.243488
0.853361
0.545021
0.424188
0.665799
0.529075
0.238621
0.634567
0.658498
0.316646
0.755431
0.816785
0.774001
0.820568
0.820281
0.757646
0.323089
0.692499
0.695068
0.229341
0.353503
0.711259
0.331755
0.258217
0.258217
0.472857
0.574878
0.222924
0.458378
0.697703
0.697703
0.587184
0.390197
0.832715
0.895325
0.693241
0.681359
0.375467
0.375467
0.706444
0.558461
0.811352
0.854371
0.854371
0.777369
0.489278
0.453668
0.87974
0.513321
0.882583
0.310755
0.96705
0.428389
0.680553
0.489354
0.489354
0.765619
0.898795
0.898795
0.218134
0.464251
0.880131
0.206079
0.206079
0.436517
0.311177
0.223261
0.400556
0.660768
0.668045
0.286844
0.286844
0.315597
0.315597
0.686992
0.801271
0.479603
0.479603
0.381691
0.563362
0.563362
0.810941
0.99916
0.510765
0.203335
0.808922
0.55712
0.519245
0.444497
0.993533
0.555266
0.830266
0.203377
0.477652
0.858128
0.428775
0.53138
0.513869
0.513869
0.527102
0.792502
0.565036
0.599846
0.827702
0.827702
0.357487
0.596433
0.763761
0.772916
0.772916
0.809179
0.809179
0.295371
0.731358
0.731358
0.296286
0.597434
0.990925
0.937668
0.732782
0.248681
0.248681
0.414581
0.82172
0.675119
0.243355
0.600903
0.593819
0.355263
0.668759
0.805941
0.786902
0.246914
0.260316
0.260316
0.217276
0.847583
0.607417
0.20781
0.80495
0.301611
0.267526
0.795007
0.890565
0.924087
0.33787
0.324457
0.494651
0.435218
0.435218
0.329802
0.749657
0.68754
0.68754
0.261715
0.794718
0.303126
0.301295
0.214322
0.692819
0.332935
0.377315
0.847201
0.765731
0.681085
0.362517
0.267438
0.516015
0.853075
0.585745
0.541638
0.541638
0.581887
0.290028
0.706072
0.520932
0.520932
0.768345
0.829405
0.829405
0.663524
0.626037
0.560536
0.916857
0.339571
0.339571
0.351616
0.399213
0.253974
0.384614
0.621411
0.994397
0.252079
0.661537
0.255018
0.255018
0.75171
0.75171
0.402352
0.256299
0.281525
0.281525
0.818311
0.866469
0.66672
0.83649
0.600408
0.600408
0.313948
0.647594
0.830461
0.996872
0.865118
0.60091
0.680211
0.829023
0.249672
0.909813
0.779335
0.779335
0.532173
0.640021
0.513196
0.706629
0.706629
0.455992
0.819147
0.823671
0.837986
0.379453
0.379453
0.551813
0.367381
0.882744
0.445935
0.878772
0.564984
0.982808
0.982808
0.52872
0.276446
0.667625
0.334562
0.396946
0.396946
0.833181
0.362421
0.985832
0.557951
0.70834
0.556334
0.556334
0.706172
0.706172
0.948218
0.210991
0.944758
0.724026
0.451999
0.451999
0.306992
0.696652
0.883136
0.845916
0.615363
0.913575
0.620577
0.849114
0.498919
0.498919
0.727293
0.286643
0.425595
0.273826
0.273826
0.498827
0.570052
0.570052
0.338124
0.261393
0.475847
0.99715
0.99715
0.486989
0.265704
0.816542
0.308804
0.241683
0.268007
0.55984
0.213275
0.981178
0.677525
0.343968
0.780096
0.659604
0.659604
0.83302
0.405772
0.405772
0.777307
0.883427
0.678002
0.295579
0.419759
0.524047
0.603678
0.368332
0.587879
0.587879
0.319494
0.319494
0.791599
0.988622
0.677247
0.503411
0.346034
0.651119
0.538817
0.696837
0.696837
0.838994
0.309684
0.643039
0.834382
0.29662
0.298764
0.260757
0.343594
0.273745
0.707133
0.589754
0.969702
0.551797
0.334991
0.307827
0.914929
0.409931
0.409931
0.724095
0.780401
0.574115
0.845454
0.970227
0.502752
0.633301
0.988289
0.793421
0.423182
0.516163
0.369525
0.258607
0.999696
0.999696
0.71079
0.239361
0.302298
0.455646
0.911176
0.558663
0.833784
0.47286
0.716921
0.408346
0.238164
0.809715
0.996732
0.787901
0.762003
0.326856
0.449901
0.449901
0.80895
0.80895
0.296192
0.831089
0.265177
0.914284
0.914284
0.645159
0.687385
0.70029
0.785895
0.847495
0.311568
0.455946
0.751739
0.665118
0.733305
0.936172
0.215059
0.793739
0.676323
0.6907
0.279323
0.722302
0.660437
0.599709
0.250343
0.452574
0.619365
0.797917
0.483199
0.457994
0.236123
0.815174
