0.725665
0.378984
0.772338
0.772338
0.997489
0.81158
0.81158
0.31993
0.31993
0.348076
0.248865
0.551802
0.223307
0.223307
0.735018
0.579817
0.995067
0.428736
0.347237
0.979373
0.776244
0.776244
0.749213
0.357878
0.357878
0.47167
0.841203
0.240007
0.500001
0.881928
0.812176
0.812176
0.812176
0.917224
0.586182
0.268125
0.346968
0.346968
0.563711
0.781696
0.651811
0.530529
0.530529
0.999217
0.664101
0.618891
0.533421
0.797039
0.856261
0.472882
0.730812
0.799268
0.656101
0.6791
0.428228
0.866274
0.654996
0.264378
0.369052
0.369052
0.284161
0.875373
0.569888
0.890822
0.927588
0.868805
0.572565
0.712846
0.712846
0.329893
0.267452
0.267452
0.296801
0.296801
0.886346
0.503749
0.331372
0.309252
0.263322
0.795726
0.967039
0.862008
0.862008
0.914293
0.914293
0.446541
0.797578
0.387164
0.261412
0.820188
0.327709
0.230271
0.259226
0.608855
0.608855
0.657042
0.657042
0.316438
0.273095
0.273095
0.332434
0.793236
0.793245
0.472802
0.226261
0.874751
0.874751
0.204031
0.204031
0.204031
0.657024
0.670031
0.923689
0.75644
0.75644
0.60967
0.478307
0.882265
0.942917
0.727159
0.727159
0.711864
0.678914
0.315957
0.82603
0.270931
0.989682
0.50995
0.248526
0.504929
0.833358
0.833358
0.799151
0.226211
0.65224
0.816212
0.558875
0.561702
0.463773
0.463773
0.581946
0.218484
0.737266
0.859671
0.519021
0.687036
0.894244
0.204683
0.978057
0.927262
0.687553
0.752567
0.478213
0.215414
0.638298
0.773303
0.773303
0.463507
0.690739
0.261026
0.67426
0.67426
0.806661
0.597586
0.867647
0.30051
0.690609
0.690609
0.223757
0.260496
0.224714
0.224714
0.616966
0.505063
0.392656
0.855846
0.871467
0.288512
0.461333
0.695912
0.695912
0.289282
0.857264
0.628131
0.633559
0.658527
0.928462
0.271805
0.986871
0.337938
0.376521
0.270867
0.515203
0.474177
0.409462
0.409462
0.53724
0.858997
0.328128
0.80138
0.407137
0.438775
0.251689
0.799636
0.766282
0.874668
0.833297
0.737819
0.503603
0.797175
0.797175
0.990927
0.572273
0.394485
0.297606
0.887078
0.236272
0.254566
0.399365
0.399365
0.848997
0.811383
0.768535
0.401036
0.638952
0.415587
0.729912
0.8211
0.749616
0.512923
0.488549
0.734399
0.734399
0.734399
0.677314
0.317979
0.355653
0.355653
0.780261
0.300262
0.593043
0.995977
0.256794
0.762208
0.735676
0.735676
0.979056
0.9895
0.347084
0.542989
0.747803
0.610477
0.382386
0.382386
0.750283
0.794151
0.466544
0.793782
0.581947
0.581947
0.783009
0.201268
0.462002
0.798903
0.659669
0.659669
0.998411
0.562131
0.272743
0.485356
0.862686
0.831038
0.44481
0.310277
0.310277
0.920282
0.514289
0.596079
0.223414
0.486737
0.888982
0.437815
0.275759
0.275759
0.314767
0.308291
0.336655
0.312316
0.637827
0.380199
0.869145
0.817342
0.811594
0.629735
0.281009
0.508409
0.754512
0.571497
0.538273
0.538273
0.433777
0.335462
0.902658
0.643066
0.708923
0.321958
0.321958
0.842587
0.552048
0.722148
0.722148
0.863981
0.406364
0.406364
0.409474
0.268599
0.691966
0.357561
0.280622
0.294231
0.998342
0.4118
0.401095
0.798703
0.728217
0.253583
0.83678
0.801008
0.80057
0.660019
0.787699
0.244143
0.827129
0.932876
0.359772
0.359772
0.318083
0.394624
0.394624
0.664165
0.273587
0.273587
0.426993
0.357357
0.357357
0.692291
0.478254
0.754547
0.866846
0.407237
0.436241
0.436241
0.998287
0.575785
0.229035
0.508894
0.92236
0.651315
0.60841
0.422866
0.422866
0.727527
0.627191
0.994911
0.684735
0.5553
0.994322
0.875678
0.829473
0.795293
0.450889
0.748734
0.748734
0.927009
0.859137
0.719878
0.719878
0.999163
0.816579
0.209924
0.209924
0.289772
0.289772
0.907803
0.759126
0.70655
0.408954
0.600115
0.664653
0.313082
0.313082
0.254922
0.80266
0.717647
0.654784
0.377807
0.34332
0.241242
0.241242
0.501523
0.8938
0.8938
0.674282
0.996204
0.780695
0.234244
0.538326
0.251061
0.535755
0.896673
0.801322
0.921509
0.397588
0.85519
0.690287
0.690287
0.678584
0.663523
0.420676
0.858579
0.911546
0.574824
0.96512
0.96512
0.714945
0.689123
0.448109
0.800028
0.997437
0.921799
0.544487
0.815018
0.611759
0.408517
0.355595
0.353869
0.367931
0.442927
0.803235
0.976224
0.950397
0.894921
0.374926
0.374926
0.503945
0.667159
0.251044
0.858391
0.790678
0.608977
0.602286
0.421916
0.421916
0.998898
0.998898
0.275117
0.906076
0.63159
0.770487
0.483985
0.808067
0.947632
0.947632
0.754646
0.327786
0.327786
0.752937
0.669182
0.39442
0.39442
0.811502
0.863879
0.999266
0.49981
0.865781
0.655941
0.532281
0.532281
0.588506
0.588506
0.560612
0.659941
0.218986
0.218986
0.501228
0.359734
0.662846
0.662846
0.731807
0.929026
0.707971
0.499986
0.781907
0.479667
0.307153
0.307153
0.452441
0.649632
0.334115
0.599268
0.951547
0.734294
0.230583
0.49
0.49
0.240041
0.792345
0.570153
0.777291
0.861369
0.264104
0.264104
0.769738
0.741017
0.859125
0.331744
0.885086
0.687138
0.208804
0.800501
0.924609
0.316086
0.785809
0.785809
0.74178
0.428872
0.537998
0.40697
0.884705
0.828852
0.248108
0.233798
0.349481
0.893683
0.723582
0.706979
0.940102
0.816908
0.425649
0.779437
0.720722
0.986151
0.501093
0.501093
0.501093
0.91926
0.8039
0.998124
0.45203
0.881514
0.710395
0.895519
0.911367
0.422118
0.829025
0.74999
0.706624
0.899575
0.586071
0.922772
0.922772
0.922772
0.311711
0.699339
0.252774
0.821776
0.426508
0.602552
0.751321
0.751321
0.522633
0.897278
0.263471
0.263471
0.661859
0.661859
0.606859
0.606859
0.980159
0.255785
0.852837
0.804201
0.804201
0.200808
0.919013
0.81473
0.607217
0.872228
0.646065
0.430866
0.270985
0.342375
0.275524
0.596607
0.569104
0.994779
0.648681
0.768428
0.39181
0.39181
0.78976
0.776363
0.386302
0.223405
0.979753
0.549828
0.762378
0.527942
0.909597
0.749321
0.481783
0.493561
0.937949
0.416894
0.416894
0.967657
0.381376
0.586575
0.219451
0.219451
0.240282
0.88721
0.683969
0.376081
0.57448
0.229952
0.38328
0.612618
0.822671
0.352149
0.352149
0.728647
0.650125
0.576868
0.783185
0.783185
0.483434
0.639682
0.822274
0.743813
0.257135
0.485668
0.357939
0.357939
0.537191
0.294605
0.468334
0.375679
0.675304
0.848191
0.24157
0.84407
0.84407
0.343228
0.832433
0.447495
0.922229
0.623825
0.23307
0.501043
0.583652
0.845341
0.859174
0.859174
0.472855
0.689319
0.767225
0.800267
0.800267
0.706156
0.235437
0.29859
0.29859
0.702055
0.880428
0.565391
0.836214
0.836214
0.348796
0.319203
0.744554
0.894882
0.231721
0.23713
0.63695
0.902953
0.733253
0.761182
0.249138
0.290559
0.250096
0.798418
0.70398
0.648167
0.209146
0.893562
0.893562
0.591216
0.903439
0.903439
0.732754
0.331688
0.484705
0.850744
0.929426
0.995831
0.20844
0.718005
0.750302
0.53243
0.24601
0.312933
0.619752
0.237192
0.775793
0.775793
0.32362
0.994722
0.870801
0.240195
0.623258
0.623258
0.237018
0.237018
0.650774
0.255239
0.402145
0.932883
0.874082
0.812878
0.460403
0.818454
0.818454
0.529406
0.684451
0.808692
0.789622
0.77583
0.77583
0.63124
0.472467
0.714716
0.6307
0.815018
0.785652
0.921645
0.203244
0.203244
0.995245
0.329991
0.911044
0.282482
0.282482
0.796728
0.239415
0.239415
0.679907
0.865111
0.531713
0.554453
0.532569
0.81492
0.469902
0.381706
0.715502
0.715502
0.763521
0.622567
0.827676
0.322731
0.820164
0.781236
0.685754
0.685754
0.642423
0.58902
0.854475
0.200509
0.492284
0.715846
0.715846
0.617365
0.260582
0.600669
0.960702
0.84079
0.350341
0.600036
0.618018
0.608625
0.608625
0.447936
0.451538
0.451538
0.802303
0.802303
0.622436
0.654762
0.706875
0.301772
0.223907
0.676664
0.56474
0.56474
0.56474
0.565192
0.386784
0.623919
0.621414
0.70496
0.70496
0.223263
0.784538
0.213595
0.213595
0.856774
0.576003
0.576003
0.841726
0.244629
0.565673
0.565673
0.549024
0.758056
0.987761
0.627789
0.464708
0.712438
0.470543
0.997859
0.869605
0.749152
0.30388
0.581644
0.201956
0.785095
0.243141
0.243141
0.579685
0.418901
0.996655
0.508866
0.602241
0.994225
0.866772
0.999837
0.782262
0.284362
0.38038
0.610125
0.605487
0.749619
0.874737
0.549493
0.654436
0.788515
0.540991
0.835093
0.662766
0.957479
0.455473
0.283145
0.531259
0.531259
0.68361
0.42508
0.42508
0.991359
0.478778
0.616937
0.20068
0.598719
0.744609
0.20944
0.506837
0.820008
0.418543
0.471206
0.235884
0.729942
0.781183
0.723489
0.245468
0.431403
0.454717
0.806133
0.249481
0.217486
0.44775
0.216839
0.796345
0.723001
0.723001
0.861693
0.317523
0.258631
0.720156
0.809534
0.809534
0.623737
0.358958
0.872124
0.872124
0.969919
0.396701
0.778885
0.539347
0.326913
0.394197
0.91362
0.860708
0.571755
0.698482
0.793236
0.285812
0.285812
0.621788
0.726695
0.538296
0.538296
0.756893
0.756893
0.674672
0.410098
0.963814
0.963814
0.925392
0.616713
0.616713
0.716078
0.799115
0.48928
0.797229
0.200358
0.513129
0.602826
0.489066
0.203953
0.753097
0.20815
0.999601
0.999601
0.743091
0.867168
0.478409
0.786269
0.893791
0.747204
0.708312
0.756609
0.200841
0.644122
0.92313
0.92313
0.685544
0.685544
0.685544
0.785627
0.239367
0.850709
0.474437
0.563596
0.77692
0.77692
0.222385
0.442173
0.442173
0.737193
0.595461
0.464332
0.392972
0.464033
0.584126
0.643403
0.600683
0.725021
0.709038
0.558844
0.36295
0.995855
0.83638
0.357025
0.931159
0.243127
0.680223
0.709698
0.728271
0.860695
0.361564
0.639614
0.80668
0.646299
0.692726
0.734012
0.877016
0.442607
0.889298
0.42522
0.31845
0.857164
0.685805
0.685805
0.830485
0.792217
0.922793
0.250021
0.370213
0.370213
0.214637
0.301348
0.301348
0.468706
0.555357
0.555357
0.555357
0.591606
0.649367
0.460563
0.308025
0.962985
0.962985
0.667922
0.761231
0.352561
0.352561
0.826013
0.77436
0.916517
0.315465
0.442842
0.208982
0.592795
0.415423
0.415423
0.226783
0.797579
0.702291
0.702291
0.807473
0.553821
0.506392
0.496145
0.500727
0.478284
0.964686
0.576695
0.679697
0.895731
0.8028
0.771458
0.771458
0.61857
0.552888
0.679791
0.485889
0.330419
0.584406
0.991764
0.791264
0.333444
0.598748
0.779687
0.82378
0.650247
0.442504
0.885869
0.885869
0.666561
0.994537
0.222948
0.620888
0.834038
0.230274
0.315859
0.253342
0.253342
0.7349
0.999828
0.348697
0.325747
0.234377
0.234377
0.236653
0.236653
0.392106
0.344972
0.345815
0.345815
0.229156
0.751465
0.839372
0.275522
0.246749
0.246749
0.373552
0.373552
0.222524
0.465353
0.465353
0.394609
0.350873
0.780051
0.233703
0.412657
0.210234
0.210234
0.500574
0.325049
0.325049
0.332229
0.996459
0.542135
0.542135
0.71154
0.982328
0.355803
0.989879
0.517442
0.742204
0.886508
0.226911
0.516187
0.676718
0.79162
0.813889
0.863569
0.602597
0.798167
0.695089
0.695089
0.207629
0.823472
0.823472
0.813678
0.575947
0.449165
0.415037
0.526407
0.526407
0.722144
0.453432
0.930754
0.256098
0.6497
0.506892
0.506892
0.331866
0.331866
0.792541
0.3176
0.278682
0.278682
0.893162
0.56357
0.922342
0.922342
0.570988
0.375179
0.375179
0.427943
0.89318
0.922047
0.346301
0.756144
0.885556
0.587177
0.583692
0.434705
0.434705
0.395673
0.335369
0.310336
0.493068
0.255341
0.817602
0.695253
0.882108
0.884368
0.457814
0.818051
0.818051
0.947331
0.947331
0.947331
0.269195
0.36187
0.686066
0.876306
0.431489
0.328679
0.757205
0.203914
0.279631
0.279631
0.406047
0.823385
0.821482
0.508317
0.398626
0.857382
0.362409
0.695788
0.283841
0.559568
0.894821
0.784206
0.784206
0.280988
0.90191
0.433848
0.202917
0.202917
0.269567
0.303364
0.336405
0.808295
0.808295
0.309435
0.646897
0.609998
0.794796
0.90718
0.292907
0.604085
0.997478
0.289781
0.289781
0.997106
0.356802
0.76299
0.356439
0.803462
0.736891
0.359058
0.359058
0.870391
0.842156
0.27618
0.470507
0.585865
0.870336
0.776811
0.697931
0.368777
0.861497
0.287627
0.287627
0.828237
0.833346
0.536269
0.536269
0.898015
0.413276
0.622804
0.622804
0.272862
0.99899
0.99899
0.442779
0.847193
0.637473
0.576104
0.449804
0.876557
0.862327
0.724036
0.211392
0.348898
0.909059
0.653756
0.750844
0.750844
0.875863
0.939079
0.724043
0.31021
0.498683
0.757613
0.799488
0.799488
0.832796
0.755233
0.626783
0.875037
0.737184
0.606058
0.642207
0.373899
0.703482
0.640347
0.842378
0.923889
0.729693
0.624015
0.624015
0.860722
0.843343
0.541528
0.200358
0.878862
0.550738
0.300214
0.607388
0.607388
0.874159
0.28323
0.999245
0.799508
0.699035
0.699035
0.228696
0.306403
0.258049
0.933077
0.493902
0.471091
0.471091
0.567661
0.567661
0.935369
0.412985
0.996621
0.603015
0.947244
0.252136
0.873527
0.873527
0.877403
0.647991
0.483443
0.422043
0.511717
0.511717
0.588369
0.254211
0.20804
0.808728
0.617358
0.617358
0.617358
0.704654
0.299863
0.998257
0.211282
0.211282
0.371262
0.871682
0.871682
0.794981
0.468434
0.468434
0.989297
0.287304
0.996564
0.443994
0.443994
0.503925
0.461336
0.312121
0.310893
0.216275
0.344766
0.511559
0.483642
0.326954
0.326954
0.812962
0.434077
0.621543
0.495591
0.888559
0.297229
0.609995
0.213733
0.720319
0.987344
0.460201
0.309741
0.995361
0.784809
0.221588
0.313064
0.22405
0.596242
0.439398
0.893712
0.59133
0.512635
0.802691
0.723859
0.450072
0.21484
0.21484
0.395952
0.288913
0.521882
0.521882
0.316807
0.351715
0.201675
0.739275
0.908685
0.807042
0.503881
0.503881
0.898312
0.222099
0.222099
0.735995
0.342923
0.396904
0.834326
0.624514
0.610584
0.202417
0.908508
0.998352
0.998352
0.401975
0.401975
0.401975
0.427144
0.602703
0.962905
0.238851
0.897273
0.234018
0.257886
0.257886
0.262477
0.67814
0.293868
0.200556
0.298478
0.228368
0.793984
0.554658
0.290039
0.78424
0.235372
0.235372
0.381171
0.737752
0.321822
0.668702
0.999954
0.700028
0.700028
0.700028
0.8063
0.470945
0.542657
0.542657
0.26428
0.645662
0.235486
0.319545
0.319545
0.633493
0.726809
0.726809
0.311385
0.414655
0.414655
0.445938
0.745354
0.20945
0.389542
0.416132
0.6267
0.840968
0.993672
0.671437
0.248737
0.210084
0.72937
0.213829
0.568123
0.638061
0.602119
0.499947
0.437539
0.644275
0.994421
0.695946
0.282443
0.88887
0.559182
0.206145
0.211038
0.211038
0.211038
0.279736
0.291896
0.698701
0.517592
0.714881
0.716468
0.29486
0.845915
0.360046
0.246953
0.770002
0.442386
0.442386
0.326734
0.675226
0.798541
0.798541
0.798541
0.499731
0.398179
0.334083
0.875067
0.875067
0.576989
0.736299
0.351572
0.351572
0.993664
0.233481
0.233481
0.822627
0.822627
0.822627
0.691296
0.388904
0.75092
0.503898
0.793988
0.793988
0.796208
0.796208
0.769389
0.769389
0.782871
0.372242
0.277938
0.49611
0.357092
0.22757
0.65056
0.793819
0.282872
0.241313
0.880413
0.392215
0.797134
0.286711
0.812985
0.432711
0.908965
0.908965
0.616983
0.23708
0.489448
0.83054
0.83054
0.83054
0.324279
0.324279
0.421987
0.421987
0.205081
0.994137
0.99071
0.457134
0.997238
0.981306
0.981306
0.691822
0.691822
0.774724
0.875331
0.615489
0.615489
0.432018
0.764831
0.799519
0.851968
0.857004
0.626688
0.763175
0.994687
0.672264
0.661475
0.810344
0.706872
0.541235
0.502357
0.737529
0.919515
0.261516
0.204311
0.927775
0.852639
0.852639
0.919903
0.8928
0.759319
0.683755
0.683755
0.438727
0.470065
0.470065
0.516875
0.707604
0.48263
0.499118
0.5758
0.5758
0.728004
0.627734
0.679361
0.218824
0.218824
0.901682
0.869552
0.487614
0.566402
0.831747
0.999714
0.206346
0.218073
0.751784
0.32248
0.869549
0.290937
0.268891
0.650323
0.658379
0.658379
0.675827
0.954455
0.290402
0.786525
0.786525
0.812369
0.376253
0.749979
0.297302
0.752208
0.260745
0.598999
0.631505
0.473085
0.639758
0.477968
0.712055
0.431129
0.431129
0.221345
0.704245
0.327649
0.327649
0.201176
0.332688
0.645612
0.792672
0.392398
0.22447
0.22447
0.22447
0.660983
0.905667
0.905667
0.806351
0.526692
0.846903
0.487089
0.274674
0.443487
0.443487
0.210313
0.203442
0.907201
0.471022
0.995539
0.447834
0.80329
0.528061
0.231984
0.231984
0.242596
0.242596
0.677869
0.234441
0.298347
0.563961
0.563961
0.27689
0.31478
0.779819
0.403351
0.403351
0.579912
0.579912
0.584772
0.748081
0.821555
0.394744
0.884869
0.531559
0.847181
0.628645
0.737217
0.729291
0.406151
0.638467
0.249133
0.713158
0.832413
0.390497
0.390497
0.478135
0.318378
0.318378
0.303257
0.633329
0.808823
0.606361
0.227068
0.669193
0.693093
0.892134
0.750267
0.87318
0.701757
0.764526
0.411946
0.933423
0.933423
0.666223
0.515807
0.761757
0.929226
0.704751
0.58535
0.58535
0.343451
0.343451
0.47163
0.47163
0.997062
0.854298
0.909128
0.82162
0.329959
0.57797
0.391555
0.319424
0.858644
0.858644
0.659784
0.563576
0.65886
0.299603
0.38012
0.92864
0.993867
0.993867
0.272022
0.774757
0.604769
0.906618
0.211919
0.211919
0.401512
0.558176
0.317366
0.317366
0.865813
0.783871
0.898433
0.898433
0.805416
0.268504
0.988818
0.988818
0.748348
0.280455
0.280455
0.674364
0.458058
0.280306
0.407048
0.352827
0.352827
0.669455
0.356557
0.245199
0.71883
0.920014
0.920014
0.216307
0.928213
0.318098
0.537285
0.537285
0.904229
0.242222
0.913643
0.314835
0.762525
0.635022
0.349412
0.769541
0.769541
0.617182
0.617182
0.248668
0.248668
0.58588
0.367596
0.333134
0.800654
0.800654
0.544834
0.33258
0.33258
0.995055
0.567796
0.993918
0.874184
0.807824
0.980823
0.415428
0.993379
0.469039
0.717571
0.36529
0.80323
0.487173
0.657711
0.657711
0.545215
0.226833
0.485816
0.231735
0.513035
0.995542
0.795729
0.362899
0.362899
0.664326
0.471987
0.431869
0.560222
0.375051
0.617192
0.35076
0.35076
0.995637
0.852195
0.724794
0.6358
0.668279
0.704441
0.956253
0.956253
0.466421
0.750616
0.694441
0.641658
0.639106
0.85273
0.720584
0.732114
0.994717
0.834452
0.834452
0.219306
0.91029
0.596106
0.570262
0.574891
0.574891
0.246113
0.246113
0.3426
0.3426
0.289532
0.626535
0.857347
0.445724
0.999464
0.810719
0.873863
0.499714
0.284247
0.284247
0.402626
0.402626
0.255115
0.485771
0.882911
0.882911
0.354523
0.451391
0.329441
0.865543
0.865543
0.334922
0.27192
0.802922
0.905569
0.74666
0.74666
0.281538
0.430227
0.430227
0.35194
0.847095
0.723548
0.723548
0.343681
0.729936
0.345343
0.345343
0.398096
0.908717
0.98384
0.906577
0.906577
0.836889
0.836889
0.678372
0.616578
0.646713
0.525269
0.369519
0.631959
0.631959
0.997093
0.881264
0.881264
0.582724
0.715417
0.544843
0.392937
0.418337
0.99619
0.99519
0.856084
0.268558
0.654173
0.754629
0.39919
0.39919
0.437304
0.32408
0.961163
0.276654
0.98354
0.467064
0.472983
0.24934
0.818023
0.249088
0.249088
0.604444
0.29686
0.967601
0.967601
0.85168
0.85168
0.779306
0.779306
0.279939
0.279939
0.329249
0.329249
0.390861
0.206312
0.207818
0.416732
0.31708
0.339889
0.610667
0.595986
0.674389
0.388164
0.40218
0.621585
0.437882
0.576109
0.390894
0.660902
0.666644
0.733364
0.357682
0.234591
0.234591
0.365714
0.365714
0.202036
0.522637
0.883828
0.897913
0.897913
0.267108
0.898653
0.514044
0.802259
0.661487
0.300813
0.984113
0.423764
0.778736
0.549641
0.549641
0.249648
0.249648
0.940686
0.405514
0.240857
0.240857
0.601115
0.396411
0.838716
0.467036
0.86512
0.335193
0.335193
0.897615
0.998923
0.381464
0.254116
0.467612
0.301741
0.908035
0.467136
0.250975
0.834293
0.834293
0.834293
0.933003
0.6861
0.6861
0.651038
0.652816
0.652816
0.217515
0.451337
0.492634
0.758056
0.470751
0.957855
0.254746
0.982713
0.982713
0.520496
0.999297
0.589258
0.334238
0.261483
0.757379
0.202435
0.202372
0.212312
0.212312
0.454064
0.454064
0.785652
0.871098
0.608272
0.479476
0.562922
0.670435
0.335938
0.766548
0.766548
0.257547
0.910932
0.889861
0.288781
0.967268
0.40537
0.883144
0.429709
0.429709
0.501909
0.540496
0.661667
0.473241
0.473241
0.249078
0.249078
0.353055
0.328729
0.694006
0.811345
0.746981
0.738144
0.382835
0.707184
0.646529
0.869288
0.206244
0.453277
0.288343
0.379444
0.532537
0.938225
0.228983
0.689752
0.849688
0.689442
0.689442
0.43165
0.853114
0.464262
0.299467
0.82693
0.362669
0.897025
0.950496
0.899794
0.213394
0.770847
0.799913
0.833946
0.20741
0.20741
0.20741
0.676686
0.841321
0.244767
0.216794
0.996413
0.778197
0.868256
0.64299
0.64299
0.542977
0.885508
0.247047
0.283642
0.80797
0.978146
0.55436
0.260281
0.260281
0.907956
0.986961
0.986961
0.231085
0.88581
0.886215
0.886215
0.445339
0.398815
0.545418
0.545418
0.827179
0.633938
0.929602
0.611447
0.926779
0.926779
0.845619
0.5333
0.285925
0.442079
0.866743
0.686652
0.560413
0.866527
0.767656
0.682182
0.357507
0.318514
0.645093
0.701197
0.535749
0.535749
0.247805
0.247805
0.245132
0.717637
0.336964
0.691303
0.72646
0.800676
0.553511
0.553511
0.511213
0.38385
0.53171
0.321145
0.830232
0.858837
0.722223
0.722223
0.852352
0.980311
0.478441
0.822751
0.822751
0.299323
0.482218
0.23891
0.88126
0.432376
0.387137
0.387137
0.788918
0.768452
0.768452
0.768452
0.654004
0.529486
0.289844
0.499307
0.866243
0.570138
0.570138
0.230545
0.333893
0.247948
0.556504
0.408261
0.999389
0.842958
0.665054
0.665054
0.274503
0.651321
0.291469
0.976897
0.690957
0.206748
0.427701
0.357653
0.890866
0.367842
0.636656
0.83245
0.832183
0.832183
0.398995
0.398995
0.327578
0.327578
0.705052
0.436136
0.434266
0.885048
0.58616
0.319808
0.296888
0.995203
0.986474
0.986474
0.393363
0.299592
0.311404
0.989243
0.889022
0.660107
0.832819
0.801307
0.329351
0.610726
0.237986
0.734144
0.734144
0.298415
0.298415
0.200726
0.449669
0.449669
0.620243
0.796266
0.872683
0.687816
0.319433
0.567704
0.631405
0.624783
0.643182
0.440283
0.33457
0.50513
0.853503
0.853503
0.378253
0.755568
0.6488
0.269088
0.269088
0.269088
0.43941
0.492946
0.545902
0.572051
0.859976
0.375582
0.540999
0.787175
0.223208
0.960401
0.81814
0.313836
0.941819
0.399424
0.43021
0.560207
0.721306
0.678196
0.378527
0.378527
0.851449
0.851449
0.523504
0.219103
0.915696
0.847636
0.856794
0.72345
0.469255
0.379172
0.348626
0.447996
0.670584
0.207351
0.207351
0.888517
0.231196
0.588839
0.74406
0.319819
0.319819
0.999964
0.572745
0.56774
0.579046
0.467872
0.567742
0.411957
0.896951
0.896951
0.810343
0.60335
0.525386
0.91378
0.547297
0.895951
0.929386
0.929386
0.759339
0.759339
0.979463
0.82829
0.82829
0.828122
0.381462
0.418849
0.219404
0.929636
0.369287
0.824618
0.783871
0.311709
0.311709
0.417424
0.417424
0.286414
0.81919
0.576862
0.981314
0.910508
0.272306
0.272306
0.800093
0.406469
0.32585
0.874641
0.661871
0.692417
0.692417
0.479542
0.681832
0.775357
0.230703
0.731513
0.731513
0.582233
0.665044
0.567667
0.400629
0.770199
0.47198
0.216186
0.554429
0.554429
0.689093
0.685359
0.927491
0.801464
0.355284
0.996689
0.375636
0.483639
0.853563
0.753341
0.312144
0.70169
0.996531
0.233026
0.233026
0.399308
0.684205
0.62953
0.876713
0.712558
0.275988
0.26998
0.793544
0.670921
0.484808
0.841439
0.26504
0.249546
0.859346
0.859346
0.859346
0.765464
0.765464
0.985471
0.612392
0.847467
0.785789
0.785789
0.877499
0.297855
0.478883
0.478696
0.81257
0.444271
0.444271
0.891058
0.591796
0.629881
0.725187
0.584453
0.5831
0.34174
0.342439
0.790103
0.790103
0.375198
0.527207
0.532355
0.988706
0.332529
0.280308
0.850522
0.330092
0.330092
0.960356
0.49745
0.790144
0.790144
0.790144
0.728203
0.249973
0.600364
0.338636
0.697166
0.245627
0.562965
0.903455
0.308833
0.598869
0.350568
0.495665
0.632939
0.535901
0.95987
0.95987
0.890223
0.362584
0.61095
0.371868
0.999901
0.999901
0.703043
0.401215
0.880081
0.745164
0.696595
0.758067
0.741361
0.784754
0.743262
0.376029
0.992383
0.285206
0.470431
0.943576
0.551992
0.207766
0.27437
0.401513
0.213389
0.213389
0.420373
0.259428
0.223461
0.465527
0.314155
0.314155
0.207213
0.207213
0.300352
0.261209
0.261209
0.751432
0.751432
0.855594
0.307895
0.307895
0.810215
0.508474
0.661969
0.837056
0.497316
0.717687
0.747654
0.272904
0.688405
0.658887
0.42048
0.998678
0.477383
0.713336
0.714931
0.39761
0.39761
0.405923
0.311422
0.222172
0.776612
0.772548
0.690974
0.690974
0.264984
0.485427
0.757292
0.210461
0.59973
0.749591
0.47911
0.572675
0.569659
0.334262
0.211574
0.415469
0.576302
0.995069
0.878862
0.584842
0.584842
0.781218
0.596925
0.32064
0.423307
0.383647
0.324964
0.693104
0.603479
0.437377
0.745617
0.380179
0.883107
0.759421
0.759421
0.759421
0.573568
0.578883
0.799285
0.988602
0.432304
0.28792
0.631649
0.631649
0.669444
0.669444
0.538781
0.84895
0.369891
0.253902
0.66095
0.272243
0.200938
0.53059
0.53059
0.965161
0.965161
0.813022
0.385406
0.490667
0.30515
0.968495
0.571378
0.329902
0.597339
0.491935
0.633423
0.66194
0.218434
0.22729
0.999654
0.582561
0.360402
0.670797
0.241629
0.846459
0.502959
0.550567
0.777819
0.388564
0.926334
0.888531
0.310013
0.806098
0.491136
0.491136
0.491136
0.821648
0.618207
0.325484
0.800138
0.444458
0.241107
0.356992
0.509861
0.281842
0.866683
0.254068
0.841361
0.806449
0.287678
0.844621
0.992325
0.781032
0.232827
0.999197
0.228231
0.870802
0.47066
0.621465
0.791056
0.906831
0.471455
0.813275
0.541225
0.602826
0.866186
0.866186
0.387662
0.463262
0.556436
0.967646
0.248311
0.206422
0.202329
0.228357
0.228357
0.995456
0.677074
0.762085
0.577612
0.399533
0.399533
0.232923
0.24778
0.604575
0.949155
0.949155
0.686922
0.500586
0.839305
0.833744
0.637787
0.357735
0.541433
0.429006
0.599289
0.287818
0.269654
0.624132
0.712884
0.205343
0.509576
0.446171
0.446171
0.692977
0.692977
0.825227
0.85768
0.542345
0.997887
0.416337
0.262885
0.23025
0.769645
0.452577
0.236883
0.424744
0.837724
0.469467
0.500021
0.411193
0.518768
0.516504
0.520693
0.703472
0.371851
0.371851
0.819969
0.204637
0.204637
0.50509
0.307076
0.253592
0.282243
0.731312
0.852072
0.32314
0.495753
0.869314
0.676076
0.445858
0.923602
0.691782
0.353636
0.353636
0.241639
0.244348
0.244348
0.213346
0.449288
0.857016
0.619426
0.571893
0.641537
0.931911
0.790933
0.376481
0.376481
0.816365
0.369716
0.369716
0.423444
0.704401
0.714241
0.511181
0.596694
0.236672
0.383591
0.3081
0.867583
0.638468
0.994053
0.290824
0.483556
0.813656
0.726132
0.718255
0.718255
0.998117
0.664172
0.885581
0.227478
0.535946
0.750074
0.617893
0.617893
0.477622
0.402746
0.808861
0.896505
0.404715
0.814386
0.8193
0.425
0.425
0.208717
0.983479
0.297423
0.834035
0.723528
0.723528
0.899396
0.744898
0.654487
0.876203
0.706549
0.824207
0.234992
0.637402
0.212443
0.212443
0.889285
0.508554
0.743254
0.741585
0.227032
0.513919
0.887232
0.792382
0.511977
0.23588
0.495939
0.495939
0.234742
0.264615
0.436647
0.743751
0.964614
0.964614
0.76054
0.721232
0.524845
0.524845
0.2169
0.620139
0.687192
0.419205
0.419205
0.32603
0.54961
0.368202
0.201287
0.25486
0.614899
0.268644
0.268644
0.590601
0.350302
0.855291
0.437419
0.21454
0.21454
0.501817
0.256403
0.608274
0.591073
0.591073
0.947364
0.695175
0.905651
0.479231
0.479231
0.413907
0.597991
0.957446
0.801803
0.282585
0.865338
0.865338
0.322026
0.41245
0.486877
0.669864
0.354994
0.354994
0.864191
0.330629
0.389488
0.502777
0.814208
0.709086
0.639601
0.609326
0.327211
0.664366
0.977998
0.549583
0.549583
0.683722
0.926972
0.580418
0.669468
0.82267
0.848754
0.750787
0.315702
0.609571
0.548231
0.535654
0.650595
0.695556
0.817661
0.817661
0.61843
0.331688
0.737544
0.694746
0.252821
0.494281
0.494281
0.312148
0.348063
0.43029
0.243933
0.243933
0.654645
0.86783
0.845433
0.811029
0.245699
0.236897
0.236897
0.864935
0.459923
0.459923
0.687877
0.838215
0.630917
0.630917
0.871318
0.807767
0.21578
0.21578
0.21578
0.898545
0.745521
0.512734
0.529284
0.214447
0.713969
0.512896
0.418558
0.21814
0.799321
0.838713
0.843446
0.843446
0.992889
0.268831
0.49217
0.294018
0.814211
0.332033
0.332033
0.412259
0.412259
0.699408
0.498588
0.99426
0.808931
0.608512
0.755963
0.930299
0.860389
0.612246
0.363141
0.528003
0.528003
0.502673
0.289863
0.640923
0.580533
0.580533
0.985436
0.242609
0.375743
0.585199
0.98594
0.98594
0.421624
0.580351
0.436011
0.436011
0.778968
0.947019
0.22808
0.22808
0.530739
0.833504
0.756881
0.985683
0.352561
0.817506
0.748277
0.410215
0.410215
0.410215
0.213831
0.903629
0.595721
0.245339
0.473948
0.442747
0.904057
0.904057
0.904057
0.433678
0.40297
0.977338
0.634428
0.78051
0.291469
0.669063
0.507686
0.474826
0.511098
0.462878
0.838033
0.838033
0.674179
0.556374
0.904436
0.897488
0.897488
0.799542
0.402762
0.233978
0.233978
0.337822
0.764313
0.764313
0.376779
0.541238
0.542775
0.279923
0.655058
0.207507
0.87245
0.892692
0.317837
0.317837
0.846741
0.42611
0.596816
0.572679
0.486448
0.472
0.472
0.586256
0.236318
0.296017
0.788121
0.584988
0.298336
0.298336
0.499319
0.263238
0.315886
0.6427
0.6427
0.617615
0.351535
0.370695
0.977752
0.30182
0.30182
0.352711
0.934236
0.468504
0.23044
0.77161
0.796119
0.796119
0.218429
0.564741
0.828656
0.230582
0.420435
0.208252
0.443356
0.443356
0.406699
0.407162
0.822256
0.770402
0.478098
0.824589
0.379061
0.610033
0.794928
0.916269
0.840796
0.79891
0.79891
0.443918
0.539348
0.423782
0.910945
0.899967
0.29097
0.337059
0.531419
0.734479
0.70579
0.299072
0.426345
0.787278
0.814488
0.3377
0.995
0.304577
0.663073
0.609988
0.511194
0.884647
0.321431
0.662514
0.401381
0.811785
0.52141
0.52141
0.458212
0.301381
0.931312
0.612491
0.91387
0.445655
0.445655
0.833288
0.492194
0.368169
0.573636
0.579317
0.721566
0.711606
0.796787
0.796787
0.687372
0.581845
0.998766
0.887846
0.309954
0.407781
0.88798
0.619735
0.771895
0.27126
0.840648
0.887134
0.887134
0.634751
0.23181
0.281554
0.900052
0.828258
0.828258
0.201419
0.497938
0.801238
0.817068
0.210527
0.684551
0.684551
0.962681
0.609334
0.464549
0.298976
0.840662
0.686161
0.999139
0.776222
0.357012
0.925601
0.654439
0.560463
0.765876
0.638579
0.638579
0.568346
0.775948
0.769385
0.769385
0.348407
0.743529
0.53159
0.618059
0.206549
0.206549
0.206549
0.825979
0.808757
0.231363
0.584323
0.853445
0.244304
0.503269
0.350668
0.547721
0.547721
0.525084
0.752753
0.274836
0.274836
0.488606
0.884901
0.884901
0.780931
0.780931
0.810154
0.408637
0.659657
0.844652
0.844652
0.367909
0.367909
0.994268
0.865466
0.262251
0.262251
0.778225
0.568336
0.568336
0.662963
0.498697
0.489136
0.489136
0.256917
0.45451
0.934292
0.232987
0.986657
0.986657
0.76958
0.674928
0.77635
0.82428
0.903474
0.702765
0.351079
0.877989
0.47248
0.65793
0.234026
0.234026
0.531505
0.861606
0.73726
0.222531
0.209456
0.866572
0.513707
0.513707
0.418841
0.879775
0.270933
0.487049
0.465058
0.786335
0.357186
0.823408
0.584404
0.646207
0.374941
0.227034
0.814679
0.814679
0.605913
0.53676
0.977457
0.33281
0.902621
0.415507
0.583578
0.772686
0.87786
0.874871
0.237104
0.815627
0.815627
0.782295
0.782295
0.637678
0.744552
0.99956
0.443125
0.828345
0.420092
0.420092
0.453784
0.519781
0.874646
0.759572
0.759572
0.242879
0.99419
0.708066
0.346138
0.264494
0.32908
0.306021
0.204222
0.24081
0.321074
0.789579
0.673435
0.309176
0.59021
0.59021
0.999275
0.236665
0.730581
0.402764
0.655326
0.815515
0.674829
0.810348
0.875112
0.875015
0.272967
0.272967
0.574742
0.829115
0.815116
0.812939
0.812939
0.277318
0.277318
0.384934
0.384934
0.928914
0.743344
0.220469
0.573689
0.573689
0.714413
0.278886
0.267848
0.872449
0.211339
0.251195
0.848557
0.488749
0.70579
0.434928
0.987229
0.657924
0.228188
0.750672
0.711411
0.417154
0.417154
0.417154
0.874769
0.396003
0.396003
0.396003
0.691846
0.691846
0.354833
0.623986
0.301933
0.688293
0.621106
0.621106
0.993388
0.560086
0.76508
0.995917
0.211154
0.208334
0.560486
0.533457
0.991931
0.854339
0.297221
0.297221
0.254052
0.856838
0.83765
0.810378
0.810378
0.566561
0.93235
0.357617
0.321359
0.484094
0.63208
0.63208
0.237977
0.237977
0.729655
0.747949
0.775876
0.573946
0.573946
0.253271
0.995932
0.230521
0.230521
0.662769
0.662769
0.941218
0.407902
0.362244
0.646242
0.958541
0.816252
0.736657
0.362426
0.609431
0.590056
0.765141
0.765141
0.357443
0.920588
0.27041
0.895907
0.895907
0.517579
0.261851
0.261851
0.26178
0.228493
0.853157
0.525867
0.525867
0.353433
0.301525
0.314863
0.29786
0.532108
0.222848
0.741752
0.495494
0.749561
0.759504
0.519647
0.519647
0.519647
0.54366
0.361058
0.916076
0.394551
0.83674
0.782449
0.746852
0.794591
0.844051
0.40657
0.428063
0.725091
0.656361
0.804019
0.23277
0.238751
0.521209
0.692566
0.289928
0.394133
0.811839
0.999081
0.202464
0.758323
0.237929
0.324148
0.324148
0.72908
0.921477
0.993373
0.204374
0.204374
0.757201
0.947529
0.548024
0.732547
0.627411
0.628811
0.242036
0.290773
0.985359
0.985359
0.922302
0.220822
0.604102
0.204506
0.200127
0.932792
0.225671
0.338878
0.338878
0.56386
0.216452
0.86634
0.221019
0.767467
0.767467
0.379387
0.379387
0.453061
0.399898
0.399898
0.899957
0.899957
0.590438
0.647727
0.560527
0.560527
0.680109
0.998614
0.659039
0.652516
0.645846
0.305762
0.710524
0.419654
0.419654
0.211767
0.353976
0.201735
0.60752
0.912179
0.252753
0.789563
0.586452
0.586452
0.315747
0.399559
0.761969
0.543358
0.253654
0.253654
0.697379
0.202917
0.528446
0.253736
0.363852
0.999917
0.797607
0.300773
0.472091
0.730653
0.791398
0.289322
0.289322
0.779548
0.238098
0.599473
0.647583
0.998186
0.919998
0.323665
0.61492
0.352038
0.849196
0.642536
0.298834
0.999854
0.636216
0.636216
0.621463
0.400096
0.231529
0.440809
0.798233
0.636983
0.636983
0.771197
0.795202
0.204025
0.555677
0.632007
0.839079
0.805572
0.396407
0.221471
0.505127
0.296214
0.446728
0.749614
0.640491
0.628217
0.807971
0.327288
0.662955
0.449098
0.887686
0.314537
0.845749
0.845749
0.979479
0.215478
0.798331
0.311365
0.311365
0.503631
0.303545
0.813641
0.851466
0.780337
0.780337
0.591407
0.782324
0.643088
0.394464
0.390252
0.390252
0.569008
0.311227
0.477727
0.296399
0.230537
0.36478
0.74951
0.380535
0.494684
0.253407
0.26189
0.26189
0.800138
0.434187
0.725461
0.471213
0.371329
0.371329
0.370045
0.370045
0.818891
0.249923
0.249923
0.284573
0.936827
0.802812
0.802812
0.939207
0.793962
0.621533
0.621533
0.342799
0.75873
0.553974
0.553974
0.670642
0.91705
0.220515
0.653551
0.774366
0.774366
0.774366
0.731646
0.782164
0.358853
0.82488
0.250908
0.250908
0.822121
0.455499
0.455499
0.83601
0.827649
0.72952
0.812093
0.788878
0.506151
0.279632
0.395669
0.513564
0.761179
0.232224
0.730985
0.607109
0.812146
0.594191
0.776425
0.545732
0.787943
0.464643
0.470271
0.34191
0.573358
0.763739
0.298958
0.856944
0.420985
0.252178
0.348739
0.853125
0.853125
0.389533
0.878212
0.633783
0.633783
0.670093
0.670093
0.820777
0.99568
0.927196
0.544448
0.839679
0.311696
0.749809
0.270808
0.543456
0.392702
0.758005
0.661188
0.578754
0.647291
0.642107
0.672698
0.916581
0.286076
0.747587
0.747587
0.27784
0.499185
0.396366
0.880119
0.269653
0.987656
0.833081
0.626106
0.285157
0.277131
0.539704
0.350663
0.795853
0.409338
0.855996
0.268887
0.268887
0.493022
0.665563
0.294391
0.990186
0.771386
0.282727
0.426582
0.777574
0.872782
0.631213
0.968284
0.968284
0.516357
0.989535
0.709301
0.399382
0.479202
0.420209
0.201865
0.391267
0.900574
0.43414
0.43414
0.551918
0.57964
0.322114
0.39902
0.535641
0.433813
0.826439
0.717516
0.717516
0.520107
0.786623
0.827808
0.827808
0.294154
0.259803
0.958946
0.958946
0.241963
0.676931
0.468689
0.304491
0.304491
0.639825
0.911503
0.224898
0.678106
0.678106
0.729796
0.869392
0.503335
0.671412
0.594723
0.711846
0.949397
0.641404
0.641404
0.752053
0.633655
0.653099
0.815456
0.309435
0.374101
0.203229
0.38402
0.872755
0.396207
0.396207
0.625721
0.356765
0.356765
0.252712
0.79289
0.891174
0.888075
0.888075
0.888075
0.888075
0.321157
0.722581
0.644915
0.644915
0.925596
0.998928
0.998928
0.795068
0.994138
0.330912
0.347446
0.232645
0.646912
0.250456
0.250456
0.449382
0.424526
0.310187
0.310187
0.821251
0.930465
0.223879
0.599178
0.793017
0.566241
0.377457
0.695576
0.695576
0.626579
0.235717
0.439248
0.993762
0.801567
0.55148
0.223646
0.228188
0.452771
0.452771
0.995199
0.294864
0.443421
0.579379
0.864875
0.696238
0.721091
0.64693
0.653133
0.400391
0.80959
0.777968
0.41887
0.320503
0.619742
0.611934
0.604598
0.392023
0.699701
0.823745
0.240547
0.243088
0.220291
0.220291
0.777949
0.828547
0.828547
0.350589
0.742536
0.742536
0.777552
0.777552
0.982114
0.959017
0.697864
0.697864
0.654727
0.842506
0.842506
0.2779
0.999712
0.666915
0.666915
0.23339
0.665865
0.799558
0.345308
0.345308
0.760007
0.760007
0.832461
0.29519
0.999744
0.682624
0.854765
0.325833
0.325833
0.771319
0.286032
0.286032
0.292153
0.860101
0.8286
0.803467
0.994599
0.259578
0.259578
0.407422
0.493935
0.259222
0.215366
0.616593
0.372455
0.736698
0.925849
0.748369
0.255709
0.597031
0.597031
0.751872
0.79306
0.203159
0.343901
0.343901
0.525708
0.768772
0.449082
0.449082
0.996677
0.274787
0.892022
0.892022
0.45524
0.743449
0.743449
0.895823
0.820282
0.240957
0.565343
0.341081
0.341081
0.341081
0.484652
0.71743
0.875872
0.764859
0.931602
0.569732
0.88158
0.8595
0.400621
0.998217
0.818046
0.999893
0.661217
0.221586
0.768648
0.624665
0.997775
0.798727
0.251363
0.99748
0.216289
0.794336
0.757474
0.757474
0.510732
0.244185
0.592353
0.592353
0.959443
0.474052
0.474052
0.428516
0.428516
0.56361
0.564608
0.564608
0.825986
0.684593
0.684593
0.277623
0.898695
0.632786
0.849333
0.516169
0.858442
0.523949
0.931849
0.237604
0.493704
0.995755
0.79673
0.79673
0.232292
0.769466
0.769466
0.894915
0.303061
0.515096
0.482535
0.99929
0.746177
0.881397
0.881397
0.413332
0.359443
0.418849
0.953906
0.799068
0.237235
0.951358
0.951358
0.35539
0.35539
0.688942
0.593868
0.565529
0.903434
0.820647
0.696548
0.319497
0.868241
0.411407
0.497219
0.915756
0.603089
0.61303
0.72907
0.752867
0.365215
0.842461
0.778816
0.362406
0.717372
0.717372
0.594935
0.594935
0.594935
0.543506
0.324343
0.846641
0.876997
0.407319
0.906327
0.20961
0.997455
0.279661
0.3437
0.741332
0.818481
0.297995
0.559319
0.610405
0.99583
0.554163
0.788099
0.974846
0.555068
0.555068
0.288827
0.902239
0.571795
0.571795
0.899838
0.320398
0.320398
0.897225
0.897225
0.999188
0.460568
0.479322
0.785112
0.999087
0.37954
0.614397
0.624481
0.540201
0.665013
0.665013
0.90413
0.771452
0.882058
0.576446
0.78811
0.239332
0.239332
0.511808
0.998752
0.60643
0.999624
0.550191
0.991469
0.446065
0.634652
0.747672
0.309632
0.617509
0.5852
0.324231
0.324231
0.753423
0.360732
0.360732
0.734094
0.262979
0.519248
0.59512
0.638898
0.385118
0.527687
0.839694
0.289752
0.354376
0.782446
0.36997
0.563824
0.326767
0.918352
0.986843
0.687516
0.808418
0.610529
0.755743
0.755743
0.992341
0.992341
0.420151
0.876294
0.814728
0.261377
0.302365
0.720866
0.65253
0.279199
0.676278
0.717815
0.564898
0.678529
0.373102
0.712068
0.79767
0.3221
0.234885
0.234885
0.234885
0.441707
0.54951
0.54951
0.634518
0.634518
0.275201
0.275201
0.275201
0.668236
0.812002
0.288417
0.7174
0.7174
0.645882
0.685023
0.261582
0.271579
0.27388
0.279624
0.799314
0.738954
0.23565
0.476933
0.285583
0.57511
0.840355
0.938645
0.727161
0.643973
0.494484
0.997416
0.859071
0.907955
0.473788
0.565557
0.901539
0.632033
0.95246
0.840756
0.31794
0.31794
0.7718
0.398485
0.398485
0.291356
0.639515
0.795178
0.74708
0.74708
0.424024
0.601227
0.85978
0.294907
0.341404
0.303708
0.480226
0.55534
0.381752
0.996503
0.53395
0.934492
0.405057
0.405057
0.822011
0.532844
0.665789
0.665789
0.633449
0.772967
0.539325
0.236572
0.427892
0.427892
0.669189
0.908974
0.220753
0.802641
0.815439
0.583616
0.875785
0.512065
0.671295
0.741984
0.547916
0.547916
0.252712
0.577218
0.206385
0.608337
0.844055
0.514884
0.243519
0.307007
0.442207
0.471581
0.210771
0.210771
0.561573
0.561573
0.707912
0.672489
0.334448
0.855895
0.855895
0.30586
0.327719
0.845799
0.765431
0.736264
0.736264
0.526838
0.806684
0.437559
0.481558
0.368635
0.368635
0.492819
0.475017
0.428635
0.342344
0.320332
0.504181
0.504181
0.780685
0.598683
0.646655
0.858477
0.998369
0.901992
0.998001
0.664021
0.570982
0.246792
0.295231
0.295231
0.420226
0.420226
0.249001
0.295875
0.295875
0.344886
0.976961
0.280909
0.37538
0.286821
0.286821
0.48483
0.397868
0.929464
0.888926
0.824962
0.832039
0.975799
0.690056
0.718603
0.484597
0.757045
0.434724
0.517413
0.468991
0.210287
0.947641
0.319696
0.998763
0.825543
0.58589
0.3404
0.866786
0.289196
0.289196
0.966661
0.703814
0.638413
0.773446
0.773446
0.25989
0.514704
0.856097
0.961335
0.220431
0.533673
0.202287
0.855231
0.703075
0.992848
0.797916
0.225302
0.230084
0.985538
0.985538
0.682587
0.890706
0.975633
0.222227
0.350817
0.752831
0.24935
0.894539
0.752002
0.874752
0.237159
0.237159
0.368872
0.986222
0.799513
0.421464
0.69627
0.29826
0.715191
0.878545
0.878545
0.354417
0.842605
0.71
0.261811
0.261811
0.675821
0.589979
0.349807
0.349807
0.857349
0.570542
0.372929
0.881491
0.554042
0.626702
0.964115
0.20073
0.617182
0.388801
0.762145
0.850762
0.333812
0.333812
0.513091
0.358993
0.875204
0.497238
0.583635
0.593224
0.593224
0.211719
0.387972
0.74864
0.760313
0.760313
0.309973
0.348815
0.614165
0.683989
0.683989
0.683989
0.429892
0.739963
0.999975
0.870534
0.867569
0.552915
0.27976
0.836073
0.836073
0.560187
0.560187
0.844077
0.844077
0.483086
0.483086
0.837429
0.710727
0.710727
0.814585
0.709493
0.687548
0.462844
0.934829
0.932735
0.245365
0.980433
0.980433
0.835399
0.356982
0.477757
0.477757
0.999955
0.815021
0.705769
0.90631
0.215653
0.298471
0.298471
0.356763
0.356763
0.615942
0.482761
0.47454
0.47454
0.413897
0.804709
0.40606
0.685219
0.685219
0.847844
0.287959
0.727648
0.8001
0.342685
0.248465
0.395723
0.987741
0.293743
0.5361
0.343584
0.606278
0.320507
0.846489
0.777824
0.896853
0.26496
0.787757
0.349154
0.845878
0.721257
0.643343
0.479474
0.614227
0.229431
0.998184
0.878469
0.528572
0.528572
0.489029
0.841062
0.592558
0.725705
0.614808
0.780258
0.335191
0.207196
0.207196
0.476073
0.593369
0.577733
0.438931
0.438931
0.695628
0.695628
0.314916
0.601375
0.785146
0.854991
0.817197
0.724973
0.77146
0.274321
0.90003
0.819459
0.211538
0.469663
0.350962
0.403807
0.672086
0.235921
0.668097
0.809189
0.450282
0.450282
0.91691
0.91691
0.510252
0.774938
0.774938
0.659778
0.659778
0.734107
0.633919
0.633919
0.21647
0.99647
0.99647
0.438747
0.207574
0.792872
0.985945
0.994882
0.269389
0.457265
0.457265
0.266502
0.901897
0.231348
0.256235
0.358379
0.856456
0.702834
0.726224
0.254242
0.735683
0.348112
0.324007
0.617054
0.856269
0.457495
0.698824
0.442196
0.604732
0.338611
0.402543
0.521727
0.207778
0.854508
0.33337
0.576719
0.713951
0.723763
0.42132
0.824932
0.415486
0.86711
0.829726
0.308179
0.817845
0.420085
0.420085
0.203443
0.203443
0.998198
0.611352
0.334572
0.783498
0.822084
0.514751
0.577596
0.305217
0.324831
0.321953
0.321953
0.210059
0.571269
0.571269
0.571269
0.785954
0.570148
0.632758
0.632758
0.997516
0.490531
0.439987
0.294425
0.95469
0.646051
0.503455
0.492536
0.821669
0.856359
0.739361
0.846989
0.358366
0.449532
0.220165
0.845926
0.486296
0.586613
0.21577
0.764805
0.875017
0.994886
0.703454
0.452939
0.452939
0.630552
0.7313
0.811869
0.242947
0.242947
0.509172
0.363101
0.469185
0.262166
0.262166
0.262166
0.86172
0.289741
0.736413
0.978984
0.785403
0.785403
0.785403
0.477538
0.725379
0.996655
0.706412
0.853999
0.550002
0.550002
0.233074
0.325646
0.281207
0.612184
0.421011
0.792395
0.842488
0.868088
0.868088
0.311445
0.311445
0.72641
0.519552
0.358741
0.350477
0.856688
0.857432
0.51383
0.265121
0.248358
0.248358
0.224425
0.86769
0.86769
0.508783
0.508783
0.441306
0.84703
0.591731
0.730578
0.82708
0.754458
0.425885
0.425885
0.99536
0.404543
0.460762
0.660609
0.446949
0.375193
0.764326
0.603701
0.297622
0.797095
0.814179
0.593863
0.695675
0.80465
0.975291
0.269818
0.833774
0.833774
0.687328
0.480821
0.254952
0.254952
0.821645
0.821645
0.437955
0.287323
0.904235
0.343247
0.834099
0.632911
0.517164
0.757152
0.799123
0.622312
0.244443
0.244443
0.316349
0.209853
0.40616
0.778642
0.906803
0.698468
0.266703
0.771484
0.46662
0.667181
0.552438
0.379959
0.379959
0.994969
0.379953
0.264811
0.264811
0.512946
0.594366
0.835984
0.280484
0.280484
0.99839
0.722248
0.719137
0.602524
0.602524
0.999684
0.77201
0.915491
0.250203
0.996782
0.984624
0.924138
0.5152
0.717657
0.717657
0.975639
0.248169
0.756911
0.367437
0.998648
0.286839
0.807496
0.917879
0.241909
0.241909
0.932288
0.265912
0.265912
0.441925
0.99238
0.201005
0.778694
0.764072
0.769215
0.252272
0.252272
0.994167
0.448226
0.419526
0.419526
0.794703
0.794703
0.332287
0.242857
0.242857
0.332361
0.457863
0.625674
0.344393
0.288145
0.288145
0.84856
0.448505
0.922111
0.885272
0.885272
0.262876
0.62344
0.393868
0.350402
0.350402
0.768728
0.785955
0.924277
0.762436
