-21.5389
-35.3316
66.8132
-125.736
-71.1243
-169.698
-169.698
-27.6074
10.6789
-11.2791
103.266
-239.04
25.8644
25.8644
28.5445
-72.654
-83.7197
52.1124
-126.385
-62.1331
-183.693
-12.8482
-106.544
-143.989
17.6583
47.5371
66.1485
128.314
-29.312
273.098
-304.8
13.1053
119.086
-92.19
-45.0233
-84.3277
302.256
31.3635
-65.0557
-69.7171
27.8473
13.9258
-203.509
-203.509
59.3888
-34.7849
-39.2783
106.462
-190.291
-190.291
32.9132
-89.7927
-71.2118
-8.12654
-16.2333
26.6364
4.21594
-351.712
-24.1451
41.477
-17.2535
-81.0229
-32.2315
-32.2315
-27.225
150.645
-126.396
-51.0679
-22.3731
135.597
-321.792
57.4844
-48.3393
-66.3847
36.7263
-50.5683
-41.2039
60.275
47.1513
-33.0616
-4.70745
-41.9394
-63.33
39.0819
-279.291
109.081
-80.6649
-60.693
-116.068
-15.9861
35.943
81.5299
-96.513
-50.032
89.9529
-91.3126
-27.5728
41.0037
-131.546
5.31444
108.472
-44.1095
21.842
-124.185
-124.185
-50.5437
-37.6959
-72.6703
-44.2153
166.916
-105.265
68.1999
-67.2238
86.5278
-76.2828
-76.2828
-151.332
-45.0597
-6.68227
-64.9729
55.9618
-132.598
-127.565
14.2784
-17.8785
-78.323
-26.9904
-114.163
-106.741
-77.0022
39.9547
56.9187
-58.2443
47.5285
-343.185
-126.311
-147.886
-123.973
-318.121
-72.148
-22.6084
76.9792
19.8716
103.884
-173.229
-173.229
-17.3224
-27.6325
-157.239
70.161
-56.1532
-61.2855
-206.832
99.9211
148.993
55.5677
-131.183
-49.3278
-17.2628
-51.6982
40.8407
-123.913
56.0527
-14.7143
-85.1745
-111.346
-111.346
22.5307
-97.4608
-42.7073
-107.896
-107.898
-144.673
-10.4517
-127.722
117.811
-37.903
-15.9514
-58.3373
-114.58
-123.688
20.6989
77.0273
-84.3463
-78.407
-34.0582
30.18
-78.3761
-31.0356
-145.667
-145.667
-146.134
-130.424
-81.6643
-13.6359
-62.3139
314.461
-89.3422
36.2539
-84.4675
-80.0821
81.8024
-39.4571
98.6621
114.527
29.1398
11.1161
86.644
-46.2082
84.6518
-321.84
-281.637
-74.4635
-30.6654
-30.6654
77.6785
70.6717
-272.339
33.6049
16.6218
-154.069
-24.8034
60.2687
-309.74
-114.534
-77.0054
-2.80402
7.22268
-60.4353
-144.824
-63.8272
-337.765
-21.8133
158.898
158.898
-45.0989
-51.6951
-17.1726
-29.9533
-296.9
31.1967
-55.2443
-23.5437
-96.5231
26.3144
-5.20873
-152.117
-152.117
-48.8611
52.5663
28.5362
119.116
-31.0044
-44.8169
-42.1994
-51.0221
-100.866
-65.5567
-84.1101
69.2455
83.3648
-163.84
-55.8521
-148.283
-106.41
24.066
-201.337
-201.337
-12.3881
-25.604
113.944
20.6721
-41.3454
-60.8567
107.901
44.161
-294.735
208.338
208.338
-59.4879
-32.3505
-55.6143
-55.6143
-105.134
-228.153
-76.7733
283.274
-105.529
-55.0461
-124.451
-8.16359
332.895
-187.12
-87.9931
-61.0083
-93.1325
75.1984
-207.701
-64.5639
9.77293
-141.451
-34.4113
61.1455
217.694
-43.6924
-210.648
205.013
-229.938
-229.938
295.851
105.939
-105.624
-45.6014
27.8965
100.313
137.185
-231.369
-217.423
-217.423
35.2287
47.3893
47.3893
2.57031
-76.8929
-91.1694
159.848
-50.8569
-114.822
-26.3905
-31.1325
-120.223
107.935
107.935
-22.7682
123.728
123.728
-43.3708
-111.988
112.161
-175.761
-15.8451
82.0919
82.0919
-91.1315
90.219
7.8149
7.15663
-53.0203
126.218
95.0333
-36.496
-15.0186
-103.028
-185.825
-347.133
70.2358
-247.391
-79.3906
66.1291
-39.7524
9.18218
78.7506
-108.654
-62.7652
-76.8173
76.32
-12.7596
-39.6374
-39.6374
25.3603
205.553
52.1963
29.5461
28.4536
44.0004
-31.2191
58.1292
-232.813
23.2914
76.3331
-80.5302
-79.5486
229.19
-142.855
39.0269
122.853
-142.382
-263.526
178.914
-204.647
-159.733
-60.6383
78.5162
78.5162
-36.172
-47.608
-96.4856
-39.4543
235.983
74.1382
-119.091
-16.3521
82.2904
-138.818
-30.6105
-162.672
-83.2119
-40.8519
-21.6698
59.5157
-65.3509
225.879
-115.846
-192.025
-149.567
169.185
127.152
-32.1498
-32.1498
-98.795
-48.256
4.2624
-109.858
-57.7945
264.065
30.6192
30.6192
73.1684
-59.3382
-67.2825
98.4668
26.7381
-120.433
-6.4168
-342.386
-73.4591
-157.899
33.014
-23.8235
-63.59
-142.867
253.001
42.6931
-343.839
-343.839
-211.369
-65.9641
-209.133
-131.357
-131.357
-131.357
-32.1714
-15.6293
-90.0735
-158.51
-233.205
-10.6753
311.278
-211.246
29.7481
-42.9733
-72.2497
-52.7503
-222.555
-34.3429
10.9091
41.7624
-84.8105
-13.455
50.5097
-78.1803
-303.197
20.4863
-103.903
-343.037
-343.037
-96.5264
-96.5264
-115.83
239.777
0.652754
94.4159
67.3191
75.18
-246.579
-159.828
-65.3824
-260.893
-51.3475
-13.6845
-62.9181
-14.9092
-65.5159
-170.586
50.8873
-24.6096
-58.7979
315.311
-40.398
40.9297
26.3633
-153.701
-58.5255
51.9327
-43.2806
-41.6829
-107.343
-159.555
50.938
31.8833
-79.3033
-36.2808
-53.6306
51.3002
51.3002
-300.634
-21.452
-66.3863
-66.3079
135.607
135.607
35.111
-53.5505
-60.1942
-119.142
-46.4843
24.4505
24.4505
256.246
-25.7093
-297.77
-130.075
-102.088
-124.557
-57.0131
-57.0131
-34.3369
27.6274
-52.8935
-57.3179
-87.4479
-57.3177
-78.5765
-171.02
-61.9725
-137.879
-27.9033
-142.683
-286.984
173.867
-51.3902
9.24821
-85.2942
-120.14
37.1306
65.9617
-30.1658
-10.1878
-105.693
-86.6417
-64.8592
-145.493
-114.985
54.4435
214.997
-99.5116
-83.5407
-93.7111
-224.902
-224.902
-88.3857
-136.065
-343.457
188.599
-9.36962
-10.3116
-209.483
-257.454
-106.838
10.5103
-133.389
-84.5229
110.117
11.3048
-118.295
-113.16
317.572
-19.4839
-134.525
51.0551
-179.751
-253.388
-12.5573
23.508
29.0745
-27.7745
-115.548
24.3782
61.66
254.1
-87.5848
-103.843
98.782
98.824
98.824
-23.0826
-21.8024
-86.8307
13.2201
13.2201
54.9436
-108.862
-108.862
40.5515
17.518
-180.509
-65.0095
12.8795
-69.5149
-53.354
-10.4613
139.462
31.301
-82.4201
-152.302
-101.26
-89.891
-124.616
109.456
-26.012
-66.9865
-66.9865
-70.4518
-70.4518
-45.194
-355.538
55.0939
59.5003
-35.2573
30.2245
-40.3831
-96.342
-123.141
68.1516
41.5885
104.875
-75.1794
89.9294
52.0903
127.56
-82.8108
76.6552
-169.357
-153.15
58.0896
-14.7411
53.6069
-46.9205
-8.67605
15.0056
39.0767
94.4991
112.225
-31.29
-35.8429
190.371
-121.321
103.971
146.235
-74.606
-72.3185
7.59582
41.9622
-46.6133
44.5676
-24.6981
-24.6981
14.2711
14.2711
17.421
14.5074
-151.254
-38.2102
-38.2102
49.243
-208.567
-68.2317
-79.6986
135.46
-73.9416
72.2686
26.3949
-73.4407
-174.571
239.276
-53.0049
-103.253
-66.4366
-20.4814
-79.7087
63.2101
132.811
-132.968
-34.7186
-94.5279
17.4004
7.59299
-164.755
28.4487
324.546
160.751
-212.776
-203.975
26.9615
225.2
-21.6266
-164.456
-164.456
198.004
-56.253
-120.995
-72.4124
7.02479
-61.2264
-110.074
-142.4
-80.249
-185.081
329.974
6.41986
-348.962
-140.583
21.4877
-2.45931
-60.6956
-98.1249
-46.7238
-9.17627
-28.5377
-8.66805
-104.132
-13.8511
-60.3695
-137.321
-29.817
240.164
40.7408
-64.1834
-38.4317
312.064
-263.748
-49.0294
130.783
123.894
-35.0786
-195.734
341.32
-44.234
-77.8249
-57.6335
125.128
-235.082
-67.6754
-68.9678
264.171
-2.24038
-91.8325
20.147
20.147
32.0062
-21.1714
-102.07
-114.011
-51.8199
-58.1712
-249.985
-129.539
-129.539
-133.141
-140.428
62.3384
8.93826
-81.3899
-185.314
30.6374
-13.8243
-41.5422
53.8295
120.239
-57.7358
76.6852
-140.306
-210.466
-181.163
88.2204
-122.21
78.6559
-112.67
47.2705
-82.8737
-187.97
-197.187
112.59
32.4293
11.471
-100.584
-44.0002
-25.2759
-15.3648
-157.576
-52.0503
18.6669
-160.72
-31.489
-55.4068
78.0875
-210.267
332.77
176.277
-94.5974
-35.8618
25.7565
-86.1526
-124.231
-99.6358
-196.736
-145.111
-118.247
-118.247
21.3932
17.4176
5.1858
-9.57569
-164.448
-17.0593
-17.0593
23.4786
-85.6897
-30.3887
-74.0023
-35.3903
-286.918
31.2217
-154.037
-85.7713
-339.455
-66.4712
-47.7632
38.002
-105.687
-74.1356
-270.955
-270.955
-178.916
130.451
-220.01
131.096
131.096
-86.9781
111.938
29.8698
-56.6661
33.7739
25.6761
-40.2968
-40.2968
-284.593
-284.593
-66.2682
-44.4756
-62.3225
27.5135
-17.2741
-14.2516
-18.4702
-52.7775
-106.905
-106.905
186.584
39.4418
71.0165
-85.0375
176.924
104.383
-81.8343
106.555
-245.814
-88.819
-48.0523
42.0797
64.5656
-25.0078
-45.1374
146.394
-156.807
-104.704
118.83
-189.843
-58.0932
336.522
-125.534
-181.508
-99.4807
-100.261
-115.342
104.257
50.9562
-103.943
98.5245
-58.3286
309.785
309.916
-220.983
-183.202
-163.528
-163.528
-5.69918
110.125
-167.612
39.4044
24.2167
-245.261
-196.564
60.9584
-141.773
-141.773
-121.887
-43.9199
-42.985
-197.371
288.72
288.72
-109.615
83.1875
-348.337
-79.4968
-119.815
-66.535
-43.0531
82.8845
82.8845
-81.7493
58.4107
165.575
165.575
-90.693
-45.7603
292.952
-159.962
-79.4956
73.3982
138.662
-170.654
51.654
-15.5901
-163.167
53.7218
-63.5675
-104.801
-144.948
-11.3241
-31.717
-23.542
-116.184
344.252
-119.3
-11.3838
-31.2794
-119.419
52.6223
-26.9429
-17.6547
-49.5853
-229.389
-105.657
-45.7027
-91.2636
-23.5781
-126.29
300.726
300.726
-1.93139
-126.802
21.2061
-11.7996
-33.1915
-259.237
-191.337
-42.2487
174.929
29.0841
-145.092
70.5202
-151.407
-18.3174
-8.78749
-156.105
-108.751
302.068
61.482
101.962
-94.9667
-43.3798
259.538
-148.091
44.9144
-82.4553
-147.616
-46.5596
59.471
-259.563
42.2924
-210.695
128.22
-125.328
109.084
-34.7817
237.71
91.9851
-163.386
78.1558
-111.137
167.757
-40.5309
-85.5131
-92.4837
-17.2257
-17.2257
14.114
-77.9581
-129.73
-197.237
89.9732
89.9732
-134.09
-17.6126
-41.2483
-54.1124
-12.9167
-32.7111
-32.7111
25.2057
-225.965
38.178
-120.622
186.036
-82.1451
-122.531
-71.059
-8.51755
-44.1953
-52.2738
62.6591
-210.696
-272.814
-61.0245
-87.8713
-76.4991
-227.327
-344.21
191.965
-63.0236
-109.622
-33.5566
-191.383
-196.713
114.685
-35.9779
-176.465
-46.8748
-86.8933
-2.09164
-90.5811
-118.165
-281.609
-89.9601
-70.0992
-40.2062
-99.8829
49.5956
49.5956
-63.1808
197.635
-30.2693
-66.7655
-101.212
-46.1006
-28.1439
41.7044
157.86
-69.8941
-81.3652
201.318
-67.7149
-67.3436
43.6531
-121.451
203.023
-15.3999
17.2183
27.6048
-56.6619
-219.701
50.0117
-18.5248
-220.626
89.1349
35.7978
-230.811
-17.7612
325.422
-84.4968
-56.3976
-56.3976
-172.587
12.5971
19.7354
-132.184
-29.1025
-16.0567
-78.1934
-44.2147
-168.612
-125.625
116.822
-18.1909
36.9203
-63.2424
-165.859
-185.034
36.3439
36.3439
-81.2382
-46.7843
115.029
76.5574
-40.5641
-71.1925
-23.6983
-54.863
-39.9529
306.681
-125.508
-298.687
-244.549
-244.549
-22.9582
-13.8092
-50.2456
-46.7864
61.9702
290.89
33.3981
68.2024
-59.4335
-91.1526
-116.102
-153.702
-75.9871
-143.238
-146.107
-130.858
27.3401
27.3401
-62.415
-11.6122
-209.871
-162.661
-72.0291
-143.47
63.0531
74.0361
-316.443
-74.9381
-30.5886
-34.2466
-129.506
-164.314
-149.055
50.5726
-50.0653
-30.2078
-32.6845
-291.353
-291.353
-225.459
-36.6267
229.579
-71.9143
12.9728
-65.4919
11.3137
-117.034
-81.0715
-81.0715
-241.359
-241.359
-149.554
-166.709
-18.3735
-71.7336
207.589
207.589
-187.797
-10.1091
-14.0475
-35.8162
31.504
-158.259
47.8457
-167.942
-84.8931
-50.902
-100.387
-55.9342
-133.465
-133.465
-42.5967
-129.911
12.2971
-14.4082
-136.049
-136.049
-107.099
-112.973
-55.6781
-23.6643
-33.599
-27.7268
-144.924
-31.6421
86.5501
-237.865
41.6499
4.39898
-188.429
-32.3067
-46.8977
-122.338
-178.711
-34.6464
-46.7569
37.3502
-38.09
-38.09
-43.5945
-43.5945
138.961
25.9567
-98.1578
-11.6785
-95.9678
-38.7342
-91.2264
-91.2264
-188.915
-164.199
-56.1423
-30.6624
-30.6624
278.431
-104.404
-29.0551
101.203
101.203
-191.835
-32.1088
-171.476
-171.476
61.9437
24.9614
-196.09
-196.09
-102.554
-20.904
-67.5572
-61.1255
-106.115
-62.0474
-104.822
31.0132
-205.44
-84.0128
-84.0128
32.4025
153.466
100.82
-60.1292
-121.868
14.1676
69.3104
-35.3358
-98.7178
-71.0969
-22.3009
-16.1782
-87.4915
-47.891
19.6483
4.13261
-299.854
-124.834
-54.0485
-106.696
-24.0835
-249.205
-50.8781
-5.73166
-11.1025
-83.7843
-228.631
-151.92
-103.655
58.4939
-97.0325
53.8021
-32.4675
-86.3735
-190.41
-247.448
81.2301
-13.8464
-13.8464
-27.3099
-16.9939
-30.6341
-95.759
41.4914
62.482
-96.2741
-136.14
-64.0969
77.6019
102.942
-192.756
-145.511
-86.6991
-24.4296
-2.0744
-74.3204
-68.816
-63.8941
121.646
-54.8661
-106.211
-19.1069
-100.918
-216.766
-22.191
-13.7907
175.444
-12.3816
213.155
-30.8858
-29.9743
-108.034
-121.412
37.6344
-133.465
-23.8455
52.8008
-49.942
-213.56
-213.56
98.9141
-302.784
140.644
140.644
-142.157
73.8954
-71.7174
-111.465
12.3843
67.4686
-102.519
120.806
-45.8087
-64.3259
-224.306
-302.182
-52.9904
-212.306
-212.306
35.0837
75.1786
58.8608
-294.424
-65.0109
-116
-214.549
-56.4141
-75.2993
-26.5242
-99.8472
24.9166
-28.4551
-94.888
254.892
-61.6005
86.208
-39.4421
-67.8244
-48.2195
-53.2757
-49.3352
-131.39
-131.39
7.74347
-104.084
-73.3867
19.578
-29.1707
-23.2893
-204.996
-58.2184
340.558
-42.0066
-155.885
-155.885
40.2506
-186.846
-15.8721
-15.8721
-151.779
-24.2085
117.762
21.8039
53.1748
-80.7725
-5.76433
318.903
-107.972
-126.504
-33.0236
-72.4159
-59.0144
-55.7444
148.097
-113.008
-27.8636
30.5337
79.8292
-151.978
-161.286
-3.83358
8.67263
-35.6965
30.4918
64.6802
-246.259
-246.259
24.3088
-61.4089
126.437
35.5118
262.819
-16.2929
37.2277
14.0348
-101.124
31.5856
292.165
-9.4564
25.2657
-96.1243
-96.1243
-87.9411
-169.596
44.4381
-66.4943
227.595
7.33718
7.33718
-54.8716
-169.239
-61.557
-318.337
-102.538
-164.951
-75.8729
343.75
-198.834
26.0364
-89.1345
-57.3742
-122.699
-142.257
41.9573
126.951
35.0674
-69.0831
-54.2398
-61.0171
14.3396
-86.3291
-50.233
-202.648
-343.703
67.6231
35.7342
-9.39841
-132.977
-132.977
-221.903
-6.49764
28.4805
-113.451
-59.3279
62.2103
-66.3185
-66.3185
234.413
-10.9696
-155.576
-321.382
-321.382
24.5296
-40.6017
-81.1556
-107.698
-18.3571
-102.293
-103.973
93.4264
93.4264
35.0389
127.831
-65.5509
-44.5682
-88.2281
-70.5865
-35.1587
168.439
73.8928
38.1721
99.7798
-5.97868
-5.97868
-153.676
-287.564
-37.3979
-47.688
-169.046
-246.149
133.994
-126.802
-102.235
-25.7785
33.819
151.649
186.223
-86.6629
71.845
135.757
8.34083
79.4725
-50.3765
209.171
-119.411
-141.907
-141.907
-130.605
-198.365
-25.8683
-25.8683
24.5164
-144.893
-112.544
-35.405
-110.201
-226.716
-46.807
1.27333
-230.863
-91.3702
-268.806
11.3451
46.3401
76.2912
-91.3421
-17.5628
-216.641
-135.503
60.5168
-162.891
20.0418
-8.60295
-54.8658
-35.3049
341.196
-27.1978
25.968
246.718
-65.1542
-107.865
-54.4818
-104.634
-53.8941
-36.9916
73.3577
-26.4328
-60.4372
-14.1769
-75.0978
-75.0978
323.295
-159.268
266.637
-18.199
-193.933
-163.792
-78.424
6.1319
96.4281
-101.265
-136.273
104.852
-71.5845
-39.5923
-57.3466
-180.562
-12.0353
-57.3944
-43.7051
53.2731
-279.046
-17.5992
-10.8503
-57.891
235.604
323
-58.0164
-15.6415
24.4316
-22.4476
-38.1445
-52.6678
-53.1859
-163.637
13.3597
-26.5807
-38.6284
-336.223
-60.0822
-12.002
-211.493
-185.829
-185.829
-10.5077
75.7973
-55.5855
-71.0377
-125.83
75.7819
24.5927
-81.2323
-81.2323
-55.7589
-36.4428
166.349
162.567
-91.2314
44.7796
-9.35073
-19.3551
-19.3551
-165.813
-165.813
-99.1118
-57.506
-211.276
-211.276
-96.5486
-75.2737
-157.082
197.063
-91.4125
-67.7903
23.0786
153.135
86.2318
-121.571
-69.074
-10.1452
-18.4575
-18.4575
-54.1053
-162.686
-113.353
-29.7779
-114.118
-124.899
-142.357
-92.0366
-80.996
54.7251
-20.1616
-345.748
-44.0924
-60.7817
-225.331
23.0929
-147.202
11.1456
-42.185
67.3634
-108.894
-108.894
-122.537
-92.7165
-56.6153
-135.749
-85.7463
-84.4918
-84.4918
-99.219
-59.2489
-111.423
-15.6772
52.1142
274.057
-167.544
-121.25
-87.3389
30.3404
-110.161
-86.4904
-13.3305
-269.104
-130.836
-188.716
-278.547
-38.0252
-77.1082
-241.841
59.3109
46.2023
-33.3827
-67.8167
-39.9464
-29.2343
-85.0012
-19.1529
-15.8855
-39.2478
-173.155
1.61098
-51.456
-216.18
-32.9757
-14.1953
-8.38249
24.0263
31.1509
32.4286
-45.5685
63.1661
-29.843
215.027
46.8759
66.0981
-322.546
-134.274
81.0975
-12.6277
-104.992
57.7224
-56.9547
45.8512
-75.1269
-71.6729
-110.851
-59.2981
-133.534
-133.534
-173.974
2.77792
-43.7136
-98.3395
-123.641
-80.88
-72.4963
-6.57707
-92.9018
12.3643
-36.9439
20.6534
20.6534
-175.974
-0.72222
-64.3278
-34.3862
-68.6575
-117.814
-6.69069
-8.61949
-13.5513
-27.3103
-92.1878
-67.6533
-97.2487
-97.2487
73.6614
-107.111
-159.922
-107.617
-128.595
-133.097
-133.097
-46.4978
-98.474
-18.3399
-95.4052
-22.1886
-66.9004
260.702
-181.698
87.1141
-118.674
323.565
-10.9877
-68.2382
-161.002
-45.5854
70.7041
14.6191
29.8403
-12.1501
-38.678
-86.0648
-68.9389
-41.7447
-42.1276
-92.8708
219.309
-26.8386
-67.2393
-37.9255
-216.177
-46.7707
46.6731
245.35
-59.181
-17.2645
14.7733
43.8937
-97.748
-91.9933
-205.412
-205.412
-103.078
-88.0735
-88.0735
-47.5796
-207.059
39.1218
16.8476
-64.8178
-40.2482
-254.507
-324.453
-51.7713
-134.757
-93.4186
-61.1912
-348.922
-47.5047
-140.433
-92.7926
10.4608
-184.181
303.022
-10.0276
-91.9763
-38.6134
-76.6734
-193.9
-13.1444
-103.417
62.1808
-48.749
-17.8703
-30.6861
-40.3855
338.135
338.135
-13.8534
-94.0449
-211.597
341.477
-83.7544
36.2412
151.736
-53.9974
-31.9618
-34.3703
80.789
-42.8996
-73.1946
-163.329
77.0984
12.4479
26.718
-9.338
-233.264
-123.357
-19.4884
183.241
-56.5823
-56.5823
-60.7945
-44.8021
-109.944
-28.2622
-53.9877
-91.2515
33.4515
15.3098
-24.6412
-119.291
-109.452
-309.116
-19.7239
32.2395
-38.3197
-42.5549
249.286
-44.2299
-44.1546
130.726
-298.551
-298.551
-11.6625
-11.6625
-347.674
-347.674
-64.7761
-86.9487
-62.1599
-33.7414
-35.5171
-69.839
-143.973
-127.075
72.6464
201.961
201.961
304.7
-44.1945
59.6266
-59.9678
-59.9678
-27.264
60.4607
-25.3497
-193.917
77.8292
4.10528
-26.3428
-107.985
-107.985
-50.056
-2.9961
-183.456
-183.456
-77.0389
45.372
-35.2684
30.068
-45.1883
-45.1883
-10.7571
-64.9896
134.985
3.97621
-114.095
-112.414
19.1899
-51.6679
-105.645
69.2796
-43.1893
-177.243
-91.0218
-121.742
44.9587
-22.861
58.6086
12.0767
42.9466
-204.984
125.614
-131.969
35.9683
-37.8663
-37.8687
-145.088
-78.6697
-105.949
-242.688
-4.5043
-235.407
-95.7287
-22.048
-104.734
-154.819
65.5947
46.1844
-44.8837
70.2849
247.643
58.2929
-46.1288
-66.3489
-66.3489
-102.371
-102.336
24.8312
-60.1797
17.441
17.441
-237.694
-86.6193
-121.563
-121.563
-95.0839
-44.555
-65.7436
-80.6354
-26.7438
10.2201
49.9859
-86.8541
116.535
-46.4215
-46.1491
-22.4617
23.207
295.92
295.92
16.6551
-42.4533
-57.1488
-50.593
-14.5274
342.746
-279.548
-55.6661
39.6281
59.6227
-31.7959
-57.3728
51.4359
-108.542
-138.663
-70.0681
3.94817
32.0112
-43.1324
-18.6872
-3.54606
29.3632
178.665
-30.4116
142.443
247.09
-8.00319
-32.2274
-40.9535
-332.146
-14.7619
120.813
-170.432
9.55394
-69.4176
-85.8468
-36.9423
-35.2643
-169.606
47.2088
170.825
-19.0523
354.84
111.67
-131.425
-50.8953
-157.255
-157.255
-31.7414
28.8737
-221.672
-16.8072
-74.4797
-144.459
-51.8062
-47.3606
-31.2916
-122.049
336.818
-92.8935
-16.197
-165.012
-200.618
50.8182
-33.2475
-90.0567
-244.729
-70.8473
-37.4975
-87.9208
-125.591
-6.97086
315.399
244.418
54.3631
-133.048
-133.048
-115.82
-34.3766
-34.3766
-126.453
-79.4147
323.804
20.3469
114.503
-60.6279
-47.1552
30.4688
27.7499
-222.472
2.84269
-88.7019
2.64981
44.0421
-44.8298
-73.7753
-24.9124
-230.922
-209.671
-100.127
-17.5607
294.563
-162.253
-162.253
-33.9472
62.2297
-48.1986
88.725
15.257
-203.474
65.5441
46.2587
-89.7121
85.4598
-21.1401
12.8148
12.8148
-105.729
129.275
-29.3057
-29.3057
-303.815
-55.9155
-97.0482
76.4982
-71.5347
-133.49
-61.4062
103.013
75.5935
18.5323
34.1599
-160.392
-6.52438
-149.445
-22.642
14.7224
-42.839
-62.6297
-40.2338
-89.3977
-29.9572
185.611
-261.894
-257.618
-226.446
-101.129
-101.129
83.7293
-102.074
-146.587
-34.4329
64.556
-104.209
-111.035
95.0769
48.5661
326.861
-19.645
-193.365
-69.2847
-276.192
-46.7308
56.5785
-65.6121
-112.849
115.714
115.714
66.2727
-135.945
6.31098
18.6246
-81.2593
329.006
329.006
-7.44197
-7.44197
-68.5969
120.525
-32.1511
-23.532
-40.0574
46.4569
-14.0203
-14.0203
-74.0401
-62.9382
-11.3926
-7.52445
-185.024
-185.024
279.24
-136.226
14.585
314.56
-155.107
87.7836
-75.0741
-174.417
60.837
-54.5099
-54.5099
32.1792
11.6528
-81.7173
-174.868
-12.3518
-23.5699
-122.831
-129.678
-4.49478
-50.5162
130.798
-63.7864
27.4747
212.233
212.233
-12.7706
-175.398
81.1249
-30.6796
-29.8984
-23.9333
-123.645
132.291
-12.6301
-10.12
18.5298
-92.6885
-111.249
134.976
-219.908
115.599
-77.0548
-53.1495
-84.3587
-123.77
26.4281
334.383
78.3406
-33.8827
-41.8794
-151.94
-63.4615
-63.4615
-278.948
-160.059
-198.925
101.667
-100.384
247.244
-166.997
-166.997
-155.719
-15.0507
127.478
105.062
-65.818
-99.5479
336.666
204.263
-53.9287
-19.4367
-61.0649
125.925
-16.364
66.7406
-83.1984
-47.8079
-30.3752
89.2318
-78.875
-52.3856
-52.3856
-8.44415
-8.44415
-48.584
-14.2559
-61.1436
-66.4541
-335.071
-56.3353
21.0928
-120.348
-74.2152
-244.788
-15.7308
-134.269
-20.6749
-8.46337
-79.7233
-64.7103
-64.7103
-73.7682
-20.4811
13.8074
10.6572
47.1427
-99.6299
48.2659
111.663
-58.2843
-116.753
148.167
-254.369
-40.8526
171.174
54.2405
41.8045
124.613
-28.5582
-48.1558
-88.0589
52.4437
150.752
150.752
-51.0688
-53.6187
6.56182
183.883
183.883
-164.425
-76.947
-56.355
-152.91
-154.178
30.9026
-35.2033
10.6562
32.5348
-111.558
142.274
277.734
24.4651
-96.6743
-179.91
-44.4919
-12.121
42.0271
-90.7644
-128.938
-131.746
-54.1679
-21.2507
34.1309
31.1618
-176.608
26.2823
-85.1686
166.735
-3.53754
-40.3722
-31.0411
-100.961
-96.3045
-96.3045
-13.3435
-58.7528
71.5769
-346.336
-66.4191
-42.5231
-125.468
137.664
-52.0996
-216.717
-39.2332
18.2393
-85.4788
-305.227
-69.0091
187.9
-51.0581
-0.84094
333.877
154.049
-61.6609
47.9079
14.249
-173.098
-158.474
-33.8324
-10.3143
276.724
-24.3184
-296.054
-296.054
45.5106
-30.4947
233.602
180.824
161.629
-98.3936
-189.607
-21.3553
-91.7349
-103.541
-67.7639
-11.7625
-158.749
-17.8324
15.6999
-139.01
64.6775
-43.9058
-55.8579
-63.5993
28.7804
-159.385
-57.1066
-208.43
-37.2052
76.6504
-187.825
334.585
-161.274
-143.901
43.674
279.346
44.9869
33.1426
168.985
-334.113
13.5526
-84.0817
-43.6195
-35.5072
84.6581
-64.3944
342.242
-7.42422
-7.42422
-135.292
45.6235
-174.831
-131.457
-119.648
71.5221
-29.0615
-45.4456
-45.4456
35.9533
-52.8936
-93.0733
-128.102
-208.738
198.263
198.263
32.4626
32.4626
-44.9775
-87.5472
-87.5472
-112.851
-21.2627
-129.469
-129.469
97.426
49.9299
-92.6491
25.5334
55.6615
-24.6719
-10.641
-66.8643
-334.127
-71.3693
-118.511
-187.018
-187.018
-259.322
-115.311
-87.1949
165.601
-81.4031
-54.581
-93.895
-262.267
90.1648
-66.8321
28.1151
86.7188
86.1935
-179.611
-179.611
80.1768
80.1768
-55.7534
-158.044
-65.653
37.5481
-114.36
5.43655
-195.266
5.93885
21.4073
-165.562
-119.904
-201.044
-204.905
-115.054
-168.264
-254.59
38.8348
-28.117
-186.34
77.4783
-123.137
-35.9612
-90.6253
-129.304
-94.3355
30.9286
203.425
-136.646
-43.7749
351.037
144.726
-197.798
99.1575
-172.202
-51.7313
-28.7868
-101.074
-136.924
-165.674
11.6449
-54.3717
-109.331
-32.1403
-143.67
-113.576
-46.9097
-91.4512
320.667
309.013
3.43975
35.0351
-200.515
-344.831
-39.4665
227.397
19.015
122.3
83.5134
-125.157
-7.02451
12.9709
19.2447
77.5357
49.8477
85.2401
34.2962
-41.8123
108.083
10.2226
55.4427
-106.388
-122.314
236.166
-101.067
-113.399
-60.1841
327.713
-210.828
-210.828
-18.1766
-102.2
-173.404
-14.7648
91.6578
-25.988
-57.8953
-86.3131
156.817
-145.648
7.80856
8.24744
18.2483
8.23319
-34.3356
17.9749
-49.2828
-49.6305
-67.2903
114.845
59.3878
65.0106
65.0106
-40.2739
-158.551
-158.551
-158.551
-203.797
-19.219
168.708
168.708
50.8438
59.7718
42.3009
131.699
-176.083
-50.5851
-59.4861
-68.5747
3.33949
-179.227
-15.9565
-246.627
-42.6895
-115.545
85.2753
-38.1643
-9.05387
-126.596
-22.941
122.015
341.328
-187.498
-89.3439
-89.3439
52.6757
-212.263
-70.2087
-119.279
6.30287
73.3226
-80.7642
-80.7642
-182.358
104.144
-46.1212
-8.32797
-78.165
-81.3519
59.3161
126.243
-301.241
-172.893
-138.737
-260.743
9.3002
-338.548
-45.6541
92.5302
6.38509
-122.592
36.5124
-29.9967
-252.759
103.651
-34.1891
36.7005
36.7005
71.0553
-308.923
-117.862
-63.2601
-59.1187
-134.75
-225.194
-57.8468
-92.177
14.8643
-74.2659
32.4723
32.4723
-104.369
-37.875
-37.875
-83.0601
-102.492
-76.2707
-76.2707
-76.7928
-66.3226
-14.6053
135.604
53.3196
20.9985
-56.4412
-22.9141
26.7701
-76.6166
-57.7873
-45.2495
202.057
-175.701
76.0504
122.965
-87.8489
-34.0726
-34.0726
-72.4483
-81.9823
-27.0227
-56.3476
17.5576
-49.3542
-87.2533
-26.6488
-60.5004
-98.5432
-14.0893
-74.691
11.1183
156.217
-158.89
-74.6817
-65.477
-20.8837
-291.836
-16.7088
-131.206
168.047
168.047
-159.916
-34.4931
-63.2021
-66.3648
91.818
34.4024
-3.36817
339.269
-347.141
-16.9629
-294.258
292.632
292.632
-101.253
-57.8058
-105.461
-27.1525
-27.1525
-49.0831
-246.736
334.552
-147.241
-50.6545
-147.758
224.959
-153.32
-135.452
-102.427
-351.407
-36.7686
-326.793
-173.952
60.453
75.1087
67.2973
-30.1994
-30.194
-178.382
-17.9635
-49.3116
-166.441
-21.9055
305.031
-86.9022
37.8638
-11.629
-284.042
-108.306
13.3001
13.3001
-329.153
-242.726
-242.726
-29.4225
-29.4225
-91.0764
130.443
39.916
-90.5788
38.4613
-64.217
-123.554
58.6436
-118.21
-164.961
-112.505
-240.795
-16.3307
160.53
-48.3985
-5.69877
-73.7068
-27.6275
-106.534
-188.224
-171.9
-57.4842
-90.1238
-31.3748
-113.764
-16.9249
30.2111
-42.5648
7.19305
-79.6025
-79.6025
48.8312
50.7591
-22.6781
58.1555
-274.147
-88.909
-161.198
-161.198
25.6309
-49.7411
60.0624
-96.2724
-25.6536
-214.893
-51.0497
134.617
134.617
-30.6876
-30.6876
-292.549
132.886
1.79492
-25.6085
43.9104
68.6709
-77.6392
153.184
73.8646
-26.2369
13.2324
-20.2819
-115.897
-142.194
-114.123
-25.8676
-92.3359
-151.724
-32.5722
95.7048
95.7048
-64.5389
-168.31
-84.5659
-66.2263
-25.2905
-180.821
60.4908
-54.3334
76.5467
-65.955
78.95
-91.9711
-139.642
-7.78075
27.6569
-5.88892
-68.1077
44.4421
-71.9155
322.596
-22.0853
-14.491
-57.7822
61.2451
-224.421
38.0211
-89.7421
-77.2391
-81.7259
-251.062
-34.1147
-53.8654
-74.3106
-56.8106
-18.366
0.232085
89.7434
79.416
-72.0148
-23.4846
307.514
85.81
116.147
-98.5963
-12.6018
80.5373
-171.219
-112.804
13.4856
22.2111
65.2464
-73.6711
48.2579
-118.649
-248.548
115.696
34.4862
85.156
-118.209
-46.9778
-117.118
-65.6652
65.5249
-25.9
-84.9939
289.548
113.348
-185.23
183.789
197.992
-67.3214
-98.3967
23.4557
-39.1483
12.6105
-53.2842
-84.8219
-172.295
-172.295
-51.5278
-19.2961
171.498
171.498
-79.0079
165.335
-44.2732
-7.7883
-51.0326
-11.8288
-87.5536
-1.91435
-120.529
-8.03442
-92.3279
-222.049
-7.33327
-154.722
88.791
184.478
75.5808
-14.319
-114.555
-76.2324
139.427
-20.6689
-10.6949
18.2556
70.471
-193.235
-103.815
-103.815
-82.8148
53.7768
274.214
154.499
-112.6
-51.587
306.666
-100.142
-116.619
-52.6416
9.73583
-113.362
-113.362
-16.268
92.7373
-80.6612
-31.6517
83.2826
-6.10598
207.568
-65.1583
-69.7362
-171.693
-175.466
-101.898
-101.898
-292.241
-133.139
-61.2659
-61.2659
-61.2659
-32.4514
-48.1425
37.1819
109.727
7.59585
-8.60298
-87.9907
-50.4702
-42.9991
-20.6733
-127.306
-127.306
2.50695
-304.112
-95.1535
-59.1567
-11.1505
-334.069
-14.1541
-71.1553
-273.311
-120.265
-86.0192
19.6709
-10.2986
-56.5897
-205.311
96.4717
53.8679
90.8684
17.3095
-41.4702
-41.4702
-18.2122
-24.0312
-57.3296
-14.5289
-15.0895
18.97
-45.0608
-144.348
-38.6706
10.646
-135.513
-32.5346
33.6408
168.319
-26.3124
34.0971
39.0474
62.2288
-141.968
-109.064
306.401
-92.1497
-14.7807
13.5393
-2.86103
5.74581
-299.589
15.069
99.252
133.385
-38.9603
-130.13
63.2127
-139.918
174.778
71.5762
224.86
-119.312
65.7447
-87.0999
-261.168
-336.826
-135.435
6.35951
123.218
-62.2376
-41.4155
-6.88299
-102.779
-31.9599
-45.8643
-121.25
-92.7964
-38.2634
78.8818
-220.793
-87.8626
-179.707
64.0963
-274.088
13.4139
-172.097
-172.097
-51.7322
-79.8602
-106.384
-285.464
147.81
52.0682
153.403
-35.3046
-182.956
-44.76
18.4338
-87.0218
-37.1592
345.474
50.372
-91.1513
-188.481
37.6889
-165.487
-61.5135
-83.968
41.5617
136.554
-312.094
-55.2908
22.2934
-49.3266
-279.213
-82.603
-93.032
272.62
-17.5015
-27.0687
12.9933
-63.5909
-88.0498
-141.296
40.241
-35.5715
345.163
133.642
-78.4021
-119.57
-119.57
-119.57
322.409
4.13129
-81.5022
-89.5446
50.6025
-112.926
94.4586
-184.154
-65.4996
-84.8263
-159.199
-348.356
-17.0031
-350.945
-31.5515
-170.53
-27.5034
-221.971
109.475
-132.562
-344.796
13.7949
11.0518
-258.477
-47.7467
-47.7467
-47.7467
-71.6313
-87.8324
-114.591
-50.8953
32.2996
14.2143
-161.146
-68.0833
277.226
-141.454
-120.967
27.7071
-75.0466
255.19
-71.559
-40.2791
349.074
-9.54646
-79.2825
-79.2825
29.851
31.4212
-29.4875
64.6528
-67.3646
-225.978
36.7083
6.3525
22.644
-17.5683
24.9719
74.7353
-3.837
259.521
-102.558
12.1789
284.531
-299.765
9.15009
213.245
-59.6203
-151.851
24.3235
-197.908
-29.2621
95.1175
-87.3673
-37.2757
-48.2821
-25.8876
-35.86
-60.4961
-60.4961
-96.6471
-33.8343
-65.0518
-29.8472
-87.1813
-36.618
-260.999
34.9317
28.6441
50.2518
-52.1191
130.177
-18.679
-72.7424
-343.57
33.1116
43.5941
-44.3446
-119.603
-15.9562
-260.042
-42.5897
-39.9645
-194.702
31.5696
37.3632
340.546
-274.72
-29.5094
-79.0921
-79.0921
-21.963
40.3015
-97.3933
-113.161
-70.8436
10.0551
73.573
-62.8814
-135.158
-7.28311
-48.6532
117.565
-175.897
52.1971
-73.1129
-128.97
-96.1281
-66.7156
-102.057
40.3883
-297.117
-260.922
-213.45
-213.45
-178.243
-178.243
16.1861
-69.3979
-69.3979
-102.148
-68.4127
-72.2827
10.3773
-84.0964
31.8669
-17.3405
-17.3405
-26.6092
-48.0207
-341.297
-341.947
-192.561
-90.9337
145.34
-89.9429
-89.9429
-212.014
-76.0456
-97.3248
-14.3618
-84.3452
-52.0615
292.123
-86.2789
103.005
-70.3542
-57.2085
-24.62
67.9646
21.0676
84.0724
-168.799
57.4739
-63.5612
120.794
-63.5137
336.819
-73.3824
-62.2597
-7.1156
53.7541
53.7541
53.7541
-153.439
-17.5206
-6.01204
323.976
323.976
-116.897
-89.4662
-47.8802
-84.7146
-17.7791
-17.7791
36.121
13.4087
48.7904
-48.2447
19.7803
124.697
-33.8268
77.0885
-31.1398
-48.9697
-258.141
-9.27067
102.743
-122.586
202.325
-69.2274
-308.182
78.1812
78.1812
-95.7298
-35.8465
71.4065
-77.3381
283.467
-77.3955
-37.7428
-131.749
285.644
-31.5513
27.6342
115.102
106.396
-16.442
-98.9997
48.7234
-199.006
34.7647
-159.547
-6.24264
-24.3513
-3.36733
-94.6486
42.7843
44.7876
7.61939
-27.0295
104.046
-89.9229
-83.4916
-185.431
-26.7009
-26.7009
-85.3886
167.562
-144.685
-150.549
-70.3487
-102.994
-102.994
38.7011
-116.991
57.6833
-9.27502
-215.689
-88.3859
36.697
-93.4762
59.0958
-20.3083
256.185
-120.24
-111.449
-195.205
-195.205
-153.65
-95.5478
-231.603
-98.6001
35.1362
-172.98
-99.0772
-350
80.9412
80.9412
-87.3045
42.2427
-217.034
-217.034
-227.735
-46.5614
-113.373
-51.5969
-51.5969
25.5046
-45.4112
243.992
-16.9747
-118.999
-12.7891
-107.894
45.2511
15.7033
24.0652
81.8219
-327.3
340.031
-24.9734
13.0121
45.227
36.7595
284.106
-18.7739
-89.2849
17.6762
107.758
-226.621
-80.5035
33.1
-115.756
22.3762
-11.1672
19.3438
19.3438
40.2256
-64.0623
9.92888
49.4897
-40.0279
15.9236
-196.338
-181.978
-15.4985
45.9002
16.1272
-89.1506
-30.1835
62.679
-30.0684
-70.4836
-303.21
-182.984
-182.984
-306.325
-61.6473
-74.8846
34.4964
-13.3258
-200.101
-118.081
138.055
22.5675
66.8802
23.642
-11.6698
-245.89
-68.2931
11.874
64.0185
96.9186
-21.8252
-29.6228
-29.6228
36.0998
320.334
55.7265
-58.4677
35.0645
-211.155
73.8565
81.9729
-124.629
-9.79586
-21.9715
-18.3904
-88.3193
-90.9042
31.7673
-47.6274
-89.21
-61.5786
47.7199
80.1104
27.4421
-0.238483
291.626
-197.553
-112.886
-104.831
-17.1912
38.171
-87.5289
27.0482
42.9646
-86.047
10.7034
45.4797
-84.4537
-10.929
63.0557
31.073
-98.7483
-110.378
-110.378
18.8225
-10.7814
-154.961
25.0398
-85.5574
-108.002
-322.775
-322.775
-3.90833
-103.519
-71.0756
-118.2
60.0126
-248.232
-43.0622
328.87
-12.1024
-97.6363
-33.3343
-108.615
-35.9149
-89.2337
62.8156
-111.609
-25.6931
-40.7288
209.085
209.085
-58.5277
-75.1517
-89.9236
-17.2559
-163.311
-26.9002
-85.5011
87.3942
-124.767
-236.173
-17.1672
-144.609
-79.2381
-111.558
216.547
-7.16639
-138.593
-72.7344
186.967
-54.7439
-123.932
-42.3994
-110.181
84.4199
-115.479
-115.479
-62.4767
-165.433
-98.2502
63.4838
-62.7463
-154.527
-45.0785
349.362
-230.408
-8.49465
-50.4828
-46.8603
-40.7716
118.406
-47.0578
1.46145
-181.638
80.5245
43.3588
73.7336
205.272
41.3765
43.2832
-57.6777
-127.272
19.2767
-77.7683
-77.1636
-84.2656
-67.011
-34.3561
-39.6502
105.358
130.788
-94.0687
20.1328
-234.912
-117.823
82.315
-24.6699
327.541
-182.098
34.6595
-180.176
-60.8101
-115.512
-95.9156
-90.085
-215.583
-103.024
-51.4321
-65.1399
-91.64
-50.4356
-50.4356
6.85271
-229.176
-101.399
-36.5825
338.766
338.766
40.0399
49.761
49.761
341.146
-28.1061
92.4553
77.701
-72.9974
-58.4537
-104.321
-104.321
-53.1487
-10.8314
-242.629
-49.1982
-33.2202
9.36744
-20.0423
-60.9671
-111.322
-15.3014
-210.275
-128.496
34.3701
-55.421
-38.9464
-38.9464
-81.026
-52.3467
-200.344
-44.0709
-44.0709
-84.121
-60.9713
-168.519
-75.9817
62.8118
-69.4682
-96.2006
-112.857
90.9942
-81.2967
-12.9085
307.269
307.269
57.5768
153.022
-57.2739
-53.9813
288.469
288.469
-65.3053
-22.9705
-133.98
15.5918
-21.26
127.371
-335.159
-23.8537
-114.295
-166.36
80.4595
-32.9485
-142.479
-82.3791
55.5121
-54.3842
76.703
-25.5937
-148.251
-44.3127
-87.1123
-53.6586
-263.287
26.2247
-95.0911
-32.6046
-18.226
-45.4413
-341.819
-274.843
-58.9283
-84.0866
-101.989
-10.4318
-160.209
-33.3134
-347.216
-194.814
-335.025
-335.025
57.9962
-85.7274
-135.419
-71.1193
114.5
115.413
-120.536
-60.6902
-38.0182
-89.2133
142.489
-277.94
-64.7216
24.0914
-33.7587
38.5522
30.0596
-110.026
31.3397
-6.6332
-180.213
-11.4322
-12.3609
-122.217
96.0618
24.528
-269.262
13.8561
34.8455
34.8455
-34.2744
-157.864
-57.0368
-68.5051
70.7841
-238.993
-27.7285
6.59487
-95.0165
-6.42118
-0.431247
-17.6552
-195.69
-138.776
-172.432
110.169
-88.9838
-245.657
-245.657
76.4034
-51.1052
4.70249
-106.795
-136.421
-187.258
11.2706
-12.9339
-206.173
-27.0909
80.5033
88.5894
-27.7438
41.0188
-36.3664
56.6866
-123.862
-84.6828
-67.736
-14.571
-118.305
52.4638
-78.7958
-10.728
-23.6465
337.989
-64.0776
-23.6923
-87.8797
-174.993
-38.1919
-181.664
307.409
-136.215
-40.772
-102.082
54.7959
-210.8
-191.566
-35.0335
-126.844
86.0566
-55.6457
12.0088
-93.2153
-27.0784
-33.0496
154.072
70.3889
-18.1802
-15.629
-15.629
-30.3995
-42.4006
-174.754
-12.9851
-141.98
-195.555
-195.555
8.73167
-21.9511
96.3304
-229.336
-229.336
59.0428
-25.1883
-134.973
-104.919
-8.872
-59.2817
42.9153
61.0953
-100.92
-40.0473
115.09
-230.127
7.7737
72.8563
32.3055
-20.9149
-40.7004
-111.739
211.008
211.008
83.3017
83.3017
-23.7347
-70.9887
96.0518
-326.608
-18.3412
128.464
24.4818
-61.3014
-61.3014
-104.003
-199.927
-346.161
16.231
-87.2751
-87.2751
11.7443
-89.8393
-95.3076
-55.5354
192.626
-21.0248
43.3833
-196.636
-21.8636
-36.7275
160.294
160.294
175.501
-32.4522
-27.4801
-113.395
-285.915
-23.8694
-98.937
70.7671
-46.7916
-59.5257
-165.514
11.6385
-122.274
-52.5573
-36.1085
-36.1085
-135.513
30.1472
-140.674
-82.9664
-93.6371
55.4981
-43.8349
-123.204
-85.2277
14.5149
56.0325
54.6915
54.6915
-6.4864
-16.8816
-87.5472
-22.6645
-271.43
-84.3855
6.45332
-65.8871
-112.973
-112.973
62.2733
107.149
-9.20758
-119.54
-119.54
-11.2331
-77.494
3.75668
-116.877
-14.0899
17.9165
-184.301
-184.301
-21.819
-102.895
-47.2031
-47.2031
-64.3775
-171.329
-103.326
-103.326
-78.0096
-104.202
-40.6604
-40.6604
-63.6784
-141.25
-111.687
-44.0408
-16.1304
-43.7857
26.1701
-78.4136
-65.5194
-197.804
-197.804
14.2846
119.568
81.7475
81.7475
-91.5489
178.009
-91.1971
94.7478
-7.68262
-78.6136
-17.0147
-48.7657
-48.7897
-16.8156
-204.487
28.6724
-226.565
79.0334
-6.17283
-53.1291
-53.1291
213.748
26.078
-127.987
20.2867
12.4689
-30.1728
50.8531
16.2127
6.67273
6.02956
-94.9941
-5.6343
-353.404
-173.236
-13.62
-274.254
-74.5828
-59.224
4.19088
-198.166
287.458
-109.356
-69.2684
-66.803
-14.4483
-64.1813
-198.655
-311.872
-41.3578
58.0765
-12.5745
-44.9069
-46.9597
-148.512
211.035
-91.1766
-18.8139
136.64
-80.2249
305.579
-126.651
331.787
-127.473
3.1855
-32.1764
-65.6328
-177.16
27.121
-95.8197
-54.478
-299.382
-125.777
-125.777
-139.208
-88.0141
-14.5981
-9.45166
-58.955
-61.8549
37.6743
87.4955
11.5753
-328.467
-328.467
-118.722
57.5318
106.627
-15.0511
-60.6876
-95.157
-164.031
-41.2457
-70.7957
-70.7957
-14.3213
-37.816
90.5025
-21.7018
107.15
-107.347
30.3696
14.791
-23.2525
-47.887
-90.3095
-73.6961
-49.3401
16.3187
95.3659
-113.105
-120.225
-291.283
103.945
-165.455
-236.902
33.5962
-16.6965
-210.214
-234.778
-29.3186
-108.46
-61.9651
-12.5572
-40.0763
-27.4236
-28.9566
16.1871
-85.1109
-85.1109
-103.396
-99.5336
44.3815
-108.55
98.1513
-230.453
-88.5335
12.7454
-16.8674
-143.46
-85.0773
-120.851
-30.9075
93.6828
69.2061
84.5665
-68.6378
-36.8687
-199.702
-104.282
-110.748
-22.5082
-146.5
-146.5
-112.243
-172.829
-26.2141
-14.1036
71.6837
42.6516
-48.3021
-7.59204
295.687
-70.9996
-184.948
-4.68207
88.5045
249.51
334.116
-59.7062
-28.5623
-37.4593
-37.4593
-250.293
-48.1949
-48.1949
-62.7419
-101.46
-106.012
-338.09
-53.3813
-116.631
-167.62
168.892
103.838
-127.19
-90.1415
-16.355
8.30648
-99.3261
-44.3344
-37.3755
-37.3755
-135.278
-66.6517
33.2514
-127.498
-61.3594
-44.3203
-19.26
-21.1887
32.7193
-47.4654
-186.393
-55.2777
-56.3599
-81.7444
152.218
-13.5323
-46.6279
-20.9169
-13.0376
104.869
16.9912
117.718
-37.5735
-168.655
13.8046
-32.4579
-101.737
-148.53
-148.53
-52.9339
36.5928
-57.8438
7.29388
-92.9344
-16.6401
-17.1484
187.545
79.1711
-328.032
138.535
-90.7617
-45.3482
-67.189
-179.321
111.732
111.732
65.7775
-45.0448
-157.091
-192.531
-143.688
-143.688
-66.3123
-91.1056
-14.732
111.739
-48.566
-18.7816
-121.587
42.5158
334.852
-38.9455
149.179
67.104
36.2778
-51.5181
-70.6563
22.2799
-19.3755
-173.191
-58.7514
38.4461
-135.064
-151.816
-72.0735
-61.9828
-6.63915
-112.667
-349.348
18.0322
-47.8947
62.5235
-61.0204
15.6158
59.3877
-109.61
-67.2405
-110.887
-42.4487
23.5504
-230.152
117.143
-30.6491
-107.632
338.996
338.996
-108.605
-15.8333
-77.1134
92.4537
-155.594
-203.9
142.238
45.7558
-136.919
29.9495
-77.11
-77.11
30.0431
-7.8455
-285.32
93.3887
13.3544
90.7815
-197.535
61.962
-13.5534
15.3168
-47.8416
81.2156
8.61598
33.264
36.9711
-37.9219
-289.116
-66.0915
-55.5848
-22.55
-118.788
150.536
-79.5122
-96.364
-267.579
16.8614
-32.3467
-102.493
-129.586
-199.45
-43.6606
-277.598
-120.993
-121.598
-165.54
31.5575
-161.486
156.82
77.9993
36.9366
-49.5764
-58.8288
-33.1584
-97.9239
-28.8551
-41.5605
-101.506
-142.356
-142.356
-251.759
-58.3348
39.0705
-122.055
-71.9834
-0.0385816
-144.512
-23.3585
-54.0126
-55.8523
-17.6028
-104.108
-100.988
-28.557
-59.5845
-47.0781
-47.0781
-63.4114
-59.5773
23.1074
-74.0263
9.14991
-36.9575
14.0129
-50.2428
90.7515
-114.115
-50.2794
-101.201
-117.85
-67.3316
-4.32423
320.28
-343.398
-118.645
-64.7203
-37.4869
-94.2852
-84.5787
-79.5635
38.4742
-64.2389
-86.3831
-172.627
8.60252
-124.112
-158.049
-52.1488
-13.5666
-77.481
-25.5603
-68.8261
-15.4344
-137.356
48.006
-345.528
-109.924
-28.4401
-12.9319
-174.548
51.2115
-126.515
-10.5281
-10.5281
-84.6779
-84.6779
-71.0676
-149.032
-343.526
182.347
-9.99315
93.5825
93.5825
-27.3236
311.571
-95.5864
-113.582
-11.1578
-64.069
-64.7966
45.8253
-26.8177
-92.8429
-71.2329
-127.3
-127.3
-113.313
-161.903
22.8188
-35.3464
-164.76
-30.0469
-19.6688
-52.8129
133.858
88.3367
48.5016
30.6523
49.1765
-91.1432
-91.1432
20.7418
-125.415
-125.415
53.8149
-92.7508
-285.12
342.318
-112.031
-65.8201
3.97684
-128.584
44.3578
128.269
-91.9365
-27.3508
38.2004
-27.5907
-156.472
-64.7549
20.7208
-78.0726
8.26313
-48.6421
16.0524
-105.074
20.3085
-126.436
-126.436
-97.2589
-33.3089
-90.4124
-90.4124
-142.438
-66.7877
-193.172
-227.756
-50.7686
221.917
84.1002
344.47
138.154
-31.6785
66.5092
-89.483
-84.104
-84.104
69.7922
-161.486
-73.3409
-85.3004
-176.596
-176.596
341.459
341.459
-348.45
-60.9112
-16.2704
-101.633
-66.7179
-88.9607
-25.5286
89.6526
-129.373
73.6913
233.243
95.4677
-34.4759
11.3337
76.1827
76.1827
-176.536
-11.4561
-100.215
-146.612
-16.2438
74.7408
-60.5384
-22.6683
58.5798
-44.6173
68.3542
13.8539
89.592
121.679
-79.2759
52.3885
-193.916
-109.189
-346.562
-121.443
87.2744
-128.118
-44.4036
-114.625
-94.019
-55.7198
-55.7198
-83.4549
-220.889
-120.146
-9.15372
-138.907
253.804
253.804
-22.2769
-20.7236
-80.1215
-201.004
-191.345
11.5375
46.5797
-48.3845
-64.5113
144.017
93.3168
-15.5701
27.8682
121.19
121.185
2.12572
-76.439
-110.63
-110.63
-13.1056
154.707
154.707
-62.7949
0.133769
-5.0143
-80.6514
-117.349
-82.1826
-47.7123
9.64723
-34.9766
-91.8827
-25.1499
195.545
-126.266
-126.266
37.649
-146.422
-33.6722
-52.4665
97.0544
55.4629
-26.7309
31.7751
31.7751
-28.0336
-84.1849
97.8317
-72.2258
-91.4246
105.539
-36.1545
30.074
-107.844
-45.5769
43.932
-50.3179
97.5876
-231.08
-44.0274
-257.292
-190.034
-2.16369
-282.453
-282.453
-47.1284
9.61824
-85.0635
-85.0635
96.1701
-35.8036
-53.099
-53.099
-117.285
169.178
169.232
-44.0739
-183.886
-61.7468
5.01227
42.7089
65.4228
-119.349
-162.81
177.605
-343.435
11.463
-231.874
33.1054
335.185
-61.0612
-73.3777
-73.3799
-98.8272
-98.8272
27.2543
19.1098
-114.862
22.6415
-160.616
-7.57461
-343.197
37.579
-32.8484
-97.5524
-97.5524
-14.8733
-42.8542
-34.9487
-34.9487
-34.9487
-286.684
-286.684
-88.7257
281.127
-152.756
-350.204
315.159
40.9285
95.0518
228.887
-45.592
-45.592
-110.797
-171.2
65.5216
-75.7905
-147.023
-30.4826
-30.4826
-102.114
-43.5903
-199.211
-104.564
-58.266
33.8143
-208.102
81.3927
26.9981
26.9981
70.0752
-191.894
-48.899
-96.7848
71.3966
-213.043
-76.5197
-111.042
-341.26
70.9529
-311.151
-9.20716
-108.603
-108.603
10.3797
-93.0124
-179.73
-32.0485
-126.317
295.781
21.4848
-253.357
-56.5235
-97.4715
-9.18463
-3.76605
-59.6231
-57.6932
61.7271
-115.793
-128.974
-194.371
248.364
-102.946
-142.514
336.719
-97.216
-88.2104
-88.2104
-206.087
-116.984
-102.513
-243.801
-284.34
-284.34
25.052
-35.6011
-158.925
-158.934
13.3164
-59.4192
-111.137
-80.2358
62.8316
-147.962
-138.113
-138.113
-63.5737
-78.8895
157.018
-58.6282
119.167
74.7539
50.1449
-234.442
-16.7548
-85.2995
-35.8683
-199.396
-25.4673
289.915
125.541
-9.18413
-26.3752
-73.2535
35.6194
343.521
55.7037
26.7413
-63.2706
-37.669
-90.53
126.597
-70.7431
-81.8992
283.794
-30.5442
-53.266
31.968
-140.53
-145.334
-24.9427
-59.0082
-54.0541
-14.1457
-46.8066
-29.9399
-44.4596
-44.4596
-231.17
88.9022
-47.9847
317.991
-16.3984
-68.4164
-62.5285
-65.344
-12.1628
65.6943
-135.666
-66.7206
38.5808
-13.5639
-108.079
-51.1527
-72.3749
95.1524
-65.2387
-11.0095
-227.029
-8.75667
-74.8217
-13.7835
-63.4856
-36.8886
-23.9849
-15.3919
-29.1062
-315.579
-48.8708
150.372
44.875
-139.177
-57.8362
128.125
155.987
-36.5136
-69.3182
-163.611
34.873
-44.5982
-331.017
-51.1141
-79.3281
-20.847
-20.847
-85.9349
83.0092
-180.574
-46.4739
90.8308
-145.898
45.3988
65.1853
26.3065
-29.3515
-17.2525
-63.9806
-63.9806
-22.2329
-144.308
-207.278
-78.1731
-250.299
-134.557
112.722
17.1446
-336.785
68.5809
-104.302
-102.273
41.3933
-52.566
-303.279
-303.279
-41.1346
-152.162
-139.561
-63.7039
-65.8832
326.726
21.6154
-34.4581
-51.083
-46.7565
-14.0613
-209.307
343.737
-49.6821
-127.784
125.115
50.6036
-65.3488
-149.01
-149.01
-62.516
-30.8035
85.7658
19.2726
69.3539
-26.4038
-107.212
16.2196
-86.4421
-80.5656
-67.3258
338.761
-231.434
34.5058
30.7274
-51.8541
-133.901
-128.68
-66.3867
-51.5093
-83.9134
96.4943
-156.183
-62.7689
-29.0029
-44.2436
-143.311
-143.311
-26.3493
-74.0553
-17.5383
-17.5383
106.204
80.1212
-209.552
-20.655
-13.6753
-43.6064
94.8225
-12.2423
-197.996
52.8516
-82.7404
-117.121
-47.1276
59.0498
-202.072
-202.072
-30.2975
-108.022
-62.0337
-29.1884
65.1633
-11.0561
-169.77
-169.77
-134.013
-78.8582
-49.5993
93.0119
-49.1668
-48.2677
-18.4748
-69.6877
108.996
108.996
-7.89863
53.522
-137.758
-101.506
-340.017
58.3972
-9.8415
-200.047
-3.58901
-255.788
-147.549
38.2666
-21.5147
129.369
-117.2
-316.345
-34.1803
-60.8209
-58.5154
26.4058
-146.306
-43.9422
29.1823
29.1823
27.3456
268.286
-108.195
-80.2107
-46.7019
-103.037
-103.165
-71.9171
59.6808
-31.9328
-31.9328
-14.0937
-85.9498
2.55815
-242.992
-242.992
61.2191
-32.4059
159.37
150.502
-57.4686
-157.203
32.9503
-51.3049
-94.2017
-94.2017
-18.7389
-77.7797
173.827
-76.0431
-219.133
-70.1243
355.483
-56.9179
-54.9554
-126.531
-26.4985
27.493
51.9504
-16.5143
30.8314
30.8288
-85.2757
-24.6489
-153.862
48.1393
48.1624
43.8609
-87.381
90.7137
-22.9734
171.52
-14.174
66.4048
25.2912
-196.51
133.973
-68.3044
-71.9582
-171.942
-78.1092
83.8295
321.463
-33.698
-31.9827
14.5887
-162.4
108.588
133.602
68.4638
-29.4246
33.1438
-33.7644
-22.3811
-49.2692
-68.5308
346.519
346.519
-38.0217
35.4801
-38.7192
22.3413
-58.1483
69.0952
69.0952
-73.2427
114.505
-128.432
-79.7681
-31.6258
-31.6258
-246.308
-211.678
-249.761
-139.969
229.598
243.333
157.696
-60.0906
-84.611
-35.2435
-74.3957
-66.3904
-151.993
-3.75234
-66.6925
64.6718
-25.8607
-65.7971
-49.7732
-177.845
124.967
134.54
-74.0959
-20.8296
-52.2978
-72.7249
25.769
-107.019
-212.34
4.24866
-111.039
-118.921
-34.3145
-4.35345
-344.583
29.7495
-95.9547
-18.7949
-18.7949
-18.7949
22.036
-59.2402
-91.9999
46.4461
-149.52
13.9902
-12.9043
-190.575
-80.7329
163.652
-42.5577
19.3969
-119.867
-53.1556
20.7276
-47.2632
28.1506
-214.417
332.469
-27.9552
24.7475
0.361907
-110.628
-136.194
-136.906
-67.5364
-55.3608
63.3809
-48.9703
46.1552
-29.3381
-164.414
-96.7566
-96.7566
-130.815
-14.9087
-177.836
-177.836
-4.91151
66.3097
-214.79
-70.3793
-289.656
-316.885
15.3114
-59.3175
-29.5193
-173.203
-173.203
-29.9751
30.5814
183.599
-238.828
-80.4772
-158.208
-51.736
82.5616
131.627
29.0423
-164.522
74.4251
-25.9203
-110.773
-106.647
79.8734
-328.299
-134.454
327.471
-256.627
-71.5098
72.2941
-117.871
-28.949
-32.3702
49.0778
-74.3294
-74.3294
-232.863
-232.863
-224.717
-225.407
11.0747
11.0747
-75.8881
-43.3264
-215.889
10.2811
-72.8597
-33.352
-90.0475
-90.0475
-182.703
21.0879
-96.0871
-4.51043
44.9479
126.594
-99.1026
-114.643
63.6105
108.275
-29.2922
104.553
-107.679
80.634
-57.3487
-47.9155
-45.1008
56.8743
56.8743
78.2644
97.7766
-45.972
-132.477
-197.68
-197.68
-61.051
-72.1193
-72.1193
-19.2622
-221.462
-221.462
96.6197
-66.5036
-210.713
-353.174
-52.4977
-23.444
5.01844
-79.098
-46.0758
-73.7302
-23.6097
-71.718
-151.975
74.1572
-6.19267
102.596
-30.229
-75.4815
-157.386
60.272
-278.482
-60.4478
-101.642
-101.642
-50.0043
-116.359
32.8294
53.6866
53.6866
-70.4519
31.431
132.77
-13.0247
-19.2268
-350.63
-63.8514
-131.112
-78.2174
-22.6235
120.481
8.60096
85.7084
-44.7175
83.4814
-126.632
-41.202
72.2765
12.9319
-19.8425
32.6167
-244.417
-18.6675
-37.7098
-45.3536
-42.4566
-42.4566
53.5491
-57.9373
-245.149
-328.92
-130.885
-6.59643
-177.097
-177.097
-345.782
-53.6323
-60.2498
-14.2365
-140.789
-24.2224
304.838
-98.3015
-20.6365
-61.0996
-55.9073
-91.6963
-206.119
-61.3418
-201.328
-25.348
-62.5881
-265.257
73.4672
-84.7782
17.8212
-34.3704
-89.4346
-90.5148
294.139
-213.506
-119.878
-34.9389
-34.9389
-86.7355
-118.086
-41.0955
-61.6178
26.6273
-64.3911
9.56534
-16.0136
-58.8793
-270.867
-142.037
-211.303
-162.243
-131.683
30.6875
-97.4777
-97.4777
-174.685
-316.891
-150.183
74.3384
32.6076
-26.7577
-97.8153
81.3743
-1.87173
-172.365
-130.963
-63.2198
-86.077
-71.7853
-45.8778
88.542
-55.5565
-122.36
-50.5987
-61.9578
-61.9578
80.5548
-97.1124
-238.635
-139.243
-57.7233
-111.476
-151.03
63.4238
-18.2907
-92.6937
26.2231
-18.4504
-91.3402
-108.266
-108.285
-64.2963
-29.6851
-30.2543
-72.182
-72.182
73.8179
35.7406
49.0083
-19.5506
106.126
-47.8346
-120.257
298.213
128.364
-8.05065
-11.0972
-100.233
-88.0678
58.2221
64.8206
20.4286
-64.7795
34.7094
115.592
-21.634
69.9641
-257.726
-84.4005
-50.7857
131.041
46.8004
-47.9198
-134.953
-134.953
-46.5338
206.906
-52.4857
-85.5228
-340.97
152.031
-337.491
-70.8918
-60.3974
1.47965
-202.222
-130.892
15.3753
-21.526
294.556
21.5146
44.5894
56.7334
1.13636
-72.7337
-185.259
-185.259
-109.332
-125.146
-109.847
-4.06101
16.3539
65.4653
54.1343
-141.617
-48.8364
-53.9076
-219.419
351.768
-26.2245
-93.3424
-57.6822
-40.583
-70.0728
-112.173
106.979
-137.725
-137.725
42.7794
-21.7608
282.337
6.51714
-29.3618
-185.752
98.3136
60.4301
-45.4308
-15.8443
197.137
27.8832
-35.2107
327.556
-165.989
-142.117
-142.117
-51.7503
-207.606
-207.606
-52.6774
78.2747
-238.221
-55.3299
-117.261
-205.984
-27.5326
-83.6562
-37.027
338.284
-87.5426
31.8371
111.217
35.141
-37.3506
-170.964
250.845
13.3067
54.8502
19.4979
-81.3588
-52.6657
87.5977
144.969
117.602
-112.241
-143.098
55.0939
-65.7598
63.42
-251.603
-208.975
-43.3732
-142.5
-15.9752
168.085
-92.6934
-10.3009
-110.131
-54.2317
-54.2317
-38.24
-20.9245
-25.8757
51.4189
-149.105
-215.675
-27.7619
87.0456
301.697
81.1274
-143.285
-120.89
-141.718
-88.1607
330.346
330.346
-157.078
216.727
-67.5566
31.1576
-53.296
-53.296
-44.6237
-77.8473
18.3791
-43.6657
-97.6008
-42.4704
-36.8644
-50.9152
29.4902
182.26
-47.6001
-96.9062
-58.9633
-92.4336
-45.8952
313.641
-20.9024
50.5036
-36.1051
-52.4034
-156.999
-59.2174
-62.0946
-62.116
-184.676
47.8625
-172.175
67.7767
-39.1965
60.9638
-103.661
41.9293
-115.996
-47.5942
-78.9432
-9.81508
309.308
-91.9217
-91.9217
38.1545
-14.8633
16.9766
60.1655
-64.6834
29.9096
318.644
-248.638
-60.1082
150.574
-78.9756
-349.177
-58.6537
-100.593
-141.176
-73.4828
-123.971
-113.678
54.8626
-61.0017
-98.1876
13.377
-140.191
68.4554
44.0885
-105.77
61.2925
62.9149
-198.25
-43.0306
-88.1729
-124.219
52.776
-224.359
-119.88
-51.2219
-196.817
-23.1933
117.42
-37.8689
-81.7829
97.6772
-59.9264
113.796
-34.8707
-15.1145
-70.9903
-66.5628
-155.299
309.102
-131.167
115.858
320.559
-69.5351
-36.9201
71.3869
-164.307
110.397
159.008
-18.7012
-47.529
-191.968
-71.2268
-21.0082
-21.0082
-77.8082
-28.4075
-81.1459
153.91
-36.0982
244.033
-47.2577
-117.611
28.6977
12.5393
-130.631
-9.82502
-57.8284
-19.5825
-68.8837
-130.638
-158.428
121.966
124.369
-16.7625
-49.4088
44.3466
-68.9836
-85.1895
29.3763
-65.3888
-60.5531
56.5471
-37.4656
-110.021
35.7811
59.1601
34.8578
152.543
-254.894
-296.593
-34.0356
-8.59524
-106.017
-106.017
57.2648
-220.147
30.7871
46.7855
-46.6126
-342.34
-63.6104
-60.8882
-89.1033
-14.5742
-14.5742
-108.64
-51.0484
-106.473
-34.1738
-101.28
-153.292
-89.5143
314.148
-40.6935
-153.174
113.68
-114.08
58.7094
-131.775
-21.5913
-13.2024
-141.601
-18.5976
30.3714
-88.3163
15.2558
85.5589
-144.505
37.7445
96.5335
52.41
-91.0876
-139.863
-139.863
28.6097
-120.526
-133.507
-214.341
-72.8415
82.8431
64.1315
-64.6916
-162.564
168.987
-52.2679
-161.561
-21.1174
-133.854
-148.25
174.677
35.2261
23.3536
-126.308
-119.215
-60.1663
-65.6168
-45.1112
-7.15542
-103.327
-129.228
16.5179
16.5179
47.7605
47.7605
-77.7906
-163.089
-147.518
0.592045
-67.0844
49.9474
-144.032
-281.236
-48.785
22.0905
-115.139
-72.8102
-71.0598
-145.953
-50.8384
-110.861
-47.0642
-87.1812
-94.6547
17.399
58.4184
-35.2747
121.248
69.9876
-44.1216
-154.875
39.7794
-60.9168
18.4682
-87.2709
148.285
-234.827
25.398
-58.2497
-98.5568
-20.6116
26.8371
68.0072
9.40408
-11.9697
42.176
109.529
-88.8323
-88.8323
-81.8379
-4.32763
-309.139
-10.3004
55.2408
-297.76
73.1157
-62.179
-62.179
-133.754
69.3637
-142.331
-83.5686
-83.5686
-51.9978
-51.9978
-46.7105
-62.5401
25.2264
-85.3573
23.8158
-69.3041
-84.9056
8.47866
115.137
-141.072
17.6406
51.2587
-110.811
77.9404
-92.843
53.7037
-68.2445
-181.085
-18.5462
-58.1726
-139.122
90.8559
-122.998
112.298
21.3433
117.026
42.5359
-94.5739
311.457
89.898
-39.6264
25.0864
47.2675
-103.412
-132.854
5.09293
82.1124
-102.218
-52.0278
-85.9148
-23.4564
147.948
327.312
-147.372
-109.04
-259.46
-259.46
-190.392
352.865
18.3121
-145.971
-60.3272
43.3155
-83.8846
-153.604
-153.604
-233.169
42.1502
60.918
126.902
345.022
46.9248
-129.387
-129.387
-63.7882
-63.7882
-55.8121
-89.7732
67.4344
-9.86288
46.94
-64.7972
-52.1694
83.4902
46.1608
-63.4641
-90.2439
-57.3724
-119.259
-13.8073
-198.304
-80.9704
-45.0687
-57.115
-44.6343
-154.089
120.33
-105.528
41.582
9.83173
-300.235
-85.8101
-35.87
-19.5694
-57.9611
-143.468
-94.7276
86.9896
-222.186
-132.494
-60.4372
-70.3236
-349.233
-92.3746
-23.8704
-148.618
-167.848
-57.515
78.631
12.5948
-112.918
-78.9671
40.8323
215.867
-81.749
-185.36
-135.172
-130.408
-73.0586
-74.4908
28.4204
-17.3925
42.9333
-85.6132
-103.205
-48.6148
-324.986
22.4018
20.3345
-219.931
113.182
-157.549
-96.1525
-92.7396
-275.209
-165.41
225.073
12.101
79.7088
-27.948
-284.331
-121.739
18.5722
10.0447
173.017
173.017
173.017
-100.009
38.9717
-77.8292
15.2308
-60.4896
-162.201
-162.201
-20.911
-48.6708
-181.779
-83.8171
31.6498
-288.371
-254.475
19.5954
-93.0221
-139.457
85.9762
-38.4749
-57.6816
-57.6816
-45.6437
-45.6437
-48.4273
35.7651
92.682
92.682
-193.085
-140.165
202.027
202.027
-20.2551
-20.2551
-24.4119
-72.304
139.554
154.889
84.5114
-208.951
240.364
-189.675
138.063
28.8742
-306.816
-130.671
-101.147
82.0472
125.038
62.6341
-5.35693
-5.00038
-153.139
-102.117
-20.6655
-123.486
-220.176
-26.9656
-99.2419
-78.6744
43.8296
-173.572
-155.733
28.1441
-84.2815
-74.7983
0.575938
-4.43917
-126.135
-88.9871
-120.796
91.4052
-69.971
-12.2787
-37.3137
-232.584
289.444
-54.4872
-106.934
133.387
-62.1532
-90.9427
-41.8838
-343.292
-54.2402
-36.6924
86.1095
135.746
19.2637
318.384
-93.7326
-23.5568
-23.5568
-112.347
-64.7773
278.922
-65.1467
49.7565
49.7565
30.8853
17.8467
-211.104
-70.6093
-106.51
11.5431
-93.7882
250.675
-75.8847
-6.13526
-6.13526
-139.443
-59.4565
-113.696
25.1242
-6.67114
-178.824
8.15618
144.718
-16.3603
-94.1835
-55.6767
-101.306
-326.157
-80.671
-74.7557
-20.7738
-92.9101
41.6364
41.6364
17.0162
-83.8499
-22.4501
-140.414
-46.1845
45.6074
43.9757
126.505
-12.6741
152.2
-45.76
-45.76
-64.0053
-2.77862
-55.8278
-312.55
-42.1255
-42.1255
-42.1255
-25.8105
-90.6286
44.5949
115.243
-76.2975
-70.9705
-141.039
24.2335
63.3214
-108.813
110.647
110.647
-19.4756
-91.5914
-160.746
-57.4389
102.112
12.1172
-23.8526
-89.2504
-2.51514
-303.215
-27.1084
-121.809
19.6787
28.9977
265.867
-81.0531
338.3
-173.069
-134.95
-120.828
2.70833
15.3891
-116.256
-147.313
25.1644
-89.6892
-54.5825
51.1119
-18.3176
-94.7127
-94.7127
2.55441
-90.7694
98.394
-100.194
-10.7589
51.1818
-86.6086
128.285
36.8134
100.367
-102.371
-33.0594
21.839
238.151
-165.49
-94.4671
97.132
97.132
-17.5282
-216.103
10.9886
-119.639
86.9604
-82.4702
-13.9185
-118.351
-253.904
-150.887
16.7507
-83.0848
23.4589
-86.2571
-116.858
-20.3242
-85.5186
332.923
332.923
-11.1541
51.7976
-87.4622
-3.14982
-80.645
-75.1585
-21.3151
-174.049
64.9732
-326.685
-62.8427
18.3541
107.242
37.792
6.01151
6.01151
183.976
52.9848
-13.2668
31.168
-47.5768
-157.239
-34.5157
-200.687
-129.265
-40.6781
70.7392
51.1485
68.3039
64.5508
84.6368
-15.7264
-190.913
-223.637
-14.4438
-80.223
82.0869
-146.248
24.9407
23.9561
-22.8426
-106.691
-106.691
-118.717
-118.594
-115.349
-35.6939
-80.0735
194.972
-118.673
46.7749
46.569
-142.422
-59.5289
77.3454
77.3454
-114.779
-110.888
-110.888
-227.463
-17.7393
-46.7614
-46.7614
37.4813
-89.3249
-63.0889
31.7426
-12.9223
-15.0643
-112.507
-60.3426
76.3524
-219.549
140.583
140.583
-155.773
-95.4907
-95.4522
81.5717
-59.0955
-37.2225
-71.9547
73.3395
73.3395
-188.227
-188.227
-188.227
-188.227
-354.595
177.494
-54.961
-8.59228
255.377
-199.237
-199.237
-51.5708
-119.377
11.6388
-115.141
-31.5573
-64.3971
29.6985
19.7589
19.7589
63.7398
-28.0235
213.639
-2.92387
-26.1623
-118.295
-94.984
-9.91376
36.0205
-81.8906
-34.2123
-20.0211
33.4373
33.4373
-35.7513
-53.2545
-53.2545
111.56
-152.176
-114.577
71.5867
-324.094
-324.094
36.0724
-292.108
-60.5689
-146.084
33.7748
-77.0765
-75.9669
-254.038
290.9
-24.2629
36.5073
-153.161
80.1186
222.736
-22.1559
85.4128
27.8764
-119.077
-119.077
12.1795
42.2778
-107.55
-72.6054
74.4218
-86.0258
-161.337
-85.3997
-72.4554
-158.901
-89.5587
35.8063
-42.556
-69.1865
39.3536
-160.037
-74.419
-72.4938
66.131
-67.4787
-105.283
98.8562
43.5878
12.0533
287.46
-59.0864
-248.733
-40.7326
79.1307
-159.041
40.1208
75.4996
-32.8779
178.662
-42.9737
160.633
-57.3106
-81.5806
-103.542
158.55
57.5636
57.5636
-94.1079
-94.1079
-187.966
14.271
-77.9006
-77.9006
-62.2744
242.139
242.139
-49.5651
-63.2683
-186.435
-75.3332
19.18
-240.932
-240.932
-130.831
-63.9926
-37.609
-24.164
-24.164
-21.5008
-254.261
-129.366
-94.2577
24.2624
-29.6991
-171.206
-94.2733
35.9858
-86.7429
337.674
13.2616
-78.6057
-67.4323
-95.3045
-247.215
-120.867
-58.7597
-72.6875
-39.408
11.6443
-131.231
-122.836
-216.524
-43.6013
-222.146
-80.6303
-212.247
50.5141
-78.6131
-153.096
-72.7986
146.884
31.6226
52.2117
-79.8108
-354.141
-35.6278
-250.742
-13.2858
-167.438
81.1663
-58.536
-45.1167
-70.7208
-191.613
150.581
-129.936
7.99135
5.6525
-60.7572
-40.9777
135.572
87.0378
-56.6674
-75.0694
14.3781
35.8582
117.584
-62.0431
192.888
192.888
-50.9321
-71.3586
-51.9959
-136.084
35.3055
-94.8568
43.6879
-256.335
-74.0196
-46.2027
293.98
-53.0028
-16.5777
-7.46087
-144.452
-75.5613
-93.6783
-31.3022
-49.5615
-47.1321
157.269
-35.3483
16.9825
81.0545
-53.7548
308.692
35.8662
-108.472
-87.1472
104.871
59.3405
-195.526
-195.526
-195.526
-45.1051
-45.1051
-161.73
-79.5476
-111.192
-219.93
73.2728
73.2728
-211.495
-108.862
66.5456
-25.8816
-154.544
23.2349
50.7969
-144.526
-15.5129
-15.5129
-46.4404
-48.9192
70.4265
-27.4134
315.667
315.667
17.7646
32.7827
-143.4
189.503
-276.923
175.641
-46.9394
134.398
69.2856
51.9553
159.754
-73.8016
124.025
30.2564
-272.449
83.0762
-33.8446
-293.302
-238.191
27.323
-345.185
-42.701
100.197
-18.9149
63.4376
293.488
8.48007
-26.4121
-81.7473
38.6941
-30.4328
-111.339
68.579
68.579
-49.5555
-85.4691
27.5201
-183.295
-54.1217
7.40212
328.857
-107.405
-146.161
79.1937
-85.6616
-147.076
-147.076
140.135
-158.08
71.8061
146.64
331.617
-217.636
-52.8891
-111.152
-74.2359
-140.923
69.6904
-131.962
-117.729
-71.1306
-27.7978
40.1466
-20.4985
45.7578
71.9959
-25.7972
-103.481
-205.649
89.861
-242.739
200.694
200.694
-149.832
-74.2986
10.14
-65.5319
-342.171
271.622
19.7462
-90.0607
-90.0607
172.477
40.6835
-121.656
31.6723
-139.401
-59.4084
-59.4084
-14.4473
-17.0975
116.809
116.809
34.546
-34.7593
40.4719
77.3495
76.076
76.076
43.6822
48.1519
153.872
-89.1708
-102.462
-25.1772
129.693
-80.4318
-29.0264
43.3725
-348.413
-115.365
-228.799
-228.799
-26.2247
-86.3257
-34.3873
29.7121
-110.625
48.9953
-32.7042
84.6328
84.6328
-108.143
55.0418
15.8864
40.411
-173.788
-103.556
-170.586
-170.586
-170.586
12.2036
-16.4731
-98.2108
-103.901
-103.901
-59.8125
-79.7954
41.7269
-45.0009
-261.981
-48.9277
-56.4678
-24.6784
-73.285
-73.285
-72.8394
-77.9961
-19.2207
98.6545
-38.8067
111.118
44.0581
30.3167
-3.84104
-60.3794
73.9051
-110.55
-80.5151
-101.764
341.033
-112.634
-116.804
227.602
-44.7528
-123.173
-107.566
-21.4318
93.7167
-87.6253
-16.2628
-106.214
-4.72991
-171.306
-71.6117
-309.781
-50.6335
157.012
-65.5907
-332.484
-60.1177
-173.86
-68.0872
-128.002
-63.9116
137.959
137.959
-222.189
98.3808
17.4676
-31.6156
-293.661
-293.661
-51.8897
-114.226
-77.3626
-57.6947
-289.798
-95.9517
-93.348
-136.768
-27.7606
-13.7504
-41.5945
79.6942
-119.872
37.5902
-105.301
-274.044
49.4179
-75.3808
53.12
-57.2397
43.5656
-67.1394
-20.2389
-152.788
-20.527
-76.5257
200.131
4.53011
-320.967
50.0511
-47.0158
-47.0158
-53.1984
-23.8395
-152.309
33.7932
26.0572
8.58432
-63.3879
-223.858
-36.8907
-21.3192
4.25194
-327.856
-85.2829
-8.05305
33.2123
-48.2505
311.998
-88.8884
22.0643
-172.593
-133.744
124.483
-55.4662
-55.4662
-89.9773
-13.7256
-23.8749
-17.7828
32.5177
-117.748
172.061
-345.565
40.1723
-53.7508
56.8549
-67.8589
-67.8589
-208.053
28.2444
-10.5486
-82.3109
32.3867
-18.6467
-35.2639
-264.386
107.569
-54.7184
329.291
-7.8495
-21.7292
322.19
-131.18
58.3541
137.287
-344.77
18.18
-80.7231
-286.407
-67.1577
-17.6816
-22.1345
-18.2043
-104.76
-100.484
-124.053
-161.499
-304.795
-304.795
-63.1921
-57.2514
49.3023
-245.525
331.199
191.059
-69.3206
-69.3206
-19.9364
-29.0474
-66.1808
335.317
-26.6556
-25.5378
-32.4464
94.1313
-17.8487
-34.9646
-48.1407
-117.204
-69.5995
-1.99293
-1.99293
-66.8179
-348.882
-344.873
-131.758
-56.955
-77.3959
75.1218
-210.749
-142.486
-16.2484
-64.2093
-47.1571
4.99327
-120.237
-10.8283
-109.226
53.5353
14.3694
-155.326
131.26
32.6834
12.2779
72.4119
-8.0842
-44.9496
9.08181
-125.82
25.4998
51.3736
-128.236
287.106
-70.753
-172.652
112.967
97.5852
-78.9979
89.8224
-40.3004
26.2631
-136.468
-47.8279
47.2795
-27.7098
-39.1437
-51.7735
-16.6083
-42.4836
-161.658
33.7603
15.28
-195.133
-99.972
-99.972
-61.309
67.4689
-69.9472
-69.9472
-38.398
-63.9754
58.3573
-78.5449
102.295
33.2447
133.714
109.804
-53.4701
266.109
266.109
31.231
-102.709
-102.709
-102.709
45.4689
321.746
-43.9009
-43.9009
-184.411
-28.0982
119.766
-82.6845
31.8265
-80.6798
-126.549
4.51319
77.9514
-74.8893
-106.054
29.6405
25.6744
-26.0404
-15.6817
-53.1642
-16.5758
55.1472
-11.8582
-47.3269
-47.4185
-199.998
-209.04
-14.0801
-75.8688
-204.565
-150.996
19.8803
-72.3306
-26.56
-89.9632
-170.528
37.8903
-140.734
116.213
-108.011
-40.3919
-204.893
-136.662
-136.662
-107.588
-53.9408
-136.718
-167.452
-185.128
-185.128
-65.4902
-185.122
50.6381
-168.417
-106.097
-19.5588
18.7479
-225.587
22.4605
59.652
281.751
-37.0646
-53.0979
-53.0979
-180.819
-3.12184
-106.308
-68.4385
-17.092
16.9758
-100.883
-97.8583
76.6089
22.3898
165.058
-140.29
-104.402
92.8436
33.4597
-20.5795
28.1476
59.4591
108.081
-131.94
-42.9131
-19.5313
-22.1654
-164.495
-61.9419
-127.245
-73.658
17.0499
43.4993
-18.8786
-92.5049
-40.3051
-17.8158
54.7903
-67.9176
-91.5144
33.3557
33.3557
-138.492
25.2304
90.426
-102.18
142.791
-120.291
47.7196
53.9752
-201.477
-201.477
-135.134
-56.0107
216.026
-22.0167
-84.6395
-15.6716
-26.1944
45.8584
29.5681
-59.214
-224.507
-47.9089
-14.707
-43.5256
-85.5255
335.658
-26.7865
335.971
123.436
-136.058
-132.905
-132.905
-52.2249
-72.6664
-103.163
94.3567
94.3567
-22.4649
98.0675
45.7162
43.3472
330.646
-44.4015
-98.767
-128.372
-22.8014
-176.992
79.6182
81.4702
-16.9997
-44.937
-44.937
-256.088
-55.032
-141.078
-106.63
129.051
32.1345
-67.1391
-197.084
50.1759
-290.089
235.359
-109.182
-97.4147
16.6804
-82.6949
-82.6949
-62.5694
336.112
-267.811
63.4561
55.539
-47.0304
-279.687
64.5002
-211.795
28.8452
-31.7813
-205.441
-179.555
31.8205
-54.7557
-31.8943
-50.2844
38.7294
-72.4405
-151.96
3.01375
33.4153
-92.72
-188.082
41.4862
-15.9281
191.365
-159.753
-60.6521
-137.865
279.159
344.788
-87.3343
299.132
247.248
-72.8037
77.5553
-123.775
-128.57
9.99684
7.2535
-114.679
-157.897
-189.505
-126.534
43.0943
-34.1932
-44.7705
90.1185
-166.173
-38.9238
-11.7999
-17.498
331.114
-7.32842
31.9458
-312.621
-308.865
-124.996
-6.50475
-4.98393
49.9673
220.959
-175.376
-233.884
-24.6893
-81.7681
31.0225
31.0225
23.0313
21.4591
-24.4582
54.4663
54.4663
63.0669
63.1174
-69.3779
-138.317
-243.971
-34.2985
-34.2985
-106.635
264.658
-335.438
-335.438
-111.334
-21.9468
153.667
-58.3402
190.162
-218.923
-345.39
118.867
-113.878
-37.7585
-168.033
-45.4652
58.1158
213.232
-8.98169
-20.4296
-141.447
65.7125
321.872
-46.541
-122.606
-122.606
258.335
96.8772
187.554
-123.621
49.4029
-26.1711
-111.682
32.7694
-20.7796
-20.7796
-349.455
-51.3334
-111.996
-39.8275
-100.179
-117.183
-117.183
-147.537
-197.981
-197.981
-73.962
69.7396
-24.5511
-80.4062
-29.3835
-84.0975
-85.4126
-66.8634
-52.3141
31.6528
34.6874
-78.4375
-84.342
48.684
149.275
-73.4411
151.576
-115.715
-62.6446
-15.4594
106.051
-74.1003
-74.1003
-13.7133
-34.9727
-40.3726
-41.9751
-132.148
26.7627
-154.838
-156.556
-67.2895
-325.683
94.2733
-130.427
105.924
-24.1571
-343.522
-47.4791
-184.06
-57.1824
-20.7233
11.3813
-26.1121
-46.971
-141.388
-16.0962
10.5228
-209.271
87.4528
7.7572
-72.1603
88.6227
-190.906
-190.906
76.18
51.4895
-112.328
-27.3611
-53.9625
38.9611
-145.464
-50.141
124.667
58.8262
-84.3075
299.2
10.6211
-62.5441
-102.447
-247.58
-350.752
-30.2276
-59.7283
-174.413
-118.473
-63.0985
27.7114
-147.874
-62.8262
-108.327
-152.361
-78.9757
9.73669
165.395
-315.149
-153.232
-103.751
-111.873
-90.1581
-126.102
-108.754
-7.57239
-26.6652
283.254
-47.6837
-99.5155
-106.359
-106.359
-62.9098
-137.298
-31.3879
-80.8796
-11.533
140.999
-90.2457
-191.079
-62.9378
25.0673
-9.53302
53.7709
-58.6636
9.26639
-110.264
33.2087
-54.3012
-48.7812
-38.3373
99.0387
-84.9893
95.4857
-18.553
137.496
-241.181
-120.963
-19.5747
-21.1919
79.7257
-33.4276
-75.1922
-134.828
82.9295
-116.072
120.846
-92.3912
94.37
0.140149
-136.499
-90.24
-59.3303
-59.3303
289.682
-71.5406
22.3415
-40.3678
35.6199
-147.524
-147.524
-262.56
-74.4049
-72.0134
-116.186
103.578
210.671
-100.972
1.91671
-129.16
56.8119
-44.6877
-71.2984
-188.688
-70.2729
-128.17
-40.2042
-40.2042
-40.2042
-74.4883
-52.3652
-305.485
-200.225
43.5414
-10.9771
53.2768
-83.275
-176.901
112.48
-42.1572
-39.5716
-110.03
-110.03
-135.261
111.811
-125.288
-92.8663
25.9699
-17.1698
-11.0669
-205.7
122.123
161.663
-15.3453
-17.4799
-44.4491
-90.8118
99.4954
290.593
35.3809
-75.3717
-48.5479
-20.316
-20.316
-20.316
-33.0551
-175.148
-59.4037
57.3916
-59.0832
-45.2157
-208.972
-208.972
-69.4468
109.326
-104.334
-104.334
-291.076
-125.391
200.628
-78.8123
25.4757
-72.7683
-120.462
3.36226
-22.9281
-117.798
-138.694
-166.69
-44.1379
-30.2075
126.13
-120.769
-96.9311
-50.2548
-16.945
19.1246
-34.9524
-85.4822
-28.6152
-28.6152
-6.14535
-6.14535
300.934
-39.9913
-51.8226
59.7064
-215.854
70.1535
-78.1729
-130.321
-89.0652
338.769
-76.1119
-46.7339
-52.1831
22.1215
16.2374
-146.855
-5.22537
181.847
-65.8474
25.7778
36.6704
40.5974
-53.2903
-100.316
-104.79
336.406
-183.824
-3.2694
-9.9749
-140.491
13.3976
-69.6039
-69.8557
74.3095
-17.1225
-10.84
-52.2941
-58.7439
-104.471
-45.3816
-34.4101
-180.462
86.6076
-164.785
-164.785
126.935
-47.0448
266.562
25.1148
-59.0537
-83.9099
-83.9099
-130.722
-195.751
-29.7364
6.54369
63.2542
-94.1184
-94.1184
-150.915
89.5766
-12.7378
74.5001
-110.92
162.333
105.125
-100.361
-10.7389
75.8432
28.3234
-153.953
-20.9592
88.3669
-27.7314
20.5734
16.5643
-13.1839
28.2961
-67.6966
155.533
-71.9153
-119.152
163.595
329.447
329.447
-146.806
-74.4347
4.23649
-36.9877
-26.5783
-53.2031
125.674
125.674
84.2802
-96.5882
-54.5076
-54.5076
-51.8491
190.154
90.0879
-223.255
-37.0511
-37.0511
-7.00843
-130.13
-41.3302
-166.385
130.407
280.917
-9.91323
-9.91323
-86.0297
-86.0297
-73.5473
-38.998
-38.998
-1.09936
-38.1974
31.659
-60.0118
-48.8604
113.52
-117.119
24.3386
303.164
36.9792
-17.0341
-57.818
-33.1752
-113.828
-47.4317
-198.088
-170.929
7.59011
-176.177
-160.445
-347.039
-34.9917
-18.5562
-6.11157
-6.11157
45.8473
-103.857
35.3353
35.3353
-91.481
-87.0536
19.0667
78.7829
-94.1301
58.856
7.22121
-42.1237
-42.1237
342.321
-23.3634
-11.617
-50.9965
-6.3953
-50.8776
-23.2278
-77.686
59.8476
178.141
178.141
-44.5911
-145.839
-37.3536
-144.938
23.0143
20.8314
-25.7436
210.262
-21.2857
-45.8643
-217.212
-43.3009
326.095
18.7523
-71.8989
318.742
330.927
71.5889
-20.2264
21.6213
-98.924
11.0157
-164.573
-164.573
-74.7861
-48.1776
-19.0086
-109.429
76.4538
352.408
23.0746
126.783
-67.5843
-247.279
-4.66132
-70.0743
78.0498
-64.2733
-8.07812
-10.5077
23.2724
100.502
47.6872
293.363
195.28
-41.968
-41.968
25.7197
-67.5819
-67.5819
-172.398
-111.5
148.281
276.289
-47.2813
-47.2813
-47.4144
-47.4144
-189.495
29.4082
307.379
72.5311
-34.9629
-185.959
-8.81186
-84.9949
17.8198
162.942
-104.052
22.2453
-121.256
329.491
30.8013
-262.054
-38.4407
15.1489
94.0909
135.791
-67.6835
-11.2704
-54.2415
-98.3002
-31.315
54.5193
7.79957
-71.0635
-38.0311
-18.4005
-95.0952
-48.6827
96.6073
40.8446
7.92328
-38.979
63.9345
58.3654
-188.395
-12.9457
-12.9457
87.9634
-31.901
-112.171
-15.0674
-59.0778
-142.744
-189.993
73.6254
-124.269
-140.848
-105.128
290.261
147.963
147.963
127.476
-58.9022
-156.836
-265.693
-265.693
-159.591
-71.5978
46.4469
147.907
-87.2809
-32.2615
43.4755
232.765
47.9858
-49.5236
-81.0934
100.383
35.4009
-10.0226
-69.8653
-329.69
-145.16
-8.29999
-44.6351
-71.106
-93.7046
-43.8101
-99.7751
-99.7751
-66.3748
-60.9458
-57.346
102.672
-50.1656
-149.533
-149.533
-36.9563
-93.5126
-223.216
-76.9754
-68.2006
92.0909
-128.244
-121.703
-10.5245
56.4393
121.881
-43.1515
-158.567
-102.491
291.018
-49.1273
-63.0318
-21.1448
-60.3948
21.6346
65.1933
120.963
32.9737
-324.556
50.6409
111.765
-64.0086
22.0122
221.334
221.334
-134.631
-45.0748
96.2601
-152.14
-38.7886
-98.7012
-259.85
-237.144
-150.289
-93.5879
-193.007
-269.35
-183.278
-183.278
-21.1638
-109.369
17.0006
-72.6202
-51.6391
-51.6391
-16.522
103.076
-14.6942
33.2426
-0.731782
23.8395
-36.4508
-83.1581
-114.301
-57.8923
28.9523
51.7968
-70.3509
142.478
-84.2315
-44.3401
-26.9935
-154.684
79.2215
185.22
-105.205
-105.205
-158.544
-158.544
324.162
-14.6197
19.3526
-58.4809
-266.448
-22.8303
-6.05719
65.2056
-17.4962
-196.202
-196.202
-19.5764
-55.1773
-174.196
-14.3461
-52.9629
-42.873
-61.0647
-41.8418
-85.2144
-80.0969
-98.5524
-133.842
-175.858
199.794
-142.41
-83.6696
-319.519
-47.1106
21.2973
-39.2456
-138.984
-71.2162
-73.2422
-161.268
-161.268
7.72065
-37.9569
-37.9569
-70.9078
-17.4867
9.9617
28.4992
-214.87
95.4483
40.5744
60.3287
-68.7428
285.629
-130.007
-349.196
-127.295
-32.0384
-32.0384
-72.1304
65.6296
-17.6991
-68.688
-56.9002
-89.2591
-14.2108
-10.792
60.6606
95.4873
95.4873
95.4873
-97.3289
-91.656
-275.27
-74.4832
-113.859
26.5654
-119.005
248.331
23.1554
-122.516
58.1583
-49.3388
-98.3504
-22.1886
-257.057
-38.123
-27.7361
71.4804
-64.2794
-75.0067
-64.939
110.891
31.5199
-74.889
-120.172
-135.597
-4.93727
-128.905
26.9822
139.508
145.93
-73.214
-140.406
-298.892
44.0599
-132.023
-132.023
-18.901
-43.3762
97.4074
69.692
-34.8037
-108.692
136.908
-54.2888
-89.1831
-69.9418
-11.578
-11.578
-29.4668
-48.4406
-153.192
-90.8784
59.5088
-26.5455
-29.3856
-40.2757
-59.6855
75.2097
-254.111
-105.489
-105.489
73.839
-113.38
36.2008
70.2147
-124.738
-85.5234
-163.896
-21.4006
-42.4767
28.5368
33.5415
-14.7451
83.861
-114.5
-95.5363
57.5186
-72.7649
102.096
102.096
218.543
-250.132
-3.53715
-40.3074
34.7423
74.4338
110.519
-314.426
-125.337
-120.185
-253.722
-41.9735
-14.8571
335.436
-15.8615
-277.908
-67.4675
-17.8441
126.631
-307.179
-2.38219
-2.38219
108.365
-122.753
-176.558
12.4648
-16.5481
-238.276
-238.276
-26.7121
-95.1859
26.256
-77.6791
-71.6702
-16.5608
-130.908
-19.7789
74.8556
-96.4515
-57.1974
265.506
-14.6311
-145.451
28.5238
-120.425
-25.8797
-101.244
-101.244
-168.562
-84.894
-40.806
171.343
12.1773
-112.642
-119.026
-21.929
207.863
-24.052
-276.898
127.981
-114.694
326.67
-47.3985
-47.4879
-32.4951
9.54195
-82.2996
151.606
-37.9359
-3.52503
-81.1113
-248.13
11.3667
62.8062
-25.1438
41.7242
-44.1684
81.0282
-32.8276
-63.8189
-52.7983
181.43
-103.306
327.589
-26.1574
-26.1574
-75.7146
-56.8825
-61.8789
-14.595
-218.361
-218.361
-156.956
99.0873
340.146
-121.184
-69.8436
10.5529
-95.0996
-88.572
-135.417
-10.6626
96.9804
-214.781
-56.6406
-22.0083
-86.0938
19.0744
26.6822
70.7566
-65.5873
230.265
17.9438
-222.404
-194.509
53.3917
-198.494
123.307
-289.526
17.186
-72.713
-51.7674
-9.09097
-76.3888
46.7363
-57.4249
-57.4249
-57.7221
-262.382
265.303
251.498
64.3679
64.3679
312.914
-76.5025
31.7658
-142.911
19.5095
158.798
27.2631
-243.658
-252.899
16.9135
11.3401
-36.2397
-130.136
-108.486
76.711
76.711
-78.7297
-129.496
-26.1462
-78.0836
-156.978
-97.6895
177.652
-147.457
-59.355
-57.594
-5.42476
-254.41
-43.0935
-23.3036
-87.1543
-32.6673
-102.107
-68.6515
-68.6515
-115.092
-100.793
-100.793
-49.251
-120.585
-5.6646
-5.6646
-234.305
-50.3484
-165.624
-195.466
12.756
73.8397
-203.852
-172.05
-26.5068
-26.5068
-7.75452
-341.313
340.789
5.75005
314.827
314.827
314.827
-209.648
40.8505
-136.75
-130.12
-71.335
-106.054
-118.32
-95.1137
-64.6751
-40.8387
-133.051
-55.0949
-141.685
-25.2703
-8.84206
-85.3475
-49.7305
23.2199
-127.96
13.4573
13.4573
-154.639
-115.924
-70.9034
-18.8923
-228.567
-21.611
-91.1043
-136.674
-81.1006
52.5313
-63.9044
9.1727
-330.159
-300.486
-102.817
-94.8874
-16.887
-117.094
-198.241
71.8769
33.9578
-172.023
-197.872
-115.92
6.8163
31.8313
251.884
-73.0286
-127.628
30.0565
339.421
-98.4865
230.887
230.887
26.533
-74.3849
-32.8687
-54.4946
-42.2293
-46.7092
-106.202
48.701
-12.259
19.1089
-166.336
306.855
-330.659
-133.874
-21.2163
-49.0637
145.467
-40.1111
-33.6508
-109.586
20.0119
-34.919
-43.6852
26.4264
10.8947
-17.5358
-59.3529
-45.761
-91.7973
-208.411
-72.1729
-79.0073
-314.65
-201.057
-201.057
-10.4409
-216.633
35.2398
294.02
-4.28232
-17.5068
-17.5068
-84.1349
-81.4339
-188.033
-32.6342
-122.934
8.58669
-51.9033
-101.529
-60.6219
-55.1493
-284.296
-11.896
117.763
-110.917
-171.034
-38.8123
-136.11
-19.7968
110.122
110.122
-46.743
-46.743
-176.582
160.954
33.2231
24.072
-188.603
-75.4201
-169.851
317.533
-41.3149
46.6917
8.62868
8.62868
-217.631
-76.923
99.6787
12.0117
-27.5105
-3.89014
-268.231
-131.811
-53.4696
17.8702
-98.4511
-12.5316
-249.864
-85.2656
-39.0972
-200.435
-102.965
-52.149
-52.149
-15.3473
-281.067
322.239
127.335
58.7391
138.36
-27.8548
-71.5116
81.9981
-69.4093
-149.253
6.54714
-239.326
-30.2447
15.5691
54.5386
-53.718
11.9589
-69.9677
-94.2464
80.9747
178.756
-37.4849
-260.026
-32.9183
87.8572
87.8572
53.499
312.858
-143.955
32.3842
132.756
17.5524
-84.4359
-84.4359
-93.6114
-22.5921
-175.059
-325.739
31.5842
143.24
3.72292
-11.82
66.6919
-4.12541
53.4359
-126.587
156.234
12.7815
200.821
-44.3453
40.5574
-143.527
90.6201
12.6032
-18.0588
-40.8328
71.683
17.7329
-31.2062
-134.889
-47.2886
78.3538
-31.9874
-31.9874
47.5264
-102.091
-156.341
-156.341
-53.4972
-56.1977
63.6103
70.7816
86.6629
-108.731
29.5307
-47.1507
-44.048
-184.976
-51.646
-100.474
-47.0545
24.2086
-187.843
27.3358
100.787
294.032
-196.935
-196.935
-44.2846
-120.218
286.799
286.799
29.8631
43.8658
43.8658
-5.36877
-107.858
-61.3074
-76.8994
-27.1093
-94.8609
-65.7463
35.1546
88.0751
33.478
-33.4282
-281.849
-106.784
-26.2468
-30.436
-133.298
338.189
-98.3016
-98.3016
281.417
-47.1653
-56.9064
-81.9942
-44.9492
-104.217
27.2345
55.9234
209.991
-149.003
3.586
3.586
-76.1734
-44.3338
-46.9583
-34.0093
-13.6493
-108.271
170.232
-317.953
31.5943
-109.864
-272.502
-54.1377
-29.4357
-53.2739
50.8147
-187.494
167.577
-89.154
47.2712
18.0793
13.0458
-183.897
-116.735
-102.345
56.1105
-13.3858
-23.8675
-11.564
-22.0485
-94.2546
64.8604
105.801
136.872
-235.729
128.96
97.1328
-54.6819
-192.137
-148.758
-57.0051
-224.329
-110.679
-110.679
-50.9709
16.9393
-12.1778
62.5696
-18.5603
-26.8091
-22.1429
84.3012
-106.132
146.767
-207.953
-209.986
-347.796
-178.92
158.884
165.717
-130.16
-84.6167
-58.8923
19.6345
-46.0576
-46.0576
103.206
-139.039
-78.3087
-56.9759
-16.1532
-267.102
19.5679
-252.218
-328.872
-136.939
-35.4
-20.7626
-81.9273
62.1498
-156.999
-103.522
16.6867
-250.623
-13.3647
-176.176
-109.798
62.6501
-108.763
-74.1202
-77.7609
-39.5976
-135.668
-191.824
-191.824
-113.863
43.6629
-28.0317
-201.654
-65.6247
-152.054
-152.054
295.415
14.5056
-63.6194
-117.297
-117.297
-87.0545
-276.932
-24.6001
-33.7142
-305.374
-139.359
-28.951
-61.491
-49.2556
-137.14
-137.14
152.558
6.29549
24.6082
-12.4726
66.7441
-47.4758
47.2319
-140.143
-128.872
-95.8954
-1.2538
-64.2922
-348.018
-348.018
-33.4729
-28.5067
-79.5728
-211.32
-23.652
-43.03
-69.3987
23.4094
-75.3448
-130.04
12.4942
-47.0432
-45.4291
-59.6207
-59.6207
-8.35512
-134.807
-13.0315
-177.47
-8.41341
-339.829
75.0669
-91.2381
-53.3491
-156.067
28.9553
-46.8242
33.7409
-57.9279
-57.9279
12.2447
19.7068
70.7958
-47.7331
-44.5997
-48.9828
-40.0913
-40.0913
-69.805
9.83718
253.329
-48.8648
59.1142
-127.547
75.6335
95.0666
-16.4249
150.033
-114.957
27.8903
77.1716
-183.435
48.3271
-139.236
-25.7422
-68.5383
-52.7921
12.0632
-158.755
-16.0948
-150.149
-74.585
-135.087
-59.7895
143.817
-137.829
-147.707
-257.206
-42.1645
-11.5197
28.9988
-11.7929
34.3793
17.705
-209.849
-79.6942
42.0399
-326.818
-258.115
-50.1575
-39.3538
-81.3669
7.07822
16.885
17.8834
50.7909
35.0824
127.277
127.277
-201.837
59.3097
-83.4655
90.9034
-91.0439
-91.0439
-13.7918
-68.236
-31.3313
-96.0891
-66.6048
109.353
-58.5792
66.0082
294.679
-43.1167
-199.366
84.6245
84.6245
84.6245
-126.263
48.4785
321.794
0.351244
21.9379
45.7803
-164.103
34.7534
59.5356
53.9156
-343.188
-206.577
-81.3987
-37.306
-17.9355
-88.5161
-154.612
-159.844
-93.2814
-61.8222
-101.102
279.579
72.6799
-87.6976
-57.4236
-9.22135
17.5609
27.1604
278.288
-75.8579
-8.56334
-26.3253
-64.4001
-52.024
-57.2548
-110.79
-25.9404
-271.944
-50.0764
32.498
-77.5289
-41.6364
-16.073
-173.875
-173.875
-43.9851
-101.731
-64.8486
91.7682
287.982
-24.1063
-123.909
45.7051
-82.322
-105.591
-75.6758
-11.7076
-137.995
89.3232
249.043
-58.1965
-58.1965
-140.949
-140.949
299.914
-28.9289
69.309
-225.457
-61.6696
-4.76515
-144.359
-85.6833
-173.881
-54.9324
326.179
-31.8618
-107.484
-104.117
32.6628
-25.7664
25.0095
-237.992
-96.4849
-96.4849
-104.341
69.6353
92.4123
14.0492
-65.8671
262.118
-99.4816
-89.2947
-9.26071
39.3565
143.863
86.9231
-39.7149
-27.1222
-16.3652
-141.834
-96.8567
132.306
-41.0407
-80.4262
-36.1942
27.976
-217.158
9.28811
-181.072
25.0437
-211.638
85.3048
-39.4643
-129.571
58.7365
-38.6889
33.4325
-103.687
-116.211
32.2289
-42.6669
-14.1071
-62.7495
-70.9989
-127.627
-16.9381
3.05775
-77.7564
-159.884
-24.3029
-81.6546
65.9312
-25.3073
-131.92
-73.0341
-252.954
145.581
-68.3505
268.09
-57.5042
61.5391
49.6543
-99.6537
-47.9578
-47.9955
60.7224
103.351
53.7887
-64.3592
27.9045
45.537
-169.48
-148.135
-167.571
35.3489
229.231
-28.2687
15.8917
-8.96991
-86.4527
176.35
176.35
-16.5439
-251.451
51.4117
-45.6552
-90.2054
-5.46479
34.9108
-22.2017
21.2279
-71.0096
-65.7278
45.4471
-96.8527
-78.2669
-85.4071
43.1032
-40.3986
-140.301
22.1383
-38.2961
-123.353
13.9741
-32.0273
-32.0273
-70.0279
-192.721
82.3385
-45.2827
89.978
-46.5075
-8.58026
-299.771
193.816
193.816
-65.2519
-139.577
81.6786
-229.678
-75.473
11.1749
-168.267
-185.359
-10.7517
11.9227
-65.8619
-224.572
67.1024
-6.27352
20.3939
20.3939
-113.555
-249.977
-31.9775
-101.445
-0.84097
60.2574
31.9633
-185.137
-46.5909
11.4102
-12.79
60.8354
50.3835
15.3417
-73.3898
-251.82
-251.82
-21.3475
-238.947
37.6473
-51.0461
-209.067
-93.5018
-65.8934
-56.1337
-140.53
-11.4477
-94.633
-57.9963
49.6025
-34.6512
-117.314
-61.1457
-39.1714
-173.221
-83.0602
309.067
31.0517
-69.8261
-58.8116
-156.137
154.254
-61.7643
-179.909
-58.2201
65.3529
-82.5948
-123.331
-79.5912
-79.57
-57.7359
-22.9286
-53.4314
-53.4314
18.0697
-55.0365
-55.0365
-182.306
-59.3379
-31.8163
-121.208
14.3569
-103.755
-67.3735
118.687
-40.2479
-93.7958
305.629
-18.5203
62.8183
-33.1579
-45.1744
-21.6347
97.2996
-60.4591
-60.4591
345.774
-167.923
-220.623
-39.0971
-265.399
-90.4965
-12.3655
5.31457
-338.437
-23.2511
-266.136
-60.5206
56.1822
2.93278
4.78285
-98.6882
4.48553
209.095
-55.4575
-54.4213
-146.767
-114.968
-114.968
-116.587
-116.587
35.7122
-306.948
-13.2941
90.3926
-52.3762
-12.8246
-80.1113
-54.4319
-206.983
-101.994
-220.118
-91.0916
70.5867
-11.2397
38.4728
-72.2107
-24.3199
-52.99
-121.745
-56.7686
-12.1724
-14.4858
-45.0708
15.0111
56.609
-42.2959
-158.525
-74.1161
-37.2953
-26.9499
-18.4008
29.7524
11.7495
-8.46882
-52.0213
-300.755
-300.755
-114.9
-82.0704
-82.0704
-145.344
-128.835
-43.6196
-50.8376
-50.8376
-46.4145
-46.4145
-115.13
-115.13
72.9452
-59.9275
-19.542
-78.0428
47.9828
38.5126
49.8885
16.2331
16.2331
-70.5988
-125.734
-8.26524
-8.26524
-153.077
-153.077
-234.859
-234.859
47.5113
47.5113
-240.084
-240.084
326.03
-144.164
-144.164
15.0439
15.0439
-167.714
-92.928
-92.928
-194.894
-74.181
-39.4983
133.452
-78.1787
-145.215
-65.5323
31.9213
-38.8395
-60.1785
-80.8369
-298.151
-62.3565
-60.0142
-153.575
-153.575
-159.684
-48.9531
196.005
9.91393
-83.3831
-106.6
-217.744
210.296
-209.295
-9.9729
332.795
-23.2284
-94.9799
-27.0883
-167.09
-87.4398
-19.0608
-110.849
-82.4233
-22.2491
114.642
-49.2579
70.6779
-36.5067
21.3692
35.504
25.4776
-198.736
-198.736
-211.717
-211.717
-158.339
303.392
-200.456
-79.176
27.0676
-12.9882
22.3831
155.584
155.584
-103.833
50.6744
-222.718
-222.718
-144.812
-74.8542
-74.5783
-192.867
62.1507
-43.0523
-5.70241
-25.5712
51.3808
-9.30188
49.3065
-115.821
-5.86029
49.5854
-82.0668
121.737
-137.223
-109.979
-18.2993
-18.2993
151.847
-196.447
22.5955
-94.515
96.2257
-7.51078
-9.2508
-21.2698
-260.58
-89.5657
-45.7514
-70.8102
-34.0446
-233.736
-15.4675
-148.686
3.41237
-80.6687
-244.805
2.17941
-48.7907
-332.753
-193.97
141.311
159.761
159.768
-15.4989
-65.7751
-41.4344
-33.9631
-229.32
-41.9463
33.12
111.323
22.673
-99.3177
-99.3177
-58.8652
-159.059
-182.559
-40.7305
-30.8831
91.4809
-166.14
-37.0537
-37.0537
-94.6474
6.46296
-140.434
-45.9954
-133.729
8.42864
203.526
50.1995
-28.5792
-16.1405
-148.095
-96.902
-42.9011
-102.264
27.9405
-252.672
-92.5072
-45.3328
297.807
59.5461
93.3569
-76.6969
-127.461
-27.2891
-91.074
90.6648
-74.4149
-146.213
29.1357
-194.041
-197.723
93.2045
-153.521
-189.455
-69.4626
4.08997
-344.942
49.5919
-56.7391
-120.432
79.5381
53.8052
-207.822
-61.9109
-61.9109
-118.85
-81.8649
-12.8032
-37.99
-58.7804
168.87
-324.701
180.189
-84.8466
-116.328
-116.328
-77.8947
-67.2655
-59.8819
-207.908
68.6138
119.697
-25.8187
-55.8907
-237.268
-348.639
-213.069
81.5759
68.5674
-315.982
9.87824
-50.5273
-61.7201
-38.8065
60.8781
70.2319
-121.62
20.6569
-216.173
-49.6599
-55.8622
-110.963
-56.4629
-88.3535
-18.3467
-41.8442
-4.87323
11.7599
-208.457
-233.276
176.441
12.3412
-91.4615
-31.0982
-124.628
223.656
-154.912
50.2286
-89.0749
-89.0749
7.8925
-34.9656
64.1509
20.4587
-108.099
-90.3198
-22.2508
46.4827
-94.4218
-94.4218
22.0082
-60.0778
-284.191
-63.4141
32.0804
-116.243
-43.7912
-142.209
-61.8058
-183.828
24.7117
-68.9092
-68.2253
-56.1592
16.4792
94.7887
94.7887
45.635
-50.9708
-140.698
-58.9726
65.3853
-109.778
-87.9664
-156.419
48.9047
48.9047
32.4489
-93.9775
147.111
-37.9183
-104.113
-71.5566
-25.5918
-25.5918
35.2696
-316.134
-51.1608
-182.876
-32.9452
-239.182
-19.3745
36.2254
-84.7357
-2.33583
-55.7897
-97.1032
-77.7891
-77.7891
-210.481
-126.507
20.2867
-116.376
-79.6057
-119.373
-25.7641
-114.554
-81.6632
-25.6987
40.6518
-81.8891
-120.517
-117.721
-65.02
-49.2391
7.85293
-120.776
115.43
31.2967
-33.5118
26.6557
-117.701
23.7113
-38.2729
-36.4214
326.54
-95.0189
-211.692
-107.6
-24.2548
95.3785
33.5782
-69.1372
-87.4053
12.3463
12.7617
-48.0969
-37.1707
21.8531
-4.00776
-81.5037
28.322
90.8479
-95.0552
-89.8708
29.1475
29.1475
-23.6606
83.9808
-75.7535
-90.1264
51.5999
52.9893
1.09094
-39.6748
-37.1778
8.22796
74.2696
-55.7642
43.1136
-190.803
-47.9831
-186.024
-148.692
-235.536
-115.355
-48.094
-100.679
-40.163
-114.753
-56.9782
100.574
-5.22185
-168.879
-56.3594
-44.3745
-21.7239
-39.1903
62.0854
158.308
-251.513
-86.7463
-127.365
-143.206
90.202
-45.0538
268.889
-2.59358
-2.59358
71.9323
22.3783
-150.311
37.0311
-44.6661
-8.64092
-105.477
-105.477
-47.2486
16.9584
-152.79
-84.5281
-72.3965
-117.505
-326.518
-77.066
214.989
325.85
-39.5892
-351.739
-91.6369
-87.1566
-216.093
-26.6852
55.2823
56.5628
-123.904
-177.102
130.167
-158.21
81.318
67.9871
-16.0629
-118.8
-22.9994
-345.308
-38.2738
-98.235
17.3158
-39.7593
32.177
-27.6031
-211.93
-133.277
-133.277
-35.3321
168.053
168.053
-45.1427
19.9726
-46.708
27.9117
-93.9113
-119.263
-221.578
-114.682
-147.033
67.3088
-95.3386
-13.507
-32.0031
-183.811
-71.1501
-79.6062
53.6579
44.1999
44.8659
-46.7947
-202.025
-147.312
33.1766
-9.64637
-104.982
58.4771
-88.5635
69.1194
-59.2449
346.421
-234.544
-68.3897
-65.7329
-258.557
330.497
-54.5979
-55.4017
-85.8408
219.996
36.5817
-42.3062
99.3572
-52.3901
-340.223
327.744
-164.216
-347.668
-347.668
-97.4397
81.2804
-180.549
106.833
7.29248
7.29248
18.2728
18.2728
-61.9899
129.276
129.276
-113.307
27.7481
27.7481
183.484
50.2055
59.3549
-43.0807
25.5275
-58.273
21.0212
74.8384
197.655
-17.9412
-98.6678
-68.6164
90.9264
80.6863
28.751
-19.3678
24.2093
-56.2714
-176.115
-13.5273
-35.6951
-74.0232
-74.0232
-161.919
-203.616
55.2274
-148.086
281.181
-324.27
-68.2036
-12.7998
-204.825
-117.072
55.8354
99.3449
13.1543
5.77237
-47.5668
-36.8815
18.0443
-72.0976
-85.1262
271.599
64.4504
-286.091
-286.091
-29.9979
27.1123
56.8329
228.418
-49.2358
-86.83
338.811
-39.6423
-39.6423
66.2483
238.699
238.699
11.9853
-137.673
-96.1943
-118.335
-71.1796
-68.5111
92.372
7.35357
-288.856
-246.883
335.245
-72.6107
30.4141
-65.2813
308.053
-97.9229
-60.6748
32.9999
-225.229
-135.597
-40.767
-82.4073
-82.4073
-59.4717
-60.8439
-46.5716
292.459
-73.7211
152.499
-52.4573
33.1369
-132.798
-132.798
-56.7513
-84.7474
-101.948
-83.6658
-83.6658
-116.594
39.8143
4.90601
66.1444
55.9382
218.753
53.8774
-121.215
61.4922
-123.571
23.0819
-63.0898
-96.4417
35.7047
-152.269
-50.2118
14.8062
-15.5332
-143.064
-12.3594
-169.858
-16.4134
58.4199
85.3169
345.908
-351.09
-239.717
52.2625
-199.785
-5.48216
246.495
24.0108
-296.927
-119.549
-128.041
58.1627
-46.3858
-75.1082
-126.091
19.2744
19.2744
10.5077
-113.802
-146.732
4.23234
30.9842
30.9842
47.5298
-232.05
50.7358
-23.3625
28.8226
-29.7839
-269.002
-309.221
-18.4835
16.0617
-54.2798
-46.4181
-60.9895
-347.435
-32.7038
-31.7724
-82.491
-64.6213
-123.77
-91.6679
87.3228
-11.3055
-124.16
-312.066
-39.4731
-41.691
-41.691
72.9327
308.993
49.3549
-19.5487
-309.28
-309.28
97.9696
-13.5651
-102.781
-174.213
-154.24
-41.071
250.031
-92.9631
26.2288
-59.6486
101.722
-269.907
94.9254
-139.705
-31.1783
-336.016
-46.8272
-91.392
-30.2386
-24.4131
-140.448
-48.5667
-80.4218
-37.8984
-124.423
-109.142
-76.5569
-137.93
-199.178
-51.494
-51.494
101.877
35.0473
12.5569
-39.7016
-235.316
-22.7031
91.6835
-48.1323
-90.2192
12.8052
-88.3903
-104.005
-106.615
-53.4199
107.223
105.354
105.354
-63.6852
-43.1387
-111.863
-52.9188
-70.9769
-70.9769
-69.3706
-69.3706
-12.0729
-145.853
139.417
16.802
-76.0316
-76.0316
-155.215
8.15459
-147.516
-178.915
-40.391
-40.5715
-98.9621
-98.9621
14.8146
-283.44
8.49374
-130.616
-68.4768
-68.4768
-201.295
199.547
-92.6358
-150.786
171.886
-47.2734
-42.175
-82.3295
-318.619
64.818
213.184
-177.435
-137.329
-199.98
-199.98
-198.154
-80.7321
-117.375
-136.625
20.1831
-27.1406
-83.5244
-271.934
-79.8659
-239.618
43.0864
68.2175
-19.6574
58.5803
-66.6237
8.35374
286.783
-176.909
-11.5753
-141.293
-136.246
-96.8252
-50.7809
23.5285
-79.9588
-17.1005
65.5981
63.0031
145.001
-69.4633
89.2176
332.881
-237.55
-98.0597
117.074
117.074
-242.836
-58.0863
-16.1916
-32.6923
-43.7172
-19.6731
145.965
-56.1111
148.294
-45.2243
-71.3762
-170.585
-184.989
-117.994
-18.5628
-43.9666
26.858
-74.5104
53.3606
138.398
179.468
-111.619
68.7946
-6.78781
-15.7214
32.9635
-228.34
119.192
-154.421
168.588
50.123
-190.717
64.183
-98.848
-124.669
-6.52571
-248.432
63.4602
-165.668
-70.4018
324.978
-71.4475
20.0665
-78.679
-142.423
-142.423
-20.3697
-105.538
-59.6401
-28.9507
-100.211
53.5128
-75.4134
11.0608
-91.9397
-82.2687
161.378
-27.9165
-52.0623
-52.0623
-16.3981
194.935
48.4578
114.342
35.7817
-206.18
-140.127
-83.5645
-172.749
45.3246
-116.223
-71.7564
-168.428
313.191
50.7148
254.269
-174.16
-174.16
25.9856
-38.526
-114.184
-235.388
85.9113
-0.840138
24.6488
-129.906
-257.384
-50.9055
50.7417
-17.9476
-65.769
24.2661
-137.102
-137.102
142.223
-112.525
-112.525
-123.553
-123.553
120.973
43.3963
-139.891
42.1489
180.451
-106.427
29.6996
-208.511
-39.7616
-185.397
25.94
52.2236
-165.758
51.8515
-63.3205
-103.408
-106.878
81.2511
-126.74
-126.74
-18.9714
-30.0291
34.529
-29.6112
-97.6293
-44.8652
-57.6888
-36.1383
-123.686
-56.238
-191.513
31.5889
-301.76
-105.097
315.75
1.7871
-63.7283
-46.396
-46.396
16.0698
-180.259
-47.3076
-47.3076
-19.1486
-156.731
-70.8195
-34.6532
311.696
35.3524
134.925
87.318
-196.942
-38.2214
65.3605
-45.3076
-45.4965
-71.3334
-161.048
-189.947
148.808
52.8582
-94.5445
-16.043
-16.9139
-148.312
-26.0207
-307.71
-307.71
-49.0328
102.408
-144.12
-26.9828
-96.1142
5.77062
-23.8617
-48.445
-69.6025
-9.53494
-57.0256
180.941
-41.4765
-94.8656
0.893627
-16.4634
333.497
-7.50752
-7.85071
-72.7979
-66.3634
138.329
-117.049
-35.9301
-21.9944
30.6319
-45.3184
302.991
-78.0321
-13.4027
-50.7653
272.971
-156.329
-9.07418
5.55225
-350.6
342.662
-46.9456
-60.7005
-54.6697
-282.541
63.0627
-49.7486
-134.271
41.0109
-133.385
-67.6189
-67.6189
58.1498
-118.925
-190.908
-130.978
-152.886
-120.817
-120.817
-118.697
-122.898
-226.761
-53.2478
-58.1125
30.3644
-35.5125
-350.673
-17.2866
-106.611
268.472
37.0178
-81.5692
-20.665
-126.978
-60.9041
-37.4532
116.884
-141.762
350.009
-342.097
26.6806
62.4531
-234.847
-53.1393
-210.513
-147.945
-136.751
-92.339
-88.8298
-52.191
-52.191
38.4376
9.35629
28.1225
-155.858
23.4957
-30.8584
33.0837
-72.0932
-240.504
-31.4855
-80.5605
-59.069
-63.9298
-69.6076
-120.046
293.804
293.804
-136.249
-67.5612
-114.101
-130.879
20.3916
-21.8914
-103.623
-6.52845
-58.2255
-13.9723
-32.7757
14.3356
-28.514
-148.407
-21.5695
-21.5695
-19.0807
