222.744
344.174
52.6615
52.6615
105.371
108.163
108.163
341.98
434.998
276.197
404.461
256.014
53.8178
265.831
231.616
193.949
193.949
180.729
312.015
312.015
460.171
292.332
260.279
197.747
435.369
156.594
216.671
328.497
318.112
318.112
56.4036
411.367
289.67
76.6299
408.18
552.381
308.674
261.019
226.092
226.092
139.71
332.973
355.4
422.374
165.849
112.361
112.361
451.728
256.602
109.872
109.872
291.384
240.612
339.856
242.123
310.376
60.3248
302.221
163.9
199.796
404.867
189.822
324.769
32.5364
431.655
316.684
443.408
411.101
52.0814
103.696
208.399
208.399
228.527
206.566
206.566
33.3882
98.8161
402.643
260.37
260.37
71.303
323.875
265.582
302.934
303.202
303.202
110.959
186.405
186.405
325.153
425.192
319.286
295.634
295.634
272.128
272.128
137.338
222.085
124.968
69.5464
69.5464
418.011
294.226
328.724
300.068
298.919
156.338
156.338
260.603
46.4325
239.344
93.1935
161.394
39.9318
310.894
402.007
317.691
328.089
328.089
63.4058
113.249
267.483
259.475
319.294
319.294
37.861
104.799
362.355
48.14
33.3713
98.8013
337.973
410.666
405.754
256.879
144.005
282.34
368.899
418.583
271.753
509.827
39.8406
91.9974
39.2795
39.2795
88.9708
88.9725
42.4248
262.528
185.691
70.5052
228.55
92.0999
432.539
227.899
249.915
249.915
530.322
248.108
60.2187
253.065
81.9886
81.9886
415.748
223.741
310.804
495.775
125.451
31.6848
78.6674
201.904
201.904
96.349
178.974
424.669
88.2207
248.944
248.944
210.475
147.885
432.146
252.265
376.641
361.055
283.134
283.134
175.34
175.34
381.753
92.7672
368.282
56.9319
312.112
152.2
96.7339
96.7339
404.399
140.545
110.848
157.731
121.102
121.102
84.6428
84.9318
252.583
186.518
160.354
121.552
121.552
349.685
91.3146
341.285
116.332
87.7794
412.03
373.832
322.786
90.7227
63.2283
100.712
77.5716
386.032
398.564
359.233
490.814
490.814
191.344
240.745
243.17
130.287
130.287
448.996
303.415
154.314
154.314
142.482
494.571
108.85
111.266
372.091
314.86
201.119
247.227
247.227
247.227
65.2577
286.024
391.421
293.972
158.896
332.945
223.719
354.209
139.758
63.7723
43.0401
258.03
362.789
449.449
56.1987
344.131
495.206
280.249
299.167
318.536
73.7319
150.091
221.993
170.169
308.856
308.856
194.635
194.635
241.415
291.156
210.122
414.98
224.316
262.531
305.751
71.5289
154.175
154.175
509.186
215.621
215.621
357.153
60.4588
56.9879
170.397
179.333
158.821
184.083
346.054
356.821
297.703
94.9303
134.312
252.223
301.128
355.928
126.964
274.104
438.593
315.021
169.622
169.622
314.567
30.0178
435.581
435.581
327.021
69.5546
224.398
79.3454
311.428
370.958
359.131
359.131
346.798
380.064
75.141
286.13
73.9411
326.004
326.004
134.18
234.139
111.862
339.909
200.553
327.05
290.062
325.487
124.733
364.642
34.4308
364.642
68.4415
155.693
123.74
123.258
124.701
224.494
187.608
330.358
143.698
89.4344
32.7544
32.7544
81.5034
134.021
279.987
57.8247
175.841
106.79
269.743
178.179
160.968
156.991
204.315
452.901
34.9832
342.205
251.77
76.6659
458.578
67.9514
182.76
430.525
81.6077
314.897
343.278
212.519
396.247
349.498
318.126
35.4025
86.2496
86.2496
328.465
142.993
142.993
260.163
49.515
49.515
116.266
303.551
98.158
98.158
48.1644
356.333
294.783
377.259
100.302
334.158
261.073
451.842
93.6111
36.2516
305.681
305.681
287.718
379.346
379.346
111.464
164.787
306.922
74.7048
226.527
188.259
188.259
250.645
569.781
47.5345
420.605
349.105
349.105
435.619
197.956
250.298
218.063
559.569
559.569
241.421
412.358
74.9041
74.9041
355.554
249.717
180.666
249.147
293.011
43.6388
45.2481
92.1398
92.1398
177.874
337.242
108.547
210.779
309.72
309.72
346.695
170.847
192.413
359.022
366.442
301.374
171.438
372.116
255.744
200.527
247.878
115.718
296.242
170.012
306.725
144.926
256.804
40.6335
257.896
52.2917
285.82
101.68
101.68
259.127
173.725
543.252
164.617
164.617
82.3687
269.735
76.5964
172.283
351.672
264.044
86.7515
273.151
223.719
283.284
331.239
192.284
258.891
523.598
228.094
340.065
33.1875
96.0078
247.869
262.748
101.074
128.801
95.1218
95.1218
358.698
333.189
293.108
293.101
61.9344
313.413
262.969
191.689
279.865
152.996
152.996
308.001
308.006
63.0211
288.267
318.546
189.016
189.016
353.937
353.937
427.683
427.683
229.541
209.074
81.412
71.0292
186.909
170.694
353.513
79.5885
401.792
76.4616
38.0308
78.6974
78.6974
361.268
66.9499
251.479
243.382
363.075
422.094
422.094
164.061
199.704
397.905
141.059
201.409
201.409
44.339
540.164
540.164
34.0729
62.379
367.147
53.9649
150.042
366.476
236.249
507.459
507.459
63.8563
63.8563
88.8958
46.4181
46.4181
96.8114
96.8114
457.69
190.13
190.13
66.5217
341.182
180.358
349.465
431.998
221.11
373.112
32.3342
234.815
328.789
216.011
100.633
100.633
64.4479
501.629
64.8784
122.757
169.678
343.187
298.107
298.107
196.199
278.149
316.415
247.512
347.308
410.676
506.983
392.45
97.4443
449.175
267.515
68.6029
110.312
54.181
54.181
368.949
195.39
265.243
445.327
445.327
393.53
371.88
166.778
88.4242
349.251
276.296
389.319
400.96
400.96
322.249
302.015
245.949
411.638
36.2315
234.504
149.048
49.5188
221.482
230.698
250.671
42.1439
42.1439
309.798
251.625
115.202
393.479
132.568
30.3347
453.123
407.407
263.097
419.142
130.878
40.2417
40.2417
344.139
126.512
293.087
293.087
361.239
361.239
216.294
237.543
416.78
396.339
124.214
124.214
137.538
459.749
60.5642
225.285
439.226
309.85
243.275
290.819
260.182
260.182
58.2282
415.105
285.439
309.52
272.274
83.4735
263.359
329.138
247.065
495.289
119.65
433.528
66.4077
142.016
294.843
30.0962
255.134
212.501
421.395
351.999
194.705
194.705
295.902
295.902
391.223
264.952
95.422
155.056
418.561
270.986
270.127
86.8908
127.369
197.53
69.5343
109.926
132.784
449.376
62.7672
243.981
46.8306
328.637
328.637
250.207
112.467
312.295
312.295
201.725
404.144
436.795
200.289
200.289
252.185
167.94
402.07
474.95
474.95
114.977
210.395
436.501
208.516
405.366
252.847
252.847
279.863
48.1933
137.712
247.117
182.416
364.217
355.843
355.843
252.497
272.442
423.975
548.258
360.675
264.322
264.322
375.387
61.5046
273.019
273.019
266.507
266.692
393.021
57.5231
57.5231
216.088
187.193
511.317
352.237
166.485
166.485
166.485
412.306
395.517
97.6581
97.6581
403.821
329.318
142.948
142.948
193.978
262.55
69.2265
356.046
262.253
439.833
308.367
251.967
252.806
306.87
306.134
364.902
97.2314
135.936
484.077
159.472
159.472
312.867
427.737
480.244
397.122
148.841
100.518
305.305
305.305
99.1814
135.66
156.515
282.578
93.7389
93.7389
320.192
320.192
446.817
208.18
124.741
426.863
54.6173
80.6997
71.0204
142.991
142.991
142.991
345.008
396.417
166.155
55.822
55.822
55.822
99.5662
99.5662
229.477
40.2782
261.205
224.116
372.027
146.6
307.595
324.527
379.44
64.0428
64.0428
163.272
108.427
241.556
241.556
182.309
67.5726
33.8511
279.552
363.537
361.53
46.2186
420.466
156.58
317.778
317.778
271.513
271.513
276.779
379.765
385.805
177.512
236.982
460.754
460.754
428.296
486.369
486.369
438.065
134.839
355.06
386.861
425.467
244.8
389.091
186.552
186.552
246.729
358.968
323.219
47.6222
32.3934
32.3934
120.44
120.44
87.1551
429.294
429.294
284.244
291.148
80.5656
238.152
65.535
65.535
290.731
282.13
282.13
293.668
312.078
79.2548
79.2548
150.447
223.111
182.423
307.276
391.04
318.405
318.405
110.792
352.241
184.267
389.527
389.527
192.265
361.611
138.589
138.589
291.627
66.0516
241.445
181.718
109.26
159.213
312.79
292.062
103.608
103.608
90.9648
89.6505
121.455
121.455
64.9312
328.586
424.382
439.149
56.5413
370.652
415.864
46.3039
516.554
202.21
365.541
45.0738
296.716
252.899
90.4121
90.4121
386.874
106.292
382.922
536.133
400.233
464.975
298.395
291.171
104.515
340.97
511.514
215.725
450.815
191.724
191.724
181.329
307.612
343.204
254.276
311.06
121.296
121.296
116.588
123.062
456.505
207.22
349.318
349.318
221.268
221.268
221.268
33.5086
33.5086
311.32
286.332
215.319
262.419
77.3149
77.3149
77.3149
357.22
357.22
382.869
46.593
313.978
76.2765
358.542
344.188
193.737
128.106
33.3134
411.444
414.421
141.214
44.4661
246.737
505.249
363.727
69.4249
284.425
304.979
173.954
173.954
243.127
243.127
45.8914
57.3528
384.603
145.284
127.185
344.73
248.199
447.332
74.4892
308.315
91.1497
157.157
356.242
173.47
43.4249
481.543
439.794
518.553
436.202
242.072
559.638
366.186
343.284
35.3336
35.3336
186.204
373.573
435.753
83.1539
162.42
162.42
130.75
376.498
67.6746
56.9697
162.455
361.762
416.587
97.9758
131.87
253.992
270.81
287.034
109.05
231.086
94.3801
273.31
273.31
162.054
275.035
275.035
440.892
212.107
93.7656
93.7656
32.3433
459.476
293.966
373.713
51.7994
566.902
399.855
492.32
492.32
86.8471
362.166
362.166
147.917
216.897
352.486
457.385
373.956
57.9396
175.14
97.1431
126.033
358.526
72.3182
379.169
415.339
305.002
305.002
61.8418
327.431
327.431
373.736
326.283
85.5406
273.583
63.6262
101.872
101.872
330.702
390.035
351.549
220.055
247.138
247.138
286.037
249.818
339.959
157.928
322.598
97.0745
97.0745
211.79
211.594
172.189
119.604
273.781
97.5949
97.5949
86.289
60.2332
285.426
177.26
379.985
379.985
419.541
100.292
539.112
82.2467
260.633
96.7432
197.375
197.375
280.826
443.039
267.127
216.398
270.065
310.599
228.576
302.313
383.515
397.14
178.668
178.668
248.558
512.619
171.042
388.048
429.763
44.7047
44.7047
231.88
69.8847
277.448
235.858
235.858
310.829
72.5132
517.314
77.6136
77.6136
121.328
121.328
331.151
139.195
215.922
51.0662
329.631
363.764
207.774
207.774
35.8911
115.381
115.381
159.79
159.79
304.566
411.971
59.2597
157.838
540.864
118.78
314.169
151.796
315.556
315.556
479.802
353.215
128.943
353.225
353.225
341.389
205.553
308.29
238.767
238.767
364.73
71.605
261.073
44.7124
151.973
313.449
313.449
231.499
102.97
403.569
334.703
115.311
115.311
71.8397
377.345
476.246
193.06
288.87
288.87
292.774
424.362
502.538
157.389
157.389
300.588
91.1179
70.6911
70.6911
375.824
266.235
347.456
257.904
410.916
325.392
248.777
421.677
375.558
197.337
240.183
223.54
307.61
427.646
272.131
272.131
216.598
172.654
244.175
380.644
380.569
103.249
314.175
512.042
55.0163
261.122
436.729
120.606
385.541
368.467
221.236
221.236
47.1076
44.9042
357.872
90.1964
90.1964
245.711
217.026
217.026
162.257
162.257
69.7515
89.6956
528.166
528.166
294.586
235.303
435.797
435.056
395.319
439.501
124.121
124.121
535.925
392.104
392.104
433.171
252.931
349.923
435.223
394.209
394.209
30.6158
330.699
330.699
330.699
162.353
162.353
396.899
182.069
349.25
114.91
95.3041
294.35
535.51
535.51
431.644
434.266
137.058
245.574
382.398
321.048
366.601
127.505
127.505
311.505
311.505
35.889
35.889
490.88
287.435
266.127
266.127
140.266
370.134
365.958
415.873
82.4392
82.4392
394.012
452.68
330.238
338.515
375.576
35.2525
346.995
324.821
77.2281
312.214
312.214
115.034
374.266
271.074
128.618
304.189
212.397
404.968
123.541
159.498
200.712
385.623
385.623
177.954
116.438
116.438
248.008
239.801
412.134
139.943
32.7204
32.7204
308.869
188.594
371.778
97.0325
321.845
203.857
401.733
36.8244
224.847
34.1348
277.549
69.872
69.872
225.705
468.303
50.2171
377.228
392.55
472.47
161.745
259.567
119.962
483.52
425.575
290.62
228.528
73.935
73.935
228.281
254.921
254.921
400.821
282.532
32.5705
32.5705
309.564
91.629
91.629
92.813
92.813
307.158
118.007
365.057
287.582
121.1
121.1
55.1558
190.386
32.0319
395.866
284.821
347.544
357.837
438.611
264.941
189.828
271.799
189.045
75.9663
124.71
251.942
320.714
364.053
241.856
241.856
188.01
294.044
385.352
290.319
289.1
31.9259
339.291
35.7714
35.7714
92.2379
137.223
464.483
261.668
257.444
64.2882
367.1
367.1
219.184
405.709
249.81
65.1262
319.539
351.499
416.901
223.999
412.928
89.947
157.193
424.828
422.711
164.966
439.604
126.337
394.157
168.725
433.411
206.815
119.245
254.217
206.127
206.127
246.904
268.122
242.283
163.506
43.504
43.504
125.073
227.535
227.535
136.243
340.001
195.497
370.19
62.8017
172.783
172.783
348.817
287.002
430.507
65.0482
226.91
220.176
52.7164
205.03
147.251
344.183
344.183
148.155
146.786
146.786
208.538
363.18
382.195
136.918
167.884
395.008
336.392
265.358
259.717
360.96
416.447
372.479
372.479
100.237
33.8431
33.8431
327.219
327.219
473.558
365.634
282.696
337.803
135.237
113.488
303.177
107.134
499.896
269.007
362.926
303.318
350.677
334.745
334.745
137.844
416.572
416.572
324.554
258.462
311.128
283.254
283.254
42.8718
338.612
350.969
321.032
169.375
169.375
41.8781
108.03
175.797
188.508
277.572
138.38
400.777
400.777
266.033
287.316
90.6967
31.0902
103.462
165.729
131.222
452.078
92.4454
119.109
376.83
273.54
273.54
99.8544
159.327
214.013
214.013
145.081
472.317
274.786
354.624
354.624
54.7389
228.327
384.18
224.541
453.442
270.43
270.43
471.912
172.024
500.031
128.822
368.694
341.886
300.674
179.876
425.673
381.764
415.009
311.496
311.496
346.282
97.9194
218.353
338.99
176.278
174.897
249.702
49.6947
400.631
444.639
444.639
444.639
298.056
167.288
123.45
180.719
252.522
378.681
139.066
106.165
104.281
365.828
310.403
156.953
368.676
368.676
258.693
258.693
147.587
77.4926
390.175
204.084
188.369
74.7423
149.136
44.3344
99.5181
90.4151
108.901
223.575
36.2875
288.377
261.26
155.321
49.7831
330.52
91.6779
30.6844
96.1731
96.1731
444.462
42.3952
42.3952
236.252
501.585
449.559
421.432
375.614
375.614
375.614
250.961
263.155
363.632
293.358
292.625
143.033
458.423
332.203
124.272
141.894
70.2707
172.657
200.224
194.88
128.787
135.692
296.396
73.3915
112.134
94.6506
94.6506
65.6624
152.364
217.107
390.704
72.5852
264.477
187.706
132.359
178.926
284.007
416.735
416.735
181.251
462.41
249
140.431
98.7478
98.7478
442.25
207.858
207.858
324.419
324.419
54.5867
110.149
284.352
329.863
329.863
180.329
361.193
376.35
439.268
113.07
125.111
263.24
263.24
228.14
228.14
270.405
309.741
309.741
209.663
303.254
455.732
134.507
134.507
123.981
138.497
510.633
47.1825
47.1825
90.8773
292.161
300.602
300.602
323.805
143.41
143.41
223.319
135.951
76.3247
76.3247
218.272
203.186
301.521
327.651
375.008
184.526
289.313
401.136
122.096
122.096
205.11
477.095
165.867
418.359
253.018
349.729
282.614
282.614
282.614
62.3507
370.405
488.738
427.677
37.7654
312.385
137.711
137.711
401.382
371.442
472.14
467.084
467.084
50.2957
50.2957
33.7832
251.527
188.041
415.267
286.823
298.872
253.262
398.08
338.244
268.002
170.991
481.801
337.166
224.834
224.834
151.657
434.235
105.654
162.191
162.191
52.6779
52.6779
358.226
188.506
188.506
188.506
203.905
277.085
122.792
122.792
452.782
135.04
92.4525
277.846
342.486
359.503
359.503
232.366
97.1652
351.234
457.208
186.341
88.5648
319.089
468.77
294.153
214.077
307.819
188.267
358.144
358.144
387.202
337.229
234.505
100.331
188.555
232.356
207.757
354.833
311.643
253.581
255.301
255.301
284.084
277.101
308.148
130.16
106.889
277.881
77.8197
289.421
187.608
187.608
52.0247
30.1725
30.1725
89.0135
107.208
259.332
300.573
80.7369
444.504
354.621
78.2672
78.2672
146.955
508.548
388.14
457.909
196.963
126.767
474.635
83.6929
36.7864
36.7864
322.585
146.741
78.4156
292.01
571.508
420.201
245.093
395.845
42.4953
396.515
420.558
420.558
58.6512
39.8033
35.809
391.228
246.513
382.743
315.923
277.706
370.389
267.358
374.696
34.9929
91.5512
91.5512
380.59
339.12
168.324
46.2039
394.599
396.746
297.627
367.634
331.389
272.205
505.07
185.48
99.058
275.475
380.893
205.222
126.093
331.134
149.225
216.432
216.432
192.088
192.088
182.222
307.351
307.351
96.2203
340.832
97.7951
307.127
452.723
277.254
535.97
201.042
404.547
174.473
174.473
361.592
101.627
44.3931
241.277
114.697
281.046
80.4754
457.064
362.481
123.749
214.715
256.653
495.033
106.668
279.985
358.313
355.075
273.553
68.6843
68.6843
245.169
107.954
107.954
318.892
318.892
121.199
180.348
251.865
251.865
309.175
309.175
309.175
428.308
196.399
237.079
321.26
188.813
57.8972
159.438
253.145
508.775
126.234
293.397
506.571
300.679
80.3603
167.654
167.654
362.972
349.088
112.965
204.406
454.01
108.281
223.592
172.53
114.144
106.818
45.8601
45.8601
83.489
266.964
34.9147
190.336
460.688
256.881
256.881
220.231
109.222
452.092
283.826
429.406
82.1905
183.943
420.389
32.1616
32.1616
44.0714
163.789
183.914
60.3756
343.058
447.194
340.095
208.833
212.294
221.656
99.9391
258.682
520.044
196.873
318.3
282.44
184.601
381.904
105.032
366.856
48.9087
325.178
325.178
363.618
343.541
108.114
121.656
238.437
58.8734
111.384
385.498
267.654
403.047
228.886
37.2492
91.8284
91.8284
135.523
276.948
333.846
232.485
377.496
510.092
87.596
249.473
147.557
313.206
369.454
259.355
281.518
443.12
321.444
487.545
393.883
497.515
185.685
404.831
380.232
218.227
191.497
394.861
95.2493
283.718
283.718
155.319
155.319
109.633
223.181
270.763
453.462
264.818
362.798
483.634
253.494
262.575
247.598
471.303
434.896
122.407
538.253
42.6186
42.6186
420.948
79.297
79.297
385.147
313.057
318.701
119.976
205.731
246.962
49.149
109.563
30.8138
300.96
472.971
386.318
345.075
271.361
201.55
115.868
115.868
218.324
218.324
68.5555
37.6724
206.183
332.654
332.654
299.898
299.898
512.372
409.817
148.143
352.734
250.918
250.918
250.918
155.174
155.174
307.036
415.871
415.871
241.45
427.331
310.102
275.835
377.629
147.751
385.188
385.188
363.212
312.02
135.323
274.828
367.016
365.121
244.555
327.651
277.914
199.672
30.6469
367.971
326.093
117.952
50.3117
115.015
74.6551
43.6362
43.6362
276.697
56.7635
56.7635
335.935
417.641
411.412
119.533
119.533
271.002
445.131
161.696
105.096
418.1
108.627
161.293
487.027
471.35
68.3794
266.726
91.3772
200.162
287.533
245.769
94.3694
182.619
460.064
126.049
328.875
36.4984
174.832
174.832
54.0092
382.059
302.853
310.35
348.412
514.219
534.651
534.651
522.532
279.228
406.477
406.477
175.61
294.048
294.048
32.3881
206.336
279.798
139.107
373.001
72.8245
208.405
294.841
108.725
459.1
459.1
258.618
361.859
63.4983
439.292
295.161
313
112.967
221.414
184.498
241.718
397.507
333.547
333.547
34.2432
296.754
268.193
391.628
66.5216
493.833
337.514
319.638
141.63
325.479
325.479
234.337
258.879
397.307
397.307
181.28
181.28
396.87
396.87
298.13
101.364
320.808
178.363
178.363
274.168
132.365
75.5747
114.277
329.589
162.338
162.338
336.582
336.582
122.901
270.017
270.017
109.242
236.877
415.629
128.332
299.171
277.692
167.125
167.125
130.532
275.554
192.705
192.705
219.433
371.157
327.244
323.296
259.319
69.0921
296.127
207.964
185.745
324.642
318.022
115.886
115.886
329.184
203.163
68.4506
68.4506
99.1908
308.891
109.967
236.786
138.618
415.21
313.525
43.9269
498.117
250.937
34.5448
166.438
166.438
438.281
256.397
111.665
80.5883
80.5883
80.5883
80.5641
80.5641
72.9206
72.9206
534.621
171.212
276.903
267.63
342.345
113.065
336.011
336.011
165.594
295.524
377.825
293.355
252.721
449.029
419.706
199.8
167.866
390.801
275.456
51.8266
51.8266
362.062
256.739
256.739
55.1921
328.086
285.01
331.615
327.527
358.048
126.833
126.833
345.646
355.915
323.235
411.089
170.251
114.119
325.421
315.894
315.894
80.2459
80.2459
276.665
321.929
120.004
185.791
163.149
423.089
299.16
235.677
543.962
344.296
219.362
219.362
31.1099
31.1099
334.196
181.693
181.693
269.111
421.331
47.3692
299.596
299.596
194.831
251.226
459.767
359.747
310.592
59.7741
321.758
270.908
267.19
79.8849
407.196
270.686
149.341
124.609
460.197
34.4067
297.829
307.803
301.207
253.04
76.9948
349.498
40.0382
40.0382
379.42
299.914
472.529
295.724
440.349
409.653
462.571
284.205
84.2676
150.132
164.011
37.9465
205.618
436.257
406.582
56.0848
475.204
253.778
253.778
214.493
214.493
509.036
55.5758
249.448
301.741
263.899
487.562
290.644
118.335
359.567
359.567
129.699
143.782
269.277
291.374
402.411
195.775
246.413
246.413
245.962
254.328
370.318
283.926
437.59
111.738
412.409
333.453
60.8328
227.82
397.941
397.941
65.3823
65.3823
359.487
182.947
182.947
182.947
414.237
107.149
450.241
292.476
292.476
263.714
55.3867
172.644
195.671
241.216
402.504
63.0059
203.746
292.604
351.49
96.6891
336.25
208.329
399.356
332.087
305.928
305.928
299.41
110.064
110.064
438.176
320.352
123.709
418.93
370.661
318.275
463.704
345.729
438.783
301.95
192.971
125.639
367.6
367.6
360.866
472.108
256.139
234.652
419.928
419.928
280.526
41.4792
375.642
32.9756
425.264
425.264
269.506
269.578
327.709
161.891
325.81
370.596
370.596
38.7941
82.9226
238.13
427.312
333.547
394.593
281.224
281.224
209.384
361.16
60.9507
60.9507
156.791
119.783
157.126
157.126
104.86
175.201
67.4803
67.4803
67.4803
85.6162
85.6162
93.6882
385.283
385.283
291.931
401.099
131.398
233.417
289.817
55.2576
442.536
119.846
76.8079
440.311
440.311
218.558
411.934
151.12
319.282
319.282
82.2616
256.388
335.958
296.917
248.821
248.821
431.27
385.136
162.56
349.155
67.7166
190.682
445.06
60.2938
53.3558
344.399
225.386
143.854
283.141
122.017
298.1
259.083
324.817
50.8796
146.638
241.622
280.802
83.5363
83.5363
353.105
52.004
326.667
339.701
225.071
481.98
315.475
315.475
304.84
304.839
370.462
310.898
122.349
122.349
349.129
257.561
155.83
222.312
339.616
319.822
187.974
513.972
108.817
239.722
239.722
344.389
200.803
200.803
414.13
140.88
140.88
140.88
103.847
493.105
302.293
341.811
173.964
173.964
143.161
248.266
445.949
401.621
179.048
67.3231
357.069
545.486
418.889
208.144
207.822
548.561
153.474
381.729
73.9479
73.9479
99.1712
247.426
473.08
141.818
188.346
131.117
481.984
345.813
95.6941
73.3795
73.3795
161.199
330.653
330.653
218.073
109.697
266.823
266.823
107.627
94.9336
374.63
451.801
308.681
157.29
222.587
93.8216
246.301
338.968
57.1444
293.304
460.468
418.776
244.087
57.4648
57.4643
274.042
110.476
110.476
238.793
521.988
52.58
202.907
174.579
121.557
183.701
387.908
147.797
72.6243
483.797
192.078
192.078
356.169
342.495
326.786
242.701
242.701
465.411
386.856
289.832
74.7842
74.7842
364.613
379.775
172.602
257.584
249.721
249.721
235.523
249.126
106.342
86.8639
38.6288
90.2228
188.371
261.542
322.736
523.386
523.386
76.4181
340.559
271.033
410.093
487.922
194.702
129.16
267.958
280.14
133.683
162.957
246.616
307.059
247.296
77.4316
82.9066
507.538
201.445
262.143
294.968
294.968
219.373
265.818
143.085
284.736
199.202
525.62
100.734
279.394
43.4985
442.43
492.029
41.0894
72.0098
341.87
128.351
99.8392
457.771
229.309
393.058
299.573
382.035
338.352
338.352
83.1194
41.1742
439.055
314.875
314.875
94.804
94.804
448.519
150.337
303.396
484.151
168.431
65.765
65.765
174.578
89.5534
118.087
198.712
323.541
509.978
409.57
115.406
115.406
293.796
346.185
188.316
188.316
188.316
133.208
111.18
289.239
332.972
218.934
85.8741
246.727
283.029
158.937
282.055
259.635
76.9765
300.414
268.734
361.47
166.848
467.527
213.981
447.38
262.99
182.805
295.403
337.417
119.766
323.806
323.806
273.891
273.891
73.7154
305.112
191.886
313.018
375.623
375.623
160.122
322.845
323.252
516.947
36.0955
350.718
359.522
422.149
122.46
237.238
202.261
213.481
240.817
330.458
330.458
326.691
224.64
255.959
345.234
165.456
179.471
89.2284
193.988
193.988
49.6786
243.932
126.186
126.186
126.186
269.66
40.9786
391.283
187.584
244.631
341.517
341.517
347.097
347.097
428.176
294.02
72.8562
311.446
293.935
347.381
106.7
106.7
381.828
409.559
213.219
409.466
344.261
450.459
413.912
91.0767
440.908
61.5965
560.037
212.574
114.041
415.618
340.218
395.067
395.067
175.819
88.5755
88.5755
250.196
250.196
367.329
36.8499
321.067
231.539
190.059
428.823
267.853
331.08
165.261
165.261
215.763
149.114
116.17
359.373
107.08
232.437
102.148
102.148
468.382
77.079
95.2547
404.643
313.285
183.457
180.944
74.9338
263.129
260.803
173.771
78.6356
158.57
121.64
262.753
262.753
268.382
206.905
158.177
278.539
278.539
309.126
309.126
404.608
456.339
184.669
179.707
390.855
116.829
185.887
185.887
158.115
40.8729
442.548
294.765
426.076
376.762
376.762
322.044
457.859
63.5546
187.53
399.901
272.341
272.341
67.9398
237.125
401.518
207.897
304.186
180.14
407.99
322.427
300.874
332.629
115.446
115.446
117.123
367.757
367.757
444.019
312.892
161.622
377.501
377.501
206.504
92.191
284.825
320.762
320.762
358.77
245.599
245.599
115.757
284.593
395.285
265.727
246.411
372.069
379.179
488.792
239.832
353.484
163.543
118.205
171.534
302.669
144.302
379.904
379.904
206.317
203.436
86.174
86.174
63.0118
446.719
238.786
159.86
241.948
541.287
74.4566
470.068
288.555
360.431
465.453
164.611
501.974
387.636
437.389
316.394
65.5751
419.6
71.6201
177.197
351.941
229.646
229.646
537.478
159.302
168.707
145.559
150.343
220.995
49.9752
120.917
178.979
178.979
132.568
544.133
479.684
39.3358
522.848
522.848
480.283
60.1294
60.1294
177.71
73.4352
73.4352
46.8866
480.246
89.8401
128.532
175.03
51.6991
81.0746
81.0746
48.748
329.607
132.171
358.074
459.444
363.35
423.605
370.445
429.501
409.804
409.804
195.083
117.283
117.283
30.1604
121.536
121.536
318.391
204.57
397.869
397.869
397.869
127.47
250.169
89.7192
293.526
170.044
155.543
366.728
273.175
273.175
478.162
367.332
34.5909
287.484
287.484
255.724
535.273
360.994
451.273
102.797
40.5111
119.94
462.471
62.8196
70.7252
265.425
279.098
456.233
148.506
357.046
357.046
108.656
108.656
232.952
334.381
405.269
292.924
67.0028
175.317
147.816
272.763
272.763
338.092
488.82
157.846
289.734
382.538
329.18
319.13
100.506
258.436
115.696
436.335
155.614
275.282
200.479
381.29
421.017
372.858
101.13
45.8133
146.584
100.633
357.871
357.871
406.131
406.131
416.048
356.942
356.942
333.247
34.8037
157.492
39.8987
330.62
305.126
439.023
36.9223
112.277
112.277
112.277
293.818
86.7172
46.4734
318.596
432.114
277.066
168.249
372.841
137.624
197.748
262.012
237.307
269.879
167.471
167.471
172.605
405.797
405.797
89.8894
175.362
175.362
301.479
301.479
45.1348
488.461
488.461
354.902
226.088
226.088
521.277
180.207
211.548
326.609
274.228
208.202
164.631
121.476
425.812
194.276
316.002
116.593
50.7128
50.7128
199.841
136.524
145.75
333.849
74.0721
211.994
540.245
119.008
377.7
123.956
371.184
339.335
294.857
138.457
79.7861
79.7861
199.071
148.695
223.067
448.72
359.703
80.4203
412.066
319.89
91.3528
311.366
281.679
109.763
454.624
64.601
178.122
322.406
322.406
256.393
469.99
130.493
250.804
250.804
40.8168
229.851
229.851
339.91
267.758
36.6552
356.519
186.928
412.026
255.536
274.136
112.726
112.726
174.865
456.842
318.639
318.639
296.363
247.945
159.623
269.234
269.234
141.134
338.684
110.649
78.3666
161.572
31.7605
31.7605
200.739
85.9336
354.991
435.293
478.848
77.4851
143.693
378.376
378.376
168.749
345.334
345.334
60.176
320.151
186.407
118.647
35.5796
380.904
31.6446
31.6446
264.032
209.599
80.5936
77.8337
77.8337
109.815
109.815
127.32
177.624
297.07
146.395
59.5159
103.059
251.094
134.241
422.097
270.098
318.573
335.953
350.07
241.399
203.916
72.4007
52.7818
53.5934
250.673
89.6806
524.269
151.901
151.901
330.421
255.7
397.087
256.124
267.246
267.246
352.286
304.385
369.139
369.139
209.645
247.07
231.02
231.02
330.021
255.025
233.143
144.31
192.976
282.005
362.884
374.778
30.357
361.442
60.0805
469.331
469.331
341.611
277.549
376.546
258.032
97.7525
164.481
37.2474
37.2474
405.172
71.1843
71.1843
319.488
264.813
351.09
319.58
504.932
151.193
291.236
122.867
301.352
234.26
213.726
396.893
110.067
110.067
445.76
101.959
68.6993
68.6993
91.8802
432.35
324.523
59.1442
59.1442
324.963
260.278
276.709
357.017
429.635
54.6386
265.11
181.476
252.17
252.17
149.907
144.024
76.8052
344.633
344.633
344.633
296.207
52.8895
52.8895
200.615
132.648
104.484
371.589
325.314
361.785
422.619
273.958
241.208
217.558
258.095
230.517
230.517
103.601
190.027
159.597
201.675
201.675
120.223
102.825
351.475
247.231
247.231
61.0956
37.6301
253.943
253.943
406.498
422.213
422.213
43.0446
277.928
202.374
283.173
431.745
512.396
154.832
422.99
294.691
117.666
144.545
138.184
138.184
268.166
528.668
231.294
231.294
188.426
314.404
314.404
38.8266
350.364
193.991
425.95
57.9091
52.7989
43.5585
157.509
371.026
371.026
257.341
383.474
90.7845
182.733
390.528
454.286
452.461
452.461
150.824
312.307
113.075
324.824
324.824
391.031
443.671
443.671
288.761
260.04
276.069
64.5151
64.5151
87.8056
222.961
222.961
287.723
241.786
360.575
72.2357
291.031
345.094
379.715
229.889
248.745
527.923
216.858
270.732
148.876
223.997
105.375
105.375
296.006
372.935
297.764
297.764
272.074
91.3181
296.504
55.8935
236.094
236.094
237.724
37.0683
168.531
421.986
475.598
475.598
230.128
62.2417
149.691
240.48
78.9898
309.369
130.633
257.785
151.836
151.836
188.738
113.191
309.517
137.012
246.872
543.219
339.173
319.824
349.935
143.706
317.65
356.147
79.5827
119.462
119.462
236.663
176.537
316.214
422.511
93.7517
205.215
205.215
324.818
294.521
294.521
69.3617
167.181
251.652
365.55
365.55
256.719
237.605
214.318
302.915
201.174
64.19
363.017
307.867
502.901
111.006
111.006
31.2883
372.135
453.886
240.608
310.224
267.144
169.837
277.721
229.929
115.043
115.043
221.124
221.124
141.835
330.185
241.679
236.554
483.767
289.322
396.313
295.42
361.889
361.889
183.165
196.299
196.299
413.394
222.547
492.265
306.899
31.6959
137.696
204.991
144.973
479.003
347.021
347.021
372.623
372.623
263.142
346.608
96.3674
96.3674
271.672
51.9668
116.678
303.072
224.191
60.8658
427.467
38.8101
121.798
454.068
118.622
469.902
252.19
370.127
358.238
306.695
421.584
116.268
441.983
441.983
189.43
189.43
284.673
72.8074
72.8074
366.083
186.334
249.233
410.873
410.873
372.065
91.0953
216.73
403.947
66.7564
69.6659
206.367
119.298
93.4912
441.528
346.122
69.1962
333.529
333.529
430.658
175.261
285.471
361.35
370.053
72.8661
141.278
204.352
232.453
294.805
363.238
247.623
176.617
176.617
48.4509
228.466
228.466
554.609
124.447
125.752
151.606
340.836
340.836
127.486
181.851
348.784
32.3827
32.3827
304.116
456.972
515.313
297.785
297.785
337.307
73.5632
40.945
389.417
119.02
309.41
490.577
65.5769
65.5769
319.855
475.656
427.183
427.183
256.659
166.041
97.9217
335.046
335.046
260.161
243.115
231.441
254.681
128.453
128.453
121.482
121.482
62.0686
372.215
233.529
233.529
307.576
340.015
54.278
268.051
201.284
60.9226
353.122
353.122
234.119
425.325
39.3178
371.884
145.319
265.335
247.962
53.8676
473.547
306.535
377.06
402.303
250.426
158.286
347.796
53.617
53.617
262.625
364.986
264.483
264.483
173.937
317.844
205.606
306.098
248.413
30.0117
395.798
319.217
421.506
355.354
284.096
114.557
429.632
429.632
170.895
62.7403
117.303
316.721
316.721
48.5695
62.8494
406.558
85.5073
319.239
76.0052
327.306
436.23
37.0692
37.0692
88.0351
169.42
169.42
154.873
76.6132
76.6132
568.269
57.534
221.834
274.937
55.3123
55.3123
247.919
247.919
272.181
272.181
242.43
477.966
379.954
54.7139
54.7139
235.81
235.81
338.917
99.0194
99.0194
280.638
96.0247
191.577
341.802
481.204
317.909
410.992
411.025
370.883
405.228
506.052
482.857
66.5559
508.642
508.642
182.521
135.701
397.772
141.011
175.463
201.648
80.1002
495.554
87.7767
89.9506
89.9506
114.205
114.205
340.806
422.758
427.718
554.326
382.54
382.54
317.463
425.215
203.637
203.637
207.443
335.138
335.138
190.893
50.2716
409.081
265.864
63.7809
351.746
135.908
135.908
207.724
275.952
245.313
367.843
316.724
252.291
252.291
193.639
376.703
445.278
274.754
305.151
49.0955
482.827
281.111
115.385
211.15
211.15
67.9108
390.918
392.66
317.043
285.049
368.34
257.304
195.582
378.563
328.786
229.294
306.385
327.053
59.9129
59.9129
197.166
268.484
268.484
59.3382
254.255
547.072
446.232
92.1095
74.7468
74.7468
316.516
250.611
522.03
105.033
85.284
147.59
227.097
249.886
77.86
220.639
220.639
116.902
274.202
51.6676
289.206
429.868
427.165
174.081
184.533
133.877
133.877
296.549
84.4028
301.509
173.614
188.192
52.2365
158.515
266.547
424.157
254.987
202.943
259.731
202.882
202.882
397.666
412.762
356.175
356.175
356.175
356.175
78.5425
348.959
505.117
430.673
326.042
326.042
347.653
396.589
117.997
98.9334
154.254
443.31
443.31
555.846
447.001
129.632
259.434
351.614
351.614
280.019
151.786
271.753
218.426
223.23
223.23
42.9339
180.619
287.51
117.444
73.7201
120.554
120.554
312.81
364.567
332.356
332.356
336.963
336.963
106.251
334.928
527.513
415.268
312.14
51.4209
100.503
50.9154
50.9154
305.578
396.677
187.309
370.15
370.15
444.87
238.488
99.4708
455.866
238.851
504.482
330.077
331.77
331.77
544.354
121.485
226.876
226.876
287.823
119.108
237.748
271.3
388.024
176.416
47.6901
97.5396
414.127
375.064
457.095
456.731
139.198
139.198
275.307
236.182
341.96
57.1185
301.08
364.468
419.641
386.815
152.521
47.9857
235.179
320.353
320.353
324.392
378.647
138.549
306.941
306.941
360.058
331.937
80.3069
536.269
459.16
176.805
142.827
142.827
320.203
202.102
314.556
314.556
364.217
406.04
78.0715
464.499
339.561
339.561
309.27
167.283
223.804
496.752
139.979
208.406
207.719
207.719
151.697
343.937
176.495
306.847
148.709
79.3783
36.0459
107.666
41.5201
168.948
370.632
37.4845
86.8849
225.36
376.754
322.048
219.864
205.099
246.946
112.496
155.094
242.505
380.293
380.293
