130.932
442.264
240.454
249.807
379.81
175.103
196.174
307.906
277.7
226.273
93.2211
476.008
285.035
241.156
241.156
122.994
122.024
122.024
122.024
149.79
154.545
270.896
33.7019
173.271
129.514
129.514
299.058
36.5724
36.5724
212.439
470.999
460.346
341.094
341.094
395.777
157.558
562.088
311.388
166.932
211.529
294.197
380.447
298.225
197.005
465.905
35.9861
209.425
344.601
108.524
36.1047
393.434
232.298
227.789
227.789
43.6017
43.6017
316.722
354.083
129.09
87.084
231.081
244.532
304.991
196.147
68.344
497.161
352.514
152.979
298.266
201.033
356.491
208.652
208.652
121.829
121.829
289.882
76.517
529.907
182.1
182.1
73.5116
73.5116
163.863
343.477
343.477
43.2664
256.781
343.467
343.467
420.716
101.999
416.043
416.043
74.5535
336.5
336.5
256.002
256.002
256.002
256.002
383.609
203.836
84.2289
322.098
259.567
118.626
289.044
200.179
31.38
50.902
132.957
132.957
301.492
311.014
251.271
425.162
144.903
327.06
323.17
217.079
217.079
189.382
269.37
118.068
69.4041
351.302
352.844
352.844
67.1498
500.915
187.881
373.613
350.426
388.022
127.615
404.854
40.4902
40.4902
39.7279
39.7279
376.763
159.415
416.146
104.619
159.38
36.8135
308.207
411.556
232.235
357.414
357.414
322.454
387.633
35.1091
84.2947
84.2947
240.522
128.427
128.427
205.129
240.68
106.991
309.946
427.547
427.547
36.0803
302.905
136.521
136.521
257.888
244.556
140.035
89.1934
142.657
81.6976
94.4293
30.6053
316.271
251.068
386.854
85.6329
90.2035
90.2035
265.926
339.161
211.423
158.619
133.011
379.891
184.065
109.656
183.559
86.9297
86.9297
280.15
360.968
360.968
301.386
407.245
422.725
293.272
380.202
87.1111
107.157
237.805
370.902
226.346
112.561
112.561
290.99
123.237
297.012
466.886
389.6
270.35
353.754
353.754
68.7796
134.746
269.322
354.723
354.723
246.216
210.881
294.123
354.937
354.937
364.134
400.369
426.349
122.197
394.812
379.031
254.121
44.3898
44.3898
107.756
522.168
316.261
282.067
309.336
166.184
31.633
31.633
369.776
326.187
76.7348
346.493
98.4235
78.2679
320.61
424.801
243.579
423.486
402.172
214.929
482.173
327.851
317.605
31.4688
515.954
148.282
148.282
33.562
295.912
65.8386
91.5562
447.514
176.038
68.2298
68.2298
68.2298
235.996
217.716
217.716
239.978
134.159
106.901
297.718
40.2028
570.211
271.122
298.585
298.585
99.292
297.593
421.031
451.115
106.511
310.604
117.035
237.757
144.359
568.428
221.854
221.854
211.391
75.0393
318.149
265.35
109.674
390.543
316.941
78.9575
167.428
429.697
555.528
93.1776
206.361
55.5792
74.1138
524.374
432.288
243.946
243.946
243.946
243.946
166.064
196.538
196.538
94.0068
52.3028
429.15
391.093
460.587
230.934
229.204
353.209
243.275
83.0043
75.3995
146.226
302.708
302.708
406.5
406.5
34.9969
252.469
328.883
194.573
338.125
258.376
263.167
263.167
364.679
415.878
102.579
252.043
168.67
221.643
48.2463
48.2463
83.301
90.9442
424.274
424.274
261.657
261.657
332.944
332.944
264.374
264.374
264.374
380.112
165.301
157.568
297.981
454.085
170.579
170.579
310.431
149.381
474.292
34.351
91.5905
91.5905
201.662
349.923
349.923
424.956
152.351
363.956
106.082
106.082
329.146
71.2858
182.055
444.275
89.1336
203.486
253.538
118.315
461.145
461.145
388.203
393.039
183.645
242.142
242.142
75.1085
310.913
282.778
469.835
100.935
100.935
354.285
308.122
59.0326
277.075
511.865
145.092
264.022
144.771
305.696
190.851
90.2931
174.886
163.436
191.923
529.08
199.484
199.484
250.401
344.792
173.377
85.1769
53.9505
53.9505
402.666
111.937
169.207
147.589
249.992
170.669
68.1028
175.479
289.318
290.329
253.41
47.8566
410.305
399.551
255.093
256.404
256.404
238.572
243.115
216.473
216.473
188.98
264.195
401.502
401.502
138.763
144.452
340.81
109.39
275.817
275.817
366.18
49.6172
49.6172
252.091
361.07
117.761
70.2865
72.1775
408.809
316.218
63.9781
63.9781
281.204
281.204
85.8697
233.522
251.467
47.0087
239.996
212.423
83.984
291.971
262.896
189.244
398.877
162.858
426.502
426.502
426.502
119.178
240.919
518.776
45.0742
79.5955
79.5955
279.687
463.574
205.862
205.862
355.446
168.799
168.799
299.123
280.002
280.002
329.215
150.59
64.602
219.588
219.588
311.53
273.694
423.254
56.45
59.9325
51.2754
431.4
211.45
53.3423
184.027
199.082
199.082
299.404
309.815
367.527
367.527
129.623
299.932
181.636
181.636
376.119
35.7835
128.589
128.589
304.484
130.091
175.893
274.164
171.534
143.713
143.713
123.495
123.495
131.354
40.4599
309.239
229.152
125.151
243.465
503.125
139.53
289.007
72.7177
72.7177
367.667
290.139
184.927
43.9076
126.101
211.977
53.0996
364.794
365.62
310.658
274.784
339.347
339.347
110.417
325.058
446.625
122.834
332.425
472.366
348.762
461.816
97.9689
160.081
276.298
81.3939
67.0524
290.444
290.444
570.054
253.798
74.076
271.221
271.221
222.276
150.819
234.992
234.992
223.245
311.085
311.085
162.255
162.255
162.255
126.64
445.572
337.324
194.265
194.265
375.928
168.948
103.08
164.186
161.311
294.054
278.878
429.301
130.695
351.233
170.553
73.4381
350.219
48.6719
48.6719
352.863
164.082
71.5837
233.457
540.187
119.676
322.917
322.917
267.818
202.451
202.451
471.595
82.9601
492.397
373.186
373.186
261.722
393.339
305.338
251.716
251.716
112.145
465.25
125.403
105.129
105.129
311.048
187.625
440.642
157.191
147.376
262.459
257.363
328.543
208.113
131.356
295.229
57.2905
69.6427
319.882
97.4499
97.4499
137.543
137.543
419.524
406.864
224.012
255.747
247.219
108.048
108.048
120.885
120.885
31.6075
151.479
265.165
310.125
141.92
179.93
152.625
152.625
289.888
499.443
31.5567
356.451
356.509
496.638
155.957
398.82
219.601
159.073
159.073
434.887
362.526
123.208
356.612
55.4953
197.195
201.211
201.211
74.7948
184.211
263.359
215.509
103.896
57.676
139.411
133.624
189.105
102.571
416.947
67.3979
118.34
33.6138
210.273
246.851
405.103
58.5672
194.955
194.955
98.6378
125.525
349.624
245.258
421.859
71.9936
481.563
346.215
380.878
308.606
199.653
93.6407
242.178
242.178
477.807
100.789
94.8501
227.284
82.6953
82.6953
435.638
181.549
188.302
195.474
472.463
84.816
84.816
51.2245
106.018
331.621
378.692
271.568
573.345
336.162
282.966
135.572
179.562
179.562
284.819
340.225
388.71
388.71
50.9019
51.5664
51.5664
239.333
258.953
258.953
33.4518
71.7163
43.2679
142.478
59.1242
160.676
249.471
249.471
160.068
281.313
328.469
60.5064
228.161
228.161
349.422
341.813
47.2442
95.9501
115.938
89.2878
42.6757
386.249
108.3
487.288
191.014
479.434
51.7788
124.897
205.419
252.807
374.858
294.132
87.6918
488.988
146.287
341.877
497.482
282.314
481.201
321.103
56.434
488.948
447.107
258.789
307.709
311.324
130.335
130.335
159.957
329.239
339.091
339.091
432.051
453.974
212.474
578.346
237.966
290.872
337.876
317.153
136.084
342.077
315.519
194.582
45.7115
33.2233
366.618
146.863
129.132
129.132
279.843
272.181
427.886
64.9388
194.422
271.495
355.208
329.624
306.791
518.673
230.852
230.852
91.7068
86.0803
341.878
322.293
275.686
324.825
475.28
349.922
349.922
352.343
259.79
249.096
184.185
151.052
45.2818
249.026
245.367
254.168
167.595
275.525
335.966
163.768
261.404
328.001
317.27
317.27
162.397
115.483
227.921
390.823
243.601
107.966
189.214
254.693
143.901
143.901
45.7444
422.128
315.973
426.199
287.274
166.926
44.2459
407.564
71.9444
44.5478
44.5478
86.3836
268.618
495.791
273.379
174.192
224.706
471.386
471.386
369.303
208.444
264.947
476.369
58.3672
247.956
247.956
42.5016
158.184
141.697
458.051
504.134
205.32
106.508
369.095
445.303
112.493
112.493
93.3333
132.627
132.627
255.764
122.196
53.0753
53.0753
376.513
376.513
204.906
503.061
503.061
239.87
41.5594
62.935
209.992
463.749
431.187
294.362
294.697
76.446
360.683
80.0811
79.9665
119.287
127.134
380.626
426.131
177.27
177.27
122.529
251.692
197.694
169.635
300.53
83.6822
189.703
276.812
341.062
105.203
238.873
62.3881
327.047
36.3629
36.3629
260.785
110.319
93.3006
382.357
172.165
69.3454
285.85
272.962
376.595
104.388
104.388
354.766
79.0169
79.0169
198.395
214.924
414.717
175.541
377.882
248.362
283.949
197.661
160.542
48.7974
48.7974
272.939
104.792
103.302
228.562
228.562
51.9792
388.103
388.103
145.097
32.0056
344.401
344.401
97.3096
97.3096
446.636
343.708
368.405
327.914
327.914
202.528
229.2
328.163
328.163
309.767
259.314
259.314
31.12
433.575
433.575
44.1789
399.285
50.5601
423.151
449.654
409.233
299.815
172.339
56.1683
122.13
80.6969
342.894
244.939
366.451
366.451
281.318
60.6867
91.7097
328.922
35.9372
47.2185
47.2185
301.659
244.29
244.29
390.714
509.657
332.233
300.351
285.745
409.354
139.295
139.295
33.3046
45.7232
45.7232
384.201
280.942
189.91
178.654
178.654
296.503
274.633
211.548
211.548
108.359
416.15
339.865
78.6884
78.6884
223.068
410.268
162.736
138.256
65.0617
350.44
306.884
306.884
306.884
296.972
97.3515
97.3515
249.211
239.902
137.938
281.492
380.456
219.017
307.196
307.196
487.444
347.571
347.571
280.267
280.267
118.943
268.147
226.919
268.235
447.8
215.549
175.995
38.3919
230.695
169.105
136.346
53.7668
180.341
485.485
40.9829
40.9829
107.712
58.7678
503.291
444.094
178.47
158.598
270.251
270.251
306.155
306.155
105.39
105.39
319.917
319.917
452.16
158.403
292.102
370.709
369.663
123.072
225.389
113.067
102.623
335.278
192.882
192.882
447.582
197.356
404.36
135.928
241.637
213.904
68.6239
286.957
286.957
155.216
35.4665
198.478
198.478
115.995
181.638
181.638
353.533
141.161
190.084
66.7818
444.712
259.884
178.426
273.301
387.471
286.583
286.583
347.821
347.821
211.56
53.1263
285.859
415.846
79.3637
34.2163
82.9019
82.9019
82.9019
210.036
367.495
487.952
307.713
213.489
262.389
262.389
127.99
326.812
253.08
109.514
308.41
308.41
303.91
227.036
293.267
293.267
94.8623
208.121
58.8519
58.8519
176.7
56.7962
286.862
165.121
296.882
81.2783
184.87
452.176
452.176
170.219
298.517
298.517
363.526
124.753
381.208
39.2867
104.918
264.27
253.641
80.4539
244.353
473.483
366.996
184.172
179.576
179.576
143.437
238.133
224.65
175.112
54.7367
193.355
296.69
296.69
257.809
389.779
121.593
393.019
89.6783
118.759
218.652
167.686
513.959
168.167
381.151
271.134
139.998
139.998
232.714
304.824
303.055
554.637
266.704
175.172
244.62
403.742
157.782
115.929
145.029
132.4
466.922
84.8436
38.7206
109.965
194.811
40.7682
36.8098
72.9927
100.053
219.309
121.996
121.996
75.8796
46.3875
42.5629
232.643
372.685
117.819
85.2491
85.2491
225.24
459.63
215.619
253.403
139.294
351.471
289.203
351.475
327.375
211.855
298.239
254.329
204.385
204.385
268.307
142.035
282.347
282.347
113.983
113.983
318.537
318.537
238.433
238.433
268.898
384.877
384.877
366.344
366.344
204.481
204.481
265.198
462.334
480.78
196.878
239
163.884
534.812
160.078
387.186
160.479
341.551
173.373
213.357
146.628
191.514
377.462
190.587
190.587
122.432
83.5336
291.516
193.707
167.745
71.8365
71.8365
560.442
52.8159
159.556
159.556
361.244
151.803
339.81
147.591
66.5698
282.853
178.704
39.8063
359.077
359.077
359.077
159.612
32.177
318.163
333.77
250.994
392.606
392.606
208.054
257.423
458.071
240.621
406.796
406.796
423.265
132.773
239.903
321.937
396.637
148.237
67.6776
165.31
235.81
306.312
306.312
206.514
296.626
191.024
308.396
108.657
108.657
552.244
69.7907
69.7907
205.538
147.273
167.281
76.0372
181.702
295.973
127.269
45.0817
134.851
30.1301
374.192
375.681
295.411
131.031
404.291
297.146
436.028
62.6874
304.316
386.139
61.5895
61.5895
32.8575
73.7072
199.896
125.017
194.246
281.938
126.754
296.076
95.8962
190.481
43.7964
43.7964
344.933
344.933
209.224
161.432
161.432
161.432
124.48
278.984
92.2408
92.2408
109.777
109.777
85.8592
35.3036
35.3036
380.467
241.113
147.404
233.846
248.361
528.015
395.765
439.806
205.249
155.447
422.842
407.325
407.325
68.0393
148.332
352.328
293.071
259.972
259.972
270.535
32.9688
76.2385
76.2385
191.058
35.9627
458.425
56.8974
329.221
183.273
258.06
339.264
407.491
407.491
407.491
196.946
30.7559
304.801
66.1473
111.054
111.054
336.768
97.3687
298.663
158.052
170.747
111.156
189.812
214.161
158.374
310.45
339.127
376.648
333.841
333.841
96.2551
135.162
252.286
356.743
174.097
321.534
76.6042
473.52
311.971
307.367
134.954
222.191
43.1956
36.8637
409.599
409.599
409.599
460.264
408.411
246.951
495.435
185.242
334.755
334.755
455.473
117.69
522.309
83.7134
168.512
397.869
189.102
108.691
73.4011
531.984
344.84
304.904
84.0339
84.0339
308.901
308.901
510.683
510.683
296.573
124.017
96.7855
186.203
301.137
301.137
357.139
235.109
38.5551
38.5551
38.5551
428.495
441.113
249.159
331.128
137.644
137.644
340.226
77.4119
266.339
184.534
184.534
149.979
149.979
419.725
444.202
199.583
524.713
124.046
335.157
532.053
337.06
182.694
182.694
378.209
378.209
134.511
106.047
106.047
375.2
379.563
109.159
447.295
447.295
341.048
341.048
386.163
78.3284
410.308
136.092
123.557
123.557
167.075
167.075
167.075
167.075
204.551
420.885
226.932
162.171
62.5915
140.567
340.06
454.074
409.427
500.433
271.716
181.194
466.007
466.007
132.324
64.9839
336.042
291.875
460.197
40.3387
40.3387
279.145
283.543
128.944
48.3479
172.142
172.142
185.313
211.658
203.812
190.542
247.004
261.865
398.762
232.29
234.247
73.1757
90.3445
210.85
184.879
542.616
542.616
282.102
363.08
126.808
126.808
354.659
354.659
120.469
120.469
402.382
93.1657
249.938
391.402
391.402
532.835
211.486
344.181
324.088
324.088
364.841
364.841
191.186
249.648
306.466
306.466
92.433
92.433
490.185
83.3652
367.746
425.26
425.26
144.242
193.626
281.38
68.4065
85.6794
168.369
177.997
177.997
332.006
332.006
218.655
103.489
120.553
282.274
49.3617
321.619
268.993
359.696
213.491
299.126
328.805
491.416
132.507
132.507
110.636
235.257
202.887
202.887
352.322
33.047
130.529
130.529
360.543
146.581
216.6
473.206
211.642
280.504
70.5026
70.5026
226.585
37.0098
37.0098
260.103
229.941
185.415
433.281
68.6901
500.64
465.285
465.285
402.435
99.3127
360.717
131.376
63.4631
159.259
174.444
114.613
114.613
375.181
486.673
398.207
398.207
98.5608
310.747
86.8599
176.883
176.883
334.734
83.056
202.08
202.08
151.189
146.751
259.271
197.757
142.438
361.673
429.22
90.4859
90.4859
388.306
373.663
90.1983
90.1983
276.43
387.045
405.81
259.194
190.819
493.206
400.051
254.542
254.542
344.181
161.267
222.455
230.896
93.2821
155.922
310.458
390.483
43.3928
298.841
341.992
215.261
252.891
354.329
282.729
320.876
313.595
328.71
70.8492
91.667
199.419
247.808
77.5614
341.315
351.132
270.776
72.3423
283.474
233.286
113.444
64.1825
30.7583
56.7244
56.7244
76.3983
301.649
258.842
441.312
353.068
69.6178
179.419
426.046
334.831
269.461
236.828
150.453
549.472
192.69
545.948
116.601
89.6323
89.6323
252.263
158.73
267.895
153.127
428.133
291.948
56.1599
254.335
193.087
40.5144
40.5144
507.551
224.48
338.132
467.66
148.837
200.591
200.591
538.783
93.8673
93.8673
514.142
427.011
157.981
126.424
307.248
307.248
307.248
96.5337
318.186
395.193
560.852
366.392
450.632
397.755
397.755
166.983
90.2335
127.981
505.754
232.748
161.379
83.8198
347.147
240.519
87.1934
67.6558
200.764
48.9353
52.9284
102.437
174.409
174.409
174.409
56.2836
42.2348
101.178
91.5331
226.339
289.735
148.481
470.295
238.506
106.253
211.926
211.926
330.549
51.4701
123.493
340.624
189.584
520.163
145.422
98.1573
98.1573
101.446
443.853
443.853
163.495
146.662
280.349
314.362
210.387
223.629
238.936
352.055
410.251
410.251
77.2528
90.9277
111.003
425.726
261.953
136.705
136.705
218.169
342.336
114.988
198.328
198.328
280.815
282.312
413.879
413.879
504.435
400.27
400.27
391.517
165.191
203.735
385.995
390.702
177.419
118.323
252.194
339.452
339.452
103.715
504.942
47.6746
284.339
256.357
248.337
248.337
81.9548
403.239
223.318
356.9
301.855
40.2951
210.905
302.376
135.063
385.001
383.538
140.441
45.5592
223.991
250.806
250.806
250.806
61.2656
237.217
464.321
507.241
389.304
220.589
415.575
254.666
158.597
335.634
335.634
246.542
372.113
537.14
160.384
321.557
290.207
260.687
251.094
177.726
211.037
52.7141
206.873
206.873
249.923
76.9564
119.928
119.928
210.868
109.938
317.363
97.0062
471.795
108.73
251.951
89.7981
167.564
420.15
153.931
153.931
153.931
465.171
465.171
163.746
154.34
253.405
235.866
327.513
327.513
280.058
49.5025
49.5025
246.151
246.151
43.466
216.798
216.798
103.985
261.173
298.883
263.942
323.307
389.646
347.357
335.293
150.432
294.134
69.9718
80.5114
271.969
271.969
546.623
86.9613
202.599
308.919
80.6955
193.21
241.939
333.173
280.419
280.419
221.385
84.2832
84.2832
84.2832
314.839
143.064
123.324
382.363
382.363
114.11
85.4025
505.894
130.554
100.44
222.885
498.458
197.186
406.702
306.425
45.0862
83.2716
310.027
96.7035
155.975
432.206
350.873
145.484
134.387
294.178
63.3745
416.056
94.6708
164.785
337.008
337.008
100.368
127.527
171.791
324.612
315.729
261.509
440.232
370.655
78.3469
215.19
215.19
215.19
169.704
169.704
51.7469
290.469
110.711
56.5683
56.5683
56.5683
263.855
263.855
257.326
54.5689
54.5689
123.781
123.781
76.5758
408.819
407.224
51.0248
114.77
114.77
216.304
234.056
35.4583
35.4583
331.767
196.779
206.087
95.8421
95.8421
473.57
316.957
124.171
124.171
46.8327
119.897
392.085
44.6213
84.2997
258.059
312.008
312.008
389.408
198.349
198.349
309.726
516.555
391.897
153.346
63.4916
435.925
108.203
108.203
385.241
41.4293
61.3914
61.3914
127.143
86.397
412.768
324.654
130.883
130.883
33.8438
153.998
132.005
245.133
151.187
408.289
386.56
179.884
31.2925
61.4338
264.626
371.752
264.484
264.484
276.502
55.2713
160.21
160.21
195.594
172.27
253.538
156.3
131.079
73.6644
333.142
281.654
91.0287
488.878
188.209
142.583
199.406
77.1435
231.36
139.195
139.195
445.197
131.046
90.1737
170.26
173.761
173.761
244.09
184.707
261.593
451.579
451.579
451.579
58.6925
170.395
170.395
445.065
84.5152
330.715
285.688
408.64
288.121
56.0896
294.879
425.593
60.4653
208.045
262.654
39.2272
284.305
390.941
90.4409
209.21
41.925
243.937
448.918
118.339
74.1023
78.5369
64.5046
47.1919
76.2682
414.256
414.256
181.03
340.524
340.524
134.955
259.774
34.0554
220.202
307.336
233.893
86.8238
44.2582
44.2582
356.91
128.675
88.3868
185.022
185.022
329.308
315.067
212.376
348.045
418.526
153.112
378.406
316.286
176.463
251.916
249.241
91.1741
128.268
105.685
182.218
248.898
215.439
285.321
243.003
352.375
455.901
161.995
342.244
287.839
123.188
385.151
349.736
368.182
189.167
189.167
195.414
73.6014
96.8684
196.338
191.13
412.207
265.931
112.203
421.769
462.662
158.35
52.001
57.484
90.2296
356.565
233.388
214.231
30.5073
400.992
151.772
115.631
121.224
365.209
333.585
400.65
32.6248
159.743
425.016
68.5617
68.5617
68.5617
103.254
114.363
198.72
338.472
87.3776
366.869
366.869
337.809
203.476
238.161
238.161
192.091
272.094
301.98
247.186
142.57
304.195
60.4334
163.105
163.105
166.314
58.0517
76.7245
76.7245
141.089
45.3423
459.002
222.696
278.639
165.226
165.226
75.5229
74.6352
388.919
72.2863
349.471
452.223
261.052
126.864
126.864
297.162
444.473
132.803
132.803
468.971
95.2765
545.927
189.622
189.622
206.793
347.453
347.453
82.569
125.851
389.876
165.618
249.563
359.707
162.065
320.935
320.659
398.329
64.1228
48.4462
48.4462
195.734
436.693
373.916
33.6742
482.066
429.369
206.115
287.968
211.955
444.398
358.829
358.829
232.741
232.741
232.741
508.277
508.277
214.912
423.648
371.949
274.835
380.508
332.371
332.371
276.167
276.167
174.084
260.776
177.21
165.139
165.139
63.8584
424.239
424.239
346.302
123.814
46.5855
193.012
193.012
148.408
144.451
177.393
128.936
285.19
285.19
317.883
460.458
396.451
128.381
128.381
291.396
305.762
305.762
280.583
400.183
117.969
180.22
232.463
232.463
274.325
86.5032
86.5032
188.352
188.352
121.777
98.9746
241.766
241.766
449.453
449.453
37.9414
500.878
428.467
365.936
332.753
189.953
275.987
397.622
397.622
186.688
186.688
373.037
401.628
517.8
355.48
344.786
253.087
309.12
35.7228
283.91
397.2
397.2
299.436
447.665
246.113
324.492
351.315
104.31
391.516
415.246
387.79
298.644
298.644
229.795
229.795
229.795
229.795
203.656
372.899
86.5943
137.549
221.07
160.648
160.648
230.71
97.4979
308.293
308.106
311.543
311.543
122.295
78.0812
100.233
242.542
242.542
169.493
309.886
108.863
68.9112
489.192
424.717
37.7558
220.534
291.046
126.96
252.714
91.3023
225.036
58.977
453.59
154.171
154.171
443.915
227.608
121.834
293.011
41.3148
391.941
343.148
312.237
312.237
336.046
290.832
370.781
245.059
124.298
124.298
158.956
292.27
350.883
164.268
136.691
136.691
136.691
132.658
43.5398
43.5398
102.301
227.491
494.356
134.196
455.681
93.0134
133.93
133.93
232.369
421.966
272.639
109.583
397.596
397.596
65.3491
65.3491
145.156
158.063
54.9037
127.175
293.035
81.3505
429.215
214.802
95.0111
333.582
159.783
276.767
413.292
163.213
272.219
304.51
510.248
197.027
411.303
174.872
174.872
43.0299
193.543
247.14
178.15
265.671
61.2968
113.511
244.678
67.1042
214.147
259.46
259.46
383.838
52.1014
52.1014
336.486
59.957
350.444
42.6614
441.293
413.646
103.886
35.4422
410.313
90.243
189.505
189.505
163.089
59.0295
103.887
140.534
113.014
326.751
320.919
223.44
256.961
249.968
227.46
227.46
382.457
278.882
396.599
396.599
36.966
34.5763
358.02
118.617
425.096
303.705
175.463
295.221
253.924
192.256
371.241
444.95
465.448
166.922
561.382
253.374
295.36
400.112
400.112
157.316
157.316
157.316
457.718
253.217
466.678
109.23
409.898
331.682
71.9551
71.9551
63.5577
63.5577
320.979
201.096
266.363
279.013
129.38
339.075
344.541
334.831
51.4106
367.41
440.798
368.852
273.112
145.099
173.161
259.23
259.31
473.728
107.583
287.367
264.732
345.051
488.001
311.132
463.494
67.1062
163.501
223.794
296.296
296.296
352.04
63.2203
56.3906
289.617
353.3
78.4916
78.4916
442.987
92.7115
92.7115
109.877
144.283
144.283
453.111
141.203
182.431
501.536
444.996
341.475
108.539
107.854
107.854
56.4714
428.523
251.451
305.836
288.597
257.044
32.1453
546.688
285.136
517.761
421.657
271.057
505.295
470.633
462.744
450.993
450.993
166.546
39.6858
181.753
181.753
209.495
69.6378
69.6378
121.783
279.753
440.712
176.234
97.4985
195.291
139.541
334.229
124.387
301.781
91.9343
299.291
98.9828
291.545
511.086
278.441
291.719
154.117
154.117
300.482
136.907
462.751
159.798
293.484
105.618
192.115
134.035
134.035
134.035
397.011
457.082
457.082
153.962
461.996
386.805
454.806
498.095
149.811
354.263
338.375
94.2454
404.959
217.683
213.531
362.772
362.772
78.8
378.275
474.357
474.357
280.816
79.0173
269.682
210.335
98.5808
98.5808
256.838
138.924
138.924
297.183
156.106
369.317
151.605
259.41
41.855
136.558
96.2378
176.394
205.948
119.739
191.236
189.383
327.401
293.203
309.478
309.478
312.157
317.941
317.941
340.389
50.3391
325.384
325.384
32.8275
320.105
225.357
335.618
220.955
328.952
264.24
107.517
168.136
174.991
236.884
261.084
96.7389
30.3442
255.743
42.5652
42.5652
112.169
303.496
390.995
349.132
149.879
208.741
333.764
191.627
472.116
37.3836
164.837
110.771
40.9307
293.021
351.323
204.337
204.337
204.337
74.1725
74.1725
53.7445
219.697
394.062
71.2174
447.475
90.0531
273.838
329.91
295.747
254.62
254.62
278.741
260.509
116
99.5869
173.651
218.066
213.459
450.462
186.606
127.586
127.597
126.824
331.911
331.911
77.1068
74.0277
566.63
91.3042
91.3042
263.898
227.227
227.227
463.339
476.28
326.799
103.092
194.481
152.914
260.314
316.17
30.0558
83.3223
133.946
320.363
50.4609
39.8185
171.353
517.386
303.488
409.698
305.65
305.65
59.2363
181.396
90.4896
163.409
335.32
270.467
244.987
147.027
143.975
243.899
103.524
375.698
456.052
366.192
424.605
465.289
310.919
262.129
262.129
61.5712
48.2982
78.5491
40.5559
156.513
239.98
239.98
139.144
61.3864
348.455
161.68
161.68
120.757
120.757
251.581
410.374
147.086
228.06
433.096
84.711
202.698
90.9521
90.9521
467.994
328.815
397.143
143.428
30.6499
50.8391
89.6743
44.6053
44.6053
269.709
276.41
62.3904
366.018
71.6936
348.032
348.032
481.86
438.97
332.589
129.981
54.7861
117.38
274.827
221.429
221.429
33.8034
274.338
224.167
322.034
383.653
173.357
32.4173
435.057
435.057
167.727
167.727
254.442
464.661
324.708
229.827
229.827
98.8535
184.265
489.986
63.0454
55.4628
71.4672
504.924
467.75
397.855
430.94
351.024
214.857
214.857
214.857
214.857
155.924
263.695
418.305
167.843
322.157
368.063
384.245
349.043
194.102
207.979
345.447
161.01
161.01
46.3974
368.706
239.512
472.139
472.139
472.139
324.762
247.576
169.289
449.074
449.074
336.22
336.22
311.011
389.941
350.375
162.44
312.182
38.0326
38.0326
152.552
32.2357
102.465
129.041
317.534
107.559
492.317
226.844
263.934
534.109
366.444
277.699
322.928
219.215
45.7672
395.8
115.954
221
273.693
269.69
75.9242
308.396
77.6722
121.701
121.701
159.209
159.209
158.564
409.707
563.34
563.34
355.327
398.769
372.084
417.536
290.663
322.097
376.526
150.852
218.987
136.434
419.347
162.991
549.946
149.455
428.321
124.479
408.859
77.7377
41.9691
314.669
362.693
95.7903
455.691
264.888
351.559
208.546
290.905
316.29
148.265
50.9594
347.541
456.347
212.416
160.918
160.918
325.451
127.647
220.685
243.459
274.557
171.923
262.549
422.699
49.886
49.886
206.269
128.316
132.458
122.756
122.756
126.111
359.363
102.588
73.7263
73.7263
71.9934
37.3547
138.13
148.452
148.452
191.6
148.045
348.922
409.495
218.844
366.741
363.786
444.09
184.347
184.347
342.753
139.107
235.723
153.175
118.191
209.83
190.171
259.788
518.386
484.551
292.81
368.422
75.0831
75.0831
154.738
324.435
307.519
307.519
338.711
338.578
202.318
205.924
379.608
61.6517
378.825
82.5381
208.95
320.84
285.231
277.626
247.619
247.619
254.099
379.625
59.1466
59.1466
212.631
262.247
117.765
117.765
340.003
442.141
134.824
523.008
523.008
180.407
222.305
442.059
364.219
333.761
352.477
223.039
299.032
60.6544
298.008
184.135
133.78
379.323
38.0861
264.38
162.301
90.9422
90.9422
233.278
215.778
432.717
432.717
326.839
118.221
37.5463
78.9949
451.975
74.5622
150.695
427.399
322.51
216.623
117.816
30.5741
114.88
74.2187
492.673
335.979
335.979
67.5979
261.004
462.275
151.356
242.351
339.11
339.11
46.1811
41.2808
254.352
507.348
105.48
382.46
317.051
33.1837
106.848
106.848
449.218
57.2579
170.058
103.035
197.074
56.5804
56.5804
292.032
508.269
355.473
250.845
250.845
282.096
276.083
112.903
286.601
237.118
57.6769
86.2965
377.923
159.191
152.628
152.628
170.204
111.537
109.279
109.279
82.9017
82.9017
491.518
44.5468
356.342
452.333
40.6759
150.744
481.123
471.859
50.1562
44.4502
435.665
