34.2177
448.833
215.305
215.305
114.34
68.2858
68.2858
221.302
221.302
85.0405
288.256
390.389
313.799
313.799
293.656
293.137
174.398
235.561
337.509
180.139
200.528
200.528
199.514
203.479
203.479
327.154
300.162
403.345
34.8747
216.762
324.759
324.759
324.759
516.401
325.834
408.092
218.605
218.605
296.414
434.375
96.8783
427.571
427.571
407.861
428.621
321.541
109.696
309.146
357.999
271.955
197.734
373.796
567.184
303.745
197.863
347.496
59.936
167.402
110.197
110.197
36.0269
191.586
232.866
297.132
442.688
199.917
301.473
98.668
98.668
251.06
526.09
526.09
433.316
433.316
284.638
426.183
479.225
52.739
255.801
102.336
68.6797
151.277
151.277
146.238
146.238
153.221
413.861
345.611
159.07
291.621
90.2124
320.634
232.688
363.162
363.162
43.9177
43.9177
59.9225
259.972
259.972
164.586
214.414
343.957
331.904
302.814
221.893
221.893
357.063
357.063
357.063
53.1747
227.565
440.675
171.481
171.481
542.284
232.381
337.982
291.336
64.8098
64.8098
281.62
364.557
206.265
190.656
302.679
205.158
85.5712
229.013
367.448
190.329
190.329
171.239
78.2723
34.6963
69.7498
404.23
159.354
178.887
178.887
443.724
240.625
266.483
316.594
303.298
337.09
274.886
159.233
544.462
258.637
95.5867
291.948
270.559
159.626
68.889
136.846
136.846
134.087
146.103
122.896
156.578
156.578
73.7628
302.172
100.35
220.399
232.783
232.783
128.316
128.74
568.313
568.313
434.51
113.319
167.193
211.786
405.592
288.307
61.33
56.3437
56.3437
141.123
82.4618
349.608
293.396
69.1523
300.264
283.216
115.36
250.432
161.435
221.767
376.801
248.149
392.727
392.727
265.724
235.676
343.434
206.418
316.123
154.983
98.722
316.154
227.164
31.0436
292.485
371.185
271.95
111.254
111.254
162.84
310.748
88.6907
408.738
130.354
189.364
36.3949
94.9209
94.9209
304.158
55.0578
254.391
336.694
99.387
124.703
295.903
330.694
54.9197
160.157
152.551
175.655
175.655
175.655
285.505
322.566
172.818
172.818
269.416
312.858
162.681
457.597
188.878
346.586
125.427
125.427
234.221
301.018
432.079
194.857
406.882
88.692
390.269
390.269
30.9658
273.163
115.705
313.879
387.278
387.278
510.735
246.735
310.732
362.818
308.489
308.489
221.363
128.483
95.6679
84.798
260.324
200.168
246.552
138.812
138.812
36.8103
406.117
88.737
287.85
132.485
140.449
297.685
217.953
217.953
224.391
82.6995
163.221
299.144
454.2
432.251
402.914
478.244
55.8472
258.715
183.172
388.684
534.172
79.3517
219.664
219.664
219.318
258.606
454.927
58.1184
299.583
59.5808
59.5808
55.2834
372.647
417.943
417.943
286.202
103.916
103.916
352.064
140.117
316.041
420.264
364.28
51.6534
426.074
271.079
270.571
378.664
353.111
391.64
358.131
466.281
379.053
328.878
160.998
226.033
230.179
109.101
87.0136
87.0136
222.507
254.08
254.08
304.07
76.111
76.111
120.651
389.782
389.782
335.054
309.971
498.728
310.19
249.186
42.4222
42.4222
245.342
509.844
520.236
208.552
254.441
237.938
96.7269
85.0292
85.0292
49.2743
230.507
302.431
120.614
203.426
328.164
93.904
168.567
328.301
419.099
138.258
138.258
222.856
422.83
212.811
212.811
166.072
233.033
202.967
202.967
61.7782
61.7782
293.737
429.6
102.829
246.126
491.983
365.465
327.389
327.389
164.482
66.8346
363.525
115.156
120.688
145.879
371.374
371.374
236.345
157.493
157.493
161.023
55.9237
316.875
557.642
272.189
99.989
264.787
175.704
382.076
85.3102
294.957
149.145
405.614
405.614
111.068
325.737
259.878
31.7497
163.53
160.14
88.8864
88.8864
106.337
256.052
37.6969
32.3119
112.612
98.7605
201.927
312.473
173.539
376.697
30.6308
247.081
342.599
276.281
47.7567
121.755
315.478
48.8428
195
195
319.054
72.5034
181.843
405.061
480.213
156.064
72.1987
59.9233
59.9233
207.432
207.432
340.073
350.035
283.528
214.182
341.7
341.751
354.482
354.482
327.18
160.159
160.159
121.779
288.69
178.738
178.738
337.796
168.689
349.686
290.61
37.3585
431.066
289.01
289.01
95.7612
95.7612
257.804
432.454
60.331
60.331
438.17
43.0341
74.7155
74.7155
31.8215
36.394
72.6026
340.665
338.356
344.929
179.057
179.057
141.445
296.039
193.065
412.145
175.898
455.832
36.3782
141.118
141.118
86.4963
198.452
212.438
88.8388
153.812
207.816
207.816
138.074
311.32
283.37
327.049
74.9783
365.376
130.824
127.729
446.843
114.648
202.936
202.936
101.322
130.46
168.143
250.773
56.5763
333.013
195.868
259.755
227.252
93.46
241.239
280.783
162.752
131.214
398.325
349.25
447.023
41.9297
73.6151
73.6151
73.6151
476.649
130.067
423.029
58.7792
189.385
123.137
114.484
329.358
345.815
202.488
112.267
421.22
167.799
163.941
62.7411
62.7411
62.7411
569.24
479.456
45.6643
104.991
421.015
41.1739
38.4252
38.4252
308.537
426.685
96.8657
96.8657
101.608
101.608
68.3423
68.3423
30.9061
215.28
253.496
150.408
150.408
203.957
215.32
519.152
90.8739
128.452
493.839
205.47
266.81
92.48
407.02
161.313
167.545
348.456
98.8091
463.532
335.801
335.801
205.807
288.994
230.922
449.127
366.451
100.861
351.887
223.775
88.8808
41.104
407.83
235.892
295.125
142.595
142.595
182.462
147.404
146.021
385.644
385.644
271.256
437.683
106.044
366.184
270.617
275.824
324.642
375.467
419.551
236.712
236.712
286.938
256.044
154.629
353.719
353.719
72.8716
424.272
79.5445
274.914
216.504
189.604
234.506
234.506
135.642
320.704
169.165
384.465
255.584
489.168
45.4985
65.5666
65.5666
161.903
262.672
223.957
194.076
307.692
152.631
93.0899
363.775
426.126
257.342
257.342
301.71
316.849
58.9257
317.982
317.982
220.775
205.228
377.559
377.559
203.231
446.479
75.564
142.522
142.522
266.092
282.616
433.659
49.8511
106.014
224.419
101.513
162.178
154.995
44.3596
487.454
64.3034
65.0606
298.031
33.8602
285.487
412.326
190.369
190.369
317.843
243.695
243.695
52.4919
225.787
74.6925
450.587
488.997
362.817
231.11
265.372
203.9
425.971
32.5294
448.954
130.475
355.757
309.979
309.979
127.848
360.343
285.152
178.157
82.004
82.004
424.306
424.306
293.957
158.936
137.743
331.591
382.18
41.3031
139.867
358.191
358.191
119.379
316.156
92.0258
323.691
354.3
354.3
114.341
413.655
76.0662
378.484
33.1869
148.906
172.041
182.887
182.887
279.422
66.8878
105.932
175.356
175.356
457.34
52.3797
52.3797
377.192
376.402
167.427
301.641
301.635
284.26
412.307
243.781
189.959
189.959
410.085
238.364
433.018
473.35
254.52
387.614
57.2745
57.2745
427.147
178.253
359.022
413.916
282.863
248.135
248.135
254.796
262.659
368.916
415.338
130.446
324.013
526.44
264.5
61.8694
61.8694
255.871
96.271
96.271
211.032
211.032
47.1161
267.819
178.002
264.926
366.72
345.928
237.447
237.447
237.447
405.616
385.215
159.609
112.814
37.4905
37.4905
246.338
176.095
334.315
334.315
242.177
142.189
142.189
421.698
358.569
262.418
262.418
314.595
384.571
285.477
243.418
237.784
397.614
188.339
440.512
478.122
127.586
424.234
407.214
179.797
437.274
212.738
212.738
319.618
246.187
228.532
357.089
149.527
62.9112
359.987
453.276
370.9
418.264
112.668
225.158
77.0857
190.674
214.597
30.0539
307.828
150.533
517.512
453.555
43.5984
110.207
195.428
347.906
345.175
345.175
34.2358
95.8549
95.8549
195.813
56.6537
104.678
306.748
294.832
162.172
141.238
355.987
73.6678
54.4962
204.163
58.6989
169.708
128.894
169.601
539.49
412.431
177.349
451.181
514.483
500.699
445.528
127.876
444.582
157.581
157.581
139.443
178.675
346.819
238.199
242.704
242.704
124.266
429.638
81.3647
81.3647
197.604
275.72
228.787
313.156
374.314
193.7
103.106
156.615
396.15
137.534
70.5556
96.8976
96.8976
303.763
43.6562
206.539
206.539
74.5395
74.5395
343.29
89.8851
60.6848
60.6848
262.505
36.216
36.216
261.303
63.4527
504.751
254.235
288.147
100.39
100.359
218.652
234.603
144.995
109.077
151.06
151.06
323.461
262.908
367.923
52.2593
400.174
186.494
233.317
412.804
385.552
179.272
53.6611
53.6611
149.14
149.14
149.14
164.153
217.068
419.264
381.165
325.605
75.7296
75.7296
114.576
436.01
436.01
177.746
448.651
223.31
116.412
78.5903
273.654
47.0703
103.383
166.083
151.359
455.934
381.957
321.844
306.717
101.149
351.305
196.384
229.001
46.4555
66.1672
371.632
370.236
277.651
137.553
310.733
307.625
126.634
134.321
54.3769
308.109
456.444
419.484
508.699
162.905
162.905
389.188
424.945
261.086
257.446
226.102
226.102
263.589
232.342
232.342
145.624
211.438
211.438
211.438
374.206
244.233
185.929
203.974
158.62
158.62
250.993
185.693
271.22
271.22
123.249
49.5903
331.581
362.539
304.463
317.859
145.033
101.253
101.253
103.946
43.4952
40.2126
40.2126
51.472
450.012
292.545
39.9429
194.417
352.813
211.009
317.562
81.1841
397.041
375.727
40.2666
40.2666
241.616
68.3556
191.778
440.275
204.869
257.213
473.66
323.775
411.225
148.998
478.148
33.9729
371.225
72.1721
121.653
121.653
227.553
216.534
129.637
220.989
138.849
103.684
300.497
70.2625
70.2625
194.504
49.3692
313.399
198.48
277.859
277.859
144.608
144.608
217.557
63.1956
320.14
320.14
319.381
279.183
383.94
185.924
324.674
324.674
130.475
130.475
67.3553
348.408
348.408
149.789
155.418
271.292
363.914
217.98
124.99
124.99
454.569
176.644
176.644
438.125
222.42
200.713
200.713
156.512
356.184
119.414
142.239
47.283
274.95
118.172
155.575
264.619
104.144
73.8142
235.098
331.586
53.7233
286.609
389.79
389.79
136.209
372.409
372.409
345.337
79.0343
222.598
303.571
243.855
243.855
407.581
156.188
59.1851
155.584
307.616
89.7303
89.7303
42.3157
42.3157
286.034
127.435
45.3772
45.3772
189.406
170.249
303.068
303.068
218.402
142.96
142.96
423.691
164.835
134.286
139.914
380.591
424.508
356.86
356.885
84.7269
84.7269
185.07
281.859
351.022
250.011
409.587
173.986
289.392
124.787
216.878
249.274
101.682
101.682
376.375
376.375
376.375
137.322
462.579
442.23
290.936
184.367
248.851
202.414
407.69
495.895
495.895
54.7686
197.232
130.799
64.6813
64.9075
373.558
300.288
330.606
433.048
434.396
54.7662
35.5506
35.5506
423.861
153.848
203.615
145.075
145.075
222.042
97.6051
98.7377
565.682
565.682
167.25
302.29
196.226
160.077
355.301
126.798
132.513
184.32
177.02
177.02
296.883
336.691
302.903
226.603
213.283
50.8241
264.655
264.655
278.759
155.631
337.469
54.434
150.13
223.306
61.2843
200.17
146.786
443.687
80.1893
80.1893
124.083
436.072
455.321
455.321
370.702
164.041
209.082
209.082
434.411
64.935
64.935
268.325
250.697
290.962
246.896
465.261
395.379
451.751
394.624
284.616
186.547
441.608
133.424
327.008
327.008
50.6579
295.232
210.418
63.7769
519.522
268.165
164.355
164.355
58.9519
263.363
390.662
348.295
72.5438
141.667
146.262
425.375
39.211
76.6292
192.245
197.286
227.874
220.516
220.516
372.706
69.5787
72.4238
363.421
253.537
66.5751
447.585
167.614
167.614
198.961
396.976
193.585
260.381
176.852
176.852
338.038
399.426
67.6109
186.651
287.016
242.466
242.466
317.372
317.372
442.31
101.532
459.727
305.421
529.556
347.564
57.7647
57.7647
296.366
237.21
347.307
166.202
201.089
201.089
223.029
123.157
125.574
323.745
332.164
332.164
332.164
305.913
319.298
359.158
192.121
192.121
272.623
276.787
276.787
225.117
321.982
321.982
250.137
320.88
431.556
72.8374
72.8374
334.17
178.387
195.706
204.229
303.743
477.524
210.017
113.467
351.224
351.224
386.899
390.779
426.335
177.624
188.528
389.371
237.843
352.154
433.474
316.815
222.247
174.728
199.862
94.3221
164.827
87.6917
176.731
173.442
497.58
293.258
365.273
362.405
337.881
102.627
532.856
100.401
100.401
302.902
234.492
414.846
414.846
261.843
183.324
160.097
80.3392
185.542
286.876
323.717
323.717
309.082
307.505
307.505
415.653
264.607
352.781
112.811
363.618
399.121
253.995
249.925
39.8163
39.8163
53.1674
53.1674
53.1674
426.143
417.007
208.496
553.797
384.379
58.5396
265.621
265.621
237.287
41.6216
305.208
241.99
330.31
247.461
132.979
540.777
109.167
86.4641
454.084
454.084
51.663
349.965
108.563
117.778
374.417
88.2717
88.2717
88.2717
219.762
326.541
297.076
297.076
283.646
224.892
204.678
213.854
213.854
200.829
370.867
370.867
35.3967
203.998
203.998
466.145
83.5596
268.245
289.914
37.6478
503.671
300.204
233.832
186.777
186.856
425.344
327.145
295.644
76.8081
52.2848
245.879
261.901
239.587
426.194
69.2364
58.8013
185.688
235.393
380.667
221.433
333.467
333.467
333.467
437.599
393.42
38.0787
373.913
135.225
61.6111
162.73
262.081
473.406
150.399
252.044
151.981
151.981
469.246
345.15
129.805
129.805
129.805
125.522
101.813
250.852
77.147
77.147
31.0964
409.204
101.375
101.375
440.383
323.34
323.34
161.356
161.356
161.356
286.949
219.158
396.744
483.585
184.178
184.178
269.335
269.335
269.353
269.353
362.976
339.303
321.344
307.595
370.324
270.343
232.256
78.8391
255.895
174.791
419.513
459.285
200.722
471.499
287.004
386.918
72.0493
72.0493
50.2806
439.923
308.754
318.227
318.227
318.227
552.593
552.593
75.0971
75.0971
370.163
494.855
509.838
450.821
574.416
329.442
329.442
300.398
300.398
42.6841
422.705
51.2385
51.2385
318.91
83.7261
210.637
33.6503
259.028
391.67
355.924
357.111
312.891
312.807
337.055
326.47
99.9733
296.296
119.005
319.649
177.829
55.6897
382.509
518.796
518.796
52.7395
372.472
169.409
203.091
203.091
190.186
154.204
154.204
146.945
327.861
255.693
438.113
253.832
253.832
342.045
75.8822
517.461
253.205
253.205
341.868
350.619
370.945
277.181
441.426
268.966
197.624
53.921
125.064
269.028
484.098
388.65
32.2488
269.997
315.551
315.551
209.979
220.89
291.841
99.3243
99.3243
411.331
486.307
88.804
424.574
245.865
47.4237
132.496
103.173
320.961
297.778
418.15
269.447
180.953
180.953
228.765
354.214
311.953
311.953
51.6901
433.873
363.897
276.613
238.238
181.735
181.735
181.735
183.903
219.428
219.428
142.049
60.7593
194.79
423.827
198.72
163.475
163.475
241.425
432.155
105.945
530.566
194.397
149.161
392.342
186.179
441.141
441.141
398.648
398.648
106.955
334.377
369.659
267.839
267.839
373.709
54.4573
351.961
199.113
199.113
151.83
151.83
486.761
205.864
85.51
137.999
76.022
343.03
538.635
300.345
106.53
98.7213
439.84
225.951
340.068
196.657
378.047
136.737
136.737
106.418
351.842
351.842
422.254
152.142
34.9487
51.2296
330.321
366.863
35.6182
336.082
252.849
271.195
284.09
266.989
416.613
39.7058
39.7058
91.2976
138.332
37.0067
125.479
339.039
320.4
320.4
159.611
159.611
255.827
255.827
167.659
70.4328
227.405
52.5126
194.091
64.5888
191.629
126.649
223.557
223.557
396.871
107.768
396.412
31.6959
43.7664
269.689
213.09
213.09
337.392
446.126
341.665
94.9938
111.484
111.484
305.617
66.4747
267.723
267.723
478.199
295.408
99.1983
99.1983
464.028
255.788
387.793
387.793
225.951
48.0234
48.0234
142.76
151.546
199.305
198.043
158.297
158.297
354.164
40.7345
95.1102
364.642
385.722
385.722
51.7762
489.028
257.522
258.565
258.565
178.232
136.981
312.934
143.132
82.3193
210.642
328.329
31.1941
31.1941
168.941
168.941
294.273
294.273
400.1
194.854
236.901
318.266
318.266
83.7022
33.6458
33.6458
412.771
366.125
349.883
289.503
390.848
245.157
100.263
304.805
90.6494
164.744
71.8886
510.965
245.818
286.781
31.9603
371.267
187.48
384.915
256.901
463.556
506.657
469.259
109.312
109.312
257.51
183.837
350.986
227.318
110.208
168.718
44.4967
44.4967
238.21
270.306
128.316
332.77
496.016
291.235
67.0301
67.0301
255.358
221.524
304.53
364.859
76.6904
202.854
360.361
365.005
254.408
276.284
276.284
296.046
54.3698
149.008
123.937
119.28
119.28
105.436
105.436
384.851
384.851
517.648
361.418
53.8669
287.106
380.358
324.441
537.964
306.114
45.0163
45.0163
370.09
370.09
498.016
37.867
216.483
216.483
170.159
56.7947
87.9631
138.206
138.206
178.029
53.1716
46.0737
139.748
215.977
215.977
34.3101
199.807
199.807
372.094
383.014
110.038
110.038
197.712
244.186
66.9045
66.9045
289.718
206.243
291.441
509.49
509.49
493.031
493.031
332.322
258.481
387.689
210.014
346.132
346.3
346.3
263.591
254.176
254.176
185.699
490.038
203.625
102.291
265.393
125.159
125.143
100.332
362.286
260.439
210.714
286.903
286.903
220.053
170.087
125.897
153.748
145.452
429.609
287.048
389.724
269.949
411.524
411.524
314.001
163.449
163.529
163.529
275.796
275.796
212.065
212.065
279.522
279.522
177.48
177.48
131.655
506.623
267.955
230.885
317.217
252.482
356.146
54.8159
277.431
423.279
404.062
544.307
103.366
257.225
374.96
216.835
43.6021
321.1
386.037
508.765
508.765
132.588
132.588
250.624
200.823
163.858
342.284
342.284
310.431
472.24
224.724
348.831
220.434
397.885
270.91
199.196
48.0714
322.269
322.269
89.7416
89.7416
201.684
429.522
364.678
364.678
237.409
123.477
271.229
428.508
285.285
127.376
127.376
416.221
36.0783
256.878
327.025
220.262
264.977
234.194
74.7423
343.43
218.988
218.988
218.988
361.48
346.483
346.483
193.992
117.669
117.669
253.707
150.428
128.208
143.984
144.714
306.543
91.6844
473.418
473.418
478.098
223.762
169.019
164.757
229.619
46.1966
141.509
141.505
157.82
157.82
76.317
76.317
224.751
287.479
271.733
155.779
343.05
524.655
346.599
318.495
318.495
366.82
276.999
341.076
312.493
446.86
49.3984
147.521
33.8432
33.8432
137.675
501.96
199.964
130.521
130.521
509.455
509.455
353.018
330.905
279.926
58.6736
264.367
264.317
203.383
275.459
220.136
275.647
335.063
226.633
269.194
281.12
42.5203
258.111
279.533
416.446
33.649
173.795
173.795
373.799
322.943
107.633
57.5611
392.186
283.118
436.505
60.3513
197.877
189.822
239.332
340.74
169.139
58.0285
58.0285
58.0285
69.1124
384.557
32.4246
371.371
299.018
167.292
186.953
309.49
309.49
86.5161
207.808
34.6462
291.805
236.429
372.173
305.989
203.751
203.751
428.603
351.707
351.707
252.318
76.3541
203.801
203.801
302.558
292.812
31.0478
31.0478
84.6274
175.438
109.679
41.9696
185.141
185.141
56.9301
98.8349
350.024
259.017
215.378
65.1062
371.804
138.439
88.6613
558.491
166.649
175.712
198.485
311.865
44.0345
44.0345
328.119
328.119
144.2
252.595
433.561
480.169
503.028
348.435
158.69
158.69
405.789
138.156
280.566
436.627
366.488
46.9098
47.0816
47.0816
78.2588
287.357
140.511
69.1144
69.1144
184.491
409.603
240.13
281.406
205.89
433.548
433.548
295.035
144.894
144.894
144.894
223.098
478.125
381.87
449.197
61.8634
44.0301
44.0301
281.355
465.99
137.905
275.51
218.25
163.688
55.7441
127.019
127.019
294.719
184.018
142.787
211.652
145.137
100.067
205.75
178.504
324.103
309.92
371.105
170.086
228.188
228.188
124.192
124.192
231.586
231.586
54.6872
86.6959
304.964
279.353
415.266
336.334
78.5388
200.222
204.987
204.987
128.726
34.7711
221.894
35.0243
196.549
328.53
369.765
220.615
269.684
77.7426
61.6095
221.925
221.925
161.677
161.677
243.297
289.183
289.183
373.06
40.7304
241.645
480.842
159.527
263.72
235.331
455.955
522.512
399.707
327.65
284.181
131.13
131.13
336.899
363.241
172.319
185.444
185.444
185.444
72.0239
72.4622
92.8832
209.057
447.352
294.131
370.768
184.106
90.4565
271.34
229.436
146.551
98.6477
202.259
338.315
103.745
324.378
268.743
339.072
339.072
132.525
132.525
163.382
482.324
240.818
313.196
325.431
429.775
213.116
349.907
233.513
271.395
144.474
262.069
262.069
316.995
150.462
152.989
176.912
131.805
131.805
301.096
531.637
312.379
197.503
214.618
455.27
406.035
214.001
214.001
310.638
181.308
414.731
125.399
336.415
297.705
358.213
358.213
95.9495
95.9495
194.072
361.64
361.64
62.9977
340.684
351.078
104.467
302.044
186.95
31.5721
38.0703
113.319
113.319
48.4864
48.4864
231.299
341.596
158.075
225.377
384.605
86.1692
86.1692
160.495
371.568
39.3258
350.434
223.487
199.299
199.299
248.605
240.93
202.67
386.524
362.029
362.029
405.553
260.772
335.086
388.804
247.48
110.529
325.008
41.7721
41.7721
327.574
329.78
379.653
316.793
176.45
145.772
526.145
30.2397
400.024
71.349
372.837
108.206
71.4065
218.063
218.063
316.841
301.341
343.263
403.579
206.559
48.9291
426.963
244.908
491.654
506.075
115.88
111.929
385.706
249.616
249.616
249.616
191.922
191.922
213.559
300.427
210.511
322.454
322.454
297.873
98.6914
386.824
483.875
191.399
97.1258
97.1258
363.662
276.768
101.127
317.158
107.368
107.37
285.125
297.124
245.925
245.925
194.968
84.3777
60.1981
48.5209
281.147
551.584
377.88
129.068
129.068
392.171
72.081
34.4247
34.4247
34.4247
101.012
302.955
291.457
441.71
166.751
30.7802
181.26
327.74
441.894
287.43
467.761
332.721
367.036
212.176
359.116
359.116
79.1451
127.176
245.864
531.43
233.87
233.87
122.253
82.4334
123.503
399.181
319.545
435.681
521.105
212.569
298.956
263.015
463.887
335.181
222.904
135.151
292.741
99.1697
55.4706
539.471
134.068
134.068
288.553
113.356
189.715
266.372
110.221
110.221
268.293
268.293
133.433
248.159
248.159
122.453
122.453
42.3705
184.92
184.92
358.638
347.396
451.178
361.219
33.7013
243.288
137.144
488.138
248.099
546.992
73.1303
132.665
122.043
292.152
264.364
94.1369
94.1369
377.248
266.352
355.506
291
190.755
50.3069
50.3069
484.66
169.875
214.89
296.733
154.309
301.7
428.015
63.1344
305.595
282.857
145.293
306.854
317.599
94.4845
33.7302
290.968
290.968
148.343
115.42
105.808
161.466
549.95
371.988
178.974
181.47
110.186
408.916
54.6105
64.2618
222.272
222.272
222.272
196.38
61.4525
156.543
80.0666
278.887
130.244
44.4149
44.4149
44.4139
44.4139
172.105
333.068
436.785
146.347
274.464
461.071
76.3068
95.3889
95.3889
61.6175
61.6175
356.125
211.721
114.955
264.261
437.811
416.087
234.593
65.2045
408.238
357.258
481.882
302.262
137.323
471.316
497.219
32.4682
152.415
186.243
427.26
293.585
200.026
407.35
313.316
84.7844
211.37
460.463
39.0949
103.384
103.384
103.384
130.439
94.0733
101.318
203.676
39.7031
352.284
180.834
132.326
358.365
387.733
332.815
491.435
491.129
160.875
450.065
237.382
243.744
41.2722
490.065
267.051
389.379
79.2398
198.627
145.999
47.3875
91.8326
192.532
164.463
125.073
361.949
361.949
37.203
192.04
384.95
381.624
47.8537
43.8339
30.8084
347.321
347.321
308.64
458.504
256.642
378.21
453.071
453.071
494.118
340.065
435.467
44.6552
44.6552
173.686
374.468
334.703
488.038
409.441
248.554
142.226
315.4
451.271
179.536
293.907
112.977
145.349
409.16
378.167
100.136
100.136
315.289
315.289
379.632
483.752
418.478
313.546
175.884
347.839
34.4745
102.257
291.034
261.943
174.102
353.269
161.078
96.9922
96.9867
144.046
231.551
119.368
149.597
345.459
345.459
249.72
31.4078
31.4078
259.588
365.096
235.407
208.669
432.225
71.1881
272.134
304.324
175.432
62.9897
371.777
119.077
282.997
271.694
271.694
353.271
72.6038
72.6038
323.102
204.935
62.1938
373.282
272.987
377.704
203.661
65.6252
300.385
300.385
341.541
252.643
252.643
51.4305
320.851
486.715
200.317
217.955
65.4952
198.137
247.6
281.655
250.477
170.793
272.391
476.14
351.364
526.951
138.532
138.532
264.052
316.778
503.633
312.863
498.834
210.213
246.985
246.985
281.325
408.781
263.834
424.902
115.549
253.426
281.554
44.3513
44.3513
143.216
434.685
356.301
237.533
165.47
165.47
157.942
152.41
265.929
334.21
230.368
410.327
282.623
456.039
142.126
142.126
126.563
182.893
316.948
374.188
481.097
93.2233
165.62
121.348
398.997
90.0993
98.0578
98.0578
262.359
331.617
36.7947
221.28
280.263
280.263
160.977
248.357
48.8166
48.8166
193.802
79.7154
53.2594
228.303
228.303
189.329
45.4553
512.008
376.953
85.1928
276.556
40.3615
40.3615
242.593
224.233
274.218
226.413
145.391
145.391
372.825
337.669
117.791
155.698
155.698
293.72
198.755
91.3446
107.332
107.332
316.178
368.831
315.994
256.813
33.237
149.709
149.709
285.505
458.255
246.451
282.712
277.796
277.796
218.156
130.721
317.139
255.673
176.698
335.774
234.719
332.194
202.138
98.0098
137.625
43.2601
43.2601
375.463
257.471
247.911
127.214
283.742
125.235
373.501
150.635
118.812
244.642
261.879
101.462
317.898
185.23
185.23
115.599
108.254
155.616
92.4625
40.2537
197.59
197.59
393.525
184.77
95.4887
330.229
330.229
570.345
81.3745
60.036
217.814
507.424
414.554
414.554
80.12
53.974
53.974
237.696
56.1735
131.575
131.575
40.2132
303.727
74.6741
74.6741
74.6741
172.188
254.988
355.406
41.0849
165.379
148.059
216.218
461.391
87.95
257.824
385.129
237.188
237.188
432.763
319.979
388.071
288.481
237.183
280.173
280.173
169.769
169.769
411.684
41.0654
385.834
167.894
327.772
50.2633
470.486
275.676
44.8562
283.461
207.872
207.872
398.814
410.472
326.663
40.1238
40.1238
328.501
306.95
324.126
157.586
193.587
193.587
225.475
436.27
256.158
256.158
182.255
281.034
41.3686
41.3686
203.785
273.534
242.166
301.829
97.7258
86.3122
191.343
267.102
267.102
267.102
426.298
461.248
214.839
192.649
106.264
381.597
169.669
169.669
169.669
201.12
137.482
107.822
51.8302
286.801
418.077
55.3344
106.778
123.393
168.858
291.317
181.227
181.227
315.787
39.1481
382.44
247.19
247.19
108.796
311.689
214.442
214.442
181.141
117.825
117.825
224.1
100.563
42.818
101.782
274.627
335.164
217.631
333.696
96.1614
96.1614
30.0509
228.704
398.963
312.25
238.531
349.978
349.978
362.388
290.134
133.541
162.285
187.599
400.279
400.279
278.568
248.222
479.953
138.389
138.389
239.675
151.817
217.477
405.624
215.895
215.895
96.2592
435.549
104.636
294.98
318.903
200.881
200.881
367.874
127.935
329.695
370.464
329.808
31.9204
402.093
402.093
228.277
434.138
404.433
88.4275
269.092
211.767
346.004
96.6967
322.556
242.687
47.2966
37.9622
37.9622
499.312
44.1932
410.019
260.247
145.14
32.3327
443.017
216.268
228.202
435.838
355.955
132.538
262.337
262.323
173.055
356.683
265.762
246.728
422.938
123.761
297.004
223.932
131.7
218.161
349.825
103.525
103.525
319.294
62.0758
91.637
47.5913
52.1561
184.192
184.192
214.7
114.493
367.782
207.036
136.686
302.466
404.212
138.969
138.969
179.067
96.2259
296.311
178.425
500.807
562.262
208.399
129.128
250.679
367.559
212.17
164.619
164.619
122.894
276.864
284.438
97.9704
111.878
111.878
158.685
311.632
253.551
283.183
334.673
247.382
247.382
70.2486
321.949
310.546
299.791
109.771
210.931
181.847
163.857
327.61
226.398
64.2054
214.693
455.162
241.856
241.856
186.446
450.042
88.0752
88.0752
465.395
84.1037
376.427
165.518
323.22
323.22
323.22
167.378
415.567
88.5237
92.5143
63.3578
357.074
374.711
111.983
74.3036
74.3036
70.5123
115.315
335.793
335.793
222.047
40.3776
40.3776
62.5279
62.5279
49.6897
215.936
290.571
319.348
319.348
37.115
37.115
273.55
299.677
87.3024
87.3024
207.547
288.275
288.275
250.523
100.49
45.1524
45.1524
133.889
200.078
347.597
87.6082
308.877
308.877
419.904
198.616
369.937
107.209
495.597
118.228
184.226
361.155
468.511
361.282
528.842
528.842
304.16
386.323
104.249
357.819
395.109
267.933
204.95
204.95
157.479
288.107
92.0533
242.861
211.134
307.979
217.555
542.203
211.427
243.205
389.804
78.1576
79.3295
79.3295
290.027
257.008
263.319
276.309
304.364
302.381
228.098
374.201
276.344
91.3538
375.38
57.0103
57.0103
208.702
208.702
39.37
417.791
355.727
533.522
62.1674
357.858
357.858
420.41
181.621
328.583
89.2736
89.2736
135.759
187.184
310.665
271.472
151.047
197.049
136.617
293.526
93.1514
75.1291
88.2795
85.9304
411.093
316.766
316.766
118.224
351.931
385.406
431.368
295.236
234.507
139.243
180.315
225.301
126.78
87.5987
87.5987
72.4591
281.146
219.854
446.759
446.759
253.834
253.834
79.2797
79.2797
183.098
378.124
375.234
182.002
182.002
192.133
271.413
357.404
70.5224
315.488
287.701
60.2355
113.564
284.992
554.92
283.029
352.42
216.385
31.7892
102.946
218.042
218.042
218.042
418.954
343.508
343.508
343.508
259.112
259.112
351.73
68.6542
44.5318
425.301
356.774
356.774
286.4
145.845
371.548
352.132
381.415
105.382
89.2663
145.592
227.164
163.227
440.766
440.766
56.8597
201.96
137.264
138.167
138.167
410.602
65.4443
167.018
325.211
309.693
75.4777
75.4777
61.4406
61.4406
47.6677
87.1545
395.367
232.871
232.871
354.381
298.561
120.998
120.998
328.307
328.307
444.473
251.372
170.357
370.159
308.028
414.023
357.515
365.152
361.374
361.192
60.7021
60.7021
202.547
104.822
270.356
312.419
312.419
80.3234
190.042
190.042
189.929
341.718
402.713
145.609
145.609
390.999
161.414
306.547
172.202
476.531
94.3954
32.9486
135.473
53.9457
74.3833
140.519
140.519
140.519
163.438
30.2718
172.085
307.622
75.3206
282.367
501.181
166.523
223.588
109.901
276.236
392.609
491.95
50.4462
280.496
75.5568
74.9506
421.389
94.8311
336.281
30.5013
134.752
234.145
396.782
155.61
244.148
244.148
191.387
84.3183
293.82
127.169
127.169
447.998
153.794
222.022
52.7346
204.055
128.109
296.105
41.3267
179.164
179.164
250.575
496.258
285.679
79.4632
578.069
286.122
34.0739
38.245
38.245
365.349
369.022
468.487
368.832
452.472
452.472
172.246
172.246
70.5817
76.4911
76.4911
279.752
279.752
55.1533
93.6154
77.6578
77.6578
236.327
314.268
266.682
245.062
47.0322
71.1383
303.382
260.526
260.526
124.411
332.862
366.004
227.933
447.725
237.286
159.815
233.139
233.139
390.436
162.54
424.333
175.934
204.821
204.821
272.373
353.054
127.082
375.182
349.626
259.743
44.7563
430.215
172.939
236.309
309.874
167.886
167.886
403.646
518.62
45.7799
356.155
254.918
159.34
222.29
76.024
363.555
470.318
380.129
53.2123
328.707
128.836
128.836
225.189
49.8503
427.048
362.92
256.066
45.1951
45.1951
218.248
147.58
205.817
172.339
452.243
545.62
350.472
51.5025
307.598
410.651
128.655
143.737
243.542
288.534
63.3636
191.838
167.164
77.3114
561.731
110.913
73.053
371.105
371.105
116.02
245.228
106.35
158.776
158.776
98.3241
289.22
40.6372
88.5952
67.8683
67.8683
173.182
353.126
205.813
396.582
328.167
328.167
200.612
105.42
211.436
403.45
316.13
311.405
233.937
101.982
181.808
479.111
67.1372
67.1372
244.987
190.203
215.582
85.2828
45.3124
45.3124
313.224
313.224
51.5691
193.088
193.088
108.013
149.251
88.3415
88.3415
129.763
439.876
139.771
139.771
342.948
375.073
266.757
266.757
405.575
488.004
499.465
214.563
354.131
354.131
354.131
43.5759
97.9377
32.4023
48.5017
47.3269
47.3269
50.3976
160.458
160.458
423.411
185.629
245.059
137.672
235.976
36.8123
444.692
314.435
103.557
400.957
228.054
405.562
266.047
173.988
62.0623
270
402.976
67.9095
354.691
375.921
105.216
54.849
31.6741
210.805
316.84
251.889
71.4403
192.623
141.207
141.207
319.193
172.884
224.992
224.992
187.509
187.509
99.57
186.52
117.55
124.373
144.374
63.7044
345.122
308.571
105.773
332.888
196.336
158.39
182.933
390.398
225.257
175.096
322.28
121
349.957
349.957
419.112
145.655
220.21
168.211
43.6716
289.622
324.626
36.1064
320.944
348.687
279.519
320.998
195.56
391.583
300.445
119.277
119.277
453.032
249.825
257.827
300.154
501.075
168.794
306.292
354.924
137.841
31.1691
30.7706
30.7706
57.5533
310.267
108.216
93.9549
46.7065
68.7054
332.599
108.872
315.356
336.196
336.196
200.391
286.522
109.483
131.876
86.1869
141.715
529.309
134.222
134.222
272.402
449.599
331.271
331.271
443.185
148.067
256.736
256.736
294.976
303.627
292.441
57.7417
57.7417
238.708
242.136
207.814
36.467
36.467
143.987
373.6
184.047
211.057
420.995
215.344
288.921
96.4056
96.4056
168.812
96.0866
356.1
166.15
65.7428
66.4274
402.679
533.222
397.047
238.769
238.769
471.47
116.449
116.449
98.1436
409.491
515.298
183.013
183.013
183.013
183.013
410.98
315.154
198.569
198.569
128.101
31.2608
31.2608
291.864
453.897
301.737
47.9249
66.7424
113.98
59.237
59.237
405.759
520.046
308.835
308.835
39.1291
113.241
88.8945
206.729
181.646
380.522
216.41
170.237
170.237
50.7723
494.69
489.601
246.454
68.9827
208.119
261.852
142.585
34.4803
34.4803
62.9824
73.1754
210.438
480.582
45.753
76.2919
42.8696
84.8203
423.519
286.442
51.908
136.771
102.832
444.481
284.251
337.352
92.9724
171.295
56.427
126.301
460.964
328.906
318.422
318.422
550.324
305.801
305.801
70.0681
121.947
121.947
269.778
269.778
431.649
220.458
49.3309
49.3309
247.234
72.7847
72.7847
290.34
107.825
358.724
358.724
115.061
44.8278
179.395
402.019
402.019
38.082
38.082
120.305
502.033
71.1535
470.241
388.57
484.348
484.348
189.546
185.148
185.148
382.265
343.696
351.488
381.463
185.036
188.504
188.504
31.4227
283.751
405.751
307.041
97.8663
31.2639
219.667
366.945
299.502
32.6516
264.262
264.262
52.2755
390.38
383.07
35.5494
35.5494
115.431
334.263
309.231
309.231
370.171
451.183
358.275
358.275
351.561
165.69
165.69
330.188
193.67
212.783
120.281
215.965
215.965
215.965
224.776
236.283
375.185
430.762
451.325
280.807
267.641
43.2646
60.4404
362.404
264.607
324.996
178.359
114.535
340.841
250.881
324.999
50.7036
242.366
259.629
321.233
90.8844
375.7
375.7
244.947
46.7459
295.464
295.464
297.194
65.021
65.021
217.926
217.926
278.849
120.441
120.441
171.399
275.238
275.238
108.025
391.276
333.55
73.0603
511.116
333
53.2077
209.593
425.318
69.785
343.491
159.962
159.962
44.7554
152.289
152.289
318.368
31.8085
279.614
227.74
340.976
93.0606
390.763
390.763
32.3773
296.909
109.62
295.648
69.6033
227.469
205.896
205.896
236.311
236.311
115.064
54.4074
201.174
502.637
332.506
34.3207
135.322
261.764
283.024
314.529
185.973
167.563
167.452
261.878
51.6155
398.667
137.615
134.394
301.135
164.602
164.602
160.982
160.982
160.982
342.112
165.937
109.817
257.316
64.5752
107.292
278.91
359.021
366.077
389.623
481.465
269.134
215.177
72.2131
215.382
235.828
229.525
220.143
202.742
174.503
174.503
275.228
73.5307
390.469
390.469
332.568
216.017
216.017
438.799
438.799
46.285
199.664
224.428
257.764
114.983
503.128
342.962
321.553
366.793
320.973
320.973
45.9887
501.871
110.623
430.844
142.068
168.284
168.284
111.914
138.913
310.935
333.948
295.572
106.252
420.942
163.746
133.206
31.4816
212.758
143.043
464.012
464.012
85.4996
129.487
129.487
110.639
283.778
249.88
424.186
214.217
428.877
379.561
211.909
172.57
317.721
426.165
257.368
141.886
349.722
85.0046
146.91
327.059
199.012
67.8699
103.926
103.926
278.358
278.358
495.29
342.384
400.575
421.511
379.272
78.8378
198.08
162.805
144.73
297.67
281.63
389.215
172.263
432.05
277.717
214.13
201.92
201.92
201.92
144.948
220.624
220.624
72.2822
72.2822
166.648
166.648
166.648
47.6978
436.169
172.514
320.27
320.27
299.293
111.891
450.848
111.274
54.6337
96.5262
167.441
169.403
311.888
281.833
429.42
135.817
301.276
51.7071
153.568
341.015
85.5788
152.339
33.1479
194.942
271.436
110.468
298.694
305.154
313.698
47.7974
436.234
436.234
400.04
346.963
346.963
357.988
236.882
452.944
130.542
130.542
335.963
225.22
357.215
92.6596
387.659
414.404
117.155
154.692
265.845
560.876
442.652
301.693
130.769
130.769
226.59
415.423
315.113
315.113
91.5146
454.956
49.232
283.924
277.705
277.705
69.866
52.3584
373.907
296.601
369.32
348.599
114.422
487.936
50.8195
256.354
283.044
283.044
210.646
265.136
328.496
156.596
221.249
506.637
127.294
470.675
318.927
382.373
66.7615
66.7615
83.7507
83.7507
106.219
313.12
56.0583
431.057
431.057
264.692
267.564
439.286
205.683
217.067
217.067
389.653
235.702
224.176
319.939
319.264
319.264
189.331
61.0144
349.21
359.707
237.925
48.0233
48.0233
476.596
302.016
201.369
162.884
109.317
123.97
268.292
488.304
334.145
176.862
467.804
467.804
128.945
128.945
146.98
44.0347
44.0347
387.012
168.2
86.1065
81.7364
437.044
437.044
209.062
337.502
365.959
373.01
378.386
42.0599
360.265
45.729
159.7
157.299
380.339
261.463
306.581
97.6792
339.59
111.718
320.945
395.962
346.668
193.958
197.751
74.364
142.593
142.593
116.068
508.903
516.992
113.359
113.359
71.3807
58.3156
277.862
445.462
202.904
292.512
76.5248
96.3263
74.198
137.275
305.565
115.406
482.363
141.518
141.518
188.404
238.285
59.2422
54.7981
567.827
375.974
55.5617
252.729
381.215
83.5247
150.806
150.806
240.608
203.736
214.8
189.461
382.755
317.115
246.426
195.396
195.396
501.149
125.676
252.386
328.831
328.831
295.863
218.755
304.156
304.156
84.1935
494.636
279.943
49.1402
58.6717
400.324
530.679
96.9749
107.748
239.677
61.4589
289.473
331.47
331.47
233.172
302.109
362.889
79.7487
235.912
465.258
465.258
55.1005
148.857
61.938
95.5387
95.5387
259.003
147.629
171.499
168.208
168.208
168.208
447.511
139.543
194.383
183.958
333.944
399.992
86.4198
181.183
181.183
231.092
231.092
63.1442
63.1442
61.9252
61.9252
329.315
30.6041
30.6041
80.6353
288.998
319.683
79.2236
103.811
394.875
58.688
405.525
405.525
185.348
266.36
334.551
334.551
351.462
190.518
287.354
148.664
303.366
341.128
341.128
130.613
130.613
96.6816
269.474
475.05
475.05
301.497
152.969
303.77
125.331
125.331
368.775
437.762
97.0025
63.1102
422.713
525.564
37.6257
171.967
319.593
94.4442
151.063
202.627
230.411
121.549
293.517
501.683
330.901
160.208
375.515
196.2
341.576
302.252
204.604
408.986
320.097
471.724
199.085
321.017
321.017
214.75
318.455
316.211
470.251
457.696
366.992
240.59
335.762
335.762
212.438
31.5928
39.3357
355.468
355.468
44.3451
44.3451
125.919
51.0729
501.222
275.662
301.523
395.73
40.341
432.448
204.531
141.473
243.242
322.948
81.5784
269.203
69.3852
115.944
467.3
133.789
497.122
497.122
205.444
205.444
152.089
73.392
73.392
462.436
462.436
37.1929
134.653
134.653
237.962
162.669
162.669
455.842
461.044
255.118
133.345
342.769
558.634
466.732
466.732
81.2548
458.707
333.121
388.296
294.912
93.3768
69.0927
291.231
391.925
269.449
114.214
124.103
470.212
332.729
205.604
71.1544
30.8275
191.061
228.312
440.983
110.164
271.736
86.3606
189.218
325.861
100.031
66.8796
335.487
251.074
246.444
495.408
335.099
462.024
407.352
360.3
360.3
183.794
183.794
151.39
404.857
315.224
242.457
89.7969
344.71
136.991
162.499
344.428
169.154
169.154
192.02
61.7753
61.7753
61.7753
362.005
158.346
421.64
421.64
560.455
257.287
93.9411
185.689
337.919
239.443
192.176
334.059
55.3312
325.84
148.608
73.4014
480.878
177.906
203.567
319.718
125.062
370.718
103.739
86.3799
380.771
382.217
277.678
250.671
250.671
391.471
146.533
343.492
206.17
206.17
250.13
116.625
110.89
176.815
176.815
176.815
395.111
30.3163
83.8603
258.984
356.825
356.825
356.825
312.777
306.83
63.3714
412.791
82.0772
88.9939
88.9939
429.947
34.1066
191.924
391.391
136.261
218.724
301.05
180.021
180.021
198.864
198.864
127.341
473.196
31.3029
335.87
351.917
151.552
469.035
297.139
317.096
317.096
311.343
145.958
145.958
347.555
347.555
179.207
496.488
450.737
470.132
208.201
199.998
121.198
121.198
66.5286
493.697
160.681
346.644
380.595
306.977
196.569
141.833
298.812
496.53
80.7167
371.347
87.4171
79.3062
434.571
94.0575
34.7023
34.7023
119.05
194.099
182.635
182.635
251.136
251.136
47.6526
45.4849
274.706
437.413
154.078
189.269
191.148
301.879
46.3226
437.322
252.618
252.618
222.547
546.516
35.9237
467.131
389.045
404.703
103.191
393.389
41.5861
216.346
294.109
224.666
224.666
333.849
380.583
88.0271
88.0271
45.0943
159.708
344.464
56.8239
56.8239
345.893
210.097
264.663
146.745
146.745
208.879
488.645
282.255
275.695
320.611
290.211
550.982
142.032
489.948
489.948
129.021
69.5985
58.5378
192.217
65.8727
73.3729
145.379
174.816
192.617
192.617
144.262
161.37
161.37
428.245
41.282
478.872
202.068
101.236
101.199
362.296
362.296
64.0513
315.326
255.631
255.631
217.794
217.794
266.619
276.527
276.527
511.715
371.64
323.638
429.567
201.295
201.295
170.805
82.4844
194.757
323.008
323.008
75.252
233.978
340.597
106.489
106.489
75.1112
107.435
388.486
57.7084
