222.32
222.32
96.4244
389.277
465.355
115.959
115.959
238.761
74.976
350.992
484.754
484.754
199.399
362.326
91.4495
91.4495
369.525
142.639
109.549
307.605
40.4347
235.772
448.459
242.474
206.715
378.185
73.8273
280.598
329.98
184.146
260.312
130.361
130.361
77.3492
362.091
87.408
103.202
103.202
40.5907
195.328
53.9552
53.9552
314.539
365.721
268.852
35.4624
384.522
378.282
285.696
318.3
49.4792
317.749
52.9379
235.413
127.855
173.607
35.7261
42.1558
42.1558
42.1558
259.949
285.534
130.245
143.755
421.489
145.473
243.842
243.842
80.0448
271.899
271.899
241.943
362.858
277.692
311.066
441.786
401.274
401.274
241.409
117.745
238.198
238.198
58.8071
169.743
53.7494
217.924
217.924
158.77
227.728
227.728
34.5307
248.441
340.665
100.501
80.0866
35.4487
35.4487
415.881
224.447
224.447
84.9208
84.9208
95.6904
69.8094
76.9379
177.324
467.255
108.881
498.579
498.579
311.432
311.432
213.381
213.381
400.428
240.676
394.999
272.799
138.865
280.605
152.701
104.879
190.626
236.166
188.295
283.288
74.1414
174.85
104.182
335.765
335.872
93.2339
309.177
145.366
269.277
493.511
326.33
326.33
347.708
347.708
236.875
254.952
366.614
69.8805
344.458
309.401
351.609
503.994
378.862
180.776
180.776
154.198
222.334
409.067
356.305
62.9257
511.194
45.2773
365.283
174.513
333.602
287.489
142.418
332.787
195.933
195.933
170.885
33.5281
33.5281
211.253
211.253
156.707
156.707
395.783
91.6307
91.6307
366.62
366.62
480.935
180.435
473.738
241.576
410.394
327.184
383.098
213.326
213.326
31.3137
298.499
362.092
101.969
422.125
282.518
158.645
112.298
79.1277
126.586
117.241
270.378
359.586
418.307
114.08
114.08
50.8287
245.99
91.5276
226.778
316.247
516.858
516.858
128.253
121.414
313.385
257.743
340.385
126.964
208.515
265.603
309.885
123.08
216.396
74.7367
74.7367
302.378
145.632
121.633
288.307
218.856
221.027
36.433
293.149
201.234
478.758
115.265
220.319
215.172
58.9115
73.3037
349.231
231.657
231.657
391.636
220.748
295.72
371.544
69.9175
197.866
181.77
207.701
325.053
161.057
479.354
182.715
182.715
419.114
367.49
380.919
38.5907
128.729
128.729
327.154
327.154
327.154
164.628
164.628
277.968
108.305
312.037
111.67
260.635
402.004
63.5689
155.681
155.681
300.362
98.1187
261.474
209.617
350.139
291.399
351.892
498.5
130.252
130.252
130.252
241.404
259.064
226.892
463.562
88.2525
193.713
192.786
151.525
326.484
233.181
390.1
220.862
340.683
215.796
267.615
267.615
51.5622
190.67
540.24
540.24
120.198
120.198
117.947
117.947
356.357
363.452
435.129
178.039
285.353
200.13
207.975
466.836
63.3802
501.896
142.295
155.784
352.483
43.7015
43.7015
270.03
270.03
217.856
293.124
413.889
214.973
63.0382
277.602
277.602
290.508
290.508
334.659
334.659
233.177
102.448
102.716
61.9657
447.101
158.991
158.991
97.7191
352.523
122.5
91.0121
257.649
345.782
166.837
131.977
314.14
32.578
182.779
326.626
510.953
128.724
34.8186
363.555
323.07
49.2586
278.33
77.2109
93.8044
483.541
256.381
37.6157
242.319
319.993
128.768
395.086
370.081
343.536
37.8884
382.428
207.566
486.146
412.498
412.498
60.3496
356.735
73.6698
73.6698
203.912
312.379
312.379
360.363
42.3344
243.279
428.837
111.718
111.718
265.191
93.8915
407.225
119.971
372.206
118.632
366.343
175.297
312.912
312.912
206.259
218.035
43.6065
391.37
391.37
154.82
154.82
251.484
144.091
288.292
142.076
142.076
204.052
204.052
197.268
236.454
101.519
200.796
242.444
168.362
411.282
337.98
108.406
143.166
47.0191
93.9077
80.9131
152.643
163.42
163.42
449.987
221.172
221.172
255.002
143.951
245.754
174.076
137.436
137.436
93.863
317.81
317.81
58.2485
59.2671
59.2671
138.972
41.4775
298.616
211.151
134.383
134.383
188.819
188.819
111.055
99.6492
191.013
174.593
49.1784
375.707
375.707
265.319
55.3384
55.3384
35.3303
80.9902
161.121
326.96
30.1205
176.895
271.532
364.095
179.328
448.898
100.436
329.705
246.024
98.1642
126.176
32.6101
270.276
89.6247
89.6247
288.022
361.986
108.651
169.613
228.15
442.869
70.2885
70.2885
233.575
75.8636
75.8636
360.801
315.428
378.798
378.798
230.937
79.3281
315.594
446.928
187.788
368.769
241.222
211.49
49.7365
331.585
331.585
371.81
186.109
96.7545
161.154
377.575
155.479
153.989
46.6635
46.6635
46.6635
195.485
120.063
236.494
42.775
329.135
155.284
155.284
434.716
464.973
464.973
77.4758
191.78
35.9824
449.529
371.723
158.296
140.529
121.029
121.029
224.591
370.046
355.295
350.683
392.278
217.854
86.8199
86.8199
441.768
171.471
343.353
398.538
365.752
114.369
432.993
216.189
198.369
198.369
482.194
500.925
500.925
302.174
197.989
490.542
490.542
126.81
374.919
250.141
489.355
171.867
171.867
418.646
418.646
347.582
70.0188
165.178
165.178
294.599
140.61
184.687
184.687
339.723
302.703
302.923
137.905
66.7927
455.972
548.495
426.904
283.834
105.737
75.9743
386.808
40.9258
40.9258
283.262
483.698
406.027
318.637
79.0822
79.0822
57.8728
370.616
156.896
156.896
385.445
219.211
245.22
378.278
378.278
79.4199
474.637
265.523
333.579
331.459
385.75
204.57
481.304
184.227
304.156
115.383
158.912
366.929
449.623
238.173
198.904
303.178
183.696
158.48
514.292
514.292
311.047
179.301
333.434
310.243
434.124
416.829
295.479
334.571
330.309
56.4627
67.058
192.912
269.088
134.094
134.094
134.094
373.771
169.991
115.364
274.405
517.921
197.876
192.316
287.452
81.4236
81.4236
498.977
120.749
356.692
292.586
75.3588
75.3588
262.119
169.988
370.796
370.796
349.796
252.595
252.595
362.192
262.864
289.749
365.969
104.772
71.4923
277.534
257.91
381.854
77.2152
77.2152
117.019
171.287
66.2956
66.2956
70.3313
344.03
131.078
432.032
44.6591
391.538
391.538
277.786
348.792
357.263
121.762
121.762
72.1209
118.835
139.783
139.783
297.743
419.589
146.499
213.641
45.2356
119.015
81.4673
81.4673
43.1359
136.226
286.504
543.932
367.974
473.958
71.0686
115.536
115.536
212.454
410.23
323.125
335.267
335.267
189.996
189.996
351.644
173.722
173.722
447.56
213.603
213.603
60.5145
489.417
172.077
443.748
442.89
282.477
225.647
325.292
234.432
234.432
170.166
358.238
196.96
32.0249
157.811
79.9932
79.9932
335.213
282.945
282.945
150.53
429.547
314.946
91.3293
76.8586
94.6059
264.744
42.661
268.42
39.3574
39.3574
434.4
414.963
304.79
94.7664
94.7664
219.579
118.809
289.467
136.279
145.697
304.923
122.495
480.398
402.282
362.268
423.087
256.67
247.722
88.0675
433.488
175.275
306.11
71.5306
71.5306
119.438
153.378
153.376
34.266
355.005
391.104
303.091
40.5253
161.651
208.719
208.719
51.7528
51.7528
235.693
423.724
374.91
332.439
439.554
488.125
378.562
58.6799
140.817
367.861
367.861
313.418
126.689
411.27
402.835
304.398
221.741
85.4545
183.233
33.9134
33.9134
559.083
147.556
147.556
267.387
42.022
134.553
134.553
474.982
366.948
114.888
131.59
176.667
269.8
433.713
286.292
413.314
190.033
190.033
241.426
241.426
254.597
146.469
324.03
177.978
552.231
429.302
114.897
95.532
326.851
48.2447
31.1704
141.065
459.081
129.059
148.698
241.042
111.59
221.572
299.56
453.17
51.0765
90.7389
345.766
70.0817
245.079
287.993
255.746
358.191
309.792
472.947
361.545
382.237
382.237
403.667
271.27
133.765
133.765
199.464
482.161
171.802
228.366
298.464
191.765
216.194
233.498
233.498
472.436
316.781
207.777
314.41
373.019
360.467
316.767
316.767
316.767
242.186
294.156
338.79
64.5495
337.371
84.4825
32.1396
187.486
210.155
210.728
39.0579
149.8
348.901
66.2553
107.034
387.132
406.495
493.703
48.5406
119.649
422.524
178.027
138.553
34.5582
315.793
357.501
227.064
312.538
125.78
402.404
143.608
438.19
68.7121
170.93
395.661
111.824
398.819
398.819
363.289
363.289
303.319
407.709
407.709
91.8869
79.4006
157.311
429.665
185.85
302.102
139.156
390.643
149.067
128.231
128.231
157.704
266.934
499.234
67.8095
67.8095
264.716
269.582
269.582
264.863
257.525
30.378
31.4282
402.591
380.641
236.36
290.409
247.737
178.104
178.104
322.827
92.2296
92.2296
127.52
296.186
120.97
370.194
310.93
407.68
102.103
102.103
123.82
160.653
243.005
294.399
393.571
262.859
117.251
254.772
527.689
90.9988
130.03
313.501
365.783
71.3268
265.99
265.99
551.229
288.587
476.045
323.751
30.703
176.913
367.379
399.591
399.591
196.533
275.033
309.241
389.318
105.485
105.485
123.632
75.6927
75.6927
499.532
306.934
405.828
60.7385
162.054
389.472
283.084
328.644
191.905
372.252
149.712
390.175
384.949
67.1365
476.79
147.294
108.714
409.862
194.89
32.5126
386.131
143.836
143.836
312.536
153.229
241.83
102.983
71.2313
385.564
365.182
494.234
135.897
367.805
101.092
101.092
101.092
101.092
153.598
162.035
396.107
396.107
173.599
266.617
59.5651
254.411
254.411
79.1009
297.092
163.061
165.774
200.168
482.108
341.01
333.872
386.613
178.21
511.056
387.106
239.622
382.193
71.0558
381.056
113.652
356.115
169.699
280.396
75.8802
176.233
160.378
301.573
393.097
177.341
354.025
393.294
393.294
186.745
86.64
569.058
321.044
53.9393
53.9393
338.257
408.158
505.321
505.321
278.062
480.605
186.678
335.523
161.749
161.749
98.3235
98.3235
111.765
294.841
294.841
393.52
393.52
51.8455
195.812
451.005
278.444
63.2131
324.111
325.852
362.993
288.852
288.852
61.3701
484.319
175.894
175.894
68.1022
400.419
35.9068
391.418
400.929
266.939
266.939
293.278
439.088
87.0777
87.0777
310.395
359.411
205.664
205.664
439.145
439.145
292.548
235.38
385.356
244.626
386.375
224.037
110.878
110.878
439.565
237.77
55.8255
55.8255
72.2232
177.038
437.953
437.953
82.947
234.951
299.457
38.2706
280.077
181.893
287.674
350.656
171.342
313.207
123.554
51.6085
51.6085
73.492
73.492
401.606
55.5475
148.347
332.112
332.112
172.461
209.537
101.762
233.366
292.487
251.339
333.394
452.836
97.399
77.0858
170.14
32.8301
47.3393
410.431
410.431
271.89
305.739
223.932
518.16
201.788
73.9123
305.097
305.097
335.981
575.314
138.91
172.33
273.758
243.447
165.294
292.062
35.0795
394.789
394.789
56.2781
56.2781
221.398
221.398
174.773
174.773
174.773
79.5635
157.938
97.0305
295.345
343.434
204.473
205.101
299.856
299.856
169.205
410.285
248.836
248.836
539.273
30.0932
232.126
144.146
298.99
313.315
146.293
228.761
237.755
250.5
258.457
149.321
148.122
336.834
319.935
193.628
249.091
513.592
360.81
180.282
180.282
529.045
211.224
48.4636
48.4636
306.429
445.96
389.136
340.747
190.606
164.692
304.607
305.702
247.961
247.961
196.653
406.627
314.669
411.923
163.23
104.904
34.0085
362.499
328.894
306.634
37.1195
206.939
206.939
394.718
406.577
299.803
299.803
299.803
353.633
218.654
284.698
319.599
319.599
401.303
35.1596
35.1596
35.1596
207.482
55.601
55.601
382.701
379.431
147.383
475.914
203.088
203.088
209.56
387.419
113.827
229.493
229.493
78.5014
78.5014
319.189
342.008
339.285
105.856
60.6661
493.065
174.213
334.315
43.6556
351.304
351.304
250.929
43.0137
275.037
357.152
135.313
410.779
410.779
226.634
348.726
403.407
82.0388
261.389
523.999
218.922
477.113
496.539
60.4534
189.902
211.815
211.815
334.216
296.665
262.325
103.667
274.686
240.92
372.527
83.796
352.651
352.651
235.509
94.7549
380.721
252.081
474.817
474.817
80.5103
306.54
477.024
430.032
198.031
382.587
84.2456
193.764
168.932
168.932
303.52
215.34
138.426
138.426
138.426
108.778
253.286
187.361
187.361
140.285
519.035
413.061
349.708
165.652
283.08
196.328
157.007
460.247
460.247
323.464
422.399
305.12
411.306
173.569
231.844
284.237
321.08
309.969
309.971
78.1551
78.1551
494.878
71.698
31.8361
201.161
201.161
163.647
38.5887
348.017
54.5805
270.837
178.73
178.73
178.73
285.394
273.605
158.08
77.8115
78.0879
67.7546
210.38
230.936
353.229
335.19
176.337
263.471
222.7
222.7
62.6197
317.703
163.593
163.593
190.436
174.532
256.415
479.964
59.8947
86.19
100.054
406.674
128.286
327.704
214.178
127.926
127.926
342.028
520.864
106.645
104.511
60.5707
488.806
242.971
131.65
294.772
287.322
315.433
297.007
257.877
85.7994
232.225
410.655
109.899
334.075
334.075
312.425
313.56
86.8686
86.8686
312.838
394.986
394.986
219.714
74.1254
60.2331
188.844
89.9234
236.406
236.406
89.3333
247.424
247.424
43.4447
332.946
36.9566
265.967
275.512
91.9603
91.9603
332.354
88.0909
342.89
342.89
267.845
278.555
76.253
329.443
47.4427
338.956
74.0022
239.732
106.934
291.573
184.362
79.7371
414.051
239.75
400.046
173.856
318.39
390.161
283.974
283.974
214.796
385.435
50.7257
131.374
319.301
146.034
146.034
342.657
82.4293
403.523
343.367
173.759
159.383
279.118
117.548
117.548
246.844
246.844
331.915
91.7615
69.6336
278.243
366.478
181.866
347.821
337.92
191.696
112.631
48.3846
48.3846
131.516
301.123
111.342
142.01
190.698
158.189
158.189
253.847
395.078
493.682
420.779
310.331
464.204
121.382
127.311
307.8
307.8
447.628
200.797
268.303
268.303
61.6145
452.938
39.1976
39.1976
39.1976
272.221
158.674
158.674
158.674
207.807
87.61
182.965
226.059
167.352
167.352
167.273
167.273
190.544
507.691
238.012
222.491
90.815
184.859
468.857
374.321
84.8255
147.283
147.283
95.7228
55.0542
55.0542
358.077
263.622
202.504
202.504
202.504
325.034
325.034
317.729
320.136
320.136
233.274
233.274
184.97
184.97
42.5069
229.635
439.926
439.926
291.67
220.52
147.521
147.519
46.5827
190.716
466.841
122.08
122.08
375.314
297.192
102.146
85.2486
248.769
280.958
170.708
279.958
279.958
403.078
43.4747
143.485
300.908
156.682
272.051
112.483
40.818
107.885
384.904
363.874
346.753
143.466
375.653
375.653
490.018
507.964
93.6812
458.335
103.355
227.557
522.987
188.333
116.023
98.3849
354.733
354.733
338.194
352.682
381.934
287.553
97.9014
88.7154
326.162
133.524
72.0342
339.551
241.232
241.232
332.253
339.628
252.081
234.123
377.002
377.002
100.628
100.628
283.9
266.828
88.7355
347.604
188.747
204.678
204.678
490.264
358.133
279.001
279.001
412.634
348.494
348.494
290.056
206.977
429.565
171.828
409.804
382.529
375.876
44.1082
44.1082
269.109
269.109
247.769
209.374
304.452
311.094
416.379
244.964
230.016
375.56
461.888
375.188
171.936
523.909
523.909
337.108
323.465
323.465
454.213
454.213
252.753
252.753
30.7328
167.511
45.7221
426.611
96.6427
96.6427
495.389
194.164
194.164
171.882
209.857
76.8923
191.303
223.815
197.123
323.675
516.526
516.526
367.056
199.032
137.987
361.694
265.21
447.814
160.663
332.421
335.783
209.052
42.8422
42.8422
159.76
302.557
353.486
114.863
400.046
400.046
195.382
195.382
288.519
72.7006
178.588
178.588
42.4686
310.317
310.317
270.537
77.6115
145.467
223.668
263.967
105.495
425.796
425.796
97.6461
314.456
347.733
347.733
242.592
462.94
102.017
388.242
435.482
381.241
381.241
239.636
361.076
179.118
155.941
126.975
266.04
125.577
31.7792
441.411
306.5
306.5
47.5998
392.903
106.254
65.8983
171.349
171.349
156.765
156.765
309.21
291.531
33.004
136.116
306.482
35.4025
352.396
449.07
142.098
142.098
143.47
360.522
288.381
31.1717
263.556
116.877
461.837
83.3602
147.812
247.421
247.421
181.624
189.121
125.808
125.808
273.357
89.683
253.639
491.38
413.39
65.5876
65.5876
509.275
509.275
177.261
61.3715
256.945
49.0794
311.657
40.5811
110.552
145.057
102.89
370.314
179.04
271.558
310.897
200.999
445.975
304.488
87.9809
97.2868
299.077
185.403
181.458
156.735
231.839
216.51
212.231
30.2874
131.704
45.2519
310.121
310.121
540.26
145.96
145.96
140.151
349.157
75.9872
134.751
74.7071
214.521
298.592
143.32
143.32
135.708
307.522
327.834
177.411
177.411
357.915
357.915
357.915
74.6225
247.196
456.369
91.0088
145.614
145.614
136.156
40.3093
414.007
296.179
71.3024
71.3024
232.437
71.8676
163.47
158.913
282.625
71.9388
452.84
132.589
107.755
107.755
107.755
50.8918
494.241
421.801
304.331
227.198
227.198
232.025
254.995
123.791
238.107
114.188
369.441
272.14
148.513
268.706
250.858
131.483
152.699
457.436
259.742
437.28
185.145
273.284
381.17
95.4984
314.767
134.841
85.322
73.6856
41.4468
280.06
254.903
82.7104
50.6083
362.464
371.203
349.686
193.325
193.325
432.777
175.115
504.595
185.955
307.521
246.911
436.56
436.56
179.163
50.8135
50.8135
34.1707
69.7902
151.198
177.286
177.286
237.172
62.1378
515.13
515.13
127.692
344.824
298.958
115.539
214.318
32.4472
262.044
335.291
110.962
110.962
316.427
188.771
370.441
291.637
77.1433
400.416
309.885
309.885
190.009
336.971
354.793
44.1234
338.217
338.217
170.678
36.753
36.753
509.353
113.885
301.627
318.296
116.013
366.782
333.043
164.081
344.492
365.524
439.353
374.309
334.679
316.665
356.944
225.765
380.943
50.6188
528.702
334.216
334.216
245.045
283.328
309.061
233.965
98.8338
367.468
290.551
214.958
214.958
204.169
404.879
34.4582
271.21
271.21
324.464
557.534
557.534
492.471
55.6645
55.6645
55.6645
223.342
214.149
111.985
272.211
272.211
35.8173
214.954
133.959
391.154
333.621
418.511
418.511
407.547
356.546
371.686
384.924
292.262
242.595
481.373
101.65
379.289
200.938
328.299
328.299
56.6793
56.6793
385.595
260.963
30.0403
30.0403
366.545
216.919
257.093
405.65
245.023
206.021
33.9228
269.914
360.778
411.813
411.813
270.499
325.824
61.2796
182.931
427.998
291.991
437.347
292.799
236.554
357.53
271.981
53.4137
282.895
88.6385
530.494
259.864
220.248
32.5864
55.3211
60.2768
60.2768
534.581
534.581
223.468
45.7986
390.419
112.637
348.529
46.4513
161.433
205.772
260.478
31.3366
145.464
477.869
205.374
36.2793
36.2793
261.827
261.827
142.413
333.852
56.8537
30.8132
311.183
311.183
486.491
87.9439
87.9439
82.1499
233.43
253.727
42.6104
244.099
187.916
81.8562
34.7595
261.346
136.634
347.771
347.771
107.296
332.783
154.781
190.695
145.656
110.077
110.077
56.4702
109.217
58.4899
58.4899
565.754
315.264
177.144
177.144
350.756
465.951
238.355
319.803
159.977
103.212
45.678
229.938
211.02
340.125
385.707
50.467
50.467
175.241
239.411
239.411
244.191
44.9659
44.9659
42.9315
418.593
152.431
398.625
32.4155
206.254
206.254
386.242
562.372
288.326
173.117
326.945
97.5184
88.865
407.194
502.645
197.674
253.84
117.195
546.515
141.783
78.8944
223.277
42.9079
258.822
232.147
340.162
340.162
33.1462
308.796
42.492
81.5731
81.5731
238.942
210.396
197.857
400.87
32.6551
43.2073
185.822
185.822
277.625
370.37
301.001
215.215
31.411
54.3414
54.3414
115.488
293.098
193.551
193.551
330.86
47.8743
47.8743
253.661
307.609
97.6922
50.0947
230.952
368.763
120.083
119.393
441.432
286.21
190.417
190.417
311.676
311.676
430.405
359.598
363.648
220.159
348.654
245.548
443.869
156.853
156.853
412.09
191.965
191.965
191.965
130.873
362.837
358.289
358.289
427.021
158.106
59.9883
59.9883
238.621
82.2859
405.183
176.282
176.282
330.331
242.89
226.015
226.015
214.796
343.752
184.696
332.146
116.27
128.169
208.383
53.7513
74.0994
556.062
270.431
195.112
205.714
457.841
111.918
111.918
74.3086
369.513
477.064
234.962
78.6859
118.827
108.318
180.198
180.198
489.928
209.976
370.767
198.15
500.787
413.622
45.3036
395.685
395.685
240.602
161.433
213.953
213.953
213.953
212.529
62.4499
43.806
49.8531
432.726
119.98
104.947
94.4123
528.629
368.098
57.7694
57.7694
324.353
151.033
151.033
397.954
317.921
124.2
303.011
72.1779
222.828
71.8253
73.0791
358.361
85.8942
118.719
281.814
315.097
250.358
33.0152
172.633
172.633
190.349
250.729
440.875
34.1676
110.837
419.699
419.699
141.139
204.962
204.962
373.221
125.957
161.717
161.717
196.275
499.772
210.536
152.303
295.352
295.352
102.975
102.975
244.283
244.283
262.151
262.151
264.654
275.646
209.325
337.816
311.263
226.173
226.173
65.6774
116.772
116.772
222.866
269.05
434.778
434.719
39.1847
39.1847
183.485
252.24
341.984
426.54
426.54
125.988
104.482
282.794
469.728
201.211
145.68
281.921
155.28
365.298
365.298
337.405
375.892
101.722
272.873
61.1204
61.1204
189.226
282.477
269.612
85.0619
68.7047
68.7047
268.55
406.15
323.35
123.972
45.559
274.034
274.034
93.597
398.756
37.3894
281.582
101.147
120.231
189.699
235.398
480.799
369.589
145.763
77.5572
318.946
145.032
154.123
475.43
475.43
232.609
528.175
209.169
337.122
74.2188
327.383
327.016
198.069
208.03
159.54
159.54
543.901
383.523
263.926
315.738
123.837
331.139
95.4098
97.1347
100.202
100.202
111.279
89.768
193.934
456.341
346.119
297.153
301.398
101.839
276.528
466.53
140.75
82.7416
209.089
117.893
384.197
158.583
568.017
423.841
538.27
274.272
115.628
144.702
143.286
494.741
173.709
135.045
323.875
180.323
156.218
150.438
316.136
334.224
514.811
514.811
50.5949
50.5949
450.088
192.367
239.211
283.799
94.5025
94.5025
361.845
75.1159
202.405
331.553
331.553
252.014
311.621
255.173
187.414
187.414
51.453
177.479
351.931
402.756
310.412
431.187
419.385
338.956
440.038
440.038
57.5198
313.687
155.559
155.559
227.22
227.22
373.219
99.4842
99.4842
416.07
113.688
113.688
276.089
381.959
493.959
34.5813
289.042
194.72
194.72
492.42
439.607
68.895
123.579
398.625
398.625
56.681
256.868
187.571
257.048
158.428
177.864
177.864
177.864
287.054
326.82
207.374
418.46
337.437
337.437
270.029
283.946
353.986
251.376
316.063
224.838
32.3001
227.308
485.291
229.861
321.984
244.149
60.1214
296.192
156.598
475.454
384.198
177.33
476.209
381.782
133.974
133.974
131.851
131.851
182.484
140.299
427.809
290.292
315.891
57.5059
65.6188
134.267
134.267
96.7594
96.7594
356.194
57.2995
57.2995
352.309
338.84
141.583
141.583
190.934
137.086
381.133
381.133
78.4069
91.4035
104.858
316.383
122.275
469.39
48.5122
411.062
72.283
72.283
296.681
241.718
374.393
248.214
37.6447
174.54
77.2417
77.2417
227.999
411.093
224.001
312.746
312.746
119.163
236.314
130.545
383.913
437.555
106.702
338.958
338.958
249.806
249.806
190.532
204.352
472.561
447.104
447.104
291.372
291.372
219.326
144.803
394.27
193.866
193.866
406.795
196.397
44.79
44.79
131.801
131.801
501.869
365.279
125.391
125.391
298.272
127.396
127.396
460.805
280.318
95.994
339.305
243.314
499.963
499.963
189.925
223.058
290.582
108.822
215.23
78.7032
78.7032
78.7032
465.715
190.977
59.4866
310.797
47.2772
217.717
457.721
449.583
253.971
223.339
223.339
340.993
370.771
370.771
370.771
330.225
403.373
403.373
477.401
403.554
173.87
479.237
231.542
330.008
98.0322
241.651
105.871
143.66
143.66
283.045
145.223
83.7804
280.977
341.352
487.249
389.892
194.884
220.54
316.373
31.5563
73.3229
132.285
132.285
314.248
358.146
371.576
273.877
278.161
348.653
427.116
246.276
246.276
267.988
329.74
34.192
170.714
170.714
291.111
127.29
371.964
570.614
335.689
287.44
140.011
308.273
464.2
131.291
131.291
544.495
208.081
351.416
362.621
162.746
154.879
326.067
204.891
295.326
122.975
196.799
388.906
199.82
186.874
131.158
71.3904
328.56
125.718
367.557
57.8503
49.5095
103.157
112.574
112.574
38.9006
240.411
240.411
136.357
252.46
90.9587
90.9587
522.223
407.047
442.242
62.4931
250.519
278.53
313.298
229.847
244.01
89.1337
104.283
104.283
104.283
107.52
107.519
132.902
315.763
183.212
256.807
529.951
48.9654
120.833
221.413
221.413
335.246
236.229
243.223
71.895
312.917
235.491
476.405
273.983
391.376
434.65
502.123
181.587
59.2682
350.077
496.907
496.907
59.2142
118.767
332.449
135.73
306.153
522.237
395.431
45.1578
471.162
144.123
364.07
436.985
30.5823
150.873
312.051
450.5
222.548
222.548
302.994
129.072
129.072
45.4611
305.858
305.858
176.718
211.659
74.756
119.219
83.4521
394.197
391.566
237.135
482.587
95.1864
74.9988
214.249
214.249
109.732
314.893
82.7152
60.034
274.033
141.968
202.515
189.577
215.126
187.249
517.304
417.607
245.751
148.475
380.873
283.314
508.953
332.44
413.173
363.546
423.055
85.4783
349.538
462.7
340.841
185.015
105.707
108.023
350.213
64.6312
369.897
301.509
160.815
207.449
96.9534
136.504
439.871
411.452
339.358
78.6379
78.6379
455.38
455.38
90.5167
262.517
115.956
281.299
154.631
44.9528
44.9528
52.2916
52.2916
405.654
249.863
318.127
238.915
503.202
503.202
421.893
421.893
421.893
245.097
149.16
149.16
287.312
225.409
515.308
292.313
266.958
203.051
251.107
251.165
251.165
304.169
305.638
366.124
366.124
335.09
335.09
335.167
210.942
411.318
207.495
218.506
342.046
437.831
264.19
205.135
384.69
105.995
321.844
201.562
128.932
248.139
248.139
104.625
104.625
258.113
202.505
34.1838
196.721
65.8221
65.8221
69.7617
294.019
415.433
183.825
404.938
196.785
344.483
206.377
386.069
423.847
397.471
351.805
374.985
123.199
430.326
314.35
111.521
111.521
345.328
181.15
409.04
44.9406
234.312
263.939
103.669
49.8943
49.8943
49.5697
201.84
354.584
65.3153
65.3153
401.729
268.374
72.6851
145.071
300.564
87.2221
30.1933
208.806
30.9718
30.9718
281.472
375.919
441.334
105.808
33.2501
33.2501
33.2501
574.245
31.526
529.279
456.274
104.025
104.025
248.767
370.418
130.037
268.206
198.767
198.767
352.077
300.228
47.7922
189.621
159.317
34.0542
394.004
231.189
370.895
460.219
112.682
112.682
191.604
389.062
121.875
121.875
413.763
123.761
123.761
135.904
110.499
225.503
221.536
339.863
262.912
348.79
255.685
172.156
172.443
536.598
154.454
32.3836
32.3836
278.779
60.4785
325.209
264.456
360.895
50.5912
334.589
412.605
339.713
89.4614
427.736
427.736
417.574
160.256
230.362
265.363
175.786
175.786
384.28
384.28
121.59
308.333
34.1703
34.1703
312.077
460.892
356.804
176.629
446.384
329.202
180.114
308.576
183.799
367.637
198.138
65.6706
156.114
156.114
156.114
86.5921
86.5921
557.826
330.148
201.717
241.94
241.94
182.576
78.2869
164.417
174.758
328.417
286.629
290.635
344.738
251.595
114.912
287.672
516.75
516.75
200.317
184.829
342.73
342.73
371.932
358.149
359.756
128.859
35.1066
299.011
432.072
507.948
313.003
299.058
188.995
180.467
260.02
66.7667
337.645
143.345
34.2523
224.143
285.172
285.172
37.4653
81.9803
316.598
148.559
150.695
409.906
409.906
111.313
310.707
375.019
47.792
47.792
63.7176
257.75
83.3405
119.729
39.5583
73.1062
73.1062
73.1062
60.6882
32.3787
172.672
250.613
315.362
278.135
248.366
320.531
79.307
79.307
305.809
229.563
248.869
230.047
89.8375
89.8375
505.542
201.54
201.54
256.839
154.707
154.707
154.707
168.549
168.549
168.549
45.2216
118.489
56.7937
389.727
86.6119
222.725
151.905
191.917
283.927
322.107
322.107
398.353
264.219
43.9216
317.262
453.705
453.705
285.254
285.254
191.378
191.378
186.246
347.42
273.681
273.681
426.729
87.6403
77.1248
178.979
337.421
105.207
209.166
354.11
56.8203
125.783
61.1299
465.878
321.908
521.374
57.0509
216.544
247.643
155.57
198.61
67.2991
249.781
211.345
211.345
364.644
175.732
510.675
393.746
84.9267
300.375
47.623
210.781
146.652
291.621
291.621
291.621
259.849
66.8152
31.1072
31.1072
171.761
171.761
171.761
378.845
246.572
246.572
374.234
375.315
338.768
242.552
325.291
448.399
448.399
119.628
412.864
237.358
319.585
372
273.914
212.578
212.578
151.98
62.9094
276.812
315.389
315.389
180.96
287.452
478.634
452.126
113.299
216.021
117.525
117.525
368.632
75.9781
264.289
149.783
149.783
563.747
290.47
505.386
236.151
337.937
50.8123
189.695
135.281
121.658
339.778
338.754
426.926
443.077
141.145
57.0056
58.6388
58.6388
96.6798
96.6798
381.212
127.759
93.7457
242.631
242.631
460.673
74.8784
74.8784
460.779
46.5604
66.3203
82.4326
82.4326
94.288
94.288
226.692
42.5908
42.5908
119.072
290.244
93.9308
93.9308
433.122
226.2
226.2
362.411
81.8475
81.8475
266.318
266.318
128.838
128.838
357.485
373.075
334.003
321.344
377.49
369.553
311.318
283.999
256.031
95.7229
372.698
151.153
320.341
89.84
157.376
249.289
200.188
449.725
215.585
84.3892
32.1411
315.151
179.709
298.367
93.8025
149.265
82.6195
274.92
274.92
180.714
180.714
180.714
410.55
482.07
383.799
58.1148
259.717
203.182
125.944
458.579
395.228
340.153
454.668
318.683
160.724
35.948
94.7205
111.766
111.766
253.855
293.394
351.941
365.108
365.108
152.479
439.806
212.816
282.669
458.743
87.8731
36.9162
256.69
320.286
233.325
154.191
338.992
561.05
263.939
336.488
193.488
344.885
247.729
171.181
369.897
226.424
288.348
286.01
286.01
43.0958
43.0958
68.9142
225.767
269.87
410.845
470.526
196.733
287.555
125.034
208.396
247.569
107.26
254.987
254.987
192.068
111.821
403.153
452.193
385.792
197.96
386.352
37.1273
240.252
331.027
120.135
428.417
54.0932
163.988
147.102
147.102
126.813
170.317
366.854
282.964
62.281
32.9793
496.119
496.119
254.719
48.9755
343.302
283.954
240.548
240.548
355.472
478.918
267.378
107.556
107.556
106.913
412.585
127.857
421.252
162.493
313.958
40.8298
466.205
235.107
88.7746
375.334
317.433
364.151
484.571
484.571
358.328
213.846
317.665
99.3717
137.026
33.1387
369.713
247.578
498.732
415.606
389.805
88.7657
300.551
254.482
248.524
474.296
432.072
217.116
57.5083
187.938
187.938
57.1078
57.1078
198.913
382.377
382.377
192.952
72.1552
414.805
48.4645
494.644
104.577
102.682
102.682
365.887
187.108
187.108
129.043
349.575
154.548
154.548
368.181
392.684
89.5319
93.5708
87.3263
467.158
258.388
364.986
80.6204
136.606
53.8383
242.706
422.779
348.633
231.686
134.379
31.9042
73.2921
79.4473
79.4473
157.921
134.927
84.2919
129.117
101.229
157.204
157.204
249.678
224.53
221.784
35.5614
35.5614
168.075
210.914
361.541
508.172
117.518
433.092
32.6347
198.009
163.929
388.646
106.844
82.0053
98.0638
98.0638
354.64
339.685
164.083
68.4042
32.3252
339.909
111.098
294.975
170.869
479.319
113.249
113.249
341.188
341.188
451.733
207.667
273.461
128.851
194.228
198.994
301.154
448.635
554.926
268.934
342.947
342.947
376.842
38.7269
223.196
257.927
257.927
288.637
288.637
496.02
250.025
250.025
246.851
466.226
466.226
176.458
176.458
111.425
297.706
332.009
95.9875
100.367
283.576
122.943
356.946
340.649
430.235
381.391
381.391
248.267
439.151
101.199
101.199
396.787
439.018
228.739
32.1489
366.19
142.794
73.472
94.5874
94.5874
133.848
146.741
146.741
146.741
165.825
79.7034
79.7034
331.689
140.388
168.227
147.85
210.209
210.209
552.826
208.222
208.222
484.358
229.612
70.9948
30.4013
169.369
103.972
404.071
177.616
42.9618
156.251
285.26
285.26
83.9661
512.86
265.86
453.716
34.9972
431.178
175.787
175.787
362.542
225.334
129.86
39.1447
39.1447
258.028
432.077
508.557
66.1253
268.176
268.176
284.477
277.224
59.3223
59.3223
416.574
263.452
263.452
45.3969
45.3969
344.793
344.793
149.411
179.081
337.445
419.933
512.049
261.178
381.854
408.453
353.705
223.579
223.579
322.392
56.1135
77.8016
291.762
198.934
155.683
369.539
369.539
263.232
218.844
116.725
116.725
74.547
204.962
121.313
399.207
51.2612
209.504
105.283
211.142
485.627
130.508
142.031
76.8777
414.759
190.359
237.935
237.935
411.787
431.966
106.333
368.004
358.74
281.555
292.317
348.188
307.169
37.5441
125.431
453.225
145.788
72.1845
408.086
284.835
171.797
171.797
171.797
491.71
68.8413
431.313
163.558
163.558
365.033
170.413
335.966
116.904
334.027
193.387
249.724
47.1725
350.486
350.509
126.668
126.668
127.041
127.041
117.573
313.25
135.919
345.733
57.4471
259.279
106.744
106.744
105.092
334.449
172.529
295.161
295.161
227.908
392.63
201.336
201.336
85.6649
378.581
110.169
296.708
296.708
131.56
524.608
351.688
350.553
116.224
116.224
190.572
140.974
140.974
335.798
174.268
70.3667
323.367
295.991
383.247
467.223
508.664
381.69
237.037
170.167
105.63
440.527
329.841
47.7443
47.7443
87.1112
53.6396
53.6396
32.775
325.041
325.041
195.474
196.728
281.933
197.735
197.735
227.926
227.926
82.2249
106.983
275.052
502.004
91.1074
91.1074
87.7955
330.76
140.793
140.793
320.395
288.242
186.163
186.163
363.531
165.979
124.068
192.764
500.593
165.338
206.911
378.079
347.537
119.059
160.728
160.728
418.157
418.157
60.9931
189.378
189.378
177.861
244.294
461.073
118.873
463.188
201.558
201.558
35.3819
349.322
321.51
77.2598
336.641
66.0878
66.0878
193.795
149.921
243.289
81.0492
81.0492
84.0614
404.423
480.031
251.725
174.314
81.3477
293.085
325.891
119.495
119.495
119.495
128.178
128.178
128.178
196.222
196.222
281.843
122.512
340.929
280.262
280.262
251.575
191.611
189.316
111.034
427.67
47.5695
83.2874
83.2874
124.988
188.503
248.56
329.793
336.908
351.347
351.347
512.464
129.462
314.981
314.981
314.981
358.405
277.72
49.8961
398.173
132.265
175.547
97.6753
90.5836
261.22
339.088
259.219
458.785
458.785
386.519
429.645
253.202
216.58
321.295
321.295
241.159
241.159
218.898
361.811
30.5662
474.355
66.9123
276.143
276.143
54.2393
263.471
39.9586
39.9586
253.369
536.339
469.898
469.898
183.508
273.172
238.668
200.659
269.56
137.158
179.314
378.898
378.898
327.756
327.756
100.356
414.569
340.632
295.936
308.667
281.818
355.014
151.721
205.939
539.27
403.622
211.374
249.25
204.691
323.833
215.673
215.673
69.2836
148.773
259.42
53.9671
217.903
271.82
161.876
298.492
67.7903
67.7903
40.1484
40.1484
65.5424
131.514
131.514
304.982
305.158
169.473
169.473
59.2026
38.3575
38.3575
257.592
250.796
445.19
298.094
274.453
411.088
373.281
565.089
392.341
248.813
248.813
74.2009
145.503
184.624
93.6925
278.228
285.802
179.776
276.038
318.929
212.725
197.384
103.431
103.431
113.521
422.189
42.0392
449.859
50.6464
203.485
265.777
326.907
326.907
70.3845
435.728
223.398
168.197
357.7
163.242
163.242
329.823
95.345
267.54
386.954
91.5975
116.052
226.292
443.592
31.8749
98.6208
100.087
105.758
287.551
188.524
536.527
536.527
97.9744
206.988
79.3548
517.797
137.699
350.226
50.7004
537.556
537.556
129.553
509.225
177.687
32.6047
253.171
257.884
61.7288
263.8
66.7489
66.7489
430.321
464.387
202.755
131.076
163.928
174.432
170.132
62.7549
86.9097
76.9621
440.782
61.6552
69.3778
69.3778
45.9569
333.577
107.194
167.472
42.0126
84.2839
84.2839
84.2839
320.602
320.602
53.3278
53.3278
350.134
350.134
292.955
122.745
262.883
262.883
179.137
199.06
333.536
94.3693
158.685
158.685
184.616
472.548
156.66
436.609
245.929
85.9119
181.313
490.964
344.43
485.62
315.294
80.0157
80.0157
287.416
80.7816
273.818
361.3
361.3
30.8617
280.759
280.759
75.2822
75.2822
316.783
316.783
43.181
43.181
135.459
371.553
354.035
242.763
90.4183
40.8105
192.892
356.063
81.302
81.302
167.869
51.0215
371.14
371.14
93.6115
411.778
131.894
131.894
131.894
434.011
434.011
371.695
94.946
350.257
170.62
182.635
196.015
99.9431
401.62
193.587
227.034
295.225
310.984
310.984
70.3443
132.786
209.807
142.245
142.245
213.68
236.99
165.394
165.394
229.216
229.231
191.352
191.352
379.192
434.54
461.097
130.81
163.693
147.391
147.391
440.546
194.396
210.502
77.1375
114.022
359.311
359.311
145.083
371.58
113.879
85.456
85.456
328.567
214.706
83.9971
354.96
551.286
148.447
148.447
377.155
285.194
285.194
212.16
212.16
351.531
306.907
111.175
305.027
300.796
231.351
348.39
153.112
324.549
61.0672
210.518
217.4
54.8378
377.025
377.025
255.461
119.843
357.652
308.729
380.091
356.501
247.893
335.895
335.895
90.2069
246.56
333.045
132.183
146.543
443.315
443.315
226.932
360.071
276.139
396.391
276.333
333.011
340.479
202.754
181.572
495.101
495.101
495.101
142.367
159.583
58.9217
99.5561
224.371
466.341
256.394
409.925
253.606
411.268
84.4508
113.812
113.812
372.904
275.23
374.952
148.103
324.937
324.937
102.678
102.678
248.286
292.654
41.8643
41.8643
236.941
210.801
63.4784
33.1089
94.3874
244.566
152.712
152.712
446.352
359.366
370.573
38.2697
38.2697
258.785
367.878
40.0328
322.882
295.662
175.905
311.809
361.271
201.729
91.6062
209.022
209.022
175.033
457.604
125.449
43.2329
43.2329
43.2329
226.991
226.991
74.0707
223.831
276.896
365.586
436.879
209.079
209.079
132.421
132.421
136.738
208.397
458.567
99.1138
99.1138
35.0399
321.542
246.456
423.413
423.413
96.1509
80.1447
184.828
362.148
335.771
131.522
85.4913
266
266
32.2453
167.212
65.28
392.597
212.947
177.201
376.714
451.321
105.861
228.573
262.223
126.741
126.741
147.393
109.338
109.338
313.606
145.427
297.409
381.352
400.275
390.867
442.41
288.99
291.666
375.741
73.979
186.234
140.177
88.2983
52.0826
46.4951
298.824
420.096
425.177
425.177
179.463
179.463
51.288
449.892
336.52
336.52
343.274
395.821
395.821
462.196
140.027
359.84
216.661
216.661
216.661
290.491
258.652
258.652
181.408
129.718
129.718
76.7503
92.6697
383.571
278.766
396.59
396.59
205.516
368.897
368.158
368.158
341.761
257.608
36.973
145.187
162.28
81.0733
355.788
152.674
276.188
276.188
191.145
191.145
238.473
175.482
152.692
98.2286
431.771
261.967
298.685
263.782
263.782
124.872
467.791
41.86
508.061
98.0855
159.317
159.317
227.624
347.809
155.519
51.408
400.753
143.044
309.442
216.193
134.565
134.565
42.6544
123.192
387.621
265.288
272.005
202.394
274.014
189.174
137.592
196.065
439.175
477.869
244.951
241.278
203.76
365.001
64.5579
172.149
220.068
196.238
234.625
359.34
145.548
261.247
413.102
91.2696
215.528
52.997
46.5457
91.6787
279.095
302.098
231.957
406.576
93.2539
111.033
73.6208
451.883
375.284
419.603
110.841
178.088
267.008
267.008
267.008
200.177
327.213
327.213
327.213
471.682
194.019
194.019
41.9321
235.291
348.506
353.406
352.221
352.228
389.25
191.606
192.422
378.938
385.336
206.144
117.666
279
113.79
113.79
94.1404
72.7645
140.64
130.17
130.17
322.165
432.262
222.598
340.399
418.23
30.6169
304.631
101.211
374.729
438.38
240.484
240.484
240.484
186.408
186.408
119.62
426.822
120.328
323.844
77.0832
288.652
358.982
356.296
120.763
80.6489
40.6365
268.929
442.87
377.277
328.592
202.172
291.328
59.085
506.322
31.4791
150.685
125.055
526.689
377.472
110.193
51.1403
292.053
115.219
311.271
344.899
344.899
521.53
198.77
198.77
246.648
54.9569
40.0295
40.0295
314.031
218.768
183.674
276.004
113.822
162.127
162.127
301.316
319.566
135.38
205.077
205.077
117.354
117.354
52.8119
52.8846
80.092
43.2233
173.861
489.726
51.553
130.979
130.979
66.8662
253.327
356.592
566.371
566.371
376.555
164.1
163.964
49.0226
49.0226
548.064
347.414
287.697
348.997
54.2548
308.977
308.977
357.45
190.484
210.786
213.412
198.12
47.4255
407.464
335.65
422.892
116.491
40.8684
84.0764
84.0764
285.555
55.5012
55.5012
31.1001
268.589
116.957
441.373
160.193
133.349
152.875
235.13
278.483
415.868
145.272
80.6636
233.661
233.661
167.021
90.253
268.575
92.112
92.112
304.468
367.35
252.706
106.63
431.785
214.179
246.15
534.068
198.532
95.072
157.828
407.77
483.126
249.706
260.554
363.086
384.175
100.769
71.2677
37.7621
261.764
470.776
261.641
261.641
111.977
237.063
237.063
51.5678
51.5678
218.94
122.909
195.812
46.7038
59.12
192.553
192.553
221.815
36.5629
326.22
326.22
258.015
479.53
31.4581
148.59
257.21
257.21
45.8942
45.8942
190.308
88.6779
88.6779
229.257
127.623
214.091
214.091
167.649
49.0848
292.405
251.451
217.912
381.244
137.903
137.903
42.4454
201.371
385.639
40.9436
40.9436
147.634
147.634
372.717
370.323
280.928
199.482
236.387
130.301
130.301
448.245
217.186
217.186
430.016
205.104
258.388
91.8698
327.726
327.726
168.322
168.322
216.681
67.0454
50.4581
70.3119
70.456
70.456
350.274
388.896
308.556
230.456
197.934
506.093
141.201
207.03
207.03
50.497
438.836
377.512
110.054
260.597
260.597
194.719
124.533
454.789
312.136
302.552
302.552
302.552
269.626
364.261
402.774
315.964
379.902
416.836
169.82
169.82
271.131
271.131
33.5214
105.158
156.363
317.041
49.311
49.311
88.0483
72.2908
72.2908
432.066
44.6745
369.859
369.859
379.738
44.9949
32.4708
398.621
398.621
338.285
362.231
179.538
202.035
133.472
133.472
213.153
119.535
381.367
443.726
109.86
109.86
133.734
277.299
110.963
110.963
226.372
65.9902
177.926
286.176
198.274
259.362
259.362
44.6654
148.162
316.812
88.5085
126.66
208.416
198.637
529.581
40.2854
246.739
344.264
184.092
298.757
372.511
372.511
147.886
147.886
68.529
68.529
87.2647
256.576
281.947
281.947
343.289
200.598
200.598
254.135
119.572
212.041
527.734
31.8118
86.2026
556.905
556.905
362.921
84.3695
84.3695
238.614
316.417
173.878
63.9787
63.9787
44.0916
112.287
112.287
32.7294
316.712
316.712
310.163
259.769
402.405
278.177
278.177
116.415
116.415
61.7587
382.869
90.6633
30.3352
235.131
235.131
87.703
105.458
105.592
119.159
508.582
55.5535
318.451
323.73
279.831
238.026
424.135
391.191
391.191
93.9109
93.9109
87.9227
419.727
303.946
97.1918
52.681
71.1842
71.1842
317.369
58.3407
165.311
364.215
364.215
364.215
93.7055
69.5169
69.5169
451.426
343.71
79.0556
79.0556
138.993
223.317
327.151
76.6087
39.4825
343.098
97.6766
311.521
177.625
172.263
337.753
281.481
71.3492
193.879
131.052
220.169
220.169
306.027
559.283
141.132
141.132
228.914
49.6422
189.372
189.372
296.547
43.4806
96.27
96.27
274.689
122.552
122.552
122.552
308.11
256.745
488.419
367.968
36.2325
338.004
338.004
59.6646
99.6134
249.43
124.254
182.145
228.406
228.406
212.308
49.4192
79.2427
531.599
481.313
251.963
142.257
165.191
129.057
266.397
224.749
301.361
198.383
238.91
220.156
149.282
149.282
259.946
487.281
66.0938
66.0938
435.152
84.8253
84.8253
114.575
114.575
341.385
417.324
255.483
321.63
479.063
410.606
398.871
398.871
288.277
167.929
167.929
279.486
64.7886
351.026
140.859
140.859
494.447
42.0014
400.839
287.162
281.14
346.872
198.361
198.361
247.831
236.319
341.996
371.621
455.585
109.934
490.08
415.602
249.677
167.697
56.5413
354.769
301.33
245.927
292.539
292.539
59.536
143.133
449.973
75.7534
521.729
313.306
344.308
60.0644
361.346
381.172
430.917
285.267
269.853
415.082
52.6046
98.3299
228.92
558.609
61.5577
219.955
131.498
59.3186
32.0215
334.896
66.138
385.228
238.587
242.84
242.84
500.465
175.52
175.52
303.549
405.052
46.6036
422.727
336.76
195.686
451.893
85.7408
68.7247
445.458
149.165
130.852
130.852
52.1952
444.936
321.671
101.94
220.43
298.999
199.172
199.172
202.232
33.9957
552.562
110.437
114.377
478.73
105.485
405.85
435.165
400.854
379.163
321.978
277.381
378.458
171.114
442.132
35.6077
109.131
109.131
288.006
349.704
294.388
294.388
294.388
350.561
466.601
293.229
368.007
295.949
46.4394
271.711
85.6637
182.34
96.4049
302.029
37.85
150.212
149.824
96.6066
261.565
46.0609
145.74
132.594
60.7577
60.7577
60.7577
364.287
44.4922
286.449
132.262
450.347
350.555
117.523
117.523
391.499
375.239
227.411
394.462
394.462
295.735
93.2247
93.2247
373.231
115.94
325.22
357.771
133.136
113.402
285.437
120.571
191.862
191.862
254.229
42.5357
417.494
30.3538
117.018
333.158
333.158
306.283
175.159
44.2582
105.957
199.225
286.592
218.568
285.606
242.599
242.599
242.599
218.4
218.4
456.949
137.59
246.082
374.123
362.707
124.848
32.2094
37.0936
95.9883
194.981
298.058
374.943
171.759
379.926
309.061
49.7302
397.353
397.353
146.989
294.216
309.035
376.605
186.707
186.707
41.7316
218.726
481.856
481.856
85.3587
324.357
254.021
326.072
326.072
296.027
430.223
317.792
382.183
382.183
272.794
272.794
196.249
277.52
78.2954
172.704
81.333
201.431
201.37
376.238
223.217
223.217
452.684
291.785
397.343
92.4959
234.646
60.5003
59.9552
59.9552
164.882
293.844
293.844
110.54
58.9634
163.083
359.31
327.011
396.92
396.92
161.513
402.315
438.473
378.167
212.041
240.235
375.17
40.5009
334.49
62.3701
297.471
404.245
300.245
300.245
121.118
151.701
104.514
104.514
321.594
482.582
244.087
244.087
164.891
99.3643
197.918
472.281
285.695
333.555
333.555
130.74
130.74
256.363
72.8313
161.777
152.555
119.081
119.081
155.701
268.608
376.791
394.42
48.0627
152.894
109.63
36.4058
339.131
339.131
325.321
202.892
288.949
285.83
285.83
263.328
450.965
143.216
457.683
289.148
289.368
233.684
200.815
200.815
165.523
567.722
86.8665
62.878
291.832
390.413
227.925
284.444
334.77
204.194
121.855
121.855
186.874
186.874
186.874
268.975
64.4785
355.457
240.928
529.487
365.788
431.566
233.516
233.516
473.398
507.936
457.29
457.29
255.841
390.917
270.523
270.523
349.298
36.8491
111.918
80.0821
397.198
319.185
50.4733
207.268
245.906
536.094
112.207
30.0822
463.12
226.581
35.1027
124.566
124.566
30.0133
380.801
380.801
121.297
187.808
102.062
302.74
169.854
387.335
335.036
335.036
87.463
277.329
105.695
331.095
123.476
196.995
196.995
186.638
210.255
123.964
331.431
316.47
175.148
185.399
232.882
338.274
299.877
265.348
444.484
76.7152
281.374
276.241
60.474
350.552
60.0732
217.33
217.33
56.4678
90.9557
90.9557
413.616
413.613
164.12
164.12
159.114
130.353
126.436
254.932
223.38
102.55
56.6565
244.739
47.1516
346.612
143.317
143.317
160.887
160.887
231.362
231.362
75.1646
386.076
330.992
106.492
219.531
163.916
266.759
234.297
347.713
545.695
245.491
375.31
52.5622
147.761
94.3728
245.6
91.2221
204.356
303.576
131.279
492.548
492.548
346.217
346.211
434.139
210.123
38.3691
284.418
284.418
67.8173
105.442
50.9576
381.262
132.778
132.778
336.977
255.989
263.672
484.701
484.701
141.442
40.6165
354.347
330.28
373.365
90.7571
31.8059
243.565
243.565
372.777
372.777
460.914
282.128
350.434
225.651
151.252
151.252
110.587
312.197
152.568
152.568
106.968
467.452
48.3329
435.055
188.384
31.6033
62.5265
234.943
139.855
510.617
72.0835
403.122
403.122
82.5589
90.5961
357.491
230.773
89.1526
89.1526
89.1526
540.4
540.4
174.207
66.1884
181.62
181.62
65.7849
334.625
358.021
358.021
230.416
275.258
510.166
105.135
515.174
227.665
195.523
241.748
198.124
381.819
534.427
474.004
283.957
273.52
438.967
468.339
468.339
398.3
416.034
219.515
219.515
104.595
133.668
319.736
120.037
102.309
77.6743
525.427
431.841
119.89
525.939
370.935
216.262
258.193
226.259
147.253
351.168
440.321
440.321
111.684
253.964
371.196
371.196
466.049
217.186
116.443
223.424
354.168
522.681
340.112
340.112
201.923
144.575
505.19
269.064
406.728
61.8867
369.856
353.01
379.193
184.525
261.832
161.464
452.912
208.225
208.225
532.639
46.8219
114.353
454.468
379.727
73.1697
71.6227
254.208
408.006
408.006
117.278
151.154
434.15
289.044
141.465
167.253
143.893
151.447
98.3368
376.54
265.428
325.204
93.7631
129.959
129.959
178.408
178.408
485.178
485.178
399.758
399.758
121.63
121.63
394.719
188.303
68.9242
34.7795
256.365
62.4571
78.1174
502.797
354.784
224.347
224.347
271.579
388.542
341.422
286.029
259.209
234.498
234.498
264.17
315.729
315.729
165.586
75.7086
30.3204
274.819
62.92
319.562
54.7039
137.687
137.687
434.225
55.5079
417.524
275.672
275.899
392.879
236.006
82.3655
267.726
276.784
87.5077
87.5077
67.5625
328.035
294.844
293.351
347.648
75.8935
185.291
86.4547
361.2
234.432
416.155
377.651
403.053
403.053
135.969
446.595
51.0868
82.4933
309.156
56.9438
65.7468
152.653
152.653
152.428
152.428
283.076
256.992
243.319
179.661
78.1518
78.1518
116.258
116.258
305.614
428.492
246.963
300.734
367.317
282.215
293.683
348.781
348.781
348.781
33.6976
135.695
135.695
298.736
114.248
114.248
421.393
176.692
153.53
35.3682
35.3682
43.371
38.9392
283.785
265.026
340.767
362.322
496.836
154.689
154.689
509.156
59.9712
529.107
316.689
124.619
305.226
154.625
154.625
109.52
109.52
253.312
253.312
93.6857
483.088
198.618
254.882
111.025
305.065
116.466
500.266
60.7871
60.7871
438.269
58.796
167.212
310.29
166.213
149.773
128.452
399.252
117.442
117.442
332.108
243.754
332.479
103.263
229.036
121.87
182.641
67.6028
224.976
224.976
119.893
193.207
211.322
283.753
417.328
388.361
430.203
287.922
90.4252
57.2007
189.716
402.232
94.4441
132.649
246.466
246.466
441.141
154.786
118.78
51.6498
58.2256
127.238
158.438
158.438
163.829
253.012
202.66
260.831
223.882
115.211
98.0148
98.0148
429.517
429.517
276.05
276.05
319.879
319.879
115.423
86.6478
58.4855
308.339
240.748
240.748
280.529
81.0954
81.0954
357.584
232.803
232.803
250.966
250.966
474.102
359.24
358.915
355.979
266.867
113.112
272.792
442.238
62.8133
263.625
114.895
114.895
142.604
153.106
163.148
462.633
368.995
97.4956
380.114
506.716
437.504
342.482
368.821
368.821
92.7839
263.698
76.9001
76.9001
379.71
330.299
301.087
487.908
66.1361
171.821
109.87
109.87
109.87
35.4822
58.6572
226.911
123.139
54.4048
54.4048
264.13
210.437
210.437
226.4
118.659
505.029
360.504
388.264
388.264
388.264
410.231
30.0719
542.703
267.602
433.742
324.015
297.856
403.611
108.222
252.651
284.38
140.817
140.817
140.817
169.562
49.5787
97.7229
79.7113
496.757
198.319
63.8275
237.469
64.0732
382.714
433.484
393.4
147.895
266.409
296.119
275.506
254.07
114.339
328.813
100.61
186.953
249.89
111.69
368.13
267.738
163.474
377.433
190.083
264.531
264.531
358.792
455.706
350.764
38.9439
34.2862
34.2862
77.8721
288.95
229.555
140.347
260.643
76.7011
76.7011
484.884
440.435
143
236.13
161.299
418.187
418.187
154.104
154.104
324.285
296.388
352.049
228.585
83.417
291.212
232.286
232.286
245.069
424.158
408.642
248.153
536.428
437.249
126.232
113.428
196.912
345.275
126.331
278.116
278.116
461.498
49.5088
49.5088
199.866
343.994
46.7116
437.628
334.436
461.939
461.939
461.939
313.149
217.044
393.731
167.252
48.8198
286.923
286.923
44.5282
44.5282
205.215
205.215
397.343
128.497
339.405
74.6118
74.6118
134.064
56.9531
284.254
225.677
110.713
297.597
305.32
150.898
150.898
292.985
292.985
116.242
223.353
145.73
429.03
34.5374
184.837
304.064
92.4998
95.8695
95.8695
131.171
131.171
434.191
42.4081
42.4081
238.304
154.756
328.02
328.02
133.761
226.755
221.995
128.297
389.188
454.103
251.554
238.379
179.383
274.292
270.426
270.426
112.867
108.296
141.273
135.767
279.091
174.528
30.841
484.511
162.38
290.75
407.059
480.302
398.848
398.848
379.132
91.5628
387.765
307.185
140.224
430.26
330.088
36.8732
198.333
174.044
222.006
174.933
278.863
238.907
230.525
380.996
471.339
471.339
285.324
48.3395
40.8189
334.078
334.078
41.1158
144.319
34.2515
79.4075
205.863
120.062
158.676
320.755
205.164
205.164
67.1185
345.079
105.057
149.037
242.325
381.475
31.3164
345.67
332.373
91.765
401.403
401.403
480.835
286.911
260.465
246.944
94.6411
260.998
260.998
202.209
388.73
329.796
329.791
161.956
161.956
308.605
294.609
137.333
137.333
450.468
117.485
442.53
442.53
415.409
30.84
30.84
115.169
201.957
119.456
370.869
308.785
91.8428
178.693
139.506
298.76
215.213
158.007
304.92
409.553
204.04
411.087
96.1769
276.879
276.879
446.374
133.735
46.5554
271.1
80.6574
288.082
118.412
84.5468
369.299
369.715
233.395
265.681
517.78
123.641
284.4
397.041
75.8477
75.8477
75.8477
232.433
453.047
172.695
257.849
70.6528
45.3823
75.3904
420.154
131.807
278.713
290.442
290.442
342.372
280.122
302.937
352.105
110.441
201.829
345.318
206.512
214.122
446.224
115.758
162.842
162.842
322.33
487.919
227.764
133.777
374.474
133.276
424.529
359.198
364.665
62.7531
157.82
247.189
159.933
289.14
289.14
31.1176
392.733
147.05
147.05
134.175
98.99
74.9035
302.958
60.9272
478.025
64.6669
445.631
445.631
544.912
437.86
184.099
406.897
123.673
329.731
209.446
75.0887
152.518
119.275
193.11
193.11
283.337
466.648
96.2912
482.216
405.565
153.701
248.376
401.456
281.201
73.2617
176.941
197.624
296.388
92.6931
122.582
577.239
377.64
333.299
238.354
212.178
56.8821
259.749
286.17
254.58
254.58
293.636
331.427
172.091
172.091
111.223
412.026
288.221
288.221
410.074
377.125
519.298
159.566
475.176
163.91
332.008
417.894
314.113
114.545
220.088
461.893
299.206
124.354
124.354
235.143
172.941
275.446
144.841
136.548
268.516
51.0782
51.0782
307.831
307.831
77.6809
77.6809
59.3103
206.974
186.816
411.043
164.258
324.072
374.558
262.319
71.3087
71.3087
81.7977
414.784
301.279
301.279
374.17
258.11
430.784
326.396
326.396
352.775
359.507
445.397
166.869
166.869
419.77
43.033
43.033
177.922
177.922
182.018
471.482
125.087
219.355
500.436
34.7351
33.4306
196.803
250.613
189.826
189.826
251.921
194.23
344.301
326.778
288.203
36.0199
224.21
308.919
344.298
186.355
532.528
392.827
174.076
71.6271
48.2579
48.2579
294.29
391.029
443.217
270.495
270.495
47.572
341.564
275.767
285.338
78.4036
381.101
195.213
429.149
284.237
284.237
192.933
192.933
299.012
38.3507
39.7816
100.811
100.811
431.018
190.901
217.853
188.063
259.085
493.312
493.312
493.312
401.177
401.177
401.177
46.2075
310.541
365.521
132.351
240.798
363.986
363.986
370.916
153.413
211.369
43.379
305.069
304.218
238.534
169.251
337.065
146.574
246.593
176.538
471.434
144.802
144.802
265.28
428.408
428.408
446.419
262.747
263.239
373.335
222.627
69.2591
62.5097
378.679
333.581
261.425
68.1914
501.124
213.882
194.822
194.822
326.367
424.122
552.774
305.939
305.939
124.963
341.765
245.504
75.3566
343.702
347.278
399.75
298.516
177.18
475.377
223.46
207.07
133.951
239.224
424.209
393.606
393.606
340.39
340.39
340.39
39.9823
294.605
38.1666
38.1666
166.137
428.75
394.718
446.857
292.609
292.609
283.855
270.063
301.337
396.358
43.3638
43.3638
268.756
97.2159
97.2159
145.793
145.793
196.017
66.3339
66.3339
316.903
397.283
306.464
306.464
143.016
419.71
380.357
198.879
270.999
286.234
131.334
78.3937
337.883
131.057
316.638
484.541
232.144
232.144
100.474
296.095
106.04
142.693
266.406
127.347
440.646
203.089
426.377
31.2908
31.2908
284.429
517.354
183.659
463.892
100.58
129.337
129.337
256.832
38.1008
273.165
287.511
78.9682
32.7711
309.592
241.654
256.089
284.865
284.865
61.0197
61.0197
77.4863
96.176
112.728
411.437
415.889
190.02
189.429
61.1839
519.758
519.758
417.645
348.18
419.724
539.981
191.857
191.857
248.545
145.639
193.045
193.045
193.045
171.287
328.805
550.104
424.748
424.748
73.6788
355.259
369.376
369.376
253.829
214.088
237.461
237.461
101.05
115.452
198.516
334.973
184.982
61.6086
348.053
45.3227
420.619
419.988
54.2361
54.2361
173.951
325.021
120.766
120.766
79.7103
382.291
132.438
491.799
118.743
162.631
422.727
370.42
126.212
125.42
125.42
122.819
122.819
206.993
153.827
153.827
150.656
229.987
200.714
96.737
91.8655
395.022
56.3064
56.3064
256.878
172.531
173.719
430.158
153.763
190.948
190.948
255.8
179.77
525.902
533.438
393.477
393.477
173.215
324.219
488.162
164.481
173.414
173.414
382.241
299.108
307.068
307.068
227.374
256.485
336.996
189.77
302.091
233.564
385.751
470.118
470.118
66.4276
83.1395
353.471
199.191
157.069
183.473
474.066
149.821
76.7715
76.7715
307.647
307.647
329.886
364.043
189.999
166.389
344.284
344.284
38.7785
103.153
130.164
166.158
166.158
210.055
231.92
124.453
185.548
219.612
370.723
538.646
274.058
164.573
62.339
384.455
175.029
175.03
378.826
256.254
256.254
87.4412
89.6427
357.52
165.274
192.174
310.391
229.911
334.518
78.3659
78.3659
230.808
230.808
163.221
163.221
82.0682
411.167
93.5331
367.36
423.8
423.8
110.154
147.808
147.808
169.025
132.477
67.6879
481.378
481.378
146.344
387.761
217.731
456.52
230.418
237.443
369.7
210.597
299.374
65.2294
241.697
299.387
299.387
348.097
49.2728
382.798
136.925
479.772
479.772
147.173
423.463
450.33
450.33
371.687
371.687
361.558
152.433
203.112
238.625
442.293
247.83
247.83
193.753
248.872
365.799
365.799
365.799
392.492
534.154
73.0298
300.899
71.3242
104.167
317.983
366.507
214.271
214.271
340.597
325.731
325.731
238.066
375.792
61.6227
453.843
256.068
389.993
162.251
162.251
241.421
413.609
356.741
423.01
398.071
327.78
155.197
89.9282
457.087
110.753
301.97
345.012
203.415
261.628
369.968
237.004
61.3802
359.841
327.546
141.513
263.567
271.522
151.962
130.451
130.451
140.578
239.35
273.206
216.425
350.694
350.694
165.102
275.07
161.094
355.596
355.596
355.596
276.327
87.3497
415.361
415.361
95.9352
273.159
273.159
404.59
217.7
171.191
171.191
194.039
194.039
204.906
293.592
104.487
104.487
129.201
156.123
128.905
275.226
119.011
119.011
204.588
111.8
118.641
194.007
84.9263
111.757
84.5749
262.774
175.881
166.507
295.577
312.604
98.521
64.973
64.973
365.04
89.0339
89.0339
282.223
269.705
343.224
220.535
149.402
149.402
269.644
450.121
474.884
318.251
318.251
527.776
68.6737
134.947
297.341
258.933
30.846
30.846
343.534
42.1464
293.965
293.965
524.265
368.916
267.925
229.586
39.6978
172.448
106.665
479.12
397.096
85.3449
144.902
156.539
156.539
310.536
279.861
279.861
34.9924
442.382
70.5318
70.5318
243.751
82.4928
293.923
205.542
249.76
101.215
265.682
302.243
391.671
197.101
197.101
216.793
197.231
154.025
158.647
302.421
222.777
388.426
388.426
388.426
371.613
281.399
246.097
148.595
342.724
136.337
136.337
91.7129
71.6018
441.79
441.79
276.147
267.061
94.9672
127.665
440.563
38.7171
38.7171
529.716
244.887
174.35
249.348
35.132
91.3381
53.1951
122.085
350.873
320.011
77.7249
474.49
337.204
337.204
133.719
290.385
106.076
270.174
148.232
344.131
301.788
301.788
301.788
366.987
59.5317
396.84
346.242
188.08
188.08
439.91
346.486
62.9361
292.403
48.2002
109.436
184.951
234.508
334.015
334.015
254.454
276.241
456.648
234.217
187.475
252.822
92.0444
270.813
326.681
326.681
73.4882
344.7
248.006
197.87
92.0388
278.186
288.603
335.928
499.921
347.832
347.832
250.19
309.912
269.823
230.151
145.741
145.741
280.842
371.066
371.066
262.888
188.996
188.996
311.903
347.157
225.487
76.0478
286.632
158.943
173.395
203.245
164.675
50.2709
333.807
285.202
35.0426
147.348
87.5253
421.349
33.0804
135.759
40.7199
163.333
135.145
135.145
179.005
174.58
239.234
193.967
152.453
204.824
168.683
168.683
168.683
270.691
269.939
358.686
358.686
358.686
327.757
49.5075
383.277
383.277
46.5415
254.129
96.4807
180.142
39.714
481.481
128.605
231.945
288.528
56.4942
284.511
394.999
286.581
286.581
520.271
62.0425
370.647
273.169
360.479
359.227
264.149
264.149
38.0795
96.6187
288.93
288.93
217.645
298.427
59.4921
105.44
94.2372
339.44
339.44
329.034
388.306
165.762
233.544
164.884
61.0638
150.336
150.336
161.396
161.396
305.935
305.935
163.655
206.818
501.269
318.801
226.624
539.904
183.577
353.255
48.8411
164.426
164.426
345.342
338.024
146.686
336.312
336.312
330.758
330.758
90.6189
299.376
379.928
379.928
222.482
351.369
77.5347
77.5347
519.191
188.511
307.869
349.196
349.196
213.645
340.398
340.398
102.22
221.344
207.47
91.3735
210.312
210.312
407.348
357.19
472.379
463.833
163.124
333.175
333.175
226.247
94.8264
94.8264
316.724
523.536
50.5872
203.156
41.2905
70.9721
292.876
292.876
344.479
486.328
486.328
106.969
276.623
304.401
291.258
291.258
346.334
373.061
64.8242
64.8242
423.294
297.099
297.099
476.281
270.832
408.383
301.986
494.472
61.3715
97.13
50.8614
212.891
81.9546
270.138
314.455
319.173
288.786
381.766
407.551
100.406
165.546
105.934
334.044
349.391
388.62
177.684
448.672
403.868
140.634
241.584
40.7846
55.2144
55.2144
248.143
380.219
209.54
429.231
429.231
188.203
397.355
200.098
200.098
331.456
331.456
36.7996
437.678
110.462
35.7954
35.7954
246.315
259.221
193.416
303.847
124.305
389.777
389.777
359.99
50.6978
279.803
381.008
132.522
33.1925
262.052
309.867
361.393
140.757
140.757
363.447
204.108
262.756
315.07
334.955
460.9
108.241
288.214
423.941
423.941
67.2481
118.171
118.171
417.848
338.028
338.028
84.3615
417.8
54.0359
42.9541
297.587
282.837
101.669
297.39
310.05
56.7434
194.83
321.493
252.369
93.0891
134.473
357.588
57.4842
265.423
257.714
215.327
485.041
101.798
383.168
383.168
47.4501
113.73
234.977
107.181
329.797
329.797
101.826
236.419
295.318
185.045
357.917
312.675
63.5168
63.5168
61.3322
180.876
54.5788
140.969
140.969
378.83
67.852
83.943
195.615
284.942
378.281
492.422
348.493
94.7615
218.048
397.695
397.695
44.1294
78.2289
78.2289
279.724
138.149
247.2
159.15
159.15
31.7026
217.598
156.896
34.4278
384.731
164.819
346.206
346.206
345.962
345.962
143.136
488.109
299.195
299.195
279.335
233.232
233.232
253.582
292.075
224.477
92.7282
88.6058
183.233
331.743
99.3279
48.3665
404.306
158.821
383.732
102.353
354.187
464.795
105.803
115.376
115.376
226.616
268.877
174.333
392.951
282.092
282.092
309.484
77.4908
439.222
287.244
287.244
145.262
145.262
531.926
294.476
294.476
316.494
59.6399
85.0382
487.909
103.967
553.644
553.644
551.589
524.456
406.582
110.898
436.39
119.154
93.5748
376.511
239.067
200.641
316.286
236.628
236.628
246.653
335.986
355.426
45.3152
449.058
230.754
357.91
380.895
443.11
165.168
406.969
181.16
204.365
161.359
161.359
296.684
499.311
248.678
248.678
205.552
63.5421
81.0849
274.639
377.704
144.236
93.1153
126.689
140.718
106.045
380.954
469.316
536.955
395.328
383.665
130.21
463.865
463.865
194.693
195.104
139.301
287.128
287.128
144.411
153.42
153.42
259.071
237.902
160.395
40.2581
65.9873
65.9873
381.937
359.907
176.461
352.942
136.068
441.199
498.459
138.064
36.3358
36.3358
412.917
412.917
199.314
210.12
126.819
126.819
513.083
75.8339
274.892
371.056
78.5557
78.5557
363.207
47.0583
186.782
101.368
255.685
49.5334
451.362
183.577
464.607
275.893
270.059
270.059
245.386
400.383
38.0767
471.993
471.993
121.4
95.2082
505.976
114.038
92.676
92.676
385.547
419.198
425.395
227.009
165.86
70.8707
64.5786
64.5786
243.606
163.115
237.102
171.49
87.3312
87.3312
302.663
48.9955
139.929
258.773
49.959
326.85
326.85
265.084
265.084
223.86
188.557
245.362
236.681
125.05
125.05
443.453
286.664
522.537
509.895
71.3466
383.837
250.054
427.789
314.032
314.032
516.563
232.926
455.751
91.9421
91.9421
319.976
70.8433
70.8433
212.832
184.847
410.383
98.3392
98.3392
162.108
345.372
298.13
141.804
117.348
425.174
497.977
167.561
276.285
102.69
119.455
342.941
181.922
181.922
287.25
204.529
204.529
104.525
434.025
36.5758
147.621
293.351
228.406
186.248
178.228
338.743
338.743
390.929
256.474
104.973
342.709
211.81
364.314
354.18
74.0835
161.159
55.3911
55.3911
196.673
35.3086
293.843
100.051
339.388
116.5
370.342
42.3822
279.48
238.808
350.9
37.9085
91.2583
199.272
435.011
310.913
251.39
251.39
350.529
124.337
76.6055
328.298
150.945
240.946
556.89
58.5053
497.774
251.727
197.264
98.1136
81.8091
235.449
235.449
344.182
449.212
257.885
478.423
543.569
133.608
166.935
104.277
329.333
61.4674
236.093
264.146
37.7275
192.161
49.728
297.479
298.67
298.67
319.313
319.313
168.324
151.532
30.5714
244.512
244.512
275.786
149.679
79.6951
162.448
32.3191
206.498
381.362
330.999
151.615
354.515
81.8767
119.919
306.786
120.995
272.432
117.019
254.439
194.282
103.831
194.009
124.578
335.851
251.139
290.667
102
352.032
330.832
