37.0191
108.481
239.944
33.0121
178.497
155.756
177.284
151.938
247.78
158.587
158.587
64.9797
324.844
324.844
324.844
50.6041
50.6041
134.36
437.891
437.891
170.469
325.208
416.354
319.465
162.804
404.568
178.443
178.443
37.0031
256.595
132.284
413.162
231.943
240.757
122.566
297.591
101.09
145.796
103.477
188.979
199.99
206.358
313.959
186.479
474.548
291.705
392.825
279.318
419.734
437.774
284.718
367.825
72.3892
399.835
84.5917
84.5917
351.93
86.7273
40.2186
140.648
140.648
488.794
100.243
268.535
177.88
203.635
203.635
316.807
316.807
268.149
139.738
274.274
504.341
86.6479
86.6479
127.707
31.2222
56.4221
412.017
285.953
42.6549
151.588
345.199
305.697
33.1114
506.574
506.574
230.814
70.3316
360.461
327.726
225.184
101.155
234.449
390.683
302.056
302.056
503.225
273.262
202.183
473.593
278.219
345.967
204.364
370.524
41.8731
306.56
342.813
238.935
207.498
207.498
206.152
206.152
223.149
549.382
249.56
245.077
294.472
294.472
319.524
344.357
380.587
198.476
347.471
476.292
93.9581
93.9581
208.084
208.084
285.816
266.652
195.983
452.619
342.995
342.995
323.911
344.608
134.494
263.988
298.087
377.133
377.133
74.3402
74.3402
59.2271
473.278
207.218
320.338
33.1938
234.859
539.734
404.925
184.389
375.307
412.265
106.677
431.704
42.3625
297.859
523.592
59.4814
220.584
142.392
225.873
323.256
125.227
186.544
186.544
146.391
299.522
381.325
447.975
437.715
437.715
437.715
339.743
46.334
141.818
141.818
352.405
66.3683
189.207
189.207
274.007
209.824
37.6203
37.6203
413.937
191.202
390.463
564.948
189.356
133.952
122.824
30.2769
80.4401
80.4401
368.895
289.426
51.2423
385.883
122.571
199.629
187.521
140.584
139.853
442.966
53.1383
268.334
403.953
344.795
306.41
342.594
486.294
306.03
306.03
226.191
203.073
566.772
69.572
280.313
245.505
352.376
503.944
168.145
168.145
233.899
318.678
318.678
246.48
147.59
147.59
238.98
551.723
186.023
61.5824
61.5824
125.284
387.253
148.968
125.865
95.3116
247.463
70.6193
250.432
229.474
263.029
63.1634
118.197
70.1197
409.335
225.603
313.394
193.254
253.131
173.414
173.39
142.384
187.734
374.896
296.972
271.39
313.39
415.869
35.1085
35.1085
35.1085
233.271
511.259
203.295
164.975
47.3212
47.3212
47.3212
187.635
409.062
227.969
136.873
136.873
212.605
395.033
128.851
376.37
376.37
463.229
463.229
483.83
245.707
86.727
81.7336
62.7949
189.871
219.256
100.265
51.749
268.432
204.964
425.58
279.288
151.794
151.794
48.0476
152.519
152.519
276.51
305.719
433.267
225.41
266.641
225.905
189.669
82.8561
501.547
75.1405
553.071
149.346
257.595
257.595
167.53
424.703
328.93
319.491
352.738
374.891
390.433
270.236
209.808
209.808
93.1133
522.636
167.599
62.2538
33.7654
106.999
174.263
174.263
233.105
108.849
292.977
184.566
184.566
116.488
111.152
214.635
94.4768
103.405
93.764
212.507
160.392
109.812
81.9187
273.516
203.757
367.154
191.171
346.275
159.893
332.696
82.3616
288.804
229.074
115.845
114.134
256.373
407.908
407.908
387.164
387.164
96.4468
257.098
34.0975
353.154
229.961
114.314
114.314
396.84
462.18
211.985
174.143
287.632
317.062
247.204
243.351
456.949
295.007
259.56
179.792
179.792
187.812
187.812
205.282
227.791
59.4024
51.8853
99.8658
314.427
30.548
30.548
30.548
268.704
148.778
241.423
353.462
194.327
408.456
194.203
185.029
493.175
63.123
523.765
328.016
301.937
232.764
76.6667
243.425
267.796
210.797
528.044
239.817
133.416
133.416
324.361
148.152
95.4439
95.4439
84.4079
93.0118
402.392
254.64
241.862
242.305
228.684
266.783
266.783
403.391
219.206
196.911
106.652
362.035
429.323
500.554
436.495
75.5722
319.769
139.592
139.592
512.253
359.69
280.155
280.155
268.399
179.394
56.4711
447.972
331.337
170.268
46.0461
72.0288
204.186
172.465
85.0968
269.844
168.246
40.0738
242.039
141.491
282.569
282.569
252.942
303.948
73.9677
447.887
57.9233
231.427
361.874
377.822
377.822
193.903
97.8769
372.652
372.652
259.14
31.2092
390.643
30.7726
30.7726
198.301
271.211
58.0211
330.499
330.499
200.241
260.945
59.7783
59.7783
306.117
30.1465
39.9666
39.9666
101.43
152.455
195.949
368.322
527.219
527.219
423.906
213.749
133.891
254.09
242.669
233.121
192.744
256.207
233.375
322.885
91.9253
282.085
50.3109
177.742
325.362
62.7444
109.735
115.093
101.555
365.266
215.49
284.098
284.098
284.098
344.528
344.528
167.592
214.413
61.7169
314.74
391.269
319.052
107.633
174.828
174.828
105.313
253.468
443.493
163.151
270.144
164.509
164.509
114.758
114.758
400.391
152.635
151.312
330.126
314.69
56.0944
141.747
228.406
470.924
95.0661
387.048
162.304
365.525
341.246
185.318
39.1918
228.488
330.281
308.078
97.7937
176.451
289.616
67.117
90.7889
186.769
361.926
335.933
297.198
223.164
223.164
177.862
72.4099
72.4099
156.058
317.384
317.384
75.9199
90.8351
244.796
83.6843
117.516
519.655
203.298
51.3677
51.3677
64.4951
152.767
276.908
276.908
453.144
49.3223
235.342
100.21
46.4818
223.515
152.861
400.904
400.904
465.162
360.333
234.051
234.051
227.257
227.257
227.257
372.298
276.37
194.816
319.957
319.957
464.944
543.331
328.923
74.3846
174.378
495.08
382.766
95.0069
95.0069
207.985
323.607
106.541
151.833
151.833
105.77
105.77
266.231
211.103
211.103
158.386
158.386
352.509
352.509
271.38
200.028
136.397
138.011
409.026
206.925
402.156
431.886
431.886
88.4742
461.698
152.188
57.9093
430.507
177.753
33.4698
46.2886
161.599
156.211
62.7123
346.33
94.3709
479.912
412.78
117.43
117.43
381.384
214.933
446.013
324.805
324.805
258.886
258.886
123.998
123.998
146.58
146.58
373.892
256.952
256.952
208.4
48.3462
80.4542
292.887
243.439
243.439
288.696
288.696
507.774
226.156
440.92
404.45
268.548
423.568
30.2284
103.697
103.697
41.1116
140.081
106.279
210.374
210.374
259.292
278.968
278.968
194.759
177.796
160.723
192.925
307.318
307.318
134.967
346.909
392.415
398.214
117.847
362.521
252.331
155.262
288.249
470.042
335.216
103.124
104.608
167.691
161.327
49.1786
136.026
136.026
143.916
237.797
560.975
161.633
222.808
236.097
31.9398
64.3422
64.3422
429.197
429.197
111.753
524.625
182.964
85.3031
226.762
460.27
294.965
275.509
144.432
301.765
74.5489
390.767
188.66
555.534
307.823
307.823
87.9359
49.6897
236.942
264.154
264.154
256.867
463.732
37.0408
280.729
264.038
357.215
291.492
485.923
321.153
74.7199
74.7199
60.2012
60.2012
139.921
139.921
70.9792
91.484
217.232
90.0522
180.624
224.687
405.475
405.475
452.737
502.611
502.611
132.89
163.02
229.652
125.333
256.765
281.588
52.4757
301.414
57.1143
57.1143
133.651
146.567
168.406
94.5073
176.41
213.16
331.381
40.8318
177.009
157.417
202.009
202.009
506.228
127.515
194.883
474.657
45.7366
232.644
281.389
74.0938
318.112
318.112
229.812
141.48
237.159
237.159
209.623
177.675
35.0584
45.9906
180.662
473.279
473.279
220.622
99.0143
378.352
382.077
529.036
124.268
285.275
38.8761
283.596
211.921
231.79
396.796
171.289
378.326
346.655
201.858
201.858
110.205
476.419
219.592
369.17
542.244
161.872
222.441
82.4136
82.4136
250.381
232.217
78.681
303.877
329.882
431.286
199.915
63.1245
63.1245
251.023
370.433
304.216
299.009
212.384
212.384
307.062
293.512
116.674
116.674
160.874
193.408
63.1849
207.259
176.323
316.679
127.512
127.512
208.051
371.25
409.999
139.997
238.969
141.708
106.337
158.446
233.537
233.537
318.411
114.428
305.248
105.856
349.247
300.119
300.119
86.0395
86.0395
108.913
393.365
235.563
107.274
33.6462
374.12
38.6979
225.563
164.913
494.981
522.881
428.459
95.2705
265.801
58.5115
386.44
163.799
425.73
280.023
421.679
207.249
165.556
428.364
177.167
395.176
173.684
328.641
382.14
222.453
184.753
443.43
103.921
98.9078
248.282
398.788
398.788
238.332
67.795
304.377
162.388
35.0112
163.294
110.528
179.777
311.274
257.608
257.275
257.275
395.85
143.719
396.541
105.578
359.757
320.941
76.5453
367.83
137.107
260.718
180.02
375.287
408.487
294.343
40.0707
176.852
176.852
571.731
396.088
264.933
264.933
110.797
110.797
362.54
105.744
30.8708
30.8708
42.6817
42.6817
274.643
287.728
287.728
162.226
355.261
304.062
75.9135
232.691
95.7312
221.68
221.68
227.973
195.996
140.172
110.603
242.609
430.922
238.393
128.4
269.286
269.286
405.579
245.579
165.145
66.2726
204.042
170.976
244.181
155.058
155.058
337.962
268.937
238.235
379.167
235.401
235.401
431.941
307.684
307.684
376.105
416.957
258.547
258.547
61.6056
39.2233
320.764
503.272
60.8364
105.815
105.815
90.4084
321.987
37.5919
456.945
132.837
233.136
385.127
291.836
442.025
373.227
409.502
409.502
336.567
501.082
231.711
333.584
186.689
186.689
121.421
72.7465
72.7465
337.675
309.325
268.078
271.491
76.3523
326.392
122.973
459.55
184.918
199.999
350.768
196.624
196.624
165.949
356.25
411.182
206.911
77.2579
389.908
475.434
127.429
334.931
187.383
442.046
364.529
146.195
343.707
161.729
243.699
352.757
116.545
112.777
348.273
324.288
138.491
134.365
149.263
255.583
160.554
223.775
223.775
521.708
377.63
57.5401
144.323
359.251
308.184
237.966
331.631
331.631
412.704
314.544
219.357
130.465
279.785
63.9778
133.326
133.326
138.789
310.943
385.945
485.661
469.672
101.707
101.707
391.605
347.499
109.902
299.766
441.607
111.742
111.742
76.6428
409.689
191.057
163.534
117.468
57.0182
57.0182
57.0182
210.609
288.332
288.332
288.332
92.261
92.261
54.1284
122.606
149.01
216.02
216.02
290.682
267.2
267.2
31.2529
331.225
265.295
284.688
284.688
56.349
56.349
101.402
351.348
351.348
405.88
170.855
344.798
344.798
380.513
175.19
355.441
355.441
241.638
91.4734
392.132
404.814
42.6754
143.28
313.915
244.147
229.347
397.127
237.123
107.187
321.53
292.161
292.161
193.57
275.601
272.247
272.247
293.76
444.361
326.028
229.384
130.695
353.184
310.555
310.555
152.162
162.24
142.085
368.845
297.459
297.459
195.626
154.831
47.4231
273.123
102.614
31.5897
76.3171
63.0289
63.0289
329.89
319.695
212.298
295.245
92.533
92.533
77.8053
451.278
451.278
36.6118
284.698
284.698
295.059
248.034
248.034
159.293
123.267
350.451
39.5659
355.931
286.153
363.895
446.111
81.574
113.187
113.187
352.742
87.4694
368.652
171.176
428.027
71.9093
71.9093
428.731
334.868
334.868
220.165
44.0437
44.0437
292.786
51.6615
51.6615
324.344
358.197
129.048
194.765
194.765
155.812
155.812
155.812
422.098
286.573
194.693
194.693
194.693
321.815
221.191
145.232
448.335
443.176
123.648
158.128
146.842
120.628
422.262
292.106
292.106
358.021
275.754
362.165
333.551
211.808
211.808
140.692
407.521
218.761
218.761
472.427
324.71
192.912
518.287
277.793
279.837
174.51
212.1
336.074
273.474
332.267
254.852
185.27
146.943
44.7083
152.351
132.872
87.53
357.047
290.586
368.473
259.618
478.663
355.158
371.475
274.844
423.201
211.974
211.974
478.412
283.646
321.893
321.893
54.2969
34.1395
242.514
254.145
514.543
501.97
115.355
431.023
360.944
74.2123
38.5623
350.306
437.932
356.781
89.9558
217.439
336.758
304.112
96.5223
194.588
391.581
78.1281
294.787
92.1014
349.305
78.0941
311.106
411.64
255.22
255.22
530.8
405.382
242.05
184.922
188.373
246.806
258.439
57.0736
64.0687
298.384
35.9848
94.9036
518.374
102.354
126.894
88.984
127.378
299.725
168.285
164.651
139.495
225.403
225.403
222.33
222.33
382.397
266.705
266.705
74.7315
377.448
126.797
169.592
146.977
51.0948
269.059
250.414
250.414
286.963
203.242
110.711
97.099
173.883
259.2
312.822
138.169
222.537
222.537
43.4959
401.787
172.178
172.178
111.184
60.403
282.531
214.334
281.108
236.168
178.866
414.677
130.286
478.56
43.7973
167.485
167.485
167.485
72.4551
211.977
420.295
135.492
190.434
190.434
52.579
49.5174
316.174
427.213
487.668
231.116
297.686
261.105
366.994
427.033
427.033
427.033
229.377
189.495
189.495
318.329
277.852
48.9798
387.862
254.724
97.1098
128.573
32.0235
478.048
84.7634
84.7634
239.709
306.57
202.362
448.096
340.001
454.229
35.4622
61.4396
351.477
351.477
286.895
252.047
265.223
420.879
194.251
305.469
193.162
68.5162
49.1899
85.3918
85.3918
265.318
142.215
331.252
64.1452
40.223
174.421
216.712
233.802
233.802
67.0953
375.954
178.72
178.72
380.322
327.253
89.2758
362.818
207.239
34.6905
98.6024
215.079
34.2191
240.72
125.504
114.478
78.2924
78.2924
361.157
34.6326
181.143
162.094
188.582
162.335
322.324
251.389
90.8507
90.8507
149.516
255.607
255.607
410.554
410.554
410.554
33.4433
484.16
126.97
119.977
307.893
322.567
141.809
261.635
147.117
269.874
376.744
74.2739
181.28
69.8394
207.845
310.53
141.686
141.686
317.449
251.027
526.856
330.781
543.417
356.074
356.074
307.505
560.065
379.758
225.379
476.383
333.785
305.692
392.996
391.026
472.653
448.197
524.276
247.963
223.709
180.048
45.7674
45.7674
200.255
200.255
286.857
197.741
282.02
279.102
88.943
221.376
50.0746
138.87
202.934
342.409
342.409
114.183
228.715
427.184
34.9017
112.638
112.638
548.016
167.479
181.766
181.766
450.374
450.374
407.39
311.808
311.808
311.808
209.896
483.234
167.071
501.57
428.705
425.818
407.057
231.045
188.852
188.852
312.42
167.631
224.01
72.3123
165.094
177.423
31.3427
251.461
420.87
234.564
382.102
162.756
50.576
225.057
45.0867
334.288
288.994
495.143
295.057
379.275
59.5945
316.955
316.955
30.825
371.802
335.045
174.068
58.4116
121.578
391.005
463.182
30.5131
97.3423
504.405
62.6044
309.97
309.97
190.408
335.784
402.516
320.955
299.947
262.422
483.723
305.736
113.079
39.4914
255.742
221.529
221.529
313.933
344.328
235.139
470.749
371.522
326.656
326.656
405.545
248.608
481.98
146.303
265.853
242.859
208.695
229.446
112.909
90.3004
90.3004
90.3004
115.696
210.414
311.695
456.399
166.284
166.284
302.724
249.186
125.348
430.357
430.357
197.957
33.6679
33.6679
281.795
310.661
243.409
347.582
347.582
450.318
109.861
385.877
426.13
229.337
188.716
237.738
340.353
291.694
61.7709
254.979
254.979
31.0904
31.0904
377.81
332.91
302.581
133.328
443.574
134.48
134.48
324.574
324.574
37.036
438.917
438.917
367.078
62.5462
62.5462
138.57
50.8839
337.95
337.95
368.802
105.193
164.175
277.919
272.222
272.222
272.222
112.343
329.584
31.5428
369.401
254.927
387.962
39.9279
408.249
387.839
224.839
224.839
365.195
111.062
184.961
74.0987
233.919
142.033
280.21
385.5
247.895
135.832
354.299
50.4811
217.524
416.075
169.228
92.975
113.758
30.8021
379.066
379.066
360.939
134.088
386.293
108.12
380.539
155.905
155.905
208.972
279.982
279.982
331.063
129.598
313.73
313.73
355.497
114.302
143.851
524.658
32.8699
32.8699
190.897
461.06
335.191
203.298
203.298
242.622
91.5743
353.991
220.702
220.702
462.339
193.714
200.682
200.682
313.849
183.63
311.137
31.2421
126.915
437.599
115.765
270.243
270.243
272.565
272.565
152.333
231.768
233.058
240.862
385.196
202.97
47.8469
94.9032
413.988
271.783
254.35
480.51
231.024
182.78
414.456
252.847
252.847
369.553
60.5972
297.883
483.762
328.03
195.781
160.097
160.097
30.8018
300.938
393.375
290.984
179.909
199.195
215.289
215.289
215.289
247.472
428.015
98.253
149.704
298.885
274.859
282.177
31.8604
381.156
198.826
202.703
327.078
327.078
479.936
147.05
312.468
92.0583
423.736
36.9797
36.9797
31.1314
520.734
145.901
145.901
97.7189
400.428
166.232
166.232
435.747
400.391
457.752
64.2467
83.6255
385.316
426.216
227.566
227.566
31.7028
281.866
185.831
86.4478
240.71
276.325
137.293
103.635
103.635
337.117
337.117
456.795
101.34
537.009
135.656
374.136
251.245
401.939
202.841
89.7977
253.504
302.727
388.923
247.154
50.8211
335.053
43.2912
43.2912
197.257
36.5447
174.035
363.395
363.395
323.764
58.4826
345.921
396.665
102.888
57.6434
62.9958
265.85
126.461
260.182
260.182
124.013
124.013
144.393
311.642
155.122
155.122
466.434
466.434
262.062
59.2582
469.202
475.311
349.142
346.498
346.498
56.2439
56.2439
347.381
422.056
216.145
420.934
118.613
544.769
276.268
330.549
260.633
60.0661
327.885
122.005
209.603
327.788
478.852
444.395
346.013
370.909
370.909
394.2
132.273
71.9513
543.174
122.411
383.76
386.562
50.0582
258.342
210.144
78.0707
159.704
431.964
96.7391
96.7391
267.079
228.114
348.812
157.347
560.078
259.092
124.317
351.463
359.097
417.86
434.902
451.79
318.137
66.6822
431.741
210.246
227.949
87.2892
208.562
208.562
216.785
297.002
93.2351
133.335
65.2881
65.2881
188.47
369.777
294.594
297.883
388.961
316.638
235.987
156.52
184.564
114.321
136.861
505.453
50.2863
219.329
128.268
435.614
69.6623
315.755
315.755
329.806
329.806
267.055
462.194
462.194
439.894
439.894
102.778
109.072
37.4776
37.4776
250.338
250.338
250.338
65.9674
171.531
111.776
432.095
160.916
242.182
263.77
136.915
136.915
159.515
32.9218
248.194
437.1
232.007
90.0038
254.324
254.324
392.275
392.275
153.013
47.4494
30.8409
359.423
478.994
73.29
300.872
290.307
466.168
93.7432
315.476
303.377
233.623
233.623
279.064
553.271
194.176
150.097
150.097
200.414
200.414
200.414
98.2396
499.318
136.444
136.444
131.455
293.376
354.217
195.109
57.1025
328.779
228.049
77.4029
227.393
231.788
335.454
366.012
45.6042
158.501
158.501
240.322
240.322
74.0776
74.0776
84.8822
473.642
172.621
313.478
454.448
123.189
430.48
453.801
453.801
160.565
201.655
331.663
36.961
244.713
109.158
109.158
319.631
319.631
195.312
113.066
95.446
95.446
151.762
264.924
365.21
243.282
456.881
495.597
86.3688
119.072
210.018
303.56
499.315
423.027
541.534
95.9473
163.966
78.8616
430.289
430.289
169.417
245.147
405.566
284.535
284.535
193.373
427.613
34.2854
74.0822
111.318
412.511
79.9724
64.4278
114.886
114.886
198.769
419.227
191.472
191.472
191.472
103.884
103.884
79.4378
79.4378
234.652
171.761
239.273
239.273
75.7753
222.884
263.813
360.227
143.071
233.291
235.202
33.7207
33.7207
123.624
373.679
107.352
107.352
53.469
338.496
93.4246
93.4246
44.2862
294.56
403.717
121.726
472.784
313.517
425.875
359.275
88.9281
358.787
513.007
513.007
246.735
413.759
324.944
134.627
134.627
361.768
446.254
294.519
78.6173
105.337
150.976
150.976
351.739
38.0691
446.993
131.904
51.2023
300.065
473.307
300.659
507.32
304.533
444.904
247.777
219.417
334.73
418.198
330.392
330.392
357.937
510.48
510.48
464.394
213.338
216.07
283.776
136.991
418.81
188.042
289.119
538.347
187.841
95.6777
119.38
35.5147
40.5627
172.65
144.384
107.055
273.602
470.844
435.945
300.748
300.748
300.748
300.748
401.056
228.558
62.7188
134.59
476.798
121.275
288.239
202.319
39.9724
39.9724
141.158
34.9794
243.753
306.984
153.583
512.683
512.683
190.482
325.154
483.835
228.169
97.6614
196.509
196.509
45.9939
40.684
40.684
371.531
379.748
416.655
72.0979
171.293
49.1841
289.376
302.361
293.427
213.16
513.805
195.353
195.353
495.606
109.408
379.397
158.201
158.201
322.836
220.025
54.8681
54.8681
275.977
323.881
202.263
202.263
45.8154
36.216
374.638
355.932
184.971
223.184
230.069
52.1153
155.796
150.252
259.952
259.952
274.375
115.522
115.522
83.8032
165.039
256.853
521.983
118.563
118.563
428.068
54.6456
317.738
268.307
76.9265
35.1639
411.17
390.312
298.467
487.994
343.746
425.882
254.923
176.32
318.997
242.916
154.63
154.63
154.651
154.651
329.054
208.303
415.766
566.8
240.608
240.608
151.74
151.74
222.67
56.1975
139.726
331.019
331.019
285.636
104.02
270.103
332.186
323.024
41.5293
91.4389
397.154
273.941
273.942
230.729
487.086
88.5235
313.28
51.8785
532.79
381.637
381.637
101.273
267.955
409.977
49.7023
46.0335
339.086
136.624
342.892
233.833
358.375
167.347
162.263
111.641
186.239
222.935
222.935
305.439
263.437
154.667
383.84
298.703
298.703
375.42
340.616
270.721
195.275
95.7881
95.7881
413.719
362.522
534.617
277.042
224.386
307.217
153.444
286.173
324.403
141.486
65.4522
30.1668
38.8828
449.686
132.467
286.478
137.679
274.958
335.075
36.5089
340.115
139.968
431.493
242.922
203.906
132.355
294.189
205.223
308.475
308.475
479.772
372.193
145.422
146.609
196.627
401.296
302.552
116.26
152.518
152.518
218.332
218.332
201.552
201.552
225.917
66.5719
66.5719
80.9138
382.167
101.545
101.545
53.0606
48.3211
48.3211
450.318
95.4775
103.94
103.94
47.0167
394.363
31.3746
271.777
45.3541
379.329
334.48
70.8651
378.526
288.689
150.333
257.012
313.024
381.689
228.573
130.952
130.952
110.17
465.104
250.282
414.178
399.131
376.204
69.3123
69.3123
234.473
344.98
332.477
358.066
103.092
333.074
333.074
518.135
189.593
333.099
333.099
279.703
158.787
396.355
71.1539
32.3559
33.2611
33.2611
469.437
46.1138
215.671
132.874
50.6257
178.015
67.447
96.3688
203.307
180.579
101.966
453.173
89.7269
314.495
190.917
487.843
440.204
49.4214
49.4214
37.8612
385.169
344.02
289.025
229.853
229.853
142.767
455.262
105.579
287.277
90.6748
479.184
59.5693
184.951
96.8186
43.5078
230.913
158.212
342.093
52.6202
87.2011
87.2011
81.8085
136.191
136.191
203.636
318.007
366.977
147.334
147.334
366.408
191.32
31.3239
314.408
301.126
90.2844
251.981
258.777
30.7995
265.282
81.8083
81.8083
234.679
458.002
325.092
325.092
248.377
339.449
91.3667
50.9635
121.229
365.459
102.078
102.078
389.935
303.448
366.054
271.255
157.169
320.645
138.267
324.078
500.5
335.109
492.89
241.598
241.598
53.1462
227.206
340.034
425.159
497.822
396.131
182.547
55.8397
525.285
396.98
290.363
207.706
505.8
374.579
374.579
276.095
175.308
214.378
214.378
79.1179
335.25
196.287
33.1269
392.405
313.004
94.227
258.125
478.482
395.753
392.382
452.626
437.896
63.2432
353.977
154.715
459.144
63.8104
480.841
480.841
37.8744
117.985
136.755
186.599
519.059
373.228
48.8148
137.849
62.9829
261.442
422.939
68.2838
212.786
330.213
483.868
120.186
120.186
213.222
310.059
259.459
106.885
200.582
365.898
87.966
31.2547
317.133
280.727
280.727
38.121
312.293
312.293
89.1363
69.2943
86.4593
163.739
342.068
122.483
468.8
389.075
161.795
203.007
497.294
430.744
494.239
500.109
68.6123
147.637
248.646
248.646
160.897
160.897
126.32
126.32
377.456
238.208
551.16
403.448
403.448
209.162
247.264
381.375
487.181
339.184
339.184
155.179
346.088
327.083
48.7189
261.034
53.1708
53.1708
510.857
54.1922
124.043
124.043
124.08
226.704
226.704
492.973
492.973
492.973
147.032
205.271
338.069
338.069
517.68
49.5098
200.899
200.899
50.9783
240.42
399.547
289.422
99.016
99.016
439.866
288.779
81.1005
174.854
145.573
505.698
308.391
241.508
241.508
476.096
323.42
82.8431
345.808
420.144
420.144
51.7877
157.614
337.298
103.818
103.818
311.537
272.618
345.525
550.839
256.235
81.8133
61.3275
74.3848
536.423
150.563
44.7067
535.821
153.246
153.246
338.482
491.445
199.227
332.308
38.7367
38.7367
161.437
208.233
194.435
208.245
399.041
55.3725
55.3725
47.5255
44.003
320.164
320.164
185.758
159.434
227.509
372.05
372.05
299.055
387.226
387.226
387.226
440.697
78.4522
47.3806
418.172
182.628
182.628
118.944
295.596
205.39
331.663
108.914
333.734
297.244
396.701
169.614
375.622
45.4803
45.4803
310.99
245.106
289.992
548.421
548.421
64.6113
32.3917
32.3917
236.828
236.828
137.057
276.203
34.0289
34.0289
198.733
30.8482
30.8482
394.899
36.0793
199.876
328.761
235.287
396.631
293.96
98.9509
188.447
31.7929
52.9343
161.647
145.611
503.299
226.779
381.219
173.593
70.1045
54.4084
122.421
463.37
262.17
416.545
522.023
391.104
209.045
325.976
199.287
268.17
31.9984
63.7336
63.7336
116.777
117.973
76.0038
92.5111
196.951
384.113
384.113
417.281
417.281
199.617
102.788
102.788
401.826
279.725
146.793
174.901
225.314
267.108
81.7092
81.7092
163.399
247.827
334.965
305.867
76.4555
294.614
43.3732
170.158
463.595
97.4118
376.885
34.9215
34.9215
208.639
62.1626
62.1626
421.761
239.496
195.692
384.373
146.041
125.922
233.398
305.625
95.1917
451.291
219.472
39.3472
49.8409
103.547
103.547
50.4217
277.15
497.221
102.601
233.99
318.262
324.545
214.556
109.421
50.8645
237.862
84.3617
124.336
398.744
267.085
325.313
188.222
253.722
253.722
60.4142
401.576
154.172
311.381
50.325
328.988
328.988
328.988
374.845
51.0367
360.901
67.1032
67.1032
66.1655
66.1655
357.819
229.024
236.125
417.512
425.697
303.017
404.466
336.78
388.065
201.337
63.0282
255.954
348.13
127.72
135.571
135.571
436.239
436.239
202.666
470.432
470.432
58.1862
234.233
234.233
241.435
71.9766
41.1268
207.7
225.31
413.446
413.446
192.954
192.954
398.41
130.61
491.477
365.029
240.977
102.097
216.723
444.642
361.868
301.895
267.534
118.275
110.303
243.164
374.714
437.966
552.542
198.647
61.6691
269.888
98.4139
102.875
167.365
167.365
232.1
110.025
149.7
119.62
404.5
240.459
305.192
195.742
151.157
219.51
219.51
494.904
310.167
398.695
398.695
322.956
211.67
31.2384
338.86
60.6618
195.026
356.294
143.616
199.41
481.823
209.068
111.446
230.425
209.53
396.345
158.536
193.08
371.907
548.478
239.954
409.048
409.048
554.854
355.118
61.7763
341.423
280.902
229.483
229.483
434.943
298.22
362.458
34.4045
159.531
343.937
146.651
256.334
484.293
422.84
432.621
324.872
60.6383
60.6383
44.4439
114.99
114.99
42.6166
269.621
49.8619
33.8986
244.466
366.193
216.994
216.994
61.9204
89.7822
308.881
349.749
110.281
397.759
262.064
434.803
431.695
372.142
184.143
328.821
64.2572
208.459
208.459
137.839
137.839
169.525
329.936
256.907
167.728
37.1781
220.674
85.3624
205.704
247.698
247.698
475.93
380.332
64.6581
146.358
374.622
247.282
308.944
393.973
119.431
119.44
443.225
238.274
32.0854
85.1105
232.573
232.573
440.138
106.35
106.35
162.093
387.236
491.681
241.32
502.252
502.252
82.6507
408.45
354.033
482.566
47.1159
47.1159
365.48
432.08
127.924
455.47
415.876
224.73
224.73
296.705
105.08
377.046
253.787
209.163
252.62
271.729
190.545
115.681
512.968
118.421
204.886
219.156
513.483
410.225
52.4223
50.3642
175.031
141.448
290.511
290.511
106.911
135.504
376.462
439.389
79.7746
314.836
384.413
195.319
48.9122
363.147
356.538
55.3477
435.389
107.759
390.418
387.578
302.099
302.099
305.658
300.292
549.842
53.3587
417.848
408.779
182.539
169.964
222.68
289.32
314.439
77.1778
453.796
126.874
437.594
57.529
360.12
157.066
309.761
33.2823
434.43
207.392
207.392
383.533
162.173
162.173
313.874
313.874
363.609
363.609
320.161
104.489
262.506
429.827
326.036
317.394
390.713
337.017
262.268
262.268
53.6822
53.6822
139.761
216.137
148.728
148.728
119.387
351.344
177.123
60.4868
273.646
90.5356
90.5356
249.917
56.2702
411.695
172.532
120.526
107.324
61.9239
125.991
418.131
117.018
117.018
56.3562
96.8301
173.453
292.9
100.196
100.196
279.903
112.664
112.664
446.941
192.759
290.615
290.615
74.8722
306.502
342.451
363.694
203.09
203.09
287.855
287.855
110.337
332.35
314.828
209.946
209.946
49.012
250.083
137.364
416.32
283.663
31.8814
475.444
410.361
410.361
158.404
158.404
217.797
367.577
393.962
306.897
70.6372
250.078
204.324
37.7598
37.7598
527.132
153.959
445.806
111.848
411.473
411.473
290.907
229.752
228.428
228.428
228.428
340.072
340.072
416.673
523.238
270.126
205.721
259.998
44.6774
74.8395
298.398
207.925
304.848
351.569
245.702
179.279
252.102
322.181
221.24
422.695
64.1718
64.1718
104.331
104.331
205.813
205.813
558.175
79.2915
187.264
331.249
403.795
271.766
415.153
524.503
312.229
285.497
208.323
63.17
169.522
254.183
141.248
43.9091
416.079
169.976
259.856
150.127
103.007
39.6784
39.6784
298.17
298.17
296.278
402.881
344.802
171.3
81.0342
454.323
39.8502
97.8489
173.768
256.508
256.508
243.996
224.711
152.818
152.88
104.204
414.566
212.043
212.043
212.043
494.643
278.117
350.086
350.086
312.329
45.3788
418.048
483.25
155.513
199.052
313.6
426.554
374.164
374.164
79.6541
112.616
280.995
282.97
361.22
217.078
340.118
482.39
482.39
314.364
149.48
337.43
173.307
411.565
389.47
175.881
109.933
71.8329
280.547
280.547
311.337
400.89
105.401
164.808
31.69
258.095
100.848
100.848
355.044
347.131
35.3321
35.3321
35.3321
263.085
39.2722
283.79
307.155
184.793
68.1452
68.1452
32.4708
315.285
74.5632
74.5632
279.348
467.192
181.732
75.2951
75.2951
150.733
384.298
67.6486
67.647
316.179
508.469
68.1097
345.258
364.007
364.007
58.2404
438.675
217.36
251.833
381.057
346.783
346.783
249.562
249.562
386.101
386.101
342.714
342.714
342.714
131.715
144.359
170.678
417.821
230.057
230.057
538.583
538.583
538.583
229.726
60.8843
152.703
138.365
311.163
33.4732
33.4732
190.315
92.2797
340.648
340.648
274.853
274.853
501.861
76.7283
31.3838
126.026
48.0656
122.657
332.413
74.7822
371.607
167.94
370.313
445.807
445.807
43.4923
230.416
410.573
80.9845
423.169
423.169
70.4804
68.0727
179.686
321.736
352.843
319.675
452.806
48.6732
262.552
261.669
517.758
216.12
216.12
76.9554
76.9554
299.48
185.43
113.721
113.721
32.4966
484.909
140.361
140.361
41.8087
301.422
36.8019
67.1608
366.43
117.675
117.675
264.789
207.806
362.291
70.5402
70.5402
70.5402
70.5402
303.117
227.784
300.991
501.74
65.2805
82.4375
70.9891
70.9891
81.0023
220.356
278.61
59.7237
59.7237
487.728
420.375
479.948
479.948
506.497
359.327
359.327
253.48
253.48
116.575
59.365
59.365
48.5265
314.031
145.966
559.959
131.718
249.359
35.0385
409.22
339.587
262.07
213.518
270.311
43.1109
376.3
444.405
174.28
262.751
138.02
263.354
304.051
181.345
203.657
167.257
60.2818
165.937
165.937
60.998
90.2821
112.939
206.976
206.976
69.2256
331.358
331.358
132.497
166.535
93.2955
44.9782
70.4763
70.4763
70.4763
105.907
105.907
303.134
303.134
43.4589
57.5171
417.727
32.2865
417.197
49.6134
247.928
247.928
578.437
306.384
203.212
183.136
504.151
302.66
85.6759
300.695
72.5034
317.481
33.0375
528.616
301.909
254.525
254.525
152.678
152.678
292.192
229.51
229.51
348.849
292.975
292.975
312.836
315.417
315.417
102.242
174.401
66.0602
66.0602
114.313
100.684
366.001
123.334
393.498
360.419
451.96
451.96
366.964
111.403
111.403
198.202
353.49
275.068
36.937
48.757
247.195
247.195
298.638
527.103
487.782
321.378
321.378
253.101
274.607
169.347
158.609
166.72
273.272
224.807
33.9357
161.887
161.887
172.699
172.699
104.618
240.811
194.391
194.391
240.917
333.699
546.596
334.475
31.299
124.687
124.687
167.715
145.29
145.29
145.29
44.356
61.5698
464.719
156.421
63.4223
63.4223
223.707
436.485
172.796
172.796
158.248
84.3239
77.6172
141.768
81.3466
277.312
362.446
338.249
228.413
270.737
42.696
281.239
359.776
147.235
139.486
444.148
241.281
241.281
256.765
65.3877
299.29
299.29
63.4295
63.4295
141.337
141.337
323.817
162.13
373.146
31.35
31.35
65.2075
334.181
334.181
388.275
206.45
101.301
101.301
406.566
254.741
452.872
205.851
403.548
403.548
536.484
299.879
69.4
69.8241
184.779
235.942
386.933
263.895
100.021
377.983
314.429
311.229
119.68
119.68
454.788
105.914
74.1485
74.1485
285.379
285.379
86.4198
401.876
401.876
415.061
415.061
178.089
64.8372
64.8372
324.453
168.239
168.239
513.749
176.023
232.53
232.53
58.4324
192.944
218.982
312.134
312.134
207.226
464.475
263.056
208.091
324.81
43.3095
298.14
298.14
161.122
502.336
502.336
279.009
36.0156
181.325
194.096
202.092
366.142
214.172
174.879
504.481
141.982
407.754
272.432
272.432
191.788
200.44
268.684
339.009
428.841
55.8186
151.597
440.149
309.689
112.836
66.6263
66.6263
88.8896
88.8896
388.304
238.501
426.305
426.305
380.679
158.754
41.7885
369.661
370.097
195.969
48.3272
32.3313
232.395
299.493
462.981
169.493
440.626
148.515
148.515
86.1832
298.965
261.837
194.521
244.159
138.197
165.935
416.352
379.046
34.0265
281.324
339.434
356.168
259.471
99.4911
53.808
269.347
285.537
329.533
129.126
129.126
69.922
106.785
106.785
378.498
108.119
108.119
256.762
48.786
109.055
344.149
31.7104
326.116
361.058
272.896
425.294
436.592
183.07
323.458
232.425
321.451
155.405
219.445
336.565
336.565
480.173
330.499
351.075
225.004
225.004
201.115
413.806
263.132
78.7886
166.999
455.505
51.8028
65.2387
138.508
113.532
113.532
535.738
126.429
126.429
248.017
98.531
79.0003
100.463
149.945
324.433
66.5455
206.908
347.765
285.269
267.335
180.924
69.5688
490.445
366.195
366.195
256.853
220.261
78.9139
101.5
111.401
111.401
504.768
337.688
83.2687
333.537
408.746
333.579
357.694
236.577
249.334
346.365
208.294
84.2354
141.897
30.1786
385.107
342.526
532.372
333.238
378.719
419.179
419.179
317.298
150.206
302.869
295.666
381.7
381.7
290.838
34.2933
395.437
345.087
71.8233
71.8233
149.852
149.852
168.99
68.0703
422.86
238.913
238.913
238.913
357.91
313.181
343.276
125.191
331.39
168.672
227.031
227.031
87.9075
374.147
374.258
374.258
282.755
377.465
424.33
424.33
460.848
460.848
501.647
258.024
57.7719
38.3804
38.3804
270.137
220.481
170.921
185.278
106.864
461.756
560.086
345.391
345.391
138.177
138.177
47.8333
88.7568
239.265
285.006
285.006
388.522
362.682
362.682
239.997
114.793
387.319
70.1178
151.218
233.561
213.607
473.59
47.5975
91.7262
352.928
54.917
54.917
149.826
149.826
44.2462
44.2462
34.7148
113.138
153.668
147.328
295.694
75.5638
75.5638
347.659
476.04
310.106
325.81
67.4242
159.425
111.562
111.562
45.7162
45.7162
205.903
333.38
152.16
307.99
442.525
297.433
72.886
119.298
191.586
342.385
168.104
283.556
149.687
360.483
85.4214
395.637
48.3505
48.3505
269.903
269.903
135.36
35.904
105.823
234.661
353.819
364.149
207.046
434.852
73.3812
312.09
58.6037
270.505
313.469
408.148
70.8205
70.8205
298.84
487.483
413.422
186.945
326.661
362.776
160.341
72.7006
368.391
321.972
428.312
428.312
212.585
546.281
270.938
412.059
180.647
180.647
84.642
375.267
196.529
196.529
196.529
222.704
316.28
49.9283
374.333
285.722
448.003
298.234
74.5185
146.552
382.669
265.722
385.317
347.349
244.078
34.781
345.775
216.718
436.472
343.575
343.575
522.059
503.72
344.1
125.952
159.341
137.296
175.031
171.065
84.4615
273.285
51.3687
175.191
67.6481
57.9568
57.9568
256.258
223.329
348.717
218.862
97.1807
301.013
394.308
161.757
546.874
141.641
563.949
90.6967
416.678
416.678
371.601
179.645
455.205
206.497
336.987
227.896
341.777
200.112
131.029
131.029
370.824
320.7
320.7
221.112
51.2387
187.738
150.312
237.309
163.188
163.188
375.954
84.0451
84.0451
343.589
300.24
268.99
200.366
253.284
253.284
100.658
150.391
561.416
196.756
371.486
34.7036
43.6483
43.6483
35.798
194.76
195.261
195.261
400.453
95.4292
196.802
325.708
36.8434
209.374
308.758
118.203
143.129
143.129
38.7346
548.422
118.126
425.983
336.576
297.075
255.839
337.207
51.5099
264.757
51.5101
368.724
139.672
488.08
488.08
496.769
496.769
52.9362
197.27
197.27
228.012
38.0436
382.858
382.858
92.1073
92.1073
427.986
213.125
57.8287
198.797
169.717
169.717
109.175
80.407
518.973
258.949
301.45
469.827
469.827
175.171
321.278
114.541
468.028
63.4753
348.454
348.454
92.5269
237.333
237.333
120.608
139.856
139.856
367.89
319.625
319.625
139.129
318.914
496.746
121.896
301.582
301.582
460.645
75.2177
272.038
173.608
146.688
306.762
286.914
375.811
122.154
302.277
167.295
30.4334
39.2759
198.543
224.386
325.359
325.359
325.314
325.314
191.75
191.75
412.467
119.162
119.162
405.013
504.492
109.923
152.765
152.765
213.025
164.299
494.038
208.003
371.891
242.522
70.3968
199.731
177.626
324.923
486.315
235.696
62.4109
277.158
288.136
146.328
146.328
315.759
244.689
70.8391
160.928
152.057
152.057
33.7901
32.538
208.013
208.013
47.5687
253.672
31.2008
217.772
131.72
131.72
147.154
264.833
334.556
178.389
93.3211
93.3211
204.406
207.885
207.885
283.993
191.857
191.857
300.844
359.908
256.52
501.889
438.114
438.114
48.1046
198.879
86.6512
86.6512
241.981
154.17
134.399
188.677
344.361
114.64
114.64
94.6152
281.894
122.958
122.958
249.531
249.531
337.289
271.159
340.621
220.95
184.633
331.172
89.7428
63.1171
63.1171
188.904
105.832
105.832
397.116
397.116
331.463
331.463
319.299
382.665
135.433
562.772
84.3639
436.737
322.572
322.572
275.594
227.211
354.516
239.148
304.422
344.795
56.2437
469.117
493.531
263.272
95.5242
51.7212
397.66
282.411
349.185
136.993
141.354
248.314
187.735
286.516
125.775
294.493
37.9513
43.2813
116.261
349.862
435.205
73.0393
336.738
142.311
293.436
293.436
61.7764
99.1817
350.517
55.4215
180.979
209.03
200.051
33.751
354.81
354.81
281.805
161.553
59.8834
340.206
284.74
228.91
228.91
164.009
288.07
371.904
158.261
163.204
239.25
318.807
137.263
136.595
211.139
211.139
117.044
153.217
470.522
156.25
444.539
181.945
226.13
51.839
147.725
310.074
70.0901
70.0901
70.0901
179.057
442.302
104.061
363.541
283.17
170.192
406.349
389.435
159.643
180.356
105.801
98.1019
373.957
274.918
88.816
259.128
473.604
508.72
353.345
91.2394
277.28
236.166
305.025
96.8086
96.8086
124.419
196.565
98.3748
193.11
498.656
90.8795
255.442
352.108
436.096
473.078
152.881
223.715
216.471
34.0982
494.291
43.3871
320.411
167.281
304.321
364.766
483.057
248.178
112.865
358.976
211.054
397.125
383.408
128.486
128.486
471.21
136.479
136.479
531.212
56.6059
115.093
115.093
65.2019
65.2019
65.2019
282.074
406.409
340.104
215.126
290.093
251.157
177.162
473.816
315.643
125.118
171.542
265.731
265.731
467.245
319.641
254.183
254.183
36.6091
36.6091
251.858
131.817
260.195
200.661
200.661
407.075
181.112
410.631
410.631
172.609
122.648
32.9828
391.79
290.79
402.858
174.221
314.769
231.93
290.554
115.43
247.188
247.188
357.089
414.909
274.589
153.031
166.799
83.0676
83.0676
463.521
125.452
181.104
202.562
361.133
374.4
458.555
201.421
201.421
268.874
333.722
349.862
328.111
149.913
412.705
298.711
310.153
342.352
486.093
324.199
311.265
123.848
123.848
63.5631
367.758
68.3016
337.666
33.6854
144.465
144.465
274.637
141.073
387.746
116.974
355.612
526.343
138.077
350.776
324.7
324.7
179.041
179.041
469.252
36.3872
330.13
42.7798
82.9596
363.314
174.648
272.458
46.4813
46.4813
389.171
389.171
408.87
42.9154
42.9154
51.1506
168.532
114.711
114.711
488.845
77.7471
30.7411
398.914
123.759
123.759
87.6931
105.001
105.001
170.662
46.4096
46.4096
119.96
119.96
306.557
45.6929
348.74
518.454
275.085
300.942
239.982
308.76
312.8
47.623
45.0075
80.7716
436.421
179.749
98.7764
71.8246
487.716
450.999
37.7742
147.773
383.18
169.317
169.317
497.797
424.045
145.542
496.283
190.469
164.966
296.839
60.2869
538.438
255.098
304.916
59.9003
234.219
234.219
316.078
221.723
239.472
122.014
299.769
327.29
103.176
126.066
126.066
58.8518
312.65
283.405
478.147
408.685
343.744
110.661
72.8862
39.72
200.142
208.988
208.988
171.87
420.019
217.602
467.487
218.745
254.339
254.339
213.46
70.4363
510.343
213.34
86.6659
157.784
289.5
38.4781
262.239
214.03
214.03
438.165
354.33
272.638
220.799
113.135
133.26
468.87
313.944
193.584
218.357
218.357
180.035
198.555
415.669
212.971
113.539
262.525
140.919
140.919
103.415
491.584
204.407
57.9432
385.688
39.0762
95.0541
113.865
352.008
352.008
352.008
507.32
268.356
304.141
225.55
36.7065
217.714
217.714
430.537
458.803
347.158
548.315
548.315
357.526
207.312
153.017
153.017
171.703
203.603
33.0693
33.0693
371.432
356.305
191.633
191.633
281.497
46.4723
200.427
420.961
197.657
296.292
357.764
46.494
122.713
82.9908
250.175
280.315
236.905
223.404
401.524
424.614
563.826
563.826
115.305
43.1284
245.39
341.11
347.126
259.531
89.1467
259.779
406.268
457.837
201.972
399.295
343.189
102.595
337.035
163.701
163.701
328.733
490.828
490.828
322.828
34.1836
171.644
171.644
177.977
78.3003
78.3003
102.825
220.419
183.707
491.474
205.919
340.81
49.6021
193.121
75.7722
232.246
232.246
133.143
262.793
333.356
370.297
246.599
89.3096
156.996
476.229
432.218
142.497
411.843
123.286
327.021
342.99
342.99
348.671
150.558
35.1649
154.988
247.152
247.152
247.396
266.463
448.643
30.5789
30.5789
41.08
58.6367
261.523
336.323
518.971
303.598
303.598
434.004
302.632
466.377
466.377
466.377
213.479
213.479
482.577
194.323
154.706
154.706
175.602
175.602
304.005
268.008
211.715
39.0503
346.173
435.896
435.896
430.999
263.614
78.1965
298.707
134.035
37.3524
37.3524
47.6541
410.639
139.428
139.428
187.682
75.8819
75.8819
369.733
94.9742
383.929
350.61
162.427
161.386
251.085
253.065
307.682
58.9445
175.648
86.4126
265.225
176.431
176.431
308.335
158.896
558.127
558.127
333.115
119.33
56.3175
57.0025
429.549
53.1844
168.376
168.376
98.3889
43.5642
411.122
204.447
353.13
353.13
63.094
288.807
79.7244
190.281
46.2181
502.703
124.742
365.396
365.396
452.035
452.035
201.768
207.908
261.026
338.524
221.818
435.487
358.294
358.404
358.404
189.391
45.4552
83.5226
256.467
379.887
379.887
32.6769
434.548
389.824
49.71
49.71
155.387
155.387
38.7073
197.27
289.721
399.243
51.7129
51.7129
374.084
171.871
228.321
411.902
43.4249
104.121
289.98
190.677
101.255
230.311
156.348
188.229
515.408
515.408
374.515
118.888
330.914
169.509
412.637
412.637
401.056
401.056
501.978
308.916
34.2062
383.249
31.3349
286.652
476.229
354.961
285.822
57.2083
207.591
333.938
444.731
55.4519
68.08
68.08
249.639
189.873
108.274
196.674
196.674
383.803
244.008
244.008
531.869
200.694
227.118
33.8132
144.715
320.298
273.12
209.787
336.634
300.815
129.714
81.3319
112.151
341.71
341.71
221.629
221.629
441.85
83.9539
226.089
155.557
179.316
179.316
293.561
97.8689
119.339
327.531
60.4086
298.712
121.193
180.783
180.783
158.849
279.546
39.885
305.538
364.534
364.534
221.432
221.432
221.432
85.7981
85.7981
371.033
226.245
226.245
159.742
308.298
96.6019
229.313
31.344
361.518
455.504
364.473
499.161
51.1224
71.3058
97.3768
113.746
512.774
147.927
37.2877
357.358
357.358
264.315
328.363
230.329
369.056
387.748
192.4
192.4
351.261
354.74
239.831
422.584
288.147
328.242
295.252
398.008
34.3773
104.058
106.958
80.8557
80.8557
219.486
385.797
80.1869
133.791
129.648
129.648
154.062
267.979
361.206
444.74
444.74
54.8654
132.608
264.868
176.391
224.48
35.7251
72.5102
314.58
314.58
256.533
39.1941
92.0528
92.0528
260.414
238.327
119.906
293.988
293.988
576.798
198.816
198.816
30.8969
129.854
347.494
228.904
247.109
325.399
288.16
310.668
124.684
256.11
95.3229
171.974
252.74
228.131
77.5269
120.636
180.22
180.22
157.889
34.1468
135.689
155.367
233.557
526.417
331.613
124.78
432.288
113.426
113.426
355.367
212.892
392.565
139.444
214.324
316.685
316.685
316.685
374.975
374.975
252.929
30.2167
372.358
308.278
320.764
367.78
423.628
227.131
181.513
525.471
338.914
368.96
69.8858
69.8858
69.8858
265.705
265.705
207.713
204.524
218.795
218.795
198.264
450.692
207.935
224.603
224.603
247.345
432.049
162.412
180.488
516.389
330.477
160.99
165.459
200.197
84.6454
302.054
124.792
170.64
65.0641
391.444
391.444
317.172
364.219
364.219
549.157
122.227
242.462
112.98
163.92
104.753
345.989
354.949
333.475
94.7329
62.6128
142.116
120.74
120.74
327.032
100.378
293.732
366.459
569.164
450.717
306.633
127.238
400.886
63.6375
254.043
254.043
165.865
459.919
51.2278
364.593
88.3647
244.611
100.356
270.835
302.418
129.735
129.735
77.4296
160.802
241.658
147.954
74.2717
152.929
353.427
68.9984
68.9984
400.998
291.438
320.605
58.8065
104.499
104.499
270.098
50.1358
207.799
413.029
202.495
41.2551
133.213
133.213
34.5993
131.655
485.371
254.334
254.334
251.074
251.074
142.067
253.044
86.1715
420.28
380.51
282.304
125.152
403.468
212.114
212.114
103.906
77.5575
77.5575
371.669
223.181
384.174
263.845
165.848
165.848
423.235
328.875
219.162
373.438
328.335
387.593
212.049
212.049
442.79
85.4706
78.791
202.554
285.806
305.263
128.991
377.07
140.372
72.1952
136.115
78.0632
187.263
322.52
322.52
331.307
272.547
282.146
136.666
179.605
53.9849
219.682
293.372
33.4864
375.019
270.716
357.42
357.42
408.423
287.316
156.756
215.953
215.953
353.838
425.709
34.0475
34.0475
35.0526
156.723
222.528
395.417
300.541
465.239
170.279
324.722
283.32
283.32
233.581
112.598
121.144
114.18
172.827
358.745
318.834
214.661
287.929
187.437
198.824
198.824
375.322
412.264
395.447
370.052
201.569
431.704
404.278
236.825
361.261
85.3841
366.91
367.146
299.117
81.0412
427.964
304.504
129.257
197.614
84.5274
84.5274
96.4455
452.59
103.638
154.576
154.576
223.985
210.844
100.951
129.899
129.899
137.07
106.349
239.091
224.166
299.651
299.651
396.037
396.037
187.727
369.268
38.0306
290.667
535.227
390.515
38.5606
100.578
46.17
301.56
127.332
111.289
254.759
387.004
188.086
301.377
447.559
91.8919
89.6309
153.398
126.271
303.63
303.63
294.236
212.536
406.82
369.494
150.887
351.377
217.865
330.477
143.787
143.787
360.641
119.722
281.991
197.735
299.683
186.066
435.213
369.469
308.902
192.622
435.916
440.258
51.9844
165.158
165.158
490.548
360.252
360.252
360.252
332.461
399.928
236.538
353.547
36.8078
36.8078
36.8078
373.284
167.713
400.815
400.815
341.534
341.534
352.598
443.923
338.247
355.253
57.9404
50.9428
343.031
311.717
336.844
225.302
225.302
46.1906
101.168
484.585
377.095
161.967
317.329
55.366
325.394
232.666
232.666
388.854
295.363
295.363
383.417
383.417
106.733
456.657
114.929
269.49
407.489
407.489
77.9413
165.01
45.4178
45.4178
196.012
197.061
228.426
231.027
43.3665
79.4086
55.8443
206.044
245.963
245.963
142.917
142.917
411.81
466.907
484.778
444.877
340.129
272.851
272.471
207.248
221.094
221.094
411.272
59.9056
381.993
453.09
131.214
193.836
51.7141
95.7521
104.235
517.109
169.12
299.993
299.993
44.4158
131.781
129.898
192.827
412.022
480.303
163.671
66.1048
350.228
139.179
139.179
466.05
52.2514
95.7097
442.706
335.114
346.91
346.91
427.739
47.721
233.728
68.0358
68.0358
269.905
260.481
283.771
363.374
320.883
197.23
167.566
167.566
80.4933
80.4933
266.129
50.5926
278.329
246.933
38.8551
498.841
409.77
381.645
222.232
50.6649
466.199
367.915
65.0441
341.17
131.886
131.886
348.476
180.518
180.518
102.663
329.089
30.3264
388.428
253.298
373.213
264.145
547.38
499.327
202.759
439.539
466.614
118.275
67.0124
212.739
356.168
89.3245
371.675
301.755
143.544
143.544
460.58
356.762
356.762
135.628
135.628
236.548
213.808
213.808
179.663
332.03
332.03
212.104
408.226
174.745
401.767
182.043
346.427
67.9217
123.378
203.663
98.4457
98.4457
112.539
346.707
198.97
39.2639
39.2639
262.053
262.053
316.153
316.153
316.244
316.244
151.501
151.501
51.1712
444.336
174.642
291.632
246.547
83.2416
468.377
92.4788
112.66
114.068
37.2895
372.046
309.333
309.333
151.873
86.0278
155.753
155.753
422.336
149.012
190.892
211.495
176.851
176.851
300.111
111.461
248.183
223.402
238.388
259.132
62.6024
175.933
232.395
437.947
453.647
347.298
71.4867
344.615
348.006
235.8
225.072
118.631
298.121
334.361
161.279
546.89
74.2936
415.967
488.846
332.636
332.636
51.7367
76.4673
175.471
175.471
117.641
117.641
272.553
272.553
509.566
299.373
319.546
307.683
129.907
193.703
108.292
402.031
162.684
47.3446
310.355
345.758
345.758
334.323
97.4243
214.721
243.431
170.007
119.144
314.639
314.639
419.414
495.134
454.851
415.013
415.013
169.466
121.044
235.223
371.169
275.753
137.77
221.859
42.569
47.4647
217.38
338.679
142.739
294.103
294.103
128.064
170.42
48.9142
80.1579
456.261
456.261
341.255
84.5472
293.086
76.3046
67.1741
44.8202
267.396
222.015
564.224
259.104
259.104
158.699
260.747
250.041
250.041
90.2194
54.6559
54.6559
142.779
236.143
240.727
65.7405
74.4006
181.964
181.964
75.8851
106.903
104.064
126.424
53.3107
371.889
265.789
113.051
383.936
241.362
49.6066
243.684
243.684
315.181
315.181
208.58
323.474
323.474
268.117
111.355
111.355
323.441
323.441
483.535
112.18
444.768
422.707
388.315
101.618
446.196
60.2803
60.2803
275.923
68.301
99.1876
339.127
339.127
179.249
495.927
421.597
75.8832
257.966
30.3606
169.648
444.649
89.4726
89.4726
65.8287
173.397
529.172
258.063
370.258
169.125
283.834
35.3102
31.0789
380.484
380.484
444.16
224.439
309.727
309.727
309.727
354.514
300.158
234.577
234.577
320.884
108.906
129.143
325.605
390.817
177.683
433.876
196.461
196.461
210.523
210.523
123.666
123.666
35.0764
72.5491
332.981
332.981
346.734
192.734
45.2763
108.24
475.123
389.309
73.2314
73.2314
477.445
99.5842
99.5842
99.5842
289.312
382.282
240.446
245.295
37.5971
291.864
232.632
346.898
176.116
265.696
212.025
144.876
52.0048
42.3457
30.6714
49.8879
49.8879
119.794
552.595
301.794
447.512
77.2104
270.128
57.2431
340.665
90.1399
502.027
140.774
140.774
69.707
240.635
112.823
412.373
119.09
190.352
190.352
198.559
164.29
101.832
251.561
251.561
245.668
438.62
237.646
85.5572
348.607
203.006
190.142
196.522
127.151
294.343
55.0116
124.665
137.089
391.932
395.684
99.4759
99.4759
178.1
178.1
197.106
102.082
198.352
72.0606
72.0606
164.71
395.821
423.781
294.332
294.332
545.746
383.892
248.984
74.6428
74.6428
167.608
309.114
345.684
221.783
263.078
263.078
90.9885
90.9885
91.7519
199.168
220.604
220.604
309.553
309.553
248.894
311.021
47.5922
47.5922
494.86
494.86
34.0897
309.67
183.775
297.334
242.068
503.847
46.7471
268.462
268.462
120.174
380.352
487.23
235.961
96.3034
96.3034
174.056
283.376
518.986
383.956
286.789
349.684
234.833
253.504
308.424
317.538
302.788
157.821
157.821
257.704
281.353
471.554
442.881
189.262
288.743
103.388
346.786
501.712
422.569
287.644
136.52
217.268
217.268
503.848
93.6321
270.268
239.886
61.3813
249.841
54.6731
310.894
310.894
30.4969
217.387
360.851
360.851
360.851
97.8995
97.8995
187.696
393.346
235.275
81.9321
302.067
311.946
313.521
239.08
60.0456
467.503
153.599
316.55
41.7744
218.809
119.612
348.869
307.652
284.108
203.005
203.005
266.466
39.2625
89.9709
243.012
299.373
299.373
106.928
266.594
360.919
331.399
461.493
195.19
81.5708
421.955
90.1333
298.151
78.9557
388.298
362.655
526.833
357.112
204.06
416.845
37.209
153.114
77.6403
240.301
151.548
410.737
429.238
429.238
110.484
162.944
143.715
143.715
433.189
480.611
210.536
315.933
315.933
366.647
287.872
105.468
86.0464
112.259
252.422
252.422
385.81
352.91
353.428
417.433
321.662
232.05
232.05
165.093
165.093
198.791
171.162
196.587
61.1853
34.6267
461.351
38.9076
126.727
395.739
195.559
195.559
369.342
317.049
317.049
217.823
217.823
47.2954
357.189
196.352
85.6861
117.561
117.561
560.716
419.416
419.416
450.551
450.551
36.0564
200.498
332.462
81.6655
134.73
211.078
332.2
206.555
226.581
416.088
76.3421
301.313
417.599
322.706
199.979
199.979
59.1349
372.862
163.758
97.4678
426.251
180.537
307.736
305.845
147.387
56.0774
71.7316
481.861
481.861
239.114
239.114
181.785
38.1621
51.969
313.714
151.827
260.331
260.331
147.85
492.329
433.44
134.752
291.885
204.401
115.151
115.151
368.946
30.077
364.116
364.116
478.262
402.792
139.967
105.707
196.614
182.091
310.417
128.523
142.379
219.983
54.1931
54.1931
125.497
498.895
298.623
298.623
131.024
62.9594
115.336
330.736
199.924
300.707
300.707
50.055
434.529
36.5184
510.219
261.068
220.194
519.905
218.926
166.967
370.453
370.453
35.457
347.316
32.2064
215.138
185.168
89.1374
82.6162
106.861
106.861
242.799
242.799
317.382
317.382
493.443
225.907
225.907
345.9
413.273
363.07
431.958
431.958
313.279
429.669
115.362
115.362
37.9089
444.952
330.239
89.1142
115.812
350.238
443.432
443.432
417.203
313.312
36.5749
298.615
140.992
293.098
394.565
285.544
37.6826
37.6826
207.463
211.535
453.254
335.38
149.263
149.263
31.9138
223.677
430.266
153.593
33.7459
450.423
295.199
55.7952
246.704
246.704
246.704
30.3047
244.816
45.6193
386.259
287.773
172.051
432.649
266.362
36.8018
36.8018
79.5468
79.5468
303.667
62.4061
131.153
131.153
165.799
165.799
432.443
237.772
106.641
106.641
236.75
298.323
308.048
41.2569
286.115
130.82
229.282
137.095
326.272
290.736
197.155
566.155
338.843
214.283
214.283
76.1956
265.801
370.03
230.812
37.5357
367.777
265.919
163.148
163.148
454.329
308.21
527.593
112.697
365.166
164.234
191.515
191.515
333.452
303.581
236.795
50.0023
454.079
109.562
103.277
355.66
321.424
77.592
138.24
138.24
448.444
309.87
337.095
335.491
335.491
128.108
128.108
473.985
246.143
381.594
350.674
202.492
202.492
346.087
216.015
194.283
361.884
418.717
418.717
387.199
244.742
149.155
78.7735
554.698
481.213
96.9179
96.9179
42.4478
42.4478
50.9186
201.41
240.33
75.9989
215.663
150.887
150.887
343.615
342.547
110.992
92.316
88.4326
61.8478
61.541
144.127
297.579
271.957
271.957
36.2681
33.4348
322.32
422.182
422.182
311.418
311.418
263.088
83.3576
394.998
170.872
251.604
251.604
326.989
326.989
123.078
454.58
488.602
381.821
262.98
200.628
428.721
345.51
292.218
117.725
534.776
534.776
302.021
113.27
493.081
343.12
352.957
161.807
422.544
342.177
83.8636
164.321
257.518
257.518
418.295
404.918
144.886
144.886
358.437
418.905
259.397
312.149
93.1167
50.5338
79.4118
121.375
121.375
190.128
363.273
191.171
191.171
36.8477
36.8477
66.7159
420.715
420.715
265.694
384.014
207.397
281.16
234.665
64.1359
339.646
361.421
547.489
60.4182
221.336
120.622
155.232
391.2
56.3526
56.3526
470.613
285.278
282.955
105.544
149.292
241.469
353.701
107.106
84.0832
38.719
241.078
30.619
30.619
153.224
377.505
377.505
250.241
288.512
288.512
438.6
438.6
35.5092
266.906
142.225
142.225
142.15
62.4103
193.954
416.964
249.866
79.7625
79.7625
496.282
92.6936
142.257
479.228
479.228
275.255
269.621
369.226
270.649
552.209
187.001
147.064
475.747
546.862
148.972
146.085
282.128
412.833
370.743
340.603
150.174
337.81
66.3948
502.43
186.315
376.465
213.946
321.915
548.388
133.947
323.627
278.918
278.918
186.405
295.453
290.723
375.314
409.825
49.0836
49.0836
307.053
117.939
393.771
291.008
291.008
115.618
273.058
107.681
248.226
108.915
254.387
89.6975
388.001
505.966
216.871
347.094
281.523
235.992
92.2153
47.6847
260.072
111.162
188.803
430.189
430.189
389.255
76.8663
348.691
135.949
135.949
135.949
216.018
139.436
41.0883
220.7
420.731
374.104
292.853
149.26
131.129
131.129
327.943
49.3949
142.337
56.8943
274.683
58.2975
435.94
146.167
95.6896
259.811
152.24
204.513
204.513
343.245
63.7195
63.7195
347.895
312.275
303.823
372.886
372.886
352.539
451.932
342.911
342.911
342.911
425.032
525.023
525.023
108.973
108.973
274.937
413.132
413.132
194.955
125.838
125.838
367.445
411.033
400.746
400.746
122.189
265.906
265.906
40.4964
280.413
280.413
280.413
275.025
111.459
495.987
133.501
133.501
120.154
180.029
212.549
137.081
206.972
93.1617
146.995
318.757
339.914
360.952
289.213
150.641
33.385
33.385
320.6
274.925
353.083
472.208
87.9966
87.9966
206.006
206.006
65.9071
213.935
408.841
360.472
119.691
119.691
540.524
403.844
245.969
115.863
164.245
164.245
420.543
265.78
141.771
171.275
171.275
111.359
51.8232
369.784
64.7321
64.7321
228.85
138.605
265.136
212.092
42.3305
42.3305
313.199
89.4055
89.5454
535.345
265.737
150.698
255.369
340.463
145.234
309.487
139.854
337.138
337.138
67.2998
67.2998
62.023
129.385
242.069
242.069
367.964
367.964
454.656
168.076
56.7902
400.797
252.892
254.584
270.285
180.934
145.554
183.725
71.8725
235.181
165.728
246.745
369.088
62.2047
302.728
63.047
52.3399
312.881
130.222
335.965
296.182
379.024
302.309
102.15
104.647
104.647
172.722
172.722
92.1452
367.367
122.781
122.781
145.655
96.7186
331.493
260.336
54.3076
54.3076
149.904
354.509
70.2419
562.322
167.595
305.134
360.858
33.2619
139.023
140.037
140.037
444.747
218.888
384.956
384.999
86.4667
217.305
163.235
138.152
57.3501
49.5541
69.1655
243.432
388.259
88.6992
425.843
30.9581
45.0382
45.0382
249.617
453.709
135.584
305.135
476.988
100.919
238.313
45.8355
45.8355
316.112
323.199
323.199
32.8658
80.1071
266.11
266.11
67.1861
48.4197
409.874
409.874
145.113
145.113
131.896
381.302
560.136
346.95
346.95
346.95
60.9784
60.9784
104.828
375.76
363.085
49.4434
482.066
156.529
96.2166
96.2166
160.999
160.999
39.4488
328.787
113.579
515.633
211.807
177.595
85.5108
442.42
263.931
305.554
268.937
85.3769
191.585
168.271
168.271
278.807
340.365
253.664
400.513
460.822
470.695
311.369
275.452
368.363
323.448
199.537
176.295
447.375
265.694
371.889
30.5138
353.372
357.044
83.7353
485.924
485.924
349.926
195.094
195.075
88.723
39.096
39.096
61.798
81.4761
194.499
257.229
60.8164
430.104
381.759
31.3365
451.622
132.359
132.359
451.842
119.906
75.9553
208.515
297.383
297.383
38.9642
324.831
324.831
387.225
120.178
70.8656
312.905
98.5225
52.615
306.062
159.526
140.252
75.8631
342.187
313.501
40.7544
287.997
73.36
58.6646
58.6646
165.537
204.451
32.3377
307.69
512.218
410.455
72.9307
271.602
115.88
115.88
113.46
262.742
299.794
342.624
107.244
267.687
434.782
409.125
483.744
401.511
239.962
239.962
165.862
340.33
391.219
441.055
191.497
115.59
346.991
480.796
244.088
41.5431
202.967
36.3962
36.3962
91.2727
294.325
225.082
388.149
32.5765
32.5765
234.184
234.184
260.539
122.209
63.2146
117.804
429.83
186.45
186.45
134.949
270.821
387.416
327.768
308.386
114.311
120.164
415.216
391.936
171.615
308.973
315.385
124.746
333.076
333.076
305.932
83.0306
194.58
87.1003
166.852
32.9567
550.462
273.437
327.901
509.933
93.9218
323.035
294.462
250.804
456.151
46.836
81.1258
81.1258
81.1258
34.5102
34.5102
406.072
406.072
81.8903
399.617
316.084
132.461
49.4017
49.4017
142.258
157.885
300.787
268.567
289.331
236.917
145.031
377.31
411.74
390.479
330.665
300.392
467.763
467.763
221.274
221.274
294.05
162.038
147.46
235.039
235.039
347.127
347.127
447.682
300.162
70.1575
355.315
441.601
50.2812
50.2812
134.923
225.733
464.578
59.2079
59.2079
156.911
60.2348
325.714
365.05
354.798
69.2566
69.2566
374.945
39.9925
496.691
340.293
86.5633
86.5633
64.2178
339.626
108.137
108.137
337.134
421.866
324.416
286.882
173.792
239.775
261.983
261.983
61.9342
266.599
266.599
555.91
401.424
157.455
182.308
237.817
47.5036
556.558
218.287
102.228
261.473
70.244
95.0911
388.977
262.96
262.96
262.96
262.96
400.571
197.158
246.944
294.356
247.646
430.296
33.2704
33.2704
139.377
71.984
129.755
405.645
306.72
290.542
228.496
339.007
169.34
397.287
228.919
112.389
411.996
411.996
508.814
69.1265
254.431
307.897
193.661
90.9717
154.515
376.943
271.484
81.8223
187.113
75.0706
169.838
183.672
183.672
283.8
85.7141
318.203
548.051
165.284
336.965
336.965
368.507
51.7405
193.464
157.971
76.3411
250.379
256.523
483.606
34.873
34.873
360.325
504.862
336.234
459.134
37.0029
505.761
480.292
480.292
81.2592
140.555
138.701
334.955
296.766
168.362
203.988
140.175
192.745
256.951
100.071
371.321
296.445
296.445
32.9565
374.504
374.504
77.045
103.947
339.89
537.218
47.2024
128.918
128.918
61.8305
133.148
355.336
318.552
242.53
306.147
306.147
178.826
90.0641
90.0641
536.526
31.9129
566.176
410.244
410.244
205.425
205.425
90.0779
446.15
506.032
120.742
373.769
293.57
362.088
94.6866
215.506
358.473
372.72
372.72
422.243
332.414
332.414
396.36
427.421
48.2421
32.8368
521.202
86.7306
293.423
113.968
67.8477
191.784
331.717
67.8065
308.712
308.712
359.97
353.563
353.563
209.542
201.05
166.295
278.222
53.8351
53.8351
135.259
84.187
114.79
147.043
147.043
322.183
159.814
260.748
228.288
311.656
311.656
110.55
136.256
136.256
540.302
67.9873
377.456
377.456
122.627
49.6402
515.797
36.9676
241.339
282.885
436.001
186.119
132.785
132.785
58.9882
58.9882
109.392
107.04
125.38
125.38
125.38
276.679
315.167
256.794
48.4681
355.749
165.56
374.942
255.987
37.6916
538.453
302.409
397.068
406.205
264.709
264.709
255.113
377.036
377.036
467.449
299.918
332.424
135.326
178.99
43.6898
396.817
152.679
296.685
398.294
134.128
275.435
371.625
525.029
39.7098
39.7098
429.993
429.993
255.044
321.9
185.566
417.235
175.591
175.59
191.163
353.023
353.023
261.584
397.933
372.344
206.811
485.97
234.004
121.16
163.825
163.825
67.0412
258.762
218.69
218.69
49.959
69.2803
69.2803
203.428
108.209
259.07
402.326
329.616
329.616
329.616
39.3956
425.351
435.354
378.042
320.452
37.2229
77.3311
279.306
279.306
37.6898
476.512
360.081
323.168
301.416
56.6901
142.515
142.515
64.5575
427.539
226.109
226.109
321.159
83.1294
52.284
425.677
296.788
109.903
127.662
127.662
204.199
45.3229
104.101
380.785
402.814
193.416
108
266.664
128.617
401.073
399.077
354.106
354.106
276.271
32.8944
361.156
359.804
289.155
63.878
219.497
67.9465
142.245
32.4566
441.609
63.8773
238.275
81.4073
209.381
69.8668
314.573
226.272
226.272
343.074
150.007
284.765
178.641
370.703
385.541
249.139
249.628
126.008
165.469
357.17
474.755
263.007
263.007
119.83
366.806
211.874
211.874
293.155
328.082
251.79
327.062
364.243
298.583
139.546
421.598
187.752
126.07
39.3527
167.168
178.744
384.692
123.831
310.911
310.911
310.911
168.599
290.288
345.608
345.608
364.354
221.496
216.522
216.522
83.5894
30.0148
180.273
194.065
557.513
78.5092
290.783
486.624
265.971
152.631
480.931
42.0856
82.6269
291.42
195.867
195.867
487
56.514
363.952
512.866
270.879
49.1873
374.859
79.1778
79.1778
370.79
286.624
229.064
286.796
446
380.853
150.548
181.078
181.078
357.623
320.023
320.023
375.836
162.829
322.252
77.378
224.528
361.082
279.008
279.008
67.6312
134.906
341.115
56.7664
56.7664
134.095
151.902
252.122
221.297
221.297
181.162
181.162
82.4137
46.8641
318.151
246.853
246.853
222.015
321.935
285.643
100.447
216.06
232.975
232.975
47.846
104.204
218.797
274.711
32.125
323.83
302.226
36.9546
438.16
438.16
212.561
212.561
188.085
241.602
372.6
180.303
276.178
121.371
353.774
353.774
62.7045
144.578
213.541
356.085
435.735
111.228
140.502
151.438
66.8508
186.617
179.547
156.727
126.412
445.57
445.57
383.378
117.703
146.496
284.663
196.579
178.16
231.208
231.208
277.87
68.5767
339.354
156.41
69.6656
69.6656
197.484
197.484
197.484
180.518
42.8434
42.8434
364.122
373.642
156.921
68.8665
467.737
383.603
245.595
215.42
106.322
326.081
312.553
182.615
199.8
496.638
62.9514
218.804
238.096
74.5671
43.5641
76.0831
436.977
290.262
290.262
233.551
220.397
93.1328
465.42
465.42
101.521
222.274
222.274
107.779
336.402
74.732
347.239
347.239
156.179
349.443
140.734
129.662
129.662
161.069
161.069
291.442
139.482
139.482
207.841
288.036
288.036
128.583
102.68
375.332
376.524
376.524
165.042
165.042
164.298
164.298
44.546
405.15
436.08
436.08
112.095
225.39
98.0707
219.441
228.262
90.8179
119.647
548.448
268.905
146.209
308.202
392.99
392.99
279.443
44.4517
44.4517
327.333
232.107
307.121
568.018
296.607
296.607
296.607
517.312
186.762
186.762
161.879
442.941
335.938
421.16
256.329
316.847
576.677
230.924
207.348
272.427
292.576
91.8731
32.2001
439.103
55.3163
492.161
30.7495
30.7495
45.9159
91.7027
91.7027
132.231
274.99
150.031
256.441
396.537
125.07
361.108
145.979
145.979
278.699
197.399
266.201
138.168
334.838
351.816
202.091
153.346
187.026
90.1447
89.4211
416.633
416.633
269.185
69.1038
69.1038
424.097
110.636
86.1009
68.9904
344.395
163.719
163.719
397.493
334.27
334.27
307.389
206.16
30.3333
182.576
295.47
523.77
41.4213
98.7371
98.7371
133.299
133.299
410.969
95.4281
152.784
374.018
76.0901
158.922
222.497
222.497
219.56
533.413
64.1383
363.269
238.986
238.986
478.833
238.801
338.253
194.979
194.979
188.599
277.752
173.408
37.2275
335.69
87.503
93.9947
471.657
342.619
385.066
69.4251
163.909
163.909
198.396
301.951
287.009
210.048
104.826
440.349
440.349
195.623
194.875
65.4658
281.987
289.576
120.368
40.3657
160.609
324.816
99.6101
77.8309
159.588
157.614
224.533
282.274
430.491
162.069
65.8476
275.626
340.399
210.581
272.459
30.3853
130.723
376.635
140.857
522.703
298.043
226.784
134.026
106.83
244.553
92.2
300.755
422.846
398.082
233.79
86.4003
58.9542
474.94
494.432
266.516
78.0752
205.903
258.561
147.738
147.738
274.479
364.733
227.376
227.376
485.461
280.013
201.437
73.408
104.419
104.419
362.309
232.432
363.253
302.81
192.583
148.653
281.991
306.859
80.7741
245.432
301.591
74.8633
379.619
275.494
74.2268
118.519
118.519
37.1655
287.682
260.061
139.588
96.7605
263.739
425.956
425.956
425.956
285.005
408.557
408.557
259.888
160.987
324.552
324.552
465.829
291.154
166.222
101.606
101.606
385.921
482.011
188.789
207.117
54.5496
339.142
325.801
316.564
265.743
265.743
525.134
539.119
31.2386
46.7604
180.096
253.632
197.77
418.078
408.488
251.297
251.297
184.023
184.023
65.8456
230.867
198.762
362.017
38.6152
472.73
376.885
411.216
347.63
187.452
187.452
296.015
392.378
268.026
38.2718
283.24
283.24
303.955
397.723
259.083
32.7365
52.6874
173.923
166.085
94.3014
500.57
268.974
268.974
487.253
266.768
52.5843
401.438
45.5687
315.62
120.863
293.98
52.3485
343.449
343.449
343.449
104.724
224.161
159.139
50.0502
274.341
473.981
51.0802
328.256
160.057
291.708
236.024
157.732
295.034
129.181
129.181
140.296
140.296
285.788
119.042
442.601
336.261
443.275
443.275
62.5118
62.5118
232.333
240.197
328.868
58.6539
72.7655
118.839
377.915
377.915
317.847
467.489
292.821
377.61
363.707
281.917
110.647
302.394
69.472
128.105
350.539
301.208
123.447
123.447
475.033
199.696
151.074
449.194
372.777
75.9837
332.769
442.71
486.322
88.8461
59.7355
59.7355
173.365
358.98
358.98
159.554
159.554
176.167
146.068
388.6
388.6
237.764
462.305
185.266
185.266
113.32
372.348
50.7636
126.719
121.977
335.498
110.75
202.42
133.271
133.271
138.794
118.481
143.899
327.692
327.692
301.833
301.833
301.833
109.677
161.093
303.843
269.976
269.976
310.777
286.523
39.5001
292.787
292.787
481.114
359.75
163.1
245.758
201.926
277.968
255.931
246.56
407.091
248.551
271.202
367.272
239.417
84.8889
65.857
269.236
125.594
367.943
63.3223
306.888
245.981
258.734
309.789
129.545
120.83
254.422
446.022
228.32
160.579
347.514
406.694
192.177
286.515
324.647
324.647
58.1331
365.991
438.276
276.876
313.359
433.619
182.704
182.704
371.763
253.172
355.469
503.673
144.41
416.688
256.531
346.69
145.402
320.389
297.693
367.715
254.294
280.316
211.901
62.1458
114.627
114.627
246.118
339.734
259.696
53.01
242.066
394.32
192.466
192.466
65.7135
282.96
337.692
337.692
111.987
111.987
165.949
165.949
514.972
121.935
121.935
71.825
110.71
41.304
41.304
253.333
294.572
411.882
411.882
356.852
112.404
112.404
218.14
227.901
211.246
60.6879
414.647
349.038
260.236
481.946
335.424
54.1342
171.118
380.73
340.685
340.685
136.5
83.3598
83.3598
283.378
283.378
119.609
105.81
146.661
149.625
149.625
500.505
281.748
405.081
189.409
52.0939
176.507
304.47
400.569
266.515
66.6001
66.6001
273.223
448.405
448.405
418.047
79.295
369.728
448.538
514.25
393.441
460.41
400.08
227.075
392.68
149.847
275.126
113.673
461.948
131.417
97.2621
166.959
166.959
200.347
320.743
450.717
371.765
549.673
98.0945
245.514
342.157
121.809
391.108
459.105
164.74
94.0801
235.635
50.9105
459.948
459.948
459.948
31.1811
31.1811
164.404
42.3969
42.3969
327.559
481.817
114.895
139.429
139.429
399.879
391.849
252.849
127.12
149.979
483.413
135.087
246.011
382.397
439.99
30.1745
274.131
230.418
92.7354
180.805
206.239
436.618
109.402
373.392
91.6961
339.275
311
168.698
321.479
162.893
423.323
33.7247
397.642
112.207
112.207
233.289
233.289
407.412
479.708
347.092
134.04
134.04
322.677
480.479
480.479
321.708
291.032
326.859
262.214
427.291
427.291
36.2803
128.19
97.4883
406.355
83.8132
435.464
97.0753
97.0753
297.297
440.099
231.921
538.722
159.1
541.731
48.0581
48.0581
402.547
96.0764
46.7469
407.646
151.464
226.305
120.5
308.941
56.6164
258.763
326.735
183.577
499.451
120.586
531.299
347.411
369.956
261.652
488.707
401.054
79.8919
79.8919
266.421
368.872
326.498
70.0723
70.2831
422.545
422.545
31.9152
334.947
56.2395
121.323
363.701
198.263
205.957
205.957
221.197
225.154
189.985
217.216
132.144
35.0515
35.0515
250.818
49.8424
482.819
482.819
344.77
344.77
316.844
316.844
343.034
187.955
134.537
134.537
112.642
112.642
202.624
302.783
302.783
297.284
294.098
576.409
220.119
54.5346
54.5346
255.02
73.2182
381.085
118.499
301.775
480.556
480.556
485.757
339.748
273.547
395.356
369.084
382.843
253.287
152.17
453.213
202.083
122.229
122.229
55.216
346.073
392.637
477.834
73.3599
73.3599
184.841
184.841
215.859
125.153
125.153
148.528
378.118
293.156
265.182
265.182
82.1965
213.26
213.26
110.137
152.478
341.425
228.3
228.3
160.532
206.173
225.517
225.517
320.021
275.137
355.352
313.373
313.373
187.106
187.106
284.2
284.2
324.751
324.751
201.692
338.967
338.967
338.967
333.17
133.027
120.672
60.5329
215.108
37.3626
171.222
171.222
35.8705
163.86
163.86
474.216
46.8996
31.5595
182.342
132.269
146.473
146.473
169.145
124.369
124.369
152.865
181.902
33.5177
187.533
33.8398
55.6673
365.934
192.323
255.53
150.037
320.541
369.045
369.045
388.129
117.984
228.483
83.9796
83.9796
83.9796
59.9629
59.9629
389.621
328.617
467.618
267.64
232.09
332.304
169.619
224.329
247.526
437.752
381.081
80.2449
343.442
31.8422
265.646
265.646
232.502
372.036
167.622
134.205
67.2931
35.6244
106.654
106.654
38.9326
159.152
460.135
241.033
247.61
193.516
283.441
40.0283
227.574
425.876
118.251
241.111
170.695
170.695
116.044
116.044
531.854
394.9
299.367
299.367
270.528
106.03
106.03
147.484
183.226
183.226
409.426
234.189
363.034
310.468
42.3877
44.8156
185.615
353.569
261.341
243.927
311.011
105.966
143.191
35.0156
187.942
225.372
545.079
169.626
224.761
379.921
379.921
324.365
214.879
330.67
437.864
265.632
227.193
227.193
53.6933
368.862
212.735
212.735
249.13
310.285
310.285
322.943
221.599
333.981
51.799
246.527
282.842
87.6281
211.147
100.582
127.396
254.547
281.375
385.698
398.838
411.931
342.432
320.414
320.414
109.265
330.48
330.48
59.6312
94.077
380.76
82.7651
114.465
172.049
172.049
350.711
254.091
53.6953
81.8609
81.8609
40.7619
40.7619
252.975
252.975
231.717
205.148
198.128
198.128
445.006
422.296
508.724
336.359
338.842
144.137
126.024
90.6946
307.159
303.637
33.1403
58.3891
181.648
104.737
104.737
333.155
141.69
310.782
433.042
220.511
281.828
224.572
224.572
238.59
76.0606
76.0606
81.7645
228.196
195.375
246.791
276.621
276.736
272.094
117.497
374.587
388.347
289.321
348.262
299.881
366.354
270.413
279.883
208.091
208.091
321.09
193.019
184.312
67.1818
386.066
78.4993
146.804
160.384
160.147
394.749
394.749
303.411
172.88
32.6361
386.262
160.332
430.212
328.104
93.2417
154.254
156.471
288.768
195.904
420.943
186.903
240.413
240.413
168.581
73.859
152.834
46.494
307.915
243.286
538.045
427.481
365.131
274.694
120.943
120.943
399.469
203.258
61.6328
120.054
273.37
273.37
534.573
118.914
118.914
242.03
242.03
238.881
162.372
470.177
259.491
355.352
436.528
159.852
295.675
244.672
244.635
244.635
426.025
247.552
561.801
117.277
306.095
105.273
130.647
281.069
150.234
125.211
181.529
179.425
322.606
189.574
485.256
69.4805
69.4805
426.298
413.879
438.787
229.168
229.168
145.615
379.511
379.511
38.0867
162.81
313.92
442.836
49.7328
253.916
163.956
163.956
140.439
248.995
318.376
521.184
138.726
76.211
107.228
98.017
293.576
133.213
449.332
51.5487
233.897
325.457
32.9772
193.466
88.8551
227.897
430.213
134.328
382.414
388.142
350.982
350.982
278.774
75.7479
154.953
237.921
126.43
126.43
84.3887
34.5373
238.904
67.4286
233.355
430.542
573.48
302.765
76.3825
277.884
215.105
102.338
102.338
136.462
453.521
299.686
362.966
362.966
380.065
235.7
227.672
462.747
320.542
160.088
79.6845
421.651
82.3151
82.3151
391.576
279.547
352.911
352.911
179.129
360.984
291.788
31.1707
31.1707
526.731
526.731
42.8687
405.741
332.318
332.318
305.441
191.473
288.061
288.061
254.524
397.674
365.333
365.333
464.55
73.1436
211.741
313.418
357.438
416.87
37.8267
188.591
285.887
374.524
292.037
250.269
347.901
203.018
101.574
370.107
95.7699
404.158
62.7976
116.516
116.516
405.219
112.236
112.236
120.039
324.218
379.493
525.791
330.02
241.678
222.31
64.0025
69.8723
69.8723
396.672
109.004
52.0491
524.763
524.763
139.989
203.305
63.8333
63.8333
408.438
408.438
403.737
158.279
273.791
237.42
68.0837
68.0837
69.157
430.56
179.994
54.1703
253.333
323.244
84.634
125.166
99.4518
294.838
101.009
383.999
452.363
312.692
303.109
303.109
342.12
179.903
136.491
205.502
55.3367
55.3367
45.6182
103.554
396.557
109.248
78.4592
316.339
170.267
48.3419
197.891
62.197
386.13
70.5684
237.488
237.488
444.426
526.172
31.0568
368.338
201.37
503.254
301.196
206.563
206.563
206.563
481.013
171.858
288.658
235.636
360.886
53.8983
175.032
