379.197
251.893
346.488
236.484
84.2977
255.102
400.311
429.447
246.414
322.997
365.961
274.543
277.288
429.442
429.442
387.171
389.457
389.457
389.457
253.26
365.755
338.267
319.991
291.306
270.905
270.905
319.278
232.679
232.679
261.817
268.509
359.632
261.919
261.919
269.419
162.158
282.447
203.53
388.039
325.509
153.008
188.197
304.786
143.37
233.671
362.422
175.124
234.096
361.697
282.704
270.839
323.374
364.118
364.118
232.432
232.432
401.638
404.37
117.457
315.918
318.569
298.114
425.694
233.677
33.1358
310.817
282.852
362.239
265.05
358.29
306.942
363.329
363.329
385.57
385.57
331.28
416.546
279.692
252.34
252.34
329.117
329.117
171.608
397.293
397.293
335.032
314.461
126.125
126.125
302.403
289.213
414.146
414.146
336.856
122.244
122.244
338.027
338.027
338.027
338.027
351.317
113.394
305.21
397.453
248.804
386.078
362.301
358.727
361.426
413.982
408.832
408.832
263.336
331.607
350.153
325.728
259.04
253.408
337.554
251.332
251.332
377.062
194.132
311.389
309.39
232.965
407.419
407.419
329.171
295.619
89.6749
312.055
359.623
317.163
241.042
324.994
220.985
220.985
241.037
241.037
315.992
171.264
310.787
300.417
232.309
291.635
352.892
187.528
431.085
353.63
353.63
241.412
259.757
119.438
324.145
324.145
326.684
154.34
154.34
160.314
210.795
238.706
234.708
313.026
313.026
295.486
368.823
238.868
238.868
272.357
310.076
338.49
379.146
242.428
279.68
374.913
231.327
326.882
297.922
397.048
362.43
231.936
231.936
326.421
326.342
385.636
381.846
232.583
383.202
315.789
335.133
383.384
308.523
308.523
431.922
353.834
353.834
261.005
335.424
426.38
134.516
217.354
54.3579
374.407
276.717
378.65
235.221
271.355
271.355
290.93
339.068
232.301
330.253
314.608
102.237
254.687
254.687
260.65
236.164
186.239
340.754
340.754
299.049
184.528
425.217
236.422
236.422
407.423
367.511
261.67
148.575
359.241
283.186
405.874
239.626
239.626
137.006
241.751
345.418
260.295
203.765
310.504
242.783
242.783
365.711
348.808
427.093
218.12
344.869
278.571
153.786
387.218
176.821
298.671
343.903
132.517
374.602
287.549
49.7367
316.695
433.249
246.921
246.921
347.815
427.227
259.172
420.409
203.812
334.672
420.795
420.795
420.795
331.102
364.916
364.916
284.16
69.4966
410.848
251.126
77.703
281.335
270.406
248.855
248.855
322.043
110.925
361.538
194.782
419.583
295.837
397.949
429.451
143.713
330.722
333.44
333.44
97.7671
245.586
378.655
374.714
354.039
266.083
327.045
357.484
322.466
379.012
273.314
260.796
56.2811
393.664
363.492
414.992
431.628
275.009
275.009
275.009
275.009
350.871
246.283
246.283
424.831
398.669
264.051
332.087
231.925
281.784
169.029
395.361
83.4341
244.228
270.095
249.461
246.344
246.344
309.406
309.406
333.474
289.241
316.851
278.93
242.409
303.002
119.523
119.523
371.86
420.554
267.931
333.758
354.908
256.8
397.61
397.61
233.8
306.866
246.171
246.171
262.012
262.012
388.747
388.747
350.74
350.74
350.74
215.994
426.975
392.867
280.105
378.582
413.204
413.204
293.371
357.664
421.756
369.452
337.2
337.2
369.994
184.088
184.088
316.147
256.434
237.544
306.587
306.587
304.082
203.294
44.6765
340.886
246.132
314.82
316.899
153.131
378.99
378.99
391.037
289.709
342.25
311.891
311.891
307.795
344.148
398.708
268.81
359.048
359.048
340.981
302.343
310.229
368.219
316.669
262.953
427.271
400.496
408.331
319.16
143.535
269.217
338.456
248.264
399.797
286.348
286.348
290.405
402.131
332.338
120.125
174.013
174.013
299.825
302.755
409.703
195.43
273.697
348.17
327.123
257.309
37.324
396.888
257.973
386.889
349.825
410.455
94.0349
233.691
233.691
77.8941
335.318
309.973
309.973
363.349
296.577
401.824
401.824
355.523
271.587
32.9299
420.619
308.038
308.038
421.544
300.498
300.498
203.516
297.169
301.716
303.324
343.733
331.832
351.63
346.907
346.907
306.296
306.296
237.422
368.559
250.091
233.061
335.785
218.598
37.6668
177.869
249.953
223.215
150.496
252.817
274.508
274.508
274.508
402.528
265.137
303.057
281.445
387.246
387.246
320.081
113.342
151.049
151.049
250.605
232.562
232.562
239.627
270.363
270.363
382.876
270.598
352.924
305.833
305.833
268.241
302.461
278.728
275.573
62.5837
379.386
308.14
254.694
130.702
303.592
393.712
393.712
418.747
348.473
235.377
235.377
267.938
273.046
323.162
323.162
434.996
217.435
231.282
231.282
379.664
248.963
330.93
408.976
418.557
79.7208
79.7208
265.366
265.366
351.202
427.351
401.178
360.843
242.747
303.044
33.6417
278.979
352.317
408.104
408.104
323.055
315.576
404.446
221.705
263.028
335.222
81.7382
260.139
253.553
359.951
127.471
255.943
255.943
347.471
238.623
377.307
267.486
278.696
328.903
289.4
366.325
310.79
294.386
219.422
383.149
420.374
117.395
117.395
406.273
148.325
272.273
284.43
284.43
134.747
418.196
283.641
283.641
426.904
323.767
323.767
426.707
426.707
426.707
287.106
401.906
335.783
295.096
295.096
429.093
330.955
313.949
420.91
359.431
386.074
112.913
121.29
200.064
344.667
277.56
259.12
327.338
396.721
396.721
261.565
335.436
184.367
159.523
396.859
250.536
237.517
237.517
192.497
275.04
275.04
317.604
232.946
335.384
356.713
356.713
218.351
327.648
358.102
232.572
232.572
398.068
137.814
222.259
389.751
389.751
406.242
259.051
224.372
290.119
344.797
418.37
310.046
239.74
225.208
255.563
272.095
331.903
353.316
363.755
36.5198
36.5198
390.562
390.562
353.815
111.409
375.101
342.323
344.719
432.785
432.785
336.332
336.332
330.893
334.803
359.781
282.001
226.813
223.838
271.01
271.01
252.064
331.285
424.1
400.155
419.63
289.578
160.917
322.547
363.629
389.339
389.339
359.5
402.163
411.997
366.023
433.847
374.752
321.161
321.161
330.824
305.127
338.354
37.9934
238.729
248.481
260.676
276.125
241.228
232.729
405.446
302.888
194.04
164.331
259.753
345.858
355.501
407.482
232.916
232.916
348.211
353.782
386.723
188.098
131.987
37.2214
312.369
343.942
252.753
208.134
269.571
256.419
351.083
351.083
276.702
266.735
369.675
372.012
410.385
410.385
333.738
70.1297
313.649
332.607
378.945
397.978
397.978
348.952
316.646
356.423
357.04
291.122
379.033
48.8102
358.054
280.125
163.189
163.189
327.688
277.595
215.616
215.616
280.516
268.911
268.911
320.437
274.056
274.056
182.082
364.387
224.841
306.188
276.378
85.8788
273.577
273.577
373.439
323.498
308.885
302.445
251.761
251.761
184.125
158.227
309.484
319.485
288.656
369.271
122.917
317.56
373.133
390.795
317.467
261.041
164.517
34.8159
160.747
271.501
299.788
259.654
148.544
375.48
386.1
271.157
397.337
381.221
38.075
307.529
357.762
141.785
233.238
361.09
285.361
332.031
306.141
306.141
412.649
297.858
131.055
131.055
334.614
307.225
408.8
290.343
387.519
337.662
341.195
299.96
266.461
334.021
160.01
432.365
328.009
362.13
281.017
293.204
233.051
233.051
312.342
343.488
46.6296
327.829
412.109
407.071
289.383
379.158
100.037
96.3601
135.95
135.95
86.1228
330.126
331.943
257.647
316.414
323.982
380.659
243.501
243.501
232.713
359.782
406.692
269.823
283.345
354.448
242.879
307.349
266.709
297.994
293.464
195.569
397.858
323.717
385.485
300.472
300.472
332.281
314.62
348.027
282.524
305.167
400.84
347.202
214.875
270.204
270.204
283.955
232.691
341.49
364.108
341.872
49.8061
174.151
269.314
265.477
86.2327
86.2327
352.794
337.768
235.598
274.529
300.761
395.183
288.897
288.897
398.078
299.121
266.799
410.983
274.9
428.073
428.073
275.094
65.1088
219.4
387.107
318.868
359.061
258.038
232.559
320.627
378.943
378.943
310.956
282.337
282.337
258.436
349.563
309.987
309.987
390.382
390.382
244.649
334.105
334.105
192.847
342.043
378.06
306.607
409.791
397.495
133.579
386.326
174.638
309.228
153.453
153.462
362.001
259.765
353.468
378.423
235.857
235.857
361.798
266.703
338.821
386.522
322.293
320.753
259.971
263.336
380.43
320.348
193.896
419.467
196.393
307.927
307.927
271.284
397.633
271.556
315.582
278.614
141.992
335.131
279.144
414.044
150.678
150.678
296.675
431.078
431.078
239.728
233.125
387.07
149.414
312.955
287.921
404.993
323.637
358.33
314.636
314.636
368.849
402.086
392.849
324.378
324.378
424.417
311.149
311.149
364.546
346.964
378.958
378.958
335.193
335.193
160.722
270.688
288.244
423.873
423.873
171.665
406.092
187.533
187.533
162.764
246.872
246.872
266.3
186.057
186.057
356.09
342.359
334.429
327.141
353.234
260.455
301.557
290.919
265.436
257.184
280.895
202.483
342.178
56.3172
56.3172
288.462
134.85
368.224
354.256
271.727
305.287
305.287
309.24
428.389
428.389
262.601
344.048
337.012
345.927
351.457
375.106
367.216
367.216
303.861
279.424
279.424
241.274
265.57
76.0023
200.518
200.518
406.67
283.205
405.581
405.581
407.481
271.954
249.958
330.343
330.343
368.816
284.581
253.078
171.143
306.81
165.5
375.262
375.262
375.262
309.118
240.948
240.948
235.102
296.509
428.456
313.217
295.68
300.2
420.397
420.397
291.129
287.04
287.04
37.9833
37.9833
207.338
419.325
133.508
319.889
373.601
281.972
330.989
328.245
101.193
175.62
237.941
162.661
239.097
245.798
413.787
413.787
410.754
395.784
347.227
418.545
317.65
232.821
278.537
278.537
289.174
289.174
316.662
316.662
341.753
341.753
200.727
43.1158
160.599
373.859
364.077
280.493
351.439
171.024
399.061
375.875
362.399
362.399
383.201
347.914
377.116
322.061
149.986
237.399
203.431
322.893
322.893
308.881
237.353
250.383
250.383
368.367
342.215
342.215
188.653
37.0233
328.476
388.414
237.087
339.59
327.265
397.582
408.728
332.129
332.129
266.295
266.295
239.384
351.989
270.415
308.413
274.508
261.95
262.55
262.55
262.55
396.703
402.884
345.771
238.313
307.43
274.059
274.059
269.044
351.463
358.694
397.272
250.95
250.95
331.08
310.373
320.232
320.232
260.638
405.51
92.417
92.417
339.543
329.168
233.095
339.676
297.312
384.306
420.291
264.552
264.552
182.258
137.436
137.436
173.327
325.437
350.243
397.347
257.196
319.495
361.508
338.009
360.577
431.348
183.757
373.134
408.102
408.102
404.328
355.023
310.498
209.672
388.802
331.151
36.098
36.098
240.819
340.708
143.129
193.488
236.594
313.644
314.974
361.144
294.358
312.111
288.396
347.738
410.806
410.806
274.501
326.502
336.346
259.513
317.711
325.47
419.598
388.453
335.798
391.12
271.309
351.999
125.134
276.934
289.182
51.9502
331.17
382.991
275.55
379.81
233.095
279.53
296.275
296.275
40.4121
283.736
277.706
144.086
282.309
368.446
333.736
333.736
376.325
403.77
393.002
417.214
313.087
316.259
382.818
316.259
241.472
288.66
258.629
236.061
369.715
369.715
305.572
192.125
271.228
271.228
404.464
404.464
338.897
338.897
359.569
359.569
405.569
286.298
286.298
249.33
249.33
291.147
291.147
277.854
288.31
333.735
341.143
358.038
322.026
265.463
117.892
335.338
405.393
262.035
428.034
387.737
189.528
280.734
302.259
254.529
254.529
232.782
235.78
376.453
332.834
299.054
312.997
312.997
288.402
321.001
423.091
423.091
317.551
383.783
320.468
350.359
56.6288
347.805
356.923
398.545
286.89
286.89
286.89
267.756
325.24
336.043
343.352
106.08
270.18
270.18
254.461
249.556
293.461
133.709
408.586
408.586
279.565
70.1784
306.195
222.081
326.118
332.798
272.926
250.279
142.358
252.978
252.978
359.591
379.849
384.053
355.172
366.571
366.571
194.694
232.506
232.506
296.9
101.847
321.899
418.18
377.334
298.62
366.055
380.298
177.931
94.0264
360.732
288.327
362.746
302.481
192.169
240.44
409.703
335.848
394.153
262.746
324.99
324.99
280.947
263.686
246.257
391.934
234.529
64.7079
259.045
234.392
365.453
271.732
275.794
275.794
303.694
303.694
295.21
283.479
283.479
283.479
277.039
319.415
270.856
270.856
381.089
381.089
355.141
255.037
255.037
370.629
318.182
313.338
333.712
232.153
332.541
257.309
319.293
324.56
425.008
334.298
386.097
386.097
296.089
369.626
376.036
258.273
314.06
314.06
249.669
267.703
278.238
278.238
337.185
359.998
307.353
253.491
345.747
393.979
275.059
404.35
376.412
376.412
376.412
433.995
307.476
302.778
236.089
32.4773
32.4773
291.978
353.24
325.273
295.291
245.944
216.306
291.903
232.504
244.547
345.337
409.864
423.861
354.083
354.083
347.273
392.662
256.611
232.336
261.047
271.392
306.597
401.51
317.106
194.36
279.826
186.525
30.0842
235.841
355.839
355.839
355.839
180.48
383.498
269.314
397.987
396.476
236.258
236.258
359.144
297.506
302.591
304.15
366.806
162.493
403.694
350.185
347.182
333.351
163.559
296.531
250.821
250.821
288.337
288.337
254.593
254.593
280.73
52.6442
334.092
196.161
361.398
361.398
296.508
302.004
360.164
360.164
360.164
253.85
328.018
393.931
367.289
235.334
235.334
71.8258
400.106
375.59
232.55
232.55
366.57
366.57
356.427
300.596
409.171
285.17
332.278
309.84
308.603
356.718
296.507
296.507
253.684
253.684
119.638
364.52
364.52
285.989
343.963
291.942
331.846
331.846
304.223
304.223
296.256
383.398
349.502
289.8
426.742
426.742
283.288
283.288
283.288
283.288
383.953
404.207
302.527
307.537
314.168
374.737
419.838
372.75
377.958
300.354
374.583
297.572
312.118
312.118
235.032
347.806
398.056
254.124
362.098
236.302
236.302
278.585
418.601
301.088
247.277
393.944
393.944
331.918
347.156
221.058
173.623
52.8114
369.588
411.854
318.404
247.155
276.633
228.844
216.357
127.401
392.348
392.348
318.828
304.314
388.479
388.479
255.267
255.267
239.989
239.989
267.344
276.334
291.062
266.94
266.94
170.512
320.625
278.026
323.072
323.072
88.448
88.448
348.678
277.667
373.939
373.939
332.021
332.021
373.516
314.663
382.052
420.521
420.521
341.629
348.069
227.338
363.566
411.807
67.1965
232.609
232.609
402.706
402.706
251.546
68.4535
328.215
363.781
232.054
230.675
238.849
307.923
256.621
414.845
396.838
303.922
231.762
231.762
384.75
410.968
375.652
375.652
351.999
51.3918
391.888
391.888
305.56
44.2708
427.923
421.163
384.628
362.395
143.682
143.682
69.2154
353.971
353.971
38.2843
275.404
398.442
244.567
276.082
237.126
285.708
285.708
410.782
385.964
361.065
240.827
238.625
274.234
135.079
375.262
375.262
346.128
285.853
319.612
319.612
283.034
356.217
306.74
290.457
290.457
245.224
154.332
415.493
415.493
244.106
198.724
329.068
121.482
315.164
391.519
299.351
229.766
229.766
393.042
232.307
315.747
315.747
331.772
301.534
339.265
399.044
292.104
333.454
152.418
266.379
266.379
307.143
339.289
396.253
327.348
409.54
320.411
268.45
258.15
348.337
321.886
361.61
247.498
406.805
299.906
303.495
175.627
290.222
314.28
425.484
317.877
373.087
249.103
256.34
284.022
309.945
340.387
374.295
311.79
205.195
315.35
200.876
406.269
281.005
281.005
372.966
249.352
242.92
95.9258
342.991
315.416
371.816
269.218
393.113
232.086
275.534
400.498
231.502
385.526
393.869
290.466
269.679
269.679
157.212
389.626
286.208
346.497
238.331
285.765
314.775
242.509
278.802
243.309
243.309
131.646
119.599
338.704
425.838
378.92
297.046
297.046
189.181
361.081
361.081
345.565
290.219
358.662
343.259
364.971
364.971
364.971
272.695
376.537
325.004
370.769
303.237
151.521
295.126
295.126
263.947
322.126
297.351
239.727
321.522
239.673
243.022
400.233
146.546
232.916
231.993
401.258
325.988
320.841
358.808
312.923
312.923
312.923
205.209
245.568
40.0353
327.272
311.522
366.355
410.381
329.154
285.207
425.783
353.47
353.47
300.701
263.269
244.484
358.328
342.359
40.153
432.391
242.531
242.531
235.827
178.166
178.166
285.118
337.314
289.982
285.153
352.63
387.481
310.096
363.843
293.115
293.115
339.036
310.084
272.643
232.318
387.019
389.663
389.663
259.571
232.003
304.42
394.718
394.718
263.268
74.9868
351.591
351.591
391.124
274.733
274.733
327.164
255.989
152.832
240.357
333.876
162.567
397.735
238.527
138.413
138.413
424.659
346.701
335.549
250.033
130.726
384.685
384.685
180.598
57.3315
386.953
148.577
430.479
417.31
355.212
418.009
264.916
409.823
171.941
354.474
238.009
232.76
350.246
350.246
350.246
430.627
227.929
376.457
294.498
349.948
382.17
361.334
259.659
390.932
376.887
376.887
80.7526
414.206
308.491
270.996
310.496
266.625
371.987
304.416
411.73
370.498
321.003
280.463
280.463
233.928
399.628
262.461
262.461
347.373
342.789
67.9146
252.321
321.715
417.632
387.679
329.203
249.936
268.799
378.557
378.557
378.557
306.456
306.456
181.441
394.093
317.708
250.672
362.665
362.665
350.393
259.717
259.717
202.824
202.824
169.093
290.892
290.892
247.641
268.02
116.354
293.432
354.65
386.678
127.506
156.196
360.17
282.457
158.503
65.2928
280.831
280.831
233.346
371.434
363.315
61.5787
274.142
362.618
289.025
433.762
219.098
219.098
433.692
199.96
199.96
199.96
51.341
96.7519
357.354
382.296
382.296
191.729
289.802
255.673
152.888
424.092
332.235
310.039
311.404
167.702
403.238
172.79
245.655
308.524
358.849
107.304
330.401
330.357
112.448
317.611
378.358
309.576
191.982
347.111
416.115
333.964
333.964
260.807
265.268
324.724
358.179
321.687
281.732
232.238
304.782
310.332
346.952
346.952
346.952
72.5526
72.5526
307.024
329.842
278.878
271.34
271.34
271.34
388.727
388.727
321.164
337.406
337.406
297.719
297.719
403.935
223.288
350.915
285.494
360.902
360.902
410.773
233.086
311.415
311.415
363.945
346.466
349.255
309.215
309.215
251.532
206.831
232.915
232.915
283.075
366.046
380.716
341.552
388.678
355.227
336.844
336.844
370.508
389.699
389.699
281.566
190.03
369.74
395.805
286.376
245.608
55.9391
55.9391
310.519
246.202
239.939
239.939
131.082
283.569
243.13
305.002
365.216
365.216
220.562
318.018
227.175
359.507
270.856
331.194
278.909
316.181
324.062
320.846
310.316
274.844
382.906
382.906
309.146
384.122
422.103
422.103
299.8
318.315
247.828
215.469
232.731
361.78
308.856
296.7
256.512
352.38
116.149
303.076
206.795
69.5048
232.363
333.674
333.674
232.88
307.572
129.919
328.863
416.332
416.332
283.698
376.753
339.033
187.565
187.565
187.565
411.81
356.557
356.557
320.341
211.025
340.484
168.131
172.03
307.125
373.67
364.951
337.976
253.123
344.709
340.36
332.902
336.784
178.42
326.626
368.748
280.879
303.316
262.636
298.56
352.58
334.707
312.728
304.624
246.776
244.475
244.475
262.821
319.407
319.407
289.347
46.7583
164.968
234.475
434.594
434.386
356.116
377.772
377.772
338.461
275.902
125.57
58.3581
58.3581
270.725
156.721
403.218
248.815
275.272
354.981
279.355
357.073
282.986
239.363
48.237
407.696
340.724
273.969
234.108
334.443
66.8418
312.637
201.642
350.021
213.58
214.384
137.537
280.369
261.246
256.909
409.838
229.392
285.438
285.438
302.331
411.515
231.746
416.019
321.232
419.688
329.261
75.8975
303.009
246.08
362.764
334.02
334.688
417.2
412.691
321.459
263.811
221.773
333.059
278.502
96.3364
266.57
252.54
370.588
257.749
174.715
233.025
324.08
255.796
255.796
255.796
391.867
169.19
395.487
225.127
408.52
289.769
289.769
244.65
337.277
335.681
335.681
342.187
372.121
250.537
310.166
232.241
268.662
231.97
241.491
241.491
296.094
342.786
290.55
290.55
295.036
271.7
364.888
205.963
281.655
264.723
264.723
268.499
284.111
381.728
334.101
398.901
194.491
430.293
294.916
294.916
268.044
362.504
402.784
402.784
285.286
328.145
313.558
322.182
322.182
422.182
129.784
129.784
307.014
322.117
221.36
152.942
406.256
297.235
387.434
244.83
244.796
240.756
177.536
231.337
231.337
339.282
352.17
304.899
90.5627
238.91
426.949
237.681
124.516
323.665
408.443
305.15
305.15
179.262
179.262
179.262
408.524
408.524
362.273
250.772
384.458
303.847
267.627
357.722
357.722
71.1791
71.1791
287.254
296.864
308.977
430.788
430.788
338.651
361.072
361.072
429.047
311.468
376.39
233.705
233.705
381.951
256.962
273.021
229.852
345.149
345.149
421.982
254.082
415.253
262.586
262.586
237.582
318.356
318.356
373.202
414.378
283.282
331.207
405.955
405.955
156.407
273.519
273.519
267.407
267.407
268.147
368.186
333.064
333.064
361.402
361.402
242.871
334.872
432.885
373.566
380.046
362.659
431.191
407.039
407.039
382.217
382.217
160.423
265.177
428.093
380.453
315.615
416.724
377.336
425.745
396.929
239.306
239.306
68.5993
356.926
418.877
316.151
348.733
332.705
362.13
231.679
275.169
299.683
299.683
257.293
257.293
257.293
257.293
374.957
50.8461
296.247
379.313
383.623
352.626
352.626
338.565
365.432
244.682
244.672
406.743
406.743
280.054
405.02
373.011
349.932
349.932
358.105
300.537
266.729
432.187
346.896
305.752
309.274
325.992
316.868
392.969
253.295
288.839
206.042
103.376
334.169
204.017
204.017
263.484
369.105
253.733
205.704
353.889
345.47
389.54
421.967
421.967
343.681
375.837
320.295
384.839
360.355
360.355
350.334
270.87
362.61
103.871
373.758
373.758
373.758
419.106
371.944
371.944
246.771
291.946
307.93
367.61
334.397
314.372
426.419
426.419
409.774
341.23
279.39
376.097
237.47
237.47
165.378
165.378
248.548
237.078
232.601
344.781
30.9086
155.786
128.698
211.677
92.348
394.052
257.265
337.509
196.993
75.8662
399.929
242.85
375.202
347.955
317.374
253.104
253.104
238.024
130.105
253.826
382.837
250.998
374.735
248.424
387.785
221.955
271.834
274.05
274.05
136.149
290.488
290.488
403.72
359.331
340.056
354.273
381.082
263.917
351.172
343.689
281.637
190.579
384.205
384.205
426.98
103.337
414.856
232.399
360.987
180.942
37.8037
34.6378
361.73
261.888
322.568
322.568
119.808
331.659
291.131
291.131
119.485
43.1889
380.02
253.531
327.924
399.011
242.5
331.783
362.905
30.3297
339.507
340.877
315.217
74.5522
305.137
360.641
259.035
334.839
334.839
261.246
261.246
261.246
235.03
283.717
361.354
333.764
293.522
189.678
393.46
393.46
305.346
305.346
291.363
238.109
93.7917
207.776
374.062
257.638
367.852
377.772
406.157
332.779
276.662
359.107
261.615
433.022
119.173
248.478
248.461
406.23
43.6578
300.202
155.854
256.21
399.646
376.53
353.076
363.463
390.402
125.344
431.12
431.12
99.2407
419.75
297.291
68.079
267.526
334.867
334.867
362.529
299.918
299.918
196.468
283.782
283.782
330.013
339.778
406.149
428.074
292.308
416.67
429.252
241.363
241.363
262.786
283.94
377.085
413.841
346.832
337.852
309.784
232.64
383.81
339.636
340
293.533
275.923
253.868
426.841
114.047
114.047
327.456
155.775
274.286
274.286
354.209
183.464
183.464
294.762
280.898
259.918
178.726
381.939
349.346
235.834
384.788
58.6871
271.054
377.501
351.899
277.177
92.079
335.305
427.861
319.165
319.686
319.686
404.138
369.402
365.439
411.993
265.404
238.082
288.522
226.921
226.921
226.921
292.481
213.566
213.566
237.153
429.228
333.748
250.176
346.965
340.529
322.7
315.324
289.321
335.348
246.409
94.1654
229.722
229.722
227.024
289.152
185.245
185.245
187.112
326.015
349.687
362.897
275.716
275.716
132.001
422.603
422.603
357.373
302.822
321.232
276.426
318.99
253.115
365.247
282.153
345.729
331.097
81.5206
281.007
267.737
385.443
160.745
244.775
244.775
276.13
204.084
204.084
400.628
377.779
284.821
284.821
253.895
356.56
280.504
386.611
403.953
418.537
236.955
288.867
82.2648
376.294
388.025
429.157
367.606
116.712
381.819
255.188
255.188
212.392
120.845
107.436
61.8463
263.932
235.839
36.8199
406.823
312.55
201.271
334.242
43.9211
363.59
306.819
217.824
270.439
270.439
270.439
233.132
233.132
367.743
309.601
172.385
147.991
434.529
348.097
43.1809
404.107
337.681
283.042
283.042
331.107
341.27
298.021
274.923
336.383
314.866
308.483
337.102
306.313
347.787
347.84
325.276
341.009
341.009
375.073
127.763
380.705
298.807
298.807
115.266
246.663
246.663
323.419
309.8
347.654
123.017
249.079
153.562
394.812
289.731
357.015
421.034
386.732
349.271
254.342
277.591
392.581
416.944
355.688
280.571
271.416
271.416
332.072
424.557
325.417
207.828
300.486
262.533
387.272
408.581
329.276
316.453
340.897
257.528
339.312
274.163
252.737
370.33
324.156
422.435
422.435
157.375
149.875
333.909
378.144
419.916
163.869
163.869
235.807
299.098
327.031
232.104
232.104
267.099
267.099
243.175
291.829
392.694
337.883
232.302
105.599
241.107
267.353
267.353
263.412
239.35
329.545
193.538
290.079
273.206
293.029
253.77
253.77
430.827
380.075
429.57
230.763
111.397
239.712
239.712
425.874
434.698
304.708
406.224
378.88
354.898
391.945
372.256
372.256
363.317
333.334
213.938
231.354
197.234
206.586
319.389
349.971
349.971
383.875
383.875
430.48
351.652
245.77
344.576
344.576
269.622
428.928
404.967
301.43
375.477
305.433
282.984
388.758
313.49
390.599
434.056
232.088
232.088
232.088
232.088
395.665
402.974
286.064
141.085
303.648
318.03
425.302
234.06
399.469
409.22
126.018
181.579
181.579
269.56
251.014
368.633
321.254
321.254
321.254
260.102
422.531
223.71
80.8147
80.8147
387.315
387.315
333.193
330.396
277.175
302.588
324.728
255.85
255.85
249.031
399.605
245.311
296.776
359.484
129.077
387.278
313.072
79.5861
343.776
342.315
385.254
379.527
181.168
246.991
298.003
232.902
79.1369
135.711
296.313
367.91
386.028
39.0631
396.564
396.564
304.744
304.744
361.339
357.943
424.931
424.931
155.381
245.616
427.985
184.191
263.765
376.23
294.975
333.461
334.948
76.5788
41.5716
429.594
413.224
253.636
365.12
296.309
276.935
292.236
376.184
414.96
416.61
302.021
406.218
335.939
293.766
255.665
213.805
279.465
184.131
238.029
104.757
405.126
248.476
407.297
407.297
62.9481
150.087
231.749
364.225
276.574
34.5031
303.669
296.644
359.938
359.938
45.5028
69.3325
348.347
267.933
267.933
128.356
161.667
277.833
310.382
310.382
236.323
165.539
268.627
357.879
357.879
393.701
331.846
350.14
154.757
335.901
241.075
242.229
233.009
255.203
255.203
192.086
112.099
283.391
346.97
319.723
344.304
382.245
373.182
374.823
424.229
418.769
331.618
320.444
320.444
404.405
396.896
409.466
409.466
359.809
264.654
359.05
329.42
421.413
297.893
155.848
407.198
416.053
331.281
159.491
361.323
256.88
256.88
330.279
395.84
296.567
296.567
197.77
373.473
235.549
235.549
357.866
256.717
332.817
316.892
316.892
326.201
347.299
352.23
406.223
316.52
292.659
380.845
432.765
223.79
348.003
165.594
341.274
296.949
248.759
432.867
300.024
329.241
329.241
397.144
282.786
262.582
262.582
348.061
280.221
430.638
399.357
389.63
283.757
368.533
427.107
75.9877
264.908
380.929
311.653
177.601
397.615
424.795
311.781
311.781
304.25
290.045
309.45
245.613
270.365
323.018
323.018
381.51
163.503
397.91
390.964
311.107
264.226
220.343
303.315
324.158
324.158
273.235
274.679
318.608
81.1096
350.129
304.735
304.735
262.66
355.088
396.924
339.442
339.442
398.106
325.035
419.636
266.345
368.134
298.208
323.331
384.698
271.818
425.947
425.947
350.817
339.3
303.227
303.227
417.438
417.438
274.937
373.158
235.057
377.044
197.06
232.693
374.527
245.687
304.237
299.122
390.4
