167.515
118.295
-95.4254
228.756
218.072
33.0872
313.183
101.88
128.236
82.3848
50.0286
64.991
27.9649
24.7419
166.424
19.0635
111.081
61.1378
5.74082
60.7824
67.7988
41.5125
-70.9479
91.5127
-218.167
185.421
14.6327
121.67
-63.9074
96.363
18.1724
174.394
16.7017
-205.635
49.2615
39.219
255.36
118.759
167.967
212.327
9.72914
39.2624
36.3681
-312.296
66.48
60.19
-141.016
-79.7636
142.155
36.907
215.411
38.0529
12.4851
216.99
-343.901
95.6669
-67.876
88.718
42.2739
46.9549
190.689
251.34
179.263
-48.0819
105.443
53.2724
80.2867
114.794
58.2
107.883
102.549
64.4568
54.8293
42.0049
152.529
171.277
36.3172
92.1128
22.3381
11.3919
-219.103
51.606
20.646
201.372
-244.116
75.4665
76.62
145.598
82.4765
56.2785
151.726
-15.96
48.881
227.198
112.846
142.388
140.839
9.88562
35.2982
-209.512
61.0921
42.3619
-114.78
-95.7109
334.942
-167.406
189.813
-115.633
13.0508
-227.588
70.1917
-121.79
43.1399
305.185
19.6368
100.49
117.662
79.6302
74.0968
69.2526
12.0728
-227.798
237.426
-54.1445
201.997
-54.245
22.977
125.994
130.024
205.384
-129.642
-125.761
279.569
91.6498
50.0731
116.098
133.542
13.7275
118.2
17.2841
29.1811
200.832
55.4803
-77.5096
258.894
89.6738
96.4706
168.911
131.643
80.5722
63.1919
71.8755
51.66
174.487
-332.889
319.428
-164.049
130.601
321.276
-63.4787
76.4245
15.2482
-158.48
75.6459
48.2886
40.1576
-66.6945
121.408
-79.1926
40.4781
22.5282
59.4671
-333.72
153.808
104.916
12.2433
32.0182
104.191
139.743
345.849
10.1609
123.637
-86.1625
38.6864
48.0792
212.814
126.034
102.153
22.7194
95.5703
114.765
138.279
103.638
169.011
-21.2231
-102.549
-74.7423
25.5857
-76.3524
-189.135
-68.1684
152.647
17.9965
152.122
-171.224
-83.086
-148.712
-208.62
165.163
104.058
25.446
136.182
31.4867
34.3098
59.2672
66.4002
-32.6966
184.864
36.5551
197.765
142.089
109.363
50.5756
213.134
29.2362
33.3231
-101.695
30.9622
69.2169
42.2314
65.7013
121.995
214.476
79.5734
-85.114
149.812
153.3
-68.6916
109.404
-94.7988
-70.3207
38.5366
94.9644
-143.355
27.7688
36.9209
-162.976
116.959
36.1981
25.1732
-105.016
-165.789
59.455
14.8178
108.426
64.5332
45.9353
13.9897
61.9771
-92.1087
-39.8595
-76.3911
-180.905
-42.7268
144.247
43.5918
90.7988
-231.947
82.9154
258.819
-138.042
288.737
227.891
301.649
38.1074
110.46
115.641
-141.953
76.9646
114.455
-196.567
-287.827
41.2869
158.504
45.0445
60.1841
141.757
34.6294
19.3124
186.89
175.174
55.6113
13.3506
106.132
117.937
226.019
14.1424
132.905
49.2599
324.885
128.305
306.511
122.126
-75.7407
-48.0314
55.3462
-141.932
44.1757
133.833
275.318
98.9804
17.3939
22.9087
67.7332
165.281
-75.4671
339.558
-343.662
335.923
58.4458
59.735
23.3113
24.9943
70.8696
-46.1337
-148.644
39.7173
99.3983
-116.41
18.0901
-70.797
166.077
57.2256
321.035
92.2751
56.915
-177.272
13.4546
50.6975
151.973
-114.712
20.7411
82.3692
-82.5313
33.2923
168.743
54.3831
59.5065
50.418
73.0488
113.259
89.0296
47.8354
10.2735
-79.3832
-137.902
39.712
141.132
85.7808
52.6553
51.9951
-67.8393
-98.5553
72.9236
66.6322
226.197
-68.5841
98.611
76.8662
124.209
26.5164
111.539
34.817
-101.01
113.349
29.6889
30.7126
220.01
-86.2285
-79.1006
289.602
-103.597
-215.628
109.26
52.6273
63.332
141.761
74.6701
31.121
-80.4856
-66.646
-123.537
17.3809
-294.903
48.85
100.308
-69.1898
124.273
69.3162
-152.475
-55.5295
94.5878
-258.401
-182.396
148.314
2.4295
57.2472
38.8142
42.4081
11.9779
264.519
-75.817
107.471
253.761
69.7467
188.781
-58.0432
79.7109
110.77
-220.087
74.2575
28.2451
83.4809
93.0632
76.1992
37.4539
74.2779
69.9625
-189.921
47.1659
25.2361
20.6633
85.418
62.0181
24.8548
-141.329
19.1193
58.8969
-50.5636
57.5285
57.0763
214.114
21.8517
30.7224
76.4911
28.2206
230.656
41.4587
36.7582
153.273
31.4016
-76.8977
145.487
155.575
57.3215
210.66
17.5655
73.3431
145.895
53.3679
46.8401
-176.337
