9
20
10
7
9
1
1
6
19
2
20
13
18
14
15
14
11
11
5
6
13
2
0
5
16
27
3
4
17
0
4
2
22
1
0
10
5
21
9
1
2
4
14
11
6
1
14
7
33
38
13
11
4
20
5
14
11
16
21
14
6
23
7
9
29
27
14
7
13
0
26
3
18
24
0
19
2
11
12
9
0
2
5
2
3
17
1
6
1
13
15
19
33
22
33
13
8
19
14
15
20
36
8
27
6
18
3
3
2
6
16
2
18
8
16
16
11
8
7
13
5
5
24
12
0
15
14
6
6
3
3
9
2
2
32
38
5
11
8
20
3
7
10
25
6
1
16
9
6
9
2
15
21
5
19
10
13
16
14
7
5
0
5
1
1
7
5
8
13
0
6
11
0
2
11
27
8
10
5
10
30
9
2
7
29
8
15
45
27
16
10
2
22
12
19
2
9
14
5
4
10
0
1
8
4
18
23
4
16
1
7
21
34
10
6
17
14
7
16
30
30
5
3
7
8
6
11
3
6
21
17
11
12
15
29
39
7
7
14
18
19
2
5
26
6
4
2
13
6
21
11
36
12
29
21
7
13
11
7
22
21
9
10
13
2
20
3
1
4
13
7
5
13
18
2
1
33
12
8
18
12
9
12
14
3
6
22
18
8
7
4
5
4
10
8
12
11
33
3
6
5
16
8
18
2
14
23
22
10
29
11
48
17
4
25
14
13
15
17
0
8
17
20
2
12
24
19
1
5
7
7
10
12
8
21
10
25
31
9
27
23
13
12
30
21
16
16
18
5
6
25
17
11
3
14
3
2
9
25
16
13
11
18
10
11
18
0
28
21
9
53
28
8
10
4
3
25
9
2
19
11
2
2
31
3
3
21
7
0
4
15
2
9
12
4
29
10
14
9
40
14
5
3
2
7
8
4
24
35
5
6
31
10
3
34
23
12
29
11
19
16
1
14
8
24
9
24
22
1
0
13
5
2
13
13
11
8
9
3
3
10
17
10
9
8
10
13
21
31
5
16
5
5
6
10
8
1
0
12
1
6
22
13
2
26
30
9
16
17
15
13
4
4
12
1
12
8
31
13
24
22
13
13
2
23
7
18
19
22
30
16
6
14
9
11
11
3
18
7
31
12
12
27
12
0
17
1
9
12
32
13
4
22
10
4
12
3
14
13
17
7
23
8
3
2
13
7
4
9
15
18
4
17
8
12
30
14
2
6
20
30
16
17
7
20
5
5
19
4
24
4
17
11
6
23
9
5
12
17
9
1
6
1
9
6
3
14
19
20
33
8
4
10
5
28
14
15
23
6
29
24
9
8
18
0
10
1
11
15
4
18
8
7
16
23
0
19
21
4
18
16
12
24
14
23
18
5
21
23
22
28
6
21
31
6
27
7
16
24
3
8
9
24
5
3
9
12
18
15
8
12
26
9
20
5
26
12
10
7
31
23
15
5
8
9
19
21
7
8
14
20
28
6
12
13
21
1
15
11
24
20
1
19
14
12
5
8
14
26
33
4
7
12
15
21
14
13
13
9
1
10
16
5
8
31
24
8
7
7
9
10
6
12
14
4
4
12
27
1
2
6
1
4
35
6
11
21
8
3
12
3
9
30
14
21
0
7
23
0
7
15
0
10
11
13
14
19
8
0
1
13
8
6
25
6
9
3
1
9
10
15
3
2
14
9
2
15
13
3
17
7
12
8
4
9
25
2
6
16
14
11
2
1
2
3
8
2
2
20
9
12
23
5
7
17
2
5
20
8
16
4
18
22
7
0
5
1
9
17
32
35
11
11
4
11
12
16
29
8
9
15
17
1
14
1
19
15
19
5
0
17
0
4
25
4
13
2
16
29
28
17
3
24
0
1
20
29
10
17
34
0
18
24
9
25
9
22
0
19
7
18
3
0
0
16
0
6
34
9
14
8
13
27
7
11
29
11
19
24
4
24
0
14
6
33
11
24
15
4
5
1
4
17
18
2
6
15
5
7
12
4
15
19
11
5
14
1
25
2
7
0
12
23
19
15
2
25
1
13
22
27
13
2
15
26
14
5
25
14
9
6
30
12
16
16
7
26
9
0
11
1
35
6
28
3
10
7
13
25
14
4
2
19
12
9
29
17
36
8
22
7
3
13
9
1
0
11
22
3
6
10
1
15
8
1
18
15
4
9
28
17
19
11
11
8
7
9
7
10
20
7
13
22
24
16
17
16
15
15
17
1
8
12
9
14
5
17
7
3
2
30
21
26
1
17
11
9
14
15
14
6
25
12
35
6
15
7
12
0
2
14
19
9
2
22
0
15
11
19
6
3
15
16
1
18
14
13
20
8
4
26
6
11
21
12
4
20
14
3
21
25
0
15
34
10
12
2
18
10
27
8
17
7
0
19
19
9
13
0
0
16
5
3
9
9
37
1
7
22
1
6
3
3
25
5
9
0
9
7
22
6
9
23
35
2
5
13
10
11
16
14
7
17
2
13
25
15
16
23
6
10
7
16
34
9
3
5
7
5
22
12
16
19
22
26
7
3
10
0
11
29
13
9
24
15
11
18
16
16
4
23
8
3
5
24
5
12
14
5
19
3
10
21
8
8
10
1
18
11
1
28
6
9
25
20
22
16
14
17
20
26
9
23
7
3
4
16
13
15
15
20
10
6
44
4
18
10
28
5
9
11
4
11
5
1
18
23
36
16
31
33
27
13
17
18
4
8
9
0
15
7
2
19
7
16
25
14
18
35
1
5
1
2
25
7
1
10
22
7
10
11
9
1
10
31
8
12
24
27
15
7
14
2
7
18
17
11
0
10
8
9
21
8
12
15
16
28
6
12
15
37
14
6
23
8
16
20
10
12
15
4
12
33
0
24
12
26
22
12
15
21
8
6
15
8
20
15
10
10
4
14
10
13
5
14
33
5
31
16
5
6
6
32
1
4
11
8
18
9
12
18
8
20
3
21
0
6
10
15
3
10
21
7
8
6
14
28
12
1
1
20
22
5
13
23
0
18
15
0
17
3
27
2
4
7
10
15
13
9
8
11
21
27
5
16
11
6
21
10
16
4
15
4
9
3
43
2
20
6
4
10
1
3
11
36
0
16
23
17
19
29
13
15
20
7
15
4
0
10
0
2
0
1
9
5
19
6
31
19
19
7
9
12
15
18
19
4
1
8
13
14
8
19
32
27
10
7
14
6
31
3
6
3
11
6
9
13
25
2
17
20
2
20
21
20
14
12
3
6
20
13
28
12
2
16
10
10
15
10
6
9
0
15
27
20
27
15
15
16
7
30
39
0
7
25
6
26
3
3
5
23
28
13
9
8
24
10
7
9
17
23
0
14
15
9
6
4
12
2
7
10
2
18
17
17
2
23
20
12
6
17
14
16
19
22
11
33
0
9
3
14
23
7
16
3
24
10
12
14
22
15
28
1
5
2
28
15
1
1
4
5
13
11
2
17
0
15
22
21
22
9
9
2
9
4
4
8
20
30
22
5
6
34
13
23
7
10
2
19
20
3
15
5
23
32
22
15
26
3
11
21
10
0
14
6
8
1
15
15
0
9
16
17
3
21
8
18
11
8
15
3
17
34
12
13
3
9
0
9
16
12
21
2
18
9
0
4
8
13
8
6
12
6
41
12
14
5
7
5
2
12
6
17
17
6
8
33
10
13
19
13
29
12
1
12
19
32
3
6
1
11
3
11
7
25
24
37
11
15
10
11
10
7
4
17
6
10
25
1
2
18
16
19
0
7
1
10
5
22
12
3
11
4
10
5
4
15
10
16
8
4
19
17
33
5
12
17
18
13
25
10
16
11
34
10
24
2
13
0
12
10
4
5
10
15
1
4
9
0
17
9
4
2
6
16
4
1
0
1
3
14
24
7
15
1
3
15
8
12
10
20
5
31
4
20
10
8
29
13
2
18
12
3
7
11
12
0
0
22
10
18
18
4
7
8
0
2
12
7
5
21
6
12
4
1
12
24
8
19
5
9
2
8
12
22
6
8
11
13
10
2
7
7
1
23
19
22
27
13
20
6
7
24
18
8
20
1
25
2
16
19
9
7
5
15
9
17
20
13
5
7
14
18
14
14
10
10
16
5
15
27
3
1
7
4
7
11
3
12
0
21
22
4
14
7
10
22
9
8
17
29
1
13
10
14
11
21
23
18
8
13
10
33
11
24
1
16
16
7
22
23
23
22
8
4
11
10
27
15
10
12
14
19
19
9
3
21
18
11
20
10
10
4
5
7
20
24
36
5
12
22
5
13
10
1
1
7
5
2
8
0
4
15
29
9
5
3
21
13
1
5
5
18
5
9
24
1
4
12
19
0
0
14
19
4
20
22
6
19
29
8
11
18
16
1
5
9
17
18
17
30
4
12
17
8
14
1
3
20
0
22
35
2
0
10
20
32
10
8
14
6
3
1
17
24
21
11
22
9
4
18
2
9
23
11
18
1
1
28
30
17
21
8
8
12
16
0
4
5
10
17
1
10
2
24
16
9
18
2
3
0
15
3
8
7
6
16
14
3
13
2
7
24
13
3
2
1
8
20
7
3
36
13
9
22
8
12
1
18
12
17
11
14
9
21
12
41
0
24
28
3
13
12
4
21
3
28
9
19
28
1
6
20
10
18
21
28
2
3
6
9
2
13
9
4
10
30
12
33
14
14
15
1
1
15
13
14
6
17
4
24
16
18
20
31
15
13
31
12
8
0
12
18
5
18
8
9
25
9
16
5
19
20
11
11
12
2
3
14
8
7
8
3
22
12
6
11
0
2
6
12
6
9
8
19
2
3
7
29
1
26
12
25
35
0
6
2
12
2
0
4
13
11
9
10
3
25
13
23
5
0
1
33
8
8
19
10
28
4
6
13
19
9
11
9
13
10
17
15
9
13
5
12
25
12
26
5
12
22
2
12
0
25
12
19
13
18
1
13
11
26
3
13
9
21
8
12
1
3
9
5
4
12
18
20
9
20
21
14
31
10
23
14
0
6
8
14
1
1
10
6
3
9
10
20
8
6
27
9
18
20
10
11
9
9
1
29
23
12
15
29
9
25
2
1
8
18
14
