-219.688
87.26
31.2971
18.2719
41.5681
-33.902
122.504
-56.6816
37.2986
16.8619
40.0136
-38.9175
-91.0924
40.2717
15.4354
-41.7856
-20.2857
107.234
-10.2083
-59.4429
310.612
89.339
25.0207
-173.605
-52.0489
137.314
134.212
8.37293
-73.2851
-285.178
32.8735
-7.89672
-6.82301
-43.867
-7.78255
-11.7543
153.165
6.79365
-10.6652
-14.3179
-98.532
78.4705
29.9479
-114.078
-20.4338
-26.528
-24.2181
42.5768
45.7189
64.8845
54.2302
19.623
17.9716
-208.15
-44.6268
-92.0383
31.8712
-56.1785
160.326
-42.7515
12.9178
-37.4173
142.573
32.8037
-21.3585
4.88033
98.1561
-44.1192
40.8835
19.51
-73.7061
-288.853
-105.015
208.413
11.2277
21.0259
158.629
35.1835
9.15656
-108.759
14.8524
327.815
22.2516
-215.67
27.1144
-140.448
-102.792
-191.631
170.806
142.773
223.587
46.6313
21.049
22.4884
-62.2097
208.335
-11.9534
-149.333
24.1431
-148.864
105.199
49.1378
-334.452
-9.69454
95.1057
14.9847
177.892
-35.9554
-24.6343
285.609
-68.4166
-77.9545
35.0943
-47.0038
141.138
17.7785
-92.2338
7.64464
48.6311
13.165
51.7796
13.0871
131.06
-74.4477
10.6392
13.9641
-23.7306
-27.9792
25.6524
350.265
-11.1105
18.6467
22.9841
-11.0451
-68.5147
-83.8496
-56.0305
-125.535
8.17484
-39.6514
44.9595
-19.7125
58.8116
10.4379
-6.60342
46.8835
-232.451
-166.268
14.667
109.728
147.404
27.1457
-5.69082
-1.19724
22.0429
35.2867
-24.4215
-75.7937
52.8878
104.728
-277.521
-129.778
-71.0301
6.28698
-96.0413
19.3174
339.248
-28.26
-47.6897
7.86736
17.0023
-23.8626
111.171
-122.866
65.9313
-169.711
150.558
21.8147
117.162
28.2671
-8.39281
48.8051
51.367
132.231
62.0693
-115.224
49.7974
86.424
21.6038
-171.349
-127.143
90.9842
26.6717
227.292
83.7893
-51.9244
73.5225
78.5992
25.2071
14.4507
-62.5158
-124.663
56.5636
48.9256
115.958
24.1912
-89.1659
30.8899
-269.422
-282.605
12.06
-91.69
22.8512
26.0588
185.635
168.299
57.1922
-60.1071
-33.5878
-4.89641
-119.933
66.7491
79.9674
123.427
53.7688
-81.77
-58.7091
16.3625
88.4185
234.589
-102.418
90.3034
54.7973
8.54086
98.6244
66.8814
-106.5
13.069
85.8156
-11.4567
-85.4187
-79.9524
183.322
-41.8209
218.953
261.756
-43.0351
32.5505
-145.438
342.001
97.7966
14.7095
-12.6175
-14.4821
162.877
107.645
64.2384
119.371
49.0876
144.214
-5.2669
-5.12044
-83.1856
103.405
17.1426
-115.588
-12.5288
-326.948
107.26
14.0733
23.1032
-94.8078
62.1382
108.253
-152.17
115.571
86.7399
26.3584
58.3442
-294.278
189.384
39.463
-42.0939
115.736
90.2411
-13.5037
94.4312
8.41251
-62.6761
-47.9507
7.96835
15.0262
35.5946
-81.6921
291.431
60.5925
63.7097
-345.509
216.593
191.468
14.9233
-23.4222
86.2923
108.841
53.3617
44.7189
204.861
21.7965
202.209
-202.669
-78.8476
216.744
37.6876
31.2307
123.047
-309.02
77.9174
96.431
210.465
50.683
82.6909
20.661
13.5431
83.2727
151.162
83.6922
-42.3047
-23.4244
176.706
31.6272
-147.759
-23.3846
10.3681
-65.8613
10.5415
-80.9641
-53.465
135.208
-3.47533
26.5048
-76.1996
64.4894
105.328
-28.9152
-15.1043
114.552
50.1395
-243.669
45.9651
300.903
50.9688
5.52768
51.0965
-30.3771
85.2565
41.819
294.462
-29.0962
20.054
-4.91212
-97.8849
-275.067
315.329
12.2763
86.3565
17.1254
90.3955
-8.70424
-34.7637
65.8812
98.5112
102.437
24.2544
-52.4156
-119.136
-85.5282
96.715
115.51
-295.835
84.6138
86.4949
-14.6758
12.9998
90.5567
286.779
-6.86972
-130.552
30.0192
182.478
24.4032
16.741
27.897
-13.0212
-37.1108
1.18743
36.3981
50.7367
-165.703
-56.9121
-61.9859
36.0515
113.642
25.0732
69.7856
151.689
63.2983
91.1267
-30.9321
-20.7866
-84.6864
-137.126
-138.597
218.993
-129.454
-20.0118
-6.96929
16.3427
-115.442
87.8391
-38.663
82.9354
-18.9711
68.0848
-64.332
325.343
329.759
91.2776
30.6179
-12.1678
17.985
-54.025
-263.07
54.9148
36.2786
-176.295
-327.949
-83.1713
124.527
-30.2964
28.9794
-34.4878
-148.035
3.97952
-24.1803
-73.6387
47.3415
-90.4712
-93.6894
-24.5235
41.8534
28.2256
35.9449
-66.2243
-337.651
29.2035
12.3183
38.6587
9.72852
-337.514
-284.928
193.989
42.7663
97.6131
-141.532
-234.529
49.8364
17.0706
-18.5364
21.631
232.426
-125.555
-89.6023
328.288
-124.537
183.065
119.946
47.2395
38.2376
-41.5791
-212.162
115.098
29.1628
57.2104
94.8445
-117.482
16.4694
6.01902
45.6722
19.3845
-62.9579
49.6132
-76.1351
-98.162
206.557
40.3154
69.0291
65.9301
-268.518
-66.0555
-263.366
88.1044
13.6479
90.1432
93.5394
-50.5998
286.304
-272.535
-121.966
-81.9211
-49.7653
-170.637
41.6228
191.296
-6.10823
96.4827
-90.935
279.408
34.8194
22.3572
41.7808
62.5604
-33.2882
-80.4715
-6.98294
142.168
56.3616
108.772
61.5917
-33.4356
-104.953
144.974
67.6254
67.9985
219.206
-169.267
-151.018
68.783
41.0332
-152.791
3.51468
-24.894
-67.1954
-28.7135
-19.3843
-94.465
29.786
36.4115
45.991
27.1729
-16.2707
32.0435
-141.645
-57.5825
24.8693
35.1933
14.6201
336.635
-33.9863
6.18025
44.1352
302.953
-55.6239
-129.556
151.249
128.418
233.245
-113.821
-203.629
110.618
129.818
21.5683
-19.0013
-55.8409
-5.36387
79.2338
97.6488
13.9345
-14.1604
13.1166
29.8569
-59.1652
26.581
132.422
121.924
8.84466
12.6875
72.599
346.941
105.322
94.9336
31.0286
33.5187
25.7395
-120.085
-12.074
23.1768
-12.1849
4.52511
-167.922
72.24
83.0147
53.9031
69.0595
305.869
82.7952
129.63
168.824
59.6075
-147.967
189.159
40.8284
75.822
117.259
46.1097
100.92
7.95972
-80.1465
-46.2154
60.1301
-77.778
29.5034
48.0423
8.81045
-187.158
-21.4079
-57.8897
-26.0055
98.4134
85.3368
86.0529
47.8981
22.7747
84.2097
19.224
-16.5788
-55.9664
56.1003
84.0411
353.048
195
336.182
15.1749
24.5053
12.2884
-10.1419
24.6448
157.61
35.2362
-49.7863
-188.309
15.965
-17.2625
30.8545
84.6001
36.958
25.4517
46.9937
-38.7908
39.2051
127.086
218.587
-13.2386
11.7228
-345.675
284.407
9.25917
59.2638
256.1
-72.5336
9.32785
10.7003
87.8911
73.4486
36.1731
-55.3186
45.1567
-30.7069
59.6923
-6.77478
171.01
142.965
132.557
160.624
31.5888
-82.555
-10.1472
74.5409
60.0434
78.9895
110.041
224.057
-20.7541
68.2831
-16.0664
154.577
20.0331
-18.7734
74.0273
27.8069
-73.9059
47.5409
46.2432
-52.3827
-73.7501
54.7498
151.127
75.238
25.0977
11.3971
8.7891
-27.7622
107.157
59.2309
-159.795
11.6872
19.1357
-51.1136
133.035
-7.85752
-60.5754
-15.4611
-154.361
-76.6926
-62.4902
68.6961
49.7519
35.9337
94.7836
-103.026
-155.773
148.649
28.0675
-16.7903
-44.1514
194.128
-11.4931
-23.22
-23.2352
301.376
-120.838
76.8518
93.0972
72.8359
12.3858
35.9457
-20.5498
-79.7346
93.3383
-27.8303
-10.0104
-77.7132
98.098
20.4034
-166.249
152.579
-19.7624
-111.14
61.9617
81.3721
-46.7577
-119.476
25.516
-301.732
-24.8258
237.684
39.4627
-10.3501
51.7276
-32.0175
19.5916
54.1721
140.86
-64.1305
15.0413
6.24346
72.8479
-18.935
-24.451
170.779
-70.776
-62.6797
119.183
335.504
72.723
25.5753
-220.068
63.1716
8.59158
58.2994
-6.03129
128.065
9.71293
35.8318
27.1637
21.5596
131.786
-0.256071
85.5085
323.045
-37.3123
67.6641
-94.799
47.5782
-68.6551
10.9143
19.3439
333.516
36.7072
-16.2881
169.196
254.62
-206.992
37.1706
35.5468
11.2206
66.0294
89.1355
54.1677
51.6295
195.22
41.1483
75.5709
14.6539
39.2436
53.1411
-320.616
20.1558
44.242
8.74819
91.7419
3.67599
5.18461
122.191
-184.515
22.565
50.4701
88.1257
-61.6596
-85.8919
38.1633
-186.308
188.415
-8.42053
46.764
49.2265
233.542
-329.494
137.355
-4.14719
303.526
-18.8669
185.156
3.53439
210.2
31.8599
-142.811
82.0329
-4.8929
88.6374
78.6834
-7.44781
151.246
-31.9368
47.1577
19.6766
-198.528
-0.497998
-35.7056
19.1047
106.93
101.804
79.7585
-201.317
-81.9155
209.804
-216.135
-179.969
-44.4309
-16.3321
-96.661
9.8658
70.1467
36.4832
81.2321
-22.7862
-86.3264
-192.492
-79.8557
-173.782
19.5707
59.9824
26.2596
-109.498
149.556
-109.348
196.062
-66.7623
-19.1108
85.7618
-13.6205
25.5632
20.8877
11.5976
-34.0624
152.559
24.1264
-121.487
-24.4518
25.3471
-4.48264
-207.441
-74.2249
331.566
-63.3044
-6.55964
-44.3616
122.365
90.9897
185.769
60.3945
144.191
-45.52
-13.7612
-52.0534
38.7141
65.7577
171.516
114.2
250.032
-86.6451
68.3129
50.2292
-27.5126
31.4165
79.4689
43.7209
67.2739
8.40454
-100.594
-46.8696
-88.1047
-144.536
138.84
-140.731
30.4304
166.123
197.031
-90.7605
124.364
29.8571
-43.0593
152.076
104.49
63.3571
350.648
49.1304
17.8315
-71.774
17.0534
-34.5773
-19.913
-104.239
20.4159
83.6507
75.3722
25.0566
-116.915
-100.755
-129.993
70.7163
-19.3102
-23.4556
37.7739
185.336
46.1095
47.3196
14.4733
-23.6035
11.4842
111.53
8.87407
37.507
44.431
51.2697
18.4415
10.7532
100.192
44.8557
-125.789
6.69945
-62.2737
83.8552
170.726
6.67582
121.322
-14.2475
-44.8088
78.8496
54.8317
62.3206
197.154
29.8569
-35.5967
97.2137
-98.9615
-47.4043
81.7995
56.081
91.4069
-160.825
9.5753
230.489
77.0016
-31.9089
79.8867
15.8706
-95.9418
-231.097
66.1858
117.642
20.9796
-22.4452
-10.223
80.3952
-159.262
210.11
272.518
-59.6595
-135.006
208.954
57.272
8.92119
-63.4805
146.287
-20.8056
-99.1273
35.12
-68.2132
37.6134
-8.61615
-12.9162
90.434
-112.218
-50.7098
86.3353
38.2025
-20.0187
-10.5688
-321.755
-25.325
-161.099
17.7073
16.5877
26.5844
-205.533
-150.332
51.121
-11.6495
-346.875
153.243
17.2863
318.701
-14.4764
145.933
302.131
-123.51
-271.027
-264.082
92.3073
48.2016
34.5511
-48.228
39.1558
293.658
170.865
-69.9059
20.0152
113.578
-186.86
20.6522
32.121
28.3596
123.74
27.6205
-26.0733
6.60892
58.4219
27.765
149.08
16.6243
-138.026
52.821
51.2252
-48.7327
-126.675
-63.9665
-34.8289
195.253
154.544
65.693
75.8597
185.988
35.9832
23.3279
79.9484
-46.1348
136.052
-101.014
8.92826
35.3579
-114.005
-39.5077
171.059
71.3063
116.186
83.691
-62.1928
24.0455
-13.2872
15.0533
-143.045
48.8278
57.3072
95.6486
30.8295
205.713
-82.3182
134.501
152.647
-19.7167
14.1864
-92.0134
40.0065
12.1329
24.7215
-90.8748
135.754
-30.6162
37.3425
170.091
30.3851
297.099
-185.338
-40.9054
-17.9621
37.3013
65.2057
-8.99949
-12.6581
25.0911
-33.2694
139.046
321.13
11.6809
16.0566
145.148
-144.433
-7.35811
46.5708
80.0579
-16.579
-29.5231
45.0925
88.6627
-68.5272
-47.4111
-169.331
-149.732
13.2844
14.9235
16.1135
94.3127
139.81
83.3573
-44.8532
75.5599
81.0629
-198.713
63.0054
164.759
113.834
314.831
25.4529
-7.42207
-16.2003
-9.56071
197.923
-154.773
220.908
64.8451
169.534
-162.606
352.027
-43.0099
16.1022
7.86664
-34.854
57.3651
275.43
46.094
211.445
49.2259
19.206
-104.037
55.6419
16.5331
217.629
-59.3363
24.6809
50.3192
40.5809
187.427
-86.6935
-152.953
130.347
111.43
-77.9558
58.8721
37.8305
75.1592
-111.463
220.255
-64.9665
79.5159
-27.6361
102.743
136.37
87.5975
-114.746
-227.835
-108.942
-26.4092
6.64068
33.5324
-47.1415
44.869
42.3085
-29.8241
110.573
158.915
44.7099
-98.353
-175.921
49.556
18.8123
-7.83533
-31.938
116.014
60.9352
-41.104
171.552
41.4288
-217.562
222.598
-51.0303
62.7133
-163.703
-142.61
20.0462
-134.412
45.2398
-9.50724
-87.4408
144.499
-64.4576
98.9806
128.837
81.7942
325.909
5.10092
101.14
126.889
-29.0179
214.938
-33.4078
-164.894
69.8637
13.8181
94.1574
60.6514
140.554
62.3344
19.3023
88.0812
-15.7662
94.1108
-80.4219
-12.0725
198.137
122.261
-81.6914
21.6019
216.783
110.179
79.7105
43.0923
81.6504
-32.3129
90.2907
43.0371
269.569
-62.4343
281.295
12.9354
-75.5143
-100.951
9.60405
-21.9343
-61.8494
-16.6203
17.3144
-21.4322
7.31617
93.9461
-260.603
-29.4879
70.4625
-204.673
61.9202
5.17127
16.0301
339.15
43.7835
152.657
-113.727
36.9775
-65.6956
24.9511
-64.384
8.33885
10.0511
-2.60216
152.512
23.1843
-156.649
-83.4342
-40.2108
-34.9283
52.7394
-286.173
-106.821
27.7305
3.99884
50.7277
66.8762
-10.3791
218.548
313.952
-182.228
85.558
-43.7053
127.071
-23.308
-311.886
-82.2594
-55.4845
-20.3149
-29.5539
-144.882
143.307
85.8783
262.314
-93.5392
-107.429
-184.626
43.6483
11.3479
94.7368
78.816
26.9586
129.04
34.5739
-269.914
45.6139
5.61357
2.9281
184.688
-80.7131
-52.9522
-71.6086
-23.3533
198.002
45.8153
73.62
-188.584
-30.1293
48.9233
-208.517
117.592
125.913
-54.9642
-39.8625
75.7813
228.431
13.808
-13.637
10.8445
268.366
110.24
58.9088
238.338
91.6181
-261.491
71.3796
8.33382
129.714
-56.3198
-37.1995
-210.277
-81.3438
181.435
90.0419
61.3725
63.43
-13.3969
83.9713
133.128
-38.6332
-87.9983
62.817
264.893
-160.305
-92.8727
15.8439
-20.8007
101.717
-9.34484
189.736
91.3702
115.604
16.0577
-47.4878
24.9905
44.7357
-179.731
-13.7175
59.2535
134.424
-122.702
46.0106
18.3379
141.638
62.5611
86.4609
111.126
60.909
68.7327
-165.863
-91.7305
11.1663
14.7279
112.363
-120.106
19.9229
23.8978
29.0421
-13.0621
211.745
-90.5358
-143.068
59.469
105.823
126.895
51.38
9.9165
-83.4233
23.4449
106.087
-106.843
-15.5377
14.4122
-30.5599
27.0249
41.5884
-15.1511
204.822
167.432
8.40408
-333.537
95.0311
28.4934
248.199
96.5932
24.6999
182.98
59.6078
71.2259
20.0079
180.791
113.324
75.8491
-79.8306
79.4927
-76.4588
25.2789
17.0781
-27.9142
34.3125
341.869
23.5393
16.4554
289.107
-32.8578
64.0403
-193.983
-90.5106
24.7128
116.664
-300.542
330.054
-51.637
-18.6242
-340.533
19.1585
-103.43
321.042
74.9002
18.8433
223.685
190.607
4.49346
-35.8003
-151.607
16.1818
-47.1951
88.3785
11.6874
-12.16
90.8589
146.752
59.7722
344.132
-17.133
13.4211
-194.527
-98.7893
44.8645
149.013
-115.911
129.154
56.5628
156.64
38.0749
64.4753
-94.9367
128.216
59.3601
-84.3808
-29.4671
139.226
-95.8988
11.4885
34.8622
21.7164
15.1391
-14.3487
-54.8792
29.9043
157.629
97.4758
117.384
32.8161
9.53407
97.5874
-35.2169
-53.2785
52.9691
48.9905
124.652
9.97319
90.0439
183.779
75.7581
69.0659
132.529
100.992
-9.67964
-19.1319
45.8957
-27.4813
256.443
150.493
45.8969
-37.7974
80.9058
68.0751
22.6005
-41.789
55.9472
110.522
-9.52441
36.3153
36.1728
24.9199
34.2768
160.595
318.132
162.755
-328.935
19.063
5.67726
48.1423
-48.0264
-205.031
27.1631
83.6287
-22.6875
213.067
116.011
-189.056
100.513
108.402
-17.8088
287.441
34.4169
45.1489
98.5926
-126.734
46.6321
-255.409
-57.7421
-107.881
-41.3722
196.231
17.8107
15.1504
60.8976
44.8922
153.782
207.116
-122.851
-38.4292
6.7601
-86.663
273.12
-26.5847
101.669
119.12
-57.9057
-101.315
33.8138
-101.79
-89.7101
62.9767
118.532
-54.2716
3.01112
-68.1705
246.28
-18.2146
67.3155
220.568
26.431
9.02907
8.31775
-198.726
141.483
-37.606
-39.1447
278.366
6.0605
-12.4563
166.806
-30.4098
71.1355
11.5871
-33.4602
44.2057
-235.443
31.4217
-6.28151
-12.2931
-186.504
16.6972
334.747
-25.3055
-49.618
-47.0145
-5.55177
-249.433
51.8179
-44.9628
132.662
90.7356
-149.133
29.1294
45.294
68.0035
58.9904
-19.4357
-66.6938
260.717
-54.9036
110.336
-183.273
36.9758
74.8269
21.4535
-344.338
99.8437
-42.1116
-9.99575
-6.065
16.7227
-242.176
218.461
-106.185
-29.0217
-131.381
33.5078
-350.254
-13.4508
60.9069
111.616
-208.774
-37.9589
-15.2787
32.7569
27.7278
6.32769
-54.207
10.0149
53.8806
121.636
94.7916
-158.83
165.59
321.112
-115.715
-30.8067
34.4572
-20.4013
35.9637
-65.9031
-8.96455
35.3135
74.5413
56.6831
-48.9047
221.533
22.1572
92.0232
49.4954
-109.093
70.1168
61.1638
-153.712
-144.004
6.2543
58.8204
150.026
86.8584
-46.7712
178.041
37.2526
19.5818
74.8919
10.974
108.078
155.246
-55.5755
120.753
88.32
347.296
27.5023
-11.3605
-25.1131
38.7779
-41.8948
-5.98797
341.008
-39.8975
15.4305
-105.162
27.4268
128.19
18.4806
244.806
-80.5353
-50.2657
-24.5291
-129.942
70.6553
178.644
91.5701
105.59
88.3895
-35.9263
82.5613
184.687
89.6629
-2.47102
-36.3811
-13.5929
68.7169
263.294
218.687
-97.1648
-6.98959
18.6277
19.3417
205.191
52.6849
-50.7827
240.962
-305.333
39.9534
-75.9193
-79.9532
175.087
47.738
161.552
197.155
-11.8244
125.18
-37.4726
-152.885
251.507
171.009
313.34
75.5862
-75.4049
55.3344
258.491
-45.5664
29.8936
246.65
147.265
17.0141
60.7759
-130.613
18.5033
155.286
146.085
-132.191
-4.65298
18.3376
31.8451
104.05
68.2898
8.26092
-32.1202
-23.6412
11.9179
143.767
-113.516
-23.6465
85.3357
96.6534
-67.969
81.334
187.204
58.7709
-61.6125
-24.1719
49.9092
-271.25
11.9688
-105.641
-10.2531
-84.2903
-87.2657
-329.371
103.892
-73.3298
16.4643
-48.8436
95.9278
-116.89
12.2764
-15.9372
-153.09
71.4121
52.9935
65.5974
149.152
98.4139
-73.5527
74.4872
9.63632
-99.2858
-10.2531
29.3251
33.3218
7.96505
-159.698
-117.446
-16.3829
72.9357
-17.6185
-24.7831
65.4315
112.833
-109.424
122.168
89.7882
-41.0576
-69.0868
-40.8898
119.443
19.5594
55.3977
154.29
92.5462
118.564
65.9535
-45.8726
68.7173
10.9935
-24.525
75.6954
223.472
53.7246
25.248
111.593
48.8056
-109.383
-34.9274
-35.6699
-30.7686
-67.9304
212.839
103.392
36.1981
-122.559
43.5849
32.9662
28.0081
-187.227
57.485
4.98285
53.3884
30.375
-55.5656
38.9013
62.7703
68.6252
69.4485
42.6819
75.8602
64.5937
287.483
38.3692
32.7301
-70.0746
60.3942
120.386
190.628
15.342
27.064
12.6061
12.2889
-143.012
-74.3214
61.7169
-271.654
-115.643
-52.4849
20.9048
-192.426
49.6698
22.3803
70.4093
22.1517
110.052
53.5385
75.6938
338.1
78.075
332.944
64.9421
93.0083
-55.2345
13.5669
51.6351
-192.43
-80.0247
-29.6887
-68.3299
-286.955
-107.74
312.761
65.8988
219.433
-162.794
161.337
105.924
-118.889
126.362
-242.989
15.4486
68.3461
190.361
83.6837
20.8197
-142.575
-6.73319
214.505
15.993
77.8633
342.889
18.9708
75.3876
-60.5856
16.2241
-11.8904
-12.2896
41.3677
19.716
34.2381
139.248
174.295
198.157
-58.973
12.4809
51.747
72.459
149.201
25.5886
55.1998
-12.613
-20.4009
-17.7503
152.612
-21.6539
-58.4619
-161.503
44.0315
51.9097
40.5875
120.797
26.1034
-21.3783
116.473
90.1202
169.73
-15.9837
102.562
-293.649
53.9469
126.459
-126.07
20.2095
13.9574
95.9409
150.01
112.301
31.6124
136.523
10.7298
-334.605
131.122
-72.388
15.4015
-40.7012
4.50217
306.411
-83.2405
-85.9534
156.196
17.1107
77.6049
211.529
34.8106
53.7094
-25.0194
42.3102
-71.8438
36.5553
81.0709
-34.3898
57.2322
-45.8002
155.104
57.3789
227.099
-156.283
345.16
12.4695
5.6311
14.5642
273.271
36.0209
-65.5007
7.60038
102.114
95.5229
11.5478
275.518
338.269
206.133
53.3261
113.67
158.211
30.1201
29.1584
-64.3858
68.4567
-23.1175
71.3209
66.9795
99.7416
171.699
-19.3199
-40.4494
107.977
-55.9833
-106.412
8.55764
67.8566
-337.782
-171.844
-16.1258
92.9025
16.9056
30.7574
-25.4052
-74.3156
-26.6216
-6.02157
46.5535
133.406
-100.378
-53.8481
96.7362
72.7649
23.1765
70.6788
158.842
37.6026
-65.2296
-57.6845
-6.22603
-85.3704
-10.8559
98.2116
21.6054
89.4424
-127.757
24.9529
-101.2
126.579
291.241
33.9787
74.2426
154.857
27.3149
347.613
-163.915
11.5575
-149.959
15.913
-20.7985
-23.9325
177.745
-66.4909
100.603
282.242
146.122
14.2513
46.876
-19.8815
60.4695
289.668
22.4351
115.182
59.4276
29.6482
45.2104
17.0019
41.8548
11.0289
62.2385
-25.4035
317.826
-147.27
-149.579
116.106
15.3823
-96.1194
101.559
-54.0167
23.2726
96.6872
-75.2702
-116.978
-285.4
-37.6629
304.627
18.7776
-3.6609
-18.6852
-125.828
288.476
-43.03
259.834
45.8348
83.6103
166.332
94.7918
285.316
-23.1843
97.8606
111.656
13.2775
269.914
-81.9452
56.6628
57.3698
-13.143
30.2778
13.5019
40.0108
-144.188
28.8109
241.534
-83.4501
69.4582
12.9821
26.1691
57.4944
-70.0554
248.433
-68.3453
7.76687
-75.2923
291.862
253.659
-37.1846
86.4406
80.0622
-79.32
22.9712
26.2435
303.42
60.2956
-25.5872
-151.853
-308.437
141.213
40.9411
159.176
-134.317
-36.3234
128.137
-61.7358
-17.4988
53.9775
232.054
22.5952
136.845
115.729
-33.1629
-80.6794
-108.888
7.51416
-248.391
73.9687
12.809
44.3428
-91.6767
-43.3047
26.2205
13.6239
29.7203
177.668
64.3119
8.70697
13.4793
113.439
64.9515
52.7134
25.4119
30.6005
-35.0794
-24.849
125.396
16.0748
15.5716
14.1696
-237.735
-97.7659
21.3741
351.504
7.26739
117.968
148.554
18.915
16.8422
125.161
-163.486
-85.1567
-74.4294
342.682
167.8
18.185
18.7208
130.473
112.792
64.5683
129.95
8.48903
56.2687
218.333
-56.6564
-75.2927
43.358
231.812
75.1279
-15.4988
208.694
73.7837
96.5928
110.671
44.3723
3.68158
-163.695
45.0972
58.6172
128.122
-29.0786
-261.411
-37.5687
180.811
9.51651
-142.305
-135.314
49.2157
160.341
25.0784
-33.3494
63.7413
236.052
-161.639
16.0816
105.008
-19.6261
37.5474
38.6977
-10.2976
9.23148
51.4287
-19.4705
-110.19
98.2711
-48.6883
277.387
-8.50896
-335.963
-10.3698
39.2282
90.4874
12.2321
81.9988
46.2919
-55.1137
72.557
-85.8548
30.2546
38.847
-151.544
-10.7338
-16.2643
68.0334
14.5151
-121.663
44.413
3.05895
-238.612
-28.6692
59.947
-17.185
-15.6851
91.425
25.653
98.1852
-37.3722
-166.188
-31.7679
277.2
112.99
-85.2713
42.4085
91.283
21.1836
18.7295
-126.933
-142.663
-51.6339
102.188
-52.9571
37.2393
-10.7645
17.0732
25.6768
118.181
129.56
-143.361
318.809
-31.308
-120.09
47.5336
-94.2824
92.2868
11.1821
12.0996
208.389
18.875
-90.0299
66.6535
-156.927
-36.3989
105.064
-40.0755
77.4488
26.086
43.6453
-73.2564
8.35879
11.8545
-63.6575
150.073
45.8626
106.944
-30.167
120.573
26.1856
59.8868
5.24596
164.374
-123.429
-36.5564
136.081
31.6165
48.0273
1.96106
13.4082
-30.3598
332.182
-29.6105
178.405
7.61228
-54.4023
200.97
144.115
117.819
26.4679
-170.435
56.4594
52.3396
-26.717
-324.596
-101.224
22.2237
49.1764
31.2478
6.19243
126.692
-85.3622
30.9283
-20.7855
150.671
280.791
35.2365
111.076
227.556
35.4046
13.1959
5.64038
-47.1494
14.2387
-214.641
-100.151
83.8801
17.9877
80.5773
256.441
-72.9079
48.5841
44.1119
90.8973
59.1317
133.138
30.4242
115.724
65.7662
135.665
24.6226
69.5533
-123.884
22.891
-22.5731
3.78625
-18.4187
10.9952
-202.285
50.4607
168.796
-47.4223
29.4321
53.0873
30.9644
9.42283
-189.355
99.1082
-123.722
21.1572
65.6228
-205.124
72.222
276.001
-172.201
-33.2152
60.7695
66.1862
-104.728
45.3082
21.6037
20.2588
68.8439
-8.5432
193.084
321.505
-14.7252
-20.1328
-10.7535
9.16935
-280.523
-53.3491
71.2121
-52.7884
6.32849
-197.205
-156.612
-55.941
-105.419
23.8213
64.0039
142.9
116.919
24.1882
-84.7051
102.193
-24.8088
-76.2685
88.9919
55.2387
20.6539
-48.7795
91.5889
14.932
75.0971
175.69
54.4408
234.567
-28.0456
61.1123
351.51
112.633
-29.4433
200.442
122.079
-188.861
-7.53987
13.018
68.3909
22.5189
-8.27129
-29.1591
35.7728
-18.3896
168.005
-55.6226
99.9221
25.0695
-108.531
-10.9339
40.7811
84.2556
39.082
13.5552
34.8168
-122.715
47.2628
-47.7496
34.0045
-193.267
-45.709
55.4768
235.103
129.708
11.987
52.2015
84.5425
24.215
8.17994
19.3828
-67.1913
35.997
44.3424
15.7669
-14.2054
-108.755
167.709
188.337
14.718
-11.737
73.7353
76.2478
160.353
82.7404
139.489
46.2214
123.948
25.5536
46.0942
17.9673
4.53943
-49.9892
159.967
38.8625
39.8177
180.789
140.484
-176.592
70.1548
-37.7863
52.0896
9.86257
208.094
341.658
9.75268
-86.807
102.9
57.5545
-29.9442
23.4502
-104.26
324.516
-308.011
121.217
-62.3204
81.7164
93.0383
92.781
-44.3886
60.1681
-12.1174
52.1523
4.53772
-19.8477
111.002
316.405
34.4197
-286.495
12.7365
-143.905
35.7499
65.644
27.3102
105.498
23.1859
45.7125
-76.8491
122.431
-217.688
38.1831
135.861
-39.3726
43.0499
-13.01
-54.2576
17.0291
34.1585
134.385
50.3634
-319.05
-86.2054
108.857
-93.0803
-9.60395
-74.7407
-13.5615
144.36
181.461
57.4681
7.16622
153.065
28.8487
178.735
17.3986
-137.557
30.2135
87.9542
99.9887
-228.244
-62.9337
-58.4464
-73.623
50.3539
8.38057
-17.7096
9.31061
41.6171
-6.46529
31.8708
59.9056
50.5099
-48.1769
49.1808
-10.4936
30.5667
48.3695
-305.361
136.801
70.0808
17.2765
-28.3879
48.1632
14.0758
-48.2149
14.1302
304.798
62.4559
-20.7736
-45.0802
-12.4
117.903
171.747
-222.434
28.6798
-248.428
247.007
258.417
47.237
128.927
7.17849
38.4693
16.9463
266.787
-125.001
-50.2471
12.8783
-15.766
-148.95
138.12
-116.915
52.7913
-7.21029
100.106
12.5294
160.018
-52.1424
14.9047
21.067
-23.4976
15.8542
-101.382
-36.2259
129.28
62.8628
-41.4529
-31.8457
-122.708
17.7951
32.5365
-29.7503
42.9882
31.9582
104.885
13.0991
9.74574
-32.2612
21.6979
-272.925
55.858
126.764
-20.7819
-69.3173
88.5398
231.476
8.76121
122.571
10.1058
-235.567
-199.726
153.716
-137.678
-94.4582
65.6693
-77.4064
64.2642
187.784
-117.185
145.157
-55.0282
-295.01
229.61
-26.4513
-23.254
98.5952
15.8155
-29.3173
211.474
-36.9976
-34.3644
313.007
117.715
-34.2682
111.207
97.3732
115.223
131.995
-38.5375
146.796
7.09822
159.626
49.3328
-40.7821
12.8294
60.9951
116.935
9.15897
57.4906
-47.0992
25.0212
-76.0365
15.5958
15.8199
-311.378
31.9885
322.837
80.4493
28.9428
10.7466
58.1205
34.7836
96.6328
38.1095
21.0136
147.712
66.278
223.83
51.9449
25.855
7.34312
338.515
248.515
85.1257
-295.419
25.0407
30.9471
-112.093
-162.95
86.4302
54.4736
-99.3091
-87.707
124.439
84.6098
15.1607
61.5051
-11.8596
101.531
51.7539
125.982
141.826
-138.375
-27.8449
-39.746
4.18648
-8.01415
57.6564
84.807
-16.0583
26.9516
30.7624
12.5978
15.6767
44.0115
-29.4156
53.489
21.4962
40.8458
12.1229
62.3672
-344.928
-108.649
141.842
1.01085
-304.362
-296.596
-74.0739
-3.61095
-51.1815
257.667
-136.442
-65.076
42.0943
47.6967
285.264
33.0007
26.2947
-168.961
222.096
-31.196
-204.69
-117.117
193.197
39.9671
26.6271
-41.4672
76.9337
-40.3379
150.164
43.0739
-20.8234
-22.7156
26.8825
41.4253
6.95968
14.3925
19.9001
171.299
345.743
84.0743
120.136
64.5609
-212.987
57.293
-346.532
-100.993
85.7087
67.8304
-12.1671
115.002
146.882
23.8454
57.6245
94.8629
232.381
235.163
115.031
179.041
-201.223
-14.6102
139.624
68.9194
23.9685
-122.174
-133.962
129.072
26.7722
-117.289
-197.414
-18.5733
43.8142
27.4494
158.779
-72.6261
35.0525
-16.2924
-41.3866
29.9998
-257.395
31.1083
12.882
125.998
49.8387
-64.3218
-34.6826
322.678
-81.9194
83.622
-330.344
211.27
41.118
-100.862
235.827
-104.608
-33.3677
139.672
31.2621
-164.485
60.0188
-20.285
58.2354
-58.3786
89.7903
-207.133
-30.9047
33.6897
22.2332
102.566
136.357
49.5476
32.4646
37.5735
57.25
-114.168
-84.6072
136.521
-39.4776
-80.7099
-46.4945
112.849
40.3741
-66.8818
11.6291
-111.425
-62.5384
-46.6201
89.3205
-21.6353
44.9488
-16.6841
-46.1663
-46.1512
-109.879
-42.3352
129.637
-26.7987
-176.959
-112.788
22.3468
40.6652
74.1076
83.6661
46.1966
75.8291
9.61595
25.601
-135.343
352.264
23.1672
-53.4882
-44.9551
6.81015
-248.005
-38.1208
-133.42
44.416
145.402
54.6365
89.7209
-8.99036
44.9299
19.9484
33.5056
-136.69
-70.6623
105.495
-116.627
-78.2298
40.4444
-18.4224
-44.2425
-30.1847
-50.4171
43.9597
-26.0474
67.2709
-136.745
119.141
19.281
57.5059
-65.8468
158.689
-81.4163
11.2809
-7.09291
120.6
68.4309
-145.824
312.435
-168.253
43.7559
67.2034
73.9809
57.9466
-17.8917
63.8759
-140.382
110.505
226.575
-21.7362
94.0011
-154.371
-341.142
283.253
152.146
9.41896
-71.6227
-102.204
87.6221
-12.2044
-71.6328
54.65
-35.7557
-47.8251
151.037
62.911
160.325
7.32768
-116.169
-105.148
5.39018
77.8684
-177.857
-197.171
37.0334
-15.8957
44.58
-8.69497
83.9396
18.6789
-17.7529
-119.86
-39.0956
101.311
-4.96189
71.305
-170.586
18.6321
-63.116
-18.8672
-112.328
181.752
-26.1379
92.8494
11.3025
260.006
-120.138
-308.682
86.1922
21.7483
68.0863
38.3781
-88.1876
28.1011
13.3849
-57.4456
30.7708
10.1834
39.9414
-18.4229
47.3835
237.529
-63.533
35.3344
-200.783
-116.694
87.6416
-45.9937
-289.41
25.016
-53.7393
-47.2193
97.2545
324.722
-126.141
24.5274
-34.5267
79.1823
32.8632
66.5934
69.1501
23.7964
24.5953
-194.927
110.713
-64.7766
-195.736
9.32178
-90.7292
54.5262
-11.707
116.265
-71.524
16.0983
29.1919
-100.65
77.278
60.7658
46.3092
-13.7672
126.367
-115.686
96.6798
26.6179
-39.8983
-83.6314
52.6386
106.181
-20.7482
-89.4229
20.6566
22.0827
52.9614
-21.3127
-108.029
53.6109
-149.704
36.0198
61.9763
32.2611
82.4928
13.9283
243.422
106.043
-47.7902
9.81534
-36.8162
-61.4987
21.278
132.403
225.519
-5.12632
7.31072
46.7029
-10.9883
61.4814
-150.448
-42.546
-15.3294
-209.708
29.6498
53.7911
-94.3116
114.83
68.7584
49.3809
-67.2301
40.293
21.664
119.28
136.768
110.267
-289.816
39.4015
31.9181
206.657
-68.4381
343.426
54.493
114.668
-158.541
55.8404
135.045
171.614
16.4369
78.3535
-107.592
-48.6223
75.6661
-29.7362
12.4982
-24.3864
-313.287
27.6808
295.477
-59.5911
91.8766
56.523
23.709
25.0504
-34.4961
-125.39
37.81
-61.6056
58.103
4.90802
100.593
105.033
301.708
4.4242
55.2798
218.105
-47.6759
110.741
-11.6344
49.9424
37.7491
87.4377
-42.0098
21.1856
-133.548
27.1929
179.218
-186.002
86.0926
8.9267
-96.3629
36.078
17.216
32.0709
-55.472
-144.756
30.5632
19.8662
-27.4023
34.2555
-38.6328
34.3434
20.7795
-5.97668
-16.1388
15.3014
6.04487
146.925
49.1634
111.226
82.6442
-73.6717
-21.8404
-8.21083
9.5559
-45.5517
-119.974
162.83
140.549
219.578
68.4451
6.73169
24.0632
-90.6744
-21.6925
256.532
-204.101
-135.612
-39.7171
260.937
19.0143
150.619
-189.083
10.2441
38.4704
28.1091
-119.671
-38.1568
-33.9419
-159.735
13.7581
42.2955
-59.9082
103.955
293.493
28.3031
-49.6084
-7.18063
24.761
-69.3488
125.673
-32.8994
-166.861
26.4081
-7.47689
-336.537
97.2242
8.06524
-45.2635
-162.629
-13.9401
-21.2218
95.7728
-20.7134
-61.9876
161.548
131.094
122.233
179.912
45.1568
-17.2391
110.235
123.118
-95.4049
50.192
-16.6581
5.84737
-10.8477
-29.3655
22.5311
10.5993
53.0977
-200.483
-294.448
14.9469
23.19
53.147
26.8865
90.1121
-21.1056
70.0611
147.334
48.967
31.1612
14.8243
206.286
36.7651
185.378
44.3621
-16.548
17.4532
-127.851
-175.195
-114.396
181.829
136.951
-64.4632
328.754
43.6641
90.806
336.922
-56.6562
18.8822
1.58623
67.7619
247.526
6.71381
64.841
-106.837
16.9956
33.6405
173.269
56.471
-5.58475
40.1533
22.0621
56.852
-71.9804
14.3902
-76.3693
-45.7738
83.619
-83.2635
-13.4142
188.109
77.7089
93.8576
139.346
19.3092
-39.4274
98.6184
146.366
63.2508
28.8651
-335.908
-47.732
47.1482
-24.3432
-148.054
57.4997
-76.835
-13.3326
-64.3612
93.8205
14.5511
90.8949
77.4776
-18.1834
7.73056
48.5456
141.065
6.52923
8.98735
245.807
28.0798
-21.0121
9.86453
321.092
-33.6318
31.7825
49.0264
-74.4844
-41.2318
94.2745
-13.9751
79.3006
-24.8589
-127.9
9.34185
144.121
-56.2055
24.4139
19.8329
-92.7165
-87.5868
46.6601
48.1922
-25.085
68.6046
84.9416
-69.4292
22.954
100.279
-14.8889
-11.6728
127.756
94.0745
50.0113
85.8321
148.711
11.3515
232.984
-82.3301
-31.402
38.2412
209.551
103.835
-15.0291
41.8041
13.501
-67.918
-251.16
205.815
-16.1697
67.9566
144.813
275.354
12.6787
13.3362
-186.883
7.42736
-83.2757
-8.1353
21.3707
-8.41297
112.335
86.113
2.40388
-27.2117
126.404
212.017
227.593
-133.163
-28.4298
-79.0655
-155.418
22.9165
-15.3593
-76.722
-148.854
-21.7865
-84.7037
13.9022
-49.6757
67.9986
-27.7862
8.60294
59.2328
-197.298
-11.3876
-93.4295
-57.6188
-25.8421
112.899
22.9401
68.2479
5.23651
16.4845
9.97
240.127
49.3788
-7.50383
55.1331
-17.6409
-16.1166
128.123
-10.2577
35.5045
149.163
-107.31
-70.7786
-110.041
-59.3389
310.029
-37.721
12.9077
153.566
-131.345
-29.016
-38.4785
-114.371
-94.4352
-119.98
84.3341
175.36
-18.7102
55.8972
48.9182
-35.4801
145.995
-6.8581
100.188
33.3985
77.1828
125.558
7.45015
122.118
-335.361
17.0951
-48.7703
37.4946
57.9183
61.2455
132.705
96.1471
270.719
-219.458
136.805
-168.943
-18.699
-44.0692
26.1477
-41.3738
212.651
247.603
23.5181
133.294
93.6676
111.463
34.0704
17.6102
41.0994
-84.9493
62.0846
78.3952
-337.479
-110.165
70.8308
-8.57699
112.214
54.3932
100.244
-48.9327
-28.6431
48.4029
228.802
37.6339
-316.969
11.0324
30.4256
-133.182
12.0553
252.916
120.856
118.44
74.8574
-280.416
-55.192
203.797
-18.4463
91.8546
164.441
-11.2927
-253.579
-30.8096
62.9268
3.46222
154.019
111.424
-28.5191
63.1187
81.1235
221.546
10.3651
-4.21017
68.5814
92.5431
46.5919
-83.7722
53.1695
43.2351
-49.0556
67.0725
-150.308
33.0529
95.6255
103.199
123.621
38.5646
74.5788
221.094
-53.7136
-131.806
-252.13
55.0846
343.698
75.1358
8.44502
49.1276
204.657
131.3
39.2317
20.8218
-161.751
30.0678
-78.1299
-42.0751
93.6983
-81.4112
64.3782
174.336
20.9131
140.436
-259.853
-219.138
-113.504
-14.3846
-170.603
-238.085
-32.5658
62.4432
137.398
3.38661
53.4968
35.3262
161.937
56.0167
133.482
144.877
120.102
61.4666
97.2211
-38.3272
26.0005
49.078
-125.799
141.455
54.641
-110.024
-133.705
150.906
24.7396
-26.3197
103.146
35.1201
74.3683
31.0389
-19.1688
120.895
-244.184
-18.6222
337.451
63.635
93.9949
233.63
-15.2954
142.382
-35.3472
138.06
110.217
73.0067
302.233
131.741
135.145
-15.4688
-64.941
202.091
-35.8933
74.6276
3.03317
26.2487
128.98
-32.7263
7.51051
30.0769
55.7643
350.889
91.4132
36.191
-314.371
-38.9431
258.98
56.8932
37.7355
32.0284
-101.829
-55.2158
52.5302
50.7941
25.6169
81.1787
29.4918
345.113
-25.0152
-136.117
-260.885
-32.4159
-47.2899
149.823
-151.412
52.6896
74.2619
99.1438
-293.762
7.31276
72.4393
49.5821
42.6011
303.471
67.3747
-111.482
60.5834
-86.6567
102.036
-125.304
29.6418
278.057
82.4688
-7.80875
-294.737
-28.2669
138.642
-32.6612
256.382
18.5612
91.1381
42.0429
48.694
-19.8948
125.575
-46.6257
16.1888
-71.1723
-38.1907
-15.4287
107.164
-84.7776
-23.4383
139.791
32.7233
-267.779
41.7461
6.36658
31.0352
26.2396
126.255
35.3767
101.382
45.7697
34.561
-51.3443
-71.9203
-17.8386
99.8208
-283.566
344.441
-31.3145
-156.545
4.59972
142.779
-48.632
78.147
2.49125
-32.724
209.324
89.305
203.501
-67.4087
-232.834
-66.1438
38.2711
-68.0658
35.734
-80.1647
-79.4271
-67.3889
58.422
76.0098
49.6627
-208.252
84.2221
-27.1925
73.434
-274.191
138.956
228.425
35.9695
271.8
-84.7892
72.4071
-13.8136
-75.0578
-55.9034
234.411
191.169
12.8849
89.7223
38.9311
-203.807
61.5663
-62.2368
-63.9254
-63.5174
-73.9744
-202.205
156.731
-43.6945
22.2629
101.065
-180.372
71.9494
68.7459
80.2862
-44.9602
-69.2412
-13.3793
-36.3865
89.0121
-15.6101
137.234
14.0258
187.253
119.641
44.0073
-32.5623
-60.8069
-74.4402
-95.5505
166.332
317.918
-22.4627
26.7995
114.869
28.2844
45.7013
179.207
35.7149
111.965
198.011
175.233
113.286
-87.7298
