38.7998
33.1101
-51.3083
-80.7544
-40.2904
-50.2507
15.654
50.4478
-4.31589
-200.298
-1.72208
37.4188
-138.493
10.2917
-121.358
166.134
-161.52
12.7305
27.3744
27.3754
172.709
-26.5726
47.0976
-171.613
-73.3855
-15.3651
16.2197
36.3876
9.88881
-102.43
-177.17
127.081
-94.9313
129.289
29.8941
178.123
-25.6776
46.9099
-45.7453
-48.826
69.2065
89.8694
-43.8047
260.727
-12.6705
-0.726393
61.9131
-109.154
-273.025
-109.005
232.492
-51.9305
-52.629
114.226
351.7
40.5637
54.7259
56.4096
256.023
-33.6124
108.483
-112.596
-59.459
69.5425
-98.9207
135.722
264.406
25.1132
26.4672
-146.278
60.5527
7.27983
64.7437
24.9509
142.433
152.575
-14.1311
-39.7232
153.355
8.30446
47.0498
-11.3852
53.8797
3.50985
-8.92689
35.7843
13.465
-96.8599
117.572
-110.779
71.5556
239.876
39.6655
-58.7257
12.0951
-175.325
55.0289
208.794
93.9625
-85.0882
-102.817
13.2531
-112.034
51.7972
134.316
155.116
92.971
55.4099
91.9438
129.008
7.58493
-56.0874
-27.4034
15.6176
18.7363
-68.9579
-43.6034
56.7461
310.863
-92.4615
188.514
33.8297
86.0646
-17.0174
-10.5065
-8.37685
-66.5705
-223.675
163.734
16.0309
-45.5743
71.2404
236.351
-194.853
81.0876
148.82
61.1972
-29.1673
-44.5489
-288.58
-120.017
81.5383
12.3241
-72.5891
-321.415
-102.567
146.245
-37.5858
150.604
84.1509
-13.4356
-11.6924
50.3289
-9.90377
-92.8758
-80.8335
46.297
-39.5889
-112.75
-207.789
-40.3678
220.469
199.406
33.0176
346.6
-28.8658
-217.097
48.9152
-222.165
-31.005
-8.26495
11.5083
-15.1482
7.36987
30.1125
-76.1301
-67.6953
20.4425
24.0719
335.858
-75.9038
65.525
77.1435
44.4907
19.1627
19.3102
45.1749
7.85404
-294.364
-228.954
-202.993
335.002
55.6368
32.0956
43.8167
89.7406
-169.389
-30.2694
236.107
-23.088
283.75
206.718
158.887
138.241
-122.359
-46.7557
-292.281
6.89993
43.8674
-154.077
8.07716
129.916
65.7456
100.311
-75.699
122.842
269.456
177.89
-95.076
75.1141
73.9002
136.416
18.54
170.429
-56.67
-114.018
-27.6597
-22.0495
135.99
30.2832
5.5425
-178.396
7.3304
12.9393
26.0892
49.3964
41.7107
-125.155
9.40526
-112.096
-18.1587
134.593
-60.7369
83.0312
37.6288
-19.1243
44.9026
109.483
10.4892
33.9898
-179.759
-122.527
27.3073
139.163
-207.069
129.173
58.7578
-46.3583
-250.175
-63.089
236.208
49.5241
-352.563
129.032
-100.021
55.2426
-149.121
9.09645
-322.09
38.095
-119.567
-65.2796
91.9839
10.9185
42.6658
32.1516
216.617
62.5747
-89.7675
74.1562
16.3479
-230.055
35.4379
7.35185
230.78
-347.064
55.8077
-22.1495
-4.02461
-11.4281
31.7411
13.2457
-130.921
-6.54108
-52.3493
-20.1248
88.0972
119.5
-48.6033
51.0776
-30.5802
65.9605
346.272
5.01784
42.487
101.781
92.2646
8.10113
34.5272
40.1183
-7.26962
49.9945
44.0325
-26.3529
208.4
228.126
64.955
-31.4104
104.99
-57.3535
85.6537
26.1154
-74.0485
-127.654
-43.0671
-180.767
41.8473
42.1309
101.344
22.0793
173.97
12.0993
101.666
-25.1017
-108.123
-126.504
-69.924
336.476
-79.2255
71.635
-32.9445
-9.65742
109.074
113.926
-170.545
199.375
18.704
121.004
32.2474
98.8675
73.1285
-59.1957
10.3219
-2.81247
325.966
-24.8457
-48.5198
41.1649
-144.131
122.042
111.269
-12.9002
-111.351
64.6685
-181.87
16.1817
-87.5352
-125.056
-128.679
30.6857
23.9277
54.6328
-255.919
221.406
-77.6823
189.99
-43.2178
-27.4806
-13.3556
-165.261
37.0328
-28.3491
17.2484
113.769
-20.9382
24.3918
-56.326
43.3442
-5.73232
57.4724
124.696
16.5988
39.3236
18.9647
-25.8372
130.962
-180.687
-121.069
90.904
-12.5487
92.4947
-36.6633
27.6
-187.493
36.73
34.6893
-39.8818
51.7428
84.6066
-74.2483
17.2597
47.7087
25.9903
54.9371
24.6492
10.0393
22.9857
-65.4424
14.6561
136.509
86.6594
-92.6631
103.257
33.2896
53.9048
30.1137
-119.734
-179.283
70.5206
-76.8063
102.454
58.1639
136.166
-47.6637
59.5562
-120.203
253.947
-71.9206
-36.7264
66.6014
-27.897
15.3428
-31.8254
70.9303
97.5014
5.34688
-199.197
8.74787
-28.5228
-76.9847
-181.274
70.5876
-150.899
113.933
76.318
93.8891
-58.6108
202.988
-90.2796
50.8198
-7.18397
238.196
52.2262
167.836
59.9011
122.051
59.8122
-126.961
-33.3971
146.642
14.7783
98.7808
48.141
55.4638
-160.247
116.314
-86.466
199.71
124.379
-302.918
-113.368
73.5111
-169.576
-17.4558
118.893
-21.3563
91.8962
-89.0689
-167.201
-94.2602
-23.3677
167.823
237.254
43.9209
-10.8392
70.008
-19.478
47.1339
27.771
66.3774
71.9674
43.6089
132.278
-37.4926
-81.8783
4.37446
13.4208
136.612
-138.337
40.1233
116.542
23.9575
-16.6752
351.69
17.6898
324.534
-352.568
91.8154
77.6179
37.6797
-109.296
13.2282
-69.9273
40.8463
6.58609
-50.0094
-89.5112
-123.67
90.1289
-35.174
-7.02647
-52.5279
-140.637
-85.4968
85.5433
-139.759
-155.882
-13.6699
-29.2763
-12.7608
30.7142
86.3177
-193.077
-40.0572
-43.9731
118.703
36.6781
107.829
136.42
18.3451
-21.9496
-119.343
-101.182
132.557
55.9326
33.3957
70.925
7.14362
96.2812
49.3323
20.651
56.2674
-53.9593
-18.473
-52.8433
58.442
-26.3262
-15.6667
326.416
17.6864
53.3327
189.169
-211.984
93.6145
272.644
151.751
92.401
88.3946
-150.259
170.634
-100.322
98.7433
-63.3573
16.8268
155.354
4.69942
-14.7792
56.1572
21.823
-126.649
73.3461
224.765
59.5468
7.26866
-106.32
104.031
130.942
67.3644
-9.65893
-15.2269
-28.5523
7.74291
18.491
-194.897
43.077
31.5136
48.215
-47.9744
104.511
52.0536
-208.655
-30.6913
-74.1411
-35.1462
132.801
-19.5905
102.951
12.1252
-8.59114
-12.2636
106.07
-219.22
130.285
-51.0261
166.764
-44.68
236.661
-74.7957
-15.3528
239.907
54.4481
-73.7606
52.2277
-70.9694
252.95
41.8909
124.232
46.3733
12.792
-196.981
35.1388
78.641
-90.1008
-34.6545
138.605
81.9802
155.412
-71.5753
-50.4085
13.4532
217.253
59.1883
-4.2989
92.1104
-28.0914
-195.093
73.5848
48.7788
194.656
-212.175
-150.874
-101.017
59.5246
-39.997
38.7797
-11.1055
-73.8721
350.025
208.71
10.8999
-112.018
96.3933
15.639
162.711
-10.5751
34.4815
10.8278
33.652
-52.95
80.5989
-270.936
-97.3244
257.218
-45.6264
13.2094
-50.5472
182.209
94.4465
76.9622
74.4534
-191.511
200.829
73.0696
206.913
59.7576
191.401
118.995
104.551
-296.646
250.206
-1.71127
45.4312
-8.07848
31.9642
26.5212
161.939
-12.3494
13.6027
-352.686
98.6681
-148.998
-52.7891
-102.232
234.378
-162.647
151.181
-253.914
10.5036
-114.285
-21.9371
-95.3798
124.241
-74.3325
-207.789
55.8899
52.31
-7.23168
29.3992
-19.8958
-66.6138
-218.202
-19.3729
134.733
106.721
269.43
76.7417
-12.4001
-62.6972
15.9276
-315.749
-89.2206
-53.8841
59.7753
39.685
88.8455
11.4161
94.9654
-8.98651
75.5535
110.483
41.7277
153.345
-87.6295
-32.65
41.2979
310.356
62.7596
22.1805
25.9732
192.668
-94.6482
-60.1531
-36.0609
20.8248
31.7805
87.7893
-59.1586
42.0851
16.8512
130.511
203.218
-285.185
40.9152
35.6196
58.6553
113.276
143.006
33.3684
58.3437
-58.0239
187.431
22.7183
19.362
89.6848
229.321
-55.3736
-34.7055
74.4986
9.60099
211.465
-117.566
19.3219
82.3229
138.017
-18.3745
96.7631
6.42493
-112.247
-219.325
230.89
27.232
62.0684
18.4005
10.1647
59.5381
243.909
35.669
61.0324
-35.8157
88.5982
22.0746
206.423
23.5272
340.541
-40.6101
308.151
25.3131
45.1968
156.046
319.874
-335.682
-43.4672
-46.3027
-94.4964
-82.3979
109.266
244.18
-21.2148
-75.7465
-194.838
128.636
185.386
53.2168
20.4165
20.2326
-54.4561
164.893
-47.741
-20.7962
42.9835
22.0384
-24.5595
-28.7735
27.5696
113.813
27.5211
56.6404
188
-62.8039
9.82928
-24.5765
-38.0239
48.3098
294.237
21.52
2.37161
319.044
-91.6298
-8.66641
-11.0354
80.6282
71.0547
121.735
23.943
71.7488
89.3348
-10.7416
11.934
136.256
153.874
22.8575
52.1632
-32.4994
30.1884
0.59249
-153.305
-167.749
-212.052
72.3231
-15.8822
23.1401
50.4272
325.838
73.9289
-13.1873
-5.37494
219.785
33.7746
-118.151
206.976
-13.006
87.2137
23.0655
-25.8681
29.2569
119.34
-140.442
-118.571
85.4227
-41.7037
-17.3482
14.7467
226.355
-101.288
41.6033
121.028
-40.1451
-196.908
-82.5183
35.8699
182.901
10.9486
-84.6622
21.5943
46.2471
-49.7164
267.314
159.228
-92.8201
74.1564
346.596
-11.3731
28.2838
70.6548
76.8842
13.179
350.046
-10.604
-344.311
79.471
-27.0906
15.1072
-9.80663
45.2824
5.13213
-176.328
28.4792
-93.4321
-101.098
-4.0876
-18.65
-17.4895
-18.071
-105.413
-18.2853
-9.71764
-40.838
126.278
-87.3916
21.641
130.843
260.257
19.0723
-185.26
25.4155
29.5995
10.0763
-65.8602
113.37
95.8397
11.9981
20.4274
53.9638
4.68521
240.717
-33.7181
105.709
80.425
-14.3154
-62.6839
14.3056
-13.2506
-45.915
350.161
-165.556
77.2267
281.504
-96.9979
29.9698
11.972
341.056
-68.4142
-34.1964
124.093
26.868
101.897
84.1758
-15.5866
-95.0058
63.8713
-90.6001
289.786
223.219
36.7209
92.5474
69.2
100.511
45.4591
-19.4071
23.7629
63.7945
24.2958
-237.241
8.41971
13.0548
-38.5795
34.9832
53.9724
255.976
28.8601
46.6951
32.9419
7.2402
15.0451
-164.084
-155.296
-13.8675
57.8611
38.095
-73.1008
-57.1033
-23.845
227.496
-105.075
-36.0745
10.2101
-173.271
66.6746
41.6307
60.8601
116.087
46.6443
-28.1364
-26.9951
-76.1926
-42.8101
-29.689
96.5392
6.08602
351.67
133.665
-36.1169
107.009
137.954
88.6629
94.8732
-5.4162
65.8888
51.0118
33.9011
167.651
126.81
20.1053
304.413
7.36576
35.74
60.1531
156.64
14.981
46.685
-58.0102
-23.4798
157.697
-174.806
-29.2268
67.8284
-149.523
-46.5855
-25.912
83.7197
87.6145
8.20852
47.0679
-42.7472
-5.81088
17.2648
23.1682
35.7436
183.839
317.828
-115.299
37.7141
90.2452
50.6026
109.513
53.1342
20.0884
11.68
-91.6418
84.7256
79.6349
-167.184
23.559
-14.036
16.5482
324.8
26.1649
321.775
-185.133
209.224
-16.4588
-29.231
3.20771
-155.771
-7.46811
32.1225
-45.6534
30.432
143.958
-82.2558
-59.318
10.8976
-352.644
72.0939
40.8743
-180.221
202.594
13.1296
131.538
-29.9277
-240.653
52.4922
46.1306
126.289
23.0376
-39.3542
184.223
274.692
-45.3917
43.3963
-43.6536
0.662221
303.507
219.989
47.8847
30.604
352.142
67.7519
-69.9601
342.812
49.2384
107.871
-144.013
143.35
73.9539
94.774
31.3722
91.7084
-51.8814
-67.4349
52.5076
11.6623
171.662
154.094
332.305
50.3248
16.7305
-9.59887
43.6483
36.7713
-16.7702
33.6795
52.3709
72.0129
-91.8728
-82.3536
-118.13
-27.175
-73.4671
-23.6886
7.53887
208.386
-169.633
-211.121
8.83847
60.284
39.1821
60.7323
-93.1018
-252.202
22.3896
-163.567
241.856
-22.8389
-135.02
-5.32541
19.2988
80.7662
13.9119
-84.6513
124.318
82.1451
68.2417
88.384
-33.3382
23.5339
-23.376
116.483
78.7907
21.461
-134.029
-83.9748
101.417
-98.9633
-61.691
157.931
-24.2869
10.6105
39.9504
-33.5633
51.0489
40.039
5.65673
136.822
-57.6817
232.662
50.8503
-7.20128
60.0429
319.435
-87.429
19.7759
-79.7294
156.096
-82.0859
-6.34726
63.783
193.173
58.644
30.2472
56.4702
46.786
88.4715
-7.35455
105.644
-78.981
-214.276
148.121
38.9236
202.245
120.344
305.403
156.64
45.7535
16.3987
-77.4654
298.885
61.1708
20.0078
-21.5308
-173.34
-62.4915
-11.1888
-315.94
80.6097
-107.182
47.5202
-148.04
37.4684
-208.58
61.6737
-34.891
83.9883
-36.4271
62.2949
-55.6163
35.1798
-134.2
-145.992
-49.8123
29.2597
112.178
-8.49034
17.9214
22.8443
10.6341
14.7074
228.922
13.4186
-29.096
298.33
-339.787
296.819
57.436
56.7935
-82.2053
-140.044
86.4993
47.611
12.0173
-37.0966
64.1347
-352.056
-129.701
32.2939
37.3196
39.797
-148.84
-190.691
-38.1779
80.2622
28.7122
106.355
29.3247
105.035
-253.79
-13.3087
156.722
37.1595
-59.6239
233.021
203.724
44.6451
-66.3154
-49.9787
68.3615
180.518
-36.5375
-16.0031
75.2975
-20.8803
-116.659
31.7372
216.781
20.6588
39.0962
8.63879
18.821
83.0436
84.8167
117.817
78.096
65.7894
-31.0348
57.8463
108.052
142.457
314.977
40.9631
106.292
80.1319
-63.8563
115.081
129.512
29.2768
85.1805
183.086
31.8609
19.8636
-38.887
19.4834
55.3607
102.736
-44.1813
-3.17312
116.784
-31.8558
50.3224
117.397
122.408
35.4381
103.068
8.89789
-254.487
-65.5512
-28.0623
-124.721
-31.1901
-111.656
23.4305
-26.2588
140.309
-15.9038
79.6438
114.027
-33.2315
-7.14982
-25.242
-50.9573
109.273
3.64529
139.31
7.32939
67.7378
-67.4174
-40.7634
-64.8239
-121.095
126.82
6.19329
0.716299
31.6875
-339.507
186.264
-139.936
116.361
-138.944
78.8368
113.396
101.752
60.9755
-33.7785
-286.675
-106.209
99.7802
-21.9504
-325.623
54.6732
23.8188
7.91027
-100.272
18.4321
297.307
16.1208
-16.9942
-21.3337
84.8292
32.6929
84.7569
81.0423
-160.101
24.7665
-170.504
215.286
321.653
32.3222
38.0127
83.6839
138.048
157.786
351.886
81.4892
-11.3063
62.9406
176.897
273.948
88.9734
116.043
144.952
36.8163
-65.9131
-107.266
-202.104
-24.8572
-97.0091
91.9418
116.515
-9.39905
333.88
156.317
8.70928
114.034
22.4923
-29.3278
-102.297
35.7197
107.369
84.0526
-7.28573
-105.084
148.222
-25.1479
115.148
31.7046
-27.4427
32.0907
8.66944
11.8618
25.1596
117.604
31.3088
-57.2238
-53.9878
314.18
92.9612
181.383
17.8535
-15.8812
-24.4176
351.812
-35.4534
129.124
-8.1779
-32.2019
-179.879
162.498
32.8818
30.3669
-102.62
-19.373
60.7169
-23.8276
-34.667
-9.63187
56.2781
54.6746
98.5997
266.422
138.057
149.275
72.7972
211.028
23.1956
-6.99946
71.5019
119.733
15.1343
-11.7198
66.3304
212.214
59.5731
192.662
29.1831
8.46897
110.729
58.8101
140.166
136.09
32.7842
170.065
130.659
-263.142
-63.3127
64.1753
28.3489
42.3759
31.7881
-34.7554
39.1125
12.5967
13.8124
-22.082
18.526
50.8763
-18.4356
-11.5837
-209.871
56.5761
-14.2706
-94.3319
-204.191
31.3071
44.0599
-116.827
-20.0946
43.3146
-59.793
8.52799
-279.911
13.617
97.1952
40.0344
9.70502
-269.328
235.902
5.34738
-21.6256
7.06188
259.907
-87.2697
-41.5156
-82.5128
-40.7485
28.9384
18.5503
-35.2561
109.445
72.3291
-202.434
11.2649
-39.3253
-31.6977
42.0519
6.20933
-105.25
208.457
-27.8708
6.05203
335.076
82.8997
67.1846
-47.3811
66.3024
3.74011
16.5518
59.7968
10.3901
196.476
148.609
58.6839
111.321
142.244
-30.1963
-16.4364
83.6684
-59.3356
-50.9135
-184.84
34.9721
-36.4936
73.2916
37.0179
-38.0126
-18.6479
37.5517
38.1393
22.8211
13.9731
268.682
98.0378
123.392
68.7192
-6.08387
59.4722
-34.3116
20.1394
-103.151
35.7846
-334.845
28.9359
131.777
-50.4173
65.5341
10.7255
194.564
21.2781
38.6019
10.5949
95.3427
-10.8883
124.194
-94.7261
62.7635
206.012
30.8778
230.379
34.7729
30.5742
208.892
176.645
54.6781
-256.78
-93.0671
210.78
115.833
29.787
66.8363
-21.713
19.7447
163.542
83.556
37.3859
-269.711
26.2932
99.1892
-115.644
-76.531
68.2135
39.6446
-37.6547
128.11
7.15541
-14.2508
87.4634
134.402
20.8386
-93.0515
168.239
34.8559
32.1886
-167.947
31.0504
-17.2462
111.263
35.093
-102.058
33.6401
27.4402
148.603
47.2209
349.607
-199.83
107.853
124.504
35.1895
55.7311
-4.99029
56.5755
174.989
-3.2067
14.5625
-77.3568
-90.7584
46.9964
-170.102
41.4698
-177.554
166.782
271.092
180.658
23.5625
5.79104
172.177
107.536
-202.77
52.8329
-194.473
40.0909
-92.9939
319.754
156.545
45.308
92.3048
7.32656
126.46
69.5758
70.356
62.5941
-131.997
79.9273
47.7322
18.4138
311.48
62.1148
131.217
222.524
10.3151
128.981
144.861
-102.061
-306.941
29.4695
-252.628
-34.0067
156.245
69.285
-20.8835
-152.179
18.1929
133.18
29.7193
-24.7955
73.8429
223.173
57.7011
80.6587
112.173
-89.808
75.5819
25.8718
-31.9321
52.3316
7.85612
49.7351
26.9966
11.5395
51.4349
72.9747
-32.8291
254.002
18.429
-351.831
8.40926
69.8757
17.4118
-285.447
-107.526
-78.4231
9.39592
87.1224
22.2568
53.4029
74.7518
197.075
70.5864
188.605
68.5649
212.312
-15.5958
127.176
45.0606
-39.6304
31.3986
111.822
-327.777
88.7946
171.247
74.8151
-113.39
32.0532
-65.5347
77.7366
172.041
-115.639
-6.02665
126.544
-352.412
189.468
175.235
-37.1616
-26.9735
-49.578
72.3503
46.7172
62.3963
10.967
145.494
58.4273
141.953
14.8468
-94.3165
78.894
98.0277
160.158
173.721
-40.593
161.957
42.8166
56.6704
58.2272
74.5007
14.3948
59.9083
-14.4863
43.0513
8.45118
150.769
33.25
-160.568
-15.2961
-15.4698
-36.1257
73.0658
71.3971
-24.1529
-259.156
-44.5359
127.794
222.374
-61.9265
35.9451
-39.9817
102.615
48.4023
49.9148
22.7865
-8.54981
212.545
44.1148
68.8037
123.673
112.204
47.8647
-40.3117
158.561
-219.197
142.581
330.124
24.0152
128.536
27.2388
-305.314
11.2008
200.849
87.6774
-21.7187
-44.963
-33.4967
-82.7688
-87.639
-29.9451
159.579
88.1944
-145.612
-42.2426
213.068
-22.5803
-153.045
22.0333
-57.5079
-10.513
181.488
116.901
-69.2052
13.9623
-57.7656
317.814
45.9337
-42.9645
-119.928
-53.2262
33.5453
38.2562
13.3465
30.4426
-38.5602
-254.843
19.4574
6.53596
-23.5522
-27.5416
91.8021
-12.0374
-228.536
83.6354
-37.0707
314.513
23.4517
354.179
81.3185
13.0659
14.7568
61.6223
19.0521
75.0416
-125.593
172.423
22.0366
84.7139
66.5112
49.8275
17.6036
19.3797
9.13295
-38.5059
6.05155
-231.117
174.697
-13.3783
75.7251
131.054
98.2754
-77.2565
-118.567
85.9615
58.5344
-180.286
56.1293
-26.8122
46.6577
46.8388
151.152
12.7834
189.081
-108.396
237.064
78.1517
-351.961
-37.1398
44.5362
151.615
-50.6904
24.3896
-143.675
20.3933
96.78
100.004
-153.039
64.1911
42.4911
-52.6758
-191.615
33.673
2.48877
141.706
30.72
-116.421
77.9308
-163.622
-4.5969
-286.087
50.7874
-95.4405
60.0154
-24.2008
352.476
-24.5377
-84.0622
-102.037
-265.079
57.2803
-70.6715
-50.1519
116.874
24.9987
34.2565
9.60481
-129.699
-25.7704
-6.07214
147.858
-174.51
11.4997
-19.0356
100.444
9.13099
8.26184
-25.6362
42.5383
121.971
-96.1397
-59.3154
-73.6923
37.7141
76.3271
126.499
30.5885
47.8528
-43.3807
-248.11
-54.8361
-67.469
83.6826
7.31736
41.4304
-106.412
-34.7773
12.0239
104.454
-34.7941
-116.879
130.206
-14.0704
-79.9748
-114.608
172.7
4.2832
-239.877
70.0084
38.6521
-98.9234
-33.7886
-78.5383
37.7573
-109.045
118.278
37.5011
152.124
18.475
-167.799
-48.6632
-201.872
86.1577
-106.251
12.5111
71.1084
82.5888
129.199
64.1296
14.1582
77.2974
128.792
109.649
30.1976
-283.008
53.3591
-35.0391
-23.162
22.6754
-249.124
21.2756
13.5531
21.9454
46.4199
34.8214
224.202
-13.9999
-40.5458
12.3687
12.372
24.1592
-50.1093
-143.038
78.8425
8.10631
99.2267
-286.321
-45.941
138.368
10.0876
67.8383
-30.2939
27.1285
22.7237
13.5509
182.353
-183.01
74.0327
64.4826
20.6335
-50.2005
133.708
98.7111
-46.7644
-36.0002
265.424
-168.669
126.363
-25.0217
42.3033
-77.6958
78.2085
-337.447
14.8584
29.9701
28.2596
-46.8245
79.7409
261.565
-156.86
-133.055
145.895
-183.927
21.9401
87.319
-105.37
88.7982
67.183
-140.018
105.65
-53.2002
-13.8174
-31.4856
50.9987
47.5952
24.7474
181.311
2.70935
14.5381
53.5885
46.821
-40.2355
23.0758
37.0841
207.637
3.8894
14.4623
203.678
128.854
191.901
-12.2182
51.5088
131.957
-129.666
-150.558
28.155
73.4435
-351.555
102.453
55.9489
10.4178
-80.1429
63.4342
75.3502
334.996
-129.488
-108.199
61.6067
-125.202
23.2761
-44.716
44.9805
-50.6457
-69.7437
35.8041
57.3328
50.4079
22.2243
12.1227
-24.3992
-7.00252
-17.9
-36.1547
21.4969
-25.9328
31.2166
-40.5833
-7.978
107.468
94.0985
25.408
68.5746
28.636
12.0961
-165.138
-203.852
89.037
64.8223
-134.961
-30.1843
73.1493
-136.785
133.587
-176.242
53.7345
44.2307
-8.21029
-195.967
-9.18101
17.2989
84.1469
338.829
-219.001
-28.4967
58.8784
216.871
138.744
135.636
21.3525
197.311
34.4008
-96.0915
-19.7597
28.5091
41.6827
39.911
174.345
78.2243
290.144
98.6527
124.14
89.2987
-95.2883
128.449
52.6503
58.9599
84.1705
96.243
237.076
-51.4681
20.3952
-68.9674
-149.118
-168.783
13.039
-49.4317
-64.8482
20.1421
253.665
-93.2918
-205.736
23.1541
-15.4289
49.288
-64.7237
34.6735
52.8222
44.7133
40.2298
20.4744
-270.049
34.3897
117.941
12.3375
99.0698
170.155
-45.5408
157.295
208.626
-97.5457
-137.645
-28.2267
147.028
42.6136
169.009
302.181
69.5557
-79.5907
-106.605
-13.1466
11.4112
-18.2219
-93.0268
12.122
-40.5258
198.8
-101.807
63.4638
-25.056
75.2191
337.954
-37.7075
-195.381
-272.969
13.9127
-148.479
67.2186
-12.2767
131.308
-38.7402
314.973
-147.1
-28.1244
167.852
57.0885
-31.0428
12.5269
213.234
-110.191
91.7205
112.581
-69.3202
169.409
71.263
-95.3906
-98.2189
-128.195
116.474
15.7453
-337.797
30.8545
-233.016
29.8839
-34.9019
12.65
-122.458
22.2088
-38.058
8.11462
164.438
-77.9018
-15.7267
71.9043
-44.2638
-202.072
-37.4828
-29.6143
-142.766
116.076
-77.6279
78.1668
-73.1067
30.496
-39.4796
25.0417
190.354
130.384
121.962
98.9133
69.1293
-253.491
178.143
107.327
19.5368
-63.3881
285.172
68.4667
49.4684
-78.5597
55.8722
14.122
-15.1407
58.4445
-275.433
-148.759
42.2699
316.522
-276.499
-74.7216
-41.5805
70.1532
68.0546
114.023
33.7537
179.19
77.1667
17.2451
-104.75
11.0941
35.5951
132.059
158.67
-171.981
-134.435
-81.7754
-159.93
144.192
61.89
17.7992
19.9131
55.2168
309.23
352.946
97.5295
-29.7399
-32.6153
-122.448
-27.9569
32.38
55.01
103.213
-25.5485
-28.9134
-15.8494
23.1909
301.931
114.918
62.3186
38.0211
118.129
208.46
25.7218
-153.782
-209.182
-14.7827
281.028
252.018
24.5995
-96.2811
-110.656
12.4325
-60.7223
-25.3879
13.8144
55.0513
17.8989
55.0552
162.185
59.6754
158.46
4.94326
-45.9835
150.632
36.0911
53.7651
-138.309
-54.5888
-39.5505
-115.566
-25.767
110.496
-201.187
-34.1028
-3.09595
240.603
124.636
172.211
64.4676
88.0452
145.355
70.2558
254.738
36.1781
-169.961
213.289
-325.776
-40.1885
14.2468
69.399
-48.6725
-73.5058
88.229
-282.106
-131.36
147.384
-174.176
14.4297
16.7848
12.9875
-14.4101
-7.9657
46.0376
88.2974
-160.392
63.6818
6.85436
-95.3513
126.524
64.7294
16.1697
-19.4736
36.6155
328.674
34.2094
-92.618
-285.993
-267.892
-167.695
50.3627
149.026
71.4767
-239.668
-125.244
-17.1574
21.9574
91.4513
-28.6724
138.641
47.5428
-99.3957
130.45
9.15447
-86.0011
67.3441
-57.1838
54.4605
-165.165
58.0381
-76.5627
216.565
-154.355
7.14473
103.571
29.632
212.515
143.103
24.4277
-259.786
-141.165
-14.3002
58.9541
25.9704
-86.4761
-26.4423
-65.7331
-34.2828
99.2247
-25.407
-62.7007
68.7705
58.3285
116.928
177.61
65.9099
-45.5712
4.70582
96.0735
93.7026
45.9907
107.658
45.6806
-335.337
-11.8344
142.378
-42.8433
-106.075
38.9932
-13.9732
-0.463332
17.2986
-99.0243
-42.0271
-60.8822
-72.4019
38.2848
50.1788
126.061
290.705
-36.1261
91.3196
-103.911
55.0226
6.39567
252.199
159.727
-24.9668
59.7974
-15.0918
-132.415
107.955
198.724
-16.7482
94.8929
70.6
173.112
-29.4493
247.356
328.774
-18.1431
-226.483
66.1546
30.3653
16.29
54.7277
124.722
201.825
305.968
102.135
45.4569
-9.61043
98.9179
351.507
-118.269
301.644
32.2242
57.3914
189.433
100.046
-65.1448
81.3872
86.144
135.876
127.626
-69.125
9.45811
-323.315
-62.4303
-235.118
-158.65
283.272
55.4111
73.7375
15.0226
74.2426
174.506
9.13432
139.168
35.8289
77.0854
112.415
-43.1757
-101.158
28.4374
181.049
31.8054
82.6363
-59.7578
34.459
206.799
231.883
101.141
39.0425
-4.76158
17.3439
67.2889
29.9405
82.6515
159.171
-13.1169
-45.3222
80.4366
21.7072
185.766
75.6792
-124.625
-27.14
44.3846
8.92587
-14.698
-35.5823
-101.47
20.1748
-31.1743
-8.4009
-34.4764
333.586
-335.945
91.8142
146.943
159.053
280.463
20.0944
-126.606
4.11399
66.7473
29.0899
50.6572
205.801
-5.25498
105.357
143.477
-83.0669
39.8306
-98.6327
34.1147
18.2507
4.60035
-101.375
120.787
89.0353
22.2211
-27.4873
76.9199
-94.6176
-58.7902
117.006
20.7325
-109.521
-49.0258
-89.5234
-13.0314
67.0667
94.3332
76.0758
129.335
-178.601
-19.9215
137.705
-53.0342
179.331
-48.3662
57.2374
64.2237
51.6408
-43.1942
23.1904
183.928
-113.336
-119.943
82.1498
318.432
193.733
33.0977
-4.101
119.662
-88.6598
4.17527
43.3885
-180.009
55.1905
-17.9438
-36.5144
154.661
100.105
46.3572
30.2963
99.1834
31.7849
2.98945
129.246
-149.238
6.37477
-129.742
-74.4792
-24.2373
128.383
-48.016
-33.2154
130.46
89.3174
-93.9996
187.642
35.408
149.866
-93.7937
-137.918
164.435
-90.6794
-212.42
13.8028
-15.0092
85.2356
43.8435
-294.916
-131.99
-26.8035
9.90205
352.199
-24.8858
141.948
352.227
21.2132
-284.927
-25.8771
137.952
-229.405
222.449
27.6413
46.371
20.5722
-18.4214
61.6016
107.14
225.436
-29.8847
62.1659
18.533
160.346
18.6735
204.631
-24.9202
-31.8132
177.822
-59.8017
2.52249
13.0075
34.7743
-97.967
-75.5675
-72.7476
15.6056
-117.629
64.4458
-217.027
8.97559
25.1258
176.929
-92.0526
-25.4828
87.5887
-119.873
-14.2164
74.6436
-46.1735
276.39
-9.96447
18.3074
77.9388
-70.8524
52.4814
-344.696
-49.8113
90.6317
87.2896
34.4228
-29.3841
28.2508
-91.8365
150.378
-39.5134
16.6101
114.011
260.901
93.1362
-52.3181
120.003
224.685
76.1268
-128.951
-148.706
202.192
143.165
30.1382
-73.0662
185.765
-180.363
13.8184
40.7055
46.119
-242.283
12.3542
40.1754
-46.6632
341.258
18.3183
-125.611
-58.302
-269.365
-50.664
-65.4342
80.5198
-26.7066
-197.432
65.1271
-30.4533
36.3366
-10.789
-8.56131
116.353
19.3224
97.0474
104.442
261.875
-109.964
-29.1143
-8.91081
-13.1821
-120.912
112.339
84.7325
-9.54854
-170.495
126.595
-135.184
20.0863
5.38983
39.3845
61.8366
-81.574
-51.8479
107.923
40.2092
190.772
73.0582
27.9261
-16.1951
50.739
-254.469
134.288
79.5533
-18.8366
83.9352
13.7257
11.781
-43.8717
112.348
72.3878
183.645
193.813
98.8868
149.036
179.257
-74.0559
55.8758
25.0681
-52.3272
15.1349
95.0857
230.085
0.227933
-83.5457
-343.764
-17.7453
61.3105
10.8998
37.2037
304.454
-105.731
108.096
-55.6088
-109.918
-26.9942
175.175
26.1787
252.647
-17.0372
-337.863
238.945
-34.3579
139.211
-183.906
-32.7927
246.382
19.629
-123.58
-64.2121
49.716
-352.366
40.0711
125.508
-56.2097
-33.1841
7.84709
30.2364
-145.061
86.495
38.8001
103.801
-37.864
154.441
-12.8386
12.9811
111.086
13.3897
103.099
47.4174
-132.605
43.1829
75.7221
-19.9398
-60.6444
-49.3672
57.7118
-48.7816
84.2553
9.64373
-55.1597
-248.204
-159.362
-32.7293
-52.7678
304.921
-52.6
-197.706
41.2235
-42.1429
18.0333
-43.3642
125.594
-85.391
-69.2108
-95.5546
-32.234
115.429
5.41795
22.1099
-183.93
30.5679
-33.7864
161.934
-330.218
-69.7948
14.609
46.5973
203.496
-7.69559
20.3716
63.4762
216.2
-51.5462
36.106
126.994
82.3409
14.1757
-8.10018
-126.395
36.7942
-50.1129
52.5833
193.341
315.295
-269.909
-172.31
-219.659
-91.8934
-3.15217
-75.8017
179.86
20.3048
-100.919
-118.351
49.2067
-43.5204
-47.68
-80.6425
-13.4245
-184.679
25.8674
99.3875
271.887
-17.9039
-162.156
79.8375
231.335
35.3095
50.4952
75.8049
-250.418
-223.265
-108.923
-16.1596
-103.457
21.1321
-239.564
-30.36
19.8408
63.0931
-6.79016
-98.8045
-126.296
-22.8299
-262.044
44.455
-17.7292
21.379
-47.695
171.024
49.2969
58.249
277.025
-114.987
9.21124
14.5196
-91.8057
-38.7135
20.4353
-17.4122
134.207
182.616
26.2946
83.3154
224.928
-34.0266
84.7406
-230.39
-67.4481
132.513
-62.8228
-41.2123
103.176
-179.196
-41.2732
-121.336
4.69416
0.891117
-11.2075
-79.7244
77.5891
-96.078
11.1565
-57.2301
264.625
133.713
-28.6121
239.468
83.4543
13.6878
69.2521
48.731
239.271
38.6292
39.8788
-148.094
74.6992
-90.5529
211.815
134.294
36.3858
-57.7375
153.176
114.562
15.2525
-39.0603
12.619
62.0596
-32.6101
99.4805
57.7166
64.9338
-86.7312
24.1315
-80.4124
-203.525
-127.658
-253.919
40.9058
152.18
237.959
50.0775
46.804
161.82
21.0397
-323.162
28.7712
84.3431
134.461
27.3907
10.6605
143.066
48.6449
-47.8202
-117.637
166.664
91.9626
-31.3355
17.0634
5.50357
-42.2935
-30.2549
12.6161
49.37
-131.926
-149.014
-46.6128
-98.5438
309.108
27.4587
-303.48
87.5171
118.402
-93.0955
8.81929
52.6156
29.1878
26.0241
-15.8124
338.712
351.362
106.733
9.19916
-12.7006
-5.6714
-10.8987
125.161
-115.055
54.4757
43.756
-30.0811
-35.1262
263.77
-50.0412
-117.712
143.351
8.6359
-48.1602
53.6174
-84.1329
193.724
72.5695
-9.29366
172.792
19.0254
-14.7655
-221.02
7.63885
120.605
57.6305
21.123
38.0138
-22.5706
29.5286
41.713
64.6324
-91.6578
10.4128
-72.6812
-345.685
43.3024
-199.932
41.9171
56.5171
-23.0501
54.4763
237.644
24.9321
22.4533
133.509
-9.99699
-161.305
40.8224
94.4888
37.2143
33.3545
5.28472
-226.424
80.9678
-100.992
5.60732
107.41
134.999
-18.3773
-134.633
14.1932
246.714
83.661
78.5054
22.4348
35.9317
269.054
50.1414
-23.8659
37.5436
117.618
35.4912
151.137
-236.51
47.8493
26.9722
42.6001
11.1477
241.609
5.91877
24.0177
19.5171
6.38468
63.0661
6.94347
-5.59724
-29.5444
-336.517
-337.295
117.606
221.25
93.1012
-87.9803
57.9651
51.0112
10.8299
-58.1873
-164.302
-162.849
13.1235
-37.2005
120.782
-39.6037
75.6424
-122.791
99.5934
-31.6695
79.2712
94.7795
-200.191
-41.1143
97.5613
-90.8493
69.8489
225.731
352.364
87.3247
37.9322
-107.871
11.9702
-86.9047
-53.0609
-24.2963
193.996
159.055
51.1047
141.356
25.219
29.5536
-6.40816
185.518
51.8282
-65.4315
-165.078
23.5956
315.481
-13.5042
-79.8286
78.6716
64.4675
10.6161
35.4883
-49.7542
20.1389
55.1607
98.4584
31.2501
238.049
12.7259
-9.72555
-133.708
25.9391
7.20308
-71.1572
30.8076
90.6741
49.0687
291.473
76.9555
10.61
50.2253
11.3292
225.403
1.56884
144.508
-17.3476
-234.931
117.855
17.3892
67.5721
6.58369
170.632
88.3506
113.979
334.112
-170.962
86.5885
63.5368
-153.356
19.9098
17.0073
-22.7561
114.056
28.097
96.857
-19.457
31.6122
138.826
11.89
27.2137
-26.6569
193.618
16.2752
-118.99
-143.309
30.636
81.5118
-149.551
21.2532
37.4156
-214.126
26.4711
-108.833
60.3076
115.059
-62.9402
-120.463
38.9145
-13.0558
29.2883
39.5953
10.2219
6.69017
44.163
-38.0589
61.6027
-8.06238
-22.9968
69.0829
-280.277
179.287
277.014
-33.5051
34.6266
171.574
83.6318
-10.7376
129.567
-141.714
52.1433
25.1612
63.1269
-77.6054
86.2449
72.8495
128.202
-42.6321
11.2837
-11.3703
-50.625
-48.973
-119.042
96.3243
-33.4658
-94.5121
66.2609
-36.2842
176.115
114.959
-146.486
-107.184
219.057
-105.373
302.317
5.56993
52.0574
103.963
-33.038
50.4656
-88.2019
-289.464
137.985
-169.528
51.3222
-198.954
-56.3285
243.468
-87.2277
46.2712
113.47
32.59
-92.6255
50.9395
57.0513
34.2128
336.989
118.038
114.648
30.4002
120.095
126.268
63.9367
-83.2467
-21.4029
61.9205
49.5512
-74.298
207.579
138.789
162.716
89.7816
21.1171
30.6537
31.0864
-5.06182
262.239
-66.8339
41.491
96.421
307.785
-30.6538
60.2312
-7.79962
-205.57
27.512
-9.68481
31.6948
22.6977
61.4627
-267.554
-48.855
77.4728
63.3982
61.2326
49.3677
70.6975
-182.366
130.855
90.4219
22.1338
-101.854
124.927
-46.5918
2.5335
89.4237
-113.322
101.753
-61.3986
-142.978
43.7295
38.5068
-38.0048
-16.5986
24.6204
129.866
72.4421
-165.815
48.5809
-31.8831
6.9175
15.6477
12.1465
157.235
36.4572
37.9148
-226.378
-252.932
-22.9267
4.97214
-11.3424
-71.3363
-61.1963
13.5253
-306.116
-15.3895
6.20545
54.9713
-45.1306
340.723
39.9686
-40.1709
36.6759
-115.656
92.6436
-156.482
47.0202
61.2198
-133.74
66.4181
135.414
140.552
-16.8062
284.67
-108.753
-56.5128
161.279
47.6571
77.5505
-22.579
54.1556
258.605
-20.4433
76.2108
-88.5327
-41.8349
39.1253
19.6058
35.6433
-62.1744
122.457
38.9771
-37.2186
22.5918
54.1595
-80.1286
-105.019
21.3624
-116.258
-7.91012
310.925
-34.4397
90.1458
7.83868
-146.646
-122.451
27.1312
-8.53144
61.2212
12.6962
45.6152
338.878
-30.4473
-23.8539
103.229
10.9225
-50.649
-50.0871
-24.7604
-34.0135
-8.46592
-78.1944
116.463
-120.33
28.2272
17.561
-26.5439
-7.8482
40.0784
11.6269
-24.6632
250.662
113.179
211.213
23.9826
59.1883
36.1763
52.1898
-62.0793
23.7892
35.4032
25.2573
-163.941
-49.2005
-351.073
103.097
-46.8178
-3.65913
-112.651
-180.147
44.1215
-42.7867
-145.259
-293.671
44.0243
-84.8778
-118.804
-26.583
-45.9397
-41.1683
-108.959
-45.7229
87.2132
-8.80007
-131.246
57.7461
-21.1576
139.95
5.71583
-24.1131
69.0897
-43.5845
77.2596
32.8581
97.423
41.8741
54.0972
38.969
67.2025
-32.2369
-145.148
-103.422
-53.7015
-351.235
21.0529
201.384
9.10358
197.91
31.8909
70.4265
84.1907
-332.156
-76.8261
10.9384
-112.306
18.462
14.0062
102.09
49.0517
4.59715
-76.8101
122.628
100.716
-168.73
12.1638
42.3143
13.0986
-44.8102
-30.8677
-105.198
-14.9651
23.88
24.4448
-11.257
65.5151
68.3411
165.791
117.965
147.218
103.112
9.36553
-95.4489
-166.372
62.4212
72.481
-198.293
-4.89625
159.482
-35.3979
289.5
-15.9312
-112.141
-63.0072
85.0332
53.6692
-279.09
-140.096
30.5973
55.4917
-17.3605
-9.53333
-43.2187
264.219
31.6001
81.5839
130.34
12.5349
77.0761
-32.9968
-86.4839
56.0292
272.209
39.7308
-118.664
248.178
-31.8841
217.126
-19.2358
-89.0603
95.3661
-16.8048
-46.1549
-74.2645
-71.5977
352.929
-42.9292
-52.3025
98.7403
7.56292
-37.2593
-10.6804
21.5292
278.377
284.577
13.2012
37.5109
-59.0938
81.1228
57.3096
268.735
-26.9061
20.5011
-83.5748
116.249
-87.4593
13.4078
-39.3256
313.027
11.2705
21.8347
95.55
-16.0498
-28.9433
81.414
51.7327
27.2922
-86.2574
70.265
130.875
64.3122
-82.7502
45.4744
158.385
-350.602
54.2474
-64.9136
-66.0374
117.807
164.975
24.333
247.336
-61.7519
26.8774
96.695
-12.589
28.6807
99.9501
37.268
51.212
93.8052
-91.692
-158.194
65.2445
-161.915
-203.707
-34.4947
18.2672
-107.805
-38.3698
19.0555
-146.217
7.76798
156.094
144.369
68.4635
-103.982
-96.4658
2.99152
71.3048
-97.741
46.6792
-147.254
-129.084
162.213
120.356
-32.8173
316.86
-86.2467
22.7463
6.69374
85.5117
16.2182
56.6341
271.429
-184.107
-8.66685
46.171
208.883
-265.288
42.8223
-270.165
20.9751
-81.1858
132.404
94.6127
-144.727
66.6721
33.1678
13.8085
6.62816
352.056
-143.247
65.6904
64.4442
-146.956
100.746
154.313
16.3844
-25.3128
-10.0279
8.12707
36.9491
-272.891
55.9784
-44.5965
-35.1064
-18.3273
41.5612
25.5003
38.6264
-91.3303
-82.3515
41.8815
74.7455
115.008
-110.779
-34.5348
-123.3
-11.0813
11.5226
116.967
-46.2141
61.4285
-14.664
142.624
-53.0444
-14.426
-99.3831
86.1191
-51.9645
256.486
167.155
339.571
-10.4772
24.8701
6.79648
142.082
17.5698
46.9701
20.5647
-79.4054
61.1852
86.86
-32.0299
-153.356
247.024
145.314
-125.249
10.0428
-11.5403
27.925
-87.6497
-141.682
93.0723
47.1016
39.7907
-107.247
-22.8157
26.0225
12.2588
197.615
320.06
87.0894
-56.6802
14.5691
-111.591
-51.8635
51.285
-30.9936
-53.9731
54.2385
22.7221
202.822
-40.2792
-147.88
-154.218
315.882
165.804
43.8068
-26.2143
200.901
-210.482
15.992
-79.614
101.195
-124.551
-125.934
-20.2548
-5.11843
21.1322
15.4452
223.654
23.0342
-174.233
-78.897
311.573
-21.1673
-57.3635
70.2536
-56.0942
41.4348
-198.629
-28.1798
170.314
96.9482
-124.151
-41.2332
-191.25
-65.9859
-92.5439
-53.1978
22.884
71.4564
216.654
44.5196
-52.1147
-112.566
173.323
-61.6808
74.0243
124.085
-162.672
-208.543
-103.812
18.4768
-114.248
-128.061
-73.5498
-100.203
-68.867
82.4323
-175.395
21.9707
40.6342
-27.1431
168.996
-14.4013
-63.2442
11.2612
102.586
184.62
333.161
10.3223
-3.05168
190.431
38.5891
42.5628
-139.929
-31.0078
153.673
30.2718
-11.9017
14.0857
174.544
-221.421
46.0649
-56.078
180.157
178.723
-106.747
-71.2995
-239.627
-220.494
67.0329
68.1738
150.15
-176.533
105.575
40.8261
-332.969
-9.98592
-100.485
-128.213
146.654
-36.1121
-182.28
-99.6842
25.0793
-105.753
89.6043
33.414
-351.812
71.9152
-33.1428
20.4744
-341.174
44.1477
30.4723
-107.268
134.777
15.7659
36.9235
-19.3712
-78.3166
54.4523
32.0924
-161.08
194.96
57.3738
-207.683
89.3322
30.9023
4.86446
45.5254
29.3162
-107.229
150.842
-55.4834
-121.329
31.6676
20.8856
3.80366
-67.8712
-5.73941
10.8704
-53.8948
22.874
-12.6794
143.51
-109.472
53.1323
55.6544
-88.079
35.8265
-31.4291
20.1125
-12.6592
-196.719
6.89366
-1.681
192.031
-32.0446
-285.456
150.046
335.018
271.988
16.9814
33.864
19.6101
230.712
-75.9021
341.441
37.7418
76.4152
-33.1437
118.073
-86.8701
-165.218
-42.3654
-82.4601
47.4549
77.8149
-208.969
55.2876
161.632
-36.5948
8.81748
240.84
18.2091
-34.5201
-197.243
-36.9982
217.088
-63.7431
25.2131
45.0527
287.019
-100.315
292.483
-15.3057
128.572
16.0798
-67.6322
20.5917
68.1449
-75.3361
38.1548
159.933
-39.0497
-13.1891
-325.575
-155.826
16.6367
129.854
-10.1572
80.2657
170.217
175.979
-87.5686
130.07
192.879
111.078
54.8192
79.6443
-37.7269
-155.669
-51.685
66.8605
98.5753
-109.065
52.6651
171.464
-124.067
90.9862
127.437
-214.799
157.93
-61.3488
25.7895
129.127
-49.2642
102.135
18.6663
-182.289
183.782
-203.359
152.017
-11.6026
52.3457
15.2109
73.9784
159.482
15.755
28.7827
-118.523
-39.4085
106.853
-125.323
-88.6466
57.2785
9.36421
-13.2959
18.951
-19.4151
-53.5834
-40.363
26.5033
78.7367
12.8175
35.0687
282.706
148.334
160.999
-73.4357
5.05534
13.2269
-20.0193
8.5537
-123.05
25.9385
18.7321
27.7253
11.8681
40.0027
32.9687
126.619
26.3696
91.1728
32.7547
175.26
-17.5021
56.1212
58.7871
39.6166
-4.27971
-34.6828
-47.1935
219.68
-151.267
-61.6858
45.1763
160.453
94.3661
92.9476
-48.234
-84.4224
351.243
164.385
27.0888
5.63568
-35.5211
-46.2008
113.216
54.8409
-74.4414
251.032
-51.4388
-54.4618
33.4374
37.8008
48.4959
105.812
33.9519
20.5912
-205.563
-10.8795
129.27
84.9574
-96.6336
27.9255
221.505
65.4825
-341.737
-25.5177
-92.4915
-112.971
43.4911
120.692
115.705
-76.2671
-144.187
219.811
-51.7978
-33.6991
113.201
-77.3085
-87.718
7.79055
148.403
326.511
24.3221
-16.0171
-287.197
275.783
57.3318
-145.74
-24.4052
-187.127
53.5306
-106.005
102.98
-145.748
67.3527
46.776
-165.135
63.3246
173.152
13.3588
-101.713
-105.219
21.8188
40.3799
18.3274
244.511
170.167
-97.2867
43.772
7.40874
30.0233
30.6213
23.5167
152.461
316.062
209.684
-27.6718
129.434
67.6254
