285.708
174.521
172.925
269.771
427.598
378.122
323.314
76.6226
123.545
399.354
368.001
132.705
381.45
284.682
320.493
326.033
333.625
316.037
304.072
65.4465
304.791
278.836
245.043
93.4038
293.225
421.049
129.183
241.364
363.042
339.258
180.163
120.479
289.445
334.136
103.387
123.186
281.414
195.491
425.015
380.449
294.544
406.768
432.236
382.222
269.987
386.715
287.374
248.769
288.174
321.824
386.067
352.897
267.859
100.762
354.394
334.729
154.911
219.375
116.961
405.334
41.4415
248.912
305.078
201.298
286.645
395.656
243.258
412.541
118.649
373.84
387.074
142.624
182.45
267.745
193.173
285.233
232.929
266.97
184.684
280.816
399.781
391.865
392.299
277.473
346.489
60.8434
159.266
234.623
318.019
249.35
253.399
80.9071
184.767
361.691
202.881
382.285
89.3459
62.997
313.65
294.134
264.526
147.118
271.129
234.052
232.352
309.176
289.836
284.955
347.167
432.872
369.702
419.813
407.619
195.909
239.948
383.765
374.271
108.091
388.673
370.137
405.754
217.398
239.436
266.815
424.935
381.232
234.867
432.473
406.219
165.205
284.795
376.635
286.566
334.582
192.915
383.301
44.7752
295.213
268.17
259.344
337.262
280.237
277.103
269.897
423.464
367.691
195.291
371.707
357.707
48.6214
388.536
262.704
434.599
400.518
362.782
432.958
262.124
382.286
86.9277
350.485
360.491
266.345
224.498
148.527
137.307
348.14
336.378
152.405
408.795
286.359
255.501
412.044
338.445
278.882
297.804
358.487
383.685
114.392
259.921
169.308
262.093
296.844
171.073
176.652
131.208
223.947
257.632
114.972
257.922
279.712
371.977
332.455
281.983
145.364
286.656
206.719
238.436
234.849
358.958
251.954
294.995
82.8946
256.149
295.579
304.381
370.118
196.374
404.557
237.287
430.384
371.583
257.26
162.268
105.521
286.388
309.68
141.252
341.098
425.731
317.897
336.292
373.642
106.243
52.5181
323.399
239.271
69.6456
405.135
262.634
289.385
206.243
287.184
402.354
229.619
268.955
346.869
424.245
359.852
199.706
153.836
382.87
135.064
297.243
365.46
338.962
398.911
220.032
276.22
207.992
368.428
423.51
276.428
93.2811
119.082
310.556
122.826
62.3843
385.395
243.056
238.999
186.548
424.479
357.455
335.598
424.299
55.7473
264.103
248.158
429.315
155.874
340.916
410.328
260.358
98.8946
276.261
108.934
116.023
296.403
276.225
259.015
257.433
232.493
174.271
75.2286
324.371
358.729
166.687
299.493
301.311
321.353
403.424
163.182
351.278
352.494
285.913
425.822
56.8308
201.711
222.15
326.451
268.895
181.698
378.675
342.3
249.253
336.231
367.489
282.056
257.088
330.399
392.388
339.403
150.377
266.856
76.228
127.293
314.385
388.559
336.817
178.455
136.568
253.208
242.825
433.468
350.825
316.757
36.1635
143.489
149.289
322.337
97.9017
290.217
348.427
377.597
398.389
369.652
358.684
270.953
258.275
382.179
381.845
264.386
85.9128
166.06
300.671
415.777
340.111
89.0574
184.256
407.429
426.203
344.837
47.3282
313.458
326.781
382.13
388.341
356.168
252.354
241.644
192.982
297.113
319.866
411.726
288.665
254.677
286.788
240.106
337.579
85.6686
371.627
158.291
71.2212
165.409
349.272
174.473
235.193
294.963
358.793
302.417
400.707
429.55
402.323
403.795
400.188
325.279
253.966
297.225
369.274
401.931
336.137
217.894
131.517
128.037
367.809
32.7625
319.629
316.612
90.0954
329.119
324.365
347.93
295.415
233.436
431.725
152.86
398.345
56.9523
289.432
420.26
278.129
280.382
316.927
351.765
329.838
57.4264
30.1384
416.929
162.792
335.743
64.2916
199.364
404.8
302.17
278.689
253.577
166.264
173.719
308.375
323.635
88.9343
43.1055
225.668
262.005
205.058
185.392
286.318
312.067
430.957
321.729
241.285
54.1959
328.643
318.365
165.422
114.162
234.316
165.265
160.566
258.756
60.6361
226.712
167.173
238.115
223.584
119.745
301.509
157.797
308.89
370.787
299.359
306.936
357.248
250.2
365.066
298.024
362.448
287.618
273.542
386.86
322.246
216.277
180.986
408.074
256.836
108.758
310.668
262.379
258.488
369.157
424.474
373.561
245.999
387.929
398.322
403.151
37.532
351.454
300.687
359.101
373.196
108.787
87.2788
229.799
425.952
362.912
302.188
235.057
434.357
82.7345
155.761
123.985
148.464
305.687
148.623
311.996
256.888
192.138
395.103
285.921
323.385
410.677
392.615
263.38
429.733
148.202
334.641
306.386
339.515
116.334
233.31
267.189
330.019
299.113
121.431
305.233
317.443
229.594
152.466
417.972
324.934
304.375
362.089
302.419
320.767
374.736
275.599
337.272
383.583
382.769
399.387
384.008
277.769
326.323
415.154
319.022
210.791
315.004
129.327
264.764
352.99
125.611
178.424
334.425
334.5
315.099
211.713
432.743
423.94
400.642
313.73
113.633
396.955
279.044
350.079
123.301
123.023
354.589
219.402
367.319
169.641
276.266
358.39
204.094
80.9284
135.68
275.98
391.849
426.286
356.119
333.878
341.007
246.107
115.826
212.695
110.378
357.358
270.184
229.878
54.0701
407.092
375.373
349.498
139.873
107.84
111.494
115.087
263.165
244.019
374.595
273.26
287.528
154.123
370.61
257.774
99.2061
180.315
275.671
50.9925
139.276
405.813
350.836
329.072
402.993
331.642
285.681
339.385
198.117
308.594
259.233
331.727
295.886
267.026
347.919
227.26
388.469
244.983
405.786
413.416
289.918
388.916
238.231
404.078
301.011
125.056
147.09
288.905
252.754
369.397
277.26
90.4448
103.823
288.428
370.684
142.312
270.917
39.2644
345.934
372.749
75.8032
216.974
363.316
185.151
199.949
334.279
368.705
84.4523
107.254
326.5
110.748
305.489
361.771
147.516
307.415
335.86
293.189
326.012
267.653
421.626
171.683
304.778
287.897
405.82
226.814
284.389
77.2544
271.165
214.403
389.689
293.563
398.639
401.36
307.652
338.201
289.955
241.005
107.348
65.4583
195.507
184.141
86.8966
316.908
138.215
151.236
123.634
34.1287
112.098
193.78
307.716
199.242
340.082
399.158
281.506
203.379
169.288
167.873
260.716
432.217
328.632
278.594
380.685
430.711
299.356
340.118
300.712
181.474
363.949
168.054
405.855
394.416
419.531
402.245
362.054
286.781
127.359
198.799
398.586
159.154
314.212
327.892
341.773
354.755
282.243
54.0182
228.191
185.341
353.13
395.765
81.5174
340.607
100.156
262.443
87.8918
104.378
308.881
414.553
376.114
290.066
87.1454
41.0995
298.675
98.0723
339.285
288.744
414.713
121.349
299.651
382.793
76.8472
228.56
409.105
364.42
340.788
362.058
41.679
178.725
238.538
357.845
358.065
358.941
297.47
300.206
118.276
255.714
379.032
384.705
233.838
265.978
384.054
334.628
149.417
81.1296
98.3231
146.752
66.8857
355.857
287.744
82.1372
363.823
151.321
234.179
426.603
277.477
284.784
273.003
370.268
434.127
405.391
237.739
394.539
43.4596
388.559
38.2964
140.27
161.255
267.211
148.203
198.698
297.21
312.771
347.607
186.256
359.247
176.143
408.318
218.971
87.4814
250.095
82.8501
185.82
210.647
427.149
361.612
329.413
398.359
381.135
168.215
262.743
362.651
363.964
34.7894
328.871
247.867
214.319
356.077
240.257
196.263
324.482
253.642
118.494
298.888
432.694
98.9369
415.418
302.863
126.647
294.295
328.506
263.455
164.199
324.855
33.9694
287.711
194.213
207.283
150.014
392.13
234.951
403.405
268.531
278.904
372.724
220.751
408.757
321.207
312.428
232.516
383.757
345.694
246.965
121.431
102.876
370.943
363.676
141.484
321.307
421.992
297.84
266.881
251.417
172.433
399.698
154.996
214.736
384.155
362.183
405.193
98.7616
402.202
421.275
336.666
246.532
303.216
248.017
340.861
178.862
265.197
215.633
281.368
355.909
302.025
194.4
140.799
289.459
413.147
87.1049
364.739
49.8132
313.678
408.13
45.102
47.7119
368.466
54.4992
192.191
373.248
396.495
51.3133
102.114
188.119
97.9677
351.197
429.719
70.1257
78.512
339.894
337.018
232.934
292.919
71.54
372.214
67.6278
359.179
161.533
209.618
394.873
278.467
43.6878
378.117
249.314
389.129
304.286
335.996
354.959
279.358
400.986
332.667
241.22
426.458
325.727
312.65
240.627
270.4
315.321
210.047
186.933
262.732
401.968
327.512
137.383
263.168
417.551
341.186
172.853
292.875
408.059
314.219
205.791
408.603
316.03
416.707
292.1
425.967
110.712
323.883
368.433
410.826
335.213
330.639
243.899
391.352
375.681
284.639
267.834
351.955
381.389
34.1675
265.711
366.457
138.918
338.437
186.936
354.413
114.655
136.465
167.816
62.0769
57.2575
260.709
396.94
168.737
397.813
290.901
422.537
346.266
326.098
428.142
119.057
431.287
347.502
368.369
299.281
155.087
85.0879
167.821
402.619
291.031
392.289
402.227
359.47
415.037
375.508
100.629
287.496
253.904
398.252
363.446
387.383
163.249
246.107
78.6525
244.181
312.869
274.45
84.292
253.564
296.152
255.446
345.194
291.745
110.646
373.841
207.084
323.061
189.903
371.885
277.419
425.089
289.807
299.562
63.9895
98.5324
308.234
278.286
114.614
139.774
192.068
433.305
382.821
390.303
409.105
389.271
431.083
106.058
371.678
322.841
374.138
323.085
245.814
157.947
224.155
74.2382
385.516
239.193
322.81
212.837
279.649
264.668
56.3332
206.266
320.079
264.007
108.552
189.124
264.881
293.721
79.7429
355.258
50.9048
390.486
346.671
354.618
370.504
380.706
94.4425
257.162
84.6543
359.146
236.979
46.2846
341.647
420.847
98.841
349.668
374.795
397.406
297.048
186.673
342.381
360.024
326.413
297.637
355.875
256.201
144.081
401.347
275.275
301.307
114.58
318.27
100.792
164.573
418.767
370.88
389.059
319.247
408.904
146.568
381.426
405.59
190.355
386.109
88.9312
243.769
136.194
102.882
220.912
99.7483
404.217
229.745
342.637
274.036
417.853
416.236
414.887
140.815
222.956
407.787
263.67
267.847
232.333
341.204
341.395
422.892
350.799
177.11
40.4144
278.324
163.774
277.139
423.177
122.684
232.696
168.331
352.601
332.522
276.426
281.413
396.163
256.351
303.02
396.517
352.37
430.502
42.9034
100.528
319.444
350.708
238.748
306.762
255.378
353.527
257.609
430.781
324.712
400.776
113.189
184.451
148.462
306.687
33.2134
395.525
52.8658
347.18
407.279
248.84
251.681
182.953
168.582
371.613
239.479
390.435
43.8777
409.508
334.038
160.897
348.265
282.024
154.578
295.168
394.092
157.949
101.781
297.79
249.381
168.376
205.042
244.675
264.555
31.1184
232.43
116.252
235.677
344.794
245.503
261.638
119.78
168.147
189.854
153.095
164.129
52.5968
79.5547
279.036
375.344
292.448
393.229
103.461
81.5705
315.505
288.159
252.216
343.151
273.534
103.547
263.396
148.766
176.508
348.244
272.823
269.724
307.899
270.388
310.129
157.404
230.225
262.24
375.582
245.042
264.959
427.056
263.392
84.6176
382.987
236.734
394.969
181.97
166.354
257.856
241.561
342.259
337.299
248.428
328.544
47.5443
362.109
34.6912
142.575
243.991
357.435
281.084
232.572
314.148
290.811
142.309
412.31
256.62
301.76
96.6167
186.143
391.399
238.495
333.537
257.506
288.159
94.8154
232.375
399.217
360.088
399.089
319.183
191.755
364.256
178.341
133.179
258.912
369.312
302.514
174.531
271.159
269.643
314.991
350.325
352.018
404.897
432.774
335.532
64.6045
345.456
123.815
366.206
322.467
120.592
216.249
218.67
303.641
97.5436
163.769
327.116
227.668
275.637
157.434
164.776
239.554
169.072
105.629
389.143
425.193
244.191
233.013
295.798
297.418
321.694
194.892
363.697
237.802
207.144
155.31
305.88
332.22
34.1262
48.7642
132.497
361.218
419.155
405.803
376.316
50.3255
411.975
434.069
67.623
170.108
270.75
368.7
273.579
372.517
363.265
363.815
206.74
416.375
110.667
198.767
423.594
83.4247
119.695
342.968
349.307
236.105
301.935
180.167
414.873
428.431
411.761
217.801
365.625
262.712
268.843
408.263
266.158
102.449
68.777
237.007
359.483
207.624
392.199
184.236
362.026
144.302
128.311
312.09
52.104
239.165
303.93
289.898
255.883
282.77
341.436
218.357
99.7893
58.1499
315.993
258.337
61.4983
394.282
340.08
314.246
128.198
431.206
110.463
285.203
263.011
354.749
352.109
136.706
359.882
209.838
413.581
236.856
297.445
334.943
48.8179
251.323
356.064
133.465
54.1383
308.834
136.92
146.005
266.612
300.706
372.786
421.669
340.342
390.493
341.658
283.332
333.987
36.0547
59.8824
196.485
301.021
178.68
390.033
315.087
434.007
322.442
143.744
57.6378
248.193
432.327
320.278
373.836
134.713
171.869
307.567
185.665
254.645
194.218
205.6
383.237
154.061
404.525
251.975
265.485
403.813
126.793
319.931
365.924
357.34
408.072
312.138
277.937
397.471
234.003
67.8076
44.5888
126.092
121.373
339.115
230.506
353.006
301.171
317.854
332.64
418.673
73.5815
291.561
94.0919
64.3543
189.844
318.117
139.72
182.926
374.635
153.99
30.6
277.65
285.899
321.929
211.453
425.369
406.06
98.7938
330.512
236.666
126.52
46.5046
342.261
103.911
283.615
334.104
314.475
367.977
168.88
339.909
239.651
213.18
274.705
382.567
58.1708
415.329
266.993
403.419
223.837
433.478
392.409
403.677
281.737
391.25
377.212
317.587
35.3273
95.5297
241.673
234.829
384.028
358.773
425.722
247.436
93.9603
266.455
354.037
418.467
369.493
308.719
325.094
422.055
169.381
376.181
231.785
316.826
264.536
232.039
317.564
349.926
244.687
113.586
107.906
431.048
289.416
301.561
333.672
148.156
387.881
375.789
297.919
313.027
429.285
339.391
132.697
216.371
236.648
365.491
208.408
191.357
405.763
184.293
422.589
57.7953
222.375
260.866
273.802
348.309
348.571
173.646
414.937
65.4742
351.146
178.248
304.842
281.877
398.638
381.948
409.995
67.6261
147.235
261.758
373.355
330.745
430.054
325.86
335.994
72.884
268.952
434.099
203.755
377.887
286.977
35.6016
262.805
161.873
353.299
40.2717
331.424
314.777
55.5176
89.4763
43.6779
271.397
157.702
331.432
278.984
83.1926
353.54
77.6603
337.95
293.223
307.285
287.433
238.846
131.388
189.5
181.813
368.608
173.631
175.555
339.575
237.728
259.154
388.746
181.174
188.287
431.148
395.452
84.1161
316.713
356.687
130.674
140.183
291.951
142.302
407.811
320.149
372.955
192.201
299.141
315.779
162.169
195.518
157.026
392.657
68.744
344.201
232.996
207.778
73.2251
198.881
101.997
340.327
395.291
264.483
182.434
309.875
263.745
67.3351
234.029
233.985
286.155
368.669
42.3264
174.125
418.087
256.368
61.1361
427.812
321.584
288.762
361.976
193.192
274.964
153.211
422.586
143.091
287.52
325.535
180.211
243.455
257.092
405.971
106.139
317.788
259.092
404.721
240.642
35.2881
136.346
165.983
119.093
312.943
125.332
188.212
93.1096
99.9413
398.298
125.958
101.259
370.354
332.564
326.46
337.13
392.84
331.876
270.187
356.36
374.184
76.641
427.99
381.334
429.549
353.363
145.177
310.078
339.166
387.033
308.023
145.271
220.718
330.117
250.924
267.06
284.224
225.196
60.1966
216.954
147.935
420.24
395.232
383.391
425.768
60.329
391.959
398.758
174.879
381.605
318.044
230.068
331.845
401.498
342.447
82.6758
65.2483
331.614
330.033
214.498
190.828
385.251
75.9274
349.748
381.231
136.129
109.597
383.15
146.494
61.7263
400.606
406.466
67.8706
165.547
291.081
145.95
323.772
174.767
293.497
326.488
285.01
271.022
248.033
347.502
109.77
239.078
314.183
434.65
232.337
365.299
301.988
385.03
366.444
284.622
339.348
115.148
251.408
97.2113
337.652
423.205
205.083
50.6296
371
316.072
78.0396
193.142
367.909
218.825
62.6546
434.494
392.914
49.9654
228.326
123.25
384.512
282.037
351.933
255.072
381.241
245.633
407.844
297.42
265.589
202.954
103.928
313.206
160.773
422.015
275.271
409.947
260.237
162.214
299.977
416.588
250.398
311.791
355.776
88.1571
120.055
300.332
312.892
278.895
242.775
256.227
65.4947
338.757
418.104
295.73
313.476
226.674
192.668
337.732
375.437
263.579
334.068
333.753
423.693
240.33
233.867
385.49
253.118
223.339
257.869
422.061
170.114
348.752
287.386
407.175
67.5591
376.298
215.122
299.638
316.623
139.32
344.832
292.303
402.221
360.174
96.9852
282.681
183.931
322.494
337.769
414.679
402.39
434.698
419.915
175.006
362.238
243.838
204.328
296.494
255.377
275.361
321.019
275.872
376.673
181.686
298.762
85.7484
376.735
340.61
335.188
210.955
434.14
306.926
269.752
362.731
195.041
360.445
232.785
98.5523
414.513
377.183
106.737
107.686
259.817
284.833
282.2
340.273
276.849
350.237
342.434
271.387
387.872
213.723
174.621
38.7045
248.619
344.235
276.303
340.109
391.228
190.47
400.007
93.2567
331.987
289.902
251.035
425.715
324.401
64.3626
302.411
279.743
391.5
341.147
307.203
410.892
134.664
79.0384
242.281
332.131
318.226
374.524
364.693
302.935
355.842
176.217
380.118
124.818
346.763
103.254
407.373
296.336
414.686
289.219
226.03
294.373
193.148
264.594
220.192
386.532
199.255
268.948
366.535
430.717
83.9977
320.181
199.91
342.778
172.045
391.227
432.851
128.178
57.4288
45.812
349.635
308.007
410.063
320.916
292.599
298.521
389.454
244.853
360.725
305.41
300.259
318.675
84.437
385.881
76.4382
322.579
245.938
87.8593
313.791
283.142
257.354
166.225
345.644
301.463
142.917
106.256
134.162
285.35
124.666
371.682
344.845
366.717
360.757
127.432
352.615
343.45
234.419
114.055
303.15
289.575
209.78
370.922
422.781
344.127
117.466
165.065
297.238
263.025
309.605
306.289
179.901
165.414
431.111
185.245
192.04
340.682
306.184
348.051
114.525
375.194
383.427
56.6813
234.003
388.106
248.27
325.426
382.829
365.845
401.807
423.283
78.8983
374.979
113.586
171.999
155.427
56.0285
416.985
119.996
205.957
115.449
355.847
250.927
289.498
73.1545
325.017
354.488
352.147
190.411
246.293
234.876
258.48
136.415
166.733
393.03
337.491
367.175
296.065
354.254
266.645
175.036
367.826
311.637
430.304
412.078
270.982
265.717
239.212
304.881
87.8902
284.485
431.138
346.812
332.235
320.715
301.715
380.021
246.813
379.888
364.262
188.189
417.33
396.086
250.78
366.846
365.76
74.1121
216.039
341.023
69.2422
174.277
121.947
278.693
428.64
88.1583
148.73
229.339
408.844
356.359
121.573
80.9554
262.234
49.469
278.885
400.148
171.781
62.4894
169.924
416.57
378.69
194.564
219.986
290.218
366.162
323.267
288.055
247.316
262.38
395.188
308.393
388.886
284.507
284.087
277.197
306.703
125.088
381.251
240.697
279.776
266.884
283.703
294.095
314.057
375.568
334.774
398.066
264.529
368.99
407.518
220.897
91.1729
131.806
382.469
36.8675
127.561
427.509
288.42
339.137
358.73
260.055
264.902
299.593
232.919
116.124
323.469
244.578
361.995
283.069
279.284
318.828
424.147
276.014
213.271
336.185
269.038
217.292
179.601
248.794
136.339
372.057
118.737
156.708
340.74
358.322
133.496
359.177
127.828
368.258
33.0946
333.576
236.136
274.671
360.185
315.213
188.757
408.187
384.016
217.772
383.917
321.122
313.077
297.903
266.499
281.315
305.386
427.023
282.687
322.896
62.3872
363.597
428.41
43.3721
363.275
336.599
49.9348
328.792
307.266
306.307
269.421
177.395
110.868
339.472
203.979
153.828
115.361
367.807
265.589
273.628
87.5043
148.831
430.521
357.161
398.368
207.985
346.045
237.487
425.409
57.8742
372.978
387.751
228.812
298.601
404.066
432.189
368.133
304.53
191.766
270.555
119.718
395.698
253.056
90.1561
411.189
285.436
245.813
47.6518
322.819
153.051
139.167
222.492
330.707
249.505
432.705
297.023
125.705
162.428
431.292
217.802
204.877
115.942
77.8452
120.583
230.599
267.044
303.285
420.849
418.745
247.956
341.843
199.543
380.777
276.553
424.879
169.996
303.781
133.282
232.699
227.847
357.9
59.0896
130.213
348.885
418.857
318.02
277.707
408.545
306.63
372.345
310.466
311.718
365.851
230.016
396.235
99.48
430.294
389.368
361.214
199.502
307.798
308.062
177.762
273.206
391.577
150.491
79.3717
232.517
166.983
187.371
424.557
308.697
165.565
43.8835
369.472
208.887
336.36
414.164
191.397
255.499
283.528
311.989
269.718
128.306
164.512
410.376
122.68
147.006
138.567
168.592
364.129
252.843
65.4866
205.072
49.483
389.738
370.1
277.445
360.299
289.849
157.134
39.6877
196.783
269.968
273.73
79.9293
402.252
372.899
356.149
346.421
428.813
350.724
57.5333
58.3968
301.928
413.474
189.738
311.62
165.863
318.174
167.765
166.713
119.911
208.836
317.752
361.545
307.659
296.815
205.673
419.808
297.665
330.721
394.373
340.842
433.775
303.353
253.378
394.913
330.149
159.873
141.469
338.88
369.254
178.588
319.493
73.1082
282.146
235.512
363.062
424.174
272.683
380.084
263.856
314.718
251.994
412.243
311.671
83.8208
81.6846
146.27
63.7307
52.7211
116.827
352.234
379.5
236.091
270.952
378.213
323.592
283.769
316.014
137.963
272.69
430.038
183.394
353.337
300.727
145.785
388.314
307.194
90.0951
61.5905
268.965
242.042
181.892
156.141
307.571
205.814
34.1621
381.794
334.462
227.899
388.527
360.133
177.756
252.138
81.2404
356.664
246.901
232.481
434.684
142.776
125.837
414.275
225.044
279.916
385.167
420.957
86.1209
252.412
323.016
221.636
416.603
142.076
43.2095
364.874
279.456
424.189
409.867
301.805
313.928
314.485
146.155
253.808
317.637
215.652
291.358
403.248
55.3442
415.283
218.578
259.845
415.678
369.744
245.912
314.755
312.189
290.696
291.397
256.962
370.34
323.599
226.425
340.082
214.182
125.221
233.87
362.322
229.857
56.1561
243.046
129.192
153.801
405.475
250.688
303.505
225.719
423.996
409.34
276.72
348.515
352.402
271.132
142.957
391.838
393.75
348.958
323.585
169.198
300.33
244.23
410.058
223.095
367.041
83.8863
51.6549
309.058
325.548
294.461
150.171
371.373
268.286
244.581
90.584
244.152
413.236
212.031
368.063
337.646
74.8349
192.55
374.242
247.471
293.744
163.81
429.606
274.595
367.807
370.137
108.805
302.692
76.1455
232.542
171.675
315.221
400.743
333.244
335.81
421.009
357.777
171.433
357.07
397.336
296.177
425.752
356.037
248.922
345.987
305.796
371.961
265.428
314.295
215.879
236.799
310.294
118.908
141.879
289.25
322.086
333.775
379.225
202.392
372.727
403.736
292.013
358.947
300.339
64.4358
203.9
243.3
251.21
166.819
254.273
300.955
87.4802
339.788
337.143
256.862
82.7538
121.519
161.759
267.241
296.361
199.331
122.427
330.942
206.575
347.794
335.554
82.1633
399.763
268.122
322.843
239.644
157.153
420.034
392.969
336.205
339.091
382.236
91.5541
408.908
266.845
318.233
249.387
338.906
147.175
377.083
77.7239
232.858
258.22
411.873
162.206
425.826
343.571
124.216
294.981
241.116
222.713
302.832
403.158
155.236
76.9948
312.291
320.183
314.196
215.725
320.607
223.781
250.676
249.825
375.278
367.796
418.31
253.197
217.331
108.826
238.067
38.9126
418.242
420.333
270.003
331.25
320.572
302.604
403.097
46.647
313.74
426.833
49.8729
431.947
280.248
167.205
71.3853
217.594
51.66
251.287
310.739
412.297
261.913
152.56
399.182
343.224
433.976
372.189
319.771
164.074
107.977
189.245
267.978
333.932
416.23
172.048
352.524
366.345
240.436
277.891
384.413
322.563
367.938
407.526
136.759
229.145
230.574
368.97
379.042
317.328
376.081
369.669
174.25
302.768
310.883
198.863
433.161
258.054
428.35
400.854
283.555
410.874
361.851
252.817
233.62
295.729
234.356
66.7902
385.335
284.531
388.839
359.728
98.3277
280.889
115.071
144.849
366.271
308.99
159.224
261.541
430.533
205.272
212.772
271.769
284.9
48.4507
57.7638
246.101
104.722
299.841
310.226
417.464
405.584
398.235
352.423
347.606
191.858
405.37
404.573
340.282
304.11
414.33
186.12
68.6018
363.841
191.672
371.136
325.46
256.535
288.987
424.963
295.855
356.126
92.2262
290.404
116.107
168.598
415.02
232.6
136.046
145.556
415.08
104.599
427.032
344.468
328.857
327.808
359.897
42.6005
188.328
360.181
260.732
396.098
366.154
375.374
233.227
189.831
378.505
305.646
416.2
210.273
232.25
420.886
64.5733
38.3839
319.987
337.966
210.687
381.048
251.68
342.134
310.968
431.196
177.485
108.449
371.479
343.599
249.612
401.18
265.47
346.673
423.748
52.5197
240.532
365.85
312.99
271.77
39.4546
286.303
401.423
314.556
425.309
294.107
318.982
229.889
181.267
401.196
390.617
314.424
424.498
301.863
248.186
204.261
278.663
183.498
409.222
314.882
394.559
96.1961
409.439
294.79
385.741
254.027
311.092
259.732
267.817
375.178
249.804
229.931
418.461
294.443
279.12
340.582
184.426
246.205
156.321
309.18
265.092
323.372
186.072
418.34
405.823
239.062
292.558
223.48
214.347
232.839
309.786
385.114
258.927
78.3379
112.877
213.617
279.371
87.5914
347.33
298.815
319.756
425.538
244.434
104.533
287.076
366.87
199.666
285.251
262.733
404.651
407.278
43.1141
325.52
377.579
256.5
244.598
313.029
119.402
322.246
275.524
334.511
289.009
45.4466
240.393
172.848
314.876
389.391
368.782
44.6258
325.588
130.367
141.546
60.0956
369.141
283.697
387.791
423.296
275.22
326.821
281.588
269.079
356.936
255.922
148.983
95.9483
155.443
244.572
405.553
299.065
431.568
198.265
389.854
328.913
99.7962
400.037
294.587
314.076
314.153
317.218
249.01
345.061
232.876
315.272
328.311
166.389
286.194
133.842
309.77
341.804
105.433
282.107
125.613
152.885
333.484
333.199
209.479
414.977
284.25
77.3907
219.085
364.476
187.653
310.982
390.755
203.236
317.768
268.612
314.291
347.046
155.955
401.235
274.883
294.069
261.647
358.28
53.13
296.437
281.275
266.992
336.11
305.244
330.55
411
238.302
339.593
220.878
201.87
121.132
301.166
279.813
360.904
272.291
115.567
253.9
226.647
294.076
382.127
283.568
245.273
350.46
232.125
224.919
271.691
347.094
311.477
179.274
359.933
333.894
376.568
367.9
363.302
105.386
358.063
405.147
289.475
215.301
39.1057
406.557
355.757
289.293
400.506
299.505
274.273
380.97
34.7082
425.476
180.349
395.243
322.855
196.806
367.62
299.951
425.851
333.776
349.763
377.154
214.335
109.14
49.3918
94.3505
417.215
300.089
358.386
381.761
410.874
404.126
420.771
259.529
216.251
403.351
156.43
258.159
355.146
150.073
238.272
68.021
394.471
146.273
120.589
150.826
48.7014
361.551
346.826
384.844
208.124
395.213
84.1547
361.339
416.253
324.316
153.895
432.174
216.029
259.367
381.022
335.386
157.882
275.47
238.794
70.7568
294.903
337.987
284.357
370.019
330.589
124.451
311.886
244.65
418.389
302.092
237.31
395.949
270.225
351.62
249.091
392.052
257.399
401.719
42.2279
331.769
250.576
344.259
49.596
381.3
142.62
397.662
429.483
388.22
229.939
339.61
265.747
248.434
100.396
401.582
189.968
409.412
348.739
115.042
328.98
334.841
270.333
315.387
185.206
31.0128
302.636
398.321
321.59
417.415
130.279
260.416
256.638
290.991
251.944
178.007
214.88
360.269
287.174
421.133
369.392
368.502
355.906
243.358
148.981
250.061
319.307
250.85
140.046
382.602
88.3786
257.523
387.61
373.584
355.67
47.579
162.585
394.876
366.51
104.6
296.347
268.342
212.002
197.131
282.281
175.112
306.991
336.868
180.587
251.63
179.66
285.318
331.481
198.657
252.102
179.863
225.531
242.759
284.336
242.191
228.752
130.148
283.894
368.705
111.792
353.809
160.565
378.463
177.597
208.563
284.899
290.855
273.612
344.522
209.212
69.6833
58.3495
324.512
262.597
361.343
261.435
373.791
325.512
220.076
65.7047
72.1852
342.145
261.967
180.334
288.064
244.977
389.564
312.007
430.187
353.992
40.5625
367.694
48.873
260.934
380.328
371.206
347.942
363.698
360.864
267.639
340.687
419.897
256.237
216.266
235.591
269.04
132.415
188.081
363.343
216.678
333.722
406.883
424.677
383.957
265.791
422.339
383.345
340.584
318.193
428.382
357.977
208.752
201.902
204.829
307.269
40.8606
272.916
44.2906
277.539
336.41
88.9435
197.136
97.0261
284.102
249.128
309.451
104.949
310.574
284.961
252.111
268.887
318.489
196.497
87.0125
365.129
388.383
427.973
204.934
329.002
83.4236
314.345
361.381
378.02
42.4572
146.954
53.2579
50.2836
292.776
321.416
140.709
71.563
162.726
392.318
427.746
91.7736
283.382
241.015
400.38
352.974
124.817
75.0696
159.981
308.686
283.667
399.437
118.628
317.737
265.731
78.7844
115.194
268.772
131.591
205.353
333.757
149.651
412.77
381.199
422.882
156.733
354.65
363.819
36.1276
370.495
332.364
125.792
271.495
395.068
371.096
389.312
379.559
298.321
345.405
301.212
428.716
242.231
381.785
342.794
65.3776
286.9
121.497
375.733
359.338
169.718
336.799
312.128
309.687
275.171
258.787
389.861
374.645
325.638
409.232
351.807
432.716
260.512
309.43
258.799
351.522
348.473
179.119
227.279
221.736
56.7034
295.112
363.656
272.007
305.546
163.723
233.549
291.088
244.1
402.352
95.2364
354.359
118.354
325.506
388.968
298.108
373.322
228.861
305.074
259.113
178.842
129.69
245.908
305.002
292.734
31.0372
357.162
173.625
410.764
287.533
307.563
205.457
305.327
298.385
72.3588
356.818
287.331
63.242
81.5631
309.541
264.699
309.285
180.802
256.518
305.263
62.6945
43.2305
272.951
355.612
401.441
415.285
348.349
309.894
291.777
62.8499
57.1889
165.831
258.646
238.425
378.19
366.402
332.031
352.685
212.583
353.468
174.141
279.169
278.539
298.307
56.5003
296.765
239.97
263.345
152.243
427.939
322.298
234.911
385.438
261.475
432.778
116.207
392.174
258.843
314.72
259.019
343.025
432.423
282.531
354.933
89.0315
392.068
410.741
421.761
135.055
322.008
263.536
317.959
32.0184
345.052
388.857
246.34
292.963
151.435
322.712
353.31
60.7762
351.548
386.099
371.326
173.22
425.359
97.2597
353.451
269.487
240.748
340.349
234.278
237.537
304.707
362.365
176.636
323.459
329.156
387.074
408.297
134.213
434.82
233.323
380.255
334.157
296.149
227.529
427.467
368.71
317.08
47.5694
419.527
370.368
258.497
411.891
373.686
365.796
275.38
386.143
406.688
211.756
133.377
350.489
413.099
316.876
282.979
164
261.33
169.009
305.587
85.401
402.875
425.489
190.382
332.293
287.009
63.61
36.3538
290.575
395.096
415.788
178.218
288.25
196.658
278.189
311.547
357.98
148.322
252.542
309.26
83.6437
83.2203
393.199
57.9904
38.3895
300.837
125.238
406.07
397.885
280.81
200.321
224.774
424.184
317.965
69.213
333.832
330.804
322.485
280.487
294.894
393.152
238.87
227.697
429.938
407.893
193.302
328.125
270.911
138.751
121.089
293.693
359.153
316.292
243.5
122.307
328.096
101.799
314.579
259.711
300.68
331.998
193.306
313.041
331.492
347.584
194.203
352.632
268.811
409.957
283.511
276.223
238.915
198.695
266.926
40.7107
255.744
279.752
353.135
232.767
330.919
421.341
377.076
273.234
260.128
240.696
294.33
239.472
388.847
276.194
384.431
113.654
330.351
346.315
263.075
204.943
43.5926
357.561
355.221
336.18
403.011
373.644
384.376
429.127
155.557
138.236
207.149
267.792
346.866
322.386
229.001
224.969
371.137
254.698
405.475
413.257
364.739
239.692
361.679
47.8704
143.899
417.698
166.285
56.3399
227.276
89.0711
227.692
362.733
336.412
335.858
368.943
412.563
381.399
273.543
395.041
258.841
239.327
365.806
213.11
240.879
357.558
168.23
270.312
304.618
78.7677
237.703
242.597
299.925
241.875
368.166
153.715
355.446
413.944
318.836
196.854
227.663
323.14
341.794
195.815
346.864
336.93
260.331
160.479
112.96
76.8154
127.738
284.551
382.462
68.9017
355.825
331.361
163.84
203.921
352.829
410.298
181.312
250.589
308.436
404.473
289.092
270.4
373.93
233.219
363.994
401.148
329.256
315.519
396.905
385.658
273.144
236.923
354.543
219.886
85.8172
346.753
100.566
164.856
338.874
431.42
365.482
234.492
243.708
423.9
364.704
130.319
389.46
397.374
400.908
33.2455
185.606
431.362
357.296
252.242
388.938
124.817
211.362
275.475
302.246
281.095
220.943
382.776
291.398
319.86
278.332
130.571
118.041
402.77
355.304
100.733
399.637
159.018
269.011
388.506
50.8447
167.912
315.227
326.458
357.893
265.203
71.703
36.0045
231.532
179.374
108.607
371.178
362.43
395.353
348.716
232.068
403.072
98.5658
275.947
244.474
151.032
368.499
345.92
329.787
262.691
148.805
335.319
307.654
209.029
427.761
308.425
330.274
330.833
368.291
161.116
305.394
78.1835
196.04
183.266
319.105
119.578
132.597
263.753
247.836
197.598
360.861
159.69
128.772
369.242
241.304
357.535
287.089
89.7467
344.389
260.227
179.368
414.836
207.547
291.502
421.52
69.6848
317.8
421.297
343.865
372.854
427.508
373.689
232.717
75.2665
392.117
332.988
215.971
298.424
334.255
275.841
400.521
205.366
143.475
326.909
127.642
397.68
35.5035
280.343
275.035
382.892
350.523
358.462
186.326
88.2463
301.405
349.182
233.722
414.642
425.979
286.288
246.809
173.834
325.361
235.792
57.174
224.778
343.022
388.841
196.354
250.722
163.063
349.065
271.225
275.505
408.966
178.015
383.362
395.085
362.512
58.3043
351.954
264.16
57.5241
154.185
401.165
269.146
158.644
130.024
75.9373
81.6716
268.142
243.655
377.28
125.847
190.049
163.883
361.022
214.404
413.042
384.002
86.5658
353.754
428.467
183.815
352.578
396.514
365.525
282.02
333.362
58.0655
140.48
346.942
400.053
256.161
284.92
306.02
284.637
66.4631
277.299
339.386
235.683
96.6132
160.613
109.708
175.007
210.919
240.489
347.759
154.164
398.845
96.6083
245.832
357.438
367.766
364.125
286.494
252.989
67.9241
272.09
248.313
311.906
248.069
418.982
244.447
205.113
212.927
366.127
360.045
294.264
307.05
375.673
250.085
247.049
261.783
401.525
123.981
339.415
202.121
410.324
388.729
313.042
260.162
342.569
133.292
247.599
295.253
158.316
242.863
326.645
262.831
374.64
169.599
53.6149
431.771
129.765
379.904
31.5951
167.004
35.4526
239.321
134.024
364.781
72.0049
279.18
426.681
196.743
317.25
408.665
361.657
229.355
269.287
357.426
321.785
362.005
325.501
336.065
203.39
74.4332
112.955
416.862
286.801
71.3939
276.037
350.043
412.37
289.234
341.192
345.201
301.486
273.389
62.5687
403.916
353.521
197.653
214.592
55.83
333.107
63.8744
296.181
237.347
214.339
344.376
147.699
173.267
130.142
412.424
348.555
398.52
401.794
297.673
162.649
117.056
300.922
85.0109
348.544
249.538
353.707
167.225
222.899
143.607
281.501
295.858
221.033
306.533
276.109
275.49
419.781
312.002
277.024
40.1288
329.029
76.2418
170.183
374.888
156.775
280.72
249.684
300.423
52.2342
408.906
418.035
229.03
421.973
162.666
251.252
273.142
408.928
300.362
407.951
420.54
280.17
390.617
70.7289
312.812
117.035
189.681
174.308
269.409
162.851
173.038
336.558
314.081
323.619
289.993
132.475
337.17
407.204
262.688
378.771
169.747
194.186
273.829
428.135
151.431
265.486
85.9977
58.5307
239.746
212.204
280.579
378.144
248.099
225.727
215.465
259.292
366.405
141.366
117
343.859
253.183
308.866
284.799
349.409
284.958
390.694
184.247
156.909
287.619
212.192
147.249
290.465
389.686
225.496
326.999
320.847
410.884
266.435
424.12
282.272
314.417
270.966
342.319
351.976
321.483
130.164
258.256
141.55
205.142
317.139
310.942
387.557
371.832
328.922
255.14
230
36.1465
367.954
304.744
418.734
370.912
300.288
248.898
355.778
185.326
246.829
48.5498
105.036
239.753
366.788
122.886
350.136
185.941
376.944
152.522
389.843
337.939
373.147
350.134
299.92
200.836
410.626
381.475
417.492
365.384
194.697
252.524
297.372
289.354
220.958
281.745
255.976
280.831
266.924
287.672
431.992
63.3759
190.834
257.613
164.433
101.513
305.778
114.056
167.037
376.918
386.332
303.134
84.652
248.464
358.784
373.999
209.179
296.574
311.536
376.22
270.002
189.798
264.969
295.421
308.377
374.676
91.0936
270.736
186.101
349.877
351.856
239.26
311.62
389.481
378.382
223.972
291.492
307.052
220.98
109.473
58.0483
132.156
133.506
268.451
415.602
116.912
287.428
386.839
382.966
161.208
240.198
370.429
351.836
258.092
396.46
229.887
66.4916
88.8676
362.649
434.807
175.953
364.419
315.894
205.305
321.317
390.745
236.906
135.203
135.058
317.376
317.078
227.339
380.387
202.126
390.412
398.825
424.901
259.416
345.372
262.986
90.4382
385.93
91.406
389.757
178.752
214.199
336.689
357.837
302.832
113.734
254.718
148.816
377.151
266.575
311.265
235.464
194.807
128.256
34.9654
101.13
326.613
304.429
87.865
339.513
433.676
253.26
