462.055
253.061
118.667
355.516
405.394
214.776
253.18
133.177
105.142
332.876
70.6022
86.5154
280.519
232.025
101.155
306.805
384.058
260.634
361.336
37.1943
-0.968559
331.523
67.6778
18.1336
462.092
332.854
179.901
191.522
281.173
275.861
172.415
16.9406
124.247
391.534
1.3576
267.982
-0.101968
288.568
387.376
415.941
381.108
455.114
367.665
434.739
32.6106
354.163
461.29
462.443
257.312
334.007
232.217
331.167
272.751
56.6867
383.852
367.034
6.53197
146.28
144.841
364.304
193.278
329.579
144.717
240.069
222.891
246.23
312.655
307.861
130.977
355.067
213.67
120.061
331.786
80.1094
305.726
191.266
286.391
0.38968
460.711
226.276
357.172
462.074
145.22
106.326
380.129
75.9413
162.704
300.046
389.172
462.471
359.846
39.0332
138.959
344.634
142.307
423.494
110.634
45.7215
109.65
277.352
225.201
79.1938
462.306
342.27
462.25
316.014
462.18
308.723
367.111
424.335
384.368
284.115
84.1579
412.797
419.847
318.305
269.806
302.825
331.229
354.794
232.507
95.0016
176.59
238.427
407.253
420.386
393.091
438.951
462.054
0.541508
354.107
0.132579
129.943
279.697
114.395
158.907
0.175255
25.9282
102.502
349.409
375.523
236.788
239.765
0.195438
353.897
47.6306
171.707
0.544448
262.186
87.5479
460.375
239.747
455.101
454.062
191.054
454.551
248.75
451.653
0.477187
462.365
344.614
451.138
64.142
18.5824
462.302
315.318
137.855
229.977
366.904
404.216
171.296
401.342
461.828
329.429
6.65363
462.342
347.581
240.97
271.211
189.572
378.391
399.732
130.514
164.378
142.464
342.324
318.233
19.7896
232.281
131.916
0.150299
341.818
168.337
37.1932
280.942
411.55
423.952
305.952
126.579
419.471
357.627
322.498
462.345
344.136
278.015
427.358
53.5965
405.743
229.882
199.523
290.1
30.2903
309.107
19.6582
149.279
236.576
108.226
232.369
248.685
286.104
462.468
179.348
118.095
98.1971
262.407
194.934
0.472461
459.473
194.895
461.312
26.9578
0.316236
425.396
45.1389
187.443
461.78
443.875
170.762
163.18
150.429
462.25
92.7741
213.83
451.662
326.821
462.468
362.048
152.074
64.4425
278.18
200.097
462.012
68.7853
92.0007
0.13837
159.108
80.4802
346.501
462.095
265.977
201.371
276.249
123.453
322.853
462.462
89.1
325.489
261.588
374.901
189.629
151.479
278.079
194.187
115.577
371.455
253.786
361.532
2.06637
116.022
430.672
250.674
428.517
392.694
192.383
307.609
356.893
163.278
296.001
354.807
419.896
461.18
185.873
428.031
281.001
434.766
462.423
369.996
214.401
157.953
453.217
347.025
230.286
412.434
212.078
332.811
342.006
21.0441
398.127
262.272
462.51
424.288
315.122
77.084
299.865
259.144
195.646
296.707
372.594
377.792
230.315
6.20219
287.297
307.295
92.2122
268.182
389.475
19.8541
149.957
284.586
242.352
462.117
272.345
462.174
341.802
299.388
462.336
333.901
461.991
287.29
275.006
140.294
273.094
138.359
347.9
250.123
6.98702
391.636
-0.0149099
202.605
459.362
461.973
364.448
15.263
198.316
396.282
462.274
311.416
358.338
417.822
304.113
101.799
288.44
0.425685
385.275
412.583
232.174
461.84
248.47
462.25
39.8714
418.193
90.8717
6.43682
35.9801
401.949
427.259
311.26
204.296
462.127
462.072
351.824
390.263
434.89
380.078
462.418
339.579
462.092
444.352
344.211
297.543
265.156
69.409
42.0564
97.0161
461.606
313.273
204.976
406.356
72.5458
332.066
338.731
462.309
208.834
340.488
337.625
0.887518
437.719
174.685
194.734
462.368
354.294
462.23
348.107
264.611
375.364
38.741
115.89
326.766
169.766
370.048
170.988
209.083
462.128
194.225
30.5594
308.655
288.606
131.777
427.719
462.066
203.192
16.2042
105.584
232.454
461.643
0.732541
380.481
456.683
400.003
41.51
304.593
-0.0544268
357.847
186.331
151.646
146.986
276.305
269.878
26.0072
63.9437
69.4614
241.16
132.928
119.485
11.9305
444.336
208.886
104.238
117.622
324.204
388.106
0.0319834
350.444
338.073
336.123
232.268
413.743
462.014
462.155
342.222
251.487
10.5926
137.648
448.552
232.342
240.491
364.133
462.325
436.523
376.414
426.719
338.537
349.503
172.382
161.863
410.023
65.2179
393.367
198.724
462.508
354.894
163.365
203.725
123.03
255.17
178.835
207.903
211.465
462.048
281.667
147.245
18.6336
25.2671
205.87
249.027
461.685
85.8878
117.013
85.2173
389.799
262.293
435.861
241.842
253.211
350.381
262.044
-0.76565
366.266
235.391
104.397
461.924
232.046
246.035
302.87
221.943
349.508
263.855
93.1084
462.357
439.931
145.602
462.011
462.325
284.837
358.988
462.247
205.9
242.805
301.258
438.457
337.038
399.028
267.044
417.462
461.293
148.437
311.887
329.668
192.395
245.955
379.639
297.605
170.107
411.375
311.957
340.704
230.243
462.372
462.082
458.165
462.049
1.48748
399.984
310.601
-0.118434
44.8419
82.8445
159.797
274.438
292.891
95.4895
181.814
267.567
118.315
462.076
411.555
15.3118
312.014
322.618
249.28
0.686754
334.229
216.424
109.165
462.444
301.864
261.292
453.221
220.021
453.335
408.065
462.088
353.666
140.713
76.7204
131.658
62.1192
325.215
349.942
264.615
272.747
309.33
317.967
460.507
239.849
89.3833
186.275
462.395
17.527
211.305
406.155
323.149
341.971
276.026
242.844
322.83
263.976
204.147
333.625
461.997
147.502
212.896
303.548
249.41
161.983
73.8921
322.803
318.27
344.452
0.123211
188.531
451.883
442.289
404.456
375.298
129.243
121.03
35.0886
462.46
45.2832
228.742
367.143
433.149
362.555
146.819
191.146
80.8374
462.119
317.664
63.7047
164.615
289.289
77.9425
415.203
412.164
262.723
91.3634
135.474
267.653
145.205
199.923
349.024
174.555
359.351
396.231
354.341
331.665
70.7055
433.159
167.441
462.332
307.073
209.2
196.429
350.532
52.1227
321.279
146.489
462.478
333.286
200.817
232.728
383.174
248.05
239.589
149.467
33.9435
83.2474
158.878
14.2176
24.1338
282.077
75.8816
207.745
257.176
65.1121
263.049
444.01
311.264
436.927
124.421
438.401
239.344
140.695
268.026
462.374
246.184
369.544
306.888
398.346
399.399
462.257
425.621
187.035
170.09
54.0023
190.984
463.309
265.713
273.236
462.324
54.0463
275.067
261.239
167.321
57.0651
282.804
0.458036
272.874
309.799
334.364
340.759
323.775
182.598
276.212
174.046
318.714
398.3
182.143
211.312
218.784
340.005
257.151
7.87686
294.847
407.814
188.618
292.852
0.0542381
46.1884
389.986
5.09971
0.09521
408.598
462.437
135.678
333.417
462.092
100.324
115.684
426.434
462.293
320.317
460.662
371.13
301.119
159.37
302.347
282.545
376.93
348.482
76.0713
111.953
14.0366
351.935
306.157
345.18
26.8424
461.748
0.535638
194.038
197.608
107.531
132.599
69.7885
318.193
413.87
180.555
382.194
335.551
439.967
442.922
109.949
1.09553
292.429
262.045
341.369
402.593
461.899
408.028
7.2307
260.743
132.424
6.78983
311.724
462.304
0.0513523
381.565
462.347
425.29
354.314
443.796
278.072
212.083
220.876
208.676
0.0206186
201.803
462.329
296.478
92.3514
387.564
153.21
434.699
384.468
1.06322
462.087
237.94
363.226
186.99
15.1677
462.233
281.197
33.2962
458.94
292.843
257.869
224.684
0.861533
46.1704
361.745
430.424
159.493
462.155
270.92
91.1941
282.634
343.23
266.335
103.404
410.474
462.256
200.634
307.643
0.331623
158.843
396.772
462.394
462.064
316.55
232.284
346.691
292.654
462.05
315.192
256.09
305.812
457.622
128.359
278.725
-0.248707
2.03364
299.952
445.679
208.454
322.39
399.378
341.986
331.885
461.899
23.797
462.021
169.884
230.069
336.88
462.035
144.349
3.48577
70.2879
395.057
354.629
462.336
233.17
462.147
357.169
197.175
203.29
160.47
419.743
385.937
326.408
105.068
336.189
181.014
442.364
462.485
462.151
0.442539
462.223
285.597
115.792
11.8792
173.707
38.722
253.194
369.138
377.117
360.15
59.7191
113.303
107.54
372.383
444.06
0.205725
125.562
278.581
148.287
300.244
249.28
104.724
462.432
-0.27305
335.049
430.004
314.679
338.532
461.147
65.4479
439.174
275.545
462.318
345.998
352.54
404.601
89.907
377.641
160.194
257.997
381.425
298.177
408.351
443.033
233.114
462.394
41.0151
190.242
462.175
462.359
305.607
86.9648
260.697
403.249
311.138
259.286
200.596
461.605
302.107
253.524
395.815
211.29
245.466
383.898
274.768
385.82
235.24
221.472
462.16
320.507
448.371
267.866
404.512
318.459
320.376
289.2
395.487
458.286
130.761
301.011
436.118
425.799
149.464
361.806
151.515
54.0096
41.0872
174.025
130.477
122.127
417.368
350.178
136.045
257.036
292.035
462.606
420.29
354.547
304.389
37.9424
432.795
265.412
299.072
320.854
155.483
76.5805
239.436
250.52
412.326
327.803
424.347
462.215
455.617
462.369
96.9041
244.748
274.545
400.826
266.565
308.296
132.401
167.729
159.275
328.13
453.237
459.289
255.483
462.347
461.086
131.097
232.641
394.108
235.584
366.641
288.825
342.094
230.183
462.681
251.828
377.206
462.034
298.982
22.787
110.166
164.168
291.981
88.3008
84.9897
119.14
458.862
349.557
306.757
2.86673
-0.0211965
308.406
173.644
304.866
462.07
207.883
288.798
460.176
461.789
131.372
0.159699
396.332
251.199
210.415
159.572
315.872
65.2299
462.028
0.379726
266.184
282.724
130.865
462.244
326.402
461.875
44.4686
306.198
43.2008
462.028
179.71
415.101
371.994
462.503
84.0191
289.49
0.0867012
0.98107
462.5
403.415
253.914
342.09
122.014
462.317
462.166
344.194
201.173
51.8149
245.596
462.153
84.8219
352.88
329.026
232.411
73.7543
-0.0183536
255.64
322.314
227.851
206.541
114.429
310.455
311.106
312.557
462.176
132.701
462.09
462.435
461.371
453.436
191.191
396.234
354.473
445.057
44.1506
130.742
404.49
8.38035
462.301
186.698
362.339
378.431
403.006
462.402
345.784
447.484
395.754
457.665
299.05
242.336
238.978
232.708
462.284
223.584
422.912
287.926
16.2443
352.722
63.9531
211.517
70.075
336.45
368.458
167.234
267.438
462.06
160.418
323.698
306.732
322.811
462.435
215.377
454.467
462.392
-0.496591
87.0143
254.842
247.235
89.5098
133.436
341.887
341.155
461.16
370.228
311.838
460.82
147.427
62.2884
100.823
336.678
462.07
296.053
115.15
223.863
73.3081
429.51
72.4493
73.9813
3.13255
234.794
64.3766
432.32
165.919
339.761
391.545
163.985
232.056
285.959
424.412
303.594
436.471
37.559
211.329
461.64
315.374
59.5412
188.134
232.943
17.1791
462.297
324.352
91.8054
306.8
293.426
348.501
244.841
0.253591
462.421
0.8859
0.22095
-0.0896137
8.89198
12.8559
315.741
350.349
317.257
236.216
1.42457
113.43
432.625
254.92
326.757
432.545
356.523
84.5955
222.374
270.199
305.118
370.905
325.664
0.155648
162.163
70.7088
111.054
382.404
91.6306
280.699
268.817
232.204
247.383
244.126
315.426
67.8673
268.575
216.019
100.101
367.395
462.2
0.547813
207.432
220.011
317.987
147.126
327.585
15.1859
8.11324
104.806
-0.626666
294.365
412.903
0.501883
374.238
400.037
460.085
86.2179
317.521
300.965
255.106
-3.14093
210.215
462.341
147.122
376.447
235.456
462.152
24.4465
235.556
329.489
168.142
183.65
340.303
272.959
405.428
299.452
159.253
62.2087
152.469
249.271
264.405
208.368
56.8652
252.298
395.587
117.434
376.981
255.809
326.464
99.2575
112.38
135.816
348.865
334.806
156.396
260.096
176.937
321.85
200.062
213.965
343.065
109.571
112.753
462.424
296.098
249.24
429.472
354.546
239.188
248.908
462.039
0.49384
3.22039
240.693
302.783
60.4254
351.926
458.535
145.638
186.178
344.456
203.86
-0.00375888
19.3453
119.633
432.992
462.103
461.212
399.86
134.558
442.672
459.948
191.256
462.154
351.197
144.843
453.883
458.778
393.127
350.216
328.205
462.399
0.350304
0.330503
462.3
187.842
143.983
462.4
318.454
140.392
241.636
188.081
459.908
462.099
398.56
83.6953
462.12
360.413
202.969
337.135
82.0215
32.3722
191.264
170.231
295.79
0.427226
144.229
122.858
395.239
115.792
38.8098
344.735
4.17098
196.561
275.341
421.919
332.8
283.996
294.029
273.272
99.3141
0.527999
294.768
158.985
146.691
404.835
332.275
241.682
331.624
379.544
163.186
399.805
186.887
434.637
289.782
462.372
389.618
88.3405
312.651
461.521
96.2046
126.129
98.2262
388.274
462.072
151.327
60.2402
414.314
42.5779
406.388
204.435
247.4
462.191
16.613
226.461
462.071
462.055
151.314
461.852
64.4816
235.877
353.313
23.7927
285.225
322.721
436.883
351.685
343.052
139.584
113.766
279.621
397.925
462.097
462.274
92.7853
131.705
321.928
462.057
285.254
196.179
91.2283
266.372
215.31
367.478
0.509589
357.594
259.455
137.29
372.338
461.616
42.6077
416.252
304.225
462.203
398.386
289.133
378.543
59.5479
6.5876
118.423
462.381
217.817
343.031
286.317
431.632
462.064
372.755
78.7891
462.215
177.758
63.9304
270.413
379.579
192.641
351.145
247.416
131.847
104.979
107.6
462.436
390.369
114.085
440.182
292.501
140.937
336.295
260.984
117.635
35.1113
142.268
217.218
48.2548
302.681
349.03
0.258457
19.7839
145.077
356.765
290.806
327.323
324.557
207.054
461.556
301.44
318.788
106.153
407.436
237.166
152.843
319.974
289.678
259.943
402.06
120.359
49.4209
469.589
423.259
384.928
442.177
462.088
462.4
121.084
182.4
144.192
394.73
255.118
220.329
462.141
423.171
115.123
247.284
462.468
207.917
359.602
462.133
333.955
214.011
283.657
1.02252
74.1862
310.39
303.525
382.475
430.393
245.826
348.915
225.911
462.207
338.021
389.663
371.611
160.647
42.9038
349.023
389.93
195.88
208.363
406.94
0.696242
462.118
275.468
115.506
401.617
462.337
358.111
462.266
202.041
209.212
167.525
288.158
143.651
290.243
317.076
338.419
462.245
435.294
7.97919
134.007
377.492
333.163
354.528
100.089
462.117
324.645
68.5925
308.169
428.039
196.83
398.805
317.367
136.503
270.987
-0.180208
383.847
0.795428
323.211
344.17
87.2861
462.034
132.097
335.101
154.144
295.131
0.377548
462.072
179.377
50.2704
425.163
256.458
462.098
446.191
456.649
58.205
5.79679
30.4656
179.771
365.323
0.457539
378.333
434.297
222.716
375.077
40.1718
153.705
274.927
441.995
40.6038
364.194
353.8
336.494
56.7254
292.206
298.465
422.761
341.548
375.89
305.763
339.695
326.185
0.677626
176.211
139.519
171.898
0.0692051
354.566
293.257
146.952
51.071
229.358
425.383
282.711
462.139
84.5532
187.01
-0.0551546
462.181
54.4393
235.204
297.354
272.989
88.7098
45.6866
48.2042
390.54
462.214
352.616
232.296
4.12658
270.449
462.103
199.412
162.17
230.248
321.612
349.663
264.654
288.718
203.268
408.299
278.108
322.317
186.832
461.688
338.403
462.146
237.8
134.015
146.157
134.947
-0.150055
371.615
99.8329
204.807
104.447
168.732
299.781
99.4142
462.26
293.261
345.429
235.464
462.001
355.491
462.193
7.71646
398.21
305.755
80.4455
286.73
370.846
461.987
462.024
121.499
246.316
346.239
398.594
232.143
85.0179
0.937295
230.067
0.293025
220.063
326.994
462.102
80.8239
175.114
206.762
399.955
204.755
461.911
314.945
117.031
249.193
344.784
222.517
317.477
100.192
67.6372
171.259
401.984
174.724
462.608
61.8688
8.46904
461.565
356.651
374.914
197.15
133.459
352.312
0.292104
280.993
12.4041
359.292
14.633
147.281
376.957
243.109
356.907
32.0633
387.299
108.361
354.468
210.16
166.173
436.086
162.724
302.683
462.198
384.749
1.05066
262.445
454.909
376.414
379.591
461.733
347.24
369.155
452.399
345.597
384.333
99.5807
250.642
0.268519
10.3735
197.554
394.913
43.9626
327.989
108.141
14.5
280.576
253.165
461.653
100.719
277.948
142.327
69.9628
68.8782
394.358
298.071
232.397
328.236
461.514
369.91
462.231
462.345
229.609
363.413
221.027
141.944
311.243
141.648
306.471
156.062
416.099
460.925
108.472
257.395
42.4811
334.648
306.121
405.454
203.124
97.8805
285.548
296.22
462.319
462.347
206.072
141.289
350.469
462.112
328.116
294.224
430.514
313.539
42.6213
460.018
176.043
231.885
167.7
456
323.995
394.449
361.988
116.903
333.263
370.381
60.575
34.8474
415.459
299.575
201.25
31.7598
263.142
462.029
264.333
403.079
249.781
275.456
281.456
268.583
335.541
225.717
277.823
337.971
289.964
410.965
405.019
379.914
461.97
462.39
119.043
352.955
176.03
366.704
363.688
109.151
434.309
385.123
304.687
264.602
185.299
291.147
151.914
2.83145
0.190038
325.388
308.44
462.207
191.253
160.774
279.364
278.866
460.324
402.472
-0.0311439
412.405
397.421
145.211
81.8853
462.477
404.8
319.801
462.44
296.857
422.608
329.591
462.181
313.323
267.315
117.62
412.587
343.047
343.288
284.137
381.685
468.293
15.6125
0.439862
83.1522
402.296
405.429
260.606
0.128042
462.735
112.666
302.077
179.888
232.541
457.6
462.249
240.15
161.386
278.317
175.306
370.298
167.467
445.067
128.27
270.836
403.013
251.522
220.945
28.0958
446.593
250.256
350.024
133.717
0.0634623
45.6052
422.007
462.162
0.150893
236.017
204.343
365.838
40.6861
185.51
460.42
389.826
110.336
78.2469
215.238
241.929
462.323
382.354
462.048
183.736
79.9447
80.7929
239.804
290.719
445.001
442.086
430.112
462.062
297.509
415.326
461.765
419.184
392.462
382.561
200.855
451.114
126.144
264.343
402.015
90.7706
232.991
462.202
462.217
462.41
137.598
260.378
266.765
118.879
128.794
217.646
187.564
354.822
235.297
293.383
288.457
145.979
268.448
409.33
156.119
424.084
336.444
334.999
191.141
441.621
197.059
347.938
458.827
15.5144
462.353
416.3
29.4923
331.364
229.913
95.6529
250.707
195.429
176.873
289.356
462.141
348.425
42.7561
362.41
314.053
35.8491
419.425
462.007
379.301
278.008
188.475
328.335
428.562
460.551
253.536
150.912
262.533
200.847
144.811
43.6236
321.098
171.949
208.083
93.63
433.764
369.069
27.7076
3.02043
297.173
461.98
176.819
297.761
173.521
205.279
368.131
0.650917
0.515825
267.971
370.816
462.041
397.928
449.742
274.873
177.39
462.339
324.24
423
437.886
282.394
240.663
179.138
380.872
462.133
350.98
104.851
223.205
245.836
379.408
436.397
401.58
148.849
9.97749
299.409
78.299
433.09
462.015
371.7
270.577
327.474
197.74
1.42126
27.5287
69.7189
328.561
152.961
185.365
268.076
44.0273
0.130126
200.203
276.149
119.794
62.5344
21.3763
169.394
305.952
461.948
462.308
113.346
99.2733
148.696
397.294
356.196
202.785
147.24
310.997
412.88
397.816
337.049
136.244
388.325
423.042
373.463
394.504
432.329
94.5141
243.999
462.077
138.688
331.909
390.093
420.633
221.859
36.7594
317.206
310.743
430.316
458.006
238.855
203.645
352.484
461.995
148.262
220.122
177.51
339.959
193.551
358.974
0.319586
224.95
30.3162
303.024
276.772
310.084
43.7994
462.173
0.417219
220.812
260.034
440.303
443.313
181.67
143.843
417.3
348.918
220.469
149.343
243.245
189.286
107.311
292.881
-0.112123
361.521
44.8572
6.778
221.399
422.291
121.116
461.788
68.6934
275.485
0.034445
264.021
232.85
0.267548
461.738
433.199
374.315
324.273
214.796
313.441
461.747
149.121
349.139
284.364
412.141
425.745
425.593
345.997
328.86
221.313
12.4773
423.618
462.299
461.614
462.433
462.023
160.749
386.738
457.4
232.482
305.933
227.614
156.847
339.525
271.337
144.895
282.641
316.665
462.292
253.6
156.614
366.051
327.076
320.765
389.003
152.544
323.899
200.559
353.315
357.452
431.014
401.781
200.173
411.581
351.773
337.064
364.435
392.853
132.171
91.5175
28.0385
132.768
235.519
56.9447
311.981
88.8137
462.101
11.2698
462.248
66.2199
94.9173
395.399
388.731
277.552
276.508
382.844
91.996
165.543
320.082
191.707
-0.131065
27.9956
57.5183
142.295
156.216
147.986
314.923
250.786
246.82
165.588
141.359
208.447
360.708
321.129
149.155
0.250793
334.685
183.075
429.128
158.913
462.155
113.732
299.905
461.647
427.614
461.646
184.832
409.45
1.38406
461.449
399.989
0.39878
353.695
112.957
439.548
145.518
303.459
338.851
154.026
136.584
31.9053
462.193
300.151
23.3543
421.498
39.8481
104.158
350.434
122.912
251.672
244.42
305.79
345.421
0.218983
462.302
310.694
257.366
285.825
149.403
242.361
265.588
204.237
244.299
102.238
147.44
461.924
165.452
368.089
117.376
88.3345
352.391
414.744
24.7703
462.264
23.2892
407.377
352.121
462.281
462.362
23.3231
20.1046
0.250146
400.201
356.051
266.803
267.892
440.376
462.196
417.991
299.817
115.216
378.135
12.9716
148.316
459.526
462.119
214.309
320.123
462.327
380.385
171.619
152.859
1.66507
372.435
445.696
462.31
325.757
318.841
364.441
235.28
363.041
109.241
134.027
462.237
392.769
238.95
255.383
450.378
353.99
253.104
0.497381
364.929
37.8423
461.2
461.943
362.304
283.164
5.47254
244.405
418.949
270.546
462.419
292.656
240.857
252.192
320.246
214.246
359.247
25.4906
139.706
104.765
462.254
461.921
408.848
445.497
257.815
335.151
222.284
321.104
413.857
307.112
22.7009
406.748
205.606
462.071
149.892
17.6592
26.4862
347.373
272.55
135.653
21.1696
276.986
221.151
13.929
73.4246
227.222
0.0254771
49.1385
462.417
359.916
153.354
387.832
243.421
120.901
328.714
114.495
426.283
264.276
270.524
303.956
93.4139
263.915
392.532
462.45
226.966
207.872
271.434
0.430728
299.001
380.107
328.561
462.085
8.8246
230.213
435.767
432.897
462.013
457.322
142.543
413.142
271.576
462.347
263.311
308.357
59.5104
243.072
462.035
147.754
392.103
179.403
462.555
350.636
452.279
165.711
462.31
0.0553501
145.831
276.809
381.095
389.368
285.431
368.954
207.772
410.056
2.1321
168.763
343.299
51.6286
194.985
421.594
223.22
233.338
439.271
235.353
356.654
378.796
348.04
90.5794
255.301
299.656
408.552
461.85
65.9616
431.084
407.252
436.228
437.936
462.509
262.655
103.327
374.73
0.367181
462.128
124.32
54.8641
462.179
312.236
336.144
186.652
355.829
118.722
72.4641
146.896
300.354
265.18
309.774
458.532
349.048
151.49
90.8647
408.51
176.108
462.52
0.00951183
135.091
273.148
462.151
330.417
180.44
189.211
54.4347
284.646
218.478
424.107
421.301
352.815
403.266
295.369
308.933
164.577
274.976
394.251
415.26
414.33
424.917
286.446
462.43
377.793
448.031
451.748
445.189
-0.0740558
313.158
452.132
10.3863
87.8136
457.737
403.982
109.223
294.538
328.866
289.678
301.207
357.017
354.056
293.506
0.30737
319.141
365.555
232.539
99.0173
137.576
461.92
41.661
397.724
378.478
377.859
250.812
56.1589
324.271
292.997
258.96
384.405
461.987
461.087
147.644
392.582
355.261
315.712
343.316
291.361
249.938
255.866
2.71995
384.383
29.0329
381.739
402.225
342.334
125.481
31.5086
462.111
382.289
162.812
217.038
1.72087
319.526
170.425
424.361
254.904
368.207
230.169
108.972
462.307
186.219
462.076
73.3064
303.122
341.559
178.396
325.308
123.317
364.387
289.817
180.565
0.836958
314.945
23.8129
157.212
284.479
304.363
409.295
102.133
251.542
252.339
261.528
462.242
61.0111
461.872
395.174
137.484
461.934
0.890549
462.114
403.787
42.9505
387.529
232.548
110.131
292.778
463.936
0.292594
169.489
24.1584
150.538
296.157
310.6
317.164
236.262
165.745
42.5785
340.677
462.464
458.569
250.074
146.483
130.293
0.119929
26.2123
462.497
382.833
388.539
77.9173
318.183
350.324
413.261
462.506
462.102
377.587
407.739
182.595
282.267
33.7852
162.204
458.817
54.3571
91.0328
348.076
229.053
445.808
77.9491
146.562
454.548
294.971
301.525
317.204
362.856
424.069
150.073
373.735
398.296
437.191
259.958
66.927
443.673
290.026
405.928
217.195
326.991
327.9
89.3786
221.831
325.665
337.687
242.196
352.249
400.975
247.382
171.894
242.285
331.529
102.686
34.5905
249.332
359.09
281.548
330.134
462.215
361.039
232.197
352.82
159.053
195.56
398.013
356.1
0.0832138
427.269
321.427
94.613
27.4622
236.76
131.421
254.585
171.138
158.178
462.501
304.775
247.947
353.203
150.416
441.079
189.469
92.8522
406.29
374.647
377.33
135.777
381.041
0.14388
462.451
227.593
461.178
365.805
298.103
68.4671
230.057
400.781
125.001
445.639
390.363
311.615
330.489
51.6543
252.091
204.231
462.229
104.265
392.787
410.116
102.823
23.5572
462.341
46.8632
102.895
431.556
278.412
398.911
410.215
417.243
152.668
0.422766
447.518
4.36494
318.222
402.019
461.767
389.289
406.075
58.3289
255.765
141.882
341.026
354.441
66.7107
270.214
461.738
394.141
462.083
108.895
145.127
81.81
392.541
259.923
284.683
361.41
290.476
303.192
213.822
230.078
145.539
153.975
283.366
366.819
462.037
374.973
446.378
161.052
381.315
369.286
462.311
72.8445
305.837
429.778
286.055
217.3
461.65
328.992
411.596
462.32
332.706
64.2296
462.55
167.22
398.296
322.261
228.51
274.957
461.897
198.444
461.83
331.405
454.856
462.036
298.415
300.401
460.94
12.1486
103.354
284.917
223.782
320.135
161.984
271.02
354.428
353.387
234.992
367.882
462.134
353.911
204.872
74.3586
462.307
351.586
397.021
147.435
338.013
354.9
311.754
269.578
423.503
123.954
306.079
313.67
388.907
210.433
4.96744
384.95
129.424
244.1
65.7778
415.967
149.901
338.251
111.21
307.907
137.415
252.262
405.79
87.6566
462.325
351.569
261.484
275.207
455.754
371.399
249.592
55.9161
161.574
167.323
47.6266
310.187
242.908
462.368
226.584
460.748
462.353
39.3351
375.96
307.805
169.446
261.428
108.338
248.778
59.9115
237.089
221.298
248.658
144.516
462.22
5.09778
6.4161
232.373
127.499
215.916
46.435
0.424936
322.784
339.872
223.832
462.261
393.303
30.2158
237.468
371.72
239.128
139.754
452.644
191.272
318.119
262.294
429.445
462.299
187.755
99.129
438.691
151.559
255.356
340.22
33.3553
357.46
289.868
146.615
367.331
190.075
283.546
288.618
461.623
343.149
-0.106539
229.879
253.704
292.675
319.332
352.913
462.389
462.482
255.228
392.692
169.899
390.069
351.93
0.080314
282.239
320.852
256.83
151.385
353.14
356.986
133.646
139.713
198.231
116.543
462.031
416.617
116.517
272.796
381.195
386.616
-0.168403
461.607
413.014
462.167
228.744
236.723
293.415
416.207
215.582
0.57946
426
0.322269
346.504
289.268
132.783
293.397
356.378
407.653
282.748
224.758
288.028
123.856
103.88
124.613
77.4307
451.253
462.46
353.913
461.193
462.367
369.09
170.159
319.158
167.899
412.69
305.322
194.79
326.907
462.511
145.846
206.939
462.138
60.7139
462.313
207.647
205.873
47.4866
378.182
366.638
209.905
335.814
69.9977
241.497
207.473
341.697
0.45312
462.383
94.5234
316.233
389.749
297.876
129.989
270.537
260.984
74.4258
59.1205
314.522
462.424
396.25
282.373
462.371
297.194
253.787
425.532
124.866
303.259
109.598
77.0936
455.7
462.352
295.456
452.703
121.913
232.955
286.725
446.125
378.95
462.508
462.297
305.447
462.058
392.726
454.841
177.476
252.688
457.079
136.837
158.658
462.138
364.748
462.08
422.781
92.7394
267.541
428.738
196.297
273.124
0.682754
0.0455911
44.5727
308.671
13.2689
371.57
0.353769
254.577
199.077
325.262
329.125
210.589
27.6712
253.839
235.743
462.333
223.264
462.167
278.32
462.212
76.7316
333.468
139.991
301.991
0.208126
462.084
82.6557
93.9875
235.912
462.177
309.219
33.5145
461.618
71.2099
461.093
212.339
415.924
333.056
217.506
239.979
147.554
215.309
176.373
308.325
46.2971
121.579
227.245
0.233338
375.119
439.043
203.053
84.5907
4.89792
223.975
0.472237
211.353
292.957
23.0578
108.343
462.105
28.2081
272.198
70.9959
428.465
59.9787
462.156
462.284
462.06
378.114
273.829
54.482
193.657
199.09
312.164
283.547
365.187
265.93
430.879
419.012
266.038
348.194
403.591
273.759
164.383
195.875
166.979
74.8486
462.137
343.932
432.965
375.991
0.16727
344.777
83.0302
59.5557
385.311
354.36
412.535
462.239
311.48
190.36
376.133
418.824
226.554
260.848
349.458
65.9823
0.557295
154.49
422.543
56.3472
420.621
462.343
316.601
78.6683
367.539
161.465
462.125
0.407866
32.4531
411.569
345.463
118.094
283.473
285.26
260.677
78.963
246.304
37.0301
259.579
158.124
73.2417
2.46377
144.725
312.849
126.597
174.997
251.749
299.494
0.228359
120.432
462.249
227.348
324.223
171.74
359.073
395.607
462.162
401.057
0.650619
193.151
282.362
272.282
461.914
0.0595899
136.013
108.941
80.7953
308.157
336.39
135.896
67.99
67.0548
349.789
93.3715
107.365
337.057
150.102
460.015
462.05
180.544
179.924
124.873
365.069
219.986
326.76
111.325
301.341
462.563
395.902
140.432
461.962
194.498
225.097
127.41
260.088
410.779
411.436
462.276
8.98474
128.676
462.028
31.1205
462.304
462.001
146.035
232.494
187.229
462.266
462.195
268.721
453.923
462.341
279.82
411.603
424.809
228.826
319.321
217.019
176.752
58.5124
381.255
232.525
203.979
351.097
352.799
462.368
462.335
141.451
384.104
380.989
0.706489
350.167
276.866
383.774
246.628
446.676
271.621
166.028
418.538
276.457
290.366
340.672
365.57
90.8246
404.708
199.601
194.343
189.706
242.44
341.919
225.166
418.018
462.112
239.151
3.41013
255.477
462.097
462.211
462.242
180.385
462.389
285.45
0.466426
153.877
291.799
17.1841
461.939
113.527
366.594
461.907
462.353
462.048
311.287
333.887
444.976
407.796
176.685
161.952
403.684
110.561
157.439
346.593
319.725
23.8455
462.269
286.82
111.725
89.8711
51.07
179.205
462.143
461.388
321.399
380.806
363.488
14.1554
14.5046
255.981
119.938
146.448
208.188
386.721
113.175
112.917
376.396
212.571
304.95
462.351
400.983
284.521
342.234
-0.240812
298.145
18.9539
423.821
71.0823
380.761
403.115
382.433
383.212
164.594
349.577
157.879
397.009
299.592
420.631
232.274
426.653
372.961
153.742
236.941
155.68
337.709
363.131
201.154
59.9193
307.598
214.851
384.208
276.783
339.672
394.725
326.022
307.11
288.795
345.721
318.723
20.1241
293.939
214.503
406.092
131.802
461.725
267.817
448.806
170.327
28.0045
339.727
462.352
91.3518
274.014
310.982
253.96
232.816
462.121
342.242
244.913
135.825
285.456
372.824
461.731
302.912
356.543
167.514
462.08
260.947
307.432
115.502
431.444
49.0418
462.258
384.719
352.366
388.521
390.215
313.927
419.363
149.725
50.7161
326.673
293.854
150.097
448.815
183.733
140.11
272.201
346.41
0.357511
370.741
290.354
199.649
388.739
293.702
76.4667
53.1904
220.908
432.239
232.532
183.731
413.582
186.125
80.8149
349.323
412.5
62.32
340.07
295.452
42.1641
59.8696
461.968
382.523
171.603
232.409
81.9077
462.239
159.393
309.619
353.28
443.194
393.9
259.852
354.706
313.239
285.747
339.719
453.493
360.771
133.528
272.675
168.813
460.36
415.854
348.987
462.377
250.297
459.992
0.601996
114.727
454.525
374.238
346.594
77.9901
462.235
189.54
344.593
142.702
345.669
202.028
21.7914
331.745
260.715
244.207
251.122
462.065
269.097
198.064
-0.741521
189.698
150.735
204.997
220.326
99.6925
115.778
255.97
284.027
268.186
346.829
399.741
308.338
290.509
232.643
431.325
92.7571
311.571
253.669
255.235
328.015
0.468124
453.884
260.848
359.978
129.958
226.202
462.022
462.036
241.847
363.317
20.2399
269.24
407.243
0.412845
106.8
462.284
175.761
30.1308
316.965
213.851
324.383
311.19
127.258
461.884
386.719
369.249
199.067
108.445
2.06312
151.634
396.27
409.996
141.087
198.285
89.3245
223.44
446.469
208.319
462.072
351.188
404.14
462.215
33.1793
389.212
373.552
219.245
279.157
76.9243
462.38
286.7
246.561
146.777
198.919
165.889
120.823
452.27
294.185
0.498914
439.084
76.8165
364.631
335.582
258.359
54.1178
187.443
427.168
17.538
2.78326
441.148
327.988
236.709
171.564
28.2076
47.9524
390.101
33.0655
265.014
60.1531
316.068
391.846
435.637
109.227
446.636
462.347
346.385
253.078
352.527
402.272
212.961
364.663
427.669
366.629
462.055
455.268
350.382
0.082563
462.356
384.76
378.711
283.858
406.853
246.2
23.2671
198.856
53.5562
462.025
304.964
297.181
381.432
311.812
232.488
460.477
452.193
36.9987
292.314
461.96
462.561
59.9085
45.7515
428.698
397.63
275.125
0.549667
461.571
82.7049
171.786
214.877
462.336
136.461
355.329
300.967
381.792
335.817
49.6401
0.411813
282.673
462.044
40.9504
349.371
164.138
388.29
248.988
98.2978
247.677
246.472
462.453
130.883
438.16
0.0379749
0.0210094
280.936
41.3222
214.154
238.693
342.055
353.328
210.455
301.094
132.346
64.2438
416.387
221.424
286.021
100.519
165.862
308.191
423.264
219.038
249.81
462.042
461.156
433.16
244.188
9.03284
316.264
395.717
152.835
331.809
94.9933
270.389
196.53
385.507
102.009
406.883
457.578
234.034
190.559
333.344
31.7274
125.575
309.249
265.48
440.122
377.142
401.229
461.841
233.405
0.582057
422.794
210.021
50.8994
268.956
234.476
413.017
428.467
289.039
287.71
462.028
117.119
462.037
97.3459
368.711
93.6037
302.167
262.199
266.765
234.792
420.76
195.032
321.735
409.489
40.2837
291.944
69.4498
224.932
156.105
392.984
441.819
423.351
167.484
130.066
420.223
462.093
256.407
247.347
431.519
296.365
462.087
312.635
253.307
91.7033
5.75407
228.477
137.509
432.52
201.815
461.951
200.889
462.383
73.756
431.414
232.459
206.017
412.195
0.175443
219.139
199.986
462.257
301.337
62.1549
108.068
451.875
268.7
214.246
5.27807
229.073
96.3462
172.106
237.145
398.764
146.033
235.729
94.8746
462.025
219.882
357.335
462.531
11.7485
345.504
292.46
292.522
273.307
350.771
398.637
235.605
270.97
125.757
415.693
355.762
458.446
0.811309
226.825
394.797
462.054
92.7262
258.66
192.743
462.436
80.6611
221.813
76.8633
372.434
74.4293
352.386
461.401
253.062
462.375
379.978
327.114
235.401
415.497
369.642
462.086
0.0152531
321.709
344.571
219.825
209.344
462.246
462.283
235.249
173.865
222.554
60.9211
79.2528
402.117
198.698
397.098
87.2117
462.391
248.432
177.871
295.659
126.414
179.462
300.415
246.933
325.055
288.492
396.036
120.272
462.434
238.043
119.342
462.299
462.104
272.664
316.02
1.11723
446.225
333.248
151.837
273.983
461.986
159.858
-0.210111
462.082
192.29
397.435
63.6798
314.194
392.57
178.289
468.151
391.389
462.105
258.402
0.15268
204.969
329.531
412.613
456.799
456.373
126.568
395.498
107.858
270.903
305.395
77.9536
353.841
451.85
258.741
320.034
443.722
391.841
462.336
461.815
46.5631
385.703
323.896
428.871
229.799
59.7274
462.246
0.0412927
296.744
284.875
462.33
462.162
461.895
85.1073
306.164
411.159
348.53
379.417
217.096
462.294
372.055
25.6427
382.633
294.938
275.787
240.84
191.68
-0.051695
423.72
293.982
303.939
228.227
38.7239
351.903
416.277
291.047
368.531
313.766
319.314
52.0094
326.024
133.204
70.4861
446.152
40.5708
192.308
34.9657
461.922
73.3355
462.438
236.771
199.151
399.545
115.887
377.256
272.21
295.016
462.219
1.08987
400.076
233.271
382.826
0.288272
36.7492
148.308
278.914
44.3767
218.439
0.349674
359.206
462.363
232.303
208.929
202.443
56.29
351.936
441.355
406.367
431.441
214.587
103.813
352.273
462.151
370.565
284.72
0.914605
66.239
341.807
247.56
119.676
332.264
232.26
170.326
33.1817
263.759
405.678
0.242139
0.178257
410.423
335.129
128.93
255.476
327.44
379.214
384.445
264.489
346.864
311.085
155.075
157.223
291.706
329.865
127.164
53.2707
462.001
462.239
270.072
425.609
127.855
223.506
249.151
289.004
461.938
274.558
209.802
369.711
0.111846
218.971
267.645
274.528
462.288
448.641
259.205
175.984
1.95172
80.5753
0.269028
461.902
213.176
284.809
332.77
297.347
307.002
379.794
462.344
421.781
179.037
2.46515
364.313
207.293
327.638
160.89
195.994
226.182
286.095
306.004
462.004
305.39
175.367
29.5134
442.136
461.805
462.158
232.499
294.053
8.12616
462.269
200.318
35.6898
297.729
268.078
72.0911
161.701
400.929
461.605
0.348951
128.876
251.098
141.911
288.955
318.725
174.205
374.428
408.51
461.98
448.8
0.478073
223.535
347.11
339.979
346.442
0.213334
462.07
462.265
319.048
75.9612
282.759
240.26
462.159
347.833
58.873
147.145
179.022
95.8105
278.976
377.768
383.69
288.168
368.943
313.501
119.942
282.813
115.291
123.291
13.6905
44.0395
82.6819
462.443
358.984
336.398
283.513
406.448
461.72
462.478
289.836
371.163
365.174
450.631
352.761
224.695
187.114
366.371
241.324
422.809
39.0663
371.263
331.552
413.388
388.466
183.674
303.554
82.9194
339.81
356.594
350.794
123.243
-0.160929
424.585
221.954
462.324
321.623
180.049
294.579
320.613
177.766
302.51
414.553
462.271
127.845
148.973
346.733
257.874
368.93
98.8127
130.345
11.7567
311.693
359.973
442.856
347.093
188.013
0.546923
-0.0735153
35.2109
377.304
358.543
244.465
462.492
236.5
365.943
