34.7761
-1.0
41.0608
30.7609
40.2596
31.0446
44.2714
32.2634
35.7185
-1.0
22.1254
12.1452
36.2653
35.752
27.9129
44.5006
35.6735
31.776
45.9645
28.62
15.9984
9.40537
15.8757
-1.0
52.057
38.453
36.4681
32.1062
39.8393
23.4104
-1.0
43.5058
-1.0
47.9248
42.7229
35.838
23.5511
-1.0
35.2637
29.5629
41.9679
-1.0
45.9864
50.4191
-1.0
-1.0
37.7155
31.5926
26.6206
-1.0
27.6987
36.209
32.4983
-1.0
30.3787
42.1666
-1.0
36.4586
38.534
41.1401
37.3328
7.67217
31.1183
43.2717
33.8946
40.0965
24.9483
48.7752
42.7626
-1.0
15.8818
31.0356
44.304
15.5374
41.4751
23.1909
9.65018
-1.0
27.2918
33.6859
-1.0
49.4916
29.9505
-1.0
30.1925
-1.0
49.774
31.0547
42.5663
50.0387
18.3582
27.2285
17.4669
-1.0
13.5971
51.1366
22.6835
-1.0
36.6462
43.5109
44.5643
10.6578
45.9803
37.6889
22.1213
17.4816
22.7509
25.6909
-1.0
-1.0
46.8663
25.4463
30.7646
51.4124
21.9779
-1.0
23.1738
36.4771
-1.0
39.9198
26.8241
-1.0
25.5093
24.5881
31.3545
40.1573
49.4846
-1.0
40.1128
-1.0
35.7387
35.6889
14.2879
26.1936
22.0052
-1.0
44.9547
-1.0
47.7277
46.372
29.5396
-1.0
44.801
-1.0
31.1441
30.1191
-1.0
43.4264
46.3915
48.5296
-1.0
35.8277
11.8519
43.6637
49.8161
32.9584
49.2985
47.4949
23.7694
-1.0
39.7553
50.8509
25.6233
35.0731
20.4712
41.6546
39.9719
46.7997
-1.0
34.6414
-1.0
46.9556
-1.0
28.9593
15.5964
46.5589
48.5243
22.459
35.8316
-1.0
-1.0
47.0704
52.1042
20.2367
40.8945
30.5678
46.4248
35.9693
42.5286
36.5898
33.0472
53.8369
-1.0
40.4108
40.3665
23.9712
48.6496
-1.0
16.1993
-1.0
33.7803
21.0475
42.5485
-1.0
47.0564
39.3838
26.5026
51.6954
51.5334
-1.0
20.6149
-1.0
29.5123
46.3586
-1.0
51.0475
40.3066
-1.0
33.3498
47.3051
20.9315
44.9161
22.2763
-1.0
49.4488
39.6022
-1.0
11.6111
47.5882
35.8549
43.9815
43.8398
6.80807
-1.0
16.3453
-1.0
47.4235
50.7204
37.2104
38.9779
18.0132
18.8739
-1.0
40.5736
51.1539
39.5138
51.8574
30.6328
18.5862
33.0152
44.7319
28.4771
-1.0
36.8331
52.6273
46.4571
46.8665
33.9003
-1.0
49.5663
23.7256
31.5901
38.6365
-1.0
-1.0
44.7617
40.1164
32.0103
11.4202
43.9316
-1.0
49.0349
-1.0
19.6361
50.3561
23.6908
-1.0
23.7103
32.4608
48.3394
31.0442
-1.0
36.3382
48.7771
49.2612
-1.0
49.9863
-1.0
19.7264
36.6945
18.5257
52.2869
49.9783
17.0377
-1.0
49.3988
30.2137
-1.0
32.3693
43.5648
45.7993
50.3426
44.2771
38.4487
38.2897
48.9969
52.05
38.5112
37.1848
36.6722
23.0612
41.615
19.3534
48.8386
35.9663
48.5134
-1.0
-1.0
38.6962
32.2358
44.6034
34.2669
20.934
40.6383
52.1939
35.2076
10.39
39.5339
40.784
42.3145
30.7444
50.9167
40.0894
-1.0
43.6129
27.9708
-1.0
-1.0
32.1607
38.8153
44.0455
-1.0
44.7895
37.5135
48.5088
47.2036
41.1821
48.6552
49.7528
27.0997
16.3039
32.3096
31.8824
45.9643
17.0668
42.7101
-1.0
51.6538
52.0108
31.4003
-1.0
39.9642
-1.0
-1.0
-1.0
32.4525
47.4173
43.6771
-1.0
51.3368
33.3025
43.1089
-1.0
-1.0
36.6891
24.0393
46.3384
49.5614
27.3021
47.8717
20.0795
42.7884
47.9221
34.794
49.6967
49.8368
25.0324
25.7752
-1.0
47.7648
42.752
46.502
44.0903
-1.0
21.5913
40.5168
51.2215
45.5794
-1.0
16.5135
42.0847
-1.0
22.3394
16.1732
30.5233
51.6357
25.9084
46.0372
43.4226
40.7704
25.2642
28.1228
37.8134
-1.0
-1.0
35.8611
45.1956
43.3401
-1.0
26.7555
26.512
-1.0
24.9777
35.3374
47.1697
32.092
43.3595
32.8461
31.9477
17.3345
43.0696
46.0651
37.8056
49.7402
-1.0
33.8926
35.8512
27.5083
9.49403
35.2613
20.0094
23.6226
44.5841
43.3359
41.4133
29.7594
43.8782
33.1387
41.0405
31.2122
-1.0
-1.0
34.0779
19.7998
21.473
50.2726
45.6395
22.7464
41.5659
47.5656
-1.0
51.5707
-1.0
26.3777
40.9882
36.3623
-1.0
15.7238
18.4902
38.9079
49.569
38.7311
52.034
25.7102
28.264
42.3741
46.5625
51.7905
12.475
29.8919
-1.0
35.0756
-1.0
47.6972
-1.0
-1.0
18.6415
-1.0
14.5386
27.2299
14.355
-1.0
31.4964
37.3395
27.4545
50.0158
47.4236
29.8206
-1.0
44.1335
49.3629
17.9603
33.1006
40.723
-1.0
19.1272
49.2714
-1.0
-1.0
30.7387
47.9643
-1.0
28.7791
46.5152
47.5315
-1.0
38.3419
6.37004
23.2818
-1.0
-1.0
33.3971
22.6722
32.433
32.7769
-1.0
42.4705
51.943
-1.0
-1.0
40.4518
-1.0
28.2372
51.8283
-1.0
-1.0
32.5622
46.9098
-1.0
36.4335
47.6997
24.7345
27.829
51.1632
42.3559
43.2666
-1.0
15.9592
27.7743
46.4983
38.9234
27.2001
46.838
31.0011
28.7384
36.5827
30.3115
38.7098
47.3979
31.1442
-1.0
-1.0
40.1482
38.191
46.6923
5.67362
31.9436
-1.0
42.5105
-1.0
51.0535
44.4448
52.1081
35.5651
46.599
-1.0
-1.0
18.795
17.8771
38.3124
-1.0
42.1329
41.1839
-1.0
51.2746
29.1374
48.403
-1.0
29.5578
29.0509
-1.0
-1.0
23.0368
46.6051
49.7687
42.2632
43.5934
37.4525
44.209
9.96786
40.0832
32.8093
-1.0
-1.0
40.3973
33.9483
49.0554
39.0519
8.9658
-1.0
43.8777
24.2263
46.3267
-1.0
25.6791
52.2273
35.4304
23.677
29.8943
34.9668
30.0859
53.6974
47.1287
41.4928
29.43
31.9628
52.029
39.4538
52.0877
20.9257
40.5099
40.8799
39.3144
37.431
37.759
-1.0
24.5315
30.1058
39.6181
32.4096
9.37361
46.985
-1.0
21.9863
39.5649
48.9869
-1.0
43.8577
48.9578
-1.0
38.1941
-1.0
44.6022
33.4527
39.6827
51.1434
48.3304
30.6844
40.8196
38.6825
46.9586
28.9971
31.2007
48.2618
34.5713
34.9963
43.2164
22.6092
30.9295
42.9937
-1.0
-1.0
-1.0
-1.0
27.583
30.896
39.1426
-1.0
36.6535
40.8172
50.8282
44.2206
50.7635
-1.0
-1.0
28.4043
33.2763
43.0152
38.4585
39.5082
37.1205
45.4684
43.5762
48.4339
48.1909
-1.0
-1.0
42.5377
-1.0
38.822
49.0768
31.8519
45.8973
-1.0
-1.0
-1.0
54.1353
43.9716
-1.0
-1.0
30.9672
33.1617
-1.0
37.4103
-1.0
51.6671
41.8642
39.0815
46.6915
49.6648
-1.0
30.1963
19.1564
49.3457
17.4031
47.9453
42.0138
41.3255
29.9898
50.2739
-1.0
49.0765
36.6699
48.7361
-1.0
15.8918
26.1953
39.799
51.0225
28.3869
31.8143
36.1193
42.4658
11.7754
13.1464
-1.0
48.3469
48.4086
48.433
49.8463
42.8748
46.1569
-1.0
48.9224
44.3161
44.471
25.487
11.3164
-1.0
27.1697
-1.0
13.8612
14.8784
45.9166
-1.0
45.1415
37.9968
39.8912
-1.0
25.8313
29.9564
41.3608
44.1262
27.907
-1.0
40.1505
24.3786
18.8464
-1.0
-1.0
35.9184
45.5792
-1.0
38.0618
-1.0
56.7371
37.9266
42.7115
49.6493
17.9717
19.6747
49.6813
30.2856
-1.0
31.6047
19.1593
31.0546
53.1034
42.7347
15.7645
36.2223
29.8627
44.8173
-1.0
41.7349
33.1449
26.6863
-1.0
39.9195
45.1947
44.8011
15.0079
37.275
52.2939
49.8236
44.5855
-1.0
37.009
-1.0
36.2237
-1.0
38.8519
36.1722
-1.0
24.7223
24.9813
38.8979
44.1728
41.8654
10.4887
47.594
51.1398
18.1367
-1.0
35.4839
48.3327
45.7566
42.2025
-1.0
-1.0
-1.0
36.6681
40.4594
26.351
-1.0
22.201
-1.0
39.4036
32.2118
17.6841
28.383
-1.0
25.1642
46.2767
46.2326
-1.0
41.7466
-1.0
39.961
-1.0
-1.0
48.4437
29.1417
40.2426
-1.0
-1.0
32.9632
-1.0
41.2332
43.4861
45.3428
43.1671
32.4485
24.4945
38.3586
37.56
-1.0
30.1977
34.2863
-1.0
-1.0
43.3412
-1.0
27.4484
42.4363
34.2306
38.5959
46.1433
51.258
23.8057
47.2719
36.5716
13.202
-1.0
25.1298
51.6778
19.9038
19.0252
40.6093
32.1104
39.6308
22.0472
43.4258
41.9215
-1.0
-1.0
46.4669
-1.0
39.1175
-1.0
-1.0
43.1211
46.5945
49.4132
47.4521
46.082
48.8231
28.2434
47.5611
21.1684
33.306
11.0827
34.1658
23.7348
42.0669
25.1517
31.088
40.5912
-1.0
-1.0
39.3241
34.3002
-1.0
-1.0
-1.0
-1.0
-1.0
37.8583
16.0573
18.0067
41.8163
42.5929
38.3532
45.8717
31.3473
-1.0
35.5148
45.0414
33.2366
-1.0
-1.0
45.1132
-1.0
33.1129
18.7028
50.0343
23.0727
35.1711
42.7085
29.9279
47.2159
24.5582
29.5124
35.153
38.2001
24.8275
39.9366
-1.0
39.6316
-1.0
-1.0
43.89
-1.0
42.7957
36.8226
44.8551
45.302
-1.0
51.0824
46.7385
50.0092
-1.0
-1.0
48.3762
-1.0
41.6876
-1.0
30.8709
43.2704
42.8606
48.6059
43.7473
-1.0
-1.0
18.5577
47.2344
28.1451
51.4641
-1.0
44.1173
46.1889
17.999
-1.0
40.6236
41.1038
18.7809
29.6199
31.2165
34.32
43.6505
33.9459
22.9096
35.8464
-1.0
44.6573
36.4277
-1.0
47.967
-1.0
-1.0
30.3041
-1.0
41.7732
32.3276
-1.0
41.3995
47.078
45.6445
-1.0
41.837
46.8554
38.9658
-1.0
3.97741
33.4192
51.9179
46.7463
32.7297
52.1272
34.6016
42.614
29.7579
15.1162
47.2272
39.6488
50.7426
-1.0
41.0291
17.3249
43.8576
40.241
38.352
-1.0
-1.0
36.2927
38.176
37.0958
-1.0
13.981
28.6621
42.7386
45.1987
-1.0
10.0949
24.0282
35.5212
-1.0
-1.0
-1.0
75.6902
-1.0
21.2331
47.8674
46.7975
-1.0
50.9499
-1.0
39.5583
38.6368
40.2867
47.133
46.409
20.6523
-1.0
26.3792
11.8865
50.3924
-1.0
38.8565
51.1823
40.6976
-1.0
36.8874
41.658
-1.0
22.2883
44.5309
-1.0
48.0219
-1.0
-1.0
20.5022
29.8283
351.174
47.8483
37.4602
43.0013
31.0458
36.2364
-1.0
46.5913
35.8817
48.5375
-1.0
49.4388
55.3864
43.25
-1.0
-1.0
18.1153
49.8288
-1.0
26.7438
46.0466
40.6365
28.7644
51.4765
48.2681
-1.0
30.8158
42.8888
47.4817
22.8153
-1.0
46.2733
17.5389
23.7056
40.0148
-1.0
47.0056
29.3474
49.4612
39.1014
39.4229
48.1679
42.2381
31.2116
38.458
-1.0
49.6058
43.074
37.4751
47.6634
25.2243
22.4385
-1.0
26.2024
37.9578
-1.0
-1.0
36.1767
47.5099
26.0457
-1.0
-1.0
38.5713
24.5872
21.7888
35.3946
-1.0
23.321
32.0595
37.793
49.0945
44.2841
50.2164
21.3257
43.0553
22.96
35.6691
28.186
15.3637
51.2277
51.4217
46.9621
43.2039
-1.0
36.8984
29.1652
42.9626
18.3641
-1.0
22.8215
41.5607
29.2351
50.9175
24.3607
44.9397
42.7689
45.1747
17.8995
-1.0
37.4282
52.3864
38.1265
-1.0
49.2461
46.5583
46.8406
-1.0
42.7406
35.0137
27.5753
44.9624
42.6335
21.5423
26.4781
18.1444
39.7
43.9944
33.9568
40.4414
24.2431
-1.0
-1.0
22.698
41.0317
-1.0
48.0392
-1.0
37.2708
-1.0
29.008
22.1015
16.3984
44.1291
49.4702
25.0299
-1.0
30.95
17.3088
36.3256
39.9424
-1.0
38.198
45.965
-1.0
-1.0
-1.0
40.0934
-1.0
-1.0
51.8825
-1.0
-1.0
34.3175
-1.0
27.243
12.1899
-1.0
37.8325
26.6584
27.3101
40.7314
23.7509
23.1117
-1.0
22.4673
22.7349
20.5997
31.6507
43.5
13.9979
42.5184
51.9505
15.7353
51.9284
41.9636
11.1724
-1.0
34.0954
51.808
-1.0
31.4359
31.6924
-1.0
37.2079
25.5332
47.3371
22.9626
48.6775
50.662
44.9555
-1.0
50.6154
11.4436
-1.0
-1.0
34.4627
31.563
-1.0
-1.0
25.432
-1.0
29.9001
-1.0
45.6968
45.0421
38.3872
23.2169
43.6937
34.4074
40.2388
49.5439
34.3741
28.6353
48.9258
51.1884
-1.0
47.1429
30.0866
44.5312
47.1141
37.2873
43.7094
36.3024
31.7511
45.9427
42.2065
-1.0
21.7485
11.5629
31.8986
33.6265
24.0323
48.3419
43.3789
-1.0
49.9903
-1.0
-1.0
-1.0
33.8446
49.2444
-1.0
33.4391
22.5682
51.5712
44.7788
43.7823
-1.0
-1.0
37.3456
34.8564
20.1078
48.8095
32.6264
28.6188
44.0256
-1.0
48.6418
32.7593
41.0661
-1.0
29.3309
38.5651
43.4307
40.1482
45.7325
42.0964
33.8163
51.2263
24.8443
32.5556
44.8297
25.9717
12.9174
49.9138
38.2862
43.6989
-1.0
46.1176
51.4302
-1.0
22.0589
-1.0
24.4142
42.9155
25.1662
20.8006
37.689
-1.0
33.1309
-1.0
34.9004
22.7689
42.2605
46.5686
16.757
47.8431
29.7356
45.126
44.4949
-1.0
21.038
47.3658
51.9739
-1.0
46.0021
36.4115
-1.0
31.0988
45.5796
38.9412
24.0525
51.4636
18.374
-1.0
51.6355
-1.0
29.5643
-1.0
26.2116
-1.0
-1.0
-1.0
25.1594
30.9871
-1.0
39.4065
43.4179
36.1207
33.1412
20.4769
50.2691
40.8186
-1.0
46.8215
23.966
48.36
-1.0
14.181
41.8797
38.7894
32.3676
31.1345
36.9832
11.6328
34.1839
30.288
46.0912
-1.0
41.3557
27.0559
38.1826
18.9182
49.3024
12.3964
15.9977
46.8873
48.9776
40.7456
52.0571
25.8626
23.3895
25.335
47.4303
12.3081
12.758
39.0275
-1.0
42.3893
51.9217
-1.0
26.5377
-1.0
19.1838
43.3132
39.2734
18.2756
28.5322
30.733
13.3743
29.6635
23.1095
40.7549
45.1286
50.6463
43.7299
51.4269
20.5251
-1.0
-1.0
40.821
33.2457
39.5895
-1.0
40.085
30.9273
43.1976
40.478
32.3646
-1.0
43.8859
28.7505
34.8207
30.739
49.0562
51.7466
40.5831
47.3535
53.9083
-1.0
14.0369
51.4058
23.3796
-1.0
-1.0
30.7564
29.3787
42.9118
41.8775
38.9751
42.0816
-1.0
-1.0
28.4314
27.2934
51.2992
49.4352
46.3516
-1.0
-1.0
49.3986
36.3903
47.6465
-1.0
37.0772
-1.0
-1.0
20.6843
43.6744
23.1861
35.847
17.3416
34.2122
18.5495
50.7076
47.3261
36.6257
37.1353
32.4914
51.3083
34.6503
34.1183
26.612
-1.0
27.4233
-1.0
-1.0
26.8848
23.3876
52.2755
28.7272
46.5978
49.0764
-1.0
31.9296
17.5293
-1.0
45.2566
44.2744
-1.0
50.9044
45.4171
22.575
38.9761
44.9016
43.973
38.1169
-1.0
24.2322
-1.0
35.0344
47.3523
10.5606
-1.0
51.7448
-1.0
36.3336
-1.0
-1.0
16.8769
37.8452
34.8377
26.0997
29.889
35.5101
-1.0
27.5625
43.8332
50.7902
23.3632
48.083
30.6064
-1.0
31.652
42.284
20.2525
17.3797
32.7578
48.5688
47.8085
39.9695
51.3062
34.5318
31.3159
23.3154
-1.0
-1.0
47.484
19.875
45.0164
31.596
35.1629
44.3918
33.7433
27.3144
-1.0
-1.0
-1.0
43.9708
9.43651
15.0266
31.2445
-1.0
48.6282
-1.0
42.1558
35.5645
23.3819
-1.0
50.7614
37.3389
43.2478
18.1004
35.7813
44.5807
28.3766
-1.0
-1.0
52.1334
21.5924
20.1425
-1.0
44.0808
-1.0
36.8404
-1.0
-1.0
41.4953
45.7936
29.8091
34.1527
16.0372
44.713
18.5251
44.2062
44.8035
44.7349
39.1598
-1.0
37.331
42.8506
-1.0
-1.0
35.0616
48.297
32.3889
37.711
49.847
-1.0
42.122
35.6121
-1.0
49.4625
-1.0
-1.0
48.5167
36.1087
35.3137
42.3649
12.7799
29.2418
35.1881
44.8527
34.7315
30.4857
45.8585
39.3767
49.508
34.6804
41.9165
-1.0
-1.0
38.7877
49.9345
28.8822
53.1469
32.6684
23.8798
43.6592
-1.0
-1.0
38.5012
33.196
-1.0
-1.0
29.288
56.3906
44.5756
44.371
43.0429
-1.0
11.4538
32.4049
16.6474
40.1561
36.622
-1.0
-1.0
11.2831
-1.0
28.0898
49.023
51.5778
31.6529
29.8751
19.5856
22.9561
-1.0
36.9312
-1.0
29.1012
-1.0
34.6374
47.3691
49.8761
16.511
35.0774
33.3015
50.8578
-1.0
33.7216
9.06358
12.2378
35.0324
46.3179
39.0131
50.8915
-1.0
-1.0
53.359
48.8697
17.8771
35.0553
-1.0
22.5847
-1.0
38.6761
45.454
42.3135
-1.0
21.6246
44.7055
-1.0
37.0006
45.7216
-1.0
-1.0
45.4431
48.6009
48.1797
22.0738
-1.0
51.5659
-1.0
51.0848
26.3205
50.9648
-1.0
45.2586
15.6174
24.0186
42.3714
26.7697
51.5215
-1.0
33.2024
22.6181
42.0806
-1.0
-1.0
50.4684
49.4321
-1.0
52.3242
49.2586
-1.0
44.998
29.9891
29.9382
23.9715
34.3581
38.5229
38.0803
50.2685
26.5523
26.5132
-1.0
-1.0
-1.0
22.8272
-1.0
48.1108
45.9621
-1.0
29.0971
25.4769
-1.0
49.4005
36.8152
45.8594
39.8691
13.9952
23.37
41.5171
41.0444
37.905
41.2452
45.4847
31.0427
15.6373
-1.0
-1.0
-1.0
45.6422
31.6962
-1.0
47.7335
-1.0
-1.0
-1.0
26.8218
52.1357
35.7989
39.6675
45.5203
-1.0
35.5668
-1.0
46.3241
45.6002
45.8098
31.6315
29.0721
48.408
40.968
22.7126
-1.0
-1.0
28.1955
51.2897
-1.0
14.5995
32.3516
11.1257
31.2898
19.8587
42.9472
36.1371
46.9248
46.4395
52.1726
-1.0
43.5393
20.354
35.7103
43.7713
-1.0
48.9676
-1.0
-1.0
-1.0
37.2604
46.2103
28.1587
-1.0
51.2151
21.3576
44.1354
38.9807
19.6066
-1.0
41.6953
38.2857
46.6348
48.2187
41.9162
30.2685
32.3838
42.2566
32.2604
47.5464
42.3512
41.1412
52.045
48.6453
-1.0
48.2995
49.2432
42.2484
-1.0
50.4624
-1.0
13.25
16.8804
-1.0
-1.0
48.048
50.6999
37.9606
-1.0
-1.0
-1.0
46.0244
51.4358
30.1849
-1.0
-1.0
43.4026
25.1893
30.7674
19.1519
38.9237
52.2024
42.6438
36.2829
39.9851
49.9098
-1.0
26.3777
46.2891
-1.0
35.8152
51.9197
-1.0
-1.0
43.4699
36.4857
38.5353
33.8854
31.5941
30.0394
-1.0
41.3977
8.71377
46.09
32.0556
42.0919
44.697
50.3878
25.824
48.1694
45.4359
24.3952
40.9629
46.0414
46.1985
37.5055
38.2543
39.2189
-1.0
50.7531
-1.0
49.9218
-1.0
48.7096
28.5798
31.883
47.9678
14.0561
-1.0
51.8796
49.0278
47.0555
49.9624
45.6406
31.4777
-1.0
-1.0
36.0161
48.0709
25.2071
27.5542
48.0574
-1.0
-1.0
51.4756
26.9742
40.9905
-1.0
32.3516
-1.0
25.0019
26.7032
46.5993
-1.0
-1.0
27.4304
-1.0
14.9138
22.9023
22.5265
-1.0
50.3083
36.3291
-1.0
-1.0
42.5845
33.5683
14.5233
18.8301
39.1383
-1.0
7.52649
40.7792
32.2908
41.0731
32.9914
-1.0
-1.0
-1.0
27.19
17.6572
44.3065
-1.0
49.2376
46.9449
-1.0
-1.0
38.4149
28.6282
51.2887
27.1643
-1.0
28.48
50.1089
-1.0
29.8318
35.3997
36.2974
29.9454
42.79
33.6653
41.8976
-1.0
48.2839
37.0694
25.9326
39.7626
-1.0
28.8739
42.1237
50.3975
-1.0
43.9412
43.7052
41.3746
27.452
-1.0
-1.0
34.0447
44.1315
40.8494
39.2641
38.8243
42.002
43.8237
43.4149
41.2608
-1.0
30.1729
45.1964
39.3114
-1.0
44.3374
44.6741
49.0286
39.4251
10.3705
35.3294
-1.0
37.9843
35.7569
47.5093
41.8353
26.3876
26.0428
36.4289
-1.0
-1.0
-1.0
-1.0
43.7306
-1.0
43.3487
36.6074
41.3126
39.5662
34.3959
51.2926
25.3841
-1.0
51.5254
52.1361
-1.0
38.4768
30.8333
-1.0
44.4679
50.013
41.8735
42.4397
37.0114
26.8445
53.7741
44.3738
11.8023
-1.0
20.2819
32.9461
28.4998
33.2318
36.0509
-1.0
40.0749
17.8924
51.4646
34.6657
17.3483
46.1632
42.5429
38.0543
51.0214
42.4607
47.056
50.639
46.4653
-1.0
39.275
11.5613
-1.0
45.1317
34.4825
50.8587
-1.0
37.9784
31.0332
-1.0
47.9948
45.5111
35.5683
46.9644
51.7765
41.656
-1.0
-1.0
50.3257
49.8404
-1.0
45.7769
45.563
36.1972
50.3546
23.6842
25.6882
42.5388
-1.0
30.1667
39.3529
-1.0
43.0631
36.587
30.6401
41.5731
-1.0
15.3881
-1.0
47.359
-1.0
37.1538
-1.0
45.1925
36.537
39.5676
41.5568
34.1484
51.2393
52.241
-1.0
47.3941
19.5114
45.7038
28.2046
-1.0
27.4103
-1.0
36.252
8.13297
26.6858
-1.0
36.0083
44.4343
-1.0
44.7107
37.1187
50.8283
45.4793
44.9956
43.1909
44.426
-1.0
39.5137
18.1813
-1.0
40.12
39.6184
51.6809
-1.0
33.5389
34.0324
35.5079
28.8226
37.8087
-1.0
-1.0
40.3271
41.243
-1.0
43.8257
30.596
41.768
48.3646
40.9856
-1.0
-1.0
33.9534
-1.0
45.0585
39.681
42.7869
33.9431
29.3126
51.4937
28.455
5.13949
49.0646
33.0691
34.5088
49.9865
37.2656
-1.0
38.9486
45.2424
43.1831
-1.0
39.6226
43.6411
34.3268
27.5663
45.9366
50.2236
25.9974
-1.0
33.9242
30.7675
42.8357
36.5628
43.7339
45.8074
17.1976
31.8916
41.8361
31.1207
5.89215
21.2574
25.1251
26.4538
29.3975
43.5271
-1.0
37.4468
43.5569
50.7504
16.8736
35.5257
47.9967
41.239
44.3493
-1.0
41.2002
49.2435
40.3222
42.2833
50.9945
23.5822
45.2387
-1.0
26.1134
50.881
29.1263
20.9568
25.5941
44.9367
12.5125
35.4864
38.9869
46.5354
38.5899
34.3995
44.5901
45.0525
25.1415
32.3669
39.7608
41.8107
38.3734
41.8759
24.108
36.2669
-1.0
-1.0
20.0445
37.9322
-1.0
27.175
-1.0
-1.0
44.3152
37.6389
33.0843
23.1694
-1.0
23.0899
39.0459
-1.0
-1.0
42.8386
-1.0
17.9592
26.432
30.1255
21.139
18.3884
50.688
49.1573
34.9222
46.9093
-1.0
43.3174
-1.0
46.9861
19.5514
24.8859
33.8336
52.1515
20.1056
33.3093
37.7398
44.7682
39.9624
-1.0
34.1803
30.9265
37.6108
42.2326
13.8148
43.095
-1.0
29.1494
43.8563
48.2002
16.9649
16.376
39.0006
46.6982
40.9787
-1.0
26.9696
50.5041
35.1287
31.5767
17.0219
37.8603
29.8541
40.358
14.3504
26.8402
45.0015
-1.0
-1.0
51.1996
-1.0
45.5058
-1.0
49.2526
22.1267
20.9052
21.894
40.1714
33.4124
-1.0
44.9558
20.7354
26.6225
-1.0
40.2343
-1.0
51.6854
24.8866
-1.0
-1.0
-1.0
-1.0
29.8127
44.397
36.1713
32.6531
51.4833
34.439
-1.0
-1.0
44.0993
47.1371
14.3986
-1.0
49.7471
22.4888
32.3579
-1.0
35.038
23.3224
31.9671
49.8113
30.6465
38.2051
22.3115
20.172
-1.0
56.471
44.5353
48.3192
24.1563
45.5297
49.2067
32.7283
46.2624
42.511
8.27092
50.194
22.6858
48.8745
50.8508
46.9942
42.8133
36.575
27.9899
49.5054
40.0819
49.8471
32.676
32.384
38.9993
36.2768
34.1682
45.2114
26.4981
-1.0
-1.0
32.532
-1.0
40.9842
50.2875
-1.0
-1.0
47.7547
17.9621
19.3885
35.2666
49.9062
-1.0
27.9162
-1.0
-1.0
10.8196
36.1404
29.5288
-1.0
39.6768
41.0014
21.3131
-1.0
-1.0
-1.0
43.8158
47.6709
17.651
31.0234
-1.0
23.1575
52.6694
36.8723
48.8702
-1.0
44.2271
-1.0
-1.0
-1.0
34.5534
24.2284
22.9696
47.4108
47.2496
34.9942
51.1375
44.3704
28.8961
20.3189
-1.0
37.2935
33.9426
49.5242
46.8295
41.0214
41.9742
19.4226
51.9891
43.6146
-1.0
33.8261
51.4373
34.4638
34.2031
42.2155
-1.0
44.8308
46.3857
35.642
28.0405
38.3813
30.086
-1.0
-1.0
-1.0
-1.0
35.9587
41.1975
48.9489
23.7233
44.7824
42.6091
-1.0
33.208
-1.0
18.3723
-1.0
9.58157
25.3056
41.7927
37.7849
16.6102
32.3885
30.4352
14.336
7.9725
48.3728
45.0557
-1.0
-1.0
-1.0
-1.0
45.3851
-1.0
28.1155
44.9139
50.6142
51.9021
45.689
-1.0
50.4387
36.0942
37.3667
20.9516
48.2135
49.5412
47.1321
23.8246
36.0393
45.9091
39.8399
50.3744
43.5971
-1.0
-1.0
37.3957
50.9184
29.1497
25.4399
40.3522
52.1351
40.9412
24.3821
22.8032
-1.0
32.9674
32.1805
49.7649
-1.0
49.9434
-1.0
-1.0
-1.0
50.1962
46.884
20.5839
47.8776
-1.0
31.2652
-1.0
42.1339
47.4954
-1.0
22.0578
50.6607
38.3943
48.7675
28.942
27.4978
31.9896
20.3384
27.0761
-1.0
35.2792
19.9892
47.395
38.9137
44.7144
48.5374
50.9721
45.0533
-1.0
40.3958
46.5863
41.5297
21.0282
-1.0
40.7967
19.5341
45.0211
-1.0
-1.0
-1.0
43.5525
24.2434
31.6582
22.5913
44.7656
-1.0
35.4239
36.6176
51.2001
44.823
45.0689
37.2804
33.984
-1.0
50.9411
-1.0
-1.0
36.5232
37.9773
25.0474
28.4344
36.0812
44.6701
27.8847
35.4872
43.3129
51.5267
-1.0
51.0559
-1.0
48.7187
37.2998
26.1744
-1.0
41.1215
19.0735
-1.0
-1.0
-1.0
27.2976
49.4479
36.9446
-1.0
28.3346
37.4834
19.0287
45.3744
40.552
24.9077
43.1297
30.4582
33.6007
-1.0
33.7136
22.2188
28.2271
-1.0
40.3766
38.2803
50.631
49.0257
30.8173
47.6263
37.8404
30.5837
32.9233
50.2012
49.3306
30.2378
51.6509
32.3607
32.3165
