-1.0
51.6104
43.2286
-1.0
41.6787
27.0598
46.3332
45.6508
30.6591
16.3305
40.4536
22.526
-1.0
35.6326
48.5732
-1.0
27.8093
52.1642
34.3973
49.5104
35.9546
47.6796
36.5802
35.1564
23.5739
-1.0
38.7082
25.7262
-1.0
-1.0
47.7189
-1.0
40.0078
45.6882
39.316
45.7113
31.9869
-1.0
-1.0
38.8479
14.0577
43.7971
39.3418
10.957
49.3972
-1.0
43.2356
38.5697
23.3501
35.0977
49.8702
-1.0
38.5613
33.706
40.0934
15.9224
38.8276
47.5585
37.0334
28.6986
50.2294
42.1703
-1.0
43.1619
49.653
49.681
24.3883
49.8814
48.3488
31.3596
-1.0
49.839
19.6307
48.9223
45.8297
26.7429
36.2696
42.916
17.4546
31.3865
49.1042
-1.0
49.518
23.6026
-1.0
-1.0
-1.0
25.8797
-1.0
-1.0
23.3594
48.6429
27.4076
46.6313
14.7605
39.2788
30.4918
35.3715
45.5421
-1.0
37.996
-1.0
44.4883
39.8051
13.7294
-1.0
49.3964
32.0723
-1.0
50.207
-1.0
48.4665
47.3448
41.3212
46.1157
-1.0
40.4722
51.1541
16.8465
-1.0
48.0752
45.9392
38.7951
-1.0
27.0109
32.719
38.7816
35.052
31.7584
49.9745
37.6782
40.2694
26.4414
37.463
36.7455
38.8942
-1.0
26.7796
-1.0
-1.0
-1.0
34.1162
49.8363
-1.0
42.0529
49.404
15.4833
-1.0
33.4081
24.7647
45.6814
40.7949
39.9342
36.4731
50.266
52.0804
-1.0
-1.0
33.7285
-1.0
51.1442
46.9476
-1.0
-1.0
43.4157
-1.0
39.7622
44.6324
29.8144
42.3408
34.419
-1.0
31.9749
-1.0
-1.0
47.2102
35.4056
-1.0
-1.0
-1.0
49.2877
45.921
47.2332
26.9893
-1.0
24.0642
-1.0
31.9672
36.3876
-1.0
48.5026
41.6325
51.669
15.4816
-1.0
-1.0
-1.0
40.8569
40.5536
-1.0
50.2857
-1.0
-1.0
25.2147
19.634
36.9447
39.0255
-1.0
39.2515
39.5339
-1.0
-1.0
47.3155
28.3857
17.3784
46.6429
37.4938
48.2681
22.1477
47.6447
-1.0
-1.0
33.2837
29.3953
49.4851
30.9996
37.972
33.0085
-1.0
16.5968
45.5168
36.5291
-1.0
-1.0
28.3929
39.9333
-1.0
41.3624
-1.0
50.5593
-1.0
41.3224
47.4156
-1.0
46.651
43.1512
22.5058
10.0007
-1.0
33.7969
42.9289
31.8084
37.0058
23.091
-1.0
43.9032
-1.0
46.2162
10.4897
42.3465
40.4448
-1.0
19.4871
40.9148
21.9933
-1.0
22.2143
9.35949
49.5735
35.0632
-1.0
36.6362
41.0994
51.3424
-1.0
-1.0
-1.0
-1.0
44.9402
16.3479
45.2884
39.6856
49.3606
46.0775
-1.0
39.4921
25.1394
-1.0
16.0905
25.2653
34.5176
32.1607
27.1921
-1.0
32.9793
30.8692
49.5423
41.7119
49.8122
-1.0
50.8478
-1.0
-1.0
-1.0
-1.0
40.5594
45.7024
-1.0
43.451
-1.0
45.9171
-1.0
45.7552
-1.0
21.2213
28.4173
14.8042
27.4339
30.578
44.1028
34.2958
38.6624
-1.0
53.2285
37.822
-1.0
38.5439
39.0126
-1.0
46.7582
19.5641
29.701
37.2111
15.6759
38.5395
-1.0
46.6716
-1.0
12.959
-1.0
50.62
13.7399
-1.0
-1.0
11.0903
36.6651
-1.0
50.683
31.102
26.4883
28.1566
49.8005
-1.0
-1.0
34.6038
32.2723
-1.0
50.6011
36.3219
39.594
25.604
31.6242
34.7527
24.7417
37.6607
-1.0
50.2189
44.3821
44.7583
-1.0
40.2803
-1.0
31.9785
26.5458
-1.0
47.8635
49.6884
32.5935
39.153
31.5288
46.3423
22.5911
21.0241
40.518
44.7584
16.0604
-1.0
36.0075
-1.0
35.2624
33.8798
26.5966
-1.0
47.3959
-1.0
50.8992
35.2085
51.8195
-1.0
38.3413
44.8833
51.2019
33.1778
48.216
40.637
-1.0
34.4942
45.9623
28.8523
12.9237
45.7159
34.6527
38.9595
-1.0
46.651
25.9507
36.3519
29.9619
49.1604
38.0982
-1.0
31.8937
35.4733
39.8974
16.6029
46.689
41.0222
-1.0
-1.0
40.6758
26.1119
28.1662
32.996
44.4221
11.7711
50.9012
-1.0
32.3963
-1.0
29.2835
28.0435
50.2411
29.196
-1.0
34.2751
35.6293
52.1595
35.5863
-1.0
51.4275
-1.0
47.8045
38.1089
41.063
41.1073
38.2306
14.7111
-1.0
-1.0
44.885
45.3693
-1.0
-1.0
46.0413
21.3003
16.9787
24.3128
35.768
-1.0
-1.0
41.1921
8.10068
46.7519
28.5565
15.7802
35.7032
40.2556
20.4151
-1.0
51.804
28.8688
23.8693
-1.0
46.1207
-1.0
18.7728
32.2354
48.0801
38.2601
43.181
-1.0
34.6938
50.6877
47.2697
33.9356
33.026
33.9708
-1.0
39.1904
20.6073
44.1774
34.7705
23.7442
52.245
48.3885
40.1343
48.7904
48.6151
49.8841
44.2698
-1.0
44.2431
31.9303
-1.0
32.1552
43.8829
50.3824
42.0847
8.67444
-1.0
46.1427
34.7404
46.0294
51.4165
-1.0
-1.0
12.2906
29.898
17.3175
-1.0
32.7262
46.7888
8.28046
36.9594
43.6972
-1.0
-1.0
-1.0
46.3614
42.4433
-1.0
37.6267
46.5594
-1.0
7.04503
-1.0
45.5008
19.8535
48.5333
-1.0
52.3096
41.5425
46.8427
19.8482
23.1658
52.1264
-1.0
49.4999
48.0847
40.9284
44.8763
37.7696
32.2972
19.9114
-1.0
-1.0
31.2152
27.2748
27.9836
-1.0
-1.0
20.2892
35.9475
42.0896
24.1975
-1.0
-1.0
-1.0
32.0998
-1.0
40.5135
25.8995
-1.0
-1.0
42.4813
25.6421
44.6516
42.5818
34.0998
41.5583
47.1258
36.143
50.5646
22.8759
33.4372
27.7817
51.4471
-1.0
38.7373
38.121
39.0526
29.9451
51.1705
41.9067
16.3993
-1.0
47.7014
31.993
36.8531
50.9209
29.9665
-1.0
35.7642
47.0173
36.314
-1.0
19.2414
6.68121
13.6303
24.8667
-1.0
44.8906
-1.0
24.0448
51.5259
23.3623
40.6461
-1.0
42.5554
43.4962
44.0116
51.9423
-1.0
18.0793
36.3927
27.5037
46.7668
39.0063
50.1868
25.4696
45.2174
33.3533
50.9172
-1.0
22.7191
-1.0
36.6997
49.5242
46.2584
38.5278
25.8721
21.1044
42.4721
21.3051
43.2842
41.6011
30.8852
25.3824
42.4209
36.7107
-1.0
16.0572
-1.0
31.0635
51.7301
-1.0
19.6683
31.0514
-1.0
49.2372
39.4696
-1.0
-1.0
44.9961
40.4861
33.7674
48.5683
31.4002
32.7126
45.6125
50.3842
50.6192
43.8827
34.7437
14.2043
48.3718
30.1484
51.7583
50.8606
49.1514
18.9263
38.4487
46.0062
45.726
39.1816
23.5764
-1.0
-1.0
51.551
31.9032
47.8219
-1.0
-1.0
29.7764
26.7055
-1.0
46.2259
24.7931
37.0746
-1.0
49.9363
23.7698
15.1854
-1.0
47.6094
44.1483
37.1769
-1.0
35.7821
47.8007
33.7472
-1.0
26.5228
45.0536
43.2267
33.1695
34.2279
38.3718
46.4962
49.5018
51.8345
-1.0
45.0033
25.7341
-1.0
31.4891
-1.0
-1.0
51.7128
41.9039
-1.0
18.0595
31.9679
23.1305
32.5699
-1.0
46.7583
24.6596
48.3233
45.5742
43.9799
32.953
40.1683
46.5421
36.3953
-1.0
46.545
44.1734
-1.0
30.5372
43.5497
40.006
46.3605
46.0931
45.5076
-1.0
26.8628
36.873
13.8376
22.5608
29.5639
50.8266
23.1363
-1.0
48.9498
20.2532
-1.0
45.0243
-1.0
38.3603
21.9387
-1.0
47.352
49.675
49.8297
38.0417
28.6157
-1.0
-1.0
-1.0
-1.0
22.7662
-1.0
42.6229
37.7687
40.3308
39.6082
30.8412
47.1734
28.9199
28.27
38.7644
32.2446
-1.0
50.3725
44.1213
28.5866
39.9936
33.3432
-1.0
33.16
43.5242
37.0824
35.4572
44.8806
50.5042
38.264
32.2624
51.0179
-1.0
50.7256
50.0411
32.2823
32.2813
49.0064
35.9908
50.4137
-1.0
-1.0
51.3481
51.6527
38.9405
33.2738
46.6165
35.3866
24.7454
28.4995
-1.0
15.2771
39.2396
32.2152
-1.0
30.9041
32.103
-1.0
-1.0
-1.0
14.4561
48.6844
38.0022
26.6623
48.3609
45.9959
-1.0
36.5426
-1.0
36.9691
41.9986
50.549
25.0531
38.2084
41.043
37.442
43.4121
35.9592
26.1008
43.4084
35.0667
41.024
20.5708
15.1081
47.2019
-1.0
49.1708
-1.0
-1.0
-1.0
43.199
48.0217
45.7869
-1.0
49.6038
-1.0
33.7671
34.1069
-1.0
42.9375
-1.0
-1.0
-1.0
22.4225
38.9902
-1.0
27.2603
-1.0
-1.0
-1.0
38.9963
39.2337
32.046
22.9484
31.1675
27.8578
26.5377
34.3553
45.4004
12.1923
51.4369
31.5079
46.7983
-1.0
50.9534
31.8125
27.3888
51.3913
-1.0
49.2435
-1.0
34.4408
41.4106
13.4462
36.8293
51.0396
18.6249
29.0253
43.8753
46.3299
36.5304
49.4722
-1.0
51.8574
32.8385
-1.0
42.8258
20.9569
50.7562
34.0359
47.1378
50.0294
36.0599
-1.0
35.6806
51.8797
-1.0
43.7168
39.4054
39.8765
35.6485
35.8983
28.6129
17.9888
36.2897
-1.0
37.7192
51.23
-1.0
4.13924
36.9869
41.3276
-1.0
51.4472
42.5531
34.6984
-1.0
29.1861
27.6222
-1.0
44.3413
25.0892
47.0254
21.8488
45.9438
47.5905
15.8926
37.9482
26.4055
27.3047
16.8155
33.4837
34.3008
-1.0
32.7829
-1.0
44.8534
-1.0
50.7467
-1.0
-1.0
42.0402
40.3684
37.0936
-1.0
45.4914
49.0257
52.0523
-1.0
31.9174
42.1682
38.0729
35.1845
35.657
50.6004
37.5293
43.196
-1.0
-1.0
42.4706
34.4491
49.4187
-1.0
46.6511
34.7257
-1.0
41.0183
34.562
11.8355
-1.0
51.1767
42.8501
-1.0
37.3754
-1.0
-1.0
49.1853
37.319
35.302
35.3464
47.9147
43.6403
49.1923
48.6456
35.2524
38.9618
40.133
32.9856
41.028
-1.0
37.7561
18.1142
-1.0
15.9713
22.9069
48.1889
25.3721
38.7227
46.7149
39.3756
-1.0
-1.0
43.4071
-1.0
33.6735
22.5599
43.467
29.6334
51.1837
30.9747
40.3004
32.2255
35.3645
29.5481
26.3853
-1.0
37.2813
-1.0
49.1663
21.3144
-1.0
36.7722
50.8901
47.3439
-1.0
48.6256
48.7601
33.0969
29.9832
18.9868
47.1162
45.3365
-1.0
38.9561
48.7803
-1.0
38.4723
39.2544
23.8041
49.6965
42.9179
49.9656
35.1952
45.1641
14.4086
30.7228
35.8255
24.4214
34.2553
48.3064
-1.0
-1.0
43.457
26.3001
50.6489
33.134
25.2062
46.627
49.2339
31.6947
-1.0
32.4024
31.057
38.3924
33.6742
46.9968
30.8252
24.0827
34.4416
-1.0
24.6919
46.1354
44.6916
30.7191
-1.0
41.6642
45.511
-1.0
23.8693
22.1538
-1.0
44.6726
-1.0
35.157
-1.0
27.7165
52.204
19.0274
-1.0
22.5699
34.6468
-1.0
40.0376
51.0814
41.5357
23.004
40.7437
34.6293
5.36701
17.3497
34.5474
-1.0
17.6891
-1.0
-1.0
31.9566
22.7149
48.3354
17.692
40.0567
-1.0
28.5494
47.712
-1.0
28.6042
44.0676
48.6912
24.3686
39.4764
51.7951
34.1038
27.4667
37.625
34.1631
39.1233
46.7511
32.6083
40.1851
37.5993
28.2685
30.6907
39.5184
-1.0
26.9599
51.8565
35.3564
28.6862
30.9472
19.5642
36.5304
26.184
23.6159
-1.0
41.5159
47.1361
38.6885
-1.0
49.6412
46.153
42.2729
-1.0
42.1878
50.6082
38.1106
11.8285
37.6688
49.1485
-1.0
34.0783
37.5622
37.5491
48.732
-1.0
24.355
39.4161
51.1131
50.0377
38.8641
25.2133
43.8372
44.2747
49.7946
27.5522
-1.0
44.4989
19.146
14.7757
47.9137
-1.0
-1.0
27.5209
43.5175
-1.0
14.7998
-1.0
17.1281
38.2012
39.8034
51.9423
20.0799
-1.0
8.63283
33.9993
47.6947
47.6874
48.5279
41.2171
45.5859
-1.0
-1.0
31.3404
45.328
-1.0
18.2758
-1.0
26.8037
39.3877
45.9386
38.8061
-1.0
22.994
38.0818
51.42
56.5213
31.7218
-1.0
43.4821
35.8206
32.9087
38.2704
26.4163
45.5096
37.1348
32.8155
35.2592
32.3485
35.9304
32.4445
-1.0
40.3557
22.0734
50.0249
13.9526
-1.0
38.8998
-1.0
32.321
32.7586
41.1935
-1.0
49.1515
32.0051
43.8628
22.9082
36.1863
46.0794
-1.0
40.831
-1.0
33.0847
29.0744
51.7236
-1.0
34.0536
49.9708
26.4549
37.7199
50.1737
46.3362
39.4359
43.0209
52.2566
29.9683
51.2248
-1.0
38.4712
21.7029
30.1813
32.9498
20.2286
45.2166
-1.0
39.5645
-1.0
34.2243
22.1912
-1.0
42.2828
35.013
-1.0
17.1363
47.9988
29.9831
36.3889
37.4596
13.2048
49.5126
38.5321
20.0954
27.7317
31.1529
41.9279
29.5379
50.2706
26.7698
-1.0
-1.0
-1.0
32.7395
-1.0
15.7603
-1.0
28.3461
29.0342
26.3741
37.2083
45.7111
-1.0
-1.0
32.6234
37.598
-1.0
37.413
26.9675
28.339
-1.0
43.0786
47.1056
35.4755
52.0416
-1.0
50.2418
39.7303
36.9443
28.0125
37.6091
-1.0
45.4027
49.8058
48.5021
-1.0
44.69
24.3955
23.2623
44.7228
28.4357
23.0995
22.7796
37.3174
-1.0
39.7223
49.7091
-1.0
26.9939
-1.0
-1.0
-1.0
50.9798
50.4068
44.5239
37.7853
40.5306
45.5464
-1.0
47.505
26.7062
-1.0
29.3544
51.7854
-1.0
50.3026
23.1769
24.5165
30.9953
33.0819
-1.0
39.4051
33.2246
-1.0
50.4741
48.194
37.092
47.5163
32.4247
-1.0
38.5323
-1.0
48.5995
36.0262
-1.0
41.047
40.8983
47.6801
32.3214
36.1381
42.3081
33.9608
37.4225
35.6621
-1.0
30.1154
45.9499
43.3595
48.5877
29.6869
27.6415
49.3862
45.9276
41.2325
-1.0
46.9635
26.4088
-1.0
-1.0
-1.0
46.0441
40.8103
41.4082
20.4149
40.2683
37.6739
44.6174
34.5158
38.6843
37.1817
20.0521
32.9664
46.2827
-1.0
39.0015
40.385
-1.0
31.7554
42.2879
38.0756
49.2772
48.1851
51.7991
17.3104
-1.0
22.4108
13.0306
-1.0
23.9368
-1.0
28.8024
29.8244
40.7302
37.189
52.2832
48.956
38.2413
41.3955
-1.0
44.7758
-1.0
28.6197
38.5081
44.6807
38.742
49.6164
-1.0
30.2293
34.6319
-1.0
15.0877
-1.0
-1.0
41.9508
40.1633
37.4243
-1.0
45.064
29.7671
45.1982
35.1957
-1.0
24.7862
-1.0
20.1641
-1.0
-1.0
21.694
47.34
51.6722
-1.0
37.6238
-1.0
44.6369
26.4994
45.943
25.4453
28.9868
36.5308
50.9589
-1.0
50.1762
28.5906
30.1444
-1.0
-1.0
-1.0
50.472
43.1819
26.5929
25.8483
22.5633
-1.0
32.5005
21.005
40.5386
-1.0
50.0434
27.4121
23.8994
38.6373
43.4173
30.0322
24.6916
-1.0
30.3856
27.6286
40.0343
29.4275
-1.0
39.1466
20.2854
16.2577
42.3753
-1.0
44.2047
36.9422
19.577
20.4916
43.7746
36.5549
34.6986
45.9813
28.5364
50.6912
16.2474
26.4895
40.5747
-1.0
40.4361
21.8679
-1.0
49.864
34.9322
27.4226
10.0428
49.9448
46.9891
-1.0
45.3843
28.236
25.5052
8.0098
9.36697
-1.0
50.0119
32.6157
41.8234
41.0323
41.3693
37.1288
40.1799
-1.0
22.7782
35.6757
25.2821
46.4113
34.255
8.05232
51.5356
32.3883
42.1174
-1.0
50.7782
37.4793
-1.0
26.7202
24.9755
37.6239
32.4522
54.1951
25.3772
43.5787
31.8979
37.9492
36.8019
48.0915
51.4815
35.3402
43.4494
50.5609
16.4643
38.8718
-1.0
28.0018
13.7897
52.1955
13.2268
46.5027
45.7727
-1.0
42.7244
45.3888
43.1567
27.4899
18.1399
40.0831
26.4181
49.9016
-1.0
43.2421
-1.0
48.2644
51.1901
51.984
33.8163
51.0181
43.6032
-1.0
29.2472
25.4197
30.8296
31.6111
21.6151
-1.0
48.7198
27.2379
-1.0
37.3285
46.4506
41.1576
37.5438
-1.0
43.3075
19.9594
23.8341
8.19725
46.8414
32.8225
36.2035
47.6598
17.9874
26.5245
-1.0
50.9072
44.41
46.7675
39.0889
24.897
27.4254
44.6272
52.059
44.8313
32.5826
39.2015
24.4842
50.4
-1.0
41.2923
-1.0
35.2643
32.1548
51.0315
-1.0
15.7903
-1.0
9.83007
24.8876
32.1282
51.9622
21.6977
-1.0
34.6584
27.4956
43.0402
-1.0
48.7739
38.5689
41.6581
45.104
51.3821
-1.0
43.4225
25.9141
28.2008
30.7603
41.9699
-1.0
39.2989
41.7604
42.9061
35.8947
42.2659
51.354
-1.0
25.3734
-1.0
-1.0
35.6345
25.1959
41.2303
6.43059
25.8457
28.134
39.7571
45.1102
-1.0
42.0253
-1.0
45.339
34.1677
-1.0
50.4188
44.1799
-1.0
20.4826
49.9791
41.5701
13.956
30.354
39.938
39.8728
47.981
-1.0
45.2616
-1.0
41.5835
44.6989
38.9406
31.9753
48.8062
-1.0
42.1676
28.0226
42.6646
16.7368
44.5205
37.1183
27.3163
24.4652
-1.0
32.794
36.4864
40.8083
44.6313
21.8656
51.521
-1.0
27.4343
39.7079
23.4917
46.2941
38.1736
23.6364
-1.0
-1.0
32.5402
-1.0
25.4678
-1.0
-1.0
43.7718
44.0013
42.0824
43.6367
45.6494
27.4196
18.2914
43.3688
32.629
-1.0
29.6773
42.5557
20.6718
28.3994
-1.0
23.5721
36.5491
36.7735
-1.0
46.0818
21.9229
39.2201
33.4174
51.9941
33.098
50.4143
36.4091
51.6679
51.0007
38.1072
36.4708
45.2556
38.2918
45.8261
26.2706
-1.0
25.8374
35.6415
-1.0
27.624
29.175
49.5385
-1.0
49.4852
43.1794
-1.0
37.4119
42.4337
-1.0
34.4421
35.4175
-1.0
43.7003
46.5501
34.4074
43.4886
42.6751
21.3405
31.6276
47.0948
36.4889
32.9398
46.0817
50.7096
49.8066
25.1776
35.6719
46.8917
41.7063
22.9478
38.5361
43.0139
30.5279
25.7742
-1.0
29.1149
41.5741
25.9964
19.7761
49.3475
33.8327
20.1281
-1.0
-1.0
38.0556
33.5327
38.039
51.082
24.378
-1.0
-1.0
-1.0
-1.0
31.4231
50.1152
4.87937
32.6223
17.7296
13.7093
49.1948
-1.0
36.7018
23.549
38.7898
20.2662
17.6564
-1.0
32.5577
23.4048
45.899
-1.0
46.399
26.9143
35.0104
36.4459
40.6291
22.8584
44.0037
16.1468
-1.0
52.3115
41.1691
39.9847
45.0514
44.3902
-1.0
51.1419
-1.0
17.0493
32.4781
38.3687
51.4511
23.1793
45.6134
33.0521
49.5483
33.0253
-1.0
-1.0
32.8901
24.0043
-1.0
-1.0
49.5591
13.2671
32.6974
44.3307
43.8994
-1.0
37.7919
35.9528
-1.0
22.0566
41.7457
40.3088
-1.0
38.0495
37.0274
27.1415
-1.0
38.7333
48.5296
46.1124
-1.0
35.6557
40.0399
-1.0
49.1954
46.2494
-1.0
31.5535
26.4121
24.439
-1.0
7.0032
-1.0
-1.0
40.6823
51.8599
42.2595
42.9533
-1.0
44.5327
40.5748
43.7503
50.4799
33.0182
44.1554
29.2677
51.928
23.9221
17.385
43.1204
-1.0
23.3339
33.1562
46.4025
38.1714
35.5276
45.9529
29.4762
18.7224
49.5543
-1.0
39.7998
47.4913
26.7191
15.9388
30.5146
35.6441
-1.0
50.7395
19.3808
47.8715
25.39
33.6423
46.0943
-1.0
20.8815
-1.0
28.6946
33.8094
41.9867
42.7793
34.7613
46.7083
-1.0
35.0369
22.4287
35.9606
32.5815
50.2993
-1.0
10.3248
39.2889
51.9272
30.1729
35.6818
38.0326
37.7032
15.1068
41.853
50.9402
-1.0
50.111
44.1458
-1.0
26.3602
20.7813
25.0791
26.9807
30.5142
20.0114
-1.0
5.07287
12.071
48.1244
21.3664
44.1901
31.6338
47.6265
43.8722
27.0534
-1.0
38.8796
25.4873
-1.0
27.4224
25.7822
13.9306
45.2165
51.7678
43.3409
34.5342
44.1094
15.3751
43.5481
41.577
8.27838
-1.0
44.9705
13.8657
25.1357
-1.0
-1.0
44.1038
39.2917
48.0172
46.5489
44.8932
48.2193
40.1563
45.6877
40.2534
41.0868
49.9133
44.0579
45.0697
-1.0
48.6838
18.9958
32.6758
-1.0
-1.0
-1.0
46.7611
-1.0
44.995
51.9597
26.7613
38.5416
24.8544
45.6021
30.817
39.7778
32.6843
40.2458
24.5953
43.0901
-1.0
48.3894
20.302
51.0637
-1.0
15.5222
51.1494
43.9237
36.7988
48.227
46.2906
16.5395
-1.0
25.2456
45.7113
43.042
-1.0
25.0724
17.6905
27.0653
46.4563
40.4807
45.9869
38.0321
43.605
-1.0
34.4394
31.6565
-1.0
49.4865
25.7659
40.4736
-1.0
26.4569
21.0453
33.575
39.1575
42.8247
-1.0
-1.0
41.53
50.7485
21.8692
47.4904
-1.0
31.2024
42.6934
27.4667
51.6117
-1.0
15.2389
36.2772
40.8121
45.3503
20.5362
36.3148
26.8761
36.6519
49.4808
17.7341
45.7196
49.3441
50.8772
-1.0
-1.0
28.9578
47.4586
30.9574
26.8998
26.4329
43.4217
28.0
-1.0
-1.0
28.0916
27.3196
-1.0
-1.0
37.4443
19.8773
28.5319
-1.0
38.3804
50.2208
30.7429
44.9736
-1.0
-1.0
36.8072
46.9797
45.144
25.7248
40.2715
50.5533
44.1084
24.7052
35.6788
32.7963
48.8562
26.5305
-1.0
10.4826
33.5205
49.698
44.0768
24.4365
41.307
39.4113
45.5247
34.2592
38.287
30.9747
36.8953
-1.0
48.0748
46.1271
46.1915
42.155
33.6584
-1.0
32.9025
-1.0
43.2832
34.806
-1.0
51.1914
40.0514
-1.0
37.5901
30.5148
32.9147
51.3569
46.2565
25.1554
48.9973
33.9057
-1.0
33.2007
20.7244
40.8616
-1.0
36.8258
49.1033
-1.0
47.9404
51.6551
43.0249
-1.0
52.2968
42.0369
10.3992
24.5221
47.6462
27.9314
45.8149
45.1665
-1.0
44.1486
52.2887
32.9729
34.5723
21.8843
-1.0
39.0723
-1.0
47.1078
-1.0
41.6418
21.4126
49.2942
30.821
48.1999
-1.0
-1.0
47.1826
-1.0
-1.0
46.0335
11.7789
32.6575
25.2683
23.2681
35.0527
-1.0
47.4693
36.3351
13.1681
20.6404
33.3915
-1.0
28.3978
28.2119
-1.0
31.4037
-1.0
51.0881
43.9277
-1.0
-1.0
51.6472
36.1148
45.0948
-1.0
36.4074
-1.0
-1.0
29.8145
42.7655
-1.0
22.0901
37.3595
-1.0
-1.0
-1.0
26.0505
50.3088
38.7547
-1.0
35.2675
-1.0
24.6533
-1.0
48.0895
45.8397
51.5431
37.7196
47.4473
-1.0
38.2377
35.7355
44.9993
34.4899
44.8218
-1.0
43.0183
49.8916
24.9633
-1.0
-1.0
40.4048
43.3298
-1.0
-1.0
-1.0
31.5324
49.0526
35.6447
-1.0
15.3168
40.5064
-1.0
40.3393
13.5057
31.3925
43.846
51.4714
-1.0
-1.0
22.1195
40.7196
-1.0
47.4339
43.7116
37.4468
-1.0
-1.0
29.8443
-1.0
-1.0
31.6068
-1.0
32.6305
-1.0
-1.0
24.9834
49.1648
-1.0
48.5
13.8647
18.5678
27.5836
21.0564
49.5256
-1.0
-1.0
49.3305
22.4502
-1.0
-1.0
28.0509
50.0532
44.3492
26.2615
41.6731
31.388
51.6353
30.8621
-1.0
42.2533
51.1757
19.6295
-1.0
50.2967
20.2282
-1.0
49.3262
53.14
33.8043
45.4054
-1.0
10.7906
51.554
52.0057
41.8209
32.6615
-1.0
33.8263
-1.0
14.9637
36.98
-1.0
-1.0
44.361
41.3772
-1.0
32.7808
40.2572
48.7957
41.668
36.6862
23.1354
46.054
40.7115
37.4743
29.2721
49.9154
21.1463
14.6336
23.9438
43.6312
-1.0
43.1048
-1.0
41.3008
-1.0
50.012
-1.0
44.3265
-1.0
33.1391
28.8022
46.1847
19.0834
44.5395
52.1148
25.4692
-1.0
19.6308
48.5121
30.7619
39.6236
51.7421
15.5204
32.04
42.7497
26.265
-1.0
33.2385
41.9416
-1.0
24.7081
45.5355
-1.0
36.3238
43.6812
-1.0
31.332
46.321
49.8973
30.309
34.5938
43.3316
28.0593
33.8161
22.8264
26.2175
-1.0
27.8118
27.4506
43.0741
47.4125
-1.0
29.5047
27.2621
-1.0
-1.0
-1.0
30.5816
38.5375
-1.0
51.6707
29.9051
-1.0
-1.0
42.5681
-1.0
-1.0
33.1009
-1.0
24.8397
47.3289
-1.0
21.6837
21.6371
24.2572
36.8463
48.3683
48.913
39.1217
-1.0
20.367
-1.0
41.5413
46.5365
36.5599
35.3353
27.4641
44.8864
41.1754
39.4822
25.5004
35.7812
38.8029
50.6572
50.81
32.3695
43.3475
37.9691
-1.0
51.3924
17.99
46.1699
31.571
15.7273
37.0641
15.6836
38.2537
-1.0
28.8572
48.5278
37.7776
43.0015
44.138
19.5707
45.0176
22.9149
38.0771
40.1419
13.3819
24.8381
-1.0
38.6875
41.6538
18.5414
39.0618
-1.0
42.3937
33.3243
-1.0
22.6024
-1.0
38.1677
-1.0
23.599
50.4274
49.2368
45.9563
-1.0
-1.0
52.3095
45.2662
-1.0
26.4621
15.4358
46.015
55.0015
27.9743
24.2525
31.8431
41.4603
-1.0
-1.0
40.3881
45.5391
20.9229
-1.0
21.7004
39.3937
37.3044
40.0723
30.5074
46.3565
43.0523
38.8847
43.5054
52.527
30.2668
40.1195
33.2361
38.3608
25.5655
50.9215
24.005
-1.0
41.051
36.6083
46.3569
16.3329
35.0298
36.3205
28.0454
-1.0
41.4701
-1.0
26.4985
49.7865
50.7309
-1.0
-1.0
48.6478
41.3685
42.3788
16.1504
33.2018
34.7677
-1.0
39.6478
43.8707
35.1879
14.8681
9.39943
-1.0
45.2688
19.6307
16.4621
-1.0
31.8361
48.3577
45.6246
17.9499
35.6179
28.9877
-1.0
-1.0
22.2925
44.1457
33.575
27.1694
52.134
31.2946
19.6526
40.2246
21.9323
46.6716
-1.0
13.4938
-1.0
43.067
38.5523
36.1502
21.5069
39.8173
44.3684
28.2176
42.2128
-1.0
-1.0
32.3287
48.8019
50.8221
51.1463
44.3774
19.1059
50.9033
24.6486
28.1065
51.0145
46.8003
30.0333
51.4245
-1.0
-1.0
49.5995
30.4921
43.9775
33.0523
-1.0
44.4247
41.3963
-1.0
35.5841
31.7389
24.8
17.8061
26.5931
55.7091
46.7443
45.3941
51.0363
11.3045
-1.0
31.8911
31.9048
15.4357
46.6966
31.1743
43.1169
20.471
-1.0
41.4572
-1.0
34.159
43.5225
11.6359
28.4165
-1.0
28.0406
12.5581
-1.0
31.3281
47.4476
47.2338
-1.0
31.3779
33.633
31.947
24.3958
-1.0
29.4205
-1.0
45.1108
49.3884
38.7726
47.3912
47.432
42.0244
32.3249
47.6728
-1.0
48.1277
42.2129
-1.0
32.3724
46.9504
29.3389
-1.0
42.7182
47.8772
-1.0
30.4998
44.735
-1.0
35.6347
15.0366
-1.0
-1.0
-1.0
35.5984
30.7823
39.0563
49.7983
26.4079
-1.0
43.7429
-1.0
40.9784
19.0707
43.9922
21.6233
24.4803
37.1006
45.5592
-1.0
26.579
29.3459
28.4502
34.925
37.4681
-1.0
49.6816
40.2373
40.503
38.6195
-1.0
45.2998
33.5273
45.8669
-1.0
-1.0
36.0627
51.2207
-1.0
30.6161
22.5753
28.3532
39.3745
42.7044
-1.0
-1.0
14.9486
41.6051
-1.0
49.4049
27.1932
-1.0
37.3732
27.1188
49.9277
25.7393
49.6996
30.7177
-1.0
46.6588
-1.0
27.5377
-1.0
30.2135
30.6413
-1.0
26.2406
-1.0
34.9869
45.5241
48.0727
44.1188
37.0813
46.0602
26.599
36.8982
49.3065
35.5327
26.4565
-1.0
37.5462
7.67763
48.4492
40.5748
54.2347
29.0074
40.829
48.8338
41.1202
14.1298
12.6626
41.3229
33.6694
-1.0
51.3067
-1.0
29.614
51.227
-1.0
51.1008
-1.0
37.6245
17.4979
-1.0
42.7832
37.3024
26.5746
37.4531
37.1729
41.0999
-1.0
43.8822
39.7291
37.6165
51.3435
34.8073
47.2481
50.0669
34.5975
-1.0
26.9576
47.1442
39.645
16.5893
43.7886
-1.0
-1.0
36.6738
16.0617
46.5866
42.237
50.3715
44.808
43.0518
-1.0
-1.0
40.5214
41.0957
46.373
45.6681
43.8752
45.7805
-1.0
-1.0
-1.0
51.0636
43.16
31.5356
40.9347
50.6158
49.4262
36.3703
35.5908
42.5967
40.8973
23.9577
-1.0
-1.0
38.5315
39.1546
18.5299
-1.0
24.2671
35.8315
14.082
34.6196
45.2984
-1.0
-1.0
46.7599
45.6185
24.8152
-1.0
28.368
32.1408
42.2266
47.2191
-1.0
47.0287
45.4178
45.4451
42.5024
38.1532
31.1086
49.2554
25.0122
29.4961
-1.0
19.5147
-1.0
33.8994
34.804
32.1979
45.3816
47.2247
-1.0
41.529
-1.0
-1.0
39.8743
43.0777
50.0199
32.6126
34.3954
36.0439
37.5403
40.0437
10.0494
-1.0
-1.0
-1.0
19.5784
8.84608
33.2821
36.1507
42.8459
-1.0
45.1346
46.5751
35.4996
-1.0
39.1267
-1.0
29.4717
46.4993
-1.0
41.3467
33.9647
40.6234
42.7835
-1.0
38.2494
31.4298
50.8326
-1.0
40.5919
21.9415
38.0724
-1.0
49.8553
-1.0
-1.0
25.0496
31.9913
40.3464
39.3277
29.8771
22.9216
25.579
30.3517
44.6881
37.0804
37.4138
45.6052
41.1816
27.283
46.227
38.5664
50.62
40.7108
-1.0
34.22
33.8059
36.5798
46.586
36.266
35.473
20.9726
40.9828
34.3782
26.1394
-1.0
42.1955
34.4122
47.0317
33.0227
-1.0
44.3791
-1.0
46.9295
33.3379
53.5956
10.984
26.7929
48.5734
41.4683
-1.0
-1.0
42.5567
19.339
47.1898
27.6455
48.2501
38.192
24.1785
46.8538
28.245
-1.0
43.2836
-1.0
-1.0
27.8173
-1.0
47.3624
-1.0
42.5196
42.3011
-1.0
45.3019
12.1796
19.2003
41.9887
14.0451
43.5842
-1.0
44.0068
38.7425
46.854
20.4854
43.4414
20.1315
39.4813
-1.0
35.2419
43.2757
50.8207
47.0585
45.6228
47.7904
27.9894
46.1844
51.9135
26.2957
44.6153
42.5592
27.1363
38.3658
28.3029
45.4957
43.0337
42.6389
50.0481
36.5111
51.568
-1.0
37.1174
-1.0
50.361
-1.0
40.7059
-1.0
-1.0
-1.0
-1.0
48.7221
38.381
49.0101
34.0014
-1.0
31.7222
-1.0
13.5922
35.5274
21.4663
32.5976
32.733
13.5822
51.4976
47.2691
21.5226
30.9363
54.1687
40.5058
48.8671
35.0936
-1.0
25.0363
37.5264
-1.0
50.5994
30.7762
51.5076
5.02059
35.5989
52.0111
42.0079
28.1327
41.354
-1.0
43.2222
-1.0
20.0053
30.3902
-1.0
-1.0
33.3611
46.3688
29.7248
22.3073
37.3798
-1.0
13.6183
22.1172
-1.0
42.8108
-1.0
-1.0
38.8367
33.3659
45.0488
-1.0
11.5179
47.2161
40.8618
30.7548
41.6307
33.3199
44.6443
47.0807
45.0799
31.1973
-1.0
45.4493
43.0856
46.8378
16.8493
25.5846
-1.0
-1.0
-1.0
44.2143
25.9885
-1.0
29.7013
51.391
14.7704
15.0314
-1.0
38.6089
38.8251
42.7967
-1.0
-1.0
39.3353
35.0186
38.0698
53.6743
39.1433
15.9812
47.4246
37.9631
25.0013
46.9799
38.1998
-1.0
-1.0
-1.0
48.6028
40.8825
-1.0
25.1451
42.905
39.4168
50.9887
51.7781
48.2671
46.1363
41.8435
-1.0
40.6325
-1.0
17.9263
10.0402
30.0104
-1.0
42.7376
-1.0
-1.0
44.6915
49.347
28.6018
30.934
-1.0
35.6082
-1.0
37.7587
-1.0
37.8771
42.9718
-1.0
-1.0
25.3826
26.0445
-1.0
37.0721
49.6576
10.4737
-1.0
-1.0
38.4692
44.7939
38.1252
-1.0
30.4336
33.901
42.9914
36.6622
45.1596
24.7243
41.5428
9.36147
24.7923
51.6137
38.7018
20.2844
31.9557
-1.0
27.2228
-1.0
42.8618
23.507
50.5078
47.8668
29.6344
42.2905
33.8958
47.588
-1.0
44.3344
28.7904
25.6676
45.0728
42.3568
35.3774
-1.0
37.3914
26.4334
51.1994
40.6242
25.6013
43.5527
48.6095
49.9824
43.3188
32.9208
51.5292
-1.0
-1.0
-1.0
42.1458
38.6585
49.2586
42.8297
-1.0
23.5337
32.995
23.7409
-1.0
-1.0
35.1368
43.742
40.2271
10.4161
44.1608
49.7746
36.2926
19.4154
49.728
-1.0
45.9248
-1.0
31.9778
39.4182
35.0777
25.2239
-1.0
51.1866
49.7693
-1.0
46.0551
43.1178
-1.0
24.0057
35.4196
-1.0
55.3276
45.2137
48.9199
35.5279
41.7563
26.0862
24.989
52.2248
49.7688
16.3309
31.2089
15.5762
50.2715
-1.0
31.2926
44.2604
51.7511
46.0608
30.2039
34.7252
48.3395
36.5161
31.7693
28.9147
43.9555
38.3054
10.1044
23.3632
50.4076
-1.0
51.04
50.7691
37.8815
39.8666
42.0946
39.4676
45.2463
34.1323
32.0915
22.3382
51.9392
-1.0
-1.0
46.6359
53.3858
24.3283
49.5534
45.6642
41.6407
-1.0
30.3811
41.2855
24.6891
-1.0
-1.0
20.2826
39.739
52.1012
36.3767
24.773
-1.0
48.577
-1.0
19.0864
-1.0
38.1558
25.7583
14.9641
-1.0
41.0837
-1.0
22.024
47.9525
31.9073
35.5012
46.3792
-1.0
-1.0
31.1728
-1.0
48.1013
-1.0
38.661
36.8102
41.8561
21.7717
30.6989
-1.0
39.0729
44.1088
21.1254
-1.0
-1.0
45.2489
42.4206
41.694
43.3534
32.4923
25.461
41.1467
51.9495
-1.0
47.1478
37.5099
-1.0
43.5091
-1.0
-1.0
38.0865
-1.0
28.4159
-1.0
-1.0
-1.0
34.2277
-1.0
-1.0
48.7499
31.6941
50.2799
47.5335
42.8851
49.8132
25.3567
26.1731
-1.0
35.7022
24.7509
-1.0
55.8543
32.4208
41.6946
35.0977
35.4575
38.1742
39.735
32.2561
-1.0
47.6163
51.0806
33.805
39.1959
50.2898
-1.0
50.1472
43.0462
25.9953
48.2953
38.8664
46.9746
52.0075
49.0998
44.3261
47.4762
37.4802
23.1519
51.3181
36.5552
15.0061
-1.0
45.8591
-1.0
26.7964
17.6337
36.4298
51.4141
36.5467
23.4395
-1.0
39.6808
47.3784
13.7465
35.6271
-1.0
-1.0
49.2635
42.5405
38.3808
35.4333
-1.0
47.709
45.0637
-1.0
47.7544
30.7312
25.8955
9.56226
25.7203
48.8923
44.468
46.3853
26.0308
49.9469
-1.0
37.3722
-1.0
26.4661
-1.0
41.9959
34.8492
37.9604
39.0605
49.6667
29.9267
-1.0
50.681
49.2666
34.8505
33.1612
36.2854
-1.0
44.455
-1.0
30.0307
33.9022
46.2977
51.1645
47.7987
-1.0
-1.0
23.7373
43.7377
-1.0
-1.0
-1.0
46.6681
-1.0
29.0203
-1.0
44.1633
31.1426
46.6665
28.4235
44.9391
29.1799
51.9114
12.5655
-1.0
43.5512
51.2087
27.0688
-1.0
45.0958
49.1048
30.9912
-1.0
46.2256
49.1335
35.9425
33.1027
38.2478
-1.0
51.3171
44.3373
33.2415
17.9918
30.1803
34.8848
36.8405
46.1772
43.9806
-1.0
52.1205
-1.0
52.054
44.6486
-1.0
27.7085
-1.0
42.4003
-1.0
31.2322
17.5612
41.6506
54.3012
35.4172
45.0282
45.8989
41.2955
34.3233
21.5869
-1.0
-1.0
-1.0
-1.0
43.2896
51.8535
31.5171
30.9619
50.3869
36.4077
44.7002
43.788
26.3344
18.3021
37.8494
20.1503
37.1396
51.6957
43.1452
44.428
49.5809
15.5093
-1.0
-1.0
-1.0
28.7436
-1.0
50.1784
-1.0
11.4784
52.1406
-1.0
-1.0
45.7349
33.7267
28.3798
23.6798
36.5084
32.7128
-1.0
46.707
37.5975
18.3897
46.6372
26.1715
45.9665
-1.0
41.8736
36.0644
31.0212
40.3919
-1.0
49.0378
28.2917
45.8055
41.5606
31.707
31.9163
51.3697
36.283
-1.0
-1.0
23.4536
43.4465
42.0204
44.0713
-1.0
-1.0
-1.0
25.5882
40.3773
-1.0
41.8221
-1.0
-1.0
39.9811
32.6461
37.9651
45.8518
33.9475
46.627
38.3903
48.0238
49.3479
-1.0
35.4764
-1.0
46.2247
40.69
49.0722
42.837
-1.0
51.201
38.0899
45.6643
34.1069
-1.0
51.8832
50.934
28.0626
51.2932
-1.0
-1.0
-1.0
34.3164
51.1529
43.2894
30.8091
36.7065
29.081
29.5231
-1.0
39.831
-1.0
14.4134
27.8962
46.7236
42.8033
44.8235
23.4699
44.9292
42.4883
-1.0
34.4963
28.3563
-1.0
36.2502
42.7877
39.6909
38.9605
38.8207
39.0325
-1.0
-1.0
-1.0
42.3347
46.7954
30.8673
-1.0
45.5652
47.0729
-1.0
45.414
31.7951
35.0637
-1.0
-1.0
26.8288
40.3175
41.4105
45.2058
23.3422
22.9122
-1.0
39.6703
50.3559
32.3124
51.6797
23.9163
16.3073
46.9376
-1.0
24.203
43.9885
40.859
36.7956
44.7886
23.0227
22.5186
-1.0
-1.0
39.1154
43.2291
-1.0
51.0212
50.4391
51.6118
30.1385
19.9267
48.2654
-1.0
40.0939
-1.0
37.1866
-1.0
49.4239
40.2807
35.2015
-1.0
43.2173
33.607
38.6193
16.6962
19.6242
32.316
38.0654
31.5302
48.9893
40.6379
16.7931
48.2193
-1.0
-1.0
42.1001
25.4657
33.6505
22.9254
51.9512
27.9904
-1.0
47.5434
49.4106
-1.0
43.7947
13.8226
34.0336
27.3038
45.3774
-1.0
34.2548
44.1003
38.5971
12.691
32.9137
32.7127
44.8201
15.7263
16.4218
32.0038
44.7635
24.8275
43.8075
38.5391
51.4848
45.935
21.9589
46.0507
-1.0
51.9427
50.1215
30.0478
32.2465
42.6122
49.0531
-1.0
36.4247
46.3656
38.3167
43.4776
52.1444
46.3714
-1.0
51.4237
-1.0
43.4742
27.0394
47.8583
10.6087
50.7867
39.0944
42.7031
39.9195
-1.0
48.5196
42.5443
29.8142
-1.0
28.7166
28.5419
38.3017
-1.0
36.0901
-1.0
-1.0
-1.0
50.3215
-1.0
-1.0
37.9862
43.4574
21.2196
-1.0
54.8858
30.7714
16.9549
-1.0
43.5637
-1.0
35.543
38.5438
48.8434
25.2002
38.7675
-1.0
50.0113
13.1368
39.5642
40.6392
40.7905
12.8742
47.6977
39.4271
28.0377
41.1085
31.7832
34.8775
26.5336
32.4988
48.059
5.22125
42.568
-1.0
51.9602
37.8997
-1.0
-1.0
38.2264
-1.0
45.2715
40.7887
45.3773
50.9302
24.7818
50.239
47.1999
24.4691
26.7501
-1.0
34.9623
-1.0
28.6734
22.0329
48.095
39.8045
44.6476
42.7724
-1.0
-1.0
46.4817
45.2905
26.0533
-1.0
49.2114
-1.0
31.2914
17.859
32.3738
42.5118
20.3398
40.5745
21.6831
39.4134
49.1803
24.8982
51.0979
27.3463
-1.0
25.0132
49.9642
50.0677
26.2902
49.1742
29.3823
43.9341
38.5791
46.0072
51.3769
-1.0
-1.0
17.2566
40.6264
44.1988
41.123
-1.0
34.0401
28.2991
46.8572
25.9654
44.8858
-1.0
40.8151
45.4814
39.897
46.6719
16.4734
15.0531
-1.0
-1.0
29.7571
-1.0
-1.0
37.5479
20.9865
-1.0
50.7327
44.5986
37.8376
-1.0
43.0272
-1.0
29.8961
51.1676
-1.0
10.0266
37.1994
-1.0
44.8344
34.396
48.3711
39.5246
-1.0
51.3363
12.2321
23.8792
18.4948
25.4224
22.8067
47.4236
-1.0
48.4107
26.617
-1.0
49.4131
29.8523
24.5879
45.1798
50.7638
22.5154
42.4617
18.2941
47.9728
38.7603
33.6504
-1.0
38.0242
-1.0
50.7538
51.8031
-1.0
35.1731
44.9419
-1.0
-1.0
40.8587
44.5273
33.9703
35.936
-1.0
11.058
51.5202
44.9915
38.1164
-1.0
11.446
51.5245
36.466
26.1999
-1.0
-1.0
29.9486
36.9727
45.3066
43.2515
21.4192
23.1504
38.725
44.5165
23.7855
30.3784
-1.0
26.9141
11.6595
-1.0
51.6166
-1.0
33.1883
24.0129
40.6823
-1.0
44.7172
34.9582
12.1421
-1.0
37.3629
-1.0
42.1552
26.7644
39.9299
38.6884
22.4852
-1.0
49.4987
-1.0
35.31
-1.0
-1.0
46.0352
44.0213
34.1997
14.1226
36.9071
50.5814
42.6043
39.4897
24.825
49.4334
45.9967
27.2755
-1.0
6.52098
51.2109
-1.0
-1.0
49.542
49.4646
40.9499
38.5062
39.0278
45.4711
41.8763
34.5179
29.9224
47.9085
39.6134
27.8136
38.8664
27.4621
32.4915
-1.0
-1.0
50.132
45.1137
44.3921
-1.0
49.3904
47.8315
47.1636
48.4278
18.5937
40.4817
-1.0
31.8497
21.9969
51.3072
47.9725
29.1802
29.3999
-1.0
52.1348
38.7167
26.1644
23.9964
35.4831
-1.0
39.0144
27.0056
-1.0
42.5818
47.5263
52.0919
42.3187
47.0327
47.6643
-1.0
41.5126
-1.0
-1.0
20.1695
42.1446
23.9804
-1.0
36.128
41.895
47.2779
36.8938
-1.0
26.2596
-1.0
51.6959
49.4343
42.023
35.996
48.5662
41.9043
-1.0
41.5275
43.5322
20.8114
49.203
40.293
46.2475
44.0607
46.8359
49.3395
34.7902
40.1657
-1.0
50.7153
47.3921
44.4627
46.7115
41.9648
28.2942
40.73
43.8924
-1.0
44.555
25.2593
52.321
22.5452
39.2522
37.044
41.5977
-1.0
-1.0
37.184
44.5341
49.1881
-1.0
38.5222
40.1811
43.934
34.6138
26.8361
22.2654
45.9961
-1.0
42.1889
38.6904
48.9011
10.8569
43.9809
45.2653
40.9836
39.3632
-1.0
9.75071
-1.0
46.658
5.24682
52.3131
47.5147
32.3637
33.9291
18.0421
50.0109
27.5214
34.6155
47.4959
35.6214
50.1357
33.2291
37.7535
26.7015
-1.0
-1.0
49.5356
34.972
32.2144
19.5079
-1.0
32.4942
30.3816
-1.0
22.9715
36.5874
38.8813
-1.0
35.1864
49.3299
-1.0
13.3871
39.7765
40.0223
41.9841
19.1658
42.4409
37.8929
44.8132
-1.0
51.4387
-1.0
-1.0
21.4225
45.3139
22.9951
46.4175
48.6559
47.6702
36.1656
-1.0
49.6641
41.6822
-1.0
31.0232
46.2808
-1.0
36.0982
-1.0
21.6582
-1.0
-1.0
-1.0
8.38868
-1.0
24.054
40.5268
17.2186
29.0207
30.9799
-1.0
40.4796
18.8247
34.9464
-1.0
16.13
34.9982
34.5717
44.0854
39.2003
36.8908
36.9089
52.0673
22.907
50.2659
33.9053
27.2626
43.3004
43.1466
30.9589
-1.0
43.1436
30.7028
-1.0
51.3019
38.6434
-1.0
36.2575
51.4675
35.9158
-1.0
-1.0
-1.0
35.1312
-1.0
39.9855
-1.0
42.5521
42.325
43.8495
50.0862
36.3445
37.9731
-1.0
43.6889
19.6396
34.0974
-1.0
-1.0
28.1741
30.038
-1.0
-1.0
-1.0
39.7124
23.5026
6.10371
25.1147
15.3096
37.1955
45.1354
-1.0
30.5361
47.49
35.9201
45.4563
51.5821
-1.0
45.8838
32.5403
48.5551
23.8034
8.40536
48.6022
-1.0
34.1982
47.1722
38.1637
43.5055
-1.0
29.3416
31.6769
41.2143
50.4943
35.7291
40.1709
-1.0
45.7939
38.8205
17.8369
42.0973
-1.0
-1.0
-1.0
50.5278
42.6442
29.1258
38.9736
44.891
-1.0
-1.0
21.5643
42.8772
32.7145
44.6577
46.7364
41.6801
50.9576
36.9809
-1.0
51.6878
-1.0
-1.0
11.6855
45.7247
49.2164
-1.0
-1.0
-1.0
27.535
-1.0
34.3256
52.6234
32.0872
34.5373
52.285
41.6782
52.8162
-1.0
27.3755
38.2698
39.2595
32.6957
43.4366
27.6264
36.2827
48.4535
36.9325
23.5655
-1.0
36.09
45.0804
25.706
33.7326
19.9054
26.0186
30.7135
30.9896
46.1383
-1.0
-1.0
-1.0
50.565
-1.0
40.8322
28.6124
-1.0
17.9028
27.7264
14.0975
44.4267
-1.0
18.9548
38.4159
21.5143
46.7532
-1.0
-1.0
13.9807
39.8244
-1.0
32.084
-1.0
-1.0
23.3614
-1.0
52.6546
45.9277
30.8936
30.4027
45.3726
44.9808
30.128
43.7554
46.9232
30.6752
33.6942
48.6725
47.7439
49.1452
34.0218
47.1358
38.9204
20.8515
33.762
47.2326
-1.0
22.2927
-1.0
20.8669
48.1416
39.0399
47.8409
-1.0
-1.0
-1.0
28.3804
31.4145
-1.0
25.1325
-1.0
36.5973
21.6392
-1.0
38.9514
49.07
-1.0
13.9994
31.2252
25.3976
50.14
-1.0
11.7809
50.7793
40.4059
-1.0
45.0284
49.923
33.0557
-1.0
18.618
-1.0
-1.0
-1.0
48.2007
48.0622
-1.0
41.2873
42.4039
43.6836
41.8024
28.223
-1.0
29.5585
-1.0
21.1004
35.8528
-1.0
30.6384
17.6318
47.8804
50.1097
35.1854
39.5926
25.6703
50.9694
41.3987
-1.0
30.2986
44.4735
29.6517
31.1733
50.4245
22.9553
-1.0
33.8568
41.9327
51.6089
-1.0
17.2482
32.3763
19.4555
-1.0
51.659
41.391
37.0038
24.6387
-1.0
39.8732
48.3993
50.8744
20.0471
25.8091
29.725
-1.0
46.1803
35.8492
25.2762
36.0172
37.3178
-1.0
29.7061
51.8631
40.0731
40.3548
43.1994
33.7866
9.91809
50.3332
32.7443
41.1458
25.4253
36.5038
23.2625
40.8972
19.8871
-1.0
41.8005
31.7826
39.3763
34.259
47.7126
40.0167
21.2604
15.2913
52.1528
-1.0
15.8587
-1.0
-1.0
32.7785
-1.0
50.2052
48.1511
-1.0
-1.0
-1.0
36.8053
50.5159
-1.0
18.0677
23.8721
54.6981
-1.0
48.7423
32.9521
26.4293
51.1186
-1.0
44.8018
31.8293
22.0004
45.8948
37.4963
42.6845
22.5671
39.6878
-1.0
43.468
10.1106
36.8908
50.9998
51.0505
30.612
47.0619
42.1248
49.352
-1.0
-1.0
-1.0
42.8312
51.4626
29.8406
35.1214
24.8349
40.2128
-1.0
35.5864
37.1297
27.1069
-1.0
51.7829
51.799
45.0178
11.9611
36.891
-1.0
45.7128
22.412
24.9519
14.2809
31.4438
22.5021
51.1977
37.204
42.6252
35.7416
28.3543
49.413
-1.0
43.1415
-1.0
49.9262
21.1713
50.5946
45.6902
49.6486
41.2519
-1.0
42.2711
44.4449
37.4084
38.6943
-1.0
20.2565
42.4941
13.8091
-1.0
21.9654
45.7355
40.8227
41.0253
34.4164
-1.0
-1.0
51.5875
41.0926
47.6287
-1.0
36.277
41.7092
33.8349
52.0795
32.2187
19.2396
32.7689
21.5774
-1.0
48.6533
26.648
29.2556
44.0948
45.9478
-1.0
36.5697
47.5538
11.2925
29.6479
-1.0
27.567
-1.0
22.9885
34.2589
34.6265
48.4154
31.8353
47.1146
-1.0
49.9656
-1.0
-1.0
47.7448
47.1059
46.0537
45.6352
-1.0
51.1718
44.0808
48.9092
-1.0
46.6757
43.4346
40.0625
-1.0
16.2611
37.64
37.645
12.5002
47.573
-1.0
-1.0
9.122
47.8774
7.99589
21.7964
40.7573
-1.0
-1.0
-1.0
29.4088
32.8461
-1.0
35.8623
43.8161
47.802
-1.0
47.1489
-1.0
34.7694
46.3837
-1.0
-1.0
21.5213
33.854
23.457
-1.0
43.6178
30.9147
22.4819
39.5318
28.0588
46.973
41.772
-1.0
39.3555
-1.0
-1.0
38.1533
36.897
35.025
-1.0
35.5087
38.5657
-1.0
-1.0
46.7566
-1.0
-1.0
-1.0
21.5554
39.0349
50.5494
-1.0
43.5052
22.0006
48.0835
-1.0
33.3222
-1.0
45.6467
-1.0
26.4655
23.1756
36.107
43.8899
51.5607
26.0816
47.4077
23.6498
-1.0
-1.0
-1.0
-1.0
39.7459
42.1643
52.2573
43.5091
47.5778
26.0103
35.5632
33.5187
44.3093
-1.0
-1.0
32.4298
31.0486
34.4872
27.4346
33.0404
20.631
46.4258
29.8753
48.3893
45.7792
49.9818
32.762
40.8199
47.956
-1.0
43.874
12.8017
11.4952
21.5379
-1.0
36.688
45.0445
52.5867
52.3011
-1.0
-1.0
22.3323
-1.0
23.7047
-1.0
35.4511
33.1876
34.3979
46.0392
-1.0
31.5512
33.3511
48.1813
47.2866
26.4352
40.1073
34.581
33.703
20.1917
28.6499
42.2295
-1.0
32.1243
28.3456
18.8709
37.3201
33.1944
48.776
-1.0
-1.0
12.3989
30.9484
27.9691
-1.0
25.2313
-1.0
-1.0
30.8537
51.8593
41.275
-1.0
42.2212
20.6257
37.9255
19.075
48.1419
43.7559
22.5999
44.5497
48.616
50.0022
27.8909
13.3191
-1.0
-1.0
-1.0
49.6431
15.506
-1.0
50.1454
32.3847
37.1374
30.8627
51.7144
44.29
45.5422
-1.0
47.6208
37.5385
-1.0
37.5748
24.2326
-1.0
-1.0
45.3928
41.7784
47.6155
25.8145
51.9303
18.5844
16.5203
48.9213
29.2246
40.8246
42.3631
50.599
44.9603
-1.0
41.2169
15.3082
-1.0
7.05154
-1.0
27.4893
50.4197
32.6517
36.7765
49.3823
25.2621
17.9255
39.8261
30.2528
52.2494
-1.0
46.4944
43.2883
50.5979
28.7287
36.0426
14.5986
-1.0
-1.0
-1.0
40.5817
36.6828
47.6992
-1.0
46.6092
52.185
48.4982
21.1413
20.6601
38.3605
29.1983
-1.0
-1.0
46.8558
36.7262
50.0977
42.6593
-1.0
-1.0
-1.0
21.4579
22.8568
24.8316
23.1006
43.6943
29.3054
37.9439
34.7329
44.5492
39.6254
35.9476
-1.0
40.2967
-1.0
39.3411
49.8886
39.6435
47.1536
34.4916
27.9985
44.8647
45.7406
25.4089
27.5364
46.4718
38.8401
25.9098
45.9229
48.2984
-1.0
43.5146
40.792
33.9852
42.1008
-1.0
-1.0
-1.0
42.5592
29.3406
46.8527
-1.0
-1.0
43.8401
44.4306
39.4047
50.7433
41.2841
39.193
32.5441
36.1927
-1.0
-1.0
26.6538
50.6153
52.2976
47.8317
50.8862
12.9029
37.7023
48.2215
31.3141
40.482
48.9502
-1.0
41.4861
34.4229
44.6017
45.5485
23.9317
31.9702
-1.0
21.0394
36.5691
38.1836
17.8666
43.9824
45.2684
44.6827
50.4811
38.2028
29.1843
-1.0
-1.0
37.0204
42.658
31.5635
49.306
36.2439
19.6301
49.2076
29.0335
43.3809
51.7145
-1.0
13.8215
42.8623
49.6981
32.733
26.746
35.9817
20.0189
36.8257
-1.0
48.8326
50.1288
30.2774
50.5448
28.4317
9.6919
-1.0
46.5329
53.3218
35.0785
49.3787
42.5508
23.6873
52.0847
22.2536
-1.0
29.055
31.3623
17.7669
30.3255
-1.0
34.0637
21.9949
45.3924
-1.0
30.7334
50.7421
30.3344
47.0308
-1.0
-1.0
-1.0
-1.0
44.8843
18.4832
36.7637
20.9563
30.6782
42.9148
35.4296
20.9883
39.4081
32.7435
43.0914
38.9949
50.7446
-1.0
52.2697
32.6862
33.6037
49.0503
49.7418
-1.0
50.3891
43.8642
25.8822
51.969
9.24125
29.9169
32.967
43.0245
45.0642
-1.0
34.7444
43.8922
-1.0
50.7141
30.7939
22.8853
37.8631
25.3156
50.1426
-1.0
46.5363
-1.0
-1.0
50.9262
27.8911
43.5565
44.2767
23.869
27.1133
-1.0
22.688
-1.0
46.1619
-1.0
-1.0
40.6447
30.3649
6.7258
-1.0
30.0027
26.3659
47.0387
43.879
33.8042
-1.0
18.7429
24.4031
36.3122
42.9459
-1.0
-1.0
36.0408
-1.0
14.7076
43.3878
52.1002
46.4518
38.186
48.6272
35.5266
43.9926
52.2508
18.2833
24.793
-1.0
37.9458
-1.0
29.1767
45.2347
-1.0
48.6838
35.4414
-1.0
43.7749
41.0253
44.5473
46.1264
44.1929
29.7095
18.1687
33.8415
48.7315
47.1465
46.6654
32.6497
39.8658
38.6517
27.0217
-1.0
49.6089
48.4972
24.2141
43.9805
41.8361
-1.0
48.4717
35.8446
41.7255
-1.0
49.1639
-1.0
43.4978
36.1453
-1.0
44.2676
19.153
-1.0
29.9159
39.2641
44.2957
-1.0
29.4353
37.5135
36.3337
-1.0
39.9812
23.0272
-1.0
34.7877
43.2865
-1.0
34.648
44.3364
-1.0
45.1616
17.4202
47.03
29.2214
31.2466
51.5855
36.5142
51.8355
32.477
41.4157
53.176
38.7044
42.1652
26.532
48.2439
33.0874
38.7143
33.8833
30.1823
14.2543
39.5786
34.0669
33.6136
25.2159
46.2802
40.5902
50.5589
55.6439
14.0482
40.3704
34.9977
50.8048
25.9242
16.7045
26.7055
45.4382
17.3361
43.7066
21.6239
45.6685
27.2955
24.7778
-1.0
29.1571
8.56282
40.8625
14.7972
25.0343
26.0799
34.8289
49.3324
43.9761
45.8958
24.0631
39.8261
16.3985
45.338
50.1344
36.5675
47.1602
29.3517
-1.0
42.8984
-1.0
31.7892
12.7892
47.9623
-1.0
46.7144
-1.0
48.1454
42.4676
47.4331
33.6829
-1.0
-1.0
40.5941
16.805
37.6208
48.295
13.6302
42.5179
-1.0
-1.0
29.7721
-1.0
36.4683
-1.0
44.8392
34.8719
-1.0
51.5679
-1.0
43.1375
29.5958
34.2416
29.0746
-1.0
38.5311
27.2782
29.9606
50.5017
29.1187
45.1236
-1.0
14.6053
26.2794
10.1964
50.7376
47.9508
32.4434
-1.0
18.8453
-1.0
-1.0
46.3289
37.8641
-1.0
23.2417
38.2537
22.6178
42.2934
49.8581
-1.0
49.1247
41.953
52.0876
41.5608
45.9465
39.9394
28.9977
23.2506
-1.0
-1.0
46.1043
13.6539
-1.0
-1.0
-1.0
21.9647
51.6289
42.6747
46.7894
51.9823
51.7587
32.586
42.3208
-1.0
30.8974
45.7878
40.5415
48.865
50.6243
22.6911
40.918
-1.0
39.7403
42.495
28.2929
42.894
39.2678
-1.0
50.0411
21.3024
40.1049
42.0571
36.0703
