1.14975
0.898994
0.345148
-1.0
0.395638
1.70246
1.35737
0.465996
-1.0
0.179763
3.53515
-1.0
-1.0
-1.0
0.483722
4.98186
5.10144
3.75484
2.34488
2.16729
1.84805
4.7857
2.67207
0.733986
1.08071
2.37497
0.504629
0.273454
0.943536
2.69322
0.543568
0.273281
0.382952
6.54586
-1.0
2.22844
-1.0
1.23682
0.907808
-1.0
-1.0
5.71539
0.272487
-1.0
0.5985
-1.0
0.197978
2.70958
0.246101
1.20949
-1.0
0.563269
1.65724
1.119
-1.0
-1.0
1.32594
0.294924
1.44057
0.331182
8.18916
-1.0
0.883263
-1.0
-1.0
0.0877565
-1.0
1.79668
0.537019
1.8463
0.361726
0.277392
-1.0
6.66832
3.903
1.21283
0.902341
3.84734
0.600543
2.88275
3.19632
0.664294
0.785595
1.41878
3.06058
0.504067
1.55482
2.08246
1.12446
1.94229
-1.0
0.213102
0.267976
-1.0
0.534457
3.5468
0.0551984
-1.0
-1.0
0.810731
4.15218
-1.0
-1.0
0.175931
-1.0
1.20957
0.756713
0.400059
0.715444
0.216281
1.5638
-1.0
1.08891
5.87636
0.274087
2.87192
1.41587
0.69045
1.27537
4.5149
1.01629
-1.0
0.0421924
0.300881
-1.0
3.96238
2.0284
0.363736
2.0634
-1.0
0.188892
0.0777302
-1.0
2.62961
-1.0
0.283362
1.11266
0.28016
-1.0
1.02622
2.25107
0.0782437
1.16756
2.13055
-1.0
-1.0
4.31149
0.230005
0.707531
1.10116
3.51049
5.21801
-1.0
0.334537
2.0388
0.0230389
2.14056
1.89685
5.12646
-1.0
2.7448
1.68875
0.607093
0.47329
-1.0
2.06807
0.0737652
0.058028
2.17371
-1.0
5.39915
0.140965
-1.0
0.0696409
7.00161
2.16358
2.85227
0.656892
-1.0
1.53436
0.113809
1.70191
-1.0
-1.0
1.62975
-1.0
0.407238
0.354459
0.611146
0.595002
1.33435
1.36903
-1.0
0.0636267
1.63155
-1.0
7.05019
1.10107
-1.0
0.210163
0.102358
3.20236
1.45876
2.69134
0.0881539
0.437598
-1.0
1.88247
7.77954
0.291091
4.79559
4.80087
0.460433
-1.0
2.2583
2.8489
0.230142
3.98124
4.73571
7.92498
-1.0
2.72559
2.8897
5.07913
0.687206
-1.0
1.15969
9.1004
-1.0
0.839907
11.4363
1.09522
-1.0
1.76032
2.70445
9.98881
2.45538
0.0794225
3.95288
-1.0
0.412992
-1.0
0.443333
1.0588
3.49158
0.401922
4.13646
4.12412
0.179318
0.314424
0.807191
0.208955
1.061
1.21773
1.81801
1.39964
6.10314
0.336098
2.15582
0.560489
10.2213
0.861692
-1.0
-1.0
8.76122
1.76067
4.78363
0.039501
11.2151
2.0981
7.33848
1.11266
0.111058
0.47048
0.654728
1.37645
10.3879
1.08073
0.185858
-1.0
1.07233
2.62052
-1.0
-1.0
-1.0
4.12418
1.86293
-1.0
7.21393
1.98308
0.137503
0.66594
-1.0
-1.0
0.385129
0.615001
2.17948
0.573787
-1.0
0.264557
1.78076
1.42419
1.50085
2.50693
1.57743
1.10517
-1.0
1.69272
0.602459
0.0451064
1.74398
-1.0
0.684821
-1.0
2.7118
2.95035
3.01621
-1.0
0.750518
6.16416
-1.0
1.27696
4.79095
-1.0
-1.0
-1.0
0.622956
0.128759
5.09323
2.45885
3.03938
0.857144
-1.0
-1.0
0.406998
1.70163
1.00726
0.995752
1.10226
8.22609
3.50074
3.0045
-1.0
-1.0
7.98176
-1.0
2.98882
3.54126
0.683441
2.13113
0.382003
4.47985
-1.0
0.433316
-1.0
0.611481
0.27904
1.72161
0.0623656
2.80084
-1.0
1.06885
0.13932
-1.0
1.6018
2.01394
2.64168
0.715971
0.569425
0.193803
-1.0
2.14409
3.10928
2.66385
-1.0
4.56668
8.63609
2.13467
0.339493
-1.0
5.76686
0.809742
0.848086
0.761511
7.92527
1.08045
1.11027
1.46883
5.20725
-1.0
3.07428
0.32347
0.275968
1.27891
1.22904
5.49098
0.755307
-1.0
0.136669
4.70267
4.62822
6.45103
1.38517
5.52452
0.504289
-1.0
0.753351
4.04744
2.43461
-1.0
2.0255
-1.0
0.45568
0.249539
-1.0
1.16432
0.173923
1.47496
5.19018
1.52442
2.98722
0.747381
8.98902
-1.0
2.89938
4.1276
-1.0
-1.0
0.793446
0.572809
3.26451
1.12398
0.0982977
1.15529
0.5265
-1.0
-1.0
0.307977
2.1767
-1.0
0.648872
0.161231
5.24304
0.215434
0.632566
-1.0
3.68214
5.40865
-1.0
0.0471934
-1.0
0.970255
1.37764
2.92754
1.84949
0.204742
1.81165
0.126561
0.162984
0.107214
2.29124
6.57105
-1.0
1.10689
7.20091
1.15634
3.83799
-1.0
0.180279
4.77562
6.62174
3.63783
0.825559
1.11607
0.53867
2.44952
-1.0
2.1328
2.91983
1.0396
0.20902
0.869868
-1.0
-1.0
5.39203
1.86613
-1.0
10.4147
-1.0
0.184823
7.28473
0.389518
3.27055
0.20627
1.76539
1.10725
-1.0
2.41421
-1.0
-1.0
0.609245
-1.0
-1.0
-1.0
1.79168
0.953702
1.75634
8.39165
0.183287
-1.0
3.60047
1.4642
0.412952
0.558657
0.548942
3.79086
3.19082
6.16812
4.61645
0.275906
-1.0
2.39626
0.103927
-1.0
0.106788
0.789853
1.09547
0.806743
2.26791
3.26257
0.327106
0.187958
0.550641
1.90956
-1.0
0.642169
1.1097
10.0701
0.466898
-1.0
2.52435
3.86311
0.133805
4.87789
2.52006
-1.0
7.4562
4.42729
-1.0
0.552287
3.43332
1.24977
1.71031
0.583962
2.57559
4.09734
-1.0
-1.0
-1.0
2.61256
2.58102
0.210181
-1.0
0.054041
3.76612
1.81275
-1.0
9.14267
3.0784
0.983862
-1.0
0.352707
1.65308
4.49169
3.7635
1.66648
6.5615
0.181521
0.90432
0.182181
-1.0
0.110811
1.64187
0.554201
-1.0
-1.0
-1.0
1.8985
3.1155
-1.0
2.71803
0.123641
5.96959
1.90507
0.16417
-1.0
2.71531
0.546165
0.699614
7.41806
0.0925125
0.543241
1.96383
0.81154
2.36077
2.50737
0.0496131
1.17239
3.79987
0.0556555
0.437704
4.68589
7.4535
0.104532
2.81055
4.87709
3.04769
-1.0
0.22084
0.623737
1.54737
0.56099
0.231167
-1.0
-1.0
1.88911
4.11269
0.587658
0.197151
-1.0
0.865644
1.06676
0.193126
-1.0
3.35261
1.74212
0.155538
-1.0
3.45881
-1.0
0.975136
-1.0
-1.0
2.39586
2.45717
0.170338
0.332462
-1.0
0.0639422
0.346177
-1.0
2.02656
2.64862
2.59623
0.50224
0.158332
3.42868
1.50047
5.7028
0.134432
1.5303
4.23085
-1.0
0.320804
1.02344
-1.0
2.12027
5.02797
0.718789
-1.0
0.523155
0.759354
0.180415
1.04814
3.36877
0.539643
1.40328
0.246753
4.43118
4.27357
0.0977983
-1.0
-1.0
1.35765
3.07522
0.941993
6.04004
-1.0
0.101428
0.525222
2.06681
1.51724
0.332708
1.54249
2.96017
5.96488
2.26353
1.27778
0.371669
0.662134
0.35179
0.388627
4.31706
1.08119
0.342383
0.936669
0.885961
-1.0
2.69151
-1.0
-1.0
0.9714
0.971225
0.860745
2.88416
-1.0
7.21322
-1.0
0.103361
0.556722
10.2683
-1.0
0.988336
0.616829
6.82006
1.49125
1.77611
0.155241
1.72368
6.28475
1.27201
-1.0
3.76035
-1.0
0.0770671
-1.0
1.72537
0.0373637
3.54884
3.27879
2.15713
-1.0
0.566749
0.278616
0.42937
-1.0
0.101585
0.995637
0.490698
0.740832
0.737013
8.66485
1.20253
3.0382
-1.0
0.19495
0.693234
1.20908
0.526553
1.43293
3.56078
-1.0
0.0632003
4.42772
0.564355
-1.0
-1.0
1.24737
2.5212
0.159946
0.64793
0.257659
1.08913
1.4693
-1.0
-1.0
0.0707327
0.844926
1.41717
0.750172
0.1305
0.179965
-1.0
1.81099
0.14562
0.793756
0.0802263
4.05041
3.58473
3.35697
2.6237
-1.0
1.60844
1.15117
1.1198
-1.0
0.692882
0.213778
0.857409
3.21122
2.36171
0.794702
0.186829
-1.0
0.816393
5.87905
1.4876
-1.0
1.27679
1.11818
1.21874
0.318995
-1.0
1.34654
1.17723
-1.0
-1.0
0.282677
3.02879
0.0967627
1.20194
-1.0
-1.0
1.29487
-1.0
2.05862
0.474987
0.110004
-1.0
0.508675
0.965276
2.46663
-1.0
0.121928
-1.0
-1.0
7.21748
2.71889
1.65989
2.75664
4.01056
-1.0
2.22013
4.97042
1.60656
1.74849
0.0729773
-1.0
-1.0
-1.0
3.32528
1.27742
-1.0
-1.0
-1.0
-1.0
-1.0
1.42536
3.64593
-1.0
1.08233
0.727024
4.94809
3.38973
1.04601
6.61037
4.83324
-1.0
3.22025
2.90996
-1.0
-1.0
6.59934
0.724729
0.249736
2.07267
0.701755
0.447367
0.362637
4.98191
4.51728
0.192454
3.18458
1.89389
-1.0
0.114986
0.57114
3.63026
0.246513
0.17102
1.06348
1.1959
-1.0
0.311578
0.346175
0.361998
0.975373
-1.0
1.45602
0.0632019
0.844991
0.725879
1.51384
-1.0
1.57326
3.82712
0.790337
0.0559229
-1.0
0.0539775
5.05605
3.18066
0.151071
3.65342
7.48846
0.516892
1.80578
2.01781
5.92965
0.0706646
-1.0
0.143345
0.51509
2.14658
1.30767
0.472745
0.217901
0.095148
0.198502
-1.0
0.331821
0.950324
0.384941
7.85094
1.90136
1.93756
0.633369
0.0662222
-1.0
1.19597
3.8253
0.205845
0.321844
0.532528
0.714456
0.239934
-1.0
0.964782
-1.0
0.825069
1.65777
0.992134
2.97593
-1.0
3.92012
1.40561
3.82694
0.280042
-1.0
1.78986
0.33097
6.04544
0.77292
0.0964188
0.390501
0.167845
5.66376
1.75049
-1.0
-1.0
0.961482
-1.0
0.0932317
0.534237
0.0513619
-1.0
8.59006
4.71617
6.66061
1.09114
0.579014
1.84166
5.33596
0.109182
0.486215
0.181679
6.20807
0.169784
0.658955
1.3984
3.36217
0.265023
1.23573
-1.0
2.56733
-1.0
-1.0
0.47998
0.189771
3.87084
0.157349
-1.0
-1.0
0.683795
5.22613
3.36356
7.17098
7.26155
1.79332
3.01911
3.56744
1.23008
-1.0
3.55682
-1.0
-1.0
0.250558
0.371972
0.571922
0.399341
3.34446
0.588559
0.485391
-1.0
-1.0
1.34767
-1.0
-1.0
1.41815
2.21791
2.89973
0.176871
0.262547
2.71787
1.96347
1.38408
4.33026
2.03944
0.173278
1.57744
2.35605
-1.0
1.41277
0.0291621
0.237619
1.38774
0.573306
1.24964
3.71957
0.600921
3.99583
1.4089
3.71466
-1.0
0.0489334
2.59278
1.27644
-1.0
0.4461
1.96068
4.19514
-1.0
1.44992
0.544386
0.155255
0.419887
3.76295
-1.0
2.90752
-1.0
1.32335
-1.0
3.34248
0.986507
-1.0
1.6284
2.51605
7.03507
0.353714
2.4606
2.58236
2.39726
0.758701
11.9929
-1.0
0.847397
5.19679
1.29049
5.47221
0.455879
4.61772
0.55539
-1.0
0.835148
1.90684
0.16941
-1.0
-1.0
-1.0
0.0433755
1.27158
-1.0
1.54576
1.53099
2.25018
-1.0
1.74959
-1.0
0.929854
-1.0
1.89917
0.608157
-1.0
0.223357
4.73414
0.160718
0.881062
2.67078
0.931205
2.59219
0.0502829
1.21106
2.23807
0.074416
1.30054
1.55804
3.20269
-1.0
0.708846
2.57963
-1.0
-1.0
0.254991
0.568849
5.08153
0.948623
1.12967
0.207381
0.991929
0.218101
1.5411
1.62178
0.0835319
-1.0
0.583657
-1.0
1.62064
1.61185
3.04068
5.73551
0.608747
3.74731
3.86914
3.42417
1.17461
0.18857
0.754593
1.53381
1.8204
3.20314
2.0842
0.285404
0.41575
1.2107
-1.0
0.678501
4.37534
0.138464
1.82792
0.20223
1.88674
1.10801
0.77631
0.405737
2.29105
0.129003
-1.0
1.67003
-1.0
0.333095
0.170902
2.50137
1.81795
3.11246
-1.0
-1.0
-1.0
-1.0
1.47631
7.01235
0.88912
2.11053
-1.0
0.247325
-1.0
2.06348
-1.0
2.69699
1.60592
11.3371
2.80948
0.117148
-1.0
1.0042
0.790498
1.65136
7.99111
1.85706
-1.0
3.88713
0.252455
6.34569
-1.0
-1.0
0.754452
-1.0
-1.0
1.63318
0.342497
2.90356
-1.0
0.532936
-1.0
1.14665
-1.0
0.673374
1.13319
0.113946
0.50961
3.37803
-1.0
0.77517
4.31908
4.1361
-1.0
-1.0
0.154482
0.640305
1.14805
0.463135
0.544218
-1.0
0.0443966
1.12744
0.26619
3.13529
5.52957
-1.0
0.216779
1.60029
-1.0
3.55257
1.50462
0.250822
-1.0
-1.0
-1.0
0.489674
0.520503
2.06155
4.96182
3.64332
2.45181
-1.0
-1.0
-1.0
1.30468
0.367059
-1.0
0.0226385
0.347066
0.912728
0.637501
4.50684
0.379616
-1.0
0.0866307
2.96838
0.0881463
4.23293
-1.0
0.579234
0.786005
0.916199
1.93991
2.18121
-1.0
-1.0
3.28341
0.212913
1.47681
0.31225
-1.0
2.96327
2.65091
-1.0
-1.0
0.0261609
1.39767
2.16073
0.373992
0.139087
7.61099
1.24661
-1.0
2.78137
-1.0
4.78393
-1.0
5.06132
-1.0
2.26546
5.47546
0.465395
0.509983
0.160658
1.07149
-1.0
0.417123
2.12088
-1.0
-1.0
0.0786942
-1.0
1.43729
4.72422
1.55228
-1.0
3.62471
0.271351
1.69211
-1.0
1.08635
5.06412
2.32298
3.44003
2.14735
2.9749
1.67942
0.424548
0.381448
-1.0
-1.0
1.04765
2.50209
4.98886
1.06689
4.89831
0.66232
-1.0
2.61245
1.74904
9.09289
-1.0
1.61196
0.687302
-1.0
0.184628
0.36526
0.0244515
0.467134
0.696175
0.770555
0.847694
1.33125
-1.0
2.01531
0.051158
1.78813
-1.0
-1.0
1.00252
0.962131
4.54819
1.27666
1.29847
1.18918
2.77439
1.37883
1.48436
3.28344
0.218033
5.64602
1.89481
-1.0
0.291584
-1.0
-1.0
0.122132
0.510062
3.86414
-1.0
1.1498
1.55007
2.63467
6.06897
0.727754
2.41259
-1.0
0.271227
5.04092
0.713893
0.762386
-1.0
0.290518
-1.0
1.21456
2.11516
2.06602
0.914337
7.96236
1.56615
3.4416
5.05832
6.34377
0.240566
0.490763
1.91669
9.88156
0.0627716
1.07505
1.18045
3.5205
-1.0
1.29012
1.164
0.720567
1.74372
-1.0
-1.0
3.94079
0.940012
-1.0
1.56636
-1.0
1.39958
2.17033
-1.0
0.755558
3.82168
-1.0
-1.0
0.415183
2.47052
-1.0
0.915157
1.85045
-1.0
2.05171
0.161828
0.27738
0.807976
1.04422
2.88068
-1.0
0.903193
-1.0
1.4894
1.82591
-1.0
1.19004
0.882253
0.55777
-1.0
2.59101
0.833825
0.539775
0.276364
1.65973
4.42951
1.47714
3.26938
-1.0
0.364892
0.351506
5.32898
3.15849
7.39423
0.777917
0.441292
-1.0
0.682738
0.613684
-1.0
0.102875
3.42776
1.3948
0.412987
4.57771
-1.0
5.5541
0.551905
-1.0
1.00862
0.824521
1.33917
0.138001
-1.0
0.233028
0.258827
2.49593
-1.0
1.57458
2.97537
0.481856
0.73415
4.09806
0.11523
5.09566
5.66806
0.433554
-1.0
3.01652
-1.0
0.175306
4.5
-1.0
-1.0
-1.0
-1.0
2.28375
0.0472269
0.413334
0.642656
3.11257
0.556827
1.15122
1.49544
2.08067
1.56507
0.583535
6.01013
0.46285
0.641398
0.590191
4.37039
-1.0
0.0754066
2.13761
-1.0
1.26193
0.30915
-1.0
-1.0
0.526649
-1.0
-1.0
-1.0
-1.0
1.42985
-1.0
3.32292
-1.0
0.744847
3.38333
-1.0
0.898462
1.13291
0.1465
4.23378
0.139037
0.411599
3.77893
5.84563
3.58381
-1.0
1.53961
-1.0
1.88647
2.54331
-1.0
1.91407
3.38441
0.488209
0.259767
3.74447
3.1389
0.464862
0.678261
3.83938
0.176605
2.8248
0.474368
6.06559
2.74665
0.505313
0.108032
0.266178
0.901986
0.461435
1.11915
-1.0
0.403849
3.44901
1.05299
1.02687
0.718459
1.95793
-1.0
2.08302
-1.0
0.388317
1.00591
1.7496
6.60404
-1.0
0.875312
4.8211
0.606347
2.59918
0.355709
2.22427
0.502805
-1.0
0.549748
-1.0
0.284991
6.06656
0.640266
-1.0
1.51654
0.388764
-1.0
8.32795
0.643399
4.19699
1.15659
-1.0
-1.0
2.04089
1.54926
0.913599
0.497731
-1.0
-1.0
10.3245
0.617675
0.405695
-1.0
3.52561
-1.0
5.2051
3.89168
0.0436933
-1.0
1.34839
2.08
-1.0
-1.0
5.09289
-1.0
-1.0
0.244232
0.31311
0.949101
1.01325
3.06933
0.349457
-1.0
0.07846
-1.0
-1.0
1.57754
1.35193
-1.0
-1.0
1.68391
1.98053
2.11903
0.90191
-1.0
-1.0
1.0135
0.685369
4.78915
1.96913
-1.0
2.08046
-1.0
0.67763
0.324962
0.207867
0.333198
-1.0
0.374639
-1.0
6.19024
0.862529
-1.0
0.522164
-1.0
0.0863535
2.17047
0.215212
-1.0
0.160663
5.35314
2.85892
-1.0
0.189792
-1.0
1.67174
-1.0
0.415967
-1.0
0.6126
0.154164
-1.0
0.21759
-1.0
0.310717
1.83166
0.588012
0.223489
2.14436
0.203491
3.90999
4.34994
1.93587
1.21289
0.758958
1.62337
2.90884
1.02368
2.95583
0.678706
1.50128
4.02295
-1.0
3.21616
0.975076
-1.0
0.0808665
0.86902
3.73884
0.563652
0.829684
0.165469
0.094107
0.920301
7.52007
-1.0
-1.0
-1.0
0.025215
1.52172
-1.0
0.0758546
3.92699
1.49906
3.22438
-1.0
1.56058
-1.0
0.974406
-1.0
4.10777
0.25644
5.11511
0.107336
-1.0
0.155638
1.58556
1.04312
0.800905
0.980135
-1.0
0.576768
5.43098
-1.0
-1.0
2.31854
-1.0
0.910461
2.08328
3.90681
6.45193
0.0905657
-1.0
2.2027
5.156
2.18036
1.12521
0.663099
-1.0
13.2213
0.193408
2.80573
-1.0
3.13661
0.464636
0.894064
5.77565
0.73643
0.500528
0.981568
1.21164
-1.0
-1.0
1.35157
-1.0
1.80295
1.98085
1.28296
-1.0
0.0305085
0.245829
0.402857
1.27912
-1.0
0.536917
5.35011
0.887358
-1.0
1.61883
1.08442
-1.0
1.6442
1.75605
3.9878
0.280332
4.54304
0.475111
-1.0
3.1247
1.91581
2.48544
-1.0
3.28767
2.50481
2.08005
1.10126
-1.0
0.838691
0.0421483
9.20458
-1.0
0.498356
-1.0
1.7932
0.758457
0.541843
0.579769
0.314791
-1.0
0.567648
0.705723
0.11964
0.975491
0.216559
0.882075
2.49852
-1.0
4.23785
4.8536
1.06755
0.666812
-1.0
0.480772
0.532736
0.0765232
9.00432
0.980723
4.09311
0.472068
2.43274
1.09839
2.69388
2.98101
6.09013
-1.0
0.265089
2.91139
5.5288
3.07005
0.485319
0.289614
1.43243
-1.0
2.65008
0.299407
3.34709
-1.0
-1.0
2.1474
-1.0
-1.0
1.76595
0.668216
0.963141
0.308751
-1.0
-1.0
8.26364
-1.0
1.41497
-1.0
-1.0
0.403581
-1.0
6.93285
1.54892
0.992378
3.79856
1.85452
1.84912
0.802805
0.142214
11.3097
-1.0
0.866275
0.319371
-1.0
1.69179
-1.0
-1.0
4.33121
0.149153
0.967831
1.87208
1.52348
5.82901
1.07827
5.48286
10.6329
1.56779
0.325926
-1.0
1.41106
-1.0
2.3211
2.57412
-1.0
0.509446
0.964697
-1.0
0.890121
1.46335
0.13528
0.654715
0.395406
1.30517
8.12207
-1.0
0.598143
0.501252
0.180081
-1.0
0.787353
0.0651674
0.0925822
3.66437
4.03352
3.75904
0.162776
2.10269
3.58415
5.89413
-1.0
-1.0
1.19628
-1.0
0.321419
-1.0
0.120201
0.585679
1.0614
1.01167
-1.0
-1.0
0.51075
-1.0
0.773824
0.177547
0.619024
2.95121
0.646925
-1.0
3.38229
0.647056
1.163
4.41945
1.0093
-1.0
5.16257
6.55863
1.7841
-1.0
-1.0
1.3769
2.27997
3.08671
5.09529
0.418514
1.029
0.157243
3.77612
0.944058
3.42242
-1.0
1.13005
2.56739
1.09163
1.10327
-1.0
-1.0
-1.0
2.03992
0.123585
1.26524
0.874706
0.845461
-1.0
-1.0
5.45646
0.218518
2.75478
-1.0
0.152254
6.88414
-1.0
5.85532
1.29979
1.83474
2.16099
3.24476
-1.0
1.23718
0.412765
5.95732
-1.0
1.00573
2.01057
4.2965
1.24318
-1.0
-1.0
2.66045
1.02701
0.193901
-1.0
1.49156
0.0977858
0.0488236
0.0305751
0.359958
0.424803
1.52134
2.72236
-1.0
6.23728
-1.0
1.26361
3.87487
-1.0
-1.0
0.71213
1.01963
1.4118
0.197228
2.22809
1.76331
-1.0
-1.0
5.9432
-1.0
0.0993221
0.360539
2.21684
-1.0
-1.0
3.89579
1.75092
4.38318
0.0625311
0.617995
-1.0
1.02611
5.06894
2.76138
0.415284
8.4416
0.297131
1.94685
2.12129
0.406951
3.09378
0.552381
0.641721
-1.0
3.59055
0.872528
-1.0
0.342208
2.97158
1.1546
-1.0
1.17842
0.346202
0.112543
0.286872
0.164088
4.94862
4.78297
1.84455
-1.0
-1.0
0.397446
4.52832
0.753805
-1.0
0.951919
4.52105
-1.0
6.19696
-1.0
-1.0
0.150668
0.76265
3.93517
0.35791
0.955172
-1.0
1.02182
-1.0
6.50683
-1.0
5.12398
1.5167
1.10042
2.02768
0.739837
1.029
0.112479
0.855225
1.36419
5.91956
-1.0
0.0814124
0.421962
2.68166
-1.0
5.11485
-1.0
-1.0
-1.0
1.31765
1.42403
-1.0
2.56929
-1.0
0.529256
2.40568
0.132818
1.32482
-1.0
-1.0
1.52635
0.182364
0.23973
0.346209
0.486154
0.64263
0.155721
2.97539
1.43762
0.0735241
0.0618506
-1.0
5.40114
-1.0
0.458506
0.370856
1.69149
1.44589
-1.0
-1.0
3.21547
0.990383
1.19551
0.571094
3.53601
1.9547
-1.0
-1.0
0.132452
0.963392
1.27121
0.0566865
0.0732495
4.05923
0.0654596
1.05452
0.936881
-1.0
1.65112
0.0412277
0.698047
-1.0
6.29286
0.494352
0.0439337
0.175241
1.4718
-1.0
-1.0
0.848407
0.868094
1.58144
0.647563
-1.0
1.06698
0.914
0.877348
3.53804
2.48106
0.310157
2.80277
0.466542
1.36794
-1.0
-1.0
0.327477
5.7978
0.68949
0.607832
-1.0
5.27249
0.528639
2.91567
0.0622534
-1.0
5.21026
4.59528
1.09817
0.42248
-1.0
1.69776
1.50151
3.39269
0.281295
1.0975
6.18364
1.82429
7.48356
1.16889
2.57432
0.280506
-1.0
0.397037
0.242314
0.344757
0.0409239
-1.0
0.196579
0.752704
0.0886796
1.03413
0.326725
0.591962
-1.0
1.38355
2.41055
-1.0
1.88535
-1.0
1.09236
1.47792
3.65052
0.564341
0.906196
2.42482
0.425636
0.076906
0.723976
7.46008
0.0316592
0.634072
0.939423
1.61441
0.383809
-1.0
-1.0
-1.0
-1.0
0.432774
4.54037
-1.0
1.33134
0.0623539
1.26669
2.35358
-1.0
0.913886
1.54986
0.264037
4.97058
0.154604
1.1503
0.131103
0.296776
0.859542
1.47076
0.235858
3.14102
0.647108
-1.0
2.85159
-1.0
0.224562
-1.0
2.08593
0.178052
2.50137
2.94124
9.3736
0.665358
4.21057
5.45016
2.85649
1.91172
5.19722
2.11649
5.54008
1.11761
0.0482986
0.693084
0.233157
0.023484
0.661181
1.58834
0.379055
6.38482
-1.0
-1.0
1.53605
0.393188
-1.0
0.656315
6.3099
2.80667
-1.0
-1.0
0.785526
0.0452861
0.234395
0.359066
3.47034
0.217645
-1.0
4.84129
2.72813
-1.0
-1.0
0.755585
3.55581
-1.0
1.65889
4.73984
1.17694
1.66501
4.6506
0.540399
5.44275
-1.0
0.263205
0.157126
2.12102
0.383362
4.65691
-1.0
-1.0
0.278838
3.27681
0.497629
1.60657
0.0927076
3.46625
-1.0
-1.0
0.208434
0.797276
0.568998
2.12268
8.55324
-1.0
-1.0
1.56577
2.55374
-1.0
4.20138
1.60369
1.01547
1.88377
-1.0
3.18505
0.399132
0.134773
1.41282
3.55818
-1.0
8.6428
0.106976
2.72142
0.338372
2.54487
0.736893
4.8194
0.643163
2.58766
2.02384
1.39907
1.56339
0.586313
0.826061
1.53445
-1.0
1.99612
1.62434
1.18631
1.21431
0.372468
2.04906
2.22699
-1.0
0.190994
1.507
0.5024
-1.0
-1.0
0.282895
0.064419
2.10857
5.16427
-1.0
3.4268
0.342228
3.31165
1.49392
-1.0
1.8099
0.143791
-1.0
0.956833
2.57015
0.651293
1.85632
1.61244
-1.0
0.150212
-1.0
1.17459
0.416229
9.1903
0.605744
-1.0
-1.0
1.61984
2.00876
2.83874
0.613318
-1.0
3.53984
5.80332
5.26813
0.0749337
6.59307
1.86022
0.22351
2.00271
2.12374
0.602853
0.532151
1.79006
0.752867
0.308374
1.17091
-1.0
5.21707
2.10862
1.52686
1.24139
0.870382
1.31693
3.30072
-1.0
2.63333
-1.0
-1.0
-1.0
5.60929
0.81368
1.79965
1.48603
-1.0
3.98461
2.42965
2.26246
-1.0
-1.0
-1.0
1.12192
1.70791
0.220056
2.01161
-1.0
1.0671
0.103968
0.493123
3.86578
-1.0
0.406329
0.281552
0.662519
-1.0
0.423201
0.2608
1.19906
1.08291
2.27212
10.6044
-1.0
0.0637224
4.84634
3.66544
3.95303
0.17929
-1.0
-1.0
0.144391
0.0459368
-1.0
-1.0
3.71495
6.23101
1.86122
-1.0
-1.0
1.31607
-1.0
-1.0
0.0600996
0.567967
-1.0
-1.0
-1.0
-1.0
0.0978129
4.15573
0.550073
2.24965
0.186524
-1.0
0.486339
0.908917
2.52337
0.286927
1.41354
0.714385
-1.0
2.06119
-1.0
3.28738
-1.0
2.2166
-1.0
-1.0
-1.0
0.230337
-1.0
3.00917
0.600294
-1.0
-1.0
1.12427
0.317217
2.9627
0.875883
1.0321
-1.0
0.0545193
1.15252
0.137308
0.136491
-1.0
-1.0
7.5421
0.253034
-1.0
1.75433
1.69148
1.44612
-1.0
3.3928
-1.0
-1.0
0.400668
0.687464
1.51539
1.55175
7.93185
-1.0
0.615574
1.23343
1.61754
-1.0
0.658094
0.948107
-1.0
0.4837
4.20697
0.100204
0.359441
2.36199
5.75727
-1.0
-1.0
2.39033
0.99503
0.460407
0.206316
1.37582
-1.0
2.21552
1.36674
0.928463
-1.0
-1.0
1.52011
1.44876
1.97334
0.501557
-1.0
1.23702
-1.0
0.8606
3.23835
3.01178
5.94257
0.120106
4.27751
0.103623
-1.0
-1.0
-1.0
1.41102
-1.0
-1.0
-1.0
1.9947
-1.0
0.558996
0.0416002
4.28197
0.373097
1.09047
-1.0
0.407769
-1.0
1.05457
0.876471
4.36673
1.18028
-1.0
-1.0
0.213404
-1.0
1.25545
1.50756
0.182143
0.936785
1.16659
4.62049
3.47429
2.40399
5.3542
4.88092
-1.0
5.62317
2.0574
1.56713
2.3565
3.72818
0.121221
0.854016
1.3869
4.29855
0.295397
-1.0
0.322431
-1.0
1.20066
1.56855
2.06072
0.335819
0.42468
4.43517
1.1917
0.118246
0.62865
1.7674
0.0551451
2.63915
0.640966
0.195156
-1.0
0.666744
0.130143
-1.0
2.47192
4.04713
-1.0
-1.0
-1.0
0.710404
0.643928
4.53633
0.137085
2.03469
0.676796
1.81417
1.35104
1.08097
1.07343
0.0969151
0.584895
3.4691
2.88275
3.31567
0.480615
0.0677554
-1.0
1.91581
-1.0
0.0783249
2.151
0.414929
0.639704
1.62745
0.91061
0.323425
0.258135
3.52045
3.70991
-1.0
1.51965
0.987157
1.10168
0.803509
1.45417
2.88583
0.882571
1.17789
0.634784
-1.0
2.5591
-1.0
0.49146
0.599529
2.70981
0.256498
0.561288
1.59838
1.3168
0.977535
0.384774
2.46811
4.54905
-1.0
2.75222
0.94771
0.671029
-1.0
0.753167
-1.0
1.89395
0.393239
6.64972
2.28892
0.406036
0.207687
1.69881
0.654461
-1.0
0.728677
0.494929
0.537499
-1.0
0.456734
0.549733
0.642359
0.981136
0.25157
-1.0
0.691753
0.068834
7.76913
1.82737
-1.0
1.29743
3.01803
0.547561
4.65014
-1.0
-1.0
-1.0
2.87391
-1.0
2.10077
4.10709
1.06778
0.0313379
-1.0
2.33387
0.437418
0.179951
0.900015
0.379036
1.89959
-1.0
0.490219
0.578469
-1.0
9.96443
3.38771
0.77958
2.21951
-1.0
3.962
-1.0
0.23953
1.37732
-1.0
-1.0
4.79544
-1.0
1.20413
0.872514
6.43673
0.281456
2.15401
1.74664
4.14665
4.69467
0.512739
0.871739
-1.0
0.742332
0.276852
-1.0
2.99545
6.48003
0.347544
3.35502
7.28063
0.488069
0.908147
0.268749
5.11236
1.27987
0.480164
0.627353
-1.0
4.62237
0.763116
1.5185
0.490866
0.720199
7.78611
-1.0
2.20611
0.474848
2.83017
5.91519
2.72473
4.12108
2.63894
1.84373
0.24336
1.84552
-1.0
0.710895
1.79422
0.0530933
2.15042
1.34646
-1.0
0.179222
0.0473079
0.08575
0.709302
-1.0
1.59364
-1.0
0.292769
-1.0
1.43821
-1.0
-1.0
0.848577
0.110546
5.69481
0.556228
1.60484
12.8805
-1.0
0.187408
-1.0
1.61308
1.02675
0.279176
0.748679
-1.0
1.94626
2.62679
-1.0
0.589085
2.44925
-1.0
-1.0
0.582991
1.8128
0.396732
0.547493
-1.0
0.727797
3.19205
1.31793
0.279211
3.41948
1.11931
3.01324
-1.0
2.7967
0.183062
-1.0
6.37523
1.52104
0.51523
0.384133
2.87247
0.0865039
1.09141
1.48355
2.18549
3.21644
3.73504
0.862798
1.01545
0.297898
1.93577
3.46914
1.34804
3.58662
1.72671
2.85914
3.03551
0.265812
0.0563737
1.22576
4.88338
-1.0
4.34326
0.716951
2.04017
0.810089
1.30617
0.169501
-1.0
1.63878
-1.0
0.340604
2.94811
0.51555
3.43683
1.33547
-1.0
0.709061
-1.0
-1.0
0.722288
0.0635037
-1.0
0.630272
1.35733
0.618092
-1.0
0.847903
-1.0
4.02442
-1.0
-1.0
1.33549
-1.0
1.27512
-1.0
-1.0
2.52843
-1.0
0.210358
0.0828352
0.624143
1.64385
0.323261
0.282628
0.410334
0.0655444
0.240103
1.79051
1.90947
0.927456
1.42447
-1.0
0.0396287
-1.0
4.78421
3.15779
-1.0
0.343389
1.76354
0.340505
0.869824
3.97071
-1.0
0.218962
1.07205
-1.0
-1.0
0.509918
1.51617
9.0488
-1.0
0.681399
2.7225
1.11963
-1.0
-1.0
0.110324
3.37433
1.56118
0.521257
-1.0
0.229848
0.468334
0.32464
2.41676
0.688073
-1.0
0.104639
6.17543
0.131234
5.1574
0.85404
0.575161
-1.0
0.694972
-1.0
6.99919
2.25296
3.65629
0.39596
-1.0
-1.0
0.211657
0.315941
0.313497
-1.0
0.548082
0.917604
15.2786
2.04011
0.612584
1.14809
0.06779
3.64156
1.15343
1.04707
0.347031
12.3862
-1.0
0.0686894
0.587273
0.0964459
-1.0
-1.0
0.398446
4.78319
1.4334
0.236853
2.71583
1.37071
4.73258
1.25083
-1.0
1.10441
-1.0
0.763695
0.133457
4.54639
0.171305
0.678655
3.40755
0.282501
-1.0
3.75457
4.04179
-1.0
0.27824
2.49625
1.44535
-1.0
4.25445
-1.0
0.781612
1.29193
-1.0
0.246119
1.0324
0.047584
2.74596
-1.0
7.01913
2.40561
1.22733
2.12642
5.92283
5.92455
1.83789
0.187529
1.40076
1.48396
0.588565
-1.0
3.07379
0.0492043
0.301734
-1.0
1.26033
1.16579
6.69098
0.0790117
3.44812
0.653551
0.0645759
0.141524
0.43104
-1.0
2.39836
-1.0
0.710376
0.591177
8.27358
0.0992009
1.04485
6.00606
0.629642
0.0673985
0.0830343
5.54551
-1.0
1.02635
-1.0
0.502913
-1.0
0.108159
-1.0
0.0702703
-1.0
2.2381
0.551002
1.56139
3.29755
-1.0
0.0880603
0.0500518
-1.0
0.0848521
8.16852
0.996933
1.4273
0.249481
1.16056
1.01442
0.156732
0.463845
0.116063
0.0374132
0.248939
0.0562127
4.28634
4.78279
-1.0
0.303369
1.62454
0.560987
-1.0
0.827106
2.2915
-1.0
3.24036
2.13873
5.89335
1.09248
1.78335
0.813815
0.326118
0.417569
4.73788
-1.0
0.0758195
3.11324
-1.0
0.260243
-1.0
5.9665
0.0639091
0.6779
1.87612
1.05793
-1.0
-1.0
4.97207
0.677426
1.27468
-1.0
5.19302
-1.0
-1.0
0.492735
1.48817
-1.0
2.63097
4.51683
6.38017
1.53143
-1.0
0.723327
5.30283
7.28125
0.670329
4.20839
0.208128
-1.0
3.0341
2.26533
2.46718
4.69704
-1.0
0.0452536
-1.0
0.119766
-1.0
0.628355
0.0282909
1.3063
0.547781
0.0482523
0.84004
1.36448
1.08772
0.758151
0.699417
0.710485
0.353209
3.32909
1.991
-1.0
1.13809
-1.0
3.55651
3.71774
-1.0
0.421615
4.02732
3.65449
-1.0
1.40847
8.17826
0.403697
-1.0
-1.0
-1.0
1.26
2.47323
0.0501101
0.163806
-1.0
0.0263974
0.256515
-1.0
0.148836
6.9482
0.205341
0.51633
2.10905
-1.0
0.543928
-1.0
-1.0
0.619046
11.7407
0.742745
0.726803
0.111946
1.04846
0.221524
-1.0
0.141032
1.13179
2.91199
-1.0
-1.0
5.77431
2.07694
6.5962
3.41911
0.961212
-1.0
1.25574
1.11049
2.52659
4.53497
0.943669
1.52091
0.786577
-1.0
-1.0
2.80366
-1.0
-1.0
0.475909
0.837282
4.83755
3.47003
5.19531
2.49919
-1.0
0.233598
3.17307
1.31631
1.97793
4.15406
1.93079
5.78037
-1.0
1.70909
0.954291
0.589929
0.0823374
-1.0
-1.0
5.58375
0.324036
0.0381573
0.739399
0.945842
0.234789
-1.0
2.94721
-1.0
6.06605
1.00318
0.103796
0.694885
-1.0
4.96363
2.033
0.383352
0.347114
3.17931
0.368178
3.79605
0.043136
0.625558
0.841579
-1.0
3.14097
1.21734
-1.0
2.28388
4.87709
0.974351
0.0425965
2.80523
0.203308
0.725335
2.10781
0.208833
3.20149
1.68872
0.843523
-1.0
0.0692192
-1.0
-1.0
7.47649
0.132536
-1.0
0.866557
3.04107
0.183884
4.32226
0.061087
0.216856
0.467258
0.272682
-1.0
1.88645
-1.0
0.604622
-1.0
3.09767
0.473948
3.66373
0.222561
2.98955
4.7909
3.07017
0.058904
0.124969
3.01371
1.50606
1.30029
0.0444504
-1.0
4.51893
1.97682
1.75981
2.50875
0.390382
3.38721
0.49307
0.558558
2.80694
7.53798
-1.0
2.30267
0.0532785
-1.0
0.49652
0.228389
2.72991
3.03802
3.16926
1.48202
4.43325
-1.0
0.751963
-1.0
-1.0
1.00897
0.662813
3.56376
-1.0
2.74003
-1.0
-1.0
0.657956
-1.0
2.282
0.874167
-1.0
-1.0
0.690662
0.431542
-1.0
1.18078
5.35288
0.22422
2.7504
0.766686
2.77104
1.67219
0.560836
2.00967
2.3783
-1.0
0.0375926
-1.0
1.17488
-1.0
-1.0
0.404755
1.99897
-1.0
0.448013
0.452906
6.51029
1.77303
2.33769
4.97533
1.7883
0.316226
1.10702
2.07038
-1.0
5.49402
3.91509
1.58602
6.79911
3.11058
-1.0
-1.0
2.21845
3.09616
-1.0
0.719186
1.20665
5.62848
-1.0
0.911666
2.60958
2.58611
3.47785
1.3962
0.296757
3.69181
2.90392
-1.0
0.790463
0.607341
0.538379
2.11128
0.32375
-1.0
0.139459
-1.0
0.452077
-1.0
-1.0
0.908887
2.62727
-1.0
2.49784
3.47907
-1.0
-1.0
0.138813
0.0998327
2.50791
1.13319
3.51804
2.36363
-1.0
0.207756
1.44805
0.816259
0.528243
0.402283
3.77147
0.798366
5.21248
1.18132
0.0291178
2.22718
-1.0
0.293305
0.135251
0.0342214
0.603636
-1.0
1.80409
0.797037
-1.0
-1.0
0.208016
-1.0
2.02614
0.298827
4.05276
1.53185
1.24618
-1.0
-1.0
-1.0
0.807984
2.83307
-1.0
-1.0
2.2981
0.329495
3.87655
2.86279
0.638625
-1.0
3.03783
1.92355
5.1695
4.7886
2.90676
0.822688
-1.0
-1.0
0.0418598
14.3342
0.433299
1.01078
1.34922
-1.0
10.3938
0.374821
3.46818
4.43342
1.69163
-1.0
-1.0
5.72557
0.0987216
5.89064
0.32962
0.986366
3.68538
9.36939
1.6215
0.0585917
3.93412
1.0023
-1.0
0.735242
2.03915
0.486187
0.495156
-1.0
1.90017
0.869906
-1.0
-1.0
-1.0
0.0407468
1.29363
0.603615
4.17775
2.00776
0.600137
-1.0
0.641251
3.34811
0.409927
1.02987
-1.0
2.1119
0.680058
-1.0
4.33858
4.73671
-1.0
0.756871
-1.0
-1.0
2.1226
0.573552
7.01562
0.103775
0.802063
0.438497
0.843127
-1.0
3.67975
3.00955
0.655148
3.92737
-1.0
11.7912
0.35199
0.122734
2.20941
5.40782
0.952283
0.398409
0.955361
4.39838
5.38705
1.48395
-1.0
5.77423
1.61259
-1.0
2.90372
7.75832
2.11525
0.808468
4.6316
1.12716
0.877896
2.65208
1.80271
0.220116
-1.0
0.257769
0.999829
0.432286
-1.0
1.93095
-1.0
-1.0
2.12184
-1.0
1.50176
0.18464
5.38852
-1.0
4.19779
4.19354
-1.0
-1.0
0.934192
-1.0
0.925385
0.0297134
-1.0
-1.0
-1.0
8.12366
0.115777
6.41129
0.558358
0.708938
2.1384
2.17549
2.1148
0.857388
0.655865
3.24838
-1.0
0.67906
-1.0
2.09716
2.45379
-1.0
-1.0
3.24731
0.718576
4.05687
1.30807
2.22945
3.77301
0.118263
0.891696
2.31464
-1.0
1.20249
0.0253608
1.65935
1.00413
4.40278
-1.0
2.68506
1.64484
-1.0
0.770112
1.92186
0.738018
0.168522
-1.0
4.15881
0.56599
-1.0
0.961369
1.14852
4.62751
1.05811
4.76666
0.749205
-1.0
0.960622
6.53615
0.322993
0.924636
0.80472
0.271738
4.68571
0.267799
-1.0
4.60282
0.177247
1.30857
12.6407
1.04435
3.93119
4.70793
0.3952
1.49693
0.252608
7.38943
1.99004
1.82755
-1.0
0.12627
5.6581
6.46074
1.59603
0.798957
4.0346
0.0875271
0.364577
0.153992
0.0907132
3.08216
0.80204
-1.0
0.200788
-1.0
0.221044
-1.0
1.61042
9.19123
2.23623
1.38393
2.07611
1.01881
0.380829
2.20459
0.130816
1.84768
0.941216
-1.0
-1.0
-1.0
0.830852
2.74079
5.70933
5.75683
-1.0
-1.0
0.311239
2.34784
0.0308052
0.252368
1.2648
1.4829
-1.0
0.838541
-1.0
0.582718
-1.0
-1.0
0.48983
1.17879
4.70753
1.32913
2.20942
0.495351
3.96498
-1.0
0.185064
7.26621
0.484777
1.09507
-1.0
3.4502
0.915631
2.91107
4.64444
0.229371
4.54356
1.36481
0.116573
-1.0
0.23082
2.22116
0.999401
2.85371
0.432983
2.5187
1.70232
1.21508
-1.0
0.0292746
-1.0
0.534693
0.187271
1.31568
1.29754
0.244577
-1.0
0.0569703
5.66237
0.679633
-1.0
-1.0
0.262443
0.454938
0.989064
2.47898
7.11232
6.94897
1.72521
1.91457
2.31618
0.785306
3.44883
0.181965
0.0498911
0.880622
1.32252
0.831502
2.62831
0.885423
-1.0
6.56192
3.58499
4.4112
-1.0
2.91988
3.33555
0.0739605
-1.0
1.82445
-1.0
0.631014
0.658758
0.898453
0.757659
-1.0
0.665478
0.13389
0.64838
6.22121
0.689559
-1.0
0.718127
4.87343
0.755675
-1.0
3.1816
-1.0
-1.0
0.624411
0.482039
-1.0
1.61194
1.79762
-1.0
0.707824
0.278915
1.2768
1.03618
0.484302
1.29177
6.83534
0.725936
2.82023
0.27553
4.57391
1.51578
3.35624
1.08956
3.54069
1.83762
1.36734
3.98814
-1.0
2.68763
1.29906
0.310256
3.26814
-1.0
-1.0
0.108601
0.34764
2.74526
0.519101
0.242427
6.17157
-1.0
4.58744
0.426481
1.02639
3.72969
-1.0
-1.0
-1.0
1.67156
-1.0
1.92018
0.415447
-1.0
0.518429
1.11702
-1.0
0.102885
0.160398
0.0926033
0.96592
1.09071
2.00064
14.0271
-1.0
1.15332
1.92237
-1.0
2.05469
4.74102
0.989997
-1.0
-1.0
3.84771
-1.0
2.58794
3.63288
13.0709
1.32538
1.00251
0.312607
0.639252
0.946435
1.25061
1.08181
1.8019
1.88989
1.41058
0.939658
-1.0
0.233151
2.00443
-1.0
1.69413
-1.0
-1.0
1.20914
2.45831
1.30731
3.25932
0.22017
0.0767604
-1.0
3.39465
0.848038
0.0647351
7.49402
-1.0
-1.0
4.85667
0.0302167
-1.0
-1.0
-1.0
0.216082
0.873033
6.30596
1.53928
-1.0
0.641082
3.72589
6.15169
0.103559
2.26293
0.206803
-1.0
1.39867
-1.0
0.159342
3.49214
0.139428
0.357068
1.7187
0.606825
0.917717
1.13807
-1.0
2.25528
-1.0
5.60423
0.237746
-1.0
2.6365
0.343534
5.46935
-1.0
2.741
-1.0
0.988459
1.51423
2.66104
3.88855
1.4303
8.71312
1.04986
1.02866
0.098533
0.717532
0.944793
3.85116
2.11776
0.0729417
0.150802
1.99238
5.79251
3.76596
1.75626
-1.0
0.537081
0.405502
3.31001
1.55313
0.40006
0.304606
1.50245
3.63201
0.670255
3.3737
2.26519
0.505032
1.50617
3.59257
-1.0
1.05237
-1.0
0.21487
-1.0
0.539238
2.18609
-1.0
0.731164
0.42831
0.732396
-1.0
1.63324
0.56913
2.34322
0.0850294
-1.0
0.633396
0.395059
-1.0
0.105676
-1.0
-1.0
0.253719
0.227337
2.16923
-1.0
3.17181
1.49473
0.17829
1.00392
-1.0
2.62528
6.07897
0.0838635
1.52382
0.460018
5.32916
-1.0
1.29965
0.081564
12.1686
-1.0
1.73405
1.13315
-1.0
1.02373
0.321102
1.98204
12.816
6.18647
0.124193
-1.0
1.8752
1.17256
0.686685
-1.0
0.0897456
-1.0
0.546582
0.0332811
-1.0
1.25395
-1.0
2.8395
0.703978
-1.0
4.24697
-1.0
3.34755
4.02765
0.579788
2.42725
-1.0
1.14364
0.22683
8.74852
4.45108
2.97315
1.51282
1.02465
0.366268
0.399815
4.47467
0.527756
1.76958
0.757389
1.80582
0.581962
-1.0
3.27338
3.07274
-1.0
0.744802
1.08432
0.257053
-1.0
0.81604
0.134963
2.7423
0.12476
3.29089
1.27781
1.18888
2.66142
3.56256
1.4715
4.50324
-1.0
0.555151
2.57976
-1.0
0.247728
2.25579
0.453106
2.37361
6.68476
2.60329
7.33892
0.681863
-1.0
1.05747
0.521233
-1.0
6.2379
6.42394
2.17474
0.674956
0.0360339
3.57564
0.58911
0.330258
1.95487
1.82195
6.58089
1.39532
5.91912
2.33973
1.75247
-1.0
5.25955
-1.0
-1.0
-1.0
0.441914
3.2206
3.08323
-1.0
4.26262
-1.0
0.345732
0.413388
0.731498
-1.0
0.494202
0.918152
1.28442
-1.0
0.297814
4.35177
0.708767
5.67535
2.12459
1.58884
1.27075
-1.0
3.03136
-1.0
0.593347
0.04122
2.2043
0.491997
0.840739
1.90153
0.556352
-1.0
0.798242
-1.0
0.743036
-1.0
-1.0
2.35069
-1.0
1.3905
1.05498
0.361778
0.446322
0.100623
4.14967
0.315076
2.23897
0.111851
0.834349
4.40366
1.86465
5.94776
-1.0
0.516619
3.23003
0.989386
5.34533
-1.0
0.0901726
-1.0
0.261539
1.74094
1.08082
3.54729
3.3006
0.503688
0.0935399
0.328212
1.37074
4.18113
-1.0
0.288646
4.73382
1.56978
0.264639
-1.0
8.53571
0.205369
0.626464
1.69049
3.07399
1.09417
-1.0
3.18847
-1.0
-1.0
1.62627
0.95779
3.73615
0.363466
0.386646
-1.0
5.1134
2.81407
0.0313411
-1.0
-1.0
-1.0
0.0501333
0.393631
1.54572
2.04603
0.182821
6.03913
0.553048
0.531855
1.46269
0.358722
1.89453
0.086631
-1.0
2.4574
-1.0
2.14378
1.22166
1.18694
1.78056
1.14107
-1.0
1.48256
0.816063
1.08229
3.39658
0.0990629
0.382275
6.32607
0.224703
3.61281
-1.0
-1.0
0.747961
0.857706
-1.0
0.244446
1.15197
-1.0
0.315013
6.19853
0.696644
2.27021
0.852797
0.813515
0.114603
2.31232
0.947257
0.528493
0.831244
0.659282
2.48927
-1.0
2.52498
0.111006
3.51353
-1.0
0.702721
6.58709
5.67795
6.68332
0.161628
0.5435
-1.0
-1.0
2.92157
3.76575
-1.0
-1.0
-1.0
0.131537
0.293814
1.82649
0.441274
1.32005
0.114208
-1.0
0.0242826
-1.0
2.83134
1.15472
0.450899
0.599133
0.308338
-1.0
-1.0
1.58413
8.41449
-1.0
0.987882
2.60654
1.37232
1.8592
-1.0
0.779504
-1.0
0.0203959
1.03982
0.594199
-1.0
1.02428
4.1067
1.47853
-1.0
1.18122
-1.0
-1.0
-1.0
-1.0
1.13092
-1.0
0.549999
1.10139
4.01428
6.56149
-1.0
8.24888
0.159114
0.0939655
0.170501
1.38018
0.556718
1.45457
1.15019
1.51138
-1.0
1.60518
4.12877
-1.0
4.29824
-1.0
0.36311
0.599262
4.23902
0.495654
0.570675
1.75204
-1.0
4.03504
-1.0
-1.0
2.0386
0.724266
2.05547
1.36919
-1.0
0.0448453
6.57114
2.19468
-1.0
0.331455
1.49607
3.60099
0.509327
1.4124
1.88554
-1.0
-1.0
-1.0
1.6522
0.80562
0.660546
0.707015
0.524409
6.26961
0.302681
5.9938
-1.0
0.195897
0.449521
14.6676
-1.0
0.451738
0.307437
0.116632
1.97316
0.0385358
6.56699
0.121258
0.0586909
4.34957
-1.0
2.22785
-1.0
3.72202
2.85328
5.52979
1.23089
-1.0
0.13146
0.54494
-1.0
4.25615
0.633614
0.156002
0.159985
4.48086
-1.0
0.267955
3.18167
0.103016
0.645952
-1.0
0.313246
0.911397
-1.0
2.25176
1.68622
0.0732871
1.45676
3.04472
1.11144
3.98743
-1.0
-1.0
1.03943
1.09348
1.73993
0.0835168
1.86259
1.45182
-1.0
2.36843
-1.0
-1.0
2.77008
0.337463
2.52412
-1.0
7.28145
5.07475
1.39798
0.306387
1.37882
2.73539
1.65964
1.34332
-1.0
0.24194
-1.0
0.0410752
-1.0
0.659795
-1.0
4.9488
0.620463
-1.0
3.12469
-1.0
-1.0
0.485684
5.17585
5.59946
0.745642
-1.0
4.11347
1.36996
4.1885
-1.0
2.17158
0.309885
0.35079
1.91742
0.0416247
0.781743
2.57804
1.17583
2.65189
0.126937
1.4602
-1.0
2.76131
0.834548
3.70098
0.0379594
0.842662
-1.0
-1.0
0.700787
0.237249
-1.0
1.1489
-1.0
3.48822
-1.0
0.564181
-1.0
0.0657037
0.959185
0.704574
4.72758
1.98718
0.764117
0.326139
0.956305
-1.0
0.258859
-1.0
-1.0
3.07168
0.745974
-1.0
1.30136
1.4213
0.604955
0.110513
0.251121
-1.0
-1.0
0.227068
0.87259
1.19634
1.53159
0.17829
0.972017
1.90531
-1.0
-1.0
3.27735
6.13904
0.295865
0.45357
2.61514
6.58234
0.0887259
0.138907
4.69455
3.70708
1.00474
-1.0
0.384835
1.31374
5.46292
-1.0
4.97439
0.538603
2.21981
6.58922
10.389
4.09213
1.69657
-1.0
2.3747
0.350021
1.13673
1.01391
1.98961
0.28288
0.292567
-1.0
2.31948
0.515624
-1.0
3.35341
10.195
0.469212
0.170738
-1.0
7.70423
2.98799
7.61649
-1.0
-1.0
0.903872
2.86247
2.87593
1.70992
1.13113
-1.0
-1.0
-1.0
0.519882
0.654789
0.714863
0.772652
0.972432
0.612544
11.5779
-1.0
1.29857
-1.0
1.73199
3.7391
-1.0
0.721702
-1.0
5.65985
4.37735
5.85252
-1.0
0.235725
2.6971
4.7228
-1.0
-1.0
1.63229
1.13824
1.58251
0.94488
4.31607
-1.0
1.27701
4.0123
-1.0
1.27059
1.65384
1.15582
0.245525
1.11763
3.89323
3.47931
0.580831
-1.0
4.31253
0.679416
2.63785
1.19927
0.152733
2.7288
0.774697
1.01505
1.16057
0.537239
0.270164
-1.0
0.564779
4.16014
0.176253
0.142042
1.7051
0.703557
0.916672
4.05764
-1.0
0.206965
2.44051
2.74796
0.203515
1.9222
3.54399
1.26681
-1.0
-1.0
-1.0
-1.0
4.37246
-1.0
1.5407
-1.0
0.492701
5.98247
0.137638
-1.0
0.437018
-1.0
0.741268
0.108489
0.298766
0.0896841
0.85821
-1.0
0.0650147
2.03076
0.372565
-1.0
0.977922
-1.0
-1.0
0.135453
0.119415
-1.0
-1.0
3.09671
0.117861
7.20469
2.51044
4.48417
2.1487
0.318634
1.59656
1.55424
-1.0
1.06457
1.4619
0.0479745
0.525696
8.49208
1.75427
1.23847
-1.0
-1.0
1.70862
1.19655
0.283609
1.16572
1.5815
8.09926
0.362754
0.776961
2.43616
9.20077
-1.0
0.182048
-1.0
0.558535
-1.0
0.620936
0.316553
0.435042
-1.0
2.85734
3.02304
2.88144
2.37504
2.10532
2.01829
0.208968
-1.0
-1.0
-1.0
1.09512
3.64909
0.711877
2.10781
-1.0
3.24088
3.94646
1.91143
0.0672905
2.88788
1.92287
-1.0
1.96562
-1.0
0.206499
-1.0
-1.0
1.67104
0.0283485
1.67162
0.344332
11.9062
7.39057
5.44772
4.13265
4.59368
0.10074
0.490232
0.106347
-1.0
0.335313
1.54439
-1.0
2.55076
2.61976
0.0466917
-1.0
-1.0
1.63012
3.17813
0.766365
1.72084
0.571095
2.95236
-1.0
1.01654
8.10297
0.182851
-1.0
0.484228
6.01927
1.24105
1.53778
0.537599
1.19212
0.169106
0.193098
-1.0
5.71889
-1.0
1.18127
0.446812
3.17328
0.651532
-1.0
2.05388
-1.0
1.35346
0.636002
9.56311
1.68917
-1.0
0.386299
5.52063
0.269498
0.812827
0.391228
8.62844
0.0473964
-1.0
1.25165
4.24931
3.57905
0.0747715
3.38321
-1.0
2.25689
4.17739
2.5801
0.402176
0.319839
2.07001
0.0699535
1.93285
-1.0
4.6475
0.0568065
0.026
0.931203
0.998347
1.23729
-1.0
-1.0
0.57483
-1.0
4.88327
-1.0
-1.0
0.631654
0.545595
2.04991
0.178159
0.468584
0.152468
1.48444
0.0548297
-1.0
0.211075
0.827024
1.46356
0.226835
3.59631
3.80297
0.500042
0.184456
0.832495
6.32153
0.361317
0.705737
0.277044
0.18567
0.28476
0.21311
0.133611
0.757006
0.25169
0.0519097
-1.0
2.16197
0.274721
-1.0
0.0412394
1.37306
-1.0
-1.0
-1.0
0.131171
0.627064
3.08615
0.500609
0.18585
0.276441
3.46338
-1.0
0.996161
3.63958
1.31791
0.323081
2.97035
1.01848
0.71081
0.678348
4.89441
0.376033
