1.32724
0.151976
0.619154
0.888049
3.76022
-1.0
0.564772
0.0511372
2.00324
-1.0
2.49761
0.450743
0.083733
0.834959
1.21156
-1.0
0.256187
2.14563
2.41339
3.05356
9.70334
0.591662
2.09608
0.732663
0.793437
3.20593
0.154065
-1.0
0.622645
-1.0
-1.0
1.90579
1.69244
2.41427
3.97991
0.155859
0.0605542
5.20679
2.56244
0.241621
-1.0
0.101548
-1.0
0.22224
-1.0
-1.0
3.27766
0.251498
0.151485
0.485728
0.0644088
0.463841
0.172272
1.28944
0.104681
-1.0
-1.0
-1.0
5.07704
-1.0
0.915163
0.121835
4.23905
0.702993
1.30697
0.896006
-1.0
1.15416
0.262989
0.086812
7.13186
-1.0
0.23747
2.28912
-1.0
10.7963
0.470358
0.723848
4.2795
-1.0
-1.0
1.27463
0.120115
2.50286
1.21192
1.72971
5.85125
1.71589
0.140443
0.525676
0.031959
8.1625
0.169019
-1.0
0.0642789
6.31295
6.39983
-1.0
-1.0
0.609287
0.637528
-1.0
-1.0
0.102618
7.25992
-1.0
1.96207
-1.0
1.88569
0.40826
3.49542
0.609495
0.427745
3.24747
-1.0
0.343002
-1.0
0.110724
-1.0
3.58793
1.90924
1.58441
0.567673
2.13515
6.88523
0.217069
2.39101
0.728572
4.44161
1.07644
4.28553
1.10114
-1.0
-1.0
2.95415
3.83315
0.628354
-1.0
1.67943
2.3078
-1.0
1.02975
5.45003
-1.0
-1.0
0.538091
1.51394
-1.0
-1.0
6.26895
5.77125
0.340173
-1.0
1.96197
-1.0
0.392135
0.266625
2.13117
-1.0
-1.0
-1.0
-1.0
3.2004
0.0754409
-1.0
1.34378
0.130553
0.142339
0.731808
-1.0
1.01172
0.922662
1.54398
0.170565
-1.0
-1.0
0.891827
7.74717
-1.0
2.88365
0.180485
1.24473
0.156249
-1.0
2.14893
1.45792
0.779372
4.84354
1.02335
0.354995
1.49758
-1.0
1.0878
-1.0
-1.0
4.14992
2.21702
-1.0
-1.0
2.34807
0.240325
0.629489
-1.0
0.410263
1.53171
0.699415
0.13467
0.250556
0.708597
0.774724
5.12863
0.835364
0.716544
0.433248
0.398965
3.83496
0.910841
0.256629
1.89785
0.517065
2.37569
-1.0
0.99354
0.449442
0.874651
0.214931
0.0484357
-1.0
3.51869
3.14899
-1.0
-1.0
1.36819
2.19803
2.32305
3.16729
0.276156
0.343364
1.4886
5.77577
1.13405
0.800004
0.271075
2.41751
1.4891
-1.0
-1.0
0.344062
0.337497
0.681305
0.806146
0.0686386
0.554884
3.94092
4.31437
-1.0
-1.0
-1.0
2.45531
0.29208
-1.0
-1.0
-1.0
-1.0
0.693665
0.66926
0.0891537
1.33174
0.623158
-1.0
4.73426
3.59396
1.55145
0.909774
3.00076
0.56299
1.21563
1.34964
2.11509
1.13412
2.19223
1.12521
2.15746
-1.0
0.153794
1.91314
0.688907
0.33572
0.0582754
2.5937
0.192827
1.16964
4.27933
0.550334
1.40937
1.41992
4.81515
-1.0
0.468034
4.50306
-1.0
0.244717
1.60879
1.65417
-1.0
0.533662
4.32623
0.0786557
-1.0
0.705108
1.13794
0.169098
0.424068
4.95517
0.0613967
-1.0
5.27515
1.71393
-1.0
-1.0
-1.0
6.15331
6.95782
0.275421
-1.0
13.35
3.43665
4.92192
0.291351
0.627743
0.626122
-1.0
3.40719
0.995076
1.07937
2.18127
2.07408
2.20729
2.25992
-1.0
0.33364
0.493377
-1.0
-1.0
0.40231
0.785845
-1.0
3.0458
0.232861
1.6856
0.748916
-1.0
-1.0
-1.0
-1.0
-1.0
1.59537
2.20222
6.68619
4.4833
2.37432
0.849704
0.101619
0.34522
1.74199
0.780759
0.872048
3.02207
2.84907
9.57974
0.369636
1.36948
5.8261
3.26788
0.699296
0.27898
-1.0
4.58747
0.838483
2.95534
2.68948
0.524534
-1.0
2.74951
2.79616
0.0666421
0.528005
2.75418
1.50205
0.200581
3.18634
0.969159
1.20654
0.389883
0.208852
8.41992
0.135171
2.43489
0.694643
1.84674
2.04791
3.91469
-1.0
2.45954
4.17787
4.15791
-1.0
4.74776
0.310962
-1.0
4.90383
1.70098
1.47358
2.33897
0.0704579
0.679663
0.298392
1.78839
1.37504
-1.0
2.30123
0.393767
-1.0
0.762648
0.91984
2.28772
-1.0
1.8829
0.234174
-1.0
0.711715
0.0675808
5.18697
5.326
0.547431
2.2411
-1.0
2.08933
5.04825
1.67183
0.180171
-1.0
0.954465
3.09435
-1.0
2.90134
1.28935
-1.0
7.80549
3.4146
-1.0
0.502232
3.76948
3.17305
-1.0
3.29434
0.998236
-1.0
2.25468
3.05063
1.78934
-1.0
2.72135
2.61086
1.54573
-1.0
-1.0
4.76582
3.18735
-1.0
0.351671
0.371639
0.247181
1.75225
-1.0
2.95647
-1.0
0.352806
0.168002
1.09203
0.320147
0.545856
5.53147
2.65468
-1.0
1.24106
0.801131
6.03002
3.99216
0.103934
2.32676
-1.0
-1.0
-1.0
4.44827
3.76485
-1.0
-1.0
-1.0
-1.0
4.40682
2.23548
-1.0
2.83342
-1.0
4.08314
4.40946
0.415306
0.891259
-1.0
3.65425
0.388056
-1.0
0.513752
1.70509
2.13899
0.427626
0.417982
-1.0
-1.0
1.35573
0.652256
5.68912
-1.0
0.270351
4.89757
-1.0
0.186606
0.20865
1.77292
-1.0
2.56141
-1.0
-1.0
-1.0
-1.0
6.27608
0.431765
0.697903
0.927631
-1.0
4.50101
0.0738173
1.46701
2.09772
1.73375
2.5315
0.0776251
0.54114
0.63862
1.02453
4.5295
0.341755
0.450372
2.26045
0.754994
2.94033
0.530763
1.55995
0.344948
-1.0
0.115765
2.90079
1.07802
-1.0
0.594413
0.428321
1.33612
4.80312
-1.0
-1.0
1.97132
0.749583
3.30091
0.215439
-1.0
4.0281
1.43952
4.57971
8.3906
-1.0
0.0374164
0.269043
1.9748
4.81637
0.796484
1.64485
-1.0
3.23523
0.701289
0.506567
0.668347
6.13274
-1.0
8.61019
0.266706
-1.0
-1.0
2.33134
4.2004
-1.0
0.463928
2.38504
5.04535
3.26454
-1.0
12.403
0.456731
1.7368
1.39946
1.0161
2.293
4.50241
0.200957
-1.0
0.250492
-1.0
7.83563
2.0418
-1.0
1.00388
1.06224
0.211867
0.379485
2.80909
0.648084
-1.0
2.6097
-1.0
-1.0
1.24041
2.74892
-1.0
2.6794
2.94538
2.22136
0.561782
6.49149
0.711301
1.4973
0.220273
1.81633
0.271095
6.72078
-1.0
0.514058
-1.0
2.10136
1.77358
2.38086
5.84558
5.04815
0.914705
6.5001
-1.0
-1.0
1.73122
3.51986
0.212006
1.58327
-1.0
4.91059
1.85866
6.18522
0.10271
0.123834
0.685717
2.34964
1.53684
-1.0
0.958581
0.267659
2.0474
0.448815
0.521209
0.1519
0.481083
-1.0
0.31816
0.597064
1.3419
2.34811
6.92903
1.36642
1.21686
0.881075
-1.0
1.26349
-1.0
-1.0
0.376338
14.5605
0.879087
0.731784
1.42469
-1.0
-1.0
0.168257
0.572875
0.238073
1.95096
4.11844
-1.0
4.3821
0.0847989
-1.0
0.636787
2.47603
0.489285
3.97869
0.210699
9.38098
2.69392
1.33497
5.77302
-1.0
0.441225
8.947
1.66909
0.160302
0.422798
-1.0
2.48691
-1.0
3.18176
2.22435
-1.0
-1.0
0.320391
1.19877
3.42745
1.39504
-1.0
0.509111
2.78506
4.34897
3.97778
3.09376
6.28135
3.00915
0.759177
3.26439
4.42219
0.555376
2.16822
0.566568
2.11154
0.484698
-1.0
0.0542555
0.308085
0.0505443
-1.0
0.634774
-1.0
0.327877
-1.0
-1.0
1.27636
0.962647
0.0436461
-1.0
0.45518
2.58176
1.60573
-1.0
0.21888
1.75297
2.82079
0.973654
0.42352
0.38882
2.25113
7.00667
1.81255
1.82874
1.63378
0.189235
1.91457
1.32883
-1.0
-1.0
1.69806
-1.0
2.75623
0.450073
0.433434
-1.0
-1.0
2.1256
-1.0
2.25513
0.632583
0.443571
1.94016
6.69322
-1.0
1.79874
1.59233
-1.0
0.477552
-1.0
1.36755
0.171401
0.164181
0.385779
11.3098
-1.0
1.01169
-1.0
-1.0
2.42577
0.313494
0.502538
0.459307
0.609588
1.88918
8.02942
2.4546
1.50227
3.76483
1.81355
0.427001
-1.0
0.472954
0.501003
1.09906
-1.0
1.06653
0.129327
0.433707
4.52814
4.17599
-1.0
-1.0
1.47166
1.36201
0.300818
-1.0
1.90118
4.92162
1.29655
2.7184
3.10574
0.914661
0.644162
2.46259
0.22661
3.5244
7.41635
-1.0
-1.0
1.00452
2.13745
-1.0
1.39652
-1.0
1.0046
1.39332
1.21845
-1.0
3.29856
0.778173
1.00516
1.42448
2.29025
1.04925
1.78555
0.869877
1.73652
1.14985
0.166904
0.628105
-1.0
0.519376
-1.0
1.78927
1.14424
0.362154
-1.0
0.258324
-1.0
-1.0
-1.0
4.54433
0.154806
2.11672
0.0566941
6.25513
-1.0
0.564267
3.22417
1.27589
0.0529493
1.00704
0.367778
-1.0
5.77733
-1.0
-1.0
0.253494
-1.0
-1.0
2.85269
-1.0
3.72137
1.16002
-1.0
-1.0
-1.0
1.48279
0.126024
-1.0
0.294604
0.388325
7.68806
-1.0
1.74034
0.899284
0.355962
1.28898
-1.0
0.0599094
-1.0
2.38857
0.795895
1.02609
0.586421
0.701453
-1.0
1.12782
0.954397
0.181215
0.726708
3.02841
-1.0
-1.0
-1.0
-1.0
1.17481
-1.0
-1.0
1.70387
1.43689
1.77132
1.98668
4.38663
0.0715031
1.6871
1.03316
-1.0
0.715247
0.780031
0.970545
0.397729
0.231102
4.22472
0.269094
3.33275
1.69004
0.68228
5.57703
0.139264
0.886673
6.54564
0.479504
4.01426
0.692454
1.07821
0.47956
1.33773
1.22937
0.737621
3.18397
-1.0
7.69979
-1.0
-1.0
1.3204
3.23816
2.21323
0.230256
0.406601
0.586344
1.57649
1.77076
0.881246
2.12809
1.38268
1.73342
0.561254
-1.0
0.105966
0.0382838
0.848437
1.70035
0.133757
3.11554
-1.0
3.57174
1.35967
0.467675
-1.0
0.275602
2.4405
3.29736
-1.0
2.36924
1.09896
4.95331
-1.0
3.39671
2.39531
0.631807
1.40447
1.2561
-1.0
7.24268
-1.0
-1.0
0.466393
0.118075
7.42691
0.823164
5.56823
2.86011
0.290945
3.39836
0.996272
-1.0
0.19541
1.0202
1.31857
0.346266
0.239888
4.50845
3.00081
0.442196
1.51017
-1.0
0.0724862
1.93666
4.26574
6.64747
0.0482228
0.0858634
0.397571
0.0453367
1.01111
0.75616
1.63532
0.286041
1.42967
1.20076
11.255
0.277397
-1.0
0.105659
2.95547
9.07356
-1.0
5.83457
0.223951
3.14747
-1.0
1.16814
-1.0
1.23563
0.533109
0.487031
0.0719168
1.83223
0.463381
3.46052
3.55077
-1.0
0.348942
4.73066
0.0242461
0.307041
-1.0
0.386082
-1.0
0.15121
0.0857973
-1.0
-1.0
0.979646
1.79767
0.830831
-1.0
5.82429
0.628799
-1.0
0.977597
0.698658
2.66789
12.7713
-1.0
-1.0
1.02263
0.0415753
0.988226
6.68305
-1.0
0.914511
0.195378
0.331627
1.26867
4.88101
0.374494
0.860811
0.561552
-1.0
0.450368
-1.0
0.589948
4.27831
3.48966
-1.0
5.76204
3.87545
-1.0
0.151097
-1.0
14.836
0.219717
0.215333
-1.0
3.2278
3.07662
-1.0
5.24599
7.20828
0.578468
-1.0
-1.0
0.942145
4.87725
6.28297
0.0279077
0.200909
-1.0
0.885472
3.91952
2.2855
-1.0
1.69983
0.537616
0.433065
0.581792
0.877127
0.478562
2.73787
0.679382
-1.0
-1.0
0.104447
4.12653
1.56527
0.24291
0.299316
2.12792
3.90879
-1.0
0.605443
-1.0
1.59112
1.45067
-1.0
-1.0
-1.0
0.103753
-1.0
0.381457
0.236888
2.89292
0.362054
0.862573
-1.0
2.53873
2.47679
2.07297
1.37876
-1.0
5.28463
0.177711
-1.0
0.418198
-1.0
3.47598
0.149189
0.583322
0.531583
-1.0
2.94567
0.534766
-1.0
0.895063
3.32534
-1.0
1.41445
3.14449
2.35702
6.51258
5.54885
1.7194
3.15043
-1.0
3.3179
0.349387
1.32843
3.6185
0.702294
-1.0
-1.0
-1.0
-1.0
2.47556
11.4176
1.43921
0.914898
-1.0
0.88837
1.5324
2.21523
0.320447
-1.0
0.503114
0.996789
4.33861
5.60233
1.6465
-1.0
1.32327
4.50456
1.95669
-1.0
-1.0
2.2194
-1.0
-1.0
-1.0
0.555889
5.53785
2.23907
1.68297
5.52346
1.72223
-1.0
1.2203
2.34182
2.74783
4.07087
1.71682
-1.0
2.70815
2.69885
1.27802
-1.0
1.75643
1.40262
0.286223
0.406013
8.76626
1.75722
0.099153
1.5378
-1.0
2.7257
3.78659
-1.0
2.25796
0.143993
0.578187
2.37119
-1.0
1.80129
-1.0
3.77647
4.88594
2.32299
-1.0
1.02005
2.60498
0.372257
0.222945
5.81145
3.56222
0.76074
-1.0
3.04257
1.07743
-1.0
4.59961
2.00024
-1.0
0.0541695
1.4009
2.42174
0.671018
0.477229
5.67628
-1.0
0.240785
2.90438
-1.0
-1.0
0.231115
-1.0
-1.0
-1.0
0.548782
3.22151
3.38132
0.149539
1.51072
3.53581
-1.0
0.141244
1.06086
1.58727
2.85442
0.0488249
0.562889
0.342459
0.934422
-1.0
3.1148
-1.0
1.06864
2.60196
3.9637
1.99596
1.63855
2.95724
0.614407
-1.0
1.83557
4.48728
3.08528
-1.0
2.11165
0.507451
0.755186
2.39841
2.87195
0.608079
2.00098
-1.0
1.20795
-1.0
3.05231
2.46301
5.38324
4.1351
2.75585
0.16171
1.06234
0.948825
0.753756
0.451222
5.35681
0.229806
0.171486
3.64019
-1.0
1.1439
4.98234
-1.0
3.69892
0.778915
2.53639
-1.0
4.29305
-1.0
-1.0
6.73773
-1.0
1.24276
5.33906
1.35867
0.0463143
1.6038
-1.0
-1.0
0.0467512
1.30406
-1.0
0.639695
6.81966
0.132307
0.680618
2.4774
0.424787
2.17258
3.18374
2.76684
0.665796
2.52568
-1.0
6.10592
1.69747
6.56145
1.46374
10.3551
11.1149
5.55427
3.74075
0.870987
0.44098
4.76675
0.105723
1.26214
2.15143
3.73351
1.096
4.3534
-1.0
6.8036
0.210757
-1.0
1.38166
0.873864
1.19229
0.0607392
-1.0
0.278248
0.423693
0.15875
2.6748
1.96995
2.25397
-1.0
-1.0
-1.0
-1.0
0.783001
0.438915
0.186168
3.24646
1.17529
1.0536
-1.0
1.41168
2.40302
3.69676
1.90274
3.07409
2.7699
5.58381
0.905009
0.26645
0.786902
0.128796
0.0479346
0.167906
1.34475
1.66474
2.37649
0.166
5.72468
0.869945
1.00462
5.01712
0.415324
6.20305
0.133682
1.1338
3.06351
-1.0
-1.0
1.71475
2.13849
-1.0
0.573409
1.91911
-1.0
-1.0
1.06783
0.977551
-1.0
4.31215
0.142414
1.32963
0.49082
2.73851
0.0366137
1.8967
2.56851
-1.0
0.697776
-1.0
0.358274
-1.0
0.0852526
3.81217
3.11841
1.46593
2.31565
2.13878
5.93942
0.601342
1.29507
1.48011
5.65342
3.73582
10.4845
2.56396
0.865134
4.62685
0.480569
-1.0
11.6502
0.646137
0.929263
1.91925
0.545745
0.908589
4.2012
-1.0
4.88976
2.45597
1.35871
-1.0
1.41643
0.703267
0.201002
0.058723
0.54942
0.0367571
2.8324
0.71324
-1.0
1.61264
-1.0
2.19378
1.1424
1.6005
-1.0
1.99241
1.65271
-1.0
-1.0
10.7715
0.8431
3.91831
0.634312
6.16107
0.429165
-1.0
4.01589
0.734389
5.48605
2.54635
0.866727
3.61085
0.324672
0.862921
2.08661
8.03323
1.15343
3.96025
5.27787
1.26428
1.88552
0.916679
0.110044
0.393681
4.46313
0.133155
-1.0
-1.0
1.50429
-1.0
1.18213
0.981359
0.151018
0.142685
0.560232
0.639828
0.351717
-1.0
1.74102
-1.0
-1.0
-1.0
0.720423
-1.0
0.0661545
0.881845
1.21736
3.44752
4.76206
1.21476
5.30199
5.18805
2.27835
0.14781
-1.0
5.71144
1.07546
-1.0
0.32174
7.02654
0.756177
0.927974
-1.0
0.599917
1.09179
1.09743
1.69848
-1.0
3.78241
1.33447
0.0778724
2.07954
-1.0
-1.0
2.31006
0.0573858
-1.0
2.23011
0.695828
4.98283
-1.0
0.317545
-1.0
-1.0
-1.0
0.152537
0.665127
0.165457
2.01464
2.19994
0.397592
4.91986
-1.0
1.03274
-1.0
0.852611
0.79374
-1.0
0.484456
3.08298
0.480837
3.91881
2.97236
0.658252
1.27969
-1.0
0.645744
4.58875
0.543647
1.64049
2.92507
2.50498
0.27989
5.97067
-1.0
-1.0
-1.0
1.15901
3.38227
0.866718
-1.0
-1.0
0.0312396
0.663255
0.282468
3.08403
-1.0
-1.0
0.220284
0.13045
2.30134
-1.0
0.0571012
1.73181
0.593727
1.9342
10.5044
3.66309
1.53237
-1.0
-1.0
0.223223
-1.0
0.872231
0.817711
0.26812
8.15831
-1.0
0.246711
2.45879
0.665606
0.0908199
0.557491
13.6436
2.49746
4.4763
-1.0
0.552402
1.70598
3.33365
1.78982
5.45712
0.154098
0.497288
1.50001
3.76825
2.25819
-1.0
-1.0
1.40443
-1.0
0.842174
0.262002
0.339688
1.37907
0.982025
1.06687
1.37983
-1.0
0.57338
1.6797
5.89373
1.22775
0.775171
0.463386
-1.0
-1.0
-1.0
2.98931
3.39966
-1.0
1.32083
5.40252
7.79715
1.58825
-1.0
-1.0
-1.0
0.0566292
2.12552
0.285819
0.655016
0.554557
0.26353
0.148116
7.28903
0.61622
1.59238
0.578408
0.0289796
0.113802
-1.0
-1.0
1.01939
1.19452
1.17774
3.26361
0.623265
0.332893
0.369264
1.82132
-1.0
-1.0
1.19267
0.182793
0.497648
6.35657
0.197028
-1.0
1.63401
4.07478
0.132958
6.69908
0.383073
0.566469
-1.0
0.302424
-1.0
8.72315
3.16802
0.422608
-1.0
0.0586612
-1.0
1.07916
9.76309
7.59305
6.38055
0.336979
0.972526
0.48731
13.4788
0.347907
-1.0
1.15674
-1.0
0.815398
1.64484
-1.0
0.102705
1.40292
-1.0
1.41846
0.545718
1.48241
0.11459
0.744837
-1.0
5.79396
4.61224
6.51484
9.03501
-1.0
3.44073
0.773549
8.29907
0.490487
-1.0
4.60631
0.62818
-1.0
-1.0
1.53068
1.92382
0.335191
0.448189
0.445328
2.22871
-1.0
-1.0
-1.0
-1.0
-1.0
1.91251
0.490404
2.04418
0.206978
0.0409356
-1.0
0.847075
-1.0
-1.0
2.39857
3.93078
-1.0
0.449297
0.966917
0.33025
0.0562701
2.81754
0.221255
2.85603
2.65562
-1.0
0.96581
2.99156
-1.0
2.98535
3.86282
-1.0
1.393
0.172336
0.679608
4.62386
7.88796
0.611599
0.508296
-1.0
0.300247
3.23639
2.14309
0.483514
0.63741
1.25647
1.98761
1.26389
9.81724
3.74573
1.28576
0.366762
0.712549
0.88533
0.105036
1.55043
0.166413
3.18829
0.78323
6.59947
3.22524
0.529521
3.97876
3.22931
0.960447
1.6775
-1.0
0.267166
0.872532
2.52633
5.85175
0.067861
0.917738
0.078773
-1.0
4.97893
0.63721
-1.0
3.05827
2.40191
3.19524
-1.0
2.16343
0.680477
0.464173
3.40238
-1.0
0.928065
0.450447
0.175409
-1.0
0.766869
-1.0
-1.0
1.37651
0.0730242
0.60113
0.575596
0.0966454
-1.0
-1.0
2.59115
0.381062
1.96079
-1.0
0.265239
3.74195
-1.0
4.90788
2.41873
1.87781
0.0981599
0.706348
2.04807
0.264176
0.165485
0.191615
1.66558
-1.0
-1.0
1.04137
2.2867
3.66204
1.04049
-1.0
0.927201
1.19834
4.52649
17.5541
5.02928
3.77775
0.156509
0.461876
-1.0
1.68478
0.148887
0.400243
0.192191
7.61612
0.891687
0.466153
0.296186
0.785693
-1.0
4.19482
4.39188
1.08757
-1.0
0.0281767
1.42971
0.780628
3.84287
0.749588
0.902262
0.489536
0.382072
0.14459
2.04937
-1.0
0.252104
2.80789
0.395178
1.00636
5.72616
8.09614
-1.0
0.460352
-1.0
0.257518
-1.0
-1.0
1.36281
1.81938
0.203436
0.299156
-1.0
11.3139
0.645593
2.36783
1.34624
1.60748
-1.0
-1.0
2.2274
0.748622
2.31175
1.38321
1.13037
1.25534
1.74673
0.207609
2.73733
0.251927
0.0651141
0.292975
2.03259
-1.0
0.991027
0.785811
2.12595
0.129703
-1.0
0.916763
5.9375
0.547141
0.67378
0.294487
1.61389
1.47845
-1.0
5.94494
4.7725
7.55619
0.457892
4.36156
0.706489
0.472882
7.99076
2.82297
0.360885
0.523361
0.105363
2.22567
0.825149
1.09605
0.962513
3.25729
-1.0
2.33454
1.0543
7.14125
0.497382
0.653655
0.689786
-1.0
-1.0
0.0530369
2.19792
3.71025
0.854361
3.15663
3.75967
0.808989
0.0595324
2.78684
1.05363
5.56505
0.707195
0.452066
1.30145
1.30075
2.86124
0.271678
0.763318
1.2381
-1.0
1.99669
2.91437
0.157743
1.49016
-1.0
1.71814
0.666059
4.99093
13.9468
6.90449
8.60101
2.37714
0.255388
2.49005
1.87568
12.3207
-1.0
6.26332
3.04466
-1.0
0.187194
-1.0
3.13576
0.277103
-1.0
4.85726
0.818412
1.03754
-1.0
-1.0
1.14543
1.4441
1.02844
-1.0
0.50532
3.11902
1.76415
6.20645
-1.0
-1.0
6.77838
4.60967
0.615102
0.231822
0.6538
-1.0
0.10607
-1.0
0.812775
0.090375
3.55694
0.442092
0.654091
-1.0
2.52847
2.2561
2.5465
0.546497
0.87636
0.10045
2.95185
-1.0
2.74559
0.406821
2.91048
2.49287
1.28007
7.67527
1.88124
1.2997
0.46345
2.03251
1.81655
2.11722
2.35045
-1.0
0.136173
0.742256
3.07798
0.388115
-1.0
5.39096
0.444082
6.00409
1.58869
3.34243
1.91848
0.289204
-1.0
0.905782
-1.0
0.330571
0.26322
3.40907
0.336377
-1.0
0.71358
4.8332
9.04825
-1.0
1.33638
0.620061
-1.0
2.46884
6.07387
0.251271
9.38993
0.722452
-1.0
0.107105
0.780954
-1.0
1.64274
6.91222
2.66912
0.601806
1.39512
8.22182
1.00176
0.822034
0.697981
2.43474
1.16086
0.0526212
1.38106
1.30067
-1.0
0.653159
2.29954
16.2973
1.1151
2.27143
0.43465
-1.0
-1.0
-1.0
0.91161
3.0724
9.099
0.383101
1.0443
0.878565
-1.0
2.0023
2.66214
-1.0
-1.0
0.410218
-1.0
0.383728
3.55963
1.43672
-1.0
-1.0
0.664381
-1.0
-1.0
0.24423
3.44577
0.0838129
1.24413
-1.0
0.444393
2.85806
0.570113
0.695206
0.519188
0.524884
0.536145
-1.0
1.05548
0.776825
2.49891
-1.0
-1.0
0.492773
-1.0
4.35159
0.630769
1.67922
0.268424
0.513932
5.64133
0.378032
0.707912
0.387068
3.25904
0.656358
0.0442962
-1.0
1.38083
1.09633
2.41819
0.55948
3.83852
1.07433
5.60298
-1.0
1.24415
-1.0
1.66597
-1.0
-1.0
1.70285
3.35261
1.43237
-1.0
-1.0
3.04514
-1.0
0.848569
-1.0
0.0754434
0.793166
0.196996
2.79717
1.27393
4.1203
-1.0
4.37337
1.2063
3.07067
0.774348
-1.0
0.812149
0.25458
1.87183
7.61354
-1.0
-1.0
0.310255
-1.0
-1.0
0.0711406
0.898118
-1.0
-1.0
2.00758
-1.0
0.117208
3.38928
2.07153
0.21243
0.226477
0.861671
11.1956
1.4517
-1.0
1.49552
-1.0
0.0739316
2.77451
0.434439
2.86689
-1.0
0.673273
0.95686
2.35864
0.546454
0.135832
0.545728
1.70745
-1.0
1.04878
10.1223
1.24617
2.85884
1.32546
0.949587
0.328135
0.489391
1.44401
0.446021
0.405986
0.223073
1.12242
1.1316
2.92757
2.57417
2.19409
3.52325
2.39294
-1.0
0.869527
1.18055
0.140745
0.445161
0.574522
0.112654
0.926126
3.00759
0.0719061
0.773406
6.64988
1.93352
1.43768
-1.0
-1.0
4.11119
-1.0
4.6585
1.26737
-1.0
0.215963
0.356157
0.235657
6.36472
-1.0
1.45981
1.84332
0.916216
-1.0
10.2284
0.313305
1.63888
-1.0
0.48621
0.0616142
2.75549
3.48305
3.55673
0.24615
-1.0
2.05064
3.56142
1.1513
0.303238
-1.0
0.0428573
3.15068
1.18325
0.0853886
4.91094
0.768778
1.57428
4.29255
1.91295
0.128443
0.860066
1.13725
5.43769
0.637738
5.88072
-1.0
1.33203
0.168672
0.775897
3.4675
-1.0
0.634925
-1.0
2.82327
-1.0
0.727396
-1.0
0.10841
2.96656
-1.0
-1.0
2.20308
-1.0
-1.0
0.351092
0.329515
0.532136
0.895243
1.21688
2.4068
0.900918
1.25926
1.00148
0.0611999
1.73308
0.857986
0.703335
2.50497
0.177995
5.32537
0.58889
-1.0
-1.0
1.31055
-1.0
0.771077
0.121503
2.43873
1.88044
0.166837
-1.0
2.83823
-1.0
6.95273
1.24364
3.59929
-1.0
0.112968
8.03442
0.703632
0.177072
0.0960163
2.02471
0.799867
1.5203
-1.0
0.753183
2.08797
-1.0
0.52043
0.0493171
-1.0
0.48901
4.06791
-1.0
2.272
-1.0
7.21902
0.947866
0.0766504
-1.0
-1.0
-1.0
2.00698
5.74772
0.806344
-1.0
2.12206
2.85406
-1.0
0.233201
3.85183
-1.0
5.18481
0.422782
0.311145
-1.0
4.52736
0.0540069
2.68603
-1.0
0.163816
1.01469
0.572194
0.146844
0.919698
1.984
2.6537
-1.0
10.1532
1.30565
0.322976
0.38554
-1.0
0.057473
1.22122
-1.0
-1.0
0.0468236
0.666217
0.561718
3.16595
3.79699
0.840686
2.73436
4.94039
-1.0
0.71165
0.0462221
0.133094
0.581419
2.16776
2.06826
0.613028
2.53013
1.43848
1.4165
4.63697
0.225718
-1.0
-1.0
0.329353
-1.0
-1.0
0.0756527
-1.0
2.83278
3.01591
-1.0
1.69838
1.40972
2.12639
0.359555
-1.0
-1.0
0.558405
2.00314
-1.0
1.0038
0.431776
0.350298
0.0464905
-1.0
2.73696
-1.0
1.068
1.51856
2.79653
-1.0
4.59512
-1.0
-1.0
2.59243
3.85911
-1.0
0.505165
-1.0
2.56264
0.160495
4.42437
1.77687
0.154432
-1.0
0.516547
0.854052
-1.0
-1.0
1.02562
0.102878
-1.0
0.108389
4.58803
-1.0
0.62899
-1.0
1.51388
0.802199
0.586015
-1.0
0.101088
2.06584
5.10647
1.72163
4.19655
2.57742
4.19273
0.611607
2.14844
0.191898
2.05622
2.50271
0.864769
-1.0
0.95231
2.04028
1.14986
1.42451
3.04825
-1.0
6.59694
0.454298
1.70752
1.68626
2.18361
4.99895
-1.0
-1.0
-1.0
0.180151
0.0309736
3.2296
1.80141
-1.0
1.84221
1.54122
0.620124
1.88754
0.365865
-1.0
-1.0
-1.0
-1.0
1.75521
0.0394625
4.12769
0.271824
1.98434
2.08139
2.12572
-1.0
-1.0
5.08353
3.1436
1.09926
0.0698862
1.2969
1.43111
0.867032
1.26117
1.97789
0.0601084
3.50948
8.34055
0.182423
-1.0
1.84914
0.952091
0.182895
1.7486
-1.0
1.14212
2.6934
1.05017
-1.0
0.731605
-1.0
-1.0
-1.0
2.23867
0.553858
0.037022
-1.0
5.25402
2.46546
2.55488
1.58117
-1.0
0.30495
2.69201
1.48188
2.26508
0.187249
0.3419
0.785672
0.407931
3.97403
0.24798
0.392551
2.02112
2.15958
-1.0
-1.0
-1.0
0.327238
0.686921
1.56202
4.16543
1.09952
1.27238
2.12521
0.773384
-1.0
1.92241
3.89034
0.880689
5.35542
0.124877
-1.0
1.52436
-1.0
4.75888
-1.0
0.152223
1.16594
1.68895
1.8126
1.77538
5.74816
2.5783
4.99982
3.65951
1.32941
-1.0
2.46272
-1.0
3.2635
2.08415
1.41394
0.447956
0.571096
0.84242
-1.0
3.76633
2.81046
0.692736
0.843172
1.66094
-1.0
0.139699
0.392414
-1.0
7.10396
0.795495
-1.0
2.55103
1.80138
-1.0
0.887626
2.70226
3.5725
-1.0
0.344953
-1.0
0.468712
0.0411593
6.53752
0.228775
7.33395
-1.0
2.47967
6.14872
1.38263
1.58547
0.465417
0.903967
1.11355
2.06084
0.461205
-1.0
-1.0
-1.0
-1.0
0.78717
3.38333
1.07739
-1.0
1.93269
-1.0
4.55999
-1.0
0.972832
0.81458
3.88877
0.959267
9.86013
2.04295
2.7176
1.08864
0.840036
3.9002
-1.0
0.779361
0.904322
0.15549
9.22331
2.65811
4.40642
0.382439
0.552106
2.03157
4.41821
0.4273
0.922434
2.74998
-1.0
0.530434
0.70452
4.06723
0.758853
0.114536
-1.0
3.38486
2.61255
0.106867
-1.0
0.859645
0.583423
-1.0
0.139457
2.09611
2.5374
1.42635
0.440459
0.743995
0.316623
-1.0
9.0798
0.0824472
0.666741
1.57957
1.22381
-1.0
4.0916
3.31603
2.76241
0.376901
1.72823
1.48344
0.140851
-1.0
1.93885
0.30144
0.190265
0.524396
0.223509
0.282687
2.02698
-1.0
0.452383
-1.0
-1.0
4.9555
0.358432
1.01197
-1.0
-1.0
1.61381
-1.0
-1.0
0.790827
-1.0
-1.0
5.03799
1.21637
-1.0
0.833033
0.855488
-1.0
0.241633
-1.0
3.07711
0.490985
1.18538
1.63731
-1.0
-1.0
0.255053
4.82381
0.743833
-1.0
1.58561
0.76733
0.256022
1.78399
1.14765
2.0014
0.933203
0.191528
0.293236
0.696929
1.90849
1.03957
1.15516
0.160506
0.349021
0.842972
1.2814
0.101217
1.00473
2.55139
3.53166
0.488372
1.01644
5.09285
1.55788
2.0785
0.291129
0.417025
3.79596
-1.0
0.717311
-1.0
0.0352057
-1.0
0.733688
-1.0
0.171283
9.64433
1.31004
3.01551
4.8557
0.0847951
1.02942
-1.0
5.3991
3.35902
1.03105
1.88567
1.83705
4.80648
-1.0
-1.0
0.586365
-1.0
0.69073
0.521702
0.422348
6.6389
-1.0
-1.0
4.71089
3.30402
1.04644
2.72402
0.263314
0.740933
1.47294
0.0988949
3.56713
-1.0
-1.0
-1.0
0.425762
-1.0
1.21763
4.06222
7.07661
0.348822
1.45806
-1.0
0.513895
2.44504
3.84352
3.96362
8.78679
-1.0
2.15227
0.305563
3.39692
0.403436
-1.0
0.496935
1.58856
4.98769
-1.0
0.0789846
0.503878
0.604779
-1.0
-1.0
-1.0
-1.0
3.02821
0.926347
0.925591
1.94905
0.355561
2.10633
0.384861
1.42748
0.589663
1.04223
-1.0
2.2714
1.03132
0.226242
0.32556
0.221488
4.50074
2.52197
0.193784
-1.0
0.820657
2.36208
0.161908
1.36391
2.90258
5.39292
2.674
1.95346
0.269338
2.49692
-1.0
4.58277
0.631292
0.183149
6.94047
1.41808
5.33806
0.97901
1.51901
2.39418
-1.0
8.25065
0.218403
0.247405
2.15526
3.65688
3.70917
-1.0
0.150919
2.23072
-1.0
3.11262
3.52403
6.05849
0.129366
0.934432
-1.0
0.477303
1.09536
5.00333
0.0891862
2.15471
0.659423
13.5827
2.01344
0.873385
5.96619
1.95303
2.89475
8.19199
0.360901
0.308451
0.137839
1.41217
-1.0
9.46218
3.06898
0.312352
4.70704
-1.0
0.840951
2.67889
1.78651
-1.0
0.377341
0.157349
4.31253
1.12438
1.37054
0.391646
0.122491
0.91085
-1.0
0.786128
-1.0
-1.0
0.54614
-1.0
-1.0
0.518687
2.51802
6.39859
2.25601
-1.0
2.88555
3.924
-1.0
-1.0
10.8166
0.495181
8.96992
0.113527
-1.0
4.99787
3.05485
-1.0
-1.0
0.569654
-1.0
1.8316
-1.0
0.568135
-1.0
0.99302
3.25295
0.486419
1.1824
3.27733
0.748181
-1.0
10.0975
0.197959
-1.0
1.61426
0.822851
4.37167
1.8767
-1.0
0.0493437
4.43093
0.416765
-1.0
-1.0
0.206267
0.86844
2.13959
0.163718
-1.0
4.46168
1.67541
0.884045
0.589369
6.19917
0.153533
0.47218
-1.0
2.59874
1.54603
4.80545
6.4895
1.84034
0.98716
0.837903
0.805654
5.29992
1.18883
0.593354
-1.0
-1.0
1.05171
1.97906
0.823912
-1.0
1.88183
0.119195
0.134539
-1.0
-1.0
0.384974
0.556915
1.07412
-1.0
-1.0
0.153143
0.787373
1.29013
3.68348
0.0753356
1.63516
0.216237
-1.0
0.0464289
-1.0
0.0227619
0.975664
0.412462
0.972046
0.0629022
0.800468
0.337652
-1.0
0.591487
0.603494
-1.0
2.26073
9.60092
2.69492
0.0663524
0.754624
2.83978
0.119198
0.978877
5.4472
0.13503
0.439216
-1.0
3.32347
0.297608
1.10621
-1.0
0.458522
0.540541
1.12257
8.42448
0.375693
1.22704
2.86999
1.49915
0.446263
-1.0
-1.0
1.85917
-1.0
2.25677
0.353502
4.00033
-1.0
0.101073
0.523626
-1.0
1.45049
-1.0
0.099938
-1.0
2.37261
0.619919
0.309041
1.24753
1.96669
1.91762
0.550185
5.08624
0.912796
0.221088
0.712987
0.13659
0.858231
0.560933
4.01892
2.39528
1.16653
0.0701958
6.56991
0.165681
0.742861
0.0932718
0.422301
1.64868
1.67499
0.470997
1.14411
5.8113
-1.0
2.37725
1.98917
0.92262
0.226285
-1.0
1.01081
0.130826
-1.0
-1.0
1.96764
0.157808
0.257871
-1.0
-1.0
3.74563
0.303437
0.094722
0.120837
0.179284
3.41334
2.91954
0.950202
0.280851
-1.0
0.361952
2.35514
-1.0
0.271969
3.03773
2.63518
-1.0
-1.0
1.27368
0.957986
0.733865
0.608055
-1.0
2.22387
1.27915
0.935315
0.140245
0.256083
0.636601
0.319529
1.73078
1.38146
2.3952
0.607454
-1.0
0.272575
-1.0
0.166759
2.7056
0.111829
0.0307974
-1.0
3.56033
3.64582
0.972504
0.194561
-1.0
0.106475
-1.0
1.18464
0.233774
1.30682
1.16355
4.48305
0.654287
0.0267186
2.44338
-1.0
4.69633
1.33031
-1.0
-1.0
-1.0
0.300244
3.78324
2.78481
-1.0
3.27506
2.73998
0.533768
0.480866
1.00609
1.89574
2.67972
3.36224
0.0953299
0.648082
5.50206
-1.0
-1.0
1.09275
0.337647
0.240915
-1.0
0.155152
0.671827
3.08025
1.80288
-1.0
-1.0
-1.0
0.763218
1.91965
-1.0
2.41449
0.411952
1.02671
0.272104
1.16824
0.274384
0.575536
0.432354
10.01
3.29705
5.18467
0.230932
-1.0
0.44348
8.63311
4.74716
7.8603
3.43474
1.21535
0.916695
-1.0
0.625603
1.02756
5.8918
0.0924615
0.0396711
1.79373
6.40429
0.118537
-1.0
7.49931
0.335674
-1.0
2.54416
0.997467
0.337945
0.379848
-1.0
2.95585
5.26081
6.44174
2.14248
1.00662
-1.0
3.71888
0.0620682
-1.0
6.90992
0.18992
0.430396
0.0957653
0.534789
2.61185
6.80122
0.313941
2.27877
0.209603
0.667168
-1.0
1.68013
4.25907
0.173147
0.297873
0.0348722
0.814373
4.47487
1.84402
0.0415316
0.435233
0.733063
2.62144
0.961081
0.500222
0.209141
0.425828
-1.0
2.20746
-1.0
0.391097
1.0233
0.44358
4.53594
9.89771
0.377126
1.56235
0.632471
0.184327
0.607847
1.53027
1.4325
1.01993
0.20376
3.08761
3.16505
-1.0
3.7411
0.582048
0.624776
1.71221
0.128807
1.02769
1.03087
4.92025
1.02115
0.504576
3.39481
-1.0
0.222934
0.745907
2.51551
0.369922
0.712244
0.0467263
0.959198
1.12903
0.0668507
1.70675
0.0432063
2.02424
2.36079
2.3005
0.149564
-1.0
0.764251
-1.0
3.53735
5.15412
0.131932
-1.0
1.82136
-1.0
-1.0
-1.0
-1.0
1.16011
-1.0
-1.0
-1.0
-1.0
0.0426738
1.10871
3.78759
1.48509
3.90053
0.377771
0.238019
0.421479
6.03766
-1.0
0.6836
2.4024
-1.0
2.55394
1.32718
3.97913
4.95359
0.0359369
1.22547
0.529647
0.027439
1.11705
0.158991
0.549411
0.883665
0.278107
1.57622
3.0662
1.24362
8.31439
0.18164
1.26416
1.49306
0.781454
1.99892
5.5834
-1.0
0.573725
-1.0
3.30586
1.1437
3.50913
1.00464
1.66274
-1.0
-1.0
-1.0
1.51685
3.00919
0.252999
5.79102
2.28879
4.94416
4.60103
-1.0
-1.0
-1.0
-1.0
3.30998
1.11556
-1.0
-1.0
5.51786
0.875268
0.0934749
5.38019
-1.0
1.59274
3.28907
0.316814
0.61785
-1.0
0.401395
2.92452
-1.0
0.451774
-1.0
-1.0
0.565904
-1.0
1.13151
0.0699698
1.57513
-1.0
1.77119
-1.0
-1.0
-1.0
-1.0
1.1836
-1.0
5.02882
1.71681
2.56996
0.0385664
3.27096
0.444168
0.592167
0.45604
0.708591
5.09004
-1.0
4.16175
3.80501
2.49045
0.465693
9.49464
7.44637
0.164556
6.05467
2.36758
0.197008
5.104
0.409605
1.83186
0.647608
0.191497
1.22644
2.0602
-1.0
-1.0
3.64056
0.0739039
0.796647
0.198866
4.74532
-1.0
0.314764
0.516342
0.961675
0.616821
3.666
1.12837
0.75362
-1.0
0.786918
0.0626945
2.93257
-1.0
0.537172
0.582651
-1.0
10.1526
-1.0
7.70796
0.379259
0.258442
0.30925
1.62966
-1.0
0.69836
-1.0
-1.0
2.582
2.47494
1.45394
0.324869
4.17416
7.92618
2.45535
-1.0
0.708066
0.880333
0.912595
4.11716
5.07433
1.41963
3.11513
0.102736
0.0577454
2.46235
3.34692
9.18342
2.25309
2.6069
-1.0
0.941437
0.62979
-1.0
0.668843
-1.0
4.15331
5.46616
0.850353
1.14126
0.231099
-1.0
5.22112
-1.0
2.76733
1.8828
1.35207
3.15039
-1.0
-1.0
-1.0
0.402721
3.79527
1.827
1.94816
2.05716
-1.0
-1.0
-1.0
-1.0
-1.0
-1.0
7.11295
0.653485
1.19006
0.515414
4.14755
0.0893405
0.97884
1.15116
0.219855
0.63083
-1.0
0.0361691
3.59608
-1.0
0.238971
1.2508
1.96851
2.05033
-1.0
1.63933
2.08876
1.75467
1.92602
-1.0
2.86164
0.521818
-1.0
0.445647
1.12568
2.50819
11.0772
2.56381
0.191119
0.181591
2.33229
10.5674
-1.0
5.6636
1.27054
0.953819
0.122771
-1.0
0.30042
2.22852
2.14886
2.6551
1.47651
3.5903
6.35479
0.0642197
4.60922
5.37099
-1.0
0.215961
0.357521
4.80456
0.934398
4.47664
2.1419
1.20284
5.78938
1.96044
2.60088
0.504528
3.84369
0.626584
-1.0
0.399948
1.5715
1.12129
11.5158
-1.0
1.31985
0.834762
2.21569
-1.0
-1.0
0.370519
0.778467
0.531047
4.72727
1.39999
4.15662
0.916606
-1.0
3.97357
4.59897
1.03901
1.19907
-1.0
0.448357
1.31737
-1.0
1.23547
1.15354
1.0335
-1.0
-1.0
-1.0
1.02299
1.0263
0.0535446
1.37816
0.937724
-1.0
1.01698
0.823369
0.0421169
-1.0
1.02804
-1.0
-1.0
0.796577
0.322797
11.0551
5.71836
2.96965
1.30844
2.98053
-1.0
-1.0
-1.0
1.28719
2.1184
0.757895
-1.0
3.2201
-1.0
-1.0
0.5635
4.77705
4.60479
3.8805
0.107866
0.531027
4.59036
1.3272
0.364552
-1.0
-1.0
0.694556
0.268633
-1.0
4.88639
0.244635
1.60078
0.940571
4.3671
0.327697
2.60172
2.4384
6.60126
0.284221
1.98167
0.440567
0.669017
0.722436
4.35365
-1.0
-1.0
0.644824
2.97137
0.934435
3.04171
0.287569
2.80757
3.19134
3.64188
3.18036
3.1288
6.1268
3.52042
1.1919
1.83093
0.876095
0.0655193
1.50256
0.240649
2.50297
1.11869
1.02374
-1.0
0.0315279
8.11278
0.302292
-1.0
-1.0
1.45953
3.78756
2.45778
-1.0
3.80407
0.833167
3.53314
13.876
6.54269
0.258761
0.111137
1.80318
4.70204
1.39473
2.49479
0.235361
3.42164
0.158874
-1.0
4.70972
1.65424
-1.0
2.15711
1.4816
5.01596
1.02321
3.30293
2.34029
0.61051
-1.0
6.15084
5.86982
5.46017
-1.0
1.4266
0.585684
0.159459
1.5301
0.848065
-1.0
0.877998
0.766165
1.93511
0.260464
0.0691719
-1.0
2.07707
0.652499
2.40237
0.786749
2.43508
0.562613
4.0982
0.51412
0.0982656
0.455781
0.70133
-1.0
0.882497
0.150716
0.729144
-1.0
0.991655
2.68681
4.57826
5.53826
0.179484
2.41943
1.29657
3.21712
-1.0
3.72677
0.58025
4.34817
1.11436
0.14989
0.412051
1.85444
-1.0
1.95918
1.67608
-1.0
-1.0
8.39987
1.73073
0.254754
3.00407
-1.0
1.21038
-1.0
4.73694
-1.0
-1.0
0.0710976
0.587133
-1.0
8.98474
0.454993
1.55223
-1.0
0.46578
1.3262
1.00679
0.380462
3.59773
1.82342
3.60134
1.7221
1.16106
0.101823
0.0885693
0.649862
6.0929
1.80423
2.19746
-1.0
4.84297
-1.0
2.21227
0.637515
4.62697
0.397509
-1.0
3.61458
-1.0
0.154703
-1.0
0.272674
4.45156
0.536987
1.86947
2.14138
0.96017
-1.0
2.98699
0.680483
-1.0
1.83635
3.75503
0.146336
1.14283
-1.0
1.05758
0.110972
7.66154
9.28199
2.95134
0.71789
2.69901
0.312931
0.0444765
0.315393
0.016832
-1.0
0.807775
0.275228
2.50925
2.01441
4.66268
3.11385
-1.0
0.195078
0.397457
-1.0
-1.0
1.82163
1.4067
2.46722
1.75251
0.387171
2.49003
0.617549
1.90318
0.0472893
0.785348
0.578411
3.34388
0.250204
-1.0
0.667448
1.51865
0.131836
1.39827
1.0178
2.21203
0.528846
-1.0
1.44629
0.988902
2.71265
1.27938
0.062385
7.36732
-1.0
1.25678
1.7094
0.187662
0.209419
0.771007
8.50033
1.6154
0.68091
0.375191
6.00388
1.79654
1.33462
0.775659
0.527455
1.54413
-1.0
0.554951
2.28421
2.30681
-1.0
-1.0
2.58788
-1.0
0.209203
0.719458
-1.0
0.74387
-1.0
0.123707
0.847253
7.83617
7.4949
3.9534
2.55627
-1.0
1.12066
1.4591
-1.0
0.200822
-1.0
0.255606
1.13882
1.4042
0.314108
-1.0
0.588261
8.51751
5.79085
0.344426
1.70266
0.298966
-1.0
0.619467
-1.0
1.308
-1.0
0.228244
2.21211
-1.0
1.36979
0.45643
1.45068
3.50339
5.30058
-1.0
1.9147
1.17474
4.16325
-1.0
0.125798
1.29853
0.286874
7.9996
0.0443683
4.06558
-1.0
5.44231
0.695831
0.706615
3.31595
7.76166
-1.0
0.107424
0.186861
6.29297
1.32127
4.98643
1.38348
1.92105
0.326076
0.0858186
4.0393
0.674182
-1.0
3.58054
0.252837
1.04357
0.147931
1.39952
2.82407
0.888554
7.10323
1.14444
-1.0
-1.0
8.04115
0.945481
1.66445
0.921972
-1.0
0.529098
2.93239
3.77606
3.16367
1.92164
0.120418
1.85351
0.254894
1.32066
2.56007
1.67288
0.924661
2.20369
0.375074
1.67671
-1.0
-1.0
0.772886
1.63452
-1.0
2.67752
0.185772
0.792358
0.268186
0.770937
1.48641
0.272072
-1.0
2.2222
0.53461
0.748834
1.03892
-1.0
2.88871
3.48098
0.198691
4.01271
1.26756
0.789866
4.54015
0.719349
-1.0
0.645755
0.0743449
1.47505
2.49906
1.97438
0.79663
0.451692
0.465498
1.57119
-1.0
2.17058
-1.0
0.929944
0.316144
1.53131
0.832128
2.87315
-1.0
0.651457
1.13848
3.60014
0.0355035
2.465
0.40717
0.759754
-1.0
2.46249
0.856994
0.336535
-1.0
1.52042
-1.0
-1.0
-1.0
4.03142
0.0805241
1.47549
-1.0
1.14556
0.209491
2.56496
0.826315
0.851479
0.156047
2.21848
7.00395
1.45898
-1.0
1.00546
-1.0
-1.0
3.27178
3.86861
3.02086
2.07594
0.333432
2.67841
0.289641
2.14352
0.0808621
1.00797
0.0167345
7.1131
0.0575497
0.998528
0.0973776
0.965165
0.140514
-1.0
-1.0
0.103895
0.353931
0.708459
0.774171
1.25298
11.1079
-1.0
0.105966
0.891041
4.78211
0.135166
-1.0
1.51347
-1.0
2.21676
3.52744
-1.0
1.82959
-1.0
1.31969
-1.0
-1.0
0.472378
1.52324
8.49691
0.0853907
1.65477
-1.0
0.306945
0.759281
0.267787
10.9743
1.76039
2.05832
-1.0
0.795863
0.544151
-1.0
-1.0
0.142967
0.120728
0.25102
-1.0
-1.0
-1.0
2.00101
0.446066
2.61442
-1.0
1.13087
3.24502
-1.0
-1.0
1.80327
7.59226
0.330572
0.837294
3.67197
-1.0
6.31013
4.0868
-1.0
0.296801
0.134045
-1.0
0.165537
0.686659
-1.0
1.38748
0.0337294
0.834788
0.162475
1.08093
2.64135
0.793997
0.250719
2.74365
1.48736
-1.0
0.0532461
-1.0
0.0489799
9.5868
1.31576
0.972591
0.3399
0.0949422
1.20408
0.112874
0.842517
3.76048
0.476783
0.262049
-1.0
6.10952
1.19503
2.05553
4.96136
4.90065
1.27564
6.18159
1.08168
-1.0
3.58068
2.14865
7.05386
0.884821
2.08801
2.13988
1.82915
1.64422
0.479729
1.62326
6.20352
0.470836
8.11968
-1.0
0.0965956
0.543177
1.91248
12.1354
7.89675
-1.0
1.87619
3.30912
2.65713
5.70685
0.653904
0.317787
4.97209
-1.0
0.598922
1.88128
0.514819
-1.0
0.86528
-1.0
0.767249
1.22198
6.33174
-1.0
0.911586
3.53157
0.121377
2.97398
-1.0
-1.0
-1.0
0.350569
1.57393
2.47996
1.01076
-1.0
0.105415
1.60028
1.454
3.09266
1.38239
1.01102
0.720331
3.3676
-1.0
2.97725
-1.0
-1.0
5.73255
-1.0
0.288608
-1.0
6.85338
0.199241
0.0841222
-1.0
2.28118
0.586274
2.14491
-1.0
1.73432
5.3523
1.43419
-1.0
9.08641
-1.0
0.403965
-1.0
0.0531969
3.80594
0.0883087
3.3482
1.12094
0.727502
-1.0
0.379052
-1.0
0.96423
0.317558
-1.0
1.68065
0.229474
-1.0
2.23807
7.97321
0.104821
2.30041
1.5968
0.838981
1.73143
0.819335
-1.0
-1.0
4.90656
3.25749
3.20407
6.63185
-1.0
0.50822
12.8411
5.95155
1.85555
2.49222
1.66556
1.16907
-1.0
4.24755
1.20882
1.72895
2.53034
1.13804
0.0656566
-1.0
0.0868936
4.10304
0.38268
1.55362
4.56907
1.13941
5.55488
-1.0
1.79269
2.0383
0.108439
-1.0
0.437848
-1.0
1.59125
0.659815
2.97768
0.705481
2.71616
0.871049
0.631432
4.94238
-1.0
-1.0
0.78078
0.0882567
-1.0
2.11771
-1.0
0.428038
2.42199
0.383826
1.05629
-1.0
-1.0
1.74216
-1.0
8.11314
0.286639
5.36039
-1.0
-1.0
0.30838
-1.0
-1.0
1.08769
0.828951
2.61369
0.654525
0.716829
-1.0
0.858612
-1.0
-1.0
-1.0
8.6035
0.284852
0.413075
5.81854
0.399066
0.683476
5.98111
0.792743
-1.0
0.965158
0.761925
-1.0
-1.0
0.167419
1.8233
0.0779445
3.2181
-1.0
-1.0
-1.0
0.659096
0.671575
0.456552
-1.0
-1.0
0.447249
6.43325
5.14238
0.157775
1.48758
0.0457061
0.115455
-1.0
3.00516
4.89046
0.0944787
0.469538
0.994674
3.49498
7.12806
1.39487
1.68475
0.029345
3.50036
4.15476
2.94081
2.86484
4.15904
1.71805
2.33096
1.72216
2.52815
4.02938
-1.0
-1.0
2.21461
-1.0
1.78997
2.04042
0.15978
0.0466764
0.127877
3.50976
0.39498
1.75083
0.136816
2.57205
4.10747
-1.0
4.70281
10.3189
-1.0
1.27317
0.05952
0.893914
3.80261
-1.0
4.16597
1.26116
0.826282
0.0841769
0.594442
-1.0
1.80836
0.0995449
0.270505
0.657545
1.10623
0.668463
6.38826
-1.0
1.05183
-1.0
0.587717
4.82221
4.7433
0.938053
5.72487
-1.0
0.619019
2.19458
0.201565
4.22499
2.54773
-1.0
0.779382
0.41725
2.7131
0.577245
0.869046
7.3966
2.53738
3.43182
0.332809
0.39446
0.283933
6.83489
4.16052
0.641706
-1.0
-1.0
-1.0
0.720967
1.42395
1.68855
-1.0
-1.0
-1.0
-1.0
0.148925
0.0380889
-1.0
0.394284
0.553522
0.149198
-1.0
0.183473
4.52032
0.177342
0.542
3.31707
0.40679
2.99451
0.585337
0.952899
0.534451
3.07767
0.408366
4.64702
-1.0
6.20464
1.57023
-1.0
-1.0
0.045596
1.96258
1.45814
3.81619
5.07475
0.169582
0.556659
-1.0
2.12273
-1.0
1.35566
-1.0
1.15422
2.56031
-1.0
-1.0
2.53033
0.125489
0.258482
3.83359
0.63019
3.06258
2.68159
1.13432
2.51889
1.05412
0.800113
1.2377
8.82933
4.56373
-1.0
0.079985
1.7863
0.365339
4.73367
-1.0
0.412282
-1.0
0.0905446
-1.0
3.18389
-1.0
-1.0
-1.0
5.30426
0.379266
0.860681
0.5357
0.350865
0.125538
1.30215
0.242974
1.04022
-1.0
-1.0
0.0820545
1.84304
2.39094
1.22627
3.6523
1.87852
2.61131
0.848404
-1.0
0.569449
-1.0
0.388144
-1.0
1.72773
0.166833
1.65339
0.174075
-1.0
-1.0
-1.0
1.61494
0.891612
4.36652
-1.0
2.67696
0.770556
1.39553
0.947679
-1.0
-1.0
0.474464
0.891686
0.905794
2.61698
-1.0
-1.0
0.302103
2.12131
3.54866
1.36509
1.35531
1.06362
0.850547
4.94683
0.330286
2.01542
0.94778
2.1088
-1.0
-1.0
5.23362
8.01232
0.248601
0.0970474
-1.0
1.87073
1.98438
5.20306
-1.0
-1.0
1.42289
2.89673
3.26306
1.24828
1.21062
1.36398
0.148226
1.06946
0.343049
3.09831
0.204246
4.26669
0.420798
2.65298
1.33516
-1.0
0.285341
-1.0
0.359761
-1.0
0.93008
1.74626
4.60767
1.42108
-1.0
-1.0
4.2014
-1.0
-1.0
4.22713
-1.0
5.16574
1.10163
0.164884
4.39795
-1.0
1.87005
0.227636
-1.0
0.719697
8.19409
3.98751
3.88409
0.660655
1.74706
9.09014
0.994122
0.48068
0.659285
7.45922
1.07454
0.0389141
-1.0
0.696195
2.2165
-1.0
5.42627
5.75969
0.0521335
1.51577
0.390591
0.756627
3.08425
-1.0
1.85799
0.247025
2.92219
0.382562
5.53997
1.17628
0.676813
-1.0
0.526693
0.948399
1.10522
1.52376
-1.0
0.437754
0.241235
0.891944
0.556104
1.92066
0.911335
4.51801
1.48575
2.90519
-1.0
-1.0
2.37392
3.43403
3.61852
-1.0
2.30852
2.7409
0.645739
0.58893
-1.0
1.86876
-1.0
-1.0
-1.0
-1.0
0.642654
-1.0
0.103535
0.264642
0.318442
1.57008
2.00014
-1.0
0.59734
-1.0
0.481895
-1.0
1.71246
0.569241
10.1688
0.0928081
-1.0
0.253045
0.111332
2.26986
3.38901
3.05587
4.07324
-1.0
4.75126
2.05621
0.943676
2.28468
2.78561
4.0411
-1.0
1.92781
6.76454
-1.0
0.598631
-1.0
-1.0
-1.0
0.114722
-1.0
2.27111
0.396806
0.18477
-1.0
0.977834
4.61393
0.216681
2.76328
2.43462
0.350492
2.58993
0.373939
2.46141
-1.0
0.332333
2.85377
3.08275
0.441268
1.5022
1.18355
-1.0
2.0351
-1.0
-1.0
-1.0
0.728718
-1.0
0.298976
-1.0
-1.0
1.08366
-1.0
1.86462
0.0970053
-1.0
1.41706
0.896108
-1.0
0.0883986
-1.0
0.873482
3.60982
0.991301
0.40619
1.7125
0.253003
0.353617
0.179932
12.6355
-1.0
2.90908
-1.0
1.34277
0.148284
2.02317
1.49768
-1.0
7.33153
3.85974
2.56206
5.55654
2.27373
6.82343
0.627261
0.509535
0.665375
0.411433
0.291767
3.30113
1.59295
1.0248
-1.0
0.968277
0.114218
1.04796
0.639778
0.739555
0.0819053
2.78591
2.1921
10.8042
3.57394
5.98838
1.63979
3.92761
-1.0
0.296399
2.34015
0.950681
-1.0
1.14633
2.39117
2.65972
0.571444
0.104696
0.0715755
0.164643
-1.0
-1.0
-1.0
2.11158
0.127771
0.976435
4.00151
1.81686
-1.0
3.06459
-1.0
0.912566
-1.0
-1.0
0.865081
-1.0
0.0822798
0.319567
0.690902
-1.0
1.03856
-1.0
0.375057
0.611922
5.13876
0.901996
-1.0
1.30287
0.837351
-1.0
0.334632
0.638126
2.08383
1.40131
2.30696
1.06282
0.0301371
0.256462
1.03258
3.9903
0.622303
0.922502
3.87829
2.67219
2.05434
2.77897
3.9732
-1.0
1.96242
4.81815
3.72476
0.108697
0.606969
2.50686
3.38798
1.64058
1.79271
0.63989
-1.0
1.31745
0.0828895
2.04594
-1.0
0.0693175
-1.0
0.350038
1.12237
1.46259
0.378118
4.37631
1.39585
1.35112
1.61509
0.290749
1.08441
-1.0
7.79066
0.930121
6.45723
-1.0
0.755852
-1.0
1.04414
4.88307
6.78801
0.402269
4.35467
1.35407
-1.0
-1.0
0.357464
0.762166
0.0840438
5.25133
4.13141
-1.0
0.886784
3.75343
2.76996
-1.0
1.25925
0.826137
3.87989
0.0557335
0.192833
-1.0
-1.0
0.221287
0.27097
2.05352
-1.0
4.08141
4.57323
0.341748
0.97948
0.877961
1.27295
0.619869
2.41249
1.05458
-1.0
1.98927
0.160263
0.449673
3.0015
0.42854
1.01716
0.990934
-1.0
0.278788
1.23295
-1.0
0.836459
8.97396
2.70479
3.64204
0.953595
0.363537
1.83771
3.59648
0.609386
0.239357
3.63316
-1.0
3.72511
3.80641
-1.0
7.7709
0.16692
6.60297
-1.0
1.5513
-1.0
0.411203
4.38917
1.09029
-1.0
0.390807
0.509864
4.65134
-1.0
0.214553
1.64619
0.848722
1.2953
0.514994
-1.0
2.38068
0.866074
3.31416
1.52722
6.93837
6.41077
2.17064
0.419255
-1.0
0.897607
0.156664
-1.0
-1.0
1.32333
-1.0
1.38192
1.55971
5.09097
1.18686
6.89614
2.1012
-1.0
0.0583397
0.549605
-1.0
4.52214
0.891518
1.68631
1.78015
0.807917
3.71656
9.15116
1.27601
-1.0
0.638069
-1.0
-1.0
8.25245
8.10913
0.962373
0.0349885
5.43798
0.638622
0.76644
1.38431
3.63246
1.86859
1.3503
1.2139
0.602766
12.3165
0.98576
8.85473
2.5389
0.401515
0.120913
2.68693
4.0085
7.06805
-1.0
-1.0
-1.0
-1.0
-1.0
1.7919
1.14334
2.15291
0.346138
3.18158
1.231
0.119729
1.47185
1.30125
5.65161
5.04036
-1.0
0.416725
1.17354
0.360818
0.720876
-1.0
-1.0
0.0833856
1.23412
0.393252
1.69982
0.296943
7.84059
2.73505
-1.0
2.76628
-1.0
0.192897
1.52865
0.623982
2.4576
1.02527
-1.0
2.45761
8.25107
0.511576
0.487585
-1.0
1.65967
-1.0
4.43992
4.61464
2.69972
10.9662
2.06812
-1.0
3.66774
9.23384
2.18634
-1.0
0.321853
2.07046
1.9838
0.0443909
-1.0
0.575394
0.238542
4.02434
0.68411
0.11806
-1.0
-1.0
0.1776
1.74536
9.74356
0.628789
2.93609
1.85464
0.955343
-1.0
1.11237
0.0925697
1.73291
2.02043
0.312382
2.05604
2.3965
0.743507
3.20871
3.17867
0.26028
-1.0
2.44529
2.07541
5.6507
-1.0
1.06891
0.634857
-1.0
1.01412
1.53897
-1.0
1.67625
-1.0
-1.0
1.77432
-1.0
2.09235
1.73716
2.95449
0.0817443
2.09077
0.44499
1.02398
-1.0
1.95707
-1.0
0.044627
6.36427
3.45427
6.62016
4.2095
1.27603
5.7054
-1.0
0.154519
0.667183
-1.0
1.74461
-1.0
-1.0
9.2602
0.425326
1.81759
0.157692
0.976313
1.23998
-1.0
-1.0
0.358465
1.81609
-1.0
3.28971
4.15661
-1.0
0.632124
0.78884
6.26531
1.51833
1.24112
0.181898
0.908963
0.325106
-1.0
1.67259
0.671811
-1.0
-1.0
0.56415
0.22032
1.89272
0.43291
1.46626
5.78929
0.155416
1.0156
1.74058
-1.0
3.68265
8.69702
3.33669
-1.0
-1.0
1.06649
5.42885
-1.0
0.824267
0.708468
1.53719
-1.0
2.28272
4.43262
-1.0
1.98821
3.92452
0.296029
1.86872
0.399372
1.81875
-1.0
0.775208
6.52847
-1.0
-1.0
0.0427756
-1.0
0.239487
0.974642
1.48899
0.615435
0.864022
-1.0
-1.0
11.9854
-1.0
0.295579
2.52497
-1.0
8.21584
0.439528
0.0864675
1.3838
-1.0
-1.0
2.12015
0.255718
6.20073
10.6152
4.83526
2.85183
5.32116
-1.0
1.81806
-1.0
2.38558
-1.0
0.119403
-1.0
-1.0
5.60272
8.59923
0.276825
-1.0
5.06737
1.10636
-1.0
2.93873
1.55837
0.083319
0.554377
3.2474
-1.0
-1.0
-1.0
-1.0
0.104871
1.36729
-1.0
-1.0
1.44508
0.720766
0.424172
0.0494761
-1.0
1.59391
2.35265
8.75385
0.476422
-1.0
0.814186
6.61683
0.0453828
0.356448
1.12574
2.62523
1.72468
-1.0
6.85123
3.7217
0.0664375
-1.0
-1.0
2.72635
0.729852
2.48874
4.49434
0.430158
0.860533
0.685149
-1.0
2.04959
1.3209
-1.0
0.115039
0.729486
0.80993
0.745308
0.481878
0.977313
0.0767706
0.274643
3.59742
6.12902
3.14985
0.618776
1.45959
-1.0
2.08718
-1.0
0.171634
9.45817
0.789473
1.27898
1.49894
0.448709
2.81168
1.79932
0.108541
-1.0
0.0695439
1.73312
0.406463
1.19492
12.7057
0.973972
0.91063
-1.0
2.16539
4.07271
1.5102
3.40047
0.155043
-1.0
0.868708
-1.0
0.246371
4.88836
1.14817
6.43604
0.800169
5.58224
2.04562
-1.0
4.28341
0.507172
6.52767
5.90476
-1.0
2.29427
0.300611
3.46222
4.60311
0.0539181
1.1623
0.496845
-1.0
1.03624
3.99145
0.550735
0.0342202
2.14281
-1.0
0.990872
2.49101
1.49777
5.35901
1.39384
1.03795
1.08408
1.8063
10.2241
1.43976
0.748352
1.85558
1.07585
0.950201
0.041914
0.243471
1.34764
4.62017
0.0833444
2.23565
1.4226
0.188996
-1.0
-1.0
-1.0
0.579152
-1.0
0.706436
1.78908
5.09165
0.298815
3.37908
0.532384
-1.0
-1.0
0.765938
-1.0
-1.0
0.895718
1.84772
0.195123
0.411948
0.857717
0.222215
0.224167
5.82336
2.4994
1.29939
-1.0
-1.0
5.47027
3.00785
1.79897
0.209729
0.274899
-1.0
1.5263
0.182931
2.20212
0.221558
0.36728
1.2349
4.67394
3.19144
0.981419
1.95986
5.88726
0.923803
2.0693
-1.0
-1.0
-1.0
-1.0
-1.0
1.32074
1.69276
0.104826
4.21145
0.564686
2.68687
4.00124
0.520802
4.65311
3.57743
2.28753
-1.0
-1.0
-1.0
0.2305
0.802399
-1.0
0.400128
0.0752427
0.401359
0.939778
0.765345
1.56936
3.55174
1.12194
0.985677
-1.0
-1.0
4.23064
3.78544
0.555581
2.51327
0.376327
-1.0
2.94593
0.061137
1.13278
3.40947
-1.0
1.73532
-1.0
1.14101
0.781365
1.21525
1.61409
0.295636
1.37516
0.851752
1.67882
2.53729
0.355053
3.47375
-1.0
1.7082
0.825208
3.55798
0.251902
0.563462
1.92214
-1.0
0.643404
0.804964
0.887672
-1.0
-1.0
0.604115
1.03119
0.908697
2.41147
-1.0
0.673847
-1.0
3.10937
0.645635
0.567689
1.02633
2.44426
0.185177
0.121211
4.66683
-1.0
2.35936
6.06298
0.237771
0.889674
-1.0
0.295517
1.26579
1.00099
0.910052
0.0645669
0.168321
1.40112
0.768574
2.86747
-1.0
0.0857098
4.61218
1.24208
4.01517
0.0987186
2.05346
1.83266
0.656312
5.40785
2.10235
0.122215
1.15789
-1.0
1.42966
-1.0
0.21122
0.637814
2.96202
2.87245
1.77399
-1.0
-1.0
0.501208
0.40611
-1.0
0.51796
0.699077
-1.0
0.537452
0.113675
2.70338
-1.0
2.58755
9.7248
1.44264
0.127478
1.154
0.423553
1.96999
0.943886
0.449972
-1.0
0.891041
0.377705
3.24905
0.201866
-1.0
1.38391
0.566103
2.86691
0.713713
8.61425
1.01965
4.12915
3.87401
-1.0
8.47821
0.331821
-1.0
3.08099
-1.0
2.41425
1.02218
-1.0
-1.0
3.05456
0.791698
-1.0
-1.0
1.44246
2.09524
-1.0
0.312914
0.463977
-1.0
0.971019
2.40382
0.120594
5.31541
0.105
1.56357
-1.0
1.15362
0.222523
1.25198
0.877698
1.68809
-1.0
-1.0
1.08303
2.28188
1.26361
0.68121
-1.0
-1.0
0.702856
0.925324
4.75603
-1.0
-1.0
5.02368
0.382643
2.50491
0.781064
4.06329
0.127439
4.98582
0.655032
-1.0
0.908485
0.219968
2.38804
0.782781
1.74839
2.92051
-1.0
0.907276
-1.0
1.73034
2.27684
-1.0
1.68492
-1.0
0.49446
10.6053
8.35323
4.83176
0.825978
2.78115
-1.0
0.517112
-1.0
1.69557
3.28345
2.12593
0.376546
-1.0
-1.0
0.351714
0.431395
-1.0
0.611522
1.32832
-1.0
0.33004
0.138852
9.36279
0.851057
3.30764
0.077372
0.333946
1.06815
0.697403
0.104712
3.34808
-1.0
-1.0
0.686799
0.046155
0.492628
5.97993
0.401495
2.10326
0.134406
5.61803
1.02303
-1.0
0.319548
7.75275
3.20886
-1.0
1.48931
0.232204
-1.0
1.11861
1.63274
0.305237
2.77062
2.75773
0.365939
1.87569
0.177942
10.6916
0.806076
2.6714
-1.0
5.37685
0.719621
7.89116
1.96021
0.193383
2.10241
0.193298
0.0785578
1.39014
0.764342
2.84861
3.25451
0.591854
1.00802
0.745233
-1.0
1.8748
7.33785
0.948694
3.23596
-1.0
0.0748589
0.184168
0.455642
4.83261
1.4758
-1.0
1.50586
0.911936
1.29886
7.1345
0.0204373
1.64105
1.54822
0.738831
0.286553
0.111134
-1.0
-1.0
-1.0
0.310034
0.636246
0.0328425
0.440578
4.21025
0.824818
0.332946
5.72945
-1.0
0.210705
0.937309
0.470705
1.51821
0.693919
-1.0
0.58549
0.282119
2.00729
0.267283
5.80543
0.780084
-1.0
0.246453
0.829731
3.41242
1.96595
2.19381
1.24007
1.17879
3.89691
0.766555
-1.0
0.693553
0.399746
0.633459
1.91813
