1.51289
2.48291
3.28473
1.29488
2.3325
0.481189
3.12907
2.69319
7.38714
0.845633
-1.0
4.06984
0.109542
1.32853
0.748348
-1.0
0.534272
-1.0
2.95349
0.0764497
4.7116
0.583123
-1.0
1.12538
-1.0
4.58701
-1.0
0.785906
0.304013
0.491397
1.47549
-1.0
1.41784
0.734621
1.53335
0.364835
-1.0
7.12203
0.806061
-1.0
0.259338
2.09144
0.477737
1.63713
3.63682
0.929285
7.89277
0.600711
0.337363
0.793936
1.42509
4.49193
0.108459
0.485962
-1.0
0.0720247
1.01928
2.14073
1.44204
0.0878036
3.55911
0.402059
1.29102
1.62983
1.16339
11.846
2.47265
1.19193
0.707093
1.89401
-1.0
1.12416
0.706232
-1.0
12.7514
-1.0
0.926668
3.10438
0.180099
0.15177
1.19208
-1.0
-1.0
0.211429
1.37423
-1.0
0.208736
3.12149
4.78443
0.156656
1.32377
2.00209
1.37504
0.282215
-1.0
2.80377
-1.0
0.570324
4.50358
0.338901
8.58075
2.65405
1.5321
0.790146
1.94954
6.39461
1.91464
0.507225
2.05489
13.5315
-1.0
0.331765
2.85753
6.32737
-1.0
-1.0
-1.0
-1.0
2.77961
0.285031
1.307
2.40807
3.36691
0.26753
-1.0
0.348996
-1.0
1.65862
5.14666
0.62004
3.66937
0.803544
-1.0
7.03369
-1.0
0.795615
4.6503
-1.0
2.21195
0.588019
0.50885
2.41695
4.20839
2.49003
0.0886964
-1.0
2.94183
6.38592
7.26416
0.513559
0.816588
4.0986
1.6459
0.297277
1.41972
2.84208
8.96263
-1.0
0.33083
1.30327
0.841011
2.3979
6.98461
0.822418
0.288705
0.862916
-1.0
6.90461
1.02003
0.160545
0.934093
2.15541
0.48273
4.59698
0.978155
3.29921
0.270455
-1.0
1.85167
0.178736
0.224384
2.33412
1.10543
4.41948
5.37692
1.95988
-1.0
3.24318
0.552131
-1.0
-1.0
4.82872
2.52786
1.72561
1.31402
5.75404
4.87373
0.369534
1.20183
3.51444
0.0528432
5.01215
0.630975
14.8464
-1.0
11.9129
0.316655
0.562975
0.0589474
1.07762
0.378303
1.67512
7.15095
2.26655
-1.0
5.94471
-1.0
1.72946
1.43323
1.23018
0.0652157
4.0301
0.384842
1.97575
3.88014
0.0937881
0.999496
1.28412
3.26308
-1.0
0.672482
2.93976
1.69707
0.561314
-1.0
-1.0
1.2163
1.56584
3.24045
4.69956
3.62666
-1.0
0.506171
-1.0
2.79187
0.846042
3.3261
1.51324
-1.0
0.247459
0.072247
1.4226
0.811891
4.87182
2.20107
-1.0
-1.0
0.788437
-1.0
-1.0
-1.0
2.06108
0.140841
-1.0
-1.0
-1.0
0.0851406
0.527183
8.39136
-1.0
-1.0
0.217919
0.543328
1.10827
-1.0
0.0798092
0.801726
1.32652
1.95142
0.957064
2.85475
3.46249
2.53103
3.98508
0.440096
3.71664
0.180783
-1.0
0.978012
-1.0
2.6883
3.01795
-1.0
2.96594
-1.0
0.536969
1.22614
0.353044
3.64688
1.74475
-1.0
0.54499
0.419405
0.0860735
2.40327
-1.0
0.934309
-1.0
5.00627
-1.0
0.0598791
0.876763
0.82997
-1.0
0.160209
-1.0
2.80337
-1.0
1.53835
-1.0
-1.0
0.157332
1.67526
1.11077
2.86682
2.24432
4.62224
1.06558
-1.0
1.10753
0.871648
2.96926
1.06339
-1.0
4.09725
-1.0
3.14289
0.323095
-1.0
-1.0
-1.0
1.58867
0.151098
-1.0
0.351716
2.00204
5.55913
-1.0
0.0893661
1.6335
7.97827
1.2959
0.48009
-1.0
0.125077
-1.0
2.01431
0.314807
3.53669
-1.0
1.54073
-1.0
1.06841
0.239975
0.0841102
0.830416
0.390891
2.13469
0.860358
1.29665
0.310636
1.32968
0.466139
1.23598
0.214501
-1.0
1.97847
-1.0
4.70637
-1.0
7.67964
-1.0
0.504361
3.0597
2.34163
-1.0
0.0919991
-1.0
2.7037
0.488444
1.1309
1.19527
1.13039
0.0990658
-1.0
-1.0
3.94553
5.64976
2.99022
-1.0
2.64299
0.0473953
-1.0
0.758228
2.74026
-1.0
-1.0
0.261108
2.51809
0.297565
1.3495
0.201472
1.32999
0.537206
0.329546
-1.0
-1.0
0.235458
-1.0
0.506803
1.87058
-1.0
2.7042
1.56304
0.123152
4.97932
2.89549
1.81333
0.316141
3.79842
1.84471
0.115251
5.60876
-1.0
7.58128
0.349993
1.11523
0.254737
0.478336
5.40963
0.909469
5.45732
0.528437
0.412377
-1.0
2.29822
0.147339
0.0583583
0.869012
1.35735
-1.0
-1.0
1.63991
2.02002
6.79893
0.980303
0.459351
3.84831
0.0287453
1.48584
6.00209
1.71857
6.56358
0.71043
0.839697
0.266722
2.19005
0.0749658
1.43835
1.31825
0.864683
1.72639
3.31158
0.611607
5.25563
3.53998
-1.0
2.67682
2.98135
1.3237
0.941401
-1.0
1.06262
1.60959
0.295394
1.45659
0.80101
1.50339
-1.0
0.538654
-1.0
-1.0
0.117145
4.0476
4.0806
1.14329
-1.0
0.802449
-1.0
-1.0
-1.0
0.0223823
5.2425
0.429231
2.45144
-1.0
4.24701
-1.0
0.599746
0.361943
-1.0
0.425273
-1.0
2.84632
4.38868
3.0264
0.318115
5.16533
0.170914
0.76762
0.494568
1.18777
14.5805
1.33373
3.19829
2.83781
-1.0
0.605158
4.65858
-1.0
0.640044
0.101406
0.701188
0.978908
1.00605
0.707167
2.19074
0.0945398
3.52612
0.341861
1.58796
1.01214
4.71477
0.717501
2.17244
0.503674
0.916073
1.88517
0.174912
2.47573
0.0635855
0.59461
2.47428
0.576151
0.565858
9.87733
-1.0
0.26358
-1.0
1.85785
-1.0
1.82961
0.162108
10.7296
0.853
-1.0
-1.0
4.17611
0.973244
2.35647
0.391552
0.168204
-1.0
-1.0
-1.0
0.389349
0.799273
2.01545
0.918856
-1.0
1.99798
2.92799
0.455284
3.41805
-1.0
2.51054
1.45383
3.23083
4.47483
1.58849
-1.0
0.570641
0.0905823
0.335821
0.720499
1.19705
1.14417
-1.0
0.145188
0.72018
0.158353
0.769131
-1.0
0.0761812
0.716733
-1.0
-1.0
0.826209
1.90432
-1.0
2.66443
0.133019
4.23483
0.21258
1.34218
-1.0
-1.0
-1.0
7.72038
-1.0
0.157444
2.37648
2.02213
0.92613
0.875867
-1.0
0.451663
-1.0
-1.0
2.56527
4.53942
0.510119
1.29925
2.4065
0.674748
-1.0
-1.0
0.460948
0.793428
2.31445
1.08456
1.20187
2.73145
0.265209
0.586441
0.205575
3.73396
3.51948
1.14363
4.28517
0.0314935
4.24565
2.10813
0.871322
1.43232
-1.0
1.02385
-1.0
4.24825
3.35646
-1.0
-1.0
2.68025
0.917979
1.54525
1.2597
0.862068
4.27944
5.86186
0.186633
0.83299
7.45728
-1.0
0.735092
4.87007
-1.0
-1.0
1.60001
0.216612
-1.0
4.95941
1.55858
0.917694
0.523584
1.07378
0.791407
0.0793141
0.818002
0.324811
-1.0
-1.0
0.340007
1.31617
1.50533
0.0745956
1.66249
0.476327
0.642477
0.0683793
-1.0
7.77662
-1.0
1.54065
0.139524
3.25281
0.722626
-1.0
-1.0
6.37186
-1.0
2.57965
6.17313
-1.0
7.24865
5.18498
1.08225
0.2673
3.25824
-1.0
0.333482
-1.0
1.38718
1.00246
19.0922
1.5282
-1.0
3.00128
1.60084
0.329749
-1.0
0.13599
0.533478
3.89656
4.09761
0.732065
-1.0
3.08092
-1.0
1.37435
0.18033
1.66429
-1.0
0.783387
2.10604
-1.0
7.47215
3.09455
-1.0
0.434153
1.41498
0.494417
3.39829
0.520411
6.68769
0.70232
2.76901
1.49444
1.32916
1.23388
0.326886
0.222328
-1.0
-1.0
0.74999
0.415238
0.577308
10.3017
2.54605
0.409408
0.601905
5.64126
1.4248
0.898597
0.895067
1.76982
1.36567
0.62859
0.75409
2.26318
4.72369
0.99035
-1.0
0.502307
0.327544
1.37194
1.71779
2.17466
0.765101
1.8637
0.66822
3.5319
3.83875
-1.0
2.94875
2.02596
0.045078
2.28096
1.14156
-1.0
1.5802
-1.0
0.258992
0.527458
0.342332
-1.0
-1.0
1.59514
-1.0
0.855639
0.332003
2.39039
-1.0
0.151075
0.114414
0.152741
0.324524
-1.0
11.5973
-1.0
1.91468
-1.0
0.652212
2.3337
1.09855
1.29618
0.168377
-1.0
0.19836
2.65613
6.62007
0.277713
0.803149
1.63505
0.583052
-1.0
0.9614
0.123452
-1.0
-1.0
1.30396
0.662603
2.35999
-1.0
0.272598
-1.0
-1.0
4.34278
-1.0
0.956301
0.0546138
0.0814857
1.2284
-1.0
2.24553
10.8685
1.59519
3.12089
-1.0
3.91178
5.44935
-1.0
3.81561
1.70903
0.437834
0.179536
4.55661
-1.0
0.485596
0.08141
1.34034
0.139965
1.70002
6.14297
6.48844
-1.0
0.604075
0.144363
0.0553258
0.309118
-1.0
0.566932
0.593441
-1.0
2.71395
-1.0
-1.0
1.92184
2.39548
-1.0
4.24851
4.70657
-1.0
1.00789
1.28476
0.146183
3.5226
1.58058
-1.0
-1.0
2.24547
0.237768
1.5054
0.0503256
1.60632
2.1196
0.241145
-1.0
1.10372
-1.0
4.1952
-1.0
0.933984
4.98454
2.20075
1.91873
3.1229
0.238126
2.10098
0.305595
2.63955
0.769539
4.42694
-1.0
0.0697723
-1.0
5.56617
0.754423
0.0853763
3.5721
1.92549
1.4714
3.30546
6.97184
-1.0
0.691043
0.79202
2.33052
-1.0
0.177278
1.43023
9.62662
0.852121
3.49604
5.89914
0.989118
1.69871
-1.0
1.00448
0.562451
0.241177
0.523242
6.20944
-1.0
0.594041
5.34075
1.88655
-1.0
0.431113
5.35122
-1.0
1.98566
4.60611
0.989272
1.87164
0.907335
0.318638
-1.0
5.92937
3.22596
2.82233
0.0806724
0.621537
1.97749
0.408567
3.5654
1.06768
0.800896
0.645053
2.98085
3.87447
-1.0
-1.0
5.36585
-1.0
1.85373
0.725641
-1.0
0.595236
0.222604
3.91734
0.224127
5.95485
-1.0
0.140788
6.37735
1.29182
4.06962
0.146726
0.839438
1.97495
0.276132
0.292577
-1.0
0.289358
0.502218
0.331845
-1.0
3.57794
0.861786
1.14955
-1.0
1.15335
1.15691
2.43617
0.59102
-1.0
1.84509
7.68269
3.98149
-1.0
-1.0
0.87935
-1.0
-1.0
0.295369
-1.0
0.0347349
0.372578
0.78975
2.28742
-1.0
0.784958
1.28587
3.89616
0.397418
3.49631
-1.0
-1.0
1.75073
3.33014
-1.0
1.55839
0.913497
4.76704
0.205202
-1.0
5.50088
0.642873
0.162642
1.97947
-1.0
1.24122
1.91888
0.296062
0.74606
0.493573
1.63196
-1.0
-1.0
-1.0
2.25781
1.23469
3.65319
-1.0
4.77339
0.0676669
2.52418
2.42656
-1.0
0.466922
2.23241
0.702435
-1.0
0.774452
1.00523
-1.0
-1.0
4.80858
0.0328689
4.5483
-1.0
2.5816
0.374221
3.17697
4.52092
1.06964
1.1653
2.03093
0.275152
1.87984
7.9365
5.93181
-1.0
1.09912
3.02842
0.950524
5.50824
3.55422
-1.0
3.24794
-1.0
0.662941
1.06259
0.160133
3.50031
1.14338
0.895017
2.91973
1.28917
0.937904
1.75308
0.408581
-1.0
1.47098
1.5824
0.149823
-1.0
-1.0
3.76395
0.106306
0.124269
0.655433
1.55906
3.12629
2.05671
1.56416
0.91552
-1.0
0.0771514
-1.0
0.91289
-1.0
0.594533
0.500742
0.418715
0.852759
1.39684
2.13402
-1.0
2.22239
4.36181
-1.0
-1.0
0.503446
0.536661
0.185555
-1.0
-1.0
-1.0
2.46456
-1.0
3.56951
2.98975
2.35899
-1.0
2.29069
0.319953
0.834006
1.8134
0.84479
0.0436052
-1.0
-1.0
-1.0
0.200487
-1.0
-1.0
2.63729
0.278675
-1.0
-1.0
0.146935
3.29441
-1.0
-1.0
1.27737
2.32487
0.456857
-1.0
-1.0
-1.0
-1.0
0.615676
-1.0
-1.0
0.405275
0.38985
-1.0
-1.0
3.29446
1.49651
-1.0
4.16533
-1.0
0.10221
0.767048
0.152556
0.0894723
1.50964
0.461505
-1.0
7.91028
5.59904
-1.0
2.35387
3.09825
0.309882
0.515353
1.57744
0.360036
1.62282
-1.0
0.618959
6.25538
3.68691
0.0353447
4.57045
0.619661
1.33784
4.26849
1.00371
2.26405
0.273248
3.83677
2.71733
1.71144
2.78139
3.7605
1.70613
-1.0
3.00868
0.647592
-1.0
0.905104
2.55904
0.290094
2.9067
1.36988
1.62024
1.27249
0.296955
6.91212
2.33709
1.98702
1.491
-1.0
0.476807
4.87734
1.55146
2.35352
-1.0
-1.0
0.109206
0.525705
-1.0
-1.0
0.642789
-1.0
0.558257
-1.0
1.00564
-1.0
-1.0
0.151835
10.6056
-1.0
3.26711
1.7131
-1.0
1.08164
1.82825
-1.0
-1.0
-1.0
0.198882
4.38938
2.08886
0.0732534
0.317235
0.684166
0.286141
0.273123
-1.0
-1.0
1.4989
0.47734
-1.0
2.36905
2.44074
6.10615
3.27091
1.86914
0.201114
0.231448
2.04322
1.51327
1.44334
0.115106
1.17401
1.68648
2.14299
1.18656
0.160465
-1.0
1.52711
0.637807
1.78188
0.735661
2.78546
4.16567
-1.0
4.57662
0.141031
1.18662
3.46172
6.32214
-1.0
2.58501
7.23935
7.26938
-1.0
0.13611
5.2672
-1.0
1.11265
2.57581
1.45099
1.37153
0.850142
-1.0
4.84013
0.0467285
1.78408
1.18198
3.89046
0.140413
0.0798704
0.992054
2.54378
-1.0
-1.0
-1.0
1.45321
0.390088
2.88701
1.71773
2.96333
0.166989
-1.0
2.8068
-1.0
2.20765
3.1696
3.12949
2.97804
0.261787
6.92525
1.20194
-1.0
4.23046
0.234362
1.20302
1.32108
0.604814
4.41546
0.861741
-1.0
2.38418
0.0427659
1.46044
1.28896
-1.0
0.37621
1.23087
5.66297
0.373486
1.57477
5.69348
2.25344
0.802523
0.159471
1.58799
-1.0
5.17249
2.61796
0.731061
1.04656
0.542739
0.312204
3.43918
1.56241
-1.0
1.28923
3.17876
-1.0
2.95815
0.817747
-1.0
-1.0
0.346176
0.524172
5.6633
1.1506
1.97896
1.5816
-1.0
-1.0
-1.0
3.65446
-1.0
0.585292
1.53277
0.514485
3.67114
0.461055
4.09811
-1.0
8.2484
2.12084
1.82593
-1.0
0.0438038
7.90019
1.30994
0.113509
0.546015
2.08071
-1.0
-1.0
2.40904
2.11932
0.169697
0.305768
-1.0
2.93467
-1.0
8.26591
-1.0
1.62712
1.44301
0.477302
0.776641
3.04393
0.719693
4.004
3.60293
0.334338
0.504025
0.707872
0.102153
-1.0
3.20824
-1.0
1.66669
8.48676
-1.0
-1.0
0.142684
0.0557772
1.04643
-1.0
2.07491
2.13688
2.28022
10.5665
1.07162
0.603733
2.22749
-1.0
0.0974114
0.899135
5.56107
-1.0
-1.0
0.0933572
-1.0
0.248968
0.997092
4.58194
-1.0
1.84595
0.470187
-1.0
0.474468
-1.0
-1.0
0.512518
4.77601
2.45062
2.70493
1.93232
1.33294
-1.0
2.74798
-1.0
-1.0
-1.0
1.67391
4.12638
2.79282
0.549885
-1.0
1.11687
5.53136
0.137295
0.177785
3.43922
1.46942
3.82355
0.299465
1.42964
-1.0
1.44789
-1.0
0.806186
1.07136
0.567258
-1.0
1.13355
3.30668
-1.0
-1.0
0.542823
1.13829
4.38983
0.582729
1.71387
3.07933
0.777868
2.76982
-1.0
0.73784
-1.0
0.537607
4.29202
0.430541
-1.0
2.10231
1.26674
3.05822
1.00988
1.0805
5.16217
3.0782
0.328664
-1.0
1.18407
2.88553
0.621308
8.07855
0.0401666
0.763773
3.6023
0.193846
-1.0
3.32062
0.440548
5.29768
-1.0
-1.0
-1.0
2.87926
6.87865
4.27476
3.38874
-1.0
-1.0
5.7802
-1.0
1.03073
-1.0
3.42068
5.1984
1.81086
2.71103
1.6512
2.61767
0.284801
3.31854
1.97805
-1.0
5.77993
0.680883
2.63185
-1.0
2.25539
0.954064
7.96824
0.526281
-1.0
-1.0
1.23523
-1.0
0.0532594
-1.0
0.0438869
-1.0
0.770716
6.5201
-1.0
0.290894
-1.0
1.32086
2.01452
-1.0
2.57278
-1.0
0.459427
-1.0
-1.0
1.30028
1.33266
0.377308
0.966374
1.93576
0.0437386
4.91435
0.0978831
0.464765
5.26197
1.49383
1.32908
0.616144
-1.0
4.86909
-1.0
0.132039
-1.0
1.11333
8.44837
0.423279
0.373333
0.056642
-1.0
1.97928
1.61552
1.18242
4.37704
0.42609
1.26628
-1.0
6.10485
1.33697
0.608644
-1.0
0.397182
-1.0
0.704383
-1.0
-1.0
0.277253
0.896108
0.366381
0.18606
0.154037
0.304842
-1.0
0.517846
0.0291345
0.13821
0.373751
0.995414
0.236708
1.98485
0.351535
1.01797
-1.0
0.372611
1.21938
-1.0
-1.0
1.66968
4.10529
0.738293
0.183228
2.89315
2.9696
-1.0
2.33069
0.502008
-1.0
-1.0
2.66832
1.24912
3.91624
0.291925
8.08554
0.158839
1.43939
0.603506
0.545575
0.418785
1.9195
-1.0
0.72303
1.31514
0.106348
5.79299
2.55408
-1.0
-1.0
0.19088
0.20872
-1.0
0.558168
-1.0
4.19281
6.33672
4.1151
0.344489
0.184552
1.45331
0.585342
0.273031
0.229303
0.8439
1.44106
0.606564
0.212418
-1.0
1.41885
0.904521
0.492032
0.789517
1.42688
2.24255
3.62691
2.59203
1.27472
0.725785
-1.0
1.38527
-1.0
0.280506
0.0395139
0.584124
-1.0
3.58296
-1.0
1.51778
0.031315
-1.0
0.248673
0.0495996
0.223712
0.43702
-1.0
0.359107
-1.0
0.103141
8.88505
5.71429
-1.0
-1.0
11.3803
0.290905
3.31177
3.02526
2.57929
2.60937
2.89711
1.77502
0.845048
0.286771
0.0321793
-1.0
0.802436
6.89865
0.653229
1.11328
1.89322
2.77983
0.384287
0.806941
2.14867
2.435
-1.0
-1.0
0.771127
-1.0
6.79902
0.776598
-1.0
0.629505
1.59562
1.70985
1.43257
-1.0
5.17796
2.04828
6.51242
0.23348
0.0297042
-1.0
0.27927
-1.0
2.29219
1.4056
3.38374
0.850031
0.054181
-1.0
1.5867
0.795568
-1.0
0.140909
-1.0
4.49575
5.98959
-1.0
3.08899
-1.0
-1.0
-1.0
0.380749
0.933444
0.311634
5.38681
1.55623
0.888749
-1.0
-1.0
3.83811
4.00397
-1.0
-1.0
1.23095
2.18199
0.0628882
2.89171
0.115576
0.2738
0.390048
-1.0
2.25724
1.60121
1.44818
0.715612
0.286672
0.837232
-1.0
-1.0
0.247071
0.258691
0.681783
0.511734
0.107137
1.36694
-1.0
1.89817
0.582954
1.22771
3.26238
0.657257
0.763735
1.48269
4.45613
0.751194
0.883475
5.2861
0.887237
2.42922
0.604154
4.95551
0.460446
1.14146
-1.0
0.0645158
3.54677
4.96852
7.14061
5.0255
1.10733
0.488691
0.442699
-1.0
0.206748
0.313459
3.30059
0.676927
-1.0
-1.0
1.76116
0.402888
3.17804
0.928368
-1.0
3.76927
3.28196
0.208689
3.40349
1.90556
1.42587
3.31708
1.4135
-1.0
-1.0
0.811407
3.6615
0.153333
0.86846
-1.0
-1.0
2.63199
0.842011
0.39427
4.71307
4.53828
-1.0
0.665543
1.258
1.39508
1.17312
3.05056
2.24901
-1.0
4.30973
2.40184
-1.0
0.17644
4.78488
0.119179
0.135721
0.581164
2.03639
-1.0
0.093601
0.131596
1.31015
0.843939
0.0608092
0.526863
0.704793
-1.0
2.17149
3.29597
11.2412
0.199292
3.66623
0.439065
1.41036
5.66909
-1.0
-1.0
0.395197
0.243235
-1.0
1.71827
-1.0
0.196054
2.08304
0.206282
0.3305
4.81977
0.992859
0.41211
0.476033
1.15348
11.1466
-1.0
-1.0
-1.0
-1.0
-1.0
0.521736
1.48252
0.341706
0.651358
0.82432
0.826068
0.377608
-1.0
0.0789271
0.622471
-1.0
4.10242
-1.0
0.535142
-1.0
4.94825
5.31076
3.95525
-1.0
0.175597
-1.0
0.779091
-1.0
-1.0
5.61669
-1.0
1.99459
2.5651
1.36147
0.699267
3.0605
-1.0
3.9166
16.6763
0.66051
3.40964
0.957838
1.41492
-1.0
-1.0
1.95023
0.618399
2.86678
-1.0
0.813568
-1.0
2.69229
1.04741
4.92819
-1.0
-1.0
0.750807
7.89786
1.17125
4.58493
-1.0
-1.0
2.19199
1.69319
2.41352
-1.0
-1.0
0.129116
-1.0
2.8882
0.791214
-1.0
1.92177
0.337929
2.75446
0.292193
-1.0
3.40256
4.97994
0.618737
-1.0
1.15966
1.64018
4.01102
0.54033
0.0705117
0.700652
0.438143
0.252048
0.340775
2.4879
1.35581
0.0596237
1.63198
0.328476
-1.0
0.721822
-1.0
2.79091
1.01014
-1.0
0.472558
2.16884
-1.0
0.495952
2.93743
2.6165
0.462407
-1.0
6.10655
-1.0
4.45141
-1.0
1.44397
2.25344
2.22024
-1.0
-1.0
0.168028
-1.0
1.66544
2.04751
0.439035
-1.0
3.71964
2.27891
0.203228
0.180801
0.643861
1.71495
3.45353
-1.0
3.59158
1.13395
4.53032
1.68429
1.15139
-1.0
-1.0
2.03505
1.56349
-1.0
-1.0
0.329621
0.616815
-1.0
0.648123
0.156629
2.55356
0.558617
-1.0
-1.0
0.58188
3.93364
0.206793
1.45609
0.8022
3.70051
1.97436
2.82334
0.205206
1.10468
0.924001
2.65771
1.37849
1.20605
-1.0
1.74086
1.65999
-1.0
0.427467
-1.0
-1.0
-1.0
0.821991
0.431745
0.244986
-1.0
2.91838
10.2572
-1.0
4.97749
-1.0
-1.0
1.1784
0.252354
3.58201
-1.0
4.38161
2.88711
1.71949
3.25858
0.0659588
2.6001
1.31931
-1.0
1.03227
0.76138
0.77365
3.63084
4.90302
0.851922
-1.0
-1.0
0.444708
-1.0
-1.0
1.23485
0.121047
9.29761
2.34445
2.27866
-1.0
2.32817
-1.0
7.1831
1.05852
0.318352
0.0564831
-1.0
-1.0
1.24303
0.235714
1.14308
-1.0
4.23492
0.474165
0.290216
0.467376
3.73053
2.1277
-1.0
-1.0
2.75802
-1.0
0.421702
2.07504
0.582518
-1.0
2.77407
13.9033
-1.0
0.570226
-1.0
-1.0
9.14301
0.234769
-1.0
0.207587
1.83653
0.697685
-1.0
3.11172
-1.0
0.139781
-1.0
5.68832
0.649859
0.640149
3.14798
-1.0
0.680037
-1.0
2.78093
-1.0
1.0329
1.10389
0.200805
0.446575
6.18824
-1.0
1.65926
0.143676
0.820626
3.49151
1.11302
7.53854
2.44442
4.40212
-1.0
0.422474
8.80358
2.97304
0.0322296
0.361511
0.718707
-1.0
0.434027
0.782058
-1.0
-1.0
-1.0
3.72141
0.556531
0.562524
-1.0
4.89631
0.106028
1.09589
0.777108
0.284204
2.30902
1.96268
4.5759
0.660453
0.274382
0.891758
-1.0
0.54565
0.071323
0.232714
7.06982
0.481187
0.295452
7.63609
4.74508
3.64961
0.794822
-1.0
0.273465
1.50905
0.617814
0.927498
1.56666
3.26108
3.67319
2.16107
-1.0
4.42025
1.32399
3.55772
4.57977
1.80158
0.162589
2.98674
-1.0
0.974862
1.24861
-1.0
-1.0
3.52098
-1.0
0.195153
2.88886
1.83611
0.898402
1.71487
7.05503
-1.0
-1.0
-1.0
3.23182
2.54104
1.0511
1.36195
-1.0
0.414641
-1.0
2.41068
-1.0
0.191302
2.42017
0.599302
3.33262
-1.0
2.36762
1.54154
3.2544
0.0592752
-1.0
0.752472
3.84923
0.525638
1.3713
-1.0
-1.0
0.278326
-1.0
2.58191
6.13131
-1.0
0.448123
2.71498
2.71533
10.9243
0.863242
5.00897
0.748733
1.17194
4.0746
0.107783
0.365814
3.38655
2.30274
0.167432
0.521738
-1.0
2.61113
0.859757
2.56527
-1.0
-1.0
5.41233
0.199689
1.48803
1.54809
2.53571
3.31016
1.78658
1.15339
0.135515
9.65891
2.03706
0.269904
1.72714
0.122496
-1.0
2.66809
-1.0
4.74162
-1.0
-1.0
11.3986
6.69002
0.115885
3.2366
0.25411
-1.0
-1.0
-1.0
0.502688
0.296875
1.51101
-1.0
0.357389
-1.0
0.321002
-1.0
-1.0
0.331148
-1.0
-1.0
2.07304
2.55413
-1.0
0.236991
2.82238
1.36164
0.964796
0.144708
-1.0
2.52097
0.296767
0.557771
1.15787
-1.0
-1.0
-1.0
0.736993
0.523181
2.13868
0.239837
-1.0
-1.0
1.87409
0.989313
0.542023
2.5392
0.993463
-1.0
2.29828
3.05811
0.397327
0.090498
-1.0
1.00309
0.452299
-1.0
2.78616
0.276991
-1.0
3.8899
-1.0
0.961013
1.395
-1.0
-1.0
2.14095
0.397646
4.32098
1.36133
-1.0
0.741781
-1.0
-1.0
4.20554
0.071712
1.68367
-1.0
0.0484277
-1.0
1.08597
4.28715
0.227499
1.06886
0.971406
-1.0
4.20258
0.16567
1.72713
0.0330945
3.8124
0.185048
-1.0
0.479323
-1.0
-1.0
1.65952
0.18428
1.85262
7.15475
0.627586
-1.0
0.0767337
3.0026
3.96328
1.8594
3.18184
4.97379
-1.0
1.9344
0.0468649
-1.0
2.86614
0.0764768
1.52922
-1.0
-1.0
0.198417
-1.0
7.9751
0.600138
1.05481
0.239152
2.78694
1.37585
1.61999
3.33768
1.5296
1.13066
1.05321
2.54262
1.1896
0.261367
7.54789
3.14062
-1.0
1.00923
1.54329
-1.0
0.545855
0.621279
-1.0
0.742576
0.733481
0.334406
0.649204
0.345358
1.52026
1.94949
0.441208
1.52212
0.78224
0.301338
0.0748467
1.75061
0.430171
1.99003
0.100622
2.45726
0.219598
0.592196
4.02129
2.07022
0.14211
0.346075
-1.0
3.92909
0.0941435
5.01168
0.374808
-1.0
2.04621
3.88156
-1.0
0.070613
1.40058
0.478931
5.56328
1.34448
3.18679
1.76158
0.0536614
1.17797
-1.0
1.28478
0.340449
-1.0
-1.0
4.31733
5.82435
0.106787
0.549673
-1.0
4.22398
3.73784
1.79291
-1.0
1.23358
0.50421
0.339438
4.27275
1.1453
2.44125
3.69285
3.71404
4.02087
1.43397
1.2573
1.73293
0.177419
0.0935282
0.815927
-1.0
2.18962
0.67481
0.640202
4.12022
-1.0
0.458258
0.587144
0.357667
1.4451
2.56771
3.78939
-1.0
-1.0
0.0689007
5.47473
0.832056
1.03366
1.0952
2.08457
0.868408
1.84522
2.37511
0.177349
0.362333
0.692199
3.33746
0.240499
0.0342851
0.94535
3.75848
-1.0
0.0751739
1.50705
0.593212
-1.0
3.29513
-1.0
-1.0
3.00235
1.23216
4.26755
1.92835
0.820867
3.58389
5.17692
0.899129
0.766875
0.674414
0.775036
0.894983
2.17398
0.514321
7.64863
2.63991
0.330376
0.311216
3.38772
0.567715
0.805555
0.0783667
1.92082
-1.0
-1.0
2.63357
-1.0
2.96421
0.53354
0.76755
1.28054
3.77409
3.34236
1.34511
0.220473
0.125035
0.0288635
0.361176
4.71187
-1.0
0.719444
-1.0
2.85219
-1.0
-1.0
4.70469
0.110871
2.72839
-1.0
-1.0
0.322222
1.84488
0.964289
6.09562
0.376162
3.49314
0.239859
0.738
3.38676
-1.0
0.348838
1.14746
-1.0
0.201614
0.218311
0.378949
1.53319
-1.0
-1.0
0.313322
3.98787
1.72627
2.62698
4.22528
6.46028
1.5661
0.593152
0.0771028
1.36794
-1.0
1.0066
6.41547
6.9813
0.739617
-1.0
-1.0
0.186074
1.8265
0.285133
3.6267
1.01044
0.69082
3.11865
-1.0
-1.0
0.655064
0.618938
0.837045
-1.0
0.247975
4.01748
4.4224
-1.0
0.436825
1.3794
1.0159
2.36706
0.35213
-1.0
0.640377
-1.0
-1.0
-1.0
0.514857
-1.0
-1.0
-1.0
0.419148
0.44281
3.75624
3.14727
0.708606
1.16162
4.09178
5.2858
1.15168
1.53953
9.95319
-1.0
-1.0
0.263061
2.46459
1.85166
1.53698
1.46845
4.3673
0.46099
-1.0
0.210108
-1.0
-1.0
2.75167
1.11961
0.644516
1.2419
2.69743
0.734848
7.31642
1.43291
-1.0
0.92378
0.414596
-1.0
-1.0
4.06252
1.62228
0.471232
2.32174
1.03583
-1.0
0.38791
-1.0
2.49472
0.259175
-1.0
0.0551133
0.750054
2.14435
-1.0
6.07298
-1.0
4.77413
1.44838
1.46074
1.88282
2.3311
-1.0
8.1144
-1.0
4.88651
2.03209
-1.0
2.44412
5.24985
1.21384
-1.0
0.223803
4.37333
0.610949
2.10328
-1.0
-1.0
9.33987
2.08932
0.319377
0.745695
0.314643
4.99402
2.58926
2.8968
-1.0
-1.0
0.785465
4.62388
-1.0
0.428325
1.12964
0.44595
0.220024
0.505664
0.193301
2.12024
1.04685
5.81325
6.04263
2.50738
1.74916
3.824
0.192027
0.0555302
3.58079
0.77337
-1.0
-1.0
-1.0
7.99549
1.80478
3.67758
0.542805
-1.0
-1.0
0.270597
0.536397
-1.0
7.66164
5.3674
0.442882
4.01744
0.610695
4.04313
0.128156
-1.0
1.44127
-1.0
1.19332
0.234315
2.5244
-1.0
7.70445
1.8169
1.77719
0.310292
0.55457
3.84609
1.42016
0.0945046
2.40787
0.146665
-1.0
1.08578
0.833431
0.92035
0.298623
1.8523
0.26877
-1.0
0.7924
1.27071
0.104805
0.104552
-1.0
1.95057
1.95973
-1.0
3.01046
2.98365
-1.0
2.42961
6.72631
4.16643
1.22133
0.0517703
11.1705
0.125856
1.36766
-1.0
0.31214
-1.0
0.974724
2.79825
-1.0
-1.0
0.192414
0.695172
0.625994
3.16029
1.72405
1.98361
-1.0
1.53256
1.70211
-1.0
2.29054
0.930285
2.82302
-1.0
0.107731
-1.0
0.110281
9.33653
0.475644
1.5925
-1.0
1.47016
0.368139
0.263985
1.42781
0.327009
0.0556664
0.064183
5.76994
3.66534
3.33807
6.10097
2.28391
0.443954
0.415936
0.338428
6.2661
2.21516
4.79184
0.0358598
1.01381
2.75168
2.18408
-1.0
0.21567
2.92065
0.429999
0.268995
-1.0
-1.0
0.12992
-1.0
0.313007
0.676417
0.288862
-1.0
1.25053
0.0987423
-1.0
0.153189
0.39024
2.29403
0.780513
0.575421
0.489188
3.32256
0.981327
5.8034
0.356249
1.0815
3.6956
-1.0
4.05727
-1.0
0.255816
1.57
-1.0
1.45851
0.962247
0.203307
0.894582
-1.0
0.52626
-1.0
0.123411
0.423838
0.793407
5.55024
-1.0
6.93919
0.064999
-1.0
0.0575307
1.94779
0.15089
-1.0
-1.0
0.228482
1.35679
0.469993
-1.0
0.408848
0.949067
1.98358
-1.0
0.114122
2.88867
0.201052
0.904552
1.10343
0.647236
4.07348
1.61053
0.400246
2.70412
2.78226
0.147959
-1.0
0.156101
0.694157
0.277067
0.289712
-1.0
1.32529
0.220012
-1.0
9.97567
-1.0
0.199183
4.10881
0.51322
0.117426
-1.0
1.14942
0.0771929
-1.0
5.11814
0.549079
-1.0
1.85124
6.68476
1.09748
0.241753
-1.0
2.52518
-1.0
1.77354
5.11382
0.769047
2.01198
1.44701
2.09409
3.44994
-1.0
-1.0
1.42415
-1.0
6.86883
1.14773
0.694325
-1.0
1.72936
-1.0
-1.0
3.75818
4.86094
0.503386
3.38146
0.167012
-1.0
-1.0
-1.0
0.931398
1.15324
2.00551
0.31994
0.762659
-1.0
1.26565
9.56523
-1.0
0.365049
1.7289
6.03165
3.61226
1.30438
-1.0
4.66103
1.22902
1.08733
6.6235
-1.0
5.58251
-1.0
-1.0
4.32691
1.12961
2.36173
0.0785356
0.357314
2.90306
1.9269
-1.0
4.99828
0.95194
0.400472
0.719549
1.44818
0.171936
0.035914
2.03995
3.44343
1.41878
5.98672
0.131994
2.17958
0.350782
-1.0
-1.0
0.956777
1.0226
0.12968
1.0134
0.152565
0.446471
0.189209
1.6825
0.409711
0.134094
-1.0
2.41493
0.229003
1.04332
1.42656
1.79019
0.0386315
1.16362
3.11469
-1.0
1.34195
1.90148
0.692771
0.42584
3.5925
-1.0
8.47474
1.32396
4.16206
0.106165
0.10018
-1.0
-1.0
7.3307
2.98215
0.0948442
0.0688959
0.374749
0.526717
4.42465
0.0648336
0.0225396
0.554898
1.07547
0.688332
1.30757
0.963535
0.257574
-1.0
0.488313
0.0401303
-1.0
0.651783
2.65826
3.99748
-1.0
1.43433
-1.0
7.9425
6.39379
0.240398
0.0586927
