0.857057
0.417874
0.70764
0.887433
0.462349
0.78505
0.255869
0.718901
0.855992
0.825476
0.543205
0.867037
0.425121
0.646543
0.335904
0.473409
0.851252
0.426591
0.80918
0.648077
0.999245
0.418453
0.419934
0.733252
0.900887
0.297795
0.741326
0.365376
0.481295
0.252766
0.3502
0.75414
0.744495
0.604697
0.885216
0.534343
0.259669
0.33965
0.285849
0.369652
0.728927
0.347791
0.799745
0.556651
0.545045
0.631502
0.500001
0.78542
0.908013
0.493646
0.663438
0.286037
0.473033
0.713466
0.384968
0.260089
0.689193
0.265362
0.968944
0.275834
0.595154
0.601874
0.867224
0.26971
0.986149
0.66677
0.800364
0.866114
0.431189
0.374908
0.702955
0.864123
0.728117
0.664443
0.297805
0.618822
0.374286
0.226341
0.226159
0.875006
0.666255
0.90668
0.440077
0.891361
0.23153
0.508836
0.212209
0.753006
0.201864
0.81201
0.696252
0.758045
0.414992
0.810816
0.529011
0.459943
0.764942
0.998975
0.780307
0.817567
0.246079
0.202318
0.835631
0.344084
0.999611
0.76765
0.847032
0.897242
0.908824
0.663621
0.494571
0.354886
0.78783
0.707995
0.767878
0.200513
0.230557
0.656962
0.854673
0.845261
0.521817
0.998773
0.874864
0.848344
0.636605
0.6647
0.508245
0.805041
0.862632
0.299876
0.204934
0.908109
0.7884
0.75043
0.937265
0.806602
0.675635
0.999851
0.50236
0.999319
0.85611
0.91386
0.747961
0.788385
0.874795
0.825815
0.522746
0.789842
0.508382
0.55509
0.922546
0.399787
0.835593
0.518951
0.743925
0.878866
0.223838
0.8478
0.439218
0.211589
0.68924
0.56839
0.857136
0.806816
0.49452
0.855747
0.998942
0.644567
0.650852
0.440962
0.678722
0.998904
0.360583
0.999017
0.464994
0.822004
0.403611
0.999642
0.289436
0.64832
0.933566
0.894338
0.703991
0.994778
0.865487
0.700085
0.480947
0.445002
0.952319
0.459293
0.611158
0.597394
0.820449
0.857149
0.489095
0.82257
0.935522
0.698487
0.928365
0.374783
0.206984
0.985028
0.494208
0.814838
0.999542
0.778917
0.875171
0.688973
0.78351
0.821646
0.777277
0.78253
0.95302
0.308099
0.784627
0.480453
0.997583
0.688878
0.291104
0.664596
0.285614
0.778657
0.677055
0.723958
0.802261
0.592721
0.699641
0.492973
0.608787
0.612897
0.214966
0.612971
0.99999
0.436316
0.998811
0.884655
0.833773
0.941891
0.580527
0.733835
0.838546
0.740321
0.576595
0.433844
0.499734
0.937419
0.466043
0.663373
0.203465
0.757464
0.786482
0.863435
0.336917
0.72641
0.759768
0.367732
0.316711
0.855702
0.20206
0.702598
0.853289
0.998914
0.818212
0.667468
0.876842
0.23931
0.258866
0.283949
0.618452
0.239585
0.201009
0.39284
0.528226
0.507987
0.999027
0.400515
0.902208
0.484975
0.272019
0.720949
0.239814
0.661489
0.720833
0.581089
0.385728
0.58049
0.832941
0.872849
0.210248
0.703038
0.23148
0.800154
0.605326
0.318334
0.351684
0.313843
0.758155
0.642761
0.40035
0.755975
0.340676
0.610368
0.439732
0.936107
0.93659
0.811245
0.317052
0.795376
0.311739
0.554998
0.304045
0.507966
0.746472
0.431363
0.427582
0.258151
0.999229
0.653067
0.750466
0.675422
0.888905
0.796138
0.8666
0.512675
0.462785
0.323046
0.392808
0.352126
0.935732
0.435191
0.215446
0.330188
0.843646
0.999554
0.717342
0.590902
0.713582
0.600862
0.300934
0.602181
0.627837
0.813029
0.520919
0.581488
0.739346
0.275613
0.808541
0.38816
0.784423
0.707002
0.243586
0.571497
0.435215
0.857217
0.874668
0.73837
0.272701
0.455986
0.216281
0.856962
0.498946
0.571078
0.771675
0.772862
0.581838
0.702268
0.999934
0.938485
0.307147
0.475411
0.635378
0.348921
0.629524
0.428574
0.368551
0.928534
0.667199
0.922805
0.874941
0.574033
0.426809
0.311868
0.318306
0.805859
0.855581
0.465191
0.282667
0.856962
0.834258
0.405716
0.708465
0.940552
0.33108
0.559548
0.640859
0.501183
0.558355
0.89104
0.908591
0.428235
0.509678
0.775206
0.232248
0.325844
0.432267
0.779524
0.202356
0.319503
0.521859
0.379257
0.67369
0.808708
0.431167
0.896019
0.433527
0.888287
0.952047
0.831124
0.588794
0.224787
0.211514
0.757338
0.319975
0.708689
0.88131
0.827316
0.856445
0.22794
0.222613
0.330034
0.88782
0.473605
0.349761
0.814348
0.794751
0.520348
0.484339
0.234232
0.250416
0.343038
0.797424
0.510651
0.421759
0.74971
0.751225
0.631545
0.762971
0.668965
0.572018
0.365903
0.644083
0.825641
0.821706
0.800012
0.740645
0.376122
0.810375
0.713397
0.863772
0.360924
0.206036
0.603597
0.466677
0.361312
0.824538
0.409948
0.833413
0.903682
0.225186
0.204417
0.9999
0.682607
0.863722
0.999173
0.616116
0.326556
0.830827
0.409677
0.553903
0.69407
0.742919
0.628053
0.889461
0.374689
0.778232
0.754994
0.594721
0.998694
0.265222
0.625754
0.917553
0.630158
0.591771
0.345065
0.431558
0.796216
0.799232
0.753022
0.20821
0.764727
0.709364
0.679786
0.499914
0.799937
0.480396
0.915328
0.454814
0.442221
0.687874
0.499822
0.820296
0.826349
0.342079
0.554326
0.653816
0.230564
0.831873
0.854616
0.291245
0.227567
0.503436
0.635304
0.48556
0.981588
0.287206
0.422017
0.652898
0.749659
0.999124
0.570509
0.507573
0.426161
0.333718
0.863648
0.885152
0.911767
0.299707
0.99996
0.702148
0.224044
0.831452
0.560283
0.39465
0.89598
0.816899
0.234263
0.554184
0.998705
0.755153
0.796753
0.295952
0.458912
0.835479
0.727957
0.853612
0.399938
0.551925
0.839858
0.996675
0.420793
0.607066
0.296528
0.496233
0.485368
0.996501
0.833626
0.532375
0.864486
0.455523
0.529184
0.999982
0.325764
0.784074
0.555007
0.304897
0.217156
0.457397
0.319732
0.933294
0.643841
0.654677
0.283049
0.86724
0.841059
0.596557
0.76457
0.820947
0.649832
0.934607
0.66023
0.248867
0.875319
0.897066
0.566165
0.423295
0.76438
0.679632
0.823037
0.827079
0.782014
0.466833
0.341555
0.94163
0.867467
0.999354
0.800802
0.935686
0.225162
0.252349
0.999431
0.792461
0.46881
0.990606
0.800049
0.303248
0.799849
0.430142
0.749996
0.81538
0.206456
0.928045
0.652219
0.823769
0.928836
0.867167
0.322546
0.415553
0.68702
0.777525
0.903763
0.602994
0.823097
0.258009
0.901409
0.629451
0.777394
0.802234
0.557309
0.798658
0.560693
0.871043
0.400938
0.695618
0.391448
0.325361
0.651374
0.677422
0.536232
0.380066
0.80284
0.882478
0.648613
0.361952
0.933332
0.637368
0.933913
0.663274
0.643331
0.724169
0.361907
0.499554
0.708619
0.595377
0.521308
0.651921
0.577737
0.791523
0.99998
0.768434
0.530351
0.619066
0.661311
0.756853
0.267135
0.285011
0.278489
0.391051
0.55865
0.861417
0.866613
0.550047
0.468725
0.701624
0.800716
0.986715
0.322504
0.265471
0.846208
0.632721
0.32928
0.330049
0.914639
0.531639
0.32042
0.222585
0.770586
0.476557
0.499238
0.83534
0.799871
0.487841
0.287726
0.302465
0.872496
0.919619
0.833337
0.299335
0.61204
0.72611
0.214687
0.889598
0.324226
0.613676
0.323652
0.45474
0.695292
0.46062
0.99339
0.861023
0.268734
0.723815
0.591061
0.391793
0.244638
0.862822
0.267659
0.42454
0.229884
0.896545
0.622064
0.924118
0.488016
0.970089
0.48872
0.400053
0.498296
0.260603
0.833541
0.33155
0.800004
0.369045
0.999886
0.741363
0.613766
0.544226
0.748494
0.800764
0.911536
0.832889
0.837037
0.589788
0.927345
0.580316
0.489999
0.875127
0.890033
0.902201
0.570026
0.636827
0.259217
0.567503
0.707344
0.467174
0.332709
0.344885
0.277736
0.600938
0.633807
0.335061
0.807923
0.487748
0.215825
0.543802
0.609255
0.993449
0.227262
0.530878
0.626085
0.846752
0.999836
0.46668
0.711904
0.583526
0.856831
0.724697
0.897841
0.603431
0.293788
0.603054
0.732154
0.902831
0.201514
0.995925
0.213816
0.34632
0.528653
0.239787
0.460633
0.238619
0.662679
0.546408
0.802214
0.75401
0.569458
0.864743
0.79805
0.847791
0.805148
0.210781
0.225035
0.874943
0.716424
0.300178
0.276235
0.774712
0.754825
0.272881
0.224935
0.483941
0.800763
0.754277
0.833295
0.66028
0.668474
0.391728
0.485771
0.456736
0.986454
0.506864
0.614218
0.293874
0.998947
0.49332
0.999703
0.399897
0.99684
0.364993
0.764343
0.224185
0.940883
0.436748
0.594096
0.299303
0.598136
0.331254
0.978909
0.866546
0.493167
0.982559
0.474266
0.727575
0.911597
0.768596
0.803181
0.672308
0.441016
0.714603
0.281184
0.982867
0.99958
0.571825
0.754683
0.800565
0.532894
0.61624
0.819645
0.584743
0.577284
0.90835
0.379236
0.20421
0.651003
0.500916
0.80764
0.982418
0.645903
0.283634
0.874399
0.406058
0.278928
0.923873
0.750783
0.219637
0.485058
0.495538
0.705068
0.604536
0.88598
0.980388
0.769704
0.999327
0.312447
0.346034
0.738029
0.317723
0.765359
0.864428
0.204495
0.688429
0.763102
0.419041
0.932438
0.800968
0.636359
0.491789
0.519047
0.865909
0.722487
0.35858
0.201014
0.307506
0.816953
0.856897
0.391128
0.578918
0.661347
0.818438
0.996907
0.855687
0.585179
0.690523
0.841605
0.996384
0.790358
0.534148
0.543246
0.506071
0.40032
0.678396
0.430151
0.720032
0.449922
0.444689
0.997663
0.256757
0.281255
0.870697
0.810243
0.247575
0.728537
0.751884
0.999188
0.844733
0.80901
0.625761
0.23461
0.527781
0.999206
0.266979
0.999789
0.902829
0.897352
0.840161
0.774391
0.21072
0.905725
0.911623
0.636414
0.993759
0.726924
0.239227
0.916527
0.515835
0.275072
0.786212
0.601017
0.728251
0.429489
0.627144
0.233123
0.305124
0.614933
0.986965
0.48605
0.347276
0.594806
0.960354
0.715793
0.750107
0.928367
0.696593
0.788264
0.866062
0.529819
0.934074
0.789706
0.347631
0.304986
0.640308
0.989888
0.974335
0.420791
0.231158
0.983721
0.933271
0.33094
0.299902
0.794972
0.266855
0.935889
0.29162
0.39519
0.474829
0.793935
0.858002
0.230711
0.203099
0.631339
0.992823
0.202883
0.207455
0.230796
0.389664
0.334576
0.501963
0.617469
0.870015
0.745456
0.241694
0.817965
0.401269
0.993477
0.254588
0.500297
0.614085
0.484001
0.665139
0.787526
0.815355
0.874259
0.445775
0.53115
0.513029
0.22702
0.471517
0.999466
0.999563
0.480346
0.597829
0.850884
0.927182
0.659578
0.606922
0.691228
0.984946
0.748568
0.499378
0.599573
0.330567
0.716569
0.309191
0.807857
0.357876
0.833275
0.486441
0.561456
0.504546
0.547896
0.465401
0.579846
0.726282
0.577159
0.78461
0.833539
0.917575
0.749361
0.710524
0.888658
0.923564
0.687233
0.494285
0.588637
0.749663
0.606738
0.792106
0.300721
0.264709
0.529542
0.44684
0.857159
0.999799
0.483534
0.288085
0.994236
0.239641
0.604299
0.891389
0.915263
0.866205
0.999483
0.756335
0.243171
0.421791
0.828193
0.804577
0.373315
0.697316
0.208425
0.319046
0.829632
0.83317
0.647229
0.370759
0.689248
0.832117
0.822843
0.786158
0.288846
0.843349
0.737191
0.53496
0.749906
0.755516
0.447968
0.299801
0.747542
0.421579
0.492016
0.424949
0.881452
0.853734
0.428135
0.802656
0.630735
0.328353
0.758914
0.85701
0.873127
0.408901
0.764551
0.225902
0.856349
0.778741
0.396528
0.555046
0.789899
0.901571
0.892327
0.495137
0.58485
0.752784
0.214411
0.550416
0.450784
0.656365
0.841299
0.515053
0.418496
0.584741
0.927884
0.8296
0.273153
0.273813
0.934958
0.5666
0.33153
0.666629
0.355083
0.486779
0.823209
0.623012
0.383083
0.36114
0.206908
0.582456
0.499376
0.999422
0.407505
0.888279
0.316105
0.246201
0.927853
0.769474
0.612555
0.732117
0.798679
0.598116
0.298365
0.311054
0.268649
0.474155
0.541832
0.78988
0.699993
0.862702
0.896311
0.414486
0.417092
0.68764
0.679473
0.448014
0.521216
0.437851
0.70807
0.219897
0.665151
0.726286
0.348701
0.919192
0.634785
0.351675
0.887039
0.53289
0.996736
0.457499
0.237125
0.502312
0.34168
0.479756
0.410255
0.344164
0.572845
0.875627
0.719174
0.615231
0.888956
0.533809
0.963358
0.999069
0.660281
0.611256
0.383196
0.960828
0.999841
0.238312
0.782688
0.723013
0.632025
0.828497
0.650789
0.799948
0.69497
0.822528
0.282024
0.999125
0.996863
0.702285
0.87474
0.645483
0.874642
0.866024
0.988957
0.521944
0.588913
0.856804
0.550243
0.665433
0.685581
0.273718
0.448112
0.285653
0.539336
0.970933
0.800358
0.381454
0.869831
0.847565
0.996366
0.782152
0.60364
0.709895
0.93093
0.400855
0.600552
0.434698
0.387489
0.556428
0.544949
0.959185
0.405352
0.864558
0.510637
0.968606
0.843648
0.830999
0.638054
0.413491
0.519626
0.977599
0.394639
0.763099
0.810335
0.741179
0.332033
0.533633
0.777227
0.752121
0.731141
0.503062
0.832198
0.612802
0.867442
0.651448
0.316471
0.851407
0.30866
0.464046
0.777158
0.870502
0.875688
0.2943
0.637602
0.70765
0.656341
0.461051
0.466413
0.505783
0.717137
0.628044
0.636371
0.754048
0.273772
0.864811
0.902423
0.463566
0.359891
0.588487
0.682651
0.4344
0.989814
0.87427
0.456535
0.776887
0.750182
0.535945
0.525206
0.261674
0.31209
0.716045
0.763995
0.863536
0.84295
0.236082
0.242368
0.480437
0.718258
0.802023
0.86593
0.620974
0.875
0.794738
0.872394
0.278408
0.743342
0.849559
0.214024
0.58054
0.997717
0.327549
0.803677
0.259722
0.539984
0.263956
0.543791
0.963256
0.779059
0.952907
0.668975
0.492653
0.303001
0.21746
0.607698
0.542223
0.815623
0.81477
0.909549
0.402477
0.83615
0.603181
0.824237
0.474646
0.714284
0.664279
0.572669
0.875201
0.842238
0.746898
0.562647
0.659883
0.530712
0.337061
0.345884
0.987398
0.329056
0.996305
0.856332
0.695738
0.828395
0.466822
0.267498
0.402909
0.502894
0.490456
0.260062
0.678088
0.492352
0.60059
0.599106
0.65242
0.695768
0.219159
0.876653
0.279485
0.999983
0.85026
0.39874
0.757878
0.447391
0.210401
0.796795
0.445201
0.389055
0.281155
0.999987
0.422389
0.787935
0.391171
0.270468
0.938924
0.216866
0.544783
0.34157
0.406412
0.313539
0.987232
0.680333
0.382653
0.799351
0.866586
0.646033
0.602943
0.697465
0.874935
0.216736
0.811544
0.868815
0.867624
0.683409
0.601072
0.540152
0.537199
0.690728
0.92747
0.555579
0.588794
0.992539
0.720552
0.708396
0.330452
0.799296
0.485138
0.775746
0.777788
0.997734
0.88857
0.862931
0.897989
0.555635
0.777671
0.947555
0.347743
0.554459
0.827487
0.972044
0.696498
0.405
0.341151
0.609238
0.874292
0.29302
0.212643
0.478645
0.537512
0.992797
0.351709
0.315053
0.538305
0.657211
0.536165
0.227878
0.999429
0.645334
0.875355
0.608856
0.822597
0.837184
0.311398
0.922344
0.335685
0.816642
0.844317
0.951949
0.325271
0.826458
0.603715
0.303018
0.501173
0.669511
0.661509
0.33302
0.338221
0.398836
0.219848
0.859934
0.922281
0.984609
0.999908
0.732367
0.761654
0.499257
0.833183
0.990548
0.437146
0.657795
0.840362
0.710993
0.626578
0.664346
0.306038
0.227335
0.746482
0.618367
0.715121
0.790059
0.405273
0.997622
0.978045
0.787594
0.793953
0.594368
0.323875
0.268996
0.996201
0.418041
0.427909
0.248913
0.99927
0.324613
0.722218
0.979625
0.920811
0.356399
0.63074
0.859371
0.763348
0.838433
0.357029
0.321939
0.88188
0.253552
0.328245
0.376782
0.470871
0.841619
0.63564
0.562223
0.325921
0.816656
0.770704
0.879148
0.834646
0.209742
0.69315
0.395563
0.771202
0.530299
0.913946
0.850608
0.663696
0.918119
0.517601
0.858093
0.307319
0.777623
0.688687
0.836973
0.529537
0.232883
0.992278
0.571004
0.285205
0.784374
0.61114
0.56872
0.936301
0.424273
0.852137
0.910718
0.51043
0.651552
0.260798
0.857837
0.498897
0.484371
0.750982
0.727498
0.425004
0.253936
0.45572
0.51523
0.93358
0.610023
0.841356
0.703636
0.428719
0.823243
0.99804
0.631772
0.858079
0.998914
0.471566
0.301482
0.781711
0.870761
0.741245
0.813883
0.919628
0.720764
0.997352
0.702921
0.688116
0.630168
0.524557
0.378374
0.79557
0.745494
0.999691
0.816758
0.570982
0.689549
0.881023
0.364709
0.385557
0.922583
0.791791
0.643424
0.863107
0.224217
0.843458
0.444372
0.27106
0.507121
0.262094
0.316478
0.528323
0.999458
0.969018
0.486051
0.281092
0.72574
0.819463
0.315807
0.242761
0.467644
0.273507
0.370054
0.220679
0.489197
0.964087
0.242456
0.709891
0.543828
0.392437
0.999318
0.785055
0.53292
0.85784
0.534721
0.23679
0.498034
0.86712
0.632863
0.45039
0.996242
0.567805
0.233881
0.412967
0.460604
0.643791
0.732248
0.284705
0.770679
0.776811
0.569917
0.820615
0.477317
0.845674
0.750854
0.289235
0.227842
0.941849
0.390859
0.82145
0.302596
0.763749
0.202067
0.324218
0.598244
0.589623
0.999792
0.238659
0.352809
0.721978
0.857005
0.404404
0.75871
0.729852
0.512276
0.72059
0.939676
0.930849
0.999784
0.326415
0.73971
0.796005
0.231179
0.885286
0.903278
0.790528
0.260834
0.784702
0.311158
0.463173
0.922304
0.666576
0.776074
0.288721
0.751517
0.519073
0.667665
0.324919
0.81956
0.509661
0.280208
0.923102
0.883342
0.909128
0.77866
0.783496
0.644223
0.428071
0.416295
0.270707
0.753853
0.954126
0.82101
0.682209
0.426364
0.998428
0.734544
0.454018
0.348894
0.212949
0.799335
0.999709
0.400041
0.617858
0.566499
0.817847
0.85814
0.821744
0.611869
0.749811
0.450494
0.686902
0.518188
0.8226
0.738233
0.85802
0.938268
0.74988
0.587424
0.808448
0.83827
0.288178
0.779631
0.846296
0.832445
0.62461
0.780272
0.534525
0.364363
0.368391
0.544494
0.999192
0.373071
0.734997
0.581747
0.319448
0.593656
0.866732
0.664696
0.529378
0.333995
0.294957
0.720219
0.270644
0.912512
0.802217
0.247437
0.764639
0.835367
0.298511
0.701371
0.951897
0.412922
0.421466
0.765032
0.366898
0.277224
0.599487
0.770433
0.782048
0.431235
0.856462
0.325268
0.729961
0.789659
0.325454
0.616292
0.683672
0.795696
0.694008
0.771123
0.864777
0.921338
0.846171
0.759568
0.216949
0.945852
0.749519
0.260418
0.809624
0.998177
0.964782
0.8217
0.342496
0.474136
0.224652
0.58762
0.694152
0.472164
0.252389
0.588077
0.517102
0.665029
0.355302
0.314619
0.677641
0.880216
0.833279
0.860705
0.995843
0.606887
0.238611
0.90122
0.378951
0.345193
0.659936
0.838491
0.963062
0.600656
0.835128
0.601957
0.220017
0.849434
0.521051
0.234404
0.315146
0.3618
0.875349
0.760195
0.64687
0.748204
0.62034
0.274842
0.4226
0.67421
0.853656
0.532686
0.260396
0.542388
0.854879
0.87029
0.505878
0.686591
0.819094
0.416275
0.63006
0.345284
0.233825
0.800198
0.217692
0.587738
0.907512
0.77445
0.282883
0.228492
0.872957
0.452412
0.324338
0.502516
0.995027
0.943907
0.450519
0.554496
0.709342
0.998927
0.766693
0.874018
0.213826
0.773758
0.320721
0.777246
0.850225
0.856652
0.796497
0.604533
0.71927
0.347807
0.556748
0.904072
0.816156
0.217447
0.747377
0.482581
0.213218
0.971275
0.827469
0.791588
0.985256
0.99998
0.82833
0.472178
0.825096
0.222081
0.202214
0.51875
0.432262
0.546302
0.859044
0.73061
0.996525
0.996038
0.349782
0.380148
0.440597
0.656997
0.473027
0.784164
0.858236
0.267507
0.64197
0.787277
0.769363
0.746508
0.858696
0.962366
0.25293
0.202917
0.736812
0.832335
0.845734
0.79995
0.414965
0.718578
0.589658
0.519085
0.683766
0.723349
0.833305
0.276919
0.815509
0.492009
0.792133
0.999674
0.720039
0.360192
0.581974
0.776082
0.601645
0.920576
0.28012
0.922193
0.360119
0.380225
0.440202
0.780339
0.495311
0.646349
0.713559
0.935989
0.261498
0.275128
0.49995
0.824011
0.219471
0.332051
0.998092
0.327551
0.488544
0.309719
0.500034
0.437705
0.874429
0.392457
0.873073
0.765273
0.904489
0.307598
0.334802
0.789741
0.641444
0.748099
0.689022
0.847094
0.380839
0.429352
0.55102
0.756152
0.31319
0.352729
0.388432
0.360895
0.279248
0.785084
0.362382
0.238788
0.769626
0.601521
0.205577
0.789977
0.718566
0.213058
0.745212
0.250055
0.999209
0.583443
0.562892
0.224962
0.72787
0.731633
0.202524
0.407262
0.913703
0.32061
0.416121
0.501311
0.265662
0.754483
0.822651
0.644923
0.790458
0.210602
0.607452
0.784783
0.33151
0.312579
0.910951
0.252246
0.526841
0.799534
0.648721
0.916848
0.57721
0.532107
0.836377
0.250066
0.680585
0.714007
0.32867
0.41805
0.342693
0.844082
0.454643
0.203299
0.463881
0.242126
0.464862
0.660958
0.457643
0.915915
0.344997
0.503226
0.383222
0.265292
0.205618
0.220904
0.698984
0.584232
0.296145
0.428549
0.672852
0.880543
0.705958
0.227181
0.915198
0.770141
0.854751
0.272796
0.999443
0.999957
0.607551
0.711016
0.350054
0.600818
0.772989
0.764987
0.509726
0.553146
0.856267
0.673419
0.276333
0.440755
0.456816
0.251564
0.645114
0.71859
0.51828
0.221796
0.274293
0.779491
0.597271
0.296576
0.944029
0.744502
0.203081
0.87442
0.748803
0.869513
0.727628
0.511872
0.255636
0.665721
0.794474
0.8096
0.432114
0.999476
0.277387
0.931978
0.266067
0.639651
0.574442
0.823798
0.521503
0.762662
0.214218
0.260274
0.606201
0.85704
0.996594
0.76178
0.856373
0.814434
0.210125
0.768498
0.929607
0.49309
0.747074
0.921432
0.862641
0.710384
0.397525
0.336579
0.66962
0.753356
0.295529
0.873111
0.731388
0.767517
0.707435
0.335628
0.588892
0.372918
0.238945
0.83273
0.681452
0.7898
0.995867
0.784086
0.999372
0.966846
0.771439
0.523362
0.335382
0.865639
0.246107
0.685461
0.989499
0.771929
0.71811
0.601563
0.874251
0.281503
0.969489
0.200901
0.342254
0.36846
0.392453
0.865841
0.838028
0.370378
0.499493
0.705612
0.23599
0.842545
0.505435
0.999662
0.24828
0.323971
0.671907
0.235987
0.31741
0.827258
0.714847
0.824079
0.768478
0.850301
0.831498
0.842676
0.669947
0.862834
0.847813
0.439826
0.502676
0.68902
0.816403
0.722697
0.444348
0.329443
0.777522
0.471445
0.709168
0.866574
0.842752
0.933001
0.628512
0.203088
0.671559
0.472747
0.42108
0.85619
0.450075
0.73332
0.872628
0.404647
0.324551
0.402839
0.40914
0.839577
0.309807
0.472324
0.201431
0.915979
0.220203
0.748656
0.823861
0.599393
0.305961
0.81229
0.859622
0.868003
0.386837
0.812808
0.235494
0.28307
0.307615
0.475366
0.760208
0.542608
0.551504
0.98745
0.999
0.770018
0.840335
0.650065
0.50136
0.613983
0.45077
0.998627
0.806939
0.254407
0.54008
0.661294
0.373944
0.714798
