0.354954
0.585351
0.570834
0.499881
0.560419
0.22246
0.805248
0.857102
0.409951
0.850607
0.803164
0.667898
0.866912
0.999745
0.480915
0.872632
0.516242
0.331555
0.224154
0.887155
0.882631
0.925787
0.796015
0.643403
0.229689
0.638147
0.821187
0.57636
0.631646
0.745572
0.22049
0.394423
0.394804
0.282643
0.619744
0.87409
0.732985
0.583931
0.227465
0.667149
0.536293
0.359606
0.479824
0.928067
0.490468
0.347239
0.752646
0.724623
0.471299
0.869871
0.814908
0.729745
0.503207
0.450798
0.71694
0.399296
0.638932
0.559596
0.872161
0.786306
0.597974
0.646428
0.843663
0.389768
0.772934
0.726651
0.837962
0.825691
0.214194
0.784321
0.5414
0.746091
0.66265
0.289619
0.782486
0.665639
0.722025
0.228428
0.863235
0.33728
0.783362
0.695879
0.714021
0.743059
0.888453
0.265668
0.506575
0.88599
0.994559
0.360435
0.285623
0.907591
0.630496
0.289261
0.529261
0.437518
0.510933
0.721461
0.562913
0.999662
0.655163
0.23077
0.417896
0.875798
0.735707
0.821194
0.826982
0.421183
0.816758
0.463743
0.242386
0.933054
0.924595
0.666603
0.39347
0.25946
0.593567
0.292128
0.592017
0.771676
0.344186
0.830474
0.857815
0.214255
0.404593
0.568209
0.46975
0.867126
0.746861
0.809367
0.353426
0.894856
0.863518
0.347801
0.804569
0.493204
0.771244
0.304177
0.890387
0.387662
0.784507
0.849741
0.277306
0.549918
0.571278
0.433859
0.410282
0.885834
0.802665
0.202686
0.439227
0.44396
0.361974
0.999907
0.606656
0.863729
0.60977
0.551103
0.33475
0.750165
0.578154
0.75876
0.60721
0.272774
0.465534
0.229399
0.981127
0.845683
0.991953
0.429013
0.439833
0.87526
0.240516
0.796875
0.751839
0.875014
0.26963
0.75006
0.356626
0.989184
0.775283
0.77252
0.476591
0.985857
0.442836
0.236948
0.264281
0.610948
0.799955
0.817799
0.437008
0.669415
0.809585
0.553729
0.826705
0.566653
0.839821
0.588239
0.84677
0.354888
0.505412
0.632796
0.411196
0.997815
0.233205
0.238341
0.201418
0.380346
0.593545
0.92157
0.296276
0.990821
0.6665
0.233733
0.640379
0.511341
0.577192
0.319942
0.713668
0.750244
0.234698
0.40045
0.800358
0.888059
0.38408
0.928184
0.698727
0.682934
0.460586
0.292042
0.325577
0.27564
0.354085
0.369192
0.293843
0.840895
0.442745
0.667029
0.685879
0.72873
0.942637
0.214298
0.872865
0.68946
0.825497
0.457835
0.364028
0.368121
0.799823
0.671947
0.410466
0.854877
0.862754
0.503677
0.78248
0.873982
0.598536
0.741015
0.737016
0.442673
0.830908
0.671195
0.840849
0.994024
0.424936
0.614549
0.351998
0.341276
0.523568
0.99924
0.378345
0.612028
0.705569
0.648848
0.453284
0.357811
0.203597
0.385703
0.745108
0.998624
0.444277
0.292784
0.771814
0.88215
0.598157
0.885385
0.938432
0.532147
0.600592
0.815177
0.789513
0.309246
0.426839
0.203784
0.287782
0.928766
0.66688
0.871816
0.598148
0.61373
0.867782
0.539049
0.480127
0.631886
0.782045
0.658527
0.744119
0.691314
0.500498
0.713567
0.602344
0.586783
0.3779
0.745929
0.479538
0.475024
0.665853
0.716075
0.856976
0.895619
0.969003
0.662578
0.402956
0.931826
0.99143
0.879549
0.309559
0.861862
0.723114
0.459464
0.403039
0.773883
0.861416
0.787753
0.87523
0.238154
0.850049
0.35836
0.998275
0.372085
0.400057
0.648362
0.888318
0.870598
0.404637
0.446805
0.596941
0.505425
0.66479
0.644236
0.639668
0.478216
0.366711
0.952603
0.553715
0.244885
0.533406
0.905504
0.570264
0.436972
0.615831
0.2945
0.857462
0.523456
0.266126
0.90408
0.299343
0.999562
0.652162
0.911093
0.800578
0.872715
0.624793
0.222049
0.382689
0.617853
0.756151
0.663452
0.439725
0.405017
0.691309
0.992311
0.832862
0.704352
0.789418
0.476725
0.915778
0.709007
0.731436
0.807395
0.519769
0.946131
0.611972
0.849999
0.39486
0.848656
0.583164
0.341524
0.642405
0.502778
0.720111
0.995831
0.601487
0.639777
0.282903
0.691414
0.482677
0.579156
0.993827
0.923033
0.866016
0.613983
0.32187
0.477065
0.252788
0.281447
0.202734
0.566801
0.790924
0.682248
0.863349
0.763645
0.612098
0.725071
0.86943
0.968515
0.608343
0.919008
0.204107
0.998939
0.57633
0.744913
0.352198
0.422717
0.571397
0.82119
0.882234
0.825967
0.762819
0.257694
0.242947
0.411527
0.550367
0.743383
0.463684
0.376317
0.799733
0.203354
0.776267
0.4417
0.737955
0.572557
0.367514
0.405886
0.810583
0.766952
0.856453
0.457651
0.611371
0.749956
0.772531
0.577134
0.869074
0.39968
0.831605
0.516125
0.79935
0.526537
0.933193
0.623341
0.267917
0.523276
0.654267
0.719903
0.997301
0.500471
0.887273
0.357505
0.786051
0.248462
0.945436
0.988606
0.601394
0.833211
0.999913
0.860978
0.764615
0.436586
0.59213
0.864136
0.886022
0.856426
0.810631
0.532693
0.218835
0.337611
0.713677
0.696989
0.349318
0.278457
0.917106
0.641629
0.447945
0.999442
0.766628
0.236562
0.369825
0.597516
0.916115
0.345093
0.997411
0.77991
0.348286
0.204049
0.61935
0.630526
0.566459
0.705844
0.527189
0.349388
0.999933
0.538485
0.856295
0.461629
0.885058
0.802402
0.383948
0.665842
0.694566
0.265728
0.391565
0.997724
0.727555
0.357343
0.914674
0.523271
0.521054
0.691556
0.918651
0.471871
0.607484
0.254655
0.745468
0.999852
0.946482
0.505887
0.939173
0.512891
0.874837
0.497933
0.688964
0.558214
0.226303
0.380909
0.668726
0.66634
0.545437
0.248375
0.581589
0.593192
0.685589
0.360693
0.766098
0.343385
0.277281
0.401402
0.319152
0.744835
0.418979
0.526192
0.475059
0.77066
0.452431
0.599544
0.352539
0.888797
0.936604
0.390611
0.473315
0.243841
0.862311
0.419944
0.456077
0.247675
0.785731
0.540652
0.716397
0.783301
0.224161
0.555547
0.780765
0.714288
0.311945
0.22505
0.279155
0.219261
0.231508
0.288697
0.567321
0.775663
0.874212
0.57398
0.64783
0.475866
0.339246
0.211417
0.555557
0.476209
0.494505
0.667179
0.865399
0.897602
0.2448
0.488532
0.284457
0.998516
0.435
0.763313
0.230662
0.795019
0.388877
0.675923
0.585348
0.599906
0.663316
0.99875
0.517434
0.361562
0.440731
0.539375
0.908571
0.999825
0.283417
0.314585
0.368917
0.745494
0.994819
0.9006
0.705446
0.861202
0.319472
0.999265
0.451648
0.527982
0.354259
0.318427
0.405006
0.283751
0.378501
0.439784
0.612648
0.6715
0.712126
0.207102
0.500608
0.272783
0.596186
0.995098
0.999055
0.728422
0.278908
0.693374
0.88023
0.72852
0.416089
0.737578
0.362061
0.376347
0.515935
0.279618
0.433991
0.909652
0.827977
0.84344
0.827321
0.448442
0.636517
0.984657
0.50014
0.356726
0.999315
0.852557
0.395679
0.750186
0.728197
0.234219
0.273856
0.322104
0.556856
0.765154
0.213295
0.719546
0.806264
0.373154
0.770826
0.442774
0.75372
0.999855
0.875727
0.740852
0.466979
0.686545
0.426124
0.533513
0.686852
0.801604
0.738904
0.368233
0.877424
0.928379
0.497394
0.453708
0.932489
0.864751
0.86636
0.901579
0.445579
0.995301
0.79905
0.42332
0.739607
0.348689
0.884985
0.828324
0.9993
0.795935
0.24628
0.75547
0.73504
0.60363
0.751351
0.43799
0.992148
0.795108
0.319709
0.741815
0.880626
0.999629
0.75519
0.701192
0.592336
0.239428
0.910356
0.574219
0.65338
0.499237
0.655295
0.576554
0.999309
0.735927
0.770834
0.925454
0.997498
0.452297
0.893041
0.999929
0.583929
0.272872
0.452322
0.571893
0.882291
0.822606
0.75927
0.477282
0.763874
0.303681
0.225308
0.616796
0.423248
0.304397
0.994372
0.602544
0.554119
0.535813
0.234471
0.596685
0.375995
0.83016
0.528736
0.666667
0.453267
0.847377
0.419481
0.656059
0.305909
0.657115
0.516287
0.996131
0.375408
0.215615
0.747985
0.264363
0.23919
0.648856
0.98757
0.270437
0.214148
0.284399
0.527144
0.508501
0.337742
0.432949
0.834642
0.767172
0.902071
0.323377
0.94052
0.364193
0.701515
0.856759
0.995462
0.584553
0.39606
0.519848
0.599655
0.502876
0.499313
0.296125
0.357652
0.999085
0.303219
0.80042
0.694924
0.746966
0.84097
0.892753
0.812669
0.489986
0.235989
0.732782
0.346924
0.752206
0.822545
0.28179
0.62301
0.603282
0.531777
0.834699
0.48294
0.267893
0.605411
0.784484
0.322053
0.898674
0.430585
0.759865
0.865701
0.43866
0.218555
0.748476
0.598737
0.23056
0.588479
0.635934
0.863732
0.29321
0.653947
0.505609
0.868912
0.80691
0.590244
0.254124
0.466217
0.724902
0.503813
0.569906
0.857038
0.413794
0.447984
0.777297
0.551205
0.787886
0.32607
0.662835
0.800342
0.417701
0.874721
0.994025
0.873394
0.547857
0.208356
0.863265
0.808892
0.481399
0.860717
0.998618
0.390003
0.218925
0.325107
0.463667
0.771692
0.967657
0.779962
0.60274
0.368942
0.807918
0.359222
0.812656
0.401009
0.608888
0.786821
0.452384
0.58797
0.349587
0.675724
0.224673
0.928449
0.484939
0.204805
0.929464
0.658109
0.832865
0.231643
0.272373
0.492144
0.757538
0.302546
0.864907
0.395044
0.50808
0.847236
0.788697
0.759722
0.766056
0.717994
0.661851
0.364565
0.89924
0.980944
0.796417
0.26591
0.864796
0.361354
0.536763
0.337093
0.858214
0.27987
0.375051
0.96746
0.360773
0.824768
0.803154
0.261715
0.836654
0.453211
0.937237
0.351191
0.714221
0.467324
0.292671
0.781354
0.906872
0.692907
0.316391
0.91432
0.759326
0.995485
0.460232
0.452199
0.50044
0.42286
0.996578
0.686412
0.399986
0.995573
0.267345
0.770111
0.622379
0.728765
0.470808
0.997488
0.587207
0.301514
0.987153
0.923165
0.285735
0.886023
0.822903
0.928406
0.413197
0.5941
0.719719
0.20114
0.876042
0.52164
0.553894
0.334112
0.533276
0.303274
0.847713
0.783598
0.939824
0.418034
0.410078
0.879461
0.946048
0.707864
0.85437
0.884551
0.457846
0.44948
0.284489
0.800017
0.315788
0.205196
0.552126
0.424346
0.25034
0.349516
0.312671
0.582631
0.309498
0.510077
0.551469
0.468623
0.766602
0.664489
0.808674
0.918144
0.376344
0.256443
0.601354
0.354978
0.694667
0.614843
0.312601
0.4999
0.368156
0.753485
0.875489
0.582439
0.666346
0.33648
0.31406
0.867975
0.428485
0.282131
0.506824
0.316532
0.674086
0.829576
0.726609
0.805535
0.327626
0.973962
0.66468
0.811684
0.721497
0.200807
0.886622
0.99957
0.92718
0.315967
0.565766
0.992729
0.899361
0.753864
0.995989
0.856571
0.524068
0.795992
0.303732
0.744125
0.8567
0.294171
0.998352
0.307001
0.41171
0.447112
0.377297
0.50728
0.350535
0.720448
0.86963
0.912244
0.805393
0.99993
0.621934
0.524407
0.269484
0.499803
0.969577
0.662456
0.429632
0.774074
0.202506
0.639416
0.857425
0.325796
0.588428
0.26458
0.691937
0.831087
0.712241
0.749724
0.838026
0.403026
0.296332
0.318362
0.312052
0.813573
0.421645
0.246326
0.88292
0.245246
0.633539
0.77639
0.62328
0.807422
0.383649
0.306405
0.81532
0.777683
0.459654
0.203031
0.370419
0.725012
0.998805
0.64315
0.812646
0.926647
0.691555
0.352
0.570414
0.884329
0.791368
0.200334
0.442467
0.570621
0.551778
0.99132
0.377884
0.632472
0.99805
0.305024
0.646573
0.246412
0.869782
0.611212
0.806103
0.614534
0.406728
0.497142
0.779187
0.681975
0.548307
0.675522
0.727533
0.26341
0.865751
0.218763
0.3498
0.631731
0.22234
0.578004
0.208469
0.502443
0.799778
0.846513
0.983902
0.771042
0.985096
0.867209
0.929879
0.81281
0.453848
0.442965
0.241361
0.588338
0.86334
0.711517
0.349429
0.303376
0.282249
0.69025
0.332231
0.571704
0.29684
0.973663
0.41291
0.325621
0.316833
0.386368
0.925518
0.735343
0.737151
0.583878
0.780112
0.540693
0.463237
0.560076
0.85072
0.831299
0.228315
0.422501
0.71716
0.758462
0.996821
0.996974
0.372877
0.79159
0.871877
0.998017
0.265849
0.746552
0.282417
0.289197
0.486082
0.468715
0.407096
0.409204
0.857134
0.671946
0.646104
0.991542
0.992447
0.309032
0.423675
0.853203
0.676506
0.350097
0.840336
0.516474
0.844753
0.783438
0.690351
0.856915
0.76678
0.839382
0.60955
0.551872
0.765859
0.600836
0.559101
0.548482
0.502617
0.899862
0.878271
0.77061
0.273712
0.859373
0.794349
0.53455
0.343378
0.610984
0.671138
0.848827
0.475611
0.920607
0.419997
0.626025
0.768702
0.497944
0.624366
0.631528
0.691611
0.435553
0.65924
0.321076
0.586942
0.653865
0.366985
0.627889
0.635482
0.74948
0.867619
0.999996
0.749572
0.762932
0.319451
0.732729
0.647485
0.799874
0.946778
0.798299
0.527548
0.25196
0.926667
0.714121
0.473447
0.262685
0.838868
0.239401
0.301372
0.519791
0.814702
0.581414
0.429389
0.719824
0.793271
0.823792
0.641633
0.519901
0.342468
0.578775
0.310732
0.856362
0.794841
0.438311
0.539796
0.932598
0.340189
0.705424
0.214326
0.799661
0.262997
0.772575
0.716734
0.476623
0.713861
0.561882
0.330678
0.276331
0.837815
0.663468
0.644149
0.316593
0.437564
0.713702
0.825992
0.255344
0.346171
0.758919
0.866404
0.51033
0.446435
0.751682
0.591193
0.616825
0.788794
0.285542
0.29121
0.857335
0.227249
0.681592
0.887091
0.594549
0.627969
0.772263
0.210474
0.201241
0.663657
0.666678
0.473055
0.409778
0.439263
0.44238
0.805004
0.652606
0.553767
0.559487
0.827381
0.718945
0.8948
0.716376
0.603351
0.648574
0.826223
0.827335
0.643597
0.65387
0.24467
0.704163
0.737609
0.834876
0.375836
0.680557
0.856428
0.6702
0.65955
0.724172
0.570962
0.298981
0.494972
0.7503
0.201875
0.882655
0.270943
0.759936
0.573666
0.642657
0.775655
0.499951
0.285093
0.889183
0.50023
0.640549
0.893549
0.629111
0.232912
0.279827
0.31151
0.800078
0.775982
0.555475
0.708867
0.833523
0.438689
0.623426
0.636288
0.818409
0.922372
0.586492
0.384218
0.49259
0.988248
0.822888
0.625554
0.267696
0.940532
0.379867
0.889368
0.274092
0.482317
0.873811
0.252294
0.422769
0.751035
0.851105
0.60304
0.791094
0.661306
0.704096
0.330306
0.993546
0.866886
0.51696
0.521074
0.460417
0.823041
0.465168
0.440346
0.814734
0.993399
0.846392
0.247223
0.9999
0.266862
0.29986
0.713933
0.545352
0.504771
0.2643
0.660816
0.270496
0.273279
0.477197
0.708091
0.997966
0.303489
0.735356
0.990228
0.324372
0.562445
0.993043
0.643036
0.259182
0.9986
0.761633
0.905753
0.238839
0.330878
0.695723
0.588901
0.929127
0.848059
0.924902
0.471324
0.557078
0.47172
0.695306
0.838283
0.215463
0.829591
0.999981
0.865167
0.519018
0.621483
0.470472
0.76589
0.433683
0.274831
0.291093
0.429531
0.90406
0.723063
0.716658
0.906685
0.756908
0.908859
0.936947
0.785369
0.833566
0.282489
0.200332
0.435623
0.783277
0.735113
0.43931
0.720385
0.985813
0.394023
0.787719
0.983913
0.828311
0.943928
0.752757
0.820193
0.975371
0.659258
0.621257
0.79691
0.474143
0.725049
0.518532
0.75574
0.420114
0.431269
0.285047
0.315049
0.969012
0.996445
0.587828
0.587828
0.52451
0.356565
0.591192
0.984445
0.272919
0.666031
0.817314
0.643651
0.369362
0.407714
0.221019
0.942555
0.306784
0.917274
0.861651
0.661092
0.661782
0.804265
0.922945
0.842753
0.705816
0.350308
0.273397
0.684626
0.712079
0.87129
0.305354
0.367224
0.348782
0.666666
0.652392
0.52911
0.39891
0.520802
0.897652
0.799777
0.697114
0.816198
0.839847
0.631381
0.909201
0.875658
0.327808
0.595004
0.686232
0.952041
0.794318
0.614825
0.856167
0.929323
0.400753
0.243141
0.808317
0.769129
0.376017
0.603338
0.941815
0.468652
0.421036
0.999822
0.667884
0.317752
0.219969
0.905434
0.392226
0.348282
0.999998
0.742956
0.403693
0.546844
0.696178
0.251302
0.632034
0.357832
0.292388
0.462769
0.977819
0.963269
0.998247
0.421215
0.859955
0.663483
0.99854
0.498204
0.857531
0.629156
0.592883
0.646863
0.748517
0.722535
0.829131
0.357105
0.99875
0.647313
0.506591
0.311356
0.676211
0.50556
0.842595
0.836446
0.844839
0.453997
0.263714
0.39117
0.599101
0.876082
0.659012
0.534533
0.820047
0.866138
0.208924
0.700481
0.827013
0.41089
0.789065
0.909544
0.7163
0.575512
0.245281
0.264384
0.725444
0.366952
0.935324
0.883235
0.503508
0.78768
0.710623
0.846929
0.414362
0.363438
0.885306
0.591867
0.859231
0.616324
0.454361
0.561406
0.687248
0.787332
0.443017
0.699603
0.732264
0.666123
0.969809
0.250759
0.229747
0.66567
0.666003
0.714376
0.680094
0.991128
0.923041
0.872612
0.200918
0.91665
0.748826
0.799528
0.60956
0.87379
0.516728
0.856741
0.998866
0.227198
0.826169
0.875128
0.271311
0.690471
0.661678
0.368034
0.997734
0.999717
0.999796
0.332105
0.999609
0.52176
0.97807
0.384787
0.695857
0.750985
0.3955
0.666564
0.996886
0.438637
0.263136
0.727541
0.70047
0.249102
0.680819
0.224321
0.530529
0.580652
0.770062
0.650484
0.98313
0.238546
0.821379
0.453205
0.836322
0.800598
0.478113
0.79911
0.642105
0.856098
0.786204
0.878405
0.455891
0.832804
0.537319
0.722919
0.551902
0.880767
0.362767
0.992077
0.956358
0.859122
0.254965
0.632225
0.388992
0.843174
0.798635
0.888196
0.531887
0.660603
0.905292
0.7111
0.512897
0.208433
0.369902
0.261549
0.343698
0.58352
0.236508
0.665166
0.222236
0.580161
0.776118
0.536448
0.482237
0.880329
0.875667
0.735413
0.758032
0.604073
0.492341
0.537959
0.952276
0.536882
0.374655
0.849262
0.749853
0.544055
0.616197
0.374055
0.520008
0.979859
0.872519
0.855647
0.996596
0.337897
0.933705
0.465796
0.764525
0.988592
0.317494
0.229945
0.425856
0.380726
0.406185
0.6636
0.922407
0.400106
0.833253
0.302229
0.450086
0.773649
0.786493
0.849562
0.338217
0.999958
0.502863
0.599801
0.272752
0.848385
0.804533
0.867943
0.687554
0.648393
0.899963
0.757301
0.318893
0.595257
0.557412
0.393428
0.813897
0.531212
0.896839
0.606818
0.999517
0.857874
0.973034
0.51178
0.480923
0.639547
0.759532
0.678429
0.800441
0.497555
0.828291
0.548951
0.377317
0.708917
0.798443
0.328936
0.877905
0.869395
0.680332
0.386465
0.999757
0.68202
0.689911
0.363818
0.344209
0.534018
0.775912
0.246725
0.785774
0.277682
0.994877
0.304461
0.969852
0.987856
0.837017
0.678962
0.214896
0.370672
0.773714
0.35909
0.764357
0.214164
0.539176
0.212152
0.354342
0.333344
0.419638
0.25177
0.234147
0.801252
0.319074
0.660429
0.720738
0.55446
0.759085
0.763482
0.789927
0.529392
0.617294
0.857823
0.794421
0.870164
0.286823
0.484213
0.731786
0.758649
0.749896
0.910787
0.790062
0.444279
0.525184
0.992251
0.258826
0.599586
0.720525
0.86704
0.421899
0.625725
0.300764
0.435644
0.584483
0.328327
0.388829
0.503839
0.489851
0.681534
0.960589
0.455853
0.244603
0.831069
0.807105
0.750046
0.558435
0.359226
0.850712
0.719018
0.787557
0.420963
0.583258
0.22971
0.449645
0.811771
0.694861
0.985575
0.91579
0.752031
0.435088
0.264541
0.581464
0.675153
0.914251
0.751914
0.605274
0.81698
0.372893
0.458786
0.639983
0.966813
0.768221
0.204722
0.327141
0.794059
0.904144
0.490973
0.312398
0.232682
0.374525
0.417148
0.33106
0.485402
0.704703
0.748702
0.732672
0.84965
0.379472
0.506695
0.200579
0.388174
0.832326
0.246589
0.881182
0.499883
0.268352
0.84703
0.311788
0.538374
0.918954
0.279472
0.89345
0.208401
0.391895
0.858788
0.722415
0.729259
0.784322
0.671064
0.544244
0.578696
0.674241
0.235328
0.96756
0.53568
0.271289
0.635558
0.550577
0.561202
0.999604
0.390896
0.864685
0.464563
0.713792
0.248181
0.58973
0.921451
0.290982
0.604696
0.404131
0.999995
0.270011
0.708283
0.380007
0.230739
0.350462
0.832944
0.492061
0.681683
0.75037
0.84708
0.258554
0.567478
0.969014
0.443863
0.83194
0.763518
0.830541
0.289316
0.280623
0.999981
0.27412
0.777902
0.998991
0.875071
0.579898
0.757685
0.873943
0.491961
0.882003
0.55769
0.476182
0.626539
0.260675
0.562232
0.206156
0.730307
0.759547
0.904182
0.447915
0.858049
0.719109
0.925027
0.277963
0.730138
0.338904
0.649455
0.501526
0.564688
0.650833
0.438564
0.865204
0.352125
0.739586
0.820851
0.656178
0.871735
0.774013
0.444903
0.812758
0.76322
0.808856
0.750024
0.541703
0.848826
0.462985
0.667984
0.811042
0.811795
0.535214
0.513839
0.269308
0.926344
0.837647
0.212258
0.234387
0.827462
0.783654
0.822801
0.710395
0.999699
0.790317
0.824542
0.651803
0.269756
0.55229
0.67237
0.820352
0.722962
0.999985
0.645319
0.911989
0.904387
0.999467
0.951841
0.785717
0.842123
0.692329
0.6616
0.265064
0.409705
0.351176
0.740036
0.322681
0.499837
0.88551
0.836923
0.380878
0.427701
0.20121
0.252477
0.774024
0.240746
0.997864
0.748465
0.662044
0.618695
0.488075
0.206739
0.726033
0.978073
0.750159
0.948178
0.469508
0.664826
0.802323
0.233432
0.389712
0.45158
0.875894
0.505917
0.435483
0.32352
0.244131
0.93166
0.228162
0.999903
0.621503
0.699901
0.638599
0.975218
0.998858
0.229477
0.334794
0.932035
0.477874
0.633004
0.932991
0.293442
0.991934
0.868873
0.999031
0.697658
0.437032
0.955029
0.731535
0.436996
0.922911
0.990288
0.840149
0.817105
0.290351
0.934838
0.851633
0.884083
0.752034
0.603859
0.596453
0.769334
0.783017
0.274622
0.451738
0.299856
0.21604
0.291942
0.455922
0.203008
0.610323
0.898557
0.653647
0.503428
0.452673
0.684586
0.928758
0.667596
0.937162
0.657435
0.930194
0.399327
0.854022
0.73985
0.922334
0.880573
0.999919
0.882491
0.66815
0.440646
0.205379
0.99823
0.245497
0.710291
0.25015
0.665777
0.240262
0.760681
0.481031
0.637569
0.842102
0.673744
0.735762
0.837778
0.764372
0.931837
0.602462
0.721864
0.308857
0.788574
0.994399
0.722494
0.996961
0.706698
0.758929
0.927529
0.669207
0.833069
0.363366
0.85832
0.522465
0.434011
0.688372
0.797916
0.729655
0.6033
0.430934
0.908905
0.452693
0.629029
0.80127
0.249871
0.536691
0.338189
0.336848
0.304236
0.434964
0.94376
0.988952
0.544976
0.7988
0.218382
0.49948
0.201372
0.858107
0.636273
0.358691
0.664205
0.83263
0.265495
0.253609
0.92751
0.411249
0.73866
0.799934
0.886524
0.638387
0.999845
0.776682
0.260611
0.204143
0.860572
0.584762
0.993707
0.261413
0.872977
0.927149
0.80905
0.699349
0.333163
0.615477
0.798319
0.272382
0.696132
0.5147
0.801097
0.777852
0.995237
0.479053
0.662179
0.202763
0.205771
0.797811
0.200265
0.780242
0.209033
0.736693
0.996591
0.271052
0.313494
0.415928
0.833453
0.825782
0.714271
0.335271
0.355076
0.992842
0.845707
0.398888
0.541915
0.371574
0.997587
0.993153
0.228118
0.384574
0.664043
0.793962
0.610439
0.666373
0.511317
0.9998
0.895072
0.766003
0.800292
0.891624
0.772758
0.413333
0.430522
0.997692
0.296662
0.705929
0.875945
0.999903
0.912341
0.570784
0.928378
0.926918
0.750747
0.800493
0.668047
0.996828
0.414317
0.584736
0.562987
0.502037
0.628084
0.46675
0.998615
0.948558
0.418447
0.57099
0.788126
0.554839
0.478906
0.206101
0.736227
0.32496
0.623552
0.593478
0.239448
0.334284
0.517958
0.816681
0.76682
0.670772
0.25836
0.250938
0.499071
0.547665
0.7164
0.791557
0.956492
0.746869
0.588296
0.510718
0.388603
0.708344
0.427691
0.29543
0.254075
0.83013
0.321395
0.818522
0.808483
0.608146
0.738307
0.656505
0.269941
0.297793
0.903435
0.824863
0.848564
0.692746
0.506994
0.282343
0.418085
0.33999
0.999212
0.419879
0.793408
0.250093
0.695605
0.253884
0.325791
0.729708
0.558639
0.767777
0.756988
0.801604
0.302923
0.777748
0.595319
0.432921
0.681513
0.651855
0.773343
0.855569
0.93224
0.614651
0.660088
0.871292
0.217159
0.35503
0.717223
0.925792
0.211623
0.840454
0.995011
0.926963
0.281879
0.508219
0.787256
0.619022
0.397584
0.317566
0.894261
0.79935
0.291909
0.833061
0.771959
0.648601
0.328535
0.429409
0.951142
0.335898
0.627445
0.528529
0.651667
0.571722
0.787215
0.680176
0.262742
0.720331
0.475688
0.416929
0.609452
0.677595
0.856046
0.745234
0.641763
0.359221
0.243851
0.88827
0.800013
0.334605
0.371031
0.889088
0.925932
0.391313
0.820979
0.249736
0.766741
0.608113
0.608068
0.236176
0.862398
0.461627
0.270698
0.316045
0.816567
0.866069
0.453793
0.924221
0.455607
0.747144
0.295013
0.408254
0.670879
0.394937
0.999883
0.496306
0.85755
0.741608
0.378539
0.389418
0.689888
0.441848
0.836865
0.759873
0.725213
0.607634
0.720162
0.824471
0.839561
0.673032
0.831367
0.337458
0.664209
0.693787
0.740863
0.87935
0.748842
0.803931
0.205735
0.895966
0.423671
0.704659
0.4578
0.311457
0.310051
0.581691
0.276329
0.750557
0.211936
0.364062
0.8234
0.940739
0.821716
0.20774
0.20133
0.642956
0.717064
0.340788
0.289698
0.958468
0.771964
0.291659
0.889549
0.285247
0.738507
0.604096
0.69278
0.998387
0.595802
0.999127
0.711692
0.605116
0.881145
0.447022
0.288084
0.646349
0.551271
0.222828
0.548321
0.816488
0.303683
0.785254
0.862423
0.854917
0.346792
0.884044
0.261209
0.296504
0.854752
0.484877
0.482348
0.699305
0.630964
0.281825
0.376143
0.336257
0.863205
0.854691
0.431118
0.76653
0.999846
0.857287
0.818374
0.558435
0.783542
0.748079
0.601836
0.927221
0.607065
0.33619
0.68745
0.350902
0.734234
0.506667
0.529175
0.850874
0.318057
0.233497
0.809848
0.378424
0.689847
0.540808
0.452579
0.230987
0.496406
0.803127
0.284774
0.389418
0.409435
0.844415
0.936578
0.34231
0.989764
0.845904
0.532136
0.764072
0.766039
0.375225
0.394401
0.736867
0.43932
0.453616
0.452647
0.200066
0.994567
0.933288
0.62859
0.994119
0.585636
0.688122
0.260956
0.998205
0.404455
0.367687
0.821497
0.710151
0.397944
0.84853
0.206448
0.654667
0.620018
0.216438
0.689486
0.615648
0.625917
0.419249
0.602198
0.768113
0.470865
0.312403
0.869009
0.932873
0.928627
0.358288
0.468644
0.933065
0.370107
0.438692
0.784153
0.858209
0.801731
0.793016
0.713952
0.916325
0.508216
0.491784
0.749555
0.507101
0.807721
0.491946
0.46763
0.477418
0.345274
0.846613
0.785305
0.640921
0.878071
0.898196
0.526838
0.639629
0.603703
0.623276
0.607156
0.660097
0.299163
0.880974
0.251823
0.832718
0.496343
0.394315
0.727529
0.73879
0.878498
0.997808
0.683197
0.394475
0.855233
0.904339
0.477522
0.317573
0.999886
0.239047
0.689308
0.607768
0.398727
0.551729
0.204921
0.922577
0.29534
0.354232
0.630886
0.85358
0.428251
0.833431
0.726446
0.707476
0.795368
0.668739
0.267795
0.896165
0.77438
0.773373
0.558961
0.673939
0.914971
0.661188
0.679179
0.263252
0.978836
0.862755
0.931452
0.853088
0.869136
0.671697
0.327096
0.42859
0.97959
0.515882
0.295494
0.448409
0.367512
0.668456
0.514029
0.661082
0.305135
0.250303
0.494947
0.233944
0.679799
0.623913
0.327223
0.80855
0.887249
0.622703
0.790816
0.403375
0.454326
0.996423
0.24895
0.886606
0.43704
0.732192
0.687044
0.451473
0.691557
0.408657
0.93387
0.483568
0.427804
0.863182
0.866086
0.205156
0.998436
0.891133
0.796691
0.268351
0.866162
0.236402
0.690054
0.754365
0.399369
0.210352
0.564196
0.315378
0.999278
0.390339
0.35726
0.365661
0.75062
0.63513
0.693405
0.799681
0.227681
0.318747
0.662309
0.974076
0.335083
0.783082
0.98193
0.286748
0.777368
0.787762
0.996944
0.866547
0.43629
0.792275
0.793754
0.82176
0.784609
0.41239
0.851817
0.929877
0.417957
0.316724
0.905145
0.777426
0.250926
0.286652
0.995987
0.751233
0.413701
0.674955
0.898701
0.513955
0.614778
0.364216
0.827984
0.841133
0.780927
0.900707
0.400096
0.772715
0.237465
0.831239
0.51324
0.444024
0.360151
0.922752
0.856948
0.9013
0.633689
0.34718
0.792167
0.459557
0.817796
0.643434
0.855092
0.390078
0.898974
0.85326
0.581324
0.480929
0.908581
0.777973
0.295471
0.489212
0.779288
0.879019
0.973923
0.622017
0.908706
0.703724
0.86081
0.322454
0.361572
0.361572
0.233095
0.750119
0.728272
0.563761
0.684063
0.260025
0.333349
0.700359
0.623316
0.997138
0.520655
0.859161
0.663289
0.595478
0.913556
0.999746
0.521113
0.371487
0.538421
0.47993
0.856688
0.726757
0.866011
0.399952
0.584163
0.380082
0.552015
0.403986
0.821159
0.353797
0.397285
0.635507
0.847012
0.999859
0.390716
0.841672
0.275683
0.783922
0.200528
0.773968
0.826406
0.490539
0.867481
0.54737
0.250574
0.89775
0.550288
0.242534
0.250758
0.931997
0.254672
0.615892
0.846273
0.789483
0.854225
0.537556
0.868407
0.99977
0.854838
0.805164
0.750344
0.664572
0.833473
0.349467
0.856418
0.529251
0.831387
0.315404
0.251126
0.996893
0.801238
0.594364
0.82591
0.901117
0.752569
0.85487
0.764169
0.783244
0.858757
0.710547
0.849568
0.249948
0.606442
0.683018
0.999427
0.255777
0.994785
0.831498
0.998859
0.856319
0.846688
0.794254
0.998901
0.718045
0.446463
0.75186
0.507166
0.278205
0.6325
0.447937
0.477519
0.751771
0.874866
0.252503
0.909504
0.352132
0.30256
0.714463
0.626978
0.594367
0.549893
0.519879
0.446033
0.810281
0.754625
0.749669
0.99533
0.368522
0.876368
0.263372
0.748542
0.610706
0.724526
0.557661
0.666491
0.735845
0.99865
0.726611
0.797561
0.416112
0.9274
0.876353
0.723755
0.68893
0.457195
0.214798
0.203667
0.678243
0.852006
0.578281
0.788247
0.857319
0.932955
0.244104
0.448336
0.601387
0.350472
0.99869
0.829373
0.508894
0.704496
0.796341
0.819203
0.799194
0.508693
0.566059
0.20342
0.510967
0.875102
0.401188
0.348002
0.752188
0.414627
0.857213
0.526331
0.38463
0.57371
0.607594
0.202524
0.241693
0.383431
0.300768
0.729794
0.800437
0.99976
0.795537
0.483828
0.537363
0.398574
0.925379
0.728336
0.393972
0.999731
0.991016
0.947141
0.607314
0.668841
0.671791
0.701792
0.30963
0.399484
0.280221
0.796088
0.800057
0.831908
0.904249
0.999895
0.82065
0.513491
0.34098
0.863155
0.928454
0.80071
0.924011
0.817373
0.5394
0.204194
0.918472
0.288804
0.223921
0.6593
0.258233
0.622176
0.681858
0.253287
0.823212
0.290129
0.347128
0.659171
0.562355
0.704277
0.790933
0.906686
0.414652
0.904685
0.793726
0.701315
0.238186
0.821333
0.231813
0.531456
0.619632
0.695234
0.291187
0.825589
0.375042
0.724931
0.999832
0.445925
0.874112
0.677082
0.377986
0.207362
0.988488
0.887571
0.353294
0.960889
0.688996
0.999877
0.468282
0.889674
0.401417
0.228325
0.400507
0.700365
0.37346
0.797665
0.999502
0.556153
0.894327
0.257931
0.857211
0.987486
0.763678
0.443522
0.432038
0.637673
0.710752
0.999752
0.78747
0.823124
0.635219
0.696529
0.81834
0.724397
0.997142
0.888959
0.810402
0.885692
0.24967
0.821069
0.750285
0.74273
0.916654
0.685723
0.981558
0.829603
0.878216
0.247705
0.722662
0.694529
0.213456
0.45478
0.64704
0.667965
0.880446
0.923887
0.319703
0.568783
0.973527
0.362202
0.69109
0.911855
0.70069
0.658368
0.749592
0.846348
0.511278
0.750027
0.832828
0.33224
0.780776
0.930488
0.936737
0.86657
0.401058
0.618609
0.898244
0.455795
0.963872
0.236762
0.225709
0.870648
0.76971
0.99984
0.573947
0.772541
0.833127
0.85264
0.782637
0.59198
0.857245
0.299686
0.644646
0.348745
0.592075
0.830423
0.295047
0.81565
0.728511
0.821874
0.315554
0.996753
0.996478
0.875255
0.998256
0.359748
0.432096
0.567902
0.489665
0.833313
0.234061
0.990131
0.996718
0.646234
0.304454
0.252423
0.496161
0.867786
0.383285
0.811832
0.999927
0.880611
0.999159
0.733815
0.812434
0.998939
0.923035
0.404268
0.457253
0.237372
0.593424
0.888366
0.823773
0.467395
0.994371
0.976677
0.479656
0.32777
0.477534
0.775477
0.216445
0.657668
0.538514
0.761656
0.785846
0.856775
0.684867
0.997168
0.655239
0.966195
0.882122
0.621152
0.866425
0.213947
0.648582
0.933192
0.733368
0.57445
0.999942
0.669486
0.445704
0.413443
0.733095
0.577143
0.845414
0.322154
0.896134
0.27598
0.480186
0.381838
0.224045
0.651211
0.873514
0.752064
0.852777
0.581536
0.797149
0.63682
0.415009
0.828096
0.690957
0.471627
0.535874
0.832259
0.484203
0.84767
0.611167
0.725816
0.86212
0.520395
0.681054
0.814554
0.961331
0.452476
0.898528
0.945738
0.74899
0.481848
0.593425
0.508613
0.245346
0.333743
0.743347
0.908123
0.666026
0.924295
0.998349
0.997517
0.303408
0.498866
0.770964
0.967801
0.928241
0.4873
0.872877
0.399949
0.499214
0.40933
0.55416
0.285867
0.562438
0.998627
0.789689
0.399898
0.570752
0.500176
0.228409
0.983569
0.977499
0.455632
0.89649
0.88117
0.646733
0.279793
0.999307
0.790348
0.677582
0.911638
0.751096
0.970084
0.501022
0.503205
0.585663
0.384806
0.376489
0.620454
0.433401
0.710206
0.646994
0.43254
0.646219
0.413782
0.559451
0.246412
0.62465
0.453634
