0.256569
0.888254
0.303799
0.507626
0.685859
0.652901
0.546932
0.546525
0.658635
0.256199
0.812766
0.999858
0.683404
0.917163
0.876123
0.404998
0.217614
0.442897
0.665784
0.812004
0.951673
0.338788
0.349403
0.615371
0.498847
0.8149
0.856872
0.317728
0.260333
0.268753
0.68686
0.207414
0.273683
0.295239
0.7945
0.500608
0.295807
0.43363
0.582661
0.723014
0.928574
0.61891
0.359078
0.21569
0.273226
0.410151
0.266258
0.222107
0.575041
0.893185
0.341098
0.451992
0.88845
0.972421
0.762248
0.326895
0.866452
0.860824
0.989091
0.979846
0.367966
0.576149
0.763666
0.599358
0.855951
0.986021
0.990186
0.993012
0.514753
0.354517
0.766087
0.989923
0.78021
0.242562
0.555557
0.582156
0.744263
0.711738
0.278367
0.896245
0.463133
0.867654
0.822847
0.89561
0.916668
0.25491
0.665666
0.59959
0.619338
0.862206
0.995858
0.999206
0.798118
0.233533
0.53812
0.51094
0.687484
0.234207
0.377406
0.507529
0.285448
0.649756
0.997256
0.277785
0.628689
0.916003
0.750256
0.748293
0.472049
0.873806
0.612381
0.693713
0.908315
0.882778
0.999011
0.700962
0.745936
0.764813
0.774473
0.768223
0.560714
0.496629
0.473245
0.420577
0.282526
0.742574
0.356417
0.212994
0.907963
0.557537
0.878427
0.844193
0.623965
0.395715
0.205522
0.639141
0.585916
0.577942
0.860788
0.481746
0.856521
0.854092
0.450986
0.383935
0.560846
0.881991
0.38839
0.436201
0.996189
0.78028
0.586891
0.642731
0.29275
0.823487
0.881729
0.45914
0.247119
0.866775
0.670447
0.207814
0.714755
0.991847
0.826487
0.794493
0.627931
0.661533
0.580468
0.437448
0.892394
0.999987
0.980668
0.99229
0.31328
0.78745
0.439879
0.341697
0.235625
0.96429
0.316383
0.219949
0.559487
0.777138
0.245945
0.275675
0.951879
0.882744
0.937723
0.843371
0.90818
0.659885
0.972375
0.291351
0.928265
0.47392
0.788009
0.42013
0.207004
0.454454
0.822866
0.888593
0.801418
0.648703
0.769845
0.725739
0.389495
0.53799
0.555176
0.271274
0.688825
0.48621
0.874448
0.490418
0.558779
0.780189
0.266893
0.687604
0.637302
0.726462
0.997655
0.857143
0.592408
0.431275
0.6535
0.444048
0.47218
0.567515
0.552867
0.218612
0.942818
0.267995
0.632556
0.638708
0.665569
0.263313
0.350569
0.785868
0.917135
0.206584
0.648846
0.888145
0.454021
0.642414
0.85719
0.201114
0.548324
0.69875
0.99784
0.496031
0.249998
0.261267
0.290187
0.754078
0.43604
0.422082
0.507901
0.578837
0.28735
0.741254
0.444597
0.770156
0.544197
0.553451
0.618678
0.656472
0.410916
0.857191
0.286396
0.911267
0.249948
0.705827
0.478428
0.692306
0.570154
0.555927
0.789399
0.996321
0.209094
0.985689
0.483203
0.33497
0.747297
0.796748
0.373548
0.808917
0.430372
0.541371
0.476915
0.203844
0.427553
0.301024
0.759538
0.88023
0.920023
0.281705
0.248641
0.384441
0.404207
0.831878
0.319764
0.600402
0.844684
0.216701
0.729685
0.572633
0.320879
0.401968
0.916313
0.462464
0.504909
0.664492
0.668948
0.72944
0.495287
0.833438
0.322326
0.761599
0.847712
0.669822
0.692078
0.686986
0.914697
0.499929
0.211281
0.999815
0.663702
0.212537
0.380967
0.521921
0.781514
0.442322
0.995138
0.834137
0.887113
0.384123
0.705247
0.93731
0.662089
0.349826
0.437505
0.999954
0.933435
0.71405
0.998153
0.302996
0.334233
0.773388
0.854359
0.851097
0.234836
0.801185
0.325582
0.312094
0.610293
0.542866
0.784607
0.809131
0.511902
0.395257
0.930331
0.512355
0.81973
0.998067
0.277561
0.99714
0.630898
0.213367
0.272425
0.503726
0.774646
0.724974
0.310738
0.451048
0.65048
0.341623
0.610728
0.509286
0.868344
0.24429
0.567016
0.233896
0.747856
0.850086
0.799871
0.685773
0.609975
0.601763
0.47696
0.242456
0.417312
0.998378
0.999292
0.450464
0.231177
0.999879
0.95583
0.987272
0.975437
0.700825
0.538356
0.220212
0.837725
0.785927
0.995314
0.942476
0.544661
0.877902
0.685172
0.490207
0.98983
0.400578
0.835246
0.645868
0.632781
0.212615
0.268133
0.667001
0.859025
0.77823
0.71451
0.99926
0.460945
0.785727
0.929518
0.716753
0.949347
0.620786
0.796925
0.767473
0.345583
0.801174
0.865514
0.544461
0.28689
0.241775
0.739318
0.312775
0.384188
0.702217
0.564695
0.706233
0.806884
0.241905
0.850098
0.481298
0.635934
0.866116
0.266252
0.772023
0.899951
0.434891
0.210306
0.548721
0.728947
0.799895
0.300776
0.757713
0.426737
0.369256
0.766917
0.571403
0.98328
0.284264
0.252206
0.999999
0.623595
0.660031
0.558803
0.333614
0.817015
0.332343
0.79944
0.35782
0.61591
0.437216
0.775272
0.904118
0.562903
0.655603
0.990895
0.746998
0.332205
0.303713
0.889226
0.89996
0.973562
0.573371
0.390768
0.382321
0.658856
0.689313
0.332476
0.348935
0.744287
0.983796
0.767635
0.715744
0.637262
0.796827
0.476876
0.581974
0.997394
0.295414
0.972734
0.350383
0.874313
0.314221
0.978007
0.545304
0.534334
0.778056
0.651751
0.76025
0.660548
0.209893
0.375078
0.206773
0.999154
0.284357
0.667257
0.875038
0.896377
0.742475
0.943533
0.456272
0.844095
0.917085
0.231845
0.504819
0.550914
0.863814
0.715276
0.997112
0.875883
0.730055
0.699793
0.583609
0.623839
0.875349
0.624087
0.76789
0.233994
0.876263
0.334701
0.569666
0.713551
0.874315
0.999258
0.614334
0.833022
0.539863
0.503057
0.730512
0.555234
0.731952
0.565232
0.604813
0.458768
0.519542
0.402974
0.615203
0.499727
0.754149
0.650889
0.845922
0.373113
0.279423
0.384419
0.2264
0.721615
0.618259
0.832295
0.375392
0.321413
0.807686
0.406021
0.319384
0.280511
0.894609
0.723913
0.882
0.640771
0.684269
0.610899
0.575426
0.630646
0.429178
0.625083
0.934555
0.232955
0.741306
0.363841
0.999436
0.998619
0.977436
0.615058
0.362326
0.379443
0.810721
0.864258
0.212227
0.587192
0.726128
0.734081
0.999863
0.706352
0.929751
0.202969
0.787212
0.481498
0.206421
0.799455
0.208305
0.867975
0.969373
0.574086
0.943812
0.309018
0.784792
0.202394
0.71179
0.686148
0.65686
0.535584
0.37511
0.898438
0.843172
0.969545
0.234708
0.833545
0.621774
0.397704
0.8415
0.785096
0.909682
0.332588
0.538365
0.60456
0.477161
0.637584
0.554427
0.637975
0.923684
0.993753
0.858466
0.808315
0.820985
0.561084
0.657274
0.998943
0.884164
0.733381
0.785723
0.449909
0.352409
0.826469
0.303432
0.5732
0.76495
0.738028
0.778516
0.986793
0.430885
0.870647
0.888784
0.870501
0.278759
0.719563
0.802182
0.994982
0.310036
0.505828
0.847567
0.773407
0.711136
0.982933
0.990586
0.747113
0.238865
0.454578
0.602478
0.263706
0.879672
0.550704
0.712416
0.59924
0.681063
0.991996
0.342185
0.831745
0.791006
0.241911
0.305025
0.65501
0.49738
0.773703
0.9661
0.253359
0.641269
0.460083
0.862296
0.263362
0.323799
0.346565
0.91693
0.791823
0.998177
0.909365
0.739701
0.88202
0.459649
0.762191
0.42133
0.430476
0.809229
0.217095
0.484959
0.997486
0.713252
0.211762
0.453721
0.911148
0.780582
0.453804
0.996817
0.748066
0.598894
0.28546
0.599892
0.837103
0.710377
0.996813
0.324784
0.666845
0.657922
0.230362
0.837384
0.861353
0.859703
0.66825
0.462456
0.972525
0.260944
0.999797
0.790048
0.329807
0.765026
0.714408
0.700277
0.258974
0.410695
0.681533
0.546038
0.975257
0.865659
0.751282
0.882189
0.974135
0.355776
0.866244
0.246063
0.463467
0.830127
0.29644
0.978816
0.848207
0.880915
0.455755
0.87442
0.625294
0.999207
0.629539
0.758833
0.444459
0.677751
0.746889
0.366978
0.496694
0.497955
0.774162
0.726877
0.497161
0.621961
0.732733
0.364694
0.823118
0.718262
0.207667
0.658771
0.256958
0.756541
0.72849
0.553221
0.284451
0.721441
0.437575
0.85371
0.672604
0.449635
0.997897
0.989664
0.39583
0.267162
0.398823
0.568234
0.784832
0.8522
0.680176
0.66003
0.825799
0.640216
0.209744
0.440636
0.766984
0.295895
0.865942
0.707571
0.743485
0.688699
0.372908
0.401225
0.57523
0.420822
0.753402
0.899191
0.997548
0.853491
0.857484
0.324422
0.59834
0.837352
0.635748
0.765115
0.337171
0.800433
0.317842
0.263702
0.300847
0.650229
0.602705
0.256306
0.272725
0.378155
0.994936
0.376537
0.743804
0.285926
0.542973
0.776931
0.944241
0.769341
0.212225
0.546595
0.280556
0.815386
0.926781
0.972848
0.597677
0.687568
0.773185
0.621829
0.452152
0.37235
0.8194
0.998781
0.643741
0.873907
0.250571
0.234982
0.376779
0.338314
0.274399
0.837681
0.874942
0.639502
0.307066
0.881164
0.291769
0.750364
0.798153
0.982787
0.817108
0.784561
0.353883
0.624652
0.82355
0.360087
0.500394
0.804292
0.500995
0.896295
0.233177
0.486246
0.837239
0.777765
0.2039
0.904357
0.577263
0.964208
0.966201
0.237703
0.45232
0.706229
0.979466
0.812951
0.874367
0.810233
0.461646
0.802508
0.99706
0.332848
0.299932
0.379975
0.784605
0.306342
0.304756
0.895108
0.500193
0.679113
0.22517
0.760639
0.899527
0.571533
0.388389
0.31696
0.750374
0.229902
0.364681
0.358469
0.628547
0.934805
0.62075
0.840311
0.257375
0.399578
0.882485
0.999976
0.85461
0.381872
0.329013
0.797048
0.924275
0.997937
0.998699
0.28192
0.573394
0.998011
0.80019
0.801511
0.551952
0.228409
0.335455
0.92966
0.740713
0.332307
0.403255
0.679347
0.854375
0.251403
0.951107
0.242327
0.749141
0.439569
0.852385
0.977383
0.665755
0.841646
0.482802
0.499987
0.999627
0.521491
0.295913
0.569196
0.802631
0.316863
0.701325
0.699666
0.33937
0.795719
0.30183
0.87441
0.821747
0.257085
0.544755
0.204373
0.886836
0.482392
0.666229
0.581692
0.511306
0.231339
0.427403
0.781133
0.996793
0.802776
0.896696
0.565439
0.713205
0.867776
0.311087
0.594433
0.704339
0.871476
0.878025
0.59827
0.535314
0.302003
0.902466
0.65724
0.860861
0.808636
0.546368
0.518515
0.717276
0.702682
0.502655
0.999722
0.356542
0.236498
0.70162
0.346973
0.887478
0.800866
0.978951
0.879376
0.83377
0.230748
0.272021
0.747594
0.474339
0.430485
0.824862
0.325103
0.624612
0.87544
0.689392
0.683688
0.346577
0.314946
0.504731
0.86001
0.879629
0.44198
0.794489
0.899116
0.665407
0.491336
0.363953
0.621536
0.359841
0.3664
0.265625
0.818092
0.423266
0.70853
0.565165
0.899919
0.53435
0.473611
0.886844
0.256581
0.436697
0.377718
0.782688
0.764255
0.526874
0.430869
0.731816
0.264218
0.666922
0.70344
0.354576
0.772137
0.51015
0.879089
0.361375
0.201519
0.617414
0.393055
0.231488
0.246503
0.780085
0.928545
0.607117
0.263765
0.392804
0.721958
0.67271
0.826861
0.424689
0.801685
0.88902
0.896438
0.316399
0.94256
0.667408
0.721392
0.672051
0.251533
0.91915
0.699547
0.8889
0.232899
0.888937
0.599239
0.469545
0.245438
0.238494
0.551715
0.669336
0.730307
0.66567
0.877795
0.704058
0.875218
0.230815
0.257867
0.4804
0.356391
0.540225
0.293204
0.36339
0.421656
0.722645
0.523689
0.33582
0.994055
0.866601
0.752324
0.849611
0.599785
0.788633
0.568525
0.54576
0.644797
0.927015
0.80496
0.807312
0.788421
0.88762
0.930437
0.436959
0.204077
0.56825
0.685572
0.701727
0.55627
0.665642
0.700379
0.850239
0.31744
0.277949
0.45029
0.998292
0.894738
0.445531
0.692446
0.636859
0.699122
0.650936
0.99872
0.684948
0.362592
0.999223
0.21696
0.238656
0.381996
0.259373
0.259373
0.317101
0.622377
0.285806
0.714453
0.640417
0.794642
0.666733
0.727916
0.491871
0.227507
0.51135
0.857996
0.874216
0.817084
0.205242
0.815244
0.239274
0.880482
0.247547
0.80306
0.998615
0.87496
0.50045
0.275804
0.932718
0.272307
0.550877
0.716127
0.556227
0.756805
0.998152
0.639366
0.767506
0.727087
0.607039
0.484305
0.425754
0.912874
0.207162
0.544388
0.263452
0.346355
0.827656
0.920376
0.522555
0.818247
0.251563
0.528654
0.74998
0.333067
0.204464
0.817878
0.816414
0.72044
0.249282
0.765827
0.599769
0.54634
0.393288
0.717847
0.852739
0.751804
0.211361
0.86817
0.863633
0.582605
0.993826
0.493236
0.515397
0.785113
0.927414
0.866334
0.553297
0.356761
0.593147
0.333795
0.992116
0.450978
0.823819
0.864543
0.88913
0.738892
0.734147
0.203164
0.748551
0.930606
0.781017
0.785526
0.911257
0.751194
0.455093
0.875502
0.999722
0.771821
0.814252
0.771576
0.324721
0.802814
0.29619
0.25544
0.502671
0.785795
0.670369
0.774064
0.598516
0.786169
0.715203
0.546513
0.879187
0.611751
0.799869
0.367329
0.356831
0.851486
0.404048
0.397262
0.665513
0.978613
0.995368
0.79749
0.614739
0.737725
0.45354
0.474299
0.950725
0.906027
0.880802
0.614061
0.275799
0.399134
0.200354
0.830824
0.499015
0.639752
0.728891
0.38189
0.53958
0.967233
0.427975
0.394394
0.734678
0.838874
0.344144
0.8905
0.791255
0.819678
0.466095
0.642518
0.537499
0.362768
0.351993
0.308484
0.614735
0.999783
0.436198
0.999758
0.616181
0.706488
0.896891
0.814637
0.333358
0.287893
0.854252
0.880951
0.608136
0.615751
0.885195
0.445286
0.475696
0.259804
0.995708
0.769581
0.628182
0.915362
0.826529
0.74899
0.903805
0.76562
0.255002
0.741018
0.999906
0.766213
0.890475
0.20132
0.309126
0.466552
0.909113
0.778684
0.280787
0.721198
0.763237
0.50177
0.999182
0.822714
0.632159
0.641179
0.379238
0.374541
0.778863
0.695385
0.664292
0.83682
0.724433
0.996727
0.580796
0.753916
0.76638
0.379642
0.221549
0.777587
0.43248
0.242531
0.478783
0.203631
0.218431
0.63026
0.235273
0.650299
0.304427
0.750032
0.789682
0.698676
0.71299
0.488115
0.703933
0.444398
0.935189
0.670105
0.641096
0.666997
0.432158
0.785097
0.981616
0.978393
0.475445
0.207781
0.459695
0.274316
0.778384
0.831473
0.646698
0.402969
0.898513
0.257496
0.788114
0.830619
0.488771
0.481827
0.263821
0.833629
0.823196
0.852538
0.425816
0.456681
0.763414
0.250491
0.956793
0.799578
0.833888
0.764016
0.971661
0.921691
0.211593
0.736002
0.357134
0.636775
0.408443
0.565718
0.869131
0.997979
0.206011
0.92816
0.598196
0.349109
0.891968
0.310929
0.251204
0.569587
0.914254
0.263452
0.316104
0.852613
0.56971
0.77306
0.849163
0.232315
0.282422
0.252127
0.489371
0.343023
0.971477
0.699057
0.83623
0.728476
0.478559
0.342822
0.749808
0.822355
0.504554
0.658967
0.89995
0.402471
0.838044
0.307604
0.722766
0.77846
0.78713
0.323539
0.432649
0.799025
0.59434
0.287525
0.808305
0.302989
0.444463
0.875085
0.859007
0.332219
0.736051
0.749893
0.824941
0.330415
0.865795
0.612288
0.771574
0.317753
0.917519
0.28002
0.28002
0.792225
0.451005
0.219621
0.831476
0.999164
0.556064
0.784123
0.997655
0.806833
0.916485
0.732701
0.201483
0.999843
0.770592
0.708753
0.977707
0.798847
0.732762
0.858311
0.307101
0.665904
0.784534
0.368531
0.990399
0.417751
0.760928
0.919887
0.98797
0.660673
0.56974
0.260878
0.286857
0.606597
0.860572
0.692069
0.447358
0.529473
0.713544
0.892343
0.999048
0.383055
0.873915
0.747853
0.600428
0.722104
0.553309
0.308873
0.347988
0.204548
0.769298
0.816696
0.999016
0.769188
0.749645
0.500028
0.531198
0.853583
0.73057
0.204252
0.377276
0.991736
0.857102
0.751096
0.799337
0.498663
0.860049
0.357761
0.999624
0.653798
0.599877
0.371657
0.937555
0.990951
0.928137
0.812689
0.289057
0.829227
0.332388
0.720689
0.499753
0.797849
0.759354
0.919987
0.663659
0.970383
0.574188
0.630134
0.494774
0.517551
0.45313
0.628398
0.792233
0.649744
0.542739
0.731764
0.243001
0.266886
0.632386
0.999346
0.549615
0.62824
0.426799
0.483696
0.800277
0.899459
0.602978
0.777769
0.851753
0.597427
0.486946
0.777747
0.75944
0.63341
0.74145
0.72532
0.484526
0.269843
0.652816
0.738186
0.444969
0.434712
0.974424
0.777712
0.932302
0.411274
0.799876
0.521323
0.494046
0.206751
0.282131
0.304096
0.294321
0.405916
0.998452
0.232534
0.84584
0.511354
0.370558
0.749345
0.611964
0.742034
0.570669
0.584188
0.435998
0.647146
0.413347
0.750695
0.353285
0.763954
0.463274
0.77996
0.831269
0.33381
0.758615
0.932172
0.390324
0.980452
0.739435
0.63708
0.224018
0.459747
0.59958
0.535559
0.907435
0.43283
0.712382
0.844361
0.302851
0.219377
0.227485
0.806496
0.531994
0.799493
0.999898
0.883653
0.44163
0.486903
0.22674
0.487666
0.392239
0.670921
0.666302
0.883173
0.484033
0.557315
0.308626
0.637321
0.999233
0.240027
0.800391
0.817943
0.584869
0.218406
0.343805
0.647018
0.553065
0.915437
0.492423
0.23617
0.68484
0.72625
0.46182
0.690563
0.524982
0.802186
0.319168
0.594136
0.507638
0.348039
0.62776
0.488257
0.385892
0.884087
0.857004
0.261198
0.224794
0.279325
0.316278
0.542426
0.619485
0.548074
0.776031
0.609969
0.590882
0.846418
0.343027
0.208186
0.704721
0.483028
0.902195
0.364114
0.613437
0.924504
0.60091
0.947959
0.580772
0.313546
0.750302
0.304879
0.564232
0.699179
0.227446
0.463444
0.26365
0.777192
0.516764
0.278919
0.640878
0.206854
0.694055
0.725685
0.857445
0.545456
0.473003
0.731555
0.678048
0.736014
0.874981
0.550093
0.792876
0.640447
0.518036
0.742092
0.786702
0.571865
0.223719
0.810692
0.782586
0.265662
0.750119
0.664397
0.737632
0.303906
0.431257
0.982077
0.461984
0.937132
0.797697
0.570108
0.996923
0.899036
0.746712
0.543051
0.567876
0.999148
0.451451
0.243396
0.736257
0.887147
0.307099
0.299881
0.501566
0.845275
0.986836
0.632093
0.2022
0.999273
0.578042
0.282963
0.811432
0.916355
0.223849
0.517563
0.802955
0.868417
0.433899
0.227747
0.840468
0.227747
0.88334
0.402245
0.760802
0.277647
0.483136
0.451889
0.287321
0.807228
0.865862
0.710931
0.524657
0.20002
0.430409
0.825737
0.297
0.367404
0.783788
0.66923
0.466069
0.217688
0.207633
0.996809
0.402959
0.234689
0.205389
0.286704
0.822685
0.828041
0.432628
0.856845
0.281305
0.252548
0.969326
0.760616
0.223386
0.561273
0.678597
0.40616
0.336388
0.855362
0.217588
0.812636
0.893808
0.389385
0.922986
0.84999
0.68072
0.479977
0.63541
0.418352
0.439179
0.882005
0.61418
0.989069
0.483553
0.886795
0.995544
0.648204
0.825856
0.57281
0.69663
0.740319
0.574321
0.535053
0.5389
0.861952
0.908793
0.708358
0.556923
0.998382
0.232097
0.903203
0.349186
0.452847
0.851215
0.789221
0.608017
0.35287
0.821726
0.497299
0.696151
0.90472
0.593341
0.327926
0.262559
0.765446
0.999788
0.888285
0.58565
0.997974
0.294894
0.501595
0.557426
0.871274
0.866266
0.430978
0.257145
0.497445
0.451534
0.822439
0.919986
0.329974
0.216393
0.56059
0.338214
0.748003
0.998957
0.441916
0.886735
0.80218
0.708739
0.246708
0.740639
0.368229
0.571888
0.359363
0.828985
0.67867
0.545729
0.818086
0.594001
0.208286
0.285312
0.887111
0.439137
0.624006
0.675592
0.866611
0.498416
0.802897
0.989969
0.866714
0.791777
0.712767
0.807306
0.248632
0.435068
0.624048
0.462063
0.37014
0.44068
0.252083
0.695856
0.254833
0.791217
0.540021
0.742724
0.820242
0.89497
0.999967
0.988921
0.663024
0.611904
0.853142
0.572661
0.995858
0.241425
0.394248
0.209911
0.841723
0.679541
0.926447
0.520291
0.338477
0.637673
0.250652
0.717871
0.556322
0.612595
0.758391
0.925482
0.995617
0.792556
0.869067
0.262021
0.798826
0.91584
0.216202
0.978554
0.733195
0.691953
0.633689
0.739147
0.856882
0.585601
0.546766
0.998747
0.808869
0.816256
0.741815
0.392321
0.821624
0.93056
0.351652
0.93152
0.924941
0.880123
0.860492
0.997938
0.230556
0.313893
0.431092
0.849153
0.565282
0.856752
0.711532
0.857005
0.461923
0.89531
0.489955
0.425233
0.55526
0.357964
0.78227
0.953822
0.321462
0.660887
0.972214
0.629342
0.747672
0.3498
0.872119
0.32094
0.7469
0.289942
0.671656
0.734432
0.684433
0.861553
0.526625
0.585516
0.945402
0.804741
0.783762
0.894901
0.413869
0.832705
0.663773
0.791187
0.289812
0.550666
0.634862
0.628445
0.219936
0.665935
0.292423
0.301472
0.248509
0.916445
0.609602
0.3821
0.210925
0.988505
0.480582
0.249076
0.765449
0.923016
0.663504
0.786697
0.826355
0.845522
0.899735
0.998684
0.725933
0.890405
0.491887
0.798097
0.867793
0.9999
0.970187
0.466649
0.713314
0.999995
0.805798
0.832304
0.596998
0.567432
0.961274
0.714691
0.896353
0.681645
0.867224
0.374642
0.855857
0.99948
0.398537
0.806754
0.683077
0.764513
0.649091
0.571365
0.657392
0.273479
0.484456
0.853408
0.857428
0.84027
0.998534
0.609338
0.596061
0.325466
0.40868
0.21859
0.740971
0.509431
0.815385
0.270032
0.493042
0.992494
0.708259
0.910931
0.770832
0.624413
0.811443
0.885165
0.831472
0.249477
0.863194
0.285715
0.349825
0.984099
0.714681
0.838155
0.719386
0.204584
0.336008
0.813401
0.659305
0.885855
0.571089
0.990788
0.434982
0.415673
0.250025
0.723959
0.598134
0.300341
0.79428
0.886141
0.998751
0.290032
0.997577
0.323865
0.7786
0.599947
0.613321
0.330477
0.856242
0.595446
0.242554
0.928788
0.840171
0.371643
0.776352
0.928512
0.280753
0.652508
0.561781
0.248688
0.791802
0.938774
0.79448
0.551033
0.328004
0.66695
0.321194
0.487817
0.216962
0.716754
0.705365
0.788624
0.429503
0.467061
0.983497
0.999863
0.884861
0.264867
0.288341
0.688115
0.472369
0.865861
0.956261
0.868539
0.665712
0.872075
0.674028
0.802975
0.705644
0.940226
0.705254
0.766819
0.248791
0.99371
0.229915
0.249992
0.976648
0.81573
0.72698
0.714054
0.786807
0.887443
0.794318
0.831387
0.246811
0.92245
0.619046
0.863145
0.714838
0.712468
0.999885
0.274424
0.291135
0.2356
0.215419
0.203165
0.290366
0.682658
0.731965
0.516857
0.255806
0.514187
0.999984
0.372982
0.951981
0.311168
0.294741
0.237976
0.928744
0.97885
0.871074
0.642972
0.852095
0.929243
0.448772
0.714283
0.999933
0.203038
0.203038
0.589869
0.664804
0.200427
0.216669
0.788998
0.813624
0.877904
0.669413
0.749696
0.30576
0.768857
0.908929
0.556341
0.98183
0.214044
0.909828
0.764793
0.652343
0.563898
0.999928
0.734466
0.558798
0.872133
0.371928
0.365187
0.45063
0.677611
0.692264
0.882087
0.41853
0.575716
0.611273
0.840482
0.742621
0.869117
0.690089
0.958351
0.728152
0.247827
0.474667
0.612804
0.319782
0.755438
0.573217
0.400333
0.214595
0.881689
0.551953
0.684555
0.255732
0.619087
0.758795
0.68664
0.874692
0.584779
0.200541
0.999904
0.857181
0.596273
0.797642
0.889172
0.763918
0.680503
0.921223
0.349012
0.5985
0.581631
0.406521
0.838041
0.68295
0.442647
0.438511
0.206714
0.817528
0.265142
0.796023
0.474108
0.664591
0.893907
0.518652
0.787539
0.267945
0.692196
0.916871
0.374892
0.26963
0.670272
0.292079
0.208873
0.281741
0.516141
0.85741
0.83323
0.322458
0.5052
0.712635
0.669269
0.756197
0.786701
0.332036
0.222503
0.223794
0.277292
0.787792
0.874846
0.451589
0.978593
0.749694
0.772835
0.699686
0.412352
0.407753
0.228011
0.681133
0.666146
0.787163
0.742909
0.616592
0.404525
0.399413
0.229405
0.45158
0.320131
0.679004
0.997782
0.933194
0.289005
0.735136
0.327876
0.899376
0.815808
0.843903
0.901956
0.280705
0.923067
0.655174
0.420724
0.539565
0.506812
0.839057
0.353285
0.832209
0.706537
0.874716
0.540475
0.845445
0.538711
0.459352
0.472806
0.853905
0.913932
0.996535
0.471705
0.441133
0.80019
0.252779
0.702229
0.835776
0.763889
0.6909
0.993712
0.928365
0.57676
0.473358
0.68719
0.435302
0.317695
0.679694
0.653712
0.281921
0.999892
0.421854
0.761802
0.689947
0.630164
0.55505
0.727134
0.231754
0.378765
0.246487
0.341683
0.520109
0.818085
0.736669
0.678044
0.998838
0.437925
0.643344
0.29941
0.714012
0.249888
0.874963
0.285393
0.690186
0.469772
0.96007
0.344672
0.726055
0.345043
0.866297
0.937753
0.741134
0.516919
0.800697
0.434378
0.74095
0.964199
0.734359
0.999642
0.666025
0.588858
0.238575
0.708561
0.558099
0.869694
0.841413
0.780029
0.727186
0.69905
0.599694
0.214268
0.552058
0.329039
0.225737
0.948252
0.668125
0.916892
0.874413
0.796138
0.285452
0.995639
0.504156
0.955928
0.699649
0.767084
0.800231
0.537912
0.267471
0.432516
0.933699
0.853525
0.698296
0.882415
0.475997
0.700256
0.814651
0.882286
0.624939
0.818175
0.989258
0.867777
0.614111
0.462386
0.20879
0.780357
0.760726
0.708946
0.874812
0.741037
0.424138
0.689359
0.776454
0.674636
0.760087
0.855479
0.203423
0.902351
0.82919
0.526251
0.861335
0.645108
0.884394
0.553903
0.336962
0.264439
0.752479
0.708914
0.323563
0.34325
0.666617
0.890968
0.693584
0.511114
0.396035
0.94305
0.620643
0.678587
0.295944
0.605886
0.997211
0.491636
0.724848
0.413109
0.272614
0.659186
0.865618
0.420599
0.401303
0.662287
0.515701
0.51001
0.553947
0.620212
0.748724
0.75409
0.797571
0.600848
0.889141
0.565663
0.986047
0.912078
0.719764
0.877062
0.218722
0.836426
0.608706
0.470665
0.995507
0.60225
0.20719
0.871293
0.637017
0.481685
0.258479
0.858678
0.762483
0.474865
0.671115
0.616117
0.501217
0.844001
0.663984
0.750379
0.998888
0.409019
0.309653
0.725842
0.664898
0.999509
0.84094
0.389724
0.877937
0.657458
0.800373
0.525988
0.624556
0.494748
0.365893
0.651971
0.314293
0.353631
0.822422
0.399644
0.561512
0.774657
0.333205
0.857126
0.496955
0.780522
0.335054
0.996455
0.448072
0.316937
0.229584
0.302778
0.819359
0.389023
0.614578
0.393168
0.446716
0.313915
0.804652
0.99869
0.853136
0.797215
0.272948
0.484493
0.216602
0.74573
0.665707
0.360586
0.982494
0.916123
0.858736
0.74582
0.610407
0.533104
0.529616
0.991298
0.485806
0.874772
0.411758
0.726752
0.633991
0.401363
0.819813
0.994777
0.995917
0.912251
0.824828
0.577146
0.71761
0.860756
0.757853
0.647407
0.235256
0.829015
0.740633
0.616581
0.261641
0.429753
0.3444
0.817788
0.85406
0.782373
0.428259
0.617564
0.380028
0.923412
0.999567
0.618172
0.920493
0.387535
0.937334
0.590585
0.814018
0.863465
0.697542
0.890198
0.999353
0.74416
0.749412
0.34148
0.388679
0.830801
0.823537
0.318766
0.562142
0.440069
0.481004
0.337933
0.999981
0.757636
0.981641
0.3471
0.764807
0.41418
0.582634
0.808936
0.426791
0.311528
0.909196
0.998884
0.328225
0.877004
0.699331
0.884737
0.841492
0.472836
0.724651
0.240951
0.208864
0.621027
0.999722
0.280551
0.584972
0.625086
0.897662
0.890106
0.207423
0.913662
0.532398
0.236079
0.994082
0.82611
0.999613
0.988099
0.497984
0.986964
0.866344
0.291076
0.847438
0.912376
0.320965
0.837216
0.502392
0.376215
0.776032
0.266268
0.53056
0.631803
0.206807
0.897676
0.756667
0.650787
0.271742
0.283971
0.300181
0.745563
0.530708
0.826182
0.82088
0.901307
0.787587
0.734636
0.347747
0.605518
0.387145
0.264852
0.213847
0.296367
0.718359
0.851293
0.709447
0.347593
0.677474
0.426817
0.544755
0.857778
0.673315
0.904336
0.600083
0.220832
0.900704
0.313812
0.496245
0.853054
0.92617
0.600881
0.542196
0.317014
0.227985
0.845445
0.348865
0.857101
0.484764
0.539587
0.853718
0.594721
0.862863
0.666227
0.655587
0.309362
0.294233
0.797639
0.683283
0.519719
0.714195
0.665598
0.737381
0.218514
0.596183
0.406222
0.826251
0.745996
0.430702
0.611282
0.63413
0.789547
0.691573
0.688192
0.447979
0.49371
0.998623
0.982838
0.418262
0.542497
0.666099
0.844305
0.204799
0.99977
0.673351
0.99442
0.838447
0.613896
0.967025
0.658006
0.539747
0.848212
0.528369
0.555642
0.285807
0.846517
0.781024
0.869318
0.270298
0.999686
0.526525
0.542345
0.675748
0.345944
0.918136
0.996493
0.78378
0.854368
0.58733
0.211866
0.230567
0.742439
0.258835
0.768892
0.727715
0.868633
0.82949
0.346943
0.871701
0.299217
0.581347
0.385914
0.601009
0.508166
0.766363
0.524722
0.945535
0.854283
0.294944
0.439261
0.855589
0.208579
0.635837
0.709992
0.431379
0.295068
0.997854
0.4943
0.501324
0.609839
0.334449
0.798174
0.860421
0.906306
0.541452
0.662253
0.691208
0.476938
0.81734
0.579944
0.756809
0.578599
0.32867
0.960414
0.796299
0.769045
0.786069
0.23345
0.955459
0.698535
0.999128
0.21521
0.595314
0.998827
0.778454
0.291066
0.3098
0.819229
0.800644
0.529933
0.998295
0.59902
0.483738
0.337789
0.374948
0.633045
0.869651
0.490775
0.397983
0.867711
0.669659
0.65682
0.856546
0.882638
0.630043
0.822485
0.493911
0.710694
0.866512
0.703314
0.933294
0.320631
0.411127
0.781576
0.335071
0.343035
0.214364
0.845379
0.874895
0.483744
0.995988
0.887478
0.492027
0.864575
0.866271
0.857074
0.744382
0.557823
0.823089
0.332665
0.965615
0.999764
0.88437
0.702696
0.760165
0.429093
0.9992
0.574716
0.526562
0.527062
0.89974
0.703802
0.290598
0.312303
0.985287
0.811603
0.782984
0.431281
0.575673
0.427248
0.667148
0.603775
0.820604
0.785747
0.633725
0.93814
0.519503
0.500836
0.413518
0.682769
0.319099
0.503232
0.385248
0.347072
0.254315
0.460529
0.617569
0.75959
0.898923
0.537223
0.625722
0.749659
0.994697
0.800563
0.408273
0.547118
0.496015
0.874383
0.459373
0.722967
0.540843
0.536922
0.577358
0.873405
0.315327
0.649646
0.537602
0.92304
0.752265
0.779549
0.252418
0.47667
0.800115
0.249788
0.630416
0.460826
0.731447
0.402405
0.889461
0.514705
0.923346
0.750977
0.635314
0.473215
0.529586
0.693619
0.275568
0.242584
0.853212
0.504743
0.994411
0.687064
0.227157
0.581462
0.666201
0.741399
0.818636
0.777839
0.781907
0.850655
0.854941
0.570063
0.451489
0.603502
0.906854
0.490164
0.359674
0.643216
0.483383
0.722085
0.766153
0.66655
0.868947
0.739795
0.7654
0.691066
0.509818
0.29519
0.672876
0.997673
0.749619
0.549208
0.654793
0.50748
0.479259
0.897274
0.209763
0.54866
0.699769
0.611091
0.910618
0.668939
0.584269
0.336309
0.535025
0.340752
0.299641
0.923625
0.966331
0.823693
0.210583
0.436903
0.778236
0.733762
0.631196
0.88988
0.799953
0.295628
0.781964
0.999775
0.580467
0.722249
0.511023
0.223543
0.857123
0.817469
0.292425
0.737763
0.373179
0.429038
0.992726
0.41607
0.289248
0.472755
0.716692
0.969564
0.28289
0.425781
0.892465
0.256674
0.807067
0.381656
0.354302
0.688026
0.99171
0.834238
0.284929
0.694334
0.857229
0.786006
0.672455
0.273713
0.916229
0.554751
0.566923
0.872708
0.952998
0.629314
0.403993
0.33326
0.486148
0.808882
0.882929
0.319681
0.863679
0.479642
0.310178
0.633448
0.628368
0.365887
0.294742
0.999819
0.836879
0.413591
0.776145
0.708219
0.755544
0.999897
0.903692
0.454328
0.856653
0.342104
0.303236
0.276032
0.442447
0.666653
0.660505
0.588252
0.457175
0.63317
0.466246
0.213576
0.213576
0.449006
