0.930421
0.610343
0.341015
0.944937
0.43702
0.353086
0.877883
0.365408
0.242751
0.996242
0.336396
0.869056
0.623142
0.266581
0.821073
0.753335
0.730192
0.720523
0.920083
0.971918
0.453759
0.785039
0.852521
0.534663
0.722039
0.420724
0.652243
0.928265
0.969009
0.209263
0.626854
0.352325
0.698525
0.998172
0.6287
0.807078
0.735685
0.362354
0.608127
0.578809
0.645005
0.887095
0.729442
0.622287
0.799454
0.529073
0.621484
0.531319
0.857137
0.525689
0.933049
0.80178
0.751001
0.257229
0.337186
0.945051
0.244364
0.908766
0.234666
0.911118
0.62019
0.81989
0.401942
0.788073
0.857335
0.656268
0.969223
0.52569
0.819732
0.874335
0.575937
0.626526
0.998328
0.768957
0.865774
0.46048
0.363168
0.750983
0.791441
0.312308
0.485284
0.369876
0.372095
0.907892
0.276452
0.98324
0.776408
0.881628
0.572412
0.857081
0.655863
0.657643
0.797497
0.245233
0.71655
0.58317
0.498027
0.260439
0.667226
0.727038
0.709056
0.799977
0.7553
0.833086
0.747031
0.665022
0.999898
0.92539
0.527931
0.286858
0.375867
0.550298
0.870112
0.998487
0.41056
0.706174
0.798798
0.813284
0.312219
0.857463
0.789974
0.55514
0.582018
0.269742
0.457248
0.715015
0.883356
0.539635
0.430127
0.983742
0.283096
0.925766
0.498112
0.842813
0.635272
0.452661
0.746353
0.290904
0.219303
0.923365
0.984674
0.445752
0.304982
0.210733
0.294198
0.995887
0.677424
0.252745
0.60638
0.813623
0.534318
0.55401
0.675143
0.372087
0.251064
0.407117
0.765524
0.409515
0.862196
0.99705
0.610847
0.899185
0.754535
0.702306
0.666111
0.598714
0.917551
0.607182
0.997187
0.872707
0.816937
0.386489
0.736371
0.783444
0.752448
0.850818
0.318489
0.22945
0.259969
0.877157
0.373677
0.717703
0.642833
0.899506
0.842266
0.453695
0.787807
0.807567
0.694934
0.45072
0.643038
0.795896
0.364255
0.573946
0.533256
0.334729
0.856768
0.435999
0.659661
0.757568
0.718155
0.490597
0.501946
0.483163
0.49182
0.990464
0.234904
0.368399
0.749591
0.864406
0.252965
0.218723
0.865438
0.523671
0.819719
0.838182
0.857083
0.331438
0.500118
0.72985
0.351552
0.821652
0.73044
0.561562
0.928283
0.789817
0.665935
0.542288
0.829505
0.803511
0.885516
0.38389
0.650636
0.797361
0.243323
0.68913
0.433961
0.630652
0.866175
0.200284
0.797204
0.409474
0.882837
0.293808
0.418741
0.733192
0.753981
0.222639
0.627901
0.380196
0.843505
0.288084
0.612024
0.713323
0.716051
0.406102
0.387951
0.762186
0.729504
0.825113
0.44661
0.73409
0.996319
0.302541
0.41679
0.711782
0.336007
0.306512
0.848225
0.754605
0.653661
0.436157
0.478766
0.755623
0.307345
0.698454
0.658779
0.737876
0.709276
0.840452
0.542493
0.493389
0.998395
0.872546
0.208409
0.746943
0.858408
0.766019
0.912274
0.623559
0.296008
0.489445
0.834769
0.387958
0.999657
0.78523
0.699641
0.840804
0.217951
0.751302
0.242679
0.762685
0.740306
0.457806
0.229618
0.751046
0.710509
0.84404
0.966555
0.389092
0.563496
0.922953
0.824842
0.402272
0.654091
0.205158
0.435668
0.570543
0.775206
0.84139
0.315618
0.300125
0.819527
0.995469
0.426654
0.944823
0.27646
0.237461
0.932918
0.817823
0.95142
0.24251
0.408457
0.990605
0.308235
0.370996
0.534555
0.445512
0.715039
0.235344
0.882299
0.99984
0.441943
0.408415
0.613262
0.445407
0.548722
0.251539
0.24693
0.777268
0.432997
0.650715
0.231338
0.999858
0.635808
0.566681
0.236196
0.848883
0.911901
0.847932
0.78457
0.998717
0.748708
0.693843
0.855058
0.415591
0.65212
0.453736
0.266456
0.759825
0.698413
0.843586
0.999937
0.802574
0.76822
0.373023
0.328882
0.775644
0.236718
0.638516
0.33706
0.374646
0.76525
0.767517
0.234134
0.999966
0.999973
0.81652
0.832462
0.708007
0.449873
0.586596
0.296767
0.565939
0.375037
0.496931
0.384823
0.564626
0.593549
0.83712
0.849102
0.624907
0.489038
0.231814
0.700649
0.479899
0.56411
0.909065
0.500441
0.584547
0.846655
0.838704
0.541099
0.299279
0.995081
0.800421
0.840289
0.246652
0.857291
0.440409
0.668849
0.805172
0.83003
0.389296
0.825934
0.309444
0.676363
0.862587
0.876457
0.832737
0.598992
0.502079
0.544197
0.887939
0.415728
0.664384
0.390493
0.81679
0.439195
0.628138
0.866594
0.849425
0.640851
0.873734
0.821721
0.503354
0.806363
0.872101
0.58093
0.622964
0.91215
0.638446
0.200694
0.827899
0.92862
0.749147
0.570452
0.714049
0.221043
0.999994
0.844818
0.600604
0.764662
0.653502
0.384972
0.777516
0.918789
0.742566
0.837977
0.379315
0.606058
0.277434
0.920637
0.717366
0.90589
0.644228
0.998192
0.693373
0.919171
0.35547
0.211235
0.837488
0.259717
0.778111
0.60092
0.72624
0.332615
0.462113
0.823548
0.399481
0.695039
0.839631
0.879739
0.999938
0.546428
0.697907
0.936523
0.80793
0.517837
0.482756
0.349068
0.341833
0.749594
0.829645
0.661973
0.62692
0.926984
0.699574
0.20681
0.882101
0.914126
0.343129
0.62749
0.793407
0.80111
0.505617
0.855216
0.519222
0.404994
0.406321
0.463903
0.834248
0.523723
0.595455
0.858894
0.716035
0.57572
0.702772
0.629352
0.652223
0.236532
0.265772
0.521563
0.855582
0.708344
0.219225
0.544442
0.800225
0.750981
0.617493
0.49613
0.598064
0.636599
0.918154
0.714128
0.998284
0.510443
0.400908
0.455086
0.687316
0.493159
0.33356
0.552458
0.638687
0.758031
0.480911
0.801479
0.65637
0.442877
0.622886
0.624635
0.965922
0.525621
0.412169
0.778479
0.329329
0.928431
0.35043
0.768003
0.480039
0.983132
0.339629
0.848626
0.211596
0.756146
0.81164
0.217776
0.985685
0.944633
0.413153
0.65263
0.24861
0.260643
0.342163
0.260953
0.999984
0.21143
0.826452
0.616511
0.543308
0.997122
0.910476
0.339648
0.336645
0.732305
0.622417
0.657381
0.799966
0.322429
0.862898
0.699132
0.838934
0.755651
0.69163
0.685747
0.814043
0.99953
0.613315
0.327528
0.48997
0.506909
0.632918
0.873063
0.665185
0.256288
0.576263
0.222389
0.346673
0.733969
0.452944
0.852631
0.353715
0.234907
0.664406
0.967245
0.350328
0.300219
0.457049
0.770225
0.997843
0.572128
0.759935
0.242129
0.615584
0.50112
0.226158
0.962693
0.758626
0.634092
0.803656
0.880436
0.576312
0.924867
0.877273
0.550284
0.9079
0.652776
0.72545
0.852357
0.875
0.572904
0.547586
0.406505
0.374894
0.450132
0.989396
0.431822
0.769233
0.625421
0.799561
0.425061
0.883205
0.261342
0.998368
0.532817
0.356806
0.298296
0.608889
0.714067
0.292713
0.732834
0.731416
0.77153
0.234191
0.654976
0.412399
0.550331
0.260628
0.928557
0.222732
0.887251
0.663527
0.750655
0.877715
0.459586
0.996362
0.319373
0.497501
0.368087
0.26633
0.511346
0.809927
0.885575
0.278347
0.927961
0.737739
0.562869
0.5626
0.66742
0.700955
0.928013
0.610557
0.999996
0.77759
0.624657
0.735071
0.78951
0.438459
0.299968
0.505991
0.485358
0.633489
0.443221
0.958336
0.520242
0.734452
0.818411
0.892615
0.662414
0.717633
0.332884
0.282188
0.352033
0.426073
0.221549
0.247066
0.26025
0.707122
0.799338
0.59973
0.775222
0.475478
0.927064
0.813359
0.746327
0.889451
0.340238
0.995541
0.700488
0.490592
0.644421
0.688694
0.488283
0.662125
0.601127
0.215024
0.801818
0.876587
0.790663
0.211531
0.523018
0.812347
0.355082
0.450043
0.997692
0.6687
0.608143
0.736471
0.68793
0.39761
0.643186
0.4162
0.823374
0.631632
0.849588
0.697796
0.928411
0.99603
0.460055
0.776742
0.943785
0.249965
0.863041
0.500014
0.432605
0.380812
0.585408
0.769584
0.474278
0.861161
0.927946
0.462275
0.509261
0.218232
0.887169
0.627057
0.334522
0.371416
0.799344
0.996602
0.686457
0.783005
0.772033
0.707965
0.336748
0.81199
0.39621
0.868757
0.345029
0.887567
0.71285
0.775846
0.341567
0.99901
0.605926
0.310467
0.873075
0.991827
0.639639
0.844242
0.491856
0.694453
0.981642
0.859001
0.430538
0.667247
0.73332
0.936627
0.284482
0.612929
0.233569
0.286248
0.996148
0.444662
0.769734
0.40643
0.705443
0.654143
0.81215
0.260673
0.733492
0.93285
0.748229
0.385046
0.848429
0.875144
0.931623
0.420104
0.524846
0.364409
0.719634
0.857807
0.740319
0.77473
0.340414
0.246405
0.382656
0.49452
0.860731
0.748433
0.26954
0.496621
0.780658
0.280328
0.382599
0.426301
0.704635
0.464543
0.434343
0.718704
0.742926
0.626517
0.972725
0.912546
0.914374
0.232079
0.50395
0.566579
0.386957
0.981414
0.224622
0.229454
0.787513
0.86192
0.340789
0.224854
0.782854
0.317554
0.502349
0.361657
0.630726
0.287858
0.914222
0.335433
0.247416
0.857359
0.395626
0.521809
0.82514
0.864162
0.532817
0.321368
0.654409
0.799959
0.79269
0.419311
0.565058
0.333412
0.58701
0.629521
0.27195
0.697135
0.289448
0.518831
0.996599
0.845277
0.721857
0.870349
0.888837
0.816407
0.331329
0.751598
0.472271
0.776505
0.329171
0.223036
0.930207
0.349554
0.897021
0.748299
0.644744
0.83763
0.851916
0.696645
0.277227
0.658642
0.499679
0.780288
0.921163
0.885025
0.766572
0.234049
0.852665
0.355435
0.420397
0.842924
0.781961
0.606354
0.585492
0.725063
0.701228
0.810416
0.77874
0.259992
0.208096
0.740469
0.481129
0.976784
0.567223
0.303811
0.679121
0.442664
0.730472
0.460303
0.997255
0.711558
0.579764
0.656185
0.863282
0.689221
0.775875
0.865213
0.763263
0.778622
0.399101
0.539112
0.433768
0.214282
0.588117
0.457199
0.220197
0.79935
0.748534
0.758054
0.999949
0.660799
0.302571
0.283982
0.722919
0.251047
0.73624
0.234029
0.958705
0.505709
0.303251
0.309532
0.556466
0.544055
0.941542
0.868342
0.717095
0.999644
0.580733
0.333696
0.440218
0.660024
0.246739
0.60101
0.320139
0.428002
0.709764
0.652566
0.786547
0.777748
0.846556
0.417678
0.553291
0.520923
0.467247
0.441729
0.55399
0.67583
0.472738
0.662678
0.434894
0.650307
0.611199
0.81618
0.933285
0.789207
0.770266
0.799169
0.642904
0.361896
0.349337
0.289125
0.636981
0.66827
0.380695
0.569657
0.386304
0.432561
0.901408
0.841097
0.572586
0.999205
0.413403
0.607933
0.685761
0.359575
0.492415
0.775519
0.44935
0.891259
0.546052
0.452159
0.778878
0.547411
0.982425
0.999909
0.566124
0.398538
0.766125
0.76886
0.466686
0.47613
0.216358
0.815808
0.316234
0.590962
0.691145
0.874978
0.761843
0.681751
0.259187
0.793473
0.628011
0.494787
0.642847
0.967449
0.796331
0.577739
0.60996
0.882535
0.830485
0.999173
0.890959
0.456053
0.309666
0.704884
0.709287
0.250087
0.999784
0.929036
0.463576
0.651174
0.668131
0.855042
0.391746
0.624927
0.940461
0.987392
0.838983
0.388624
0.794113
0.999881
0.86314
0.485376
0.393835
0.245533
0.563939
0.462701
0.317836
0.883784
0.501773
0.671009
0.475484
0.859326
0.454543
0.744679
0.244669
0.407995
0.831609
0.908274
0.405565
0.710086
0.379248
0.212657
0.824882
0.857027
0.708861
0.403791
0.763877
0.766519
0.334341
0.32722
0.821124
0.911432
0.482662
0.299579
0.605187
0.507927
0.587393
0.342971
0.457858
0.457917
0.228993
0.470531
0.250032
0.809051
0.874994
0.425849
0.986088
0.846693
0.820272
0.253946
0.823388
0.853746
0.511773
0.749635
0.500098
0.3543
0.812977
0.222067
0.744078
0.41036
0.590781
0.803839
0.86527
0.857174
0.798792
0.999889
0.399771
0.677627
0.389203
0.652768
0.686709
0.224351
0.611842
0.930809
0.722277
0.568712
0.697145
0.417988
0.373547
0.916081
0.363927
0.515707
0.277161
0.882232
0.996905
0.370189
0.825723
0.751699
0.554096
0.624822
0.81229
0.833278
0.243144
0.410335
0.54239
0.796619
0.249851
0.875351
0.492292
0.49412
0.376086
0.772167
0.790848
0.843766
0.455927
0.740537
0.38755
0.699995
0.813408
0.549841
0.832802
0.912806
0.327902
0.866717
0.855739
0.760434
0.387415
0.73144
0.227641
0.283604
0.501493
0.767964
0.828055
0.281687
0.681418
0.437032
0.857126
0.73743
0.912595
0.375242
0.380942
0.65523
0.85643
0.74764
0.78504
0.229166
0.713178
0.998017
0.999635
0.415019
0.319944
0.511365
0.665442
0.423532
0.23471
0.276685
0.562233
0.868794
0.861217
0.769309
0.903742
0.718533
0.993916
0.373283
0.750474
0.614331
0.866564
0.714259
0.433345
0.500505
0.428733
0.807653
0.812587
0.999829
0.873858
0.857546
0.374444
0.407708
0.513613
0.581873
0.352658
0.633507
0.400262
0.821619
0.207749
0.998126
0.470183
0.307119
0.85115
0.857547
0.858051
0.567054
0.830483
0.610702
0.297392
0.272701
0.733156
0.219581
0.754769
0.528544
0.787239
0.260917
0.326786
0.602736
0.975884
0.772018
0.815699
0.981324
0.638599
0.536073
0.453919
0.990828
0.606608
0.785765
0.286017
0.227312
0.289321
0.267335
0.834324
0.993303
0.58981
0.919928
0.617437
0.428607
0.820745
0.448609
0.828522
0.714716
0.498402
0.490582
0.847485
0.76048
0.351149
0.309998
0.805066
0.552744
0.989277
0.303232
0.583504
0.653252
0.774381
0.680998
0.712971
0.437899
0.995958
0.718294
0.305024
0.85602
0.873588
0.46663
0.594232
0.870409
0.288842
0.560601
0.727036
0.26798
0.357265
0.885828
0.415469
0.605576
0.594986
0.7582
0.341521
0.448225
0.998148
0.331684
0.881682
0.22639
0.786561
0.657174
0.937561
0.718531
0.818852
0.71406
0.968922
0.588095
0.212483
0.366683
0.800777
0.505748
0.899527
0.728389
0.893123
0.220191
0.924633
0.213201
0.367429
0.557201
0.560387
0.387767
0.849802
0.476121
0.874817
0.703713
0.499169
0.416699
0.634257
0.577923
0.22561
0.881983
0.900415
0.828429
0.410202
0.237826
0.622851
0.866572
0.873839
0.998442
0.563495
0.3283
0.673134
0.691602
0.999628
0.382341
0.683031
0.397063
0.975406
0.204098
0.392725
0.53518
0.517112
0.80507
0.538752
0.859253
0.400414
0.596496
0.933339
0.822198
0.824548
0.359673
0.48646
0.758162
0.342105
0.783879
0.542215
0.591277
0.258557
0.616876
0.802415
0.382012
0.856873
0.542873
0.746031
0.856933
0.924747
0.416588
0.29508
0.998738
0.910641
0.609109
0.833585
0.647073
0.363305
0.947154
0.245964
0.808272
0.257509
0.57752
0.298198
0.436458
0.436458
0.589057
0.538103
0.337947
0.842036
0.657364
0.407013
0.666812
0.665483
0.302586
0.358748
0.27152
0.445537
0.283914
0.818883
0.851763
0.974497
0.567586
0.999651
0.216154
0.811456
0.869439
0.545849
0.920837
0.814289
0.589478
0.701524
0.88592
0.889378
0.63106
0.781108
0.68441
0.998002
0.998888
0.437354
0.855034
0.605645
0.707818
0.600993
0.633117
0.332115
0.267405
0.645851
0.487819
0.442922
0.306064
0.843173
0.263253
0.505208
0.598325
0.666621
0.323898
0.225777
0.586905
0.666214
0.592117
0.99908
0.22009
0.288948
0.301455
0.928217
0.9948
0.388483
0.489708
0.51898
0.857497
0.664124
0.996366
0.868859
0.838938
0.401526
0.865084
0.803305
0.346296
0.866743
0.442308
0.928374
0.86639
0.611066
0.996553
0.670521
0.836756
0.352757
0.917573
0.953976
0.927576
0.789223
0.987048
0.802543
0.776358
0.926827
0.243805
0.999917
0.789519
0.76524
0.267017
0.692906
0.336902
0.547954
0.767456
0.553155
0.798414
0.812071
0.687525
0.999557
0.806621
0.579184
0.999601
0.622298
0.931632
0.719804
0.742444
0.293281
0.442893
0.723727
0.328533
0.923397
0.615922
0.569682
0.4293
0.490186
0.44077
0.898756
0.687335
0.466628
0.401475
0.773053
0.930265
0.927164
0.699216
0.607264
0.7394
0.672015
0.276162
0.498356
0.350052
0.721083
0.76798
0.816065
0.255571
0.280953
0.853212
0.490352
0.916136
0.512431
0.28494
0.492773
0.937361
0.875128
0.563446
0.547037
0.87529
0.598881
0.766372
0.981807
0.229916
0.660426
0.588152
0.497088
0.364643
0.255659
0.994396
0.694718
0.692788
0.880427
0.75876
0.332791
0.331408
0.770184
0.244879
0.768145
0.948792
0.376976
0.359374
0.652705
0.555257
0.200171
0.494722
0.86495
0.850374
0.666758
0.478138
0.713144
0.636984
0.898132
0.297747
0.7673
0.875749
0.533315
0.265429
0.777556
0.301119
0.233115
0.828455
0.356824
0.392779
0.685697
0.679218
0.476811
0.451583
0.717624
0.492621
0.605681
0.410408
0.203187
0.984332
0.367321
0.206533
0.693389
0.913915
0.794076
0.443248
0.749905
0.658656
0.6552
0.216355
0.63516
0.256762
0.418011
0.665476
0.716353
0.827319
0.347734
0.799703
0.667881
0.361739
0.888042
0.999873
0.856718
0.433669
0.824716
0.776157
0.800694
0.665966
0.986105
0.310321
0.253925
0.476915
0.842538
0.855548
0.781788
0.488435
0.874958
0.858588
0.626125
0.930225
0.639907
0.726389
0.250509
0.751519
0.997986
0.32897
0.770658
0.511317
0.853411
0.450666
0.378392
0.730937
0.925
0.530863
0.59313
0.664613
0.783684
0.487117
0.748272
0.588605
0.726137
0.886342
0.403634
0.729333
0.373714
0.70127
0.750008
0.43295
0.85711
0.89672
0.857124
0.283274
0.337086
0.379769
0.643699
0.806276
0.571238
0.46279
0.268618
0.99858
0.200509
0.323026
0.966936
0.242792
0.798727
0.714205
0.961684
0.867219
0.510833
0.889462
0.258125
0.214273
0.679989
0.438106
0.589921
0.766868
0.999894
0.283565
0.498605
0.314002
0.772987
0.578674
0.916437
0.998987
0.889491
0.63614
0.284889
0.823918
0.932779
0.932176
0.625384
0.418109
0.880125
0.200412
0.933274
0.295123
0.552417
0.997521
0.796402
0.899677
0.778046
0.910609
0.745902
0.999253
0.309653
0.666336
0.417834
0.301782
0.666316
0.759509
0.242566
0.809985
0.667635
0.943243
0.363116
0.78416
0.669427
0.58171
0.709675
0.56814
0.543161
0.773865
0.628913
0.212011
0.792007
0.370895
0.283235
0.363053
0.423249
0.813811
0.640007
0.458907
0.621406
0.934801
0.932616
0.99355
0.805619
0.847398
0.929561
0.999925
0.911173
0.928479
0.928565
0.262398
0.458799
0.338555
0.999874
0.695876
0.717064
0.668193
0.993026
0.577559
0.316509
0.255088
0.721163
0.311302
0.908866
0.74233
0.606753
0.999052
0.802929
0.256008
0.766495
0.285233
0.404994
0.873274
0.367833
0.816028
0.740029
0.712619
0.400668
0.786159
0.754692
0.878452
0.377461
0.642037
0.901283
0.707949
0.65362
0.290982
0.256279
0.915426
0.99907
0.666693
0.320723
0.338641
0.968374
0.225181
0.565803
0.883563
0.31215
0.925253
0.78701
0.863968
0.898407
0.857131
0.702144
0.852256
0.790708
0.540918
0.875801
0.849651
0.538586
0.556839
0.821027
0.904021
0.691622
0.710015
0.703019
0.718526
0.438963
0.464318
0.510368
0.620076
0.505117
0.235689
0.357337
0.454827
0.991764
0.532811
0.21652
0.628783
0.855866
0.277496
0.983272
0.999336
0.604221
0.722655
0.982461
0.545569
0.562283
0.731627
0.908039
0.95736
0.531687
0.231074
0.626498
0.373576
0.940869
0.557956
0.655413
0.509095
0.541957
0.706185
0.260303
0.660986
0.255091
0.879343
0.29733
0.866687
0.908257
0.455402
0.23957
0.661671
0.439868
0.640511
0.241488
0.352905
0.780652
0.346436
0.860721
0.403656
0.809391
0.999261
0.560128
0.256901
0.844252
0.634612
0.693069
0.354212
0.667965
0.404569
0.759758
0.783459
0.300649
0.395101
0.721116
0.997241
0.821455
0.895849
0.324517
0.626504
0.817028
0.256592
0.4562
0.208311
0.757492
0.66735
0.436912
0.378061
0.660451
0.750332
0.592047
0.847205
0.830869
0.566661
0.678837
0.705841
0.44722
0.789827
0.595551
0.30566
0.317056
0.77681
0.396303
0.329866
0.803919
0.811691
0.806389
0.421731
0.774287
0.881165
0.830388
0.999738
0.724863
0.215411
0.761512
0.7709
0.794309
0.897065
0.777344
0.929049
0.830445
0.779885
0.691336
0.352359
0.652868
0.642317
0.916337
0.797622
0.236418
0.215352
0.768198
0.935421
0.556418
0.501709
0.570269
0.466566
0.854275
0.595536
0.774685
0.907256
0.27207
0.269073
0.882265
0.873815
0.334091
0.768991
0.999883
0.386777
0.533359
0.20748
0.900141
0.397959
0.772555
0.388096
0.468669
0.215857
0.874049
0.718365
0.855686
0.999925
0.703019
0.764396
0.608331
0.740668
0.66295
0.994169
0.424985
0.427037
0.452305
0.662718
0.509096
0.610726
0.962974
0.792489
0.632197
0.99151
0.720275
0.887503
0.563402
0.530616
0.280454
0.995542
0.881218
0.798662
0.864319
0.896826
0.514376
0.921398
0.254166
0.747889
0.307025
0.209033
0.696292
0.775083
0.302139
0.537591
0.519221
0.262477
0.529987
0.92864
0.531756
0.907414
0.876322
0.932945
0.532809
0.277522
0.289394
0.913174
0.260209
0.355872
0.420801
0.658685
0.749974
0.689541
0.799521
0.693228
0.748751
0.771799
0.857368
0.447442
0.448821
0.267453
0.636529
0.704355
0.498583
0.721274
0.344796
0.847366
0.800624
0.261853
0.563359
0.931615
0.996105
0.851801
0.366104
0.936294
0.359089
0.452918
0.319637
0.832512
0.32624
0.574199
0.702835
0.696658
0.999941
0.256007
0.690514
0.373341
0.493195
0.474855
0.56171
0.779069
0.860405
0.474928
0.999992
0.722129
0.33676
0.901546
0.485055
0.857126
0.500973
0.80233
0.37627
0.262163
0.840404
0.295539
0.519582
0.67445
0.318532
0.702505
0.415327
0.778987
0.676256
0.386212
0.701086
0.998308
0.448013
0.303662
0.628927
0.895688
0.647365
0.820141
0.881459
0.42493
0.574286
0.7313
0.923797
0.897539
0.624544
0.279232
0.633202
0.363781
0.840744
0.635217
0.446651
0.541256
0.975177
0.866733
0.452831
0.833472
0.434692
0.777368
0.599311
0.662143
0.390499
0.420493
0.271856
0.598685
0.556865
0.598765
0.378611
0.522102
0.711246
0.312631
0.233199
0.897245
0.748349
0.305762
0.349358
0.997123
0.764506
0.200184
0.672043
0.613869
0.226152
0.860913
0.774707
0.225715
0.567379
0.460827
0.996512
0.603909
0.688
0.71772
0.277477
0.323981
0.458794
0.571736
0.576839
0.241043
0.832823
0.793463
0.892503
0.726878
0.230932
0.447107
0.447268
0.690637
0.487721
0.521929
0.437164
0.849706
0.819109
0.888675
0.407146
0.459319
0.707911
0.53741
0.586725
0.876877
0.217299
0.787759
0.732618
0.560666
0.440895
0.911321
0.931814
0.539038
0.985345
0.699983
0.786905
0.728888
0.757804
0.782837
0.983099
0.288388
0.697087
0.479379
0.5294
0.95895
0.549818
0.896132
0.998873
0.573381
0.517313
0.465895
0.641135
0.481903
0.567922
0.550522
0.856998
0.286025
0.904618
0.335947
0.593042
0.282157
0.315472
0.698979
0.802597
0.839128
0.583103
0.674253
0.210692
0.572799
0.365463
0.789941
0.659653
0.263963
0.559285
0.784829
0.820657
0.401197
0.425338
0.938393
0.339321
0.328904
0.45813
0.869178
0.716082
0.692104
0.71761
0.79797
0.831526
0.583251
0.717253
0.994529
0.632133
0.919968
0.874412
0.800344
0.785206
0.253996
0.966707
0.866266
0.666367
0.637105
0.271242
0.800293
0.755487
0.735954
0.403487
0.759859
0.856999
0.543815
0.868186
0.513566
0.527045
0.856798
0.412526
0.775885
0.510391
0.692293
0.660711
0.542548
0.926714
0.251031
0.624586
0.675279
0.707443
0.99821
0.671847
0.303132
0.844732
0.888338
0.868401
0.235869
0.848777
0.858027
0.717631
0.950809
0.799258
0.57676
0.720272
0.827817
0.762394
0.866583
0.303983
0.575186
0.56788
0.755156
0.49651
0.999979
0.454813
0.450723
0.999907
0.791195
0.765292
0.851721
0.875546
0.890912
0.995372
0.27529
0.80813
0.830667
0.26988
0.328457
0.286895
0.243228
0.550999
0.689288
0.500931
0.410702
0.506176
0.425321
0.999673
0.803656
0.66355
0.470734
0.283774
0.749706
0.422286
0.534934
0.85639
0.212241
0.466044
0.776974
0.366214
0.564506
0.501351
0.421837
0.79366
0.50355
0.944758
0.826105
0.287344
0.236359
0.999536
0.832894
0.513616
0.99213
0.657443
0.313481
0.549038
0.723135
0.69982
0.882657
0.922116
0.203994
0.571954
0.695803
0.650205
0.799497
0.413564
0.697437
0.937622
0.997723
0.674404
0.71327
0.984914
0.785941
0.204982
0.395844
0.998533
0.999936
0.708613
0.829591
0.278849
0.603014
0.844308
0.849208
0.729442
0.472808
0.411792
0.686691
0.454916
0.295231
0.377453
0.862554
0.836601
0.500678
0.624961
0.630955
0.820956
0.572313
0.526857
0.476774
0.770211
0.339411
0.735696
0.488186
0.551779
0.869227
0.853112
0.467259
0.634575
0.829082
0.218107
0.774967
0.633041
0.833322
0.274864
0.836897
0.999643
0.932141
0.381763
0.361724
0.658891
0.87922
0.400012
0.828112
0.234097
0.488426
0.745764
0.647178
0.519154
0.713818
0.996961
0.341889
0.880472
0.899944
0.337729
0.400371
0.60943
0.82928
0.66134
0.750173
0.353423
0.276138
0.685171
0.995312
0.857041
0.333218
0.499902
0.938855
0.807964
0.691688
0.48988
0.556541
0.994544
0.911864
0.65549
0.611742
0.712343
0.47856
0.408397
0.503394
0.877959
0.847098
0.637059
0.249501
0.832202
0.335113
0.831886
0.758588
0.754752
0.846852
0.473321
0.713481
0.465784
0.483218
0.246998
0.983173
0.856984
0.703792
0.375897
0.238652
0.649125
0.886621
0.772586
0.999648
0.496931
0.339196
0.397773
0.645578
0.996642
0.335654
0.872266
0.535422
0.903442
0.849096
0.339142
0.385051
0.345309
0.260756
0.868314
0.747515
0.40866
0.826895
0.32427
0.626859
0.408086
0.450473
0.37375
0.719827
0.330373
0.576688
0.874251
0.5996
0.612071
0.654916
0.989475
0.71144
0.224468
0.320475
0.20724
0.60169
0.721024
0.791311
0.930673
0.375374
0.462348
0.699432
0.884421
0.674687
0.280139
0.61901
0.264119
0.437569
0.907076
0.843701
0.58394
0.651738
0.222501
0.780796
0.865949
0.24904
0.915785
0.379106
0.945925
0.313476
0.900302
0.839774
0.631335
0.69885
0.727815
0.377486
0.704609
0.217111
0.987507
0.634375
0.745461
0.671303
0.792728
0.250504
0.208403
0.233788
0.846125
0.754321
0.605432
0.770553
0.671335
0.471792
0.87567
0.497091
0.999997
0.832748
0.779004
0.625913
0.602695
0.310892
0.999753
0.450106
0.854146
0.659068
0.497667
0.69253
0.881645
0.999858
0.786291
0.741836
0.95763
0.859224
0.994679
0.989807
0.706799
0.77272
0.569816
0.496003
0.602023
0.599403
0.620784
0.230493
0.913204
0.324862
0.277925
0.859203
0.555732
0.789916
0.763884
0.812153
0.628164
0.942475
0.783415
0.850196
0.996499
0.28586
0.813626
0.930079
0.909109
0.863916
0.200369
0.610102
0.751302
0.415341
0.418616
0.840466
0.42728
0.283401
0.999729
0.821463
0.252396
0.999834
0.204998
0.719486
0.270172
0.999896
0.481658
0.898721
0.276837
0.999237
0.781568
0.279716
0.308133
0.728356
0.450835
0.424904
0.417717
0.797895
0.452029
0.834225
0.214287
0.903337
0.98898
0.29111
0.270321
0.803517
0.642005
0.852302
0.866693
0.208397
0.390471
0.427488
0.852213
0.99793
0.804829
0.832396
0.597782
0.997335
0.869845
0.921404
0.857056
0.696406
0.302668
0.840907
0.228117
0.24632
0.763641
0.963327
0.411675
0.778884
0.672347
0.693766
0.465061
0.788709
0.520731
0.956537
0.495001
0.326868
0.724311
0.92913
0.776412
0.719013
0.309191
0.73686
0.986809
0.91699
0.257452
0.882513
0.598078
0.484901
0.75869
0.499342
0.413046
0.382302
0.71597
0.656881
0.772183
0.729018
0.802165
0.621185
0.419869
0.582715
0.48287
0.275492
0.623296
0.231027
0.598196
0.999956
0.823026
0.311444
0.812293
0.800536
0.480762
0.34546
0.871094
0.800252
0.735412
0.717593
0.729891
0.785175
0.859398
0.454696
0.920848
0.81283
0.690438
0.633609
0.247387
0.653386
0.85002
0.61173
0.999968
0.992209
0.481334
0.350716
0.476209
0.443463
0.706374
0.871982
0.435588
0.991234
0.94155
0.640704
0.779197
0.296507
0.549423
0.482799
0.360792
0.353398
0.324479
0.562045
0.926948
0.248297
0.709666
0.366785
0.999923
0.251205
0.234212
0.651752
0.865983
0.607132
0.934802
0.779233
0.535226
0.318373
0.230554
0.894567
0.249218
0.477983
0.781807
0.867444
0.928221
0.709496
0.445822
0.792366
0.233036
0.762166
0.25357
0.402829
0.596107
0.380942
0.266034
0.769343
0.798627
0.251336
0.840913
0.258466
0.594736
0.208974
0.53973
0.413531
0.535376
0.885497
0.312784
0.45522
0.640537
0.528552
0.792236
0.864484
0.341677
0.555322
0.30114
0.3821
0.61636
0.241849
0.84465
0.575785
0.657699
0.434293
0.80955
0.220153
0.589146
0.671391
0.502484
0.276193
0.994482
0.401667
0.926489
0.2042
0.459629
0.629864
0.479303
0.907258
0.532309
0.995965
0.38008
0.330994
0.263339
0.662422
0.817541
0.780054
0.64902
0.286796
0.717859
0.656385
0.519725
0.619272
0.239942
0.888517
0.292313
0.356002
0.838115
0.708669
0.868155
0.348902
0.232122
0.389538
0.544679
0.844989
0.601365
0.642987
0.999025
0.746112
0.232788
0.638498
0.827946
0.807362
0.269036
0.804304
0.256593
0.707943
0.872713
0.737427
0.781449
0.671112
0.601243
0.804437
0.858266
0.25071
0.989611
0.999963
0.837303
0.86692
0.810238
0.452167
0.990455
0.378249
0.382659
0.750825
0.249349
0.998731
0.999827
0.912899
0.419725
0.63683
0.761311
0.954974
0.899467
0.228968
0.853149
0.89786
0.412732
0.840319
0.34912
0.865334
0.426721
0.907817
0.801672
0.749673
0.999964
0.805376
0.9285
0.399907
0.403057
0.811063
0.648973
0.999954
0.776984
0.311182
0.85057
0.577341
0.99905
0.984542
0.97043
0.564553
0.812632
0.938168
0.940422
0.799512
0.624696
0.974551
0.633181
0.374458
0.878195
0.668218
0.46943
0.79298
0.695479
0.909952
0.250124
0.426957
0.588092
0.200306
0.572718
0.618444
0.841701
0.941803
0.968548
0.847598
0.55995
0.934823
0.448797
0.373375
0.79959
0.587581
0.365378
0.264122
0.772694
0.573609
0.759409
0.293734
0.848549
0.424498
0.393095
0.272513
0.33385
0.622332
0.587054
0.366877
0.207825
0.269262
0.363264
0.39311
0.55865
0.481275
0.256546
0.828902
0.329356
0.605851
0.626549
0.83423
0.856758
0.546515
0.76438
0.920209
0.367791
0.848838
0.992902
0.307918
0.705408
0.365954
0.89398
0.412705
0.907697
0.484936
0.370286
0.36629
0.813866
0.789095
0.787328
0.417854
0.232439
0.82568
0.958126
0.732039
0.948452
0.556251
0.677925
0.558094
0.538427
0.84417
0.599042
0.331105
0.652547
0.509767
0.764695
0.689819
0.271746
0.866618
0.644025
0.856489
0.559211
0.999999
0.981978
0.298955
0.655576
0.699307
0.833057
0.789607
0.532969
0.861374
0.823207
0.450027
0.797964
0.439641
0.996237
0.533367
0.231401
0.802192
0.350476
0.420595
0.236602
0.997146
0.723526
0.35648
0.590113
0.535471
0.554618
0.714475
0.780401
0.35892
0.517303
0.768251
0.634163
0.322512
0.820651
0.92745
0.472046
0.672933
0.422771
0.249972
0.849227
0.797288
0.63456
0.81766
0.67957
0.78208
0.670953
0.999922
0.444777
0.993242
0.788845
0.232438
0.352094
0.749949
0.800113
0.929347
0.523813
0.832055
0.290445
0.873428
0.284014
0.342831
0.987273
0.793843
0.307061
0.82686
0.856749
0.247236
0.770497
0.445798
0.309665
0.411988
0.76165
0.927858
0.674281
0.212302
0.867624
0.589056
0.429908
0.718485
0.749763
0.718145
0.30568
0.610901
0.782392
0.996638
0.637376
0.780023
0.66704
0.418288
0.855147
0.657931
0.852941
0.664766
0.995364
0.423368
0.372163
0.585056
0.784949
0.628057
0.810157
0.330354
0.610233
0.289649
0.768945
0.579502
0.522779
0.601196
0.697153
0.239015
0.286272
0.789992
0.337199
0.847057
0.213522
0.810682
0.493236
0.83246
0.367449
0.560959
0.48266
0.857306
0.832424
0.212338
0.624625
0.781582
0.899449
0.743884
0.35522
0.566049
0.938255
0.673673
0.747395
0.817164
0.857689
0.976033
0.205418
0.269041
0.385271
0.753938
0.563019
0.972323
0.315692
0.526664
0.74067
0.727838
0.564646
0.995523
0.23124
0.612032
0.580913
0.68224
0.812954
0.994171
0.750022
0.874827
0.857365
0.502146
0.577676
0.765844
0.828937
0.598053
0.847938
0.999046
0.888295
0.99032
0.805274
0.202218
0.91463
0.758545
0.479245
0.723083
0.996152
0.740923
0.967527
0.308664
0.216537
0.967455
0.93692
0.429533
0.821017
0.994423
0.766601
0.57802
0.298705
0.998672
0.809333
0.597922
0.366091
0.866426
0.516304
0.813605
0.703741
0.812058
0.785252
0.73292
0.594078
0.73603
0.501833
0.650394
0.501012
0.23657
0.774881
0.875038
0.217924
0.241721
0.258248
0.524225
0.83487
0.996646
0.999801
0.2111
0.604702
0.792355
0.762308
0.891637
0.368993
0.301305
0.754038
0.269769
0.796065
0.340224
0.67128
0.898091
0.666927
0.359697
0.380222
0.23978
0.69415
0.252453
0.999853
0.476333
0.555092
0.779251
0.496207
0.78944
0.799169
0.865695
0.358444
0.200689
0.235031
0.546557
0.70056
0.999651
0.854313
0.246429
0.800049
0.26427
0.803521
0.497854
0.562344
0.212728
0.714074
0.201216
0.657378
0.358602
0.827491
0.254841
0.216757
0.491313
0.458591
0.424886
0.832561
0.799101
0.820553
0.794964
0.215539
0.999635
0.442071
0.618284
0.996653
0.865954
0.439869
0.804501
0.586921
0.881967
0.812409
0.310195
0.409537
0.341344
0.891339
0.359151
0.513553
0.332773
0.543662
0.627473
0.430023
0.401345
0.247558
0.266353
0.353793
0.866503
0.9965
0.341123
0.719012
0.323786
0.808175
0.767774
0.914933
0.30123
0.722324
0.648164
0.712917
0.622687
0.681968
0.566607
0.484608
0.56131
0.812126
0.22961
0.752997
0.733947
0.858788
0.72099
0.791543
0.675116
0.417153
0.786827
0.823867
0.296034
0.726446
0.685802
0.822685
0.23977
0.84526
0.283397
0.351854
0.321983
0.790859
0.260032
0.240878
0.832438
0.86312
0.716609
0.879155
0.472465
0.666664
0.828204
0.30948
0.817085
0.824193
0.250454
0.480706
0.677091
0.981719
0.838727
0.3547
0.499933
0.809408
0.518589
0.414288
0.933176
0.366489
0.98042
0.751111
0.416534
0.527656
0.599045
0.566993
0.77694
0.228514
0.224479
0.632074
0.752723
0.79982
0.250692
0.775576
0.856497
0.504745
0.31099
0.272676
0.874473
0.685061
0.780637
0.629638
0.580548
0.855023
0.44706
0.470208
0.608561
0.331461
0.784409
0.77662
0.316919
0.245563
0.453873
0.329153
0.892921
0.6665
0.492598
0.923313
0.512135
0.923092
0.495798
0.649688
0.233736
0.913293
0.959217
0.877488
0.465379
0.326995
0.874925
0.438966
0.88019
0.894772
0.923378
0.69713
0.802615
0.707479
0.307543
0.335244
0.877231
0.462145
0.822423
0.367969
0.711334
0.802587
0.622372
0.696436
0.993633
0.444585
0.998598
0.635137
0.521553
0.53257
0.666273
0.857252
0.891074
0.888964
0.252479
0.740834
0.857317
0.760951
0.561989
0.732267
0.667662
0.243816
0.67403
0.713432
0.407211
0.281832
0.656333
0.323071
0.983953
0.391966
0.357785
0.25665
0.561726
0.96164
0.204265
0.927894
0.669597
0.673369
0.438557
0.820927
0.369409
0.81139
0.713748
0.561692
0.544558
0.821375
0.859477
0.707656
0.260483
0.33605
0.221908
0.260352
0.755706
0.924015
0.998761
0.719119
0.366762
0.392152
0.37788
0.859277
0.375507
0.239555
0.2863
0.211098
0.806593
0.296316
0.237301
0.743826
0.862518
0.80015
0.69131
0.392245
0.599969
0.741179
0.530968
0.475051
0.263174
0.999483
0.890751
0.603129
0.81498
0.698373
0.563174
0.336783
0.331899
0.382951
0.737892
0.395307
0.745517
0.579964
0.750619
0.56075
0.258043
0.824188
0.806666
0.760211
0.840069
0.657339
0.410463
0.271976
0.673933
0.595552
0.276224
0.532535
0.956142
0.603189
0.881854
0.629484
0.818368
0.824788
0.601316
0.345573
0.712087
0.779794
0.56505
0.747232
0.306976
0.215471
0.759184
0.499993
0.773859
0.531842
0.456256
0.694057
0.392523
0.687988
0.495994
0.89637
0.47009
0.999919
0.331669
0.201742
0.885039
0.738264
0.448615
0.519641
0.230129
0.767862
0.997939
0.999698
0.662635
0.552677
0.80291
0.260539
0.373954
0.226765
0.409136
0.678735
0.858629
0.336816
0.875407
0.926833
0.453176
0.713871
0.592542
0.883741
0.799567
0.360682
0.210893
0.809939
0.592803
0.429029
0.471441
0.743583
0.228051
0.649693
0.229695
0.733697
0.937482
0.547972
0.846717
0.996819
0.48563
0.225753
0.246579
0.333228
0.869078
0.861506
0.999958
0.714965
0.248383
0.78179
0.999777
0.777951
0.807741
0.635046
0.515387
0.263361
0.780003
0.985138
0.930363
0.99534
0.847016
0.749784
0.352526
0.329995
0.611102
0.359744
0.678798
0.46719
0.615146
0.497178
0.92232
0.472229
0.648454
0.66638
0.799945
0.205022
0.600291
0.365933
0.863826
0.928426
0.999975
0.6183
0.523322
0.682241
0.442932
0.417923
0.662678
0.828165
0.996976
0.67472
0.500927
0.665721
0.50002
0.75037
0.657711
0.94467
0.326298
0.255386
0.534158
0.719935
0.370873
0.543822
0.66028
0.751462
0.874348
0.947139
0.740463
0.858577
0.634401
0.209577
0.737823
0.257633
0.425433
0.82933
0.205004
0.501599
0.708148
0.699532
0.523848
0.287898
0.842192
0.862155
0.666858
0.374864
0.600714
0.310298
0.315052
0.941174
0.806551
0.857176
0.595479
0.441365
0.45665
0.260677
0.556699
0.907863
0.643827
0.849766
0.716693
0.85553
0.675609
0.727237
0.936937
0.526466
0.575138
0.828003
0.211948
0.848416
0.284605
0.573755
0.83421
0.871069
0.454807
0.998477
0.852343
0.442009
0.280255
0.718473
0.78368
0.774858
0.22336
0.714286
0.419628
0.855927
0.395742
0.782933
0.543945
0.294827
0.999869
0.341399
0.80182
0.860031
0.247943
0.416987
0.778279
0.862626
0.466809
0.874653
0.330596
0.435495
0.998848
0.248331
0.519171
0.751747
0.3948
0.347666
0.548095
0.831779
0.522477
0.719525
0.2564
0.89636
0.886697
0.996111
0.923965
0.832868
0.336821
0.372696
0.752725
0.257639
0.814344
0.862037
0.999443
0.712998
0.343292
0.469486
0.99543
0.829804
0.632626
0.986297
0.546666
0.748899
0.296367
0.453098
0.379572
0.394783
0.73598
0.792603
0.258182
0.630812
0.813855
0.963091
0.3432
0.339546
0.618901
0.725897
0.807562
0.24252
0.689152
0.925371
0.688553
0.88519
0.92849
0.94494
0.898612
0.879097
0.80321
0.579091
0.452601
0.309936
0.694848
0.235053
0.59939
0.999975
0.438858
0.223832
0.835246
0.506709
0.45519
0.786052
0.823595
0.482893
0.74485
0.857035
0.856749
0.764962
0.608785
0.806772
0.883396
0.793422
0.723877
0.73099
0.254134
0.992846
0.891143
0.730709
0.710638
0.700585
0.771336
0.497918
0.224276
0.489455
0.531041
0.208329
0.778515
0.415134
0.76716
0.559542
0.415686
0.724696
0.647136
0.889554
0.486284
0.605306
0.996736
0.380739
0.301139
0.777356
0.704851
0.235427
0.669825
0.399544
0.874232
0.75748
0.992269
0.784914
0.902245
0.560995
0.976204
0.580491
0.750394
0.343618
0.721573
0.254131
0.807359
0.754986
0.999724
0.865814
0.505343
0.816214
0.236662
0.504486
0.309192
0.812638
0.866556
0.339836
0.874225
0.759738
0.65056
0.312324
0.556919
0.220397
0.833471
0.98979
0.76127
0.353293
0.864751
0.999406
0.992696
0.598082
0.814735
0.999993
0.568481
0.764815
0.541889
0.2353
0.846237
0.778105
0.410235
0.348542
0.708967
0.368827
0.544498
0.997782
0.608772
0.580481
0.478419
0.880927
0.678157
0.816683
0.597085
0.724708
0.763961
0.709648
0.320561
0.58612
0.855871
0.806561
0.846541
0.688379
0.799394
0.455815
0.758304
0.881651
0.999071
0.793154
0.748163
0.349161
0.713549
0.253398
0.266636
0.437621
0.787531
0.66857
0.506583
0.293344
0.756136
0.463655
0.359024
0.582618
0.460065
0.79566
0.25122
0.793503
0.235614
0.464338
0.598206
0.297391
0.30421
0.723651
0.208785
0.913836
0.868941
0.900003
0.686623
0.606515
0.983239
0.64929
0.819969
0.225103
0.621809
0.217413
0.722396
0.381248
0.660664
0.871887
0.985856
0.682901
0.402534
0.337516
0.920598
0.925208
0.538287
0.822499
0.559743
0.647289
0.451862
0.5783
0.722087
0.999258
0.32263
0.750006
0.660037
0.402002
0.866426
0.648499
0.685693
0.500993
0.338455
0.812484
0.663608
0.241902
0.596946
0.980193
0.663846
0.485152
0.992084
0.216162
0.282558
0.340233
0.79924
0.742324
0.672292
0.515747
0.31693
0.999664
0.750209
0.862924
0.466529
0.992439
0.630251
0.864504
0.289615
0.857306
0.254984
0.5167
0.82961
0.411784
0.302224
0.488145
0.678766
0.721792
0.779968
0.87451
0.748784
0.839204
0.528509
0.241921
0.31372
0.89417
0.914615
0.979664
0.202317
0.605411
0.246012
0.208769
0.249771
0.3775
0.53233
0.732734
0.881278
0.482191
0.857285
0.371423
0.703268
0.246951
0.523511
0.828855
0.76637
0.422659
0.528717
0.655727
0.748968
0.307602
0.36889
0.99502
0.529244
0.59791
0.438896
0.817348
0.537293
0.251524
0.996101
0.592536
0.482086
0.751363
0.730345
0.485744
0.784597
0.663581
0.750065
0.984499
0.260989
0.386442
0.354025
0.686306
0.70743
0.646936
0.477898
0.860895
0.206107
0.289389
0.224345
0.677542
0.986612
0.786253
0.874544
0.263309
0.882496
0.566017
0.830728
0.745176
0.693419
0.231221
0.375353
0.632496
0.57041
0.830763
0.499285
0.419181
0.607136
0.849805
0.840741
0.561692
0.875654
0.326724
0.411925
0.753796
0.305288
0.447231
0.239541
0.725495
0.492021
0.286225
0.433375
0.700134
0.999942
0.782904
0.207678
0.866663
0.790033
0.877104
0.761107
0.659992
0.55161
0.496745
0.801431
0.347004
0.890362
0.719113
0.902484
0.372519
0.560808
0.680478
0.311457
0.86577
0.481914
0.82331
0.505281
0.658812
0.382443
0.918283
0.36865
0.310346
0.449587
0.858583
0.933331
0.841961
0.860427
0.8707
0.787539
0.333067
0.4972
0.833478
0.778522
0.825444
0.56274
0.677046
0.429979
0.866214
0.832981
0.750934
0.735025
0.666099
0.250521
0.84948
0.998616
0.745453
0.76977
0.997353
0.266244
0.201299
0.514861
0.735092
0.548399
0.976657
0.589814
0.763758
0.595651
0.568509
0.9921
0.406774
0.774078
0.798842
0.715318
0.459335
0.783227
0.498653
0.915112
0.865907
0.999907
0.391837
0.51786
0.996504
0.314947
0.310731
0.483227
0.924468
0.243019
0.695645
0.935707
0.469561
0.397901
0.815913
0.240462
0.998177
0.291852
0.77978
0.259542
0.699807
0.811302
0.539672
0.652259
0.45433
0.295335
0.874214
0.666666
0.580592
0.35108
0.55992
0.802292
0.827032
0.365772
0.27187
0.703463
0.21119
0.557728
0.748072
0.559854
0.581492
0.856953
0.337823
0.399147
0.202463
0.69132
0.812714
0.511063
0.82409
0.252201
0.838371
0.456279
0.83123
0.805288
0.675748
0.336718
0.65617
0.459576
0.405558
0.866288
0.453872
0.855756
0.56426
0.48243
0.371729
0.638629
0.376439
0.839537
0.335077
0.522704
0.883089
0.51744
0.616344
0.899008
0.927697
0.6256
0.469489
0.878526
0.909615
0.798677
0.794246
0.845785
0.667618
0.799827
0.330296
0.634813
0.227402
0.549593
0.707103
0.80008
0.273751
0.762157
0.492729
0.997016
0.541483
0.68298
0.71154
0.558576
0.542806
0.999143
0.623627
0.500001
0.947877
0.888808
0.993421
0.998625
0.796308
0.205616
0.557106
0.394393
0.472925
0.796703
0.743393
0.461411
0.901831
0.817698
0.911179
0.999442
0.311001
0.752019
0.399332
0.720193
0.670001
0.520628
0.442818
0.999938
0.998061
0.927382
0.750106
0.743749
0.872531
0.582952
0.224905
0.996248
0.333012
0.847945
0.571245
0.537062
0.771647
0.800123
0.258321
0.603882
0.820558
0.648161
0.886805
0.437567
0.751593
0.796385
0.610873
0.30107
0.555231
0.507832
0.357809
0.50367
0.540574
0.999589
0.457182
0.833548
0.368411
0.57991
0.999908
0.668507
0.536026
0.991592
0.851739
0.995533
0.660729
0.831199
0.824419
0.346069
0.396605
0.80754
0.904249
0.774033
0.7132
0.741203
0.436097
0.409114
0.314329
0.28424
0.414188
0.299466
0.787247
0.210256
0.226132
0.875913
0.998876
0.349978
0.838394
0.625198
0.396115
0.535298
0.805136
0.704859
0.273902
0.857168
0.213087
0.433919
0.4364
0.29868
0.694147
0.521127
0.386621
0.846707
0.696803
0.520159
0.572034
0.268146
0.99905
0.834721
0.850132
0.306395
0.777917
0.237513
0.88188
0.996549
0.474785
0.836195
0.97482
0.654311
0.454116
0.999996
0.866952
0.628666
0.815576
0.898793
0.99996
0.832341
0.72742
0.750046
0.545437
0.285019
0.769185
0.636033
0.99827
0.223837
0.342803
0.634003
0.660608
0.649649
0.993855
0.652828
0.800596
0.998988
0.762463
0.8075
0.374997
0.449123
0.63927
0.839396
0.737264
0.806731
0.424248
0.810494
0.749487
0.876696
0.359451
0.465966
0.218452
0.529217
0.995641
0.757312
0.799203
0.486054
0.727246
0.81643
0.521535
0.972373
0.595541
0.419592
0.359571
0.497818
0.86515
0.686599
0.504335
0.999483
0.823012
0.898681
0.615793
0.813276
0.28145
0.663786
0.737164
0.394546
0.300545
0.585638
0.641223
0.623841
0.508772
0.485349
0.243904
0.619109
0.999381
0.254848
0.871561
0.633216
0.491845
0.35497
0.857061
0.794133
0.263673
0.719661
0.226162
0.293395
0.438385
0.782482
0.781229
0.768499
0.676417
0.750157
0.931404
0.890567
0.852715
0.902832
0.881961
0.923102
0.894492
0.368578
0.628159
0.999531
0.685143
0.89257
0.858626
0.3979
0.359841
0.33095
0.823787
0.424939
0.660492
0.890196
0.465805
0.209865
0.701367
0.592745
0.751467
0.739052
0.787891
0.223131
0.833368
0.782886
0.238069
0.616083
0.573562
0.629335
0.495066
0.746709
0.558517
0.425319
0.801784
0.999519
0.51229
0.770864
0.774406
0.230252
0.609361
0.379965
0.62919
0.868974
0.357757
0.897196
0.8609
0.495087
0.659802
0.650066
0.281675
0.486115
0.854238
0.242164
0.748596
0.841105
0.963279
0.76774
0.725497
0.713684
0.764753
0.900468
0.998861
0.260608
0.87462
0.709534
0.808308
0.271269
0.333244
0.666947
0.375741
0.408814
0.605689
0.633735
0.804223
0.469548
0.462126
0.841987
0.301298
0.329812
0.229263
0.993088
0.85669
0.714979
0.712938
0.486851
0.324829
0.225745
0.660403
0.501647
0.699966
0.909448
0.53771
0.611949
0.856673
0.735114
0.702911
0.634551
0.734038
0.834269
0.55854
0.587546
0.588066
0.379829
0.384319
0.277401
0.816455
0.827375
0.861886
0.329053
0.77344
0.441401
0.493776
0.716119
0.759973
0.636805
0.556854
0.591521
0.736119
0.736198
0.999347
0.928565
0.379486
0.709009
0.426791
0.998081
0.61128
0.626702
0.888284
0.509702
0.819963
0.85521
0.866694
0.298288
0.287756
0.448708
0.785643
0.296765
0.227384
0.907862
0.674222
0.202946
0.357971
0.291187
0.471782
0.399797
0.721189
0.442259
0.889978
0.480881
0.924839
0.890252
0.824712
0.444822
0.607278
0.413838
0.816661
0.635586
0.682798
0.406965
0.45504
0.89101
0.717782
0.666785
0.809207
0.675877
0.784686
0.44059
0.749009
0.517767
0.823486
0.362562
0.988438
0.999996
0.752446
0.250006
0.78435
0.642648
0.628761
0.289601
0.994525
0.778262
0.824777
0.761105
0.643404
0.372517
0.70303
0.728284
0.99899
0.316851
0.525419
0.59348
0.85944
0.57938
0.838739
0.58668
0.999704
0.251238
0.662488
0.680949
0.253128
0.405505
0.310168
0.735482
0.300171
0.62746
0.451647
0.488069
0.945397
0.325863
0.470513
0.523336
0.522146
0.574665
0.384358
0.247163
0.461082
0.353522
0.223809
0.571248
0.922462
0.645575
0.597797
0.250003
0.680407
0.663883
0.354327
0.694893
0.988899
0.584758
0.760639
0.848562
0.57649
0.46331
0.823467
0.702866
0.451599
0.995278
0.814183
0.266871
0.759582
0.419489
0.563824
0.660592
0.898257
0.833475
0.695002
0.787122
0.211455
0.402243
0.866387
0.63812
0.735721
0.47208
0.680738
0.513103
0.572765
0.55916
0.612111
0.789411
0.874525
0.528847
0.881606
0.719438
0.908188
0.886394
0.409064
0.596274
0.45173
0.827253
0.272486
0.459696
0.288663
0.883436
0.856393
0.304594
0.863172
0.725729
0.285994
0.58717
0.673853
0.763263
0.635993
0.767982
0.992586
0.22259
0.999796
0.29028
0.800107
0.688722
0.261213
0.507688
0.9084
0.999996
0.682963
0.39086
