102.442
-30.8835
-54.9506
138.284
187.949
-43.508
41.4305
71.6519
48.1624
-79.8972
67.9205
118.382
38.89
106.643
27.8147
45.9917
-37.1912
33.7233
102.108
209.955
8.54191
21.6626
-97.9184
54.4224
82.2437
59.3202
153.73
121.337
-59.625
40.6468
104.263
64.2808
171.026
97.1839
35.3659
-112.213
73.083
-141.612
-110.718
-53.6968
62.6216
151.987
29.67
-98.8129
-123.212
-94.1123
18.2943
-57.9002
194.622
44.5858
33.9423
12.805
54.8223
175.42
114.387
256.216
76.1233
132.277
127.211
236.785
38.6463
264.986
-162.778
96.5575
27.555
-121.742
210.377
-352.791
101.137
-181.735
169.204
22.3836
26.7821
201.82
-83.3447
33.1583
221.563
32.5345
-43.8746
29.7389
11.9316
18.6769
-64.4446
259.628
28.6661
167.322
72.4771
22.9605
-39.0405
45.5334
56.372
-58.2079
-103.496
27.9297
-78.8243
-353.631
160.556
7.11005
81.1358
41.6367
11.858
281.886
74.9239
194.358
14.1143
97.1744
36.3856
28.411
144.772
-53.0178
47.525
159.272
119.854
-109.638
-37.8507
-109.488
-201.177
222.152
332.792
-71.4378
-77.5919
37.1602
67.7177
20.9851
-63.3892
-58.5107
141.4
10.0982
132.225
21.5149
351.781
56.3606
-130.26
18.413
-155.052
90.6889
-204.224
5.55707
18.659
71.7015
-68.4404
116.596
41.5193
-326.467
104.31
-212.436
-315.32
114.094
30.886
100.006
101.208
308.479
46.9594
28.8517
-242.37
18.5475
114.162
-228.571
131.214
26.7753
128.73
-107.105
142
91.7312
6.35858
31.3153
304.394
-63.6091
-125.938
-270.156
-94.8048
11.0469
65.0667
73.371
-324.056
-225.432
124.991
37.9181
34.4243
13.3066
161.967
49.9604
-170.093
80.8219
-113.86
-76.8609
10.8284
-46.498
-101.896
13.2243
49.286
137.771
17.9152
8.61182
57.7694
-246.637
249.387
136.977
11.4597
113.718
128.444
119.214
-83.5161
50.7769
-135.037
-51.3691
-68.8715
112.925
20.8094
150.122
62.8123
-78.9235
40.1125
-86.6178
346.923
53.3833
50.7494
-53.8366
-64.0483
23.4672
337.778
15.9958
181.053
24.5314
11.3864
30.0366
-55.1638
41.8221
72.5649
-126.609
233.268
36.4816
60.0528
59.5309
191.887
112.123
153.398
341.504
202.382
68.5174
69.9479
231.418
235.191
-47.1243
-58.6435
63.7294
2.48256
16.5575
164.132
91.0505
-195.007
17.9176
-323.923
8.09072
30.1008
-5.79571
-110.037
-126.832
27.3549
257.561
213.365
89.5142
108.292
320.907
11.4692
118.074
-114.05
262.842
-80.6036
304.092
-285.386
134.966
258.912
46.1469
17.1149
69.1517
43.1757
92.7112
28.5285
-176.05
-315.575
52.516
49.9901
144.808
169.442
80.0619
79.0538
30.7936
-98.9051
25.4463
85.0802
-104.586
-88.437
92.7452
33.4224
144.362
64.2923
-85.5714
17.4542
61.5866
192.388
144.551
83.3184
-88.9977
45.3471
106.068
127.852
-107.87
235.769
42.7278
-71.5466
204.41
33.4969
111.968
38.567
-163.296
25.6294
-39.8306
9.89684
85.8044
133.51
135.65
61.381
-57.5903
23.0464
143.596
117.66
192.143
13.1187
45.9682
132.919
49.7014
28.5688
147.135
12.191
112.684
-74.3334
59.6877
333.737
84.0262
16.7299
-73.3633
67.7445
-110.419
9.86063
-164.299
25.194
93.0322
54.0503
28.6345
-158.087
-249.055
173.846
43.9563
50.8374
142.087
110.052
21.0563
-37.0422
-288.764
-87.3128
81.2278
-58.8196
68.4122
-62.1322
-70.6183
140.693
-92.6829
70.5896
-245.52
179.677
45.6875
44.6605
109.791
44.1227
57.859
-95.9603
91.9289
34.861
47.6234
67.4957
-205.24
315.886
10.9036
58.3573
-42.0809
104.907
-117.141
14.5966
109.432
115.206
-62.6177
184.535
20.493
255.697
94.3634
136.54
278.157
-116.705
-112.603
15.9866
98.3435
-60.1923
94.0821
-325.822
124.323
133.53
41.6188
75.5871
-28.2615
76.3312
10.6264
79.7434
-222.278
-93.5841
78.4587
264.164
-23.2992
79.079
40.847
-189.871
18.2263
42.5746
9.34418
44.5046
76.6436
11.6872
187.274
112.083
6.97733
155.447
331.105
94.4046
50.807
21.4637
80.1967
72.1217
50.9968
30.903
227.478
65.5547
-59.8381
28.233
95.1934
32.78
-110.481
45.3784
68.9946
34.7856
138.472
58.4554
139.497
130.101
38.8871
138.37
79.5711
121.491
77.0436
18.7352
-76.7948
26.287
18.8708
45.3293
29.2452
84.0094
-351.653
63.164
115.077
149.893
-76.3308
-76.3377
26.3005
44.1603
-343.323
9.8571
36.3158
25.9359
-342.926
-78.7475
-106.433
-70.8042
-245.648
72.6041
36.85
66.2371
9.24955
247.196
70.8137
144.002
-170.617
-6.16872
190.097
241.507
-141.648
328.148
103.831
244.048
-222.371
108.766
58.1807
105.578
-117.383
176.783
18.9028
-77.0983
125.946
92.6131
-89.9643
103.923
-59.1811
-41.1838
65.7536
52.7168
128.975
339.653
-134.682
80.2645
92.4058
22.6962
-130.246
-144.367
351.025
-230.55
38.7834
65.2156
28.5382
107.282
68.6213
148.197
47.5609
-159.016
-48.154
204.791
58.2433
-252.937
42.4257
150.514
168.897
178.29
132.551
-48.2039
195.81
35.4378
82.3846
-69.5363
189.273
38.0347
-126.079
47.9157
-352.779
30.4298
26.6662
54.3566
-65.0107
-48.9071
-277.989
9.06979
53.0217
221.464
86.8831
62.2608
157.912
-224.544
305.465
-16.6698
91.835
-111.115
119.945
89.3782
177.856
152.056
-57.7324
37.0181
-120.039
83.893
78.7813
67.1566
19.6663
15.1617
296.033
-96.5405
179.822
57.5675
-109.001
97.2291
87.7987
39.007
131.785
-94.2356
67.2616
17.1302
43.5596
67.2757
-117.458
22.772
-153.82
41.8534
351.858
55.6721
14.2102
-60.4647
-143.355
30.5885
65.0163
30.3532
67.9071
173.732
-127.944
143.086
12.6542
12.3435
-54.2284
40.4451
3.13908
169.204
-38.6973
74.2103
-231.095
71.7213
-351.579
41.9856
20.5732
33.6474
113.613
-181.552
116.475
-275.631
44.309
-111.191
141.509
-62.7046
-142.064
151.149
-45.3571
-123.274
135.756
112.248
39.5302
70.885
8.27728
89.3805
5.52352
33.5557
102.134
55.2722
-67.1303
131.465
121.644
-45.8644
-44.3334
120.226
56.5128
13.6023
112.943
11.4949
37.949
168.765
81.1762
-221.996
143.397
-64.2421
-57.0192
158.221
-105.811
-22.9314
18.1298
68.8943
26.2421
42.0526
73.1293
2.08202
123.074
52.8502
-106.575
19.6753
-100.114
18.6023
-216.036
174.408
16.7522
-150.256
33.8949
-39.5589
-84.5954
37.9726
8.74546
-59.7384
-90.3115
-93.6812
-57.2368
4.98163
79.4403
145.104
72.0598
-61.4449
59.0565
132.426
286.169
36.7358
242.077
17.3652
31.8244
143.167
-73.147
89.5391
114.611
51.5552
53.4497
-56.4398
-87.0313
-156.221
136.264
46.9481
26.8706
-87.4624
100.375
67.9778
45.9293
228.618
28.3741
169.579
174.549
161.477
-27.4713
102.496
127.963
64.5277
63.4164
109.022
-75.2688
16.1674
-40.5989
30.1364
-115.688
-167.724
30.0879
-51.6368
47.6234
-353.629
-72.9469
63.3046
57.3853
242.478
109.815
221.48
72.9042
-151.764
26.3761
12.3931
61.1865
-56.2284
51.7283
50.3151
316.971
-51.4975
243.524
-114.987
21.05
187.756
-91.0031
64.957
151.459
54.7484
-77.257
34.9155
350.949
-182.902
147.679
-37.2897
69.644
156.916
145.926
58.6756
63.4994
11.7546
115.54
74.6837
81.0273
288.371
14.1696
-56.5453
103.24
50.8742
22.1634
102.268
43.3312
346.901
21.6356
-165.763
31.7954
180.781
93.6169
-121.585
41.6791
14.5603
11.3489
137.491
33.5417
117.759
-85.5983
-71.6647
134.696
187.17
-52.9266
70.2724
-117.864
351.853
56.5583
-75.0711
20.8777
-79.7461
-97.2174
82.9721
-65.0773
-126.481
192.6
12.6611
202.024
177.879
81.092
248.604
67.8698
-76.0539
130.748
159.58
43.8102
28.7092
7.6751
-39.3168
38.1595
-40.4
160.546
39.8603
26.5215
-104.62
316.278
32.9571
-45.9061
13.0142
128.099
9.00051
17.3258
27.9481
30.8884
-173.819
10.1572
192.582
181.062
-124.932
117.063
351.929
24.2266
224.944
64.7762
-101.263
47.4108
-47.2378
138.624
73.6629
-158.439
-49.4174
34.4148
-119.253
100.23
320.458
99.2261
-96.3156
-12.1105
11.4173
72.4044
-137.724
-55.9706
99.2788
105.382
53.7014
-147.997
23.6252
51.3172
105.997
79.735
-141.855
58.3026
19.618
28.816
36.7439
-53.2226
78.0082
50.7169
-58.3547
26.8363
29.8504
-191.257
172.886
69.6387
51.5327
70.9083
-46.2743
64.2131
98.6807
102.693
43.7105
-324.272
-35.2495
-115.258
63.8237
139.672
50.7391
29.5986
64.8706
210.316
161.306
-36.7964
94.4253
49.5488
124.227
-71.2321
9.53161
82.3333
167.831
-109.736
74.7625
104.068
27.2077
157.83
-12.5966
241.981
71.4877
-231.043
-293.066
78.8847
123.23
-204.303
-129.448
-73.198
65.0471
-97.6517
73.4559
59.5962
-184.229
-176.49
72.3984
8.79659
16.5291
83.0207
-95.055
-40.6288
156.219
-103.954
-10.5945
116.61
-149.728
-219.48
6.51169
117.439
-104.488
54.2524
-170.739
44.7278
132.127
-24.7256
56.0873
6.89939
-112.219
37.8769
76.0986
38.1961
19.6327
136.71
291.36
209.238
352.234
81.1227
88.5492
27.0871
-143.964
-140.838
94.2038
-118.794
232.469
-50.1773
91.2847
48.0866
-80.4232
39.0395
54.9668
312.608
54.0417
51.3899
290.862
17.1924
51.2529
114.425
-277.905
64.3223
119.497
-237.55
28.6432
322.519
45.3448
149.844
69.6333
213.562
171.13
15.666
24.2291
74.4085
10.5269
-52.7836
-68.0207
-222.664
37.2145
25.5116
49.3245
55.0003
44.5684
63.5125
92.6414
-79.7722
60.0982
-68.5005
114.996
33.8501
28.3645
-145.668
178.774
-83.7047
49.828
-53.7216
-113.217
-86.2161
133.821
51.6711
68.9141
99.9473
-90.7263
-120.184
-7.11997
10.0437
-35.4453
-89.6699
56.6602
-47.8196
81.7928
84.6895
94.2461
83.4023
-188.259
102.954
8.85406
196.488
-124.808
71.3921
165.358
-132.655
143.951
46.4587
128.469
145.985
191.594
-45.1419
81.1344
102.117
25.3006
-46.0457
-75.4064
195.473
2.12864
77.2827
-96.3183
-89.1586
77.9256
13.8892
0.258761
234.583
147.989
-47.7161
264.891
33.213
163.965
134.537
-36.673
88.0381
27.9707
60.7885
83.7206
46.5094
-70.6208
-112.609
20.3951
45.3698
-311.121
-57.1445
-142.698
-62.7619
-52.6801
21.4083
224.627
87.8145
-99.1047
76.1292
-113.399
-87.1077
15.4835
107.36
78.5484
54.36
69.1831
63.9206
44.7305
285.376
41.6555
148.844
92.8801
-73.6997
38.6999
12.4224
45.1191
27.8215
22.3732
87.4749
-87.2641
-103.114
29.2273
277.188
159.71
122.332
-106.621
188.394
83.9178
309.336
-140.306
72.7438
88.1832
178.557
31.0013
27.6549
20.6139
-89.5458
12.7962
55.4655
74.9518
19.8146
72.4096
311.256
-285.805
-15.9633
126.978
122.572
-44.2144
146.588
-105.576
100.995
246.084
30.4837
166.093
7.48176
53.2004
7.30601
327.954
-125.059
100.375
34.8497
217.684
33.1617
21.3289
25.6803
28.2128
351.133
-40.6457
154.413
173.577
303.061
-180.317
53.0815
90.0226
-57.1184
173.777
13.5674
32.6798
71.3063
78.5784
-44.3908
10.894
149.576
192.613
26.0614
132.788
183.701
-85.0285
-61.4506
98.3477
48.1818
38.0199
88.0682
-103.777
-210.807
-77.9823
33.4098
-131.079
98.2923
42.3811
97.2091
105.844
290.677
181.615
144.359
60.2515
-47.3536
167.2
-106.765
-152.402
216.821
90.524
47.8323
18.1965
-149.504
207.737
-305.669
-77.6715
204.604
-98.8795
-276.654
55.5802
-58.7456
7.32783
11.09
80.8554
88.5584
37.261
24.7081
61.3079
23.8352
27.9769
-172.363
43.1888
69.4513
-175.459
27.5433
76.8249
201.53
129.775
351.041
14.7601
-29.7236
-165.471
47.2814
15.6535
-167.079
73.0983
40.9305
88.8474
-109
153.204
17.5332
123.783
88.0854
67.5036
123.682
79.7386
25.9086
339.056
38.7228
150.421
8.38536
194.221
137.644
38.6362
220.635
125.523
31.2371
18.0342
-45.2482
95.4774
-145.795
-142.71
44.8657
30.8835
-173.516
119.385
210.314
53.4909
-232.157
45.8596
139.002
63.6954
-143.864
212.32
-114.867
81.5872
166.899
34.2601
249.589
29.4773
131.857
207.932
52.4169
60.2988
17.9179
54.3426
6.05056
31.9544
-37.3497
320.41
-102.308
222.609
219.093
-109.007
208.114
-77.4884
25.3915
83.209
-139.652
9.38304
196.807
-124.101
40.4287
-87.9163
-54.5931
13.2847
-49.9314
-332.549
103.619
-54.7139
38.7409
44.7917
-74.9615
-109.411
25.5247
12.5972
134.842
-40.0807
-42.8457
4.6757
66.3832
44.2734
-219.371
-101.265
13.5265
195.701
113.235
20.845
35.4394
109.818
-130.559
-163.52
351.716
23.4532
-266.364
22.9173
147.654
-97.198
-154.036
193.386
322.49
105.45
71.2767
45.5504
11.9126
96.3208
194.934
53.8426
342.49
112.849
45.5814
25.7279
15.1473
77.6665
-80.1651
132.715
-76.3783
156.361
-27.6767
35.6413
52.3727
-220.693
-330.146
149.635
178.414
72.2757
133.707
-66.6986
-252.075
5.19001
90.2176
-43.9447
-100.588
3.25586
160.564
47.3945
151.839
-86.5967
60.1662
236.845
93.3458
37.3379
-88.3334
-15.9604
26.4389
93.5539
-59.6411
321.998
-38.8875
-132.684
-210.737
214.569
92.4198
113.655
-71.3266
157.332
131.734
6.47097
-224.136
-53.4734
106.237
39.2948
-58.9987
-156.413
59.0157
123.46
52.3823
12.6195
13.4519
140.834
89.31
52.5865
28.1373
6.44536
-100.853
79.9111
94.4668
-53.1201
44.6418
97.8594
24.9896
25.7075
105.195
242.162
72.5024
88.207
21.421
52.3041
16.4672
145.06
12.8628
153.065
-133.496
14.9913
-98.2441
-81.3836
-135.296
26.7831
74.3944
84.2926
-190.55
-94.4469
151.096
27.0058
98.7183
133.7
-75.7646
138.695
22.9871
-91.1218
7.62429
85.0215
161.668
2.18042
48.4364
-83.2532
77.8159
279.474
-5.70007
-39.1751
273.628
-50.3647
15.1646
-156.023
145.492
3.14963
144.776
178.472
56.7618
64.6189
30.9781
41.8911
-51.8592
131.822
9.29709
276.742
22.9509
45.1045
22.9567
130.368
9.18099
-120.129
95.8992
243.513
-200.27
43.4138
28.0301
24.2883
-52.3439
33.6469
48.5716
207.902
10.2844
-87.5024
83.2689
44.1512
30.6489
125.607
30.6977
13.3412
35.2277
201.017
23.9675
1.75322
72.3389
-198.933
-29.2972
32.1974
163.226
60.272
68.0872
-343.206
5.8042
108.825
209.636
150.975
-45.2499
-30.2003
20.4978
-245.586
92.0384
243.081
237.982
94.042
-122.918
76.9778
20.4424
62.4126
-242.367
12.115
62.7637
20.6688
-250.602
-329.412
-52.5128
-159.847
-79.5872
-40.3715
-56.9023
52.8844
197.275
62.1301
138.867
-226.855
125.239
114.722
39.109
51.2228
-50.435
-112.869
57.7911
-105.971
10.6348
15.6694
23.1186
-91.393
46.749
41.1514
147.811
-135.979
72.4982
14.9864
150.606
70.2937
-100.69
-52.9515
41.7757
142.363
193.017
14.2359
-36.359
19.7891
133.322
60.5871
64.33
63.2549
197.461
-25.1315
19.9134
15.5497
231.15
-324.161
136.127
-132.099
22.3782
-68.9938
44.0065
74.7926
41.389
124.511
34.6313
-286.395
93.4395
198.107
81.7947
-235.234
46.884
179.512
94.871
-126.089
242.963
15.2673
-121.629
86.095
-59.6642
12.1645
-187.035
19.9667
-149.064
-66.1195
-122.658
-128.985
12.4695
13.5868
40.1684
67.478
66.5154
-122.093
-259.132
-64.4383
-70.3957
41.955
-182.477
-95.2815
50.4457
-41.7689
-173.515
200.148
327.178
41.1345
162.042
-239.829
35.6701
-131.201
198.44
88.8635
184.527
213.663
-51.8311
29.9142
-187.266
231.506
51.6404
28.9576
202.732
124.212
19.2737
-65.7084
47.6329
-54.0461
325.359
-174.559
48.199
57.1893
18.4964
-61.0668
197.223
54.4497
110.954
240.196
230.077
39.8637
96.551
20.0577
-274.773
294.298
129.127
57.8871
88.4822
59.9204
56.9745
351.864
117.159
53.3156
-111.927
-64.144
-95.7486
99.5692
73.106
84.5151
67.6842
95.4468
19.1858
10.9296
-64.4102
69.822
19.4721
7.4924
265.107
130.109
110.48
172.869
-87.7222
25.154
65.9919
260.081
-47.2544
17.689
147.815
32.2119
21.6458
-71.6087
69.6679
124.045
-106.094
225.28
-82.9648
54.5101
-59.9761
48.7004
58.8288
-189.275
299.068
15.6779
73.9889
17.8741
329.932
61.8532
78.2326
24.7216
42.4675
-99.1417
-76.1476
-37.5467
168.296
29.3545
174.295
170.401
-32.4301
230.572
-30.0778
37.3958
31.0979
51.3394
-218.577
-142.547
-39.6768
35.8284
100.412
256.306
140.44
-67.4245
33.2777
59.7269
4.55181
-73.6557
56.0289
173.197
256.9
65.4112
-93.2948
40.7839
6.61373
-43.7111
130.812
32.8804
-162.876
77.2898
6.57836
69.06
188.133
118.407
21.9279
-87.599
74.0646
-69.9832
-154.774
2.91673
66.9497
-146.36
244.473
49.8643
63.3435
46.7668
64.3313
149.92
20.9048
-59.0396
83.3281
141.274
50.8059
23.5398
351.699
63.1715
5.77904
19.0906
-140.378
100.012
204.971
91.38
101.861
78.6484
67.5959
-89.4716
9.70729
12.667
-150.153
-13.5465
71.421
101.399
56.5792
48.441
101.917
35.223
79.9721
-126.964
56.4406
38.9951
263.958
-82.9283
-79.3916
-60.1117
43.8964
-203.668
34.3076
-166.242
83.5822
-107.192
-77.0401
96.4126
33.6843
6.09346
73.7865
96.2159
48.1224
-142.353
-84.9603
25.0915
351.853
327.387
96.1691
37.5333
115.812
9.96105
-201.976
-64.3471
-56.7041
73.9432
-70.9072
-126.038
151.399
-210.484
-153.976
33.2011
43.8719
100.674
26.8181
202.89
-58.2791
70.8068
128.84
17.7346
78.2288
53.0849
60.3315
26.7609
-66.5981
60.6558
21.6535
98.3845
176.658
-48.0352
66.902
-140.745
132.969
61.5492
80.9442
-81.5374
352.412
213.221
52.445
77.4698
-158.778
223.375
31.6889
91.1188
-146.796
10.5724
45.9096
110.133
274.913
127.264
-96.7929
15.0126
87.932
89.2085
-62.5481
-109.803
108.256
44.0291
97.09
88.5227
61.0711
78.2614
-37.6099
1.89479
-60.5817
-303.942
21.3559
71.9089
49.7609
26.2797
21.3018
30.5018
64.7579
20.642
59.369
15.437
23.9192
73.9522
8.20685
195.385
10.784
46.4635
28.9104
-126.571
195.634
105.456
-40.0986
-238.448
-41.3664
98.4194
-111.423
16.5485
122.326
75.5798
64.13
-290.337
21.7974
41.6709
10.3586
14.2131
39.3707
-74.4466
-78.3137
90.5454
43.64
48.5933
94.5847
25.962
-116.733
62.9205
81.4514
20.3621
189.809
-82.9266
95.4188
187.868
69.8621
128.024
227.282
-104.931
39.1631
23.1443
-78.6879
27.2082
4.67606
187.909
77.4832
-11.8413
-199.548
174.539
-57.7454
101.197
-72.7132
-64.1507
69.0239
93.6322
-310.125
-105.724
-100.51
41.5195
14.3696
138.056
31.5605
-37.4423
10.337
21.1274
19.1967
53.9323
116.069
263.812
-63.1191
47.858
-76.0372
127.166
-87.9441
208.842
41.7807
47.9024
-96.7273
51.4335
100.824
144.151
26.7827
-79.2409
-322.515
11.7545
234.009
99.6105
73.906
-86.2941
-127.389
29.4786
85.4648
76.2271
196.706
97.1397
23.9296
65.905
69.6029
157.765
18.4094
-36.8181
-66.7287
16.2821
116.168
-101.933
330.343
-226.787
40.0233
164.674
176.309
44.466
165.632
-105.092
-100.22
-21.371
37.9748
31.6388
-109.061
138.571
-312.206
179.826
-57.2492
168.745
113.194
4.2421
162.276
11.0168
-18.4913
151.034
6.16763
8.72914
114.641
36.9017
75.1194
96.1351
17.4962
108.389
72.2488
-60.0236
-70.7259
35.8423
196.709
-222.485
40.2987
136.89
60.7404
12.998
-109.057
76.3566
212.86
184.865
9.21971
171.658
88.0937
75.8625
88.4403
-290.786
-316.312
-185.32
36.8912
-91.6377
75.0783
-62.0539
44.0041
8.41361
-111.093
-79.3803
137.636
-164.903
45.8916
133.345
-187.202
42.8822
-76.7331
-38.8125
50.7451
-107.698
-108.635
174.291
128.873
58.4383
-55.9011
11.7324
-48.6345
24.7845
-134.579
92.4759
37.585
-144.418
199.263
-45.4628
22.1671
9.59382
-96.6886
-345.202
162.306
-153.989
-6.02951
60.6184
42.8683
29.8777
139.598
91.2698
-41.044
-34.8871
-63.8498
105.388
36.2555
-116.371
44.5551
-41.7934
35.7063
10.4355
46.4166
34.425
119.27
81.9722
78.6584
-61.9085
229.115
-289.835
308.213
-165.307
84.7752
190.017
345.269
-98.428
222.55
-77.7544
196.749
22.2139
41.299
143.762
-67.1875
-94.2347
-37.91
166.482
340.4
38.0018
59.3578
40.2462
-95.1957
22.0135
-81.1681
148.839
-147.25
-70.6553
-166.911
54.2015
111.191
-236.127
21.1108
81.6123
17.5666
110.954
78.0713
106.953
131.674
37.0431
-33.4325
26.1423
-61.4011
-76.5304
-169.207
-47.9256
55.5906
-110.439
-231.871
77.2166
32.0182
43.9949
41.6019
-86.2398
-114.053
350.012
249.788
-64.6342
145.129
108.34
78.138
-63.2886
125.074
69.9472
197.036
-116.302
49.9417
-167.504
78.6936
17.1418
84.4422
-59.0475
11.6142
-48.8823
21.3902
-56.4819
8.99287
-53.2584
271.499
-53.4106
-107.54
164.404
247.811
350.967
-127.392
-118.025
54.6061
11.7071
128.331
25.8938
62.897
17.9997
58.3417
-113.651
-66.5474
13.2691
135.296
30.339
53.3741
341.181
-41.9373
52.0161
-138.352
44.7386
-38.2713
196.235
-104.242
91.522
11.844
-117.714
12.9338
-139.986
53.8073
69.5305
174.398
9.28818
75.5658
-47.579
-295.936
-135.948
-120.709
140.979
286.885
-14.6846
31.5615
-71.8924
78.9505
93.7106
-67.0762
33.2685
71.6443
-83.9375
312.384
51.5268
-51.4212
80.4465
19.8477
-157.148
58.6276
221.628
-37.642
100.341
34.9341
-163.912
22.5069
22.7058
60.3802
141.182
110.145
303.912
44.6415
274.482
-184.789
55.3418
9.72086
76.6148
-40.062
-70.3025
62.1591
-42.7112
80.4414
37.6623
48.7169
35.4141
-102.513
25.251
185.299
-65.4607
65.1969
85.9109
-89.8246
54.3714
200.063
277.443
24.4451
21.2683
94.9073
86.9287
129.571
-168.189
299.247
17.5183
-204.715
59.6766
59.7429
9.36895
8.43684
51.6295
30.6284
162.363
49.7537
47.7404
27.8274
84.1745
99.5648
58.3747
11.1342
109.612
24.2263
238.807
97.1049
-119.036
-131.419
115.325
200.834
-222.103
34.4429
21.3223
72.965
55.2264
-130.981
177.477
308.307
23.7234
-262.602
50.9934
-145.132
46.3874
90.8142
62.5583
153.557
43.5008
-139.907
-193.519
101.84
12.9786
31.5725
13.164
57.2417
91.9435
47.2142
41.6783
-216.485
127.462
81.564
-61.1265
105.996
2.32434
-145.832
55.6755
-63.2306
-90.6157
-31.2947
-40.6189
122.769
-41.3756
46.3349
-231.049
186.203
-41.1958
28.0628
15.058
21.137
13.2869
156.557
60.9169
86.1346
-161.531
33.9596
-109.355
64.4009
-12.4546
-49.805
107.986
-56.1874
105.293
-110.728
38.5179
153.194
53.2697
39.3787
85.6109
38.2041
23.2552
-94.3751
48.9118
-33.5247
82.4376
75.3752
60.4801
-175.391
-81.4937
66.0626
206.798
144.082
-262.212
-235.856
-83.0567
143.907
70.1524
18.7556
-71.6154
150.039
27.8193
85.1393
-40.3044
62.5414
-53.3182
145.047
8.34756
134.262
105.747
33.5939
54.2517
12.0347
12.1775
29.7788
-43.882
146.861
212.532
85.7786
104.707
66.2779
127.42
112.704
12.7447
123.835
39.8219
-84.3708
242.612
64.1574
-70.2765
-147.487
88.1472
44.086
43.8143
146.352
-100.731
8.89306
-71.9098
177.999
-268.353
-82.0498
57.6138
24.6698
-90.0895
-51.5251
110.288
23.8899
19.7559
52.2446
56.2064
43.2087
-119.472
-161.966
14.169
-90.5947
21.3862
214.892
67.7174
91.0489
14.6387
20.5631
61.0877
5.03663
7.81582
-276.061
120.905
246.784
79.198
-57.6913
99.7454
156.013
172.581
-134.504
9.19637
51.2793
48.3
105.511
71.3519
106.374
-8.06451
24.396
3.35218
85.5103
-42.0725
168.661
37.8537
152.167
57.343
-63.8427
-30.9644
53.8947
348.772
199.83
-147.776
-79.3168
35.9629
59.2721
170.829
-251.077
47.6032
107.33
111.808
33.8822
104.219
108.132
121.445
62.9274
9.73636
23.2604
-259.591
-131.305
61.3778
48.2107
41.5535
54.8752
-126.639
23.7149
204.204
-68.1629
60.8485
57.2375
20.3499
199.083
37.7788
-73.0274
32.1051
75.4079
113.564
94.2089
83.769
76.0315
58.7036
-82.016
45.5669
-76.379
18.981
216.698
90.2017
-65.8326
65.3372
-49.243
50.3671
117.59
81.1644
104.104
-114.587
-33.6886
34.0241
-65.9838
-53.6458
-68.5093
-153.213
52.6534
-100.753
47.0379
49.6068
-71.6267
292.817
-161.688
110.437
101.126
-48.9841
-48.5955
80.2614
-335.978
139.27
141.041
-90.5753
82.5642
17.5018
108.852
77.4888
-139.802
-145.481
47.3022
132.024
20.9895
-94.8425
46.9717
85.0822
-86.0896
32.1906
69.3647
-73.0157
-29.7639
129.436
116.463
160.753
97.6357
-57.8596
129.839
-77.2107
-139.603
34.5022
316.485
58.1369
-164.527
71.489
100.073
-172.168
-145.091
70.4134
-60.4801
294.933
37.7209
-322.637
-109.437
86.7679
148.683
23.2426
41.8989
74.7999
8.04712
266.812
150.437
237.452
-39.7455
-133.55
-76.7907
45.3325
-331.872
-115.25
33.6054
86.2545
-110.178
44.1398
48.4473
-113.834
108.843
14.2491
-49.875
-222.265
45.4316
-143.231
50.6798
122.734
174.239
-311.043
-107.703
-229.873
-324.835
38.0531
206.85
103.229
125.061
27.2932
44.12
79.9656
5.45617
15.0514
-180.823
62.4618
50.9084
-86.335
-128.843
22.5744
-167.827
-186.178
-81.3427
-137.766
9.21287
21.1023
28.4038
73.3699
-154.447
7.59961
101.349
7.08281
66.3136
232.579
83.6937
-91.2417
94.4793
90.6488
30.7649
78.8191
-230.881
-43.8061
219.662
-124.663
156.96
-110.434
-45.9871
17.1559
75.2173
9.78599
-42.9787
22.2135
56.919
-94.5541
-30.1747
-120.423
106.728
11.893
30.3829
219.211
-64.8662
16.4558
112.97
114.439
50.0983
49.8504
86.9222
-137.36
37.9918
42.9891
6.6497
101.281
71.9828
152.411
-0.616428
77.2094
107.302
274.788
53.5055
115.299
39.3478
41.7228
-196.742
9.32981
-66.421
137.126
-247.926
71.8092
14.329
-257.084
185.771
49.7244
-83.0907
-88.849
109.92
36.207
103.023
10.7188
-167.456
24.3564
262.871
74.8419
-148.219
-98.4286
-47.4685
-51.8248
9.72497
227.931
69.7528
-184.7
121.169
119.002
56.2179
-76.9389
-136.987
-189.59
16.3925
-153.461
52.3768
45.5629
-87.4102
46.6596
46.6596
156.123
-76.6843
108.018
-95.5961
43.8739
-69.0395
73.8602
33.9918
9.17982
-55.4082
-83.1792
113.611
11.1413
-53.1876
72.0033
-110.269
23.1155
64.1144
270.164
-124.428
38.4517
18.2848
24.3153
37.8908
38.9156
183.144
-87.6449
211.627
130.228
38.8895
204.204
16.3138
5.3996
-234.929
-63.7714
-102.714
106.423
-41.9554
273.773
13.8294
-229.482
37.3854
-210.613
-330.628
143.052
27.3633
163.172
-77.6258
51.0853
54.8685
156.952
-183.376
22.4781
63.4848
17.6568
-56.6771
-63.0059
110.717
23.7053
-258.599
85.1285
51.2265
31.9357
144.255
14.2544
86.093
171.759
-191.4
125.851
49.4534
182.92
35.1496
39.7357
32.021
-119.459
222.207
59.5982
178.242
17.5325
-116.107
120.034
155.26
-61.6203
262.323
154.496
69.4311
-67.6595
216.523
-219.684
52.15
-221.583
32.335
49.3388
-105.404
-322.356
75.6517
106.62
211.369
316.149
109.534
-58.6612
18.7122
75.2857
126.177
105.183
3.51946
29.2135
33.68
-58.7603
38.6941
47.5082
60.2201
-82.82
90.416
45.7448
-59.9283
-153.743
88.2632
-223.799
33.7473
44.9826
-55.2151
217.729
40.2469
-76.9881
-63.9905
8.12161
10.7453
20.5341
-45.0257
-223.285
84.5449
9.08394
49.9767
46.4431
-285.13
-82.31
-38.7487
84.6799
-77.557
-116.734
-111.172
-102.684
125.273
-42.9801
35.9706
-27.7115
126.051
151.124
42.9152
29.7274
114.837
-62.7688
36.1332
-293.816
215.994
14.0827
121.128
19.5318
-148.953
-78.9669
-131.894
24.3174
313.515
-124.542
211.956
-80.1527
13.179
134.94
13.5673
342.268
80.5014
159.658
65.7261
182.644
10.0565
68.7655
223.179
174.736
49.8832
158.744
54.8625
-56.9849
32.5513
151.456
47.5829
115.239
25.5781
22.2799
-50.8025
55.095
18.3119
53.9309
57.79
194.497
89.1993
-174.615
246.476
182.524
236.28
48.8966
23.2211
-352.178
76.4273
-87.3213
-104.079
-261.534
20.3305
25.1312
48.3762
123.897
105.585
200.685
9.53851
3.65551
-159.331
218.796
-196.36
-148.436
-166.953
-26.9608
-146.13
41.176
70.0046
-95.5397
24.9881
-102.197
-113.09
16.4781
-258.485
15.5333
42.4195
218.236
112.464
52.681
32.504
44.1972
27.9942
222.529
51.3556
40.0649
174.453
27.0296
-68.8629
59.6537
-56.0672
113.648
67.359
-85.745
59.5229
-99.5668
113.214
-263.957
-46.2432
-297.237
37.3952
73.1462
-79.6855
46.5894
72.6838
46.3856
-159.723
-62.8075
234.437
25.8835
328.952
52.6279
99.0176
-89.8695
27.9944
-58.9262
72.8019
-87.3458
20.2308
-42.9644
-107.097
5.11636
41.2237
-47.3451
342.811
38.8188
-156.484
17.5548
-126.51
38.1288
38.8749
109.309
213.99
11.3857
-50.2795
15.7665
-46.5929
-50.3523
69.9976
-56.261
117.711
230.844
17.0393
210.304
-85.7679
47.505
-128.85
158.406
34.3601
163.318
-320.222
210.124
1.25821
12.6883
67.1736
179.813
-244.56
114.425
30.197
-129.484
22.7091
340.11
-76.3236
8.68574
110.159
62.8331
88.5638
240.719
15.5713
51.2963
22.549
-59.3153
144.294
178.666
12.8482
39.3915
2.27284
68.301
101.814
24.3464
101.854
-77.2962
91.1015
41.5828
-220.975
65.7867
6.61678
-70.2884
205.565
-65.2298
53.6078
33.4956
-137.766
-291.797
126.42
46.1937
16.285
-53.8144
25.7597
41.938
-81.1181
-65.148
71.613
140.088
196.556
-59.9244
29.2568
70.6802
45.5139
-351.796
-153.709
8.47303
80.5465
94.6127
23.5248
198.733
34.2555
40.6768
83.4443
28.6304
23.7018
31.4517
-184.722
-75.6234
57.2928
70.3049
-52.3629
44.6816
47.1099
6.93944
-182.634
92.3656
44.5716
14.146
150.643
-99.4189
198.279
-50.3216
10.295
27.876
-193.381
90.027
68.4916
22.9117
59.1994
-67.8816
-51.4406
-72.6316
16.472
94.7655
58.3096
-113.685
-158.214
-49.9856
186.006
30.3078
-90.6682
26.3302
12.5056
-36.3256
141.04
127.329
-52.4289
-69.2572
47.1933
46.7251
71.2858
43.329
24.6485
29.8848
-271.976
131.091
46.8245
68.3297
27.695
-120.597
218.838
75.7282
27.7239
41.7081
-187.598
61.1875
32.1644
8.50232
81.2669
55.468
54.4179
-65.5349
90.0007
101.098
29.0627
-39.9909
93.3139
37.0524
90.4978
-119.274
104.455
152.513
-136.797
-98.8883
-116.322
41.0027
272.706
31.7765
70.0248
-50.8217
16.258
-33.286
-124.611
65.4626
187.374
45.7333
69.2283
-49.7636
190.067
-80.5832
42.0859
-62.5133
59.651
124.538
81.2364
13.2304
69.7747
164.512
-55.8174
18.0351
84.7294
-116.478
-85.2609
76.3458
-259.801
195.711
115.613
-90.1094
87.3833
3.93187
-77.326
31.6644
-283.4
12.8526
71.6702
38.344
345.392
7.45726
107.15
144.256
-43.3555
203.646
16.7834
101.004
180.879
186.759
-75.4472
240.187
307.227
117.235
109.405
211.305
142.389
-102.152
-55.6386
104.735
18.0118
191.008
36.6776
10.2789
-337.947
-83.1386
17.872
59.9474
33.9664
213.824
30.9019
106.396
-86.9203
229.01
38.7943
-226.165
-144.715
90.6719
-286.619
29.7489
-73.3099
22.3752
42.2438
176.024
91.8405
13.6336
79.3378
182.932
25.1488
33.1867
19.2077
165.799
20.8928
-84.4927
87.6262
45.757
-78.2457
44.9234
16.6569
26.605
-97.3341
105.157
-137.116
143.032
27.1653
169.319
11.7353
11.45
62.7426
195.17
86.2943
42.1074
-85.5501
-190.936
79.9329
-226.042
51.6247
-179.575
25.7255
67.0133
-50.4413
28.8813
226.299
90.732
-108.361
132.868
181.418
-127.674
339.483
345.153
-84.5203
-52.2292
210.046
73.7881
-74.3496
286.123
-254.014
157.455
246.411
135.091
171.669
-251.254
-87.4212
24.3771
56.7516
79.007
-58.7757
-49.5911
-155.253
-143.42
-97.7386
-98.5256
-163.559
-40.1498
19.5083
65.1328
-49.1354
185.156
-261.919
91.2141
30.2251
67.2986
247.42
93.317
-107.109
94.3723
-43.6343
71.5947
56.428
84.9878
-88.7271
305.732
195.102
67.2059
-128.535
212.279
139.172
26.0046
57.6268
24.4761
-22.2782
305.4
59.7327
42.2834
-72.9521
-64.1915
42.2681
74.5406
135.211
16.9999
53.472
32.5398
-150.364
23.1064
183.403
253.844
51.9078
11.7652
70.1699
11.2725
104.961
13.4397
41.7472
96.1132
158.654
87.3348
