62.4116
79.9137
149.832
13.4623
47.303
112.764
-283.574
164.203
-123.099
148.896
84.132
115.818
-75.4691
37.6873
48.0137
43.856
56.4878
15.2304
263.516
44.0046
-146.793
85.6299
-101.093
55.2806
293.339
48.4188
124.909
39.6521
61.425
305.67
-292.679
-56.6456
111.289
201.257
-71.9517
194.605
-332.938
-65.9696
188.889
-92.5625
-83.199
-295.531
-324.134
-59.599
132.923
-30.7236
26.4253
-214.549
352.949
67.2404
159.034
58.5496
43.5928
-85.9861
82.7705
13.9758
241.703
13.0799
-68.1632
26.2573
87.3798
254.136
18.7248
-54.4128
46.9206
-143.343
17.2701
336.4
45.2873
44.1554
83.2667
-74.5361
-177.291
73.768
-108.789
-109.291
40.184
48.0871
-48.4455
57.6433
98.6039
-107.986
96.9677
78.8321
121.125
70.6787
29.341
101.674
-164.701
-117.518
196.325
-50.3487
151.484
44.9933
182.732
22.5892
47.2157
47.9085
31.5914
46.8756
30.6943
11.9019
67.6541
108.359
-43.6699
26.6014
46.7956
175.381
38.1119
-115.219
111.389
-63.5591
-56.1215
29.7908
-143.356
-213.92
119.768
23.7502
12.9466
25.0472
9.44431
78.6971
47.9023
179.829
-91.9608
124.184
75.7728
43.3245
88.2666
332.694
8.39159
-144.156
176.128
122.361
123.659
199.938
-89.7062
196.403
74.7451
-120.575
69.8278
-50.3583
-250.754
198.631
-196.808
165.413
43.076
112.053
15.3957
-41.3481
-66.246
34.0519
-107.876
-43.0437
31.9212
196.922
153.192
23.6311
106.734
1.46996
112.499
-123.985
225.14
111.128
150.713
-24.0737
10.5364
21.7195
49.1009
52.1019
28.5123
41.5902
-127.74
82.3513
142.193
197.2
6.70311
-85.5446
109.199
-136.875
23.243
-104.053
170.419
91.6688
-71.0968
276.978
-41.0322
-52.3518
181.181
64.6244
337.677
76.8819
13.6603
41.4721
109.731
114.591
28.4089
193.989
72.5376
65.43
170.25
295.011
34.0072
193.583
-64.242
351.629
118.858
66.5749
123.367
177.649
2.27127
50.0214
203.344
-39.4914
54.6269
108.86
155.201
273.362
107.797
104.437
16.6925
-39.177
37.9099
23.0803
33.6714
178.679
70.6141
8.09106
21.4217
293.206
42.6574
40.0085
239.227
11.9069
79.3471
11.9021
76.3611
-159.518
282.017
16.4752
56.2577
-28.6396
54.2279
48.2071
60.5214
54.9579
68.9353
78.4665
29.5101
193.737
237.81
93.7533
62.0138
18.1392
53.5029
41.784
33.2742
85.3396
24.5871
112.101
24.1535
104.452
26.0467
117.491
90.2383
60.2423
-111.901
88.2587
89.4316
-55.7152
-257.205
56.8193
-275.363
-199.228
-104.218
54.5413
96.3461
71.3852
34.0782
54.2775
50.88
181.182
-249.745
74.2768
160.312
22.8027
58.9317
-90.788
-67.8772
-97.3106
-76.5757
54.4312
-103.743
50.0322
-46.4512
73.9658
-96.8731
-90.472
54.8489
36.4388
188.258
84.9079
4.29548
60.227
-260.394
242.872
291.235
-164.625
29.5828
33.6374
72.1987
16.8327
36.884
-36.6353
326.455
122.355
147.988
38.5655
-68.7505
88.998
52.3052
114.503
14.4266
36.3192
131.002
102.498
67.5385
140.852
44.982
37.5505
113.307
117.964
75.4862
118.641
61.7402
30.9469
58.1053
336.764
37.4933
-133.26
-41.6782
43.6741
-255.667
91.1555
39.5434
22.5892
-131.911
195.603
109.367
-78.6074
51.4717
-125.691
-93.6368
-179.066
41.4117
-115.551
85.9662
65.0292
30.1436
31.029
-137.684
23.3794
29.3092
-162.237
24.4578
-142.115
52.8172
96.7757
62.3836
238.601
98.8428
-96.9016
182.572
51.5893
38.6154
199.652
115.049
154.578
48.5035
-315.456
47.8186
40.8389
123.954
49.9641
-170.792
-130.963
-34.2826
34.7459
33.5826
112.074
-34.4618
24.1623
49.695
13.68
-51.1798
-138.285
-85.2439
52.5275
38.135
-132.584
132.13
104.886
30.0055
50.3261
-86.7448
60.6254
41.6614
-60.2433
-102.541
-181.357
314.984
-106.244
-56.9451
108.603
98.4819
152.606
139.269
274.17
-42.6233
18.2146
43.0192
90.2602
68.5904
16.145
-289.5
-90.2708
17.1583
-58.4602
148.117
-312.671
114.022
18.3323
63.8843
77.7942
29.32
-77.9168
199.835
131.706
18.6137
49.1242
54.5968
45.4739
15.3087
-106.42
-88.3277
-102.854
-86.9718
-97.5191
11.4217
222.286
-242.613
-170.073
-73.2978
57.7207
29.5713
-333.875
134.127
51.3634
38.4541
118.675
37.249
41.4103
105.072
135.248
62.5128
8.14906
-38.2153
105.706
182.977
37.2966
126.579
170.055
-166.849
67.5243
-124.102
20.5851
-193.778
50.34
189.009
204.654
55.2392
32.8643
87.6724
61.8729
157.042
76.4122
-102.376
26.0211
85.6329
21.3855
-203.672
61.3338
41.9258
49.7612
303.124
-52.6598
-41.0272
-120.354
10.9666
205.243
92.8624
251.803
46.817
-63.6095
34.4846
48.6302
162.266
57.4286
60.7862
76.573
36.5272
-47.6339
118.924
310.109
65.46
36.7599
-66.8526
-72.7421
46.2594
-217.744
23.603
-48.3778
-210.16
-193.31
44.2356
-116.816
12.8634
177.645
-15.6281
185.852
107.544
54.063
57.1314
112.676
95.8967
29.0287
158.391
127.326
-93.0363
17.8602
153.312
24.7067
164.142
-40.0611
11.4945
51.9451
68.0153
-86.8176
-44.4252
25.8403
173.133
110.543
82.3881
-146.799
-74.8601
9.03331
44.9754
27.9159
16.7972
83.5585
95.7008
65.6888
35.8117
66.0032
-335.542
44.5574
7.58859
29.8581
308.009
-74.1441
36.4721
47.718
49.6404
96.3758
50.895
45.0683
131.74
-46.3175
103.083
37.4003
113.029
116.526
103.067
73.2882
-16.5417
18.2611
46.5378
-141.366
-188.876
132.257
139.425
152.738
-77.7421
-74.7516
114.983
-120.106
72.4647
61.5196
36.0061
-125.306
21.5377
-115.297
40.0637
-110.606
111.636
-124.672
29.5232
117.173
-82.4513
44.4061
96.6244
142.018
-56.2909
9.66784
49.341
56.8689
38.4277
205.413
-109.851
161.893
8.56174
98.7057
9.11179
32.7257
20.8257
332.931
102.774
12.1977
226.034
108.393
37.4444
224.978
7.58651
-99.223
-147.85
47.9694
197.289
75.253
28.9352
13.906
-50.0304
96.4502
54.3222
-257.247
148.23
254.696
78.3392
144.181
59.3914
79.6831
4.99942
-114.551
344.18
354.01
200.338
46.0017
54.3322
88.3166
-83.9543
10.8836
105.349
19.1336
133.088
150.162
122
-59.2581
156.23
-215.417
265.963
-40.0107
26.7361
-71.019
207.398
66.2695
173.513
4.04197
25.9189
42.3357
4.96647
99.8852
-67.8251
74.9628
120.508
43.5113
-79.7548
65.0226
-190.19
70.9136
43.5667
37.5306
92.6754
114.199
82.8522
-201.655
-15.33
-31.1883
201.987
109.16
-150.199
18.8475
-87.4752
22.6197
-129.12
-65.1018
73.3862
-99.5831
144.28
-61.3616
111.356
35.7034
116.253
329.219
-65.0865
97.9201
21.9912
49.2857
51.1204
30.1476
-51.6095
-334.189
160.054
27.4956
-62.5723
-66.1103
166.548
-179.981
103.839
28.7899
318.627
-211.659
98.4154
122.992
69.0637
171.114
214.087
100.497
28.9874
54.4943
-14.387
-175.312
244.556
-203.012
-267.31
93.2239
44.7483
35.2703
14.5806
18.4432
97.0048
80.1527
-61.2247
17.1575
57.8919
32.7591
152.556
-54.4358
37.0382
18.1534
40.4403
-49.7356
45.2143
96.466
52.6824
179.039
172.943
70.0665
-112.735
99.6443
74.145
44.5002
-121.828
-78.5337
-77.1077
165.47
155.623
-7.95648
92.6443
25.5324
49.0383
55.5847
-308.239
-79.4792
-87.7655
84.1563
-292.237
131.67
85.8724
237.237
-112.961
306.473
6.92951
-307.139
-62.9038
-48.5596
1.76243
-213.73
-56.8496
-179.456
59.7298
-354.093
-332.974
111.786
-309.767
-59.3315
49.6977
25.0521
78.103
92.327
29.0252
-72.926
34.6576
30.9408
-172.252
145.863
182.383
-72.0244
-78.8509
34.4385
182.579
21.7752
36.3472
-203.897
107.374
189.287
-69.2056
138.978
89.061
-133.678
-49.5765
-235.793
348.257
-336.567
-45.5962
119.109
-80.8911
78.9893
-32.6397
-40.535
121.706
106.374
-45.4426
20.2942
42.9592
-31.3725
87.5883
-125.741
31.8988
41.9375
98.4493
-57.107
35.6768
12.6642
86.9518
-96.9988
98.1357
45.7441
-246.928
58.898
15.6566
-65.1881
-226.495
70.2623
35.6825
60.1176
77.7625
43.9405
-80.2577
48.5943
-292.807
-78.1386
-65.9214
190.144
36.2766
77.5814
212.94
52.3991
42.9134
70.7615
179.784
20.0038
133.208
-183.126
88.8066
-63.4785
72.8226
4.56994
84.6713
102.21
142.077
-29.1288
72.161
86.08
94.1284
104.53
11.8672
109.073
-254.064
-42.9058
-74.3123
-182.517
62.313
143.526
-65.3393
19.9508
160.834
-119.041
192.573
-155.079
73.0907
51.3903
91.39
-97.4582
-105.087
86.444
-67.6233
17.998
73.296
24.8124
160.696
186.024
-99.7926
79.6245
217.948
42.9868
29.879
278.159
-289.726
352.039
338.272
243.015
81.802
48.3146
9.81979
-73.355
-111.261
173.352
121.181
79.3669
101.558
110.888
17.1359
-84.8878
314.534
95.9708
76.6433
117.98
-51.0907
104.765
34.2024
218.567
42.4822
56.1681
11.0156
209.121
107.242
21.1748
-22.5757
-89.1436
60.7763
120.309
59.112
24.6777
209.069
57.4184
166.167
21.0097
117.636
140.621
-14.3006
139.878
79.5166
89.1752
302.682
245.232
-59.9264
-110.927
98.1089
-95.6827
-242.021
108.069
352.653
51.6125
63.591
-63.1693
17.7242
97.9318
236.021
35.7644
-44.337
47.4841
21.6271
52.3561
330.079
182.122
51.9296
17.8143
115.116
35.8474
-55.8825
207.83
29.9471
-57.1082
-58.607
93.5709
-82.7889
-44.5138
129.333
-98.5895
63.9869
159.459
19.402
105.781
14.7903
-65.0678
15.6737
-130.082
78.4518
21.3709
-38.6043
77.2492
-57.4549
51.22
29.5186
53.3633
30.2772
22.7418
-211.892
68.4941
-125.211
57.1798
84.7766
119.093
18.4694
103.183
160.289
10.0628
27.5618
54.2156
76.6782
81.7994
251.398
94.2591
-38.0527
9.17077
115.751
30.467
-115.198
122.106
91.6892
53.2455
14.4837
31.3385
241.014
132.186
202.505
-122.349
-70.7254
-42.2367
89.9897
327.207
260.63
144.54
102.514
-115.537
59.7634
-59.76
41.5899
-47.4833
31.8928
29.4664
28.3697
-25.6896
59.6653
301.907
12.0029
40.488
7.68364
9.95079
110.521
94.3749
95.764
37.2407
179.977
68.9023
-118.912
47.0836
-66.5417
15.4627
36.0977
-87.3492
222.975
116.919
326.061
38.9616
74.4007
32.4197
224.506
24.3635
-82.2331
55.9474
181.698
107.495
46.7533
53.512
-106.056
33.4426
-332.631
54.1689
48.7391
200.752
-344.885
31.8757
-52.1014
133.885
169.751
-326.2
95.1877
13.3021
339.16
-79.9834
110.652
328.406
294.729
14.1031
15.5834
87.3268
-236.096
-99.035
200.197
-128.245
79.9516
114.03
77.2632
40.4894
-47.5477
-39.3338
87.7871
103.208
-62.8588
42.6937
263.836
199.185
95.7328
37.3043
28.083
66.8666
96.7769
67.3321
-24.5692
74.3024
42.5334
37.4645
90.4659
211.55
144.789
-151.381
-61.7862
111.919
143.958
18.6383
103.132
18.5811
219.128
-142.331
41.0114
23.9673
86.078
40.5806
-63.8044
-48.687
13.365
42.6786
75.6096
152.451
154.168
47.473
20.9449
176.386
22.1106
50.4856
17.2492
107.72
18.2535
89.9436
37.7326
31.3707
59.2846
77.6339
40.6216
19.181
-92.8872
11.5184
-130.367
-114.722
351.435
-210.289
282.262
25.5029
32.2287
162.443
23.9582
268.802
84.2612
-343.73
79.1438
-78.0813
84.7875
-73.49
203.275
6.11375
319.752
12.4977
113.181
10.6247
48.0367
-88.4462
1.75671
43.6273
36.1569
6.90015
67.7747
309.689
-92.5588
-117.213
66.4797
59.3531
-195.182
91.4023
20.0166
57.3564
-139.413
49.1119
6.4577
189.056
-210.662
-318.622
34.6578
-106.685
-141.998
143.792
180.717
112.871
143.069
95.9955
69.7583
12.0219
-148.519
-193.046
81.8246
-134.149
118.256
70.0935
72.3285
-194.584
60.3089
78.2458
-66.3294
111.379
200.106
-194.948
-128.564
98.5509
157.095
11.9905
9.77617
107.01
112.084
-134.641
13.1998
-55.5124
156.174
-104.705
43.7355
19.7588
57.6564
-326.396
151.459
258.017
-41.8211
-332.645
193.558
45.0859
42.3007
138.406
234.028
272.149
-260.129
-306.903
58.9415
72.9082
-135.848
-87.6835
-199.088
-276.994
0.498127
-282.847
105.286
160.434
126.947
9.83297
-207.926
135.253
32.7812
-97.5825
118.999
-30.2651
-85.8289
25.9175
351.277
30.8581
236.786
-59.1281
168.853
34.6829
-280.624
-125.471
19.6394
119.19
-70.3808
206.448
224.966
-163.983
175.802
40.3391
351.305
46.1029
99.5607
21.5411
-40.3587
139.812
-88.6429
127.921
-89.6026
48.3217
13.3627
26.5545
8.35208
156.526
105.379
75.0948
97.2245
49.1317
26.7028
18.7133
314.351
220.151
-160.084
55.3032
35.6457
-80.3305
44.2934
-142.393
45.633
267.924
177.748
-64.2947
79.5236
-82.9407
-110.871
221.871
221.054
-84.9865
223.346
-24.0775
-79.5774
-155.445
27.0525
80.8345
211.489
20.2339
-119.388
-50.6831
46.7816
123.14
-89.1676
-223.444
216.551
84.5429
182.396
-85.3491
8.25897
102.673
-108.202
-299.432
31.8861
-208.23
172.884
34.3201
325.285
-211.129
40.2259
19.772
110.163
-63.9999
59.443
66.1562
91.7502
-179.597
21.8514
-40.6513
-58.8027
-59.8321
76.8437
340.318
26.0415
63.9269
-46.3159
79.8499
-179.697
-187.478
-41.9838
208.005
-87.1471
104.019
56.5574
161.144
-80.1522
151.887
134.778
58.641
115.072
114.816
36.3039
13.3443
134.835
192.245
33.9734
-125.886
36.4842
-56.872
-56.5845
-150.516
9.66546
28.586
49.9507
58.6826
105.83
-129.352
-36.5792
9.73092
39.9347
164.593
15.3847
106.38
33.8338
46.6655
93.6087
171.993
16.5891
18.1133
-82.6097
76.2761
45.9768
50.0438
-252.824
-49.9604
21.7228
98.2298
24.9186
19.0411
58.9496
81.3003
125.96
-123.69
80.138
147.288
-275.033
178.638
45.1711
8.32039
-88.3282
45.9427
107.718
21.2269
-170.635
87.7584
-140.688
67.0904
68.36
288.022
39.6584
142.359
64.938
75.7204
12.721
17.4489
36.1727
-111.745
26.0104
176.877
9.37596
64.1327
91.135
120.156
-27.6145
78.7091
113.492
26.9973
165.026
-156.05
81.5816
73.2955
-64.9638
56.4205
-133.549
26.0725
-48.5255
305.255
83.6626
220.601
51.1485
20.5473
41.4141
139.826
43.3553
8.75464
51.0665
33.6835
1.89773
66.1529
23.9747
53.5644
58.7132
56.6209
-117.845
90.3894
47.8561
-105.789
145.299
-56.1766
-102.727
85.1094
135.986
225.523
330.045
187.1
-49.7619
57.1116
87.6615
-290.9
33.3646
39.4618
78.497
294.82
11.7044
77.583
-172.714
56.1362
131.012
22.767
88.1878
-31.4299
-29.7647
192.066
273.099
199.254
52.0053
-74.7857
340.05
89.7479
117.652
58.2385
95.0939
41.0014
-17.2059
80.1885
120.447
23.1586
89.6806
4.21617
103.424
13.7571
40.6288
69.9575
38.1665
82.2572
-279.696
-181.68
-122.043
152.058
51.0692
43.6992
-115.787
14.1266
-71.5714
72.8379
64.9441
-70.93
73.9694
-336.466
26.3069
23.3023
6.72309
87.307
146.022
192.509
16.8948
122.966
349.738
117.899
-109.975
66.5169
68.3844
24.5097
50.5532
57.4792
-115.077
-167.702
23.0105
49.8121
54.3583
106.513
245.037
25.997
8.35795
68.7661
-157.333
9.15268
13.8384
-110.354
55.4692
28.8175
146.993
-48.4941
-291.641
-186.712
67.3268
-95.4569
-43.1787
-126.646
88.0054
166.022
152.306
24.3153
-199.862
-63.9157
-137.64
-213.305
-43.8214
32.7298
11.9498
-351.734
130.802
351.982
-38.202
105.657
99.8273
107.168
251.708
43.9472
25.1959
71.2255
-76.5155
76.1301
-159.442
-67.9817
151.411
181.994
-145.984
26.253
31.7614
187.281
-88.2641
72.3239
36.1864
-50.7394
14.4932
31.3917
34.1496
71.4891
-321.396
45.392
64.6367
126.366
-167.63
-174.33
75.63
83.8574
14.916
19.3828
127.143
71.6158
42.6749
17.7904
323.961
-8.9849
46.2377
15.1169
-250.099
104.961
-8.89689
-27.0572
57.8563
-65.8212
38.6694
-66.0991
-98.1208
49.2071
89.6171
-101.236
66.1779
98.3083
136.308
-73.4192
24.9194
102.364
99.7966
-138.928
-211.839
-79.5656
42.3161
156.617
-211.964
70.0581
17.387
317.924
112.355
-55.504
124.38
-154.019
-54.7937
6.36724
62.4578
-289.522
27.1506
-84.9621
124.54
183.833
178.359
-29.2929
-126.984
-194.154
101.638
-69.4987
151.22
86.493
-74.9079
166.477
262.54
-86.0612
150.438
171.431
43.5008
38.8469
171.146
-135.543
-131.527
-65.3433
97.8599
70.2398
-78.6802
136.72
121.132
-72.2299
68.0135
41.0181
-57.4203
107.911
129.964
-55.6206
-94.9786
-127.641
35.4686
-186.786
102.166
58.4909
285.471
48.3021
-43.535
-47.1033
-52.7959
190.96
118.595
47.7158
187.03
-100.231
-33.5719
21.4482
23.113
-109.732
294.151
8.38039
24.4928
13.2362
132.647
-117.447
-185.501
-305.351
71.6462
349.668
-109.286
-106.293
-153.648
100.531
-66.5765
-167.73
-32.9878
-108.509
-65.0257
-222.942
-86.4024
87.7565
350.822
17.9267
-43.7634
60.9823
114.13
-48.2148
50.222
-109.453
197.543
12.871
115.686
197.432
35.7743
119.549
62.5446
52.2045
331.634
-78.4985
40.3604
61.3288
46.3572
-153.313
85.3864
46.7572
-63.8229
25.3825
41.3099
-127.709
39.8357
49.502
272.064
-248.335
106.804
21.5489
73.3455
-271.583
152.121
-155.864
66.4969
93.238
43.3901
-46.8335
31.7104
-49.7047
84.1842
-73.8573
176.689
82.4853
-228.95
201.673
27.4652
37.6217
105.447
41.5478
-131.671
137.216
47.2727
-92.7359
38.6368
86.2631
-95.0158
270.616
-128.397
33.9829
40.6368
50.6368
24.6365
11.1106
22.9602
80.1908
150.021
-59.0877
-58.9151
9.59263
36.6995
-50.6254
-57.4025
-53.8227
33.8363
4.61944
63.5092
90.502
159.262
-66.5431
37.8613
15.783
24.0562
13.993
123.373
30.3714
-125.925
34.2535
113.211
-86.9993
14.6652
22.6786
84.2061
13.0086
-53.0306
-192.202
202.862
51.6419
107.739
17.2949
196.671
11.8212
58.4144
13.4054
42.1116
-41.538
39.8391
54.739
19.9664
271.984
84.217
64.8316
1.89919
-350.878
-33.0699
152.007
7.39715
98.7878
44.2277
86.1484
69.5475
130.457
-119.284
240.592
51.3994
-245.04
-228.836
-46.858
-92.0714
16.3524
25.8866
226.112
139.14
37.2654
48.4478
-123.863
-130.355
1.91363
-197.835
-87.3982
86.6749
-206.899
-165.184
238.039
-14.2612
50.2097
25.6305
16.9682
155.789
275.995
351.637
100.547
311.145
-107.815
80.9478
9.47575
-147.863
198.629
70.2375
209.527
64.3832
48.8683
59.9281
54.1707
4.51846
23.785
11.2241
82.0741
10.9602
181.705
-197.615
37.6899
51.1225
-64.7452
-30.7085
-219.835
307.488
82.8584
27.3231
53.2691
89.6851
-50.6134
146.576
93.646
-33.5406
-39.7944
153.051
121.4
-66.0178
31.784
-95.1242
91.9397
-125.653
37.3626
33.6096
-105.391
-168.955
70.9571
71.0352
-15.5592
9.90185
81.7675
106.524
107.254
-80.3879
66.4669
65.5287
-166.999
62.9966
342.319
-48.6311
-103.124
43.3421
14.9843
-66.1322
24.5079
13.6779
-102.48
-49.2862
26.9874
31.7952
175.329
-52.156
-166.377
-33.3563
-51.4581
-69.7807
12.5772
-94.6285
-84.2897
76.862
137.593
198.045
245.054
-257.652
212.232
255.778
-35.684
168.275
-70.1342
210.28
78.9695
-83.2622
83.2779
10.7762
255.903
-352.616
16.6677
133.431
53.456
-217.424
45.85
216.523
106.139
-347.87
-54.4202
-82.7289
335.355
-117.219
138.921
-29.6183
40.2623
43.1724
130.622
27.8848
333.173
54.9557
-72.3345
57.729
-114.368
-44.9881
134.102
24.7719
33.2742
-114.518
44.1858
126.081
-340.127
46.6146
63.1626
29.0358
51.4056
104.963
293.406
5.2497
20.1069
59.8209
53.582
-135.467
70.5522
-72.5916
92.9642
197.331
82.7132
31.0348
11.2661
168.518
-50.8209
41.0322
-47.0671
106.061
139.43
23.3162
72.4363
9.66706
-187.524
31.2505
59.4446
66.1256
-161.808
43.9368
-101.45
47.6169
9.81424
70.4783
-47.7826
-133.288
70.6418
20.6701
10.6474
159.375
-64.1987
14.4897
-60.8124
71.5021
56.2525
352.026
3.2519
146.704
36.9538
78.9656
343.804
63.3606
185.963
50.7967
29.8749
182.954
307.479
-107.062
132.466
184.956
76.0902
51.5788
-159.009
-90.8026
40.0649
34.7293
-136.974
77.4824
274.849
20.4186
63.229
78.7765
-22.8677
-256.573
17.7788
41.7894
132.83
334.619
92.0358
7.59225
158.622
40.5742
51.8289
-67.37
46.1086
-59.9077
66.9717
80.5829
36.633
20.5903
104.103
164.89
290.277
-252.566
146.886
178.925
23.569
-341.244
118.052
-156.231
103.393
195.886
28.3158
117.438
-42.5883
-204.331
69.7382
9.56534
219.314
86.3516
-31.8588
34.5965
91.4204
130.863
181.812
21.7937
-60.1843
18.8744
-269.043
182.408
-30.5704
37.0292
260.769
4.82167
53.3595
-22.3733
39.9345
236.144
135.033
32.5699
38.3351
-119.285
90.7895
14.466
-55.7117
-37.3082
-140.447
41.2141
67.1003
76.2358
-55.043
-37.742
52.1688
39.1723
-109.517
56.9545
-49.6039
-198.787
67.9682
317.185
23.9629
70.4889
33.2071
49.8852
95.156
119.523
150.277
8.62663
-220.519
-99.645
351.992
-106.268
7.07922
-32.7322
-17.9004
36.4767
-60.2585
40.6835
-88.2305
175.681
78.4774
-47.5708
211.204
-64.1
39.6232
-111.076
-123.616
-37.0213
48.6223
261.733
81.9742
53.2174
-95.2541
-69.4361
294.215
10.5687
-59.0056
141.666
105.748
43.4657
260.218
-73.0488
62.4862
23.8104
39.4472
-352.047
120.567
-104.335
-85.9575
-40.1664
15.3174
93.7528
319.807
15.7247
20.6452
31.1795
22.9235
37.0242
42.1253
91.5974
-142.839
75.2943
15.9923
-291.866
19.9346
-53.7038
14.5586
94.3695
-120.662
52.2711
123.326
-106.938
54.9593
96.1079
33.2713
-96.511
-49.9851
110.851
-78.8214
126.78
49.6583
10.7523
-145.408
-53.9593
81.9173
85.5219
44.1028
65.0063
184.165
-69.8646
87.269
41.0852
19.0947
204.588
64.0648
26.2998
10.1487
25.4931
-114.874
47.5605
97.3815
27.0356
241.749
231.432
-76.6879
23.4916
-283.759
80.8086
85.2952
73.7959
52.4313
-132.553
106.873
-120.041
49.2878
-26.9873
309.028
-39.5576
39.5777
-59.9125
-111.876
-55.4794
235.984
42.6099
33.8827
-41.3276
78.3421
183.714
-182.451
42.6829
103.309
15.9001
17.7763
27.9068
225.062
120.117
-228.116
-80.432
133.004
98.4873
11.4566
40.5853
-52.4205
217.715
-88.0847
78.1541
24.0165
53.4553
-67.5402
282.321
-38.4475
-73.297
153.882
9.32319
40.846
19.8139
-50.4156
67.1448
80.6206
-40.1793
18.753
55.806
156.959
25.8792
-228.113
-136.28
86.3711
14.9559
325.233
30.9658
207.224
-141.889
18.378
15.5015
-268.97
151.149
241.232
60.8381
205.511
107.006
113.796
-123.549
29.8362
-52.9976
-71.8693
42.4625
186.655
9.19594
-194.611
93.2142
114.916
101.095
-107.996
37.3203
82.7616
42.6977
47.9685
77.2977
-176.591
8.34082
48.8198
68.3185
111.3
44.1384
-202.208
-76.107
-36.5899
-105.878
304.504
61.3952
60.7415
99.4646
58.5447
154.232
241.213
31.8692
119.889
28.2388
-81.2417
104.524
-59.0967
253.537
114.892
60.0254
-86.6902
-17.0237
59.1682
9.45298
-130.153
44.8231
58.5889
8.44497
-142.669
18.5589
113.223
-351.114
-91.3194
-66.9742
9.15223
38.861
-53.5109
192.86
-64.3311
7.33927
-156.996
13.7383
80.709
56.03
-86.9211
79.21
34.381
121.587
34.6034
-137.862
83.4709
-138.865
102.982
36.4535
76.0359
-272.317
54.3473
19.4161
115.18
-172.912
43.9604
-39.4786
-89.8083
-117.194
38.4613
17.0858
200.468
-115.569
19.9187
16.6562
228.873
124.526
25.9851
64.5764
71.6834
98.5491
57.3678
351.439
-128.372
22.3169
48.6751
-140.983
81.4455
71.0199
-124.119
153.478
-89.8562
96.5317
-208.732
61.7077
7.78126
185.553
196.451
-151.173
-67.8668
16.2464
53.8186
-169.333
131.357
101.715
-143.579
47.1477
-345.641
68.2638
270.24
-200.977
34.0701
9.13883
18.9147
-124.577
-60.6563
67.369
146.783
9.96746
-93.6937
42.3843
101.763
-45.3009
32.1018
29.6798
116.787
-77.5984
79.8308
-95.6181
45.7983
73.9846
143.992
98.3102
28.2207
96.9108
-239.809
19.4619
21.5481
-87.9381
15.4438
166.376
32.8682
252.071
20.5145
13.5433
46.9176
58.6587
-37.7352
-44.5618
-35.504
-39.5907
12.5045
85.1884
52.1667
20.5809
105.315
23.4443
158.254
15.3928
76.8217
30.6275
232.817
45.221
134.777
-257.997
111.713
-112.29
36.385
-107.416
-53.0484
207.897
39.7185
83.1746
-33.123
77.4036
15.3771
-131.679
-333.096
23.2809
-34.9433
-187.293
52.0754
158.111
88.7563
-81.593
142.059
128.835
132.994
-269.479
320.281
48.7041
56.6095
46.0733
21.7682
91.124
308.706
89.3073
-213.863
63.4144
-44.3393
85.9963
20.2796
20.1836
32.7254
12.332
16.4065
4.34794
40.7017
84.3457
170.962
-79.0558
-300.281
-155.527
49.2381
30.5757
35.7604
204.467
90.6921
-274.281
4.53347
29.7538
42.3751
85.9579
9.08089
9.6042
41.0761
77.1545
97.0625
-83.3575
201.869
9.93902
-101.843
93.1924
166.021
-64.7956
145.126
39.2161
116.461
-140.069
-129.317
-93.7039
96.132
-119.692
40.0892
140.532
134.479
41.1912
80.4747
-176.748
128.211
25.2772
96.8355
139.719
-57.4384
-352.646
-200.321
-189.853
-56.1405
-37.5753
29.1054
18.5804
30.1599
-114.89
78.8584
74.4096
-201.099
122.681
-236.133
11.681
-352.113
50.826
83.0006
-65.9436
-164.108
-171.387
-38.0714
258.078
-264.524
89.0307
-164.246
139.392
253.63
50.9056
112.682
-150.179
-73.1032
50.9586
102.068
-31.6317
26.2209
50.1947
124.175
-77.7644
90.0592
85.4315
50.3271
23.5549
-82.9902
274.512
-72.6401
20.6543
320.15
16.344
71.683
-171.863
-123.31
297.394
45.1688
-57.5934
191.668
44.0119
122.988
11.9313
52.7004
102.744
-106.913
173.324
-96.8922
351.093
78.7317
-150.492
197.365
-198.618
23.3632
55.3783
52.2677
62.2739
39.3197
107.937
222.046
-41.0739
-50.5239
-34.5957
25.0701
-45.8687
-86.0264
95.7692
23.4348
-25.3928
86.3731
-91.2888
-96.2864
10.922
105.968
66.8369
64.1998
16.194
218.647
-68.7537
72.5553
14.8064
338.167
352.002
14.1487
64.5439
327.688
10.8251
-87.7815
-117.524
-116.838
22.8418
100.118
-88.6937
30.4643
52.1366
92.9731
145.508
-109.066
23.8886
109.154
-269.353
58.0171
-108.238
-121.79
96.8296
118.758
20.1347
-214.379
-129.885
30.4409
-164.027
215.735
104.781
-66.4953
72.2509
183.525
-161.332
30.0956
100.72
-86.3545
221.036
107.079
53.1183
14.5422
70.104
42.357
178.677
-92.0792
-56.9457
119.755
-145.575
-226.049
18.9092
137.239
242.507
7.28886
-233.381
-272.309
81.1826
14.7936
-123.097
11.3314
79.0416
5.73235
23.6851
57.4875
-65.4927
-287.423
-233.85
61.3325
186.239
14.7244
-44.2308
99.1574
68.503
109.971
-155.198
117.479
89.5748
248.534
131.544
233.603
41.9983
53.6558
116.81
158.999
-44.5815
16.1721
-62.7706
53.3383
32.287
-71.742
27.2349
176.465
129.849
-90.7615
-44.5476
19.9779
9.85502
228.674
-96.3915
66.1349
-232.617
152.657
106.915
309.049
175.779
53.6218
26.4527
34.6531
309.138
314.586
61.7506
79.5494
87.5611
-70.8468
179.158
351.229
303.829
-82.8385
-29.0635
-65.9849
121.385
49.6031
123.9
283.871
16.5862
218.637
6.92002
-147.152
140.697
-59.7183
83.7136
26.1261
136.351
80.6465
42.9994
42.2708
125.103
40.1006
281.606
63.8643
168.464
40.8522
-123.198
82.7134
-157.485
23.2397
61.5353
69.4733
345.952
-236.347
30.2918
-60.6455
19.5958
-79.9834
-333.963
91.7495
54.9841
28.0687
239.123
116.575
38.9636
-53.4435
-340.011
110.967
-221.636
-168.04
-69.5779
27.2237
-119.578
57.8379
-38.7027
-55.7535
181.972
-69.637
-38.9226
136.513
38.3302
58.7054
181.034
-106.23
80.7613
-203.057
97.9468
4.31387
-123.736
-51.8747
327.458
349.215
21.4122
55.045
156.251
61.8855
-81.599
-63.0552
176.427
14.6891
60.5451
13.0867
96.7058
76.725
51.4732
-87.2776
-58.9691
135.109
79.8739
69.0992
-222.925
30.8235
-180.204
65.844
-62.5684
172.406
20.2151
235.776
18.8694
-23.7365
-63.1777
137.818
95.589
-70.851
93.8865
-141.5
151.98
247.634
338.678
113.476
233.648
227.385
-42.1268
-258.31
20.5261
-351.903
79.4291
126.275
20.7926
128.117
291.742
163.342
54.2593
40.3322
45.4087
49.0723
25.1043
166.225
-69.425
84.9988
60.5406
156.973
52.2487
105.278
-97.4233
66.4855
304.149
-167.852
24.8529
18.4645
-67.6885
-47.2792
45.9726
-265.283
82.6954
24.4808
-28.5111
23.5872
161.837
-177.232
-40.366
-136.935
92.7231
-84.9696
-46.7721
82.9572
51.3891
-88.4045
342.293
-48.3765
38.0276
75.6366
99.3432
-303.792
50.2012
84.1859
47.004
76.3923
39.3992
114.804
85.6028
103.927
-118.431
5.10851
8.50621
13.7552
-176.213
-101.596
86.6243
116.775
-143.146
39.2441
47.4285
27.2956
7.54358
-312.528
102.6
43.2109
-117.912
86.6512
-18.9992
-75.9307
9.24249
-49.3432
-83.1853
199.924
57.3363
-88.516
93.9675
-137.826
24.9687
150.157
113.221
41.3719
-55.6312
79.9189
106.517
92.6702
-214.044
211.661
-63.2586
-26.0655
-141.196
56.5765
20.216
15.7289
113.666
32.2093
-120.384
73.973
129.142
91.7233
53.9973
-111.404
14.3957
9.48083
31.5432
68.4308
65.1935
29.7131
-59.6627
205.056
-116.734
169.316
152.123
53.5823
-26.6112
330.285
-49.8263
6.63305
-73.4774
30.0555
183.219
7.02226
126.439
193.283
157.449
27.7687
1.98421
155.119
126.179
39.8905
144.05
-157.018
-146.301
269.996
6.81076
62.9046
-32.0104
24.2561
46.7955
14.8192
131.867
-82.8651
28.5012
131.501
22.2104
177.241
-106.538
41.1206
81.9415
185.508
-15.7546
117.513
-56.4258
79.6552
-78.4195
-156.064
89.1459
-43.635
85.9881
-178.52
96.18
-125.817
28.4273
-137.832
34.3832
205.596
73.3451
53.6375
18.0791
96.376
6.18261
-140.642
-36.717
36.0807
-176.943
51.2482
-107.314
-34.8079
41.6906
-28.8855
97.1139
14.7514
173.255
82.1714
121.382
-142.999
195.652
121.729
317.445
34.924
86.3154
-53.8351
-125.806
250.307
56.9342
-142.071
-5.33221
88.6198
-134.358
22.2946
-111.626
-113.236
116.843
16.8824
-71.8645
119.919
-83.0199
-127.295
17.8325
304.189
-161.36
208.102
29.5632
107.435
139.055
17.9305
71.2479
-55.884
-116.753
15.7869
41.6445
39.3521
35.3546
146.435
122.827
27.2823
-79.5799
2.69457
101.167
81.6148
131.408
96.4678
7.04606
2.92103
61.1988
133.645
50.8134
17.3742
41.2086
127.314
-78.5176
11.9123
58.3483
130.871
124.259
28.2928
10.8491
30.5096
44.2896
100.664
173.282
42.3329
110.512
60.9401
35.7355
-143.653
70.7194
21.1191
87.9527
130.812
-50.3043
-217.889
192.288
138.53
23.4611
-76.0068
-111.452
-336.252
-75.3524
324.877
-348.262
224.512
56.6115
64.1211
-157.605
43.8436
-161.547
-136.876
33.4911
182.982
47.0058
-131.622
4.39314
-123.013
33.2509
59.6807
20.8046
186.629
-172.243
-59.2214
21.003
-88.8745
78.1002
84.2034
37.6278
43.3824
226.77
65.8589
192.02
-47.8034
44.7327
105.505
11.6705
180.536
56.7806
6.00966
11.8596
39.2035
-50.6579
67.2848
141.846
18.3995
205.542
72.9301
141.719
124.215
19.5781
-62.243
22.885
34.4273
179.686
-101.383
-136.283
-92.1795
59.6048
-54.2029
