89.3171
307.459
53.5536
148.112
40.0172
-83.2284
146.266
42.3364
27.8997
100.946
157.901
59.9077
-193.473
198.31
201.49
61.118
72.6925
32.274
-171.052
-146.02
34.61
-234.774
41.2232
-86.2284
248.947
45.1325
10.4388
-86.7294
202.393
47.5569
-72.2507
-133.213
32.0876
14.5099
-61.7737
-137.141
12.1546
-330.258
-86.4375
-115.032
-48.6218
-276.652
68.8184
24.9677
234.563
230.487
138.324
160.311
14.4494
14.752
-65.3642
47.7239
158.933
-324.98
191.828
65.4738
116.616
-30.6063
-347.367
-46.2421
-83.1551
152.331
-280.122
14.0251
48.7011
44.403
-83.9648
75.0842
-182.164
72.7984
-141.956
25.9638
68.7251
92.8521
324.641
-95.0199
152.656
21.7488
57.5146
277.516
69.3743
120.104
-94.7569
75.9436
146.062
98.0188
157.139
132.354
14.4512
25.6134
-43.7818
163.967
152.08
37.6563
-309.22
-98.0693
-348.149
134.305
32.7884
170.136
53.8444
76.6726
12.2392
88.253
54.8142
328.575
-148.854
103.26
17.4076
169.822
153.656
32.1388
-160.333
-114.03
280.811
10.1398
17.2978
82.7732
200.641
43.2176
64.0241
32.9055
27.0183
22.1086
-91.0589
196.548
43.5898
-64.0024
69.2662
17.3338
40.5366
62.8228
311.391
259.566
-38.113
252.402
230.504
55.0515
-126.62
-75.5329
187.893
55.5231
182.593
168.446
91.1771
31.1615
50.7118
127.207
105.216
-51.1442
69.2789
296.157
70.1243
-69.4007
182.245
241.652
156.347
-68.5389
52.2891
150.929
127.869
-98.3311
89.4573
-35.7802
76.25
215.606
214.353
62.5099
51.9168
-153.379
-102.216
80.2618
46.8236
54.949
143.406
49.6192
11.6677
29.2441
148.941
-99.9041
51.0762
-57.8917
-208.765
-114.336
-268.405
164.487
53.855
-142.213
-50.6169
-108.666
49.6147
94.3435
-68.7934
-255.038
99.2547
-237.842
35.8875
52.1592
111.17
104.631
32.3901
43.9378
167.054
-76.5764
27.5249
14.0067
172.932
44.2856
111.14
147.548
121.391
12.3534
19.4405
24.3363
127.943
70.8252
38.4333
-30.9321
72.8224
30.8717
16.5439
4.94413
-144.863
220.531
-128.215
69.1244
46.2224
211.115
52.8905
155.38
-247.474
22.4848
74.7443
49.9382
-101.86
19.3301
194.506
55.4805
184.809
55.2015
-47.5853
-54.7166
40.4807
41.895
18.5745
-87.9622
4.23099
106.456
27.0913
-21.6648
-58.4352
56.9409
30.1427
8.93636
71.6651
-79.9131
59.4371
61.9198
18.2564
16.8682
294.086
133.743
-201.694
-121.563
-221.852
29.3554
120.893
133.286
-79.794
19.6212
-24.9157
63.4567
30.6375
38.4753
31.6722
107.501
82.6447
245.547
-75.475
-120.999
-200.657
-141.317
280.948
12.2337
15.4238
146.829
120.352
219.068
-80.8329
148.456
89.5286
-119.232
-94.4043
71.5467
27.2767
68.9545
-82.3866
49.198
-105.72
-57.1119
122.045
135.598
-61.0005
84.7654
56.5582
-352.32
-86.5491
226.027
325.369
62.7405
218.425
30.9646
-6.57109
38.8497
119.577
104.879
-45.9222
274.117
218.395
-157.283
-110.826
39.1953
20.1018
259.367
69.7916
-19.2119
73.5035
196.187
93.6486
165.441
-351.788
-149.506
-133.142
39.8689
-123.852
153.52
230.988
0.649808
29.5188
68.2537
183.601
59.2533
17.3701
109.463
29.153
51.5039
-90.2867
11.9939
21.8395
-38.6204
-121.081
17.9495
139.339
18.604
75.1628
90.1609
113.29
-56.1995
11.5184
188.215
64.4521
-46.6486
-202.105
140.941
14.8576
5.28497
72.1797
-178.711
49.4839
-38.6734
45.4231
13.3085
-245.446
-210.58
37.045
28.825
15.7001
53.7858
114.815
-72.1801
159.638
17.2638
185.412
39.7963
13.8312
210.788
-35.5882
127.28
40.1232
37.0789
98.2599
25.3787
40.358
13.8409
123.45
10.9441
-205.471
94.2912
-165.846
-180.124
54.2689
9.32809
-46.3369
-126.233
24.7014
-278.054
33.7078
83.2871
208.907
85.1919
21.086
56.3436
-164.873
-44.6348
11.3686
-57.1822
186.454
51.4632
35.9255
197.161
31.2477
273.748
74.8146
122.727
-158.802
255.88
76.5018
-35.1424
11.8915
87.5329
179.621
134.48
26.4941
-95.6771
74.1332
-143.12
300.603
23.8844
29.3388
148.169
75.8343
39.5901
10.82
-35.5277
130.442
19.6733
10.4504
300.853
152.657
-103.815
133.702
52.6972
90.6136
-44.2496
93.2091
27.5434
13.9927
-39.7154
-89.5287
-85.4098
64.2493
137.634
55.4902
26.3267
57.6544
68.6871
58.1566
-228.225
44.2167
-112.836
-68.7149
244.491
116.175
81.0882
-262.531
163.714
-86.013
68.7706
18.3896
20.3796
2.94751
62.5764
3.0062
-188.311
32.6036
87.2742
25.666
207.487
-50.3469
235.559
-77.9913
329.991
25.5185
44.8224
161.929
-56.354
23.5116
91.6635
-66.0047
-161.726
71.805
68.3646
109.286
108.067
240.951
206.403
-91.9847
22.2467
270.715
105.526
29.9529
68.5542
-107.562
-148.125
92.0829
131.598
-57.0687
88.7405
102.99
-39.1038
91.7426
104.126
24.2176
18.9929
-151.549
196.857
48.1643
83.919
135.212
65.0973
98.14
-200.576
-51.1718
103.039
328.85
56.3116
29.8606
37.7335
30.5058
49.3063
22.9009
19.2039
137.379
77.5719
65.2745
32.8506
-135.445
106.608
94.8682
-317.453
73.6523
-83.0521
-173.131
-191.336
43.6478
-121.417
68.8043
-44.5373
93.7575
147.022
-120.074
14.9105
71.741
96.1632
-145.638
184.682
12.5507
227.547
25.1066
-157.43
-81.8842
200.947
-61.0946
-93.9928
47.8578
106.506
-285.395
137.784
-59.4841
37.6377
108.344
111.426
69.0196
45.5286
93.194
304.026
-26.8702
-353.407
60.6345
140.019
105.866
156.531
91.0574
22.1935
9.85085
82.5408
164.01
316.415
221.13
104.913
53.2239
198.824
94.7218
-188.39
-42.585
-64.7237
-46.2425
189.774
23.7153
22.2252
38.9637
85.6737
96.5346
8.51279
-68.2572
73.3885
80.3836
21.5278
70.8951
51.0741
73.0843
2.38002
67.1627
25.4244
-239.458
-83.7378
20.1677
-107.542
14.362
55.1083
59.5399
-72.47
58.8788
93.1149
-40.0481
51.3232
114.836
57.0277
93.495
87.4757
38.9929
-42.7347
75.1419
119.371
149.186
-66.1122
12.6078
47.0999
-70.3756
-140.105
-146.246
-311.345
-178.604
88.3485
32.1824
93.7381
10.9984
-216.106
-170.841
329.461
37.4316
-115.652
118.386
329.159
-52.1742
-63.1012
-93.6913
-97.2276
75.8083
0.745949
57.021
156.781
54.1399
13.7579
10.039
56.7698
-99.538
-59.4935
-146.91
53.9504
-163.653
144.746
196.1
-141.058
181.302
198.533
-170.297
57.0221
19.0997
204.505
317.203
126.235
-81.8179
-18.6999
62.325
-97.376
90.6265
65.6966
62.1779
112.146
155.694
49.5881
172.941
-113.214
-302.266
230.012
182.138
68.2537
338.534
43.6815
-298.282
-145.918
58.8397
99.2855
118.815
8.78466
41.647
-122.757
-130.334
8.45713
91.0902
-104.628
-59.3485
106.694
56.9251
77.6912
61.7111
9.20643
32.012
165.736
52.2417
199.093
55.5395
98.8664
13.8345
25.8127
-193.397
250.096
-104.166
3.88149
-118.368
-118.301
61.3229
-54.226
58.4451
-140.768
-65.282
41.586
26.7322
-61.9526
-65.0596
-69.6505
78.3548
10.0589
16.3675
157.901
20.7398
-209.12
-95.2852
43.6708
144.754
206.543
22.9186
89.3001
85.7055
35.1878
-69.3125
98.277
-136.278
123.646
121.234
65.765
-112.575
97.6923
-113.839
3.04433
-210.219
61.7016
-100.755
152.721
89.0509
38.8757
241.444
-75.3078
-235.414
-104.183
112.371
5.36215
129.087
-65.3096
13.8346
-100.869
68.8158
157.429
17.282
-49.8642
128.497
-140.071
-100.726
-122.384
-257.567
140.909
-74.5744
117.745
-268.262
104.033
46.6411
80.0378
84.3654
22.889
9.25025
216.879
271.291
-72.9146
-351.676
154.026
164.384
30.0602
113.31
-106.456
75.5047
68.0784
-49.6986
-51.2779
81.4811
-95.984
84.8637
29.0921
-165.957
-42.2921
23.3479
14.488
-174.35
50.8138
79.2246
8.67096
42.6249
-200.377
296.912
137.259
-74.4297
131.603
93.4676
-15.1283
93.4606
45.9476
-203.533
-147.76
3.92937
11.3109
204.217
123.516
-58.4918
88.3447
334.944
63.5417
48.5056
124.626
47.8375
40.9133
14.3035
298.67
18.4425
42.9781
137.182
117.473
215.332
53.4048
36.623
98.6584
-120.281
319.512
40.4568
83.1831
165.007
23.3197
152.96
75.3707
247.367
308.797
182.972
150.45
119.607
14.9757
-36.8056
102.072
-56.2737
124.743
-26.1603
60.9629
109.927
118.957
315.893
12.8846
24.638
-191.151
58.5316
149.436
-38.9398
-210.935
-301.667
-72.0236
128.144
108.273
240.447
-229.858
111.089
-186.667
133.241
37.9452
-120.906
75.7264
-79.099
58.1418
229.71
66.8392
71.3954
8.39842
169.646
-255.754
41.8954
-134.713
-54.8208
10.7713
128.555
64.5688
137.728
112.117
73.712
56.1524
24.2708
32.4999
120.667
-82.9484
268.074
-118.787
-307.421
42.1591
-87.3995
37.8703
-55.1442
62.3888
-51.9729
147.378
-269.32
245.165
349.603
44.0068
79.637
115.076
317.456
180.885
-183.327
31.4686
35.6932
124.13
55.7224
77.4767
24.4453
300.382
42.4954
64.9325
6.81643
-162.231
42.1489
7.07132
120.923
-179.435
-150.613
54.0621
10.58
-82.7154
33.0464
-231.302
32.5144
114.101
45.558
11.6939
71.5137
25.8461
-215.962
56.7683
31.7178
23.3932
48.0655
-141.078
60.852
44.3491
60.8784
80.1131
70.182
78.0102
18.1588
8.99138
27.4658
29.9778
55.1466
75.3604
71.0332
11.0695
57.4742
148.5
-132.12
-81.3106
-260.801
-49.7986
-84.7346
-78.7287
64.0077
177.892
69.1457
157.401
121.679
-184.062
-28.5919
-160.697
-92.8713
-88.8472
32.0982
207.811
70.2036
-277.314
-57.9071
13.1545
10.7081
-156.476
-35.5537
17.9227
52.822
21.635
160.139
36.1116
69.2285
63.5154
32.8934
-80.8513
32.6311
79.5436
137.707
68.136
19.0868
17.0175
-115.214
151.028
93.9417
57.7711
248.338
-36.3899
50.7325
15.4382
52.5153
80.2238
-134.392
-46.4903
38.1931
83.3904
-132.374
64.4175
-181.557
-35.0544
31.5414
114.045
101.913
-66.7024
-79.6124
68.8768
122.897
74.3337
42.6536
61.6291
231.746
100.855
52.0371
123.87
10.2337
120.703
82.8946
79.7736
191.201
216.247
67.834
351.817
21.417
-45.1351
119.686
62.8843
-87.7653
60.6543
299.439
-72.7405
83.6266
-98.4892
38.4064
150.288
102.516
17.1944
-110.421
97.6029
33.0714
-193.069
11.0205
68.5081
293.241
-208.706
34.0967
77.9889
41.6124
46.7093
52.4357
128.613
-63.9085
-112.529
130.518
137.719
15.9881
208.164
18.323
149.277
168.269
-85.3946
76.2345
73.4399
8.76756
17.6031
23.9564
34.8806
-113.721
170.876
-165.754
313.481
-48.5137
153.953
11.5611
175.603
93.0472
35.6492
-176.836
235.809
54.7005
-71.8029
-139.524
46.5743
101.883
342.234
-86.1199
160.919
183.332
-42.6631
38.7767
167.974
-311.567
-109.807
37.0335
55.0986
-131.784
49.476
-148.461
-97.6666
24.5516
5.193
76.7484
145.46
-318.919
120.775
21.1124
31.9508
63.7133
28.3251
105.301
111.128
314.071
13.6236
-69.3179
28.9785
132.317
34.013
-213.003
-47.0827
-75.37
143.219
62.9814
39.4895
95.2716
22.855
13.9901
-110.504
-69.2239
28.584
30.2651
13.4902
118.354
-34.16
75.4623
14.4915
144.809
94.9136
35.4045
12.0095
351.738
325.188
-8.08386
-75.4368
132.778
13.8517
83.8182
-61.2253
-127.958
285.859
159.332
36.362
-252.722
60.1477
17.1208
53.2813
42.6844
48.8936
-100.987
28.4558
152.236
44.7781
43.0602
-266.111
195.815
-87.9786
219.688
77.315
12.7601
182.911
56.4542
5.97539
4.61977
74.5944
248.192
15.6566
113.189
-114.794
102.57
-117.195
14.1793
52.221
-57.8733
99.7088
-83.8523
65.9601
-43.0382
152.469
35.4455
155.681
-174.726
142.687
126.871
103.96
-261.501
4.9339
-22.1283
281.769
25.2642
75.6636
144.451
80.7862
168.505
37.3971
38.8812
10.4817
59.2146
27.1235
-128.462
81.1787
85.7252
30.6167
49.7031
52.4519
97.6124
136.815
35.762
129.48
66.6602
-25.5548
-126.457
39.6343
-193.21
-50.5807
-109.567
129.721
-286.021
137.871
-47.0331
321.857
-62.388
14.4864
10.9804
205.639
53.0852
85.5418
73.3437
-89.3083
-76.8187
153.989
185.876
23.7673
14.4131
-247.325
-63.2962
52.6607
256.36
-29.3439
-103.737
144.704
72.5554
302.729
237.197
37.2
81.446
11.4013
88.9634
9.43317
-43.8554
10.9601
-79.7378
95.3741
255.128
20.765
-57.2226
-33.058
60.3694
77.5469
21.5563
-157.324
145.262
-87.8718
250.04
121.051
-55.2059
97.5467
76.545
98.2321
97.5552
34.3551
54.8713
-64.8467
-42.1288
57.8938
67.5909
-41.0849
-71.7565
28.1078
-88.6342
16.0774
-50.0082
58.5569
25.8424
13.3326
-132.443
-138.839
105.981
-163.273
52.6878
43.4122
50.8991
98.2769
-85.7181
-305.672
-141.154
-73.101
105.962
130.895
-162.629
192.78
12.4759
-118.625
97.699
109.597
176.241
102.988
95.2929
35.5336
-28.8222
-171.845
29.4628
278.399
46.7563
32.2202
-67.2302
50.755
126.471
135.032
-88.974
-203.025
-82.8479
-41.7675
-63.457
85.8834
129.972
-197.318
31.9613
-7.52932
36.2431
-351.536
-106.444
-149.085
199.042
29.5587
230.131
-46.5603
25.1565
-50.2713
55.8837
-186.281
90.7722
-148.747
64.0652
-52.7276
51.2418
15.9273
-294.417
-63.8272
149.861
-38.7373
-93.1423
24.5441
186.878
-136.077
128.271
94.657
88.133
168.981
-98.4611
157.422
-44.8656
-70.777
56.3216
63.0942
64.1981
53.4218
86.9939
105.856
205.391
-44.5207
99.7788
46.4513
82.4917
131.09
37.9178
31.1134
-65.9442
-5.36441
75.592
96.2745
72.4724
-142.897
-50.6102
351.837
52.5152
-106.568
-148.226
-119.938
29.1795
-158.53
157.534
160.452
127.742
24.5984
46.7306
81.3755
13.9089
225.69
62.1158
35.9311
333.814
-81.5353
167.967
137.281
45.8985
17.768
-99.8106
-141.701
-52.2849
149.82
322.446
151.747
46.5457
23.3068
-190.423
30.0757
161.156
160.4
86.7077
59.6319
123.022
25.9506
107.836
34.5913
216.55
304.26
88.4745
263.364
12.3086
-19.269
45.2352
199.804
125.748
91.2274
299.171
-70.5208
320.748
-69.9121
-57.1459
138.562
31.0394
126.069
48.2984
55.7408
53.4476
51.0499
12.6569
78.4381
13.2294
-276.082
-104.047
-59.0133
117.585
51.6131
37.7927
21.8534
-38.6499
-54.1345
-75.4217
71.2703
19.7254
53.8778
351.483
146.08
-111.129
21.7053
-95.5944
10.4253
122.59
17.2583
54.9908
249.365
137.553
20.6064
3.29181
185.181
89.8463
-126.137
87.6525
317.696
200.214
57.0241
-50.9848
21.3872
38.7473
-75.0042
-197.349
266.89
19.1483
27.7755
64.7422
2.30664
113.732
-47.4728
7.10664
18.2968
33.3333
13.6672
26.3981
54.5183
-157.044
-177.847
163.629
117.507
61.7683
-132.184
-71.5609
137.388
-286.874
30.7602
80.6478
39.0339
-169.365
-72.0306
98.4519
136.899
39.1584
-166.021
51.8826
147.843
-36.421
191.047
148.29
111.959
213.206
154.509
74.0396
87.6332
177.447
23.0296
120.212
-80.6034
281.347
100.958
-77.7087
95.3109
25.5759
-77.9964
73.2523
43.7537
-71.6176
18.7822
126.708
87.6377
-122.779
67.801
-88.4298
101.675
86.6035
129.357
134.89
125.493
-128.979
-94.4265
-133.886
75.263
-148.581
-52.029
93.9975
103.92
42.0518
116.325
193.528
-167.892
47.0846
49.4404
31.5225
8.25514
55.014
161.096
5.23522
-107.745
57.369
161.303
-76.8437
21.5317
63.7748
-54.9248
-152.697
-108.969
24.3897
176.989
77.0497
141.569
124.397
-150.092
30.5992
171.002
-144.455
173.307
57.0478
105.019
-150.427
-110.782
-151.198
114.045
165.131
46.0686
211.62
-39.3861
65.2671
34.1327
-308.094
126.738
66.237
28.6472
10.0603
47.2554
-247.531
-38.9115
-53.5994
55.597
19.7033
181.519
48.2394
-48.7105
47.9365
-37.6331
127.164
131.847
105.381
-95.7475
59.8226
75.9835
-147.252
32.6884
11.4433
-63.2644
324.512
258.889
-60.0003
-166.07
85.0157
48.8867
-91.622
128.859
51.7713
123.894
31.627
35.0662
105.636
-132.268
128.466
-89.7092
109.062
32.121
78.1103
-73.0763
149.192
6.47606
33.5029
28.6901
5.67103
91.4352
109.299
93.729
5.84221
259.71
37.2838
-66.8527
19.9524
3.92242
-335.428
-164.849
63.6867
-66.433
78.8978
193.785
9.49631
-60.7104
-250.391
192.478
62.7192
57.6179
37.0089
59.5188
-88.6499
90.5275
-193.837
73.4227
-86.3187
189.987
254.87
174.17
4.98996
-63.364
72.1852
-75.3827
107.039
-181.761
30.8082
-159.552
132.918
116.008
-255.479
117.926
50.9765
-102.982
58.0238
-154.906
80.5063
-50.5622
50.5911
94.9765
177.978
33.3063
28.6128
12.0174
29.756
45.1126
162.802
160.637
68.0586
-66.2812
73.2396
63.0442
26.919
-235.441
102.021
187.401
73.0365
221.572
-167.609
25.0905
176.687
-121.285
104.118
94.0185
156.435
30.8808
58.7748
-180.42
67.0021
-144.662
11.1457
-183.281
29.6096
-138.542
230.691
48.6921
17.1545
-166.242
-21.8625
-188.978
38.262
143.947
36.5088
136.006
24.531
-61.1929
65.5331
24.0968
81.7743
-110.42
215.05
110.63
55.8455
19.4685
-69.0496
33.5978
-72.5979
258.371
27.6154
-51.3413
278.688
106.538
57.6791
-138.179
326.421
165.844
254.916
-75.4989
5.79306
21.6809
-119.38
122.417
60.8617
-58.3579
191.342
47.0897
65.7961
108.766
69.3801
86.7222
5.46366
-74.1405
36.1787
138.307
-66.678
147.764
125.541
-35.123
45.0715
225.771
107.722
3.00272
74.477
-100.23
148.491
-139.559
-63.1645
80.7421
44.4867
5.42598
61.8929
162.533
104.758
130.082
-136.196
39.0887
33.784
77.786
-69.7003
255.05
199.994
44.0458
239.862
27.4813
59.6112
7.3057
21.3411
-173.372
170.996
113.312
115.365
40.0226
-139.215
24.8898
18.4126
44.9613
-136.846
31.0573
116.012
-85.3233
76.8201
-73.2609
64.7088
32.2175
47.1513
178.247
-121.949
-7.92909
38.2683
344.292
245.034
144.34
74.5266
32.3269
-83.139
65.2767
119.185
-65.1295
96.6061
-351.58
44.9122
177.924
46.4876
25.8362
-61.5667
64.8863
-186.424
71.4339
128.789
-224.802
-83.9384
48.1776
31.9756
10.0663
84.205
66.5762
62.9072
115.563
66.3547
19.2684
100.256
-22.461
86.7307
-72.8192
82.5036
107.378
-114.457
56.5875
50.5047
30.1529
-158.757
71.187
324.464
13.1103
-77.492
193.029
25.4146
51.9988
-264.272
-148.073
102.427
22.4681
166.612
240.4
188.75
96.7273
102.108
-59.0577
146.661
50.2301
-51.8964
151.812
76.5494
-265.556
33.6087
-51.7226
155.781
129.811
320.809
-74.5497
81.6678
-74.2857
63.955
-93.5966
32.9804
17.0401
31.3821
266.108
-245.7
13.8513
39.5959
10.354
51.8107
72.1158
46.2576
7.86761
24.4981
-17.4368
57.6509
-107.689
48.1012
263.979
67.6332
-81.8064
27.4942
49.9962
-41.9607
111.982
222.969
-129.558
1.95399
-96.5698
-34.9524
-65.5991
-183.191
-57.7743
65.5032
27.261
352.456
50.5197
183.957
-53.2577
259.761
48.5051
-126.122
75.7447
-70.8676
35.1233
52.4422
-312.587
86.5568
21.3574
15.5076
171.57
-125.194
-311.063
-314.99
91.918
-116.314
351.921
219.773
196.076
108.586
-26.8295
-6.75215
32.3015
50.9567
341.165
45.792
50.0726
-23.5482
190.974
53.7578
-179.884
196.136
137.352
35.1125
-119.341
122.648
54.3897
-40.2931
11.9452
8.64947
55.9127
109.163
23.4697
-163.877
79.2846
-23.6491
17.9229
194.812
68.5291
139.964
73.9129
226.368
38.0195
62.0937
29.9587
99.3645
-132
282.183
94.4441
21.4647
154.249
114.142
49.1348
237.924
185.794
32.1588
123.121
88.1728
187.356
-173.511
17.1599
183.628
-132.025
-108.29
190.921
58.6059
11.6404
61.8087
229.06
252.545
-41.8212
68.6342
253.649
208.312
-190.788
57.6846
55.6866
-46.2188
-247.653
-84.417
2.10296
-46.2012
-23.5699
-128.972
23.0132
58.6646
98.6846
28.8835
322.346
-176.19
105.269
211.95
119.028
119.882
-60.5513
-80.5391
-76.3799
22.2069
-113.236
95.9808
-58.6894
66.892
51.6987
11.261
228.976
29.6235
-118.579
-58.7143
21.2097
55.3522
26.3126
63.4971
-55.4174
-69.3236
-52.1219
92.9681
82.4599
71.7233
211
-83.0047
-112.794
21.116
185.817
141.561
138.99
211.93
351.774
73.8484
72.3148
230.666
-110.218
128.168
72.1241
-59.5632
133.257
15.2358
13.5825
20.6441
103.252
29.6096
-131.196
-50.0759
-17.0251
-351.943
-91.1283
47.0392
81.4725
20.9029
12.4303
112.165
47.4815
-350.045
53.2864
96.2391
89.3429
21.0045
18.0455
-63.1415
8.07072
61.8833
54.8241
25.1692
66.5534
166.82
-91.607
-81.7217
-73.1717
98.0577
-45.789
-34.8305
-105.228
315.245
12.8947
100.356
-81.6972
41.4906
-43.864
226.552
-50.0139
101.355
258.103
319.044
86.9055
-55.0883
65.0598
-57.8177
59.7706
171.347
299.028
46.3706
83.7101
27.9383
-96.26
-195.624
49.2281
304.008
44.6194
139.73
139.268
19.4648
181.915
60.6894
14.3246
-318.484
26.3933
-97.392
18.1434
22.2497
46.0994
170.209
22.6976
-128.437
149.053
126.575
180.268
-104.986
15.6293
-312.571
161.465
21.5909
22.8065
-58.0386
-57.6507
2.12067
-145.365
22.559
78.2229
317.282
20.7651
40.404
89.1028
70.2238
143.107
109.035
40.6568
43.0216
175.066
58.4292
16.0572
-51.3587
163.783
53.7266
-138.285
80.1565
65.1439
43.2951
74.0341
-54.5186
189.5
17.9569
46.4174
17.296
-91.808
95.8854
-50.5881
180.834
34.4331
337.35
9.6498
107.383
-351.159
229.333
30.61
-181.209
-64.6134
106.802
51.9638
-155.309
49.4803
69.2967
27.1769
51.1301
18.8123
-67.6613
-27.1659
67.6946
45.8479
63.7559
-212.547
-125.279
76.0363
92.372
-25.7935
-213.963
14.1661
-252.989
63.9239
17.7842
51.5751
-6.50299
219.22
-53.0584
66.2415
-114.714
90.6602
130.295
130.096
124.335
18.5143
-51.038
92.0345
113.714
302.563
-135.86
30.2225
92.9989
-118.457
45.448
-143.327
343.247
-248.536
32.031
-97.3921
59.104
-146.099
-90.2854
-60.7485
-58.0953
-122.448
46.9922
-91.2869
38.6369
137.099
-96.7711
-139.298
19.502
37.3925
109.704
222.246
140.93
68.3038
129.342
134.784
126.778
33.7713
105.48
-72.6832
204.605
24.3328
63.1073
24.5373
85.6978
114.984
155.337
68.313
221.887
170.073
100.424
19.9922
57.5684
-264.564
31.1926
-58.5287
63.1015
21.308
-149.184
103.772
13.704
16.8574
251.159
201.445
145.427
52.0133
239.858
270.269
120.899
-126.829
21.0269
44.7819
20.2658
-65.1398
95.9966
101.178
-41.331
99.0669
228.6
183.91
64.3119
65.7335
-56.9131
205.831
89.838
-213.591
78.3164
-82.6023
9.97217
77.6528
57.1203
228.051
130.995
28.8082
73.5238
338.421
-53.8588
58.9276
322.716
95.3172
19.616
171.016
-62.8899
-120.05
-50.3934
115.703
-114.425
97.7838
18.1845
-149.2
-71.1341
-100.251
118.151
-29.4093
328.52
57.7859
-58.2006
-98.9603
94.234
-58.7864
137.905
-217.117
64.258
-110.687
16.3851
29.5323
-62.945
-35.1079
15.6132
-217.789
147.823
90.1829
58.6935
46.7698
-121.155
41.3737
130.461
101.397
99.1604
-83.0085
30.9516
-59.6685
80.8807
91.771
173.948
-161.644
187.494
29.4286
54.0175
9.22401
93.092
63.0301
-104.444
-76.2136
267.435
144.894
-64.0433
-94.8405
-46.2932
-67.2052
15.1749
76.8249
13.3607
180.06
60.0033
92.7073
80.5291
-76.5142
80.5245
49.3553
249.301
-201.752
139.31
11.0261
29.6576
34.5806
-51.1776
46.5619
-242.148
-162.881
116.508
-325.227
-83.7059
220.409
-91.6605
15.8571
10.2755
105.768
77.5781
-86.5186
2.47094
-293.269
127.596
-123.316
-74.81
-169.524
15.9769
-333.101
172.58
-118.379
27.2119
39.6567
-112.293
44.7068
125.787
122.54
-179.893
-150.262
14.0448
21.3519
17.1881
133.644
17.4647
221.39
57.7806
351.236
11.6102
25.2756
237.101
27.9375
336.667
58.0386
-109.003
39.3227
72.0702
67.8305
179.951
201.318
-113.216
-251.316
87.0044
33.1462
113.506
20.2659
101.593
27.8254
-21.1223
-162.594
9.04543
285.838
-76.0779
23.3445
-45.9432
22.8185
-115.163
-290.697
69.6782
264.048
-165.909
13.3046
47.7605
19.0597
-121.985
254.515
29.7307
-57.803
100.564
149.471
64.4706
71.3909
-206.882
245.159
64.8631
54.0124
9.39777
167.622
28.3665
54.1648
103.133
-99.154
51.0367
-38.2543
86.7489
134.285
4.06866
62.8144
47.5653
-76.4843
43.0155
-178.493
60.0635
269.697
50.6196
51.4558
53.2052
108.283
22.3835
64.9569
9.55099
-176.822
21.9386
52.7349
348.591
75.5531
-55.4286
36.3328
69.8724
39.966
48.8688
-67.5727
-77.969
282.201
82.1233
95.4044
-83.1373
244.381
-157.703
200.78
-141.863
-153.948
101.173
41.6677
-129.715
-87.3788
107.648
17.9205
143.316
118.642
78.3387
136.817
13.4596
33.7795
-87.7785
22.1452
55.5313
43.1411
30.5936
-248.575
159.462
106.613
165.03
51.0893
-65.3214
147.532
86.2653
-222.004
31.5651
27.258
66.7397
54.9297
-68.1441
22.168
-41.6403
148.925
-88.7874
205.291
97.3208
160.324
52.0715
-331.969
65.0832
102.469
119.302
18.1562
49.8381
-74.047
345.123
-91.6868
13.8486
82.7964
-111.655
245.37
17.012
73.687
-37.8582
97.7141
106.098
38.755
48.2346
48.4863
139.884
-196.836
159.527
82.4318
23.9012
-59.5351
54.7657
112.244
-140.894
39.8033
-89.6107
57.7489
66.3891
15.6478
71.4795
180.69
3.88332
39.7883
12.349
-49.6139
63.0376
-169.063
45.2405
-55.4805
90.5428
43.2369
22.1351
-151.205
62.3667
198.294
348.368
66.8342
243.183
-54.74
85.9856
243.213
41.7444
75.0186
268.681
165.998
-76.487
87.7081
126.109
63.8085
65.8071
18.1306
54.3632
-103.281
160.053
281.518
-74.6089
60.0833
121.242
197.711
64.8462
-69.8077
342.196
164.702
77.9411
24.8122
27.4621
36.054
-30.1908
-72.2322
-75.9069
32.6619
199.902
22.9677
-156.495
66.562
267.064
63.301
36.086
66.0979
-107.969
20.2833
51.7042
192.249
70.3264
84.2435
84.3497
54.4918
14.1739
179.152
78.3078
-79.101
10.6037
83.0086
49.3725
29.2822
56.3865
35.0027
40.27
33.0194
221.351
27.0583
-68.2401
98.4541
-31.7873
41.6531
116.784
4.00142
100.179
52.1908
15.5849
143.364
60.0721
52.8508
150.039
20.4326
81.9866
66.1189
139.584
-49.7161
7.46692
22.4105
55.8239
63.0697
-70.0763
20.8844
14.974
79.4404
156.54
53.1017
38.1812
1.36762
57.6644
178.138
47.7993
48.9417
191.852
-187.625
18.3548
281.34
40.8713
-61.1205
-181.082
78.5668
31.9294
-28.3246
76.7477
144.65
51.7521
-249.177
-53.9788
-289.474
70.7837
-130.864
31.7747
162.021
59.161
69.6503
-119.298
155.05
-185.456
43.7389
-94.506
32.2485
126.341
52.5716
194.41
-136.785
15.4362
7.67811
53.2512
221.235
65.6999
90.9651
351.784
63.5257
48.1092
23.1204
50.8344
7.36098
-66.2596
69.1857
103.718
127.882
21.2125
-109.142
-199.804
259.17
68.8118
-87.8851
44.3988
-6.69915
22.6826
68.9543
-53.8942
117.505
74.5942
61.6201
-40.2087
138.976
-52.8036
173.887
51.5899
39.4739
162.87
102.021
99.7638
-181.181
-145.786
-190.146
8.5752
70.5169
34.4122
12.3124
194.063
32.1392
-316.475
239.51
129.971
-49.7856
52.7552
268.04
-72.1764
133.468
-290.492
14.2596
110.382
13.5774
59.2705
146.407
8.64945
230.726
66.2699
40.0892
185.831
-53.4736
-154.72
53.982
20.8714
140.588
-66.079
328.092
22.8533
26.9327
76.3295
24.7712
281.846
70
-127.618
36.4895
326.234
-36.2361
38.3883
101.881
-34.0263
-61.7422
-308.13
-148.692
38.2467
11.4066
163.338
188.082
72.1898
132.824
-51.4947
-92.0159
17.9226
300.872
12.1478
9.46171
51.2426
33.4167
-60.2157
4.02904
149.049
291.919
80.6151
-89.4314
108.607
257.361
93.5965
17.2312
121.679
-10.4573
-76.5307
59.1062
105.281
6.59081
19.8421
48.2291
37.6441
78.9235
23.1767
-48.8458
-24.4623
6.46616
38.0619
14.7108
-95.9038
66.5936
-30.2227
30.8071
36.6512
49.6833
65.864
102.017
-352.781
-111.297
58.4556
184.991
-59.2524
89.174
41.7635
-60.6677
27.9921
-107.014
-220.625
-178.634
261.974
-119.877
49.9244
18.0938
94.8307
78.104
-47.4081
-46.5858
27.7671
11.3125
196.607
256.338
81.985
14.6114
-73.7696
49.1037
92.1067
-36.1928
-135.901
253.953
68.1778
20.7963
129.683
-51.022
9.97837
119.517
-106.195
-150.159
-67.7273
37.4075
144.323
53.2508
-262.087
100.996
43.6052
-58.2542
224.48
58.4623
223.64
28.4121
16.6011
91.8163
-67.133
212.275
74.7502
-98.0171
165.813
140.47
78.7108
-148.399
-66.0889
20.4379
-62.6435
23.5033
22.1873
63.5662
-59.1451
205.694
14.4442
300.637
170.474
90.7974
-36.5241
239.556
115.996
33.6545
13.8795
207.134
68.9351
82.5035
62.5626
25.1669
226.237
255.375
55.3713
81.2506
28.6978
204.136
53.0143
246.759
19.04
57.0106
61.0502
194.025
45.6211
30.7438
32.0019
255.278
-64.2089
26.9388
130.301
17.1636
63.0277
149.053
331.949
-321.564
47.2578
194.683
47.9472
-63.9969
102.503
-60.0264
126.335
21.3212
-64.1505
-142.368
-45.8679
130.392
48.799
51.1642
84.4032
8.02639
-71.0549
159.745
85.5774
95.339
99.059
116.718
39.2218
51.6145
60.1872
-64.4829
144.347
-59.719
-105.114
109.467
155.795
22.1759
194.941
67.5377
54.4621
-62.7425
-203.111
-182.405
115.189
66.0932
169.113
120.188
-24.2399
42.8634
-73.8351
-56.4324
-101.135
76.3035
-52.7622
17.0489
151.048
-101.773
97.5854
21.4244
55.6391
12.6364
-45.1961
-95.28
-162.605
-132.541
161.384
93.0306
-37.4665
-53.2925
25.7692
-271.995
8.80128
-108.901
307.683
173.024
99.8756
11.3987
90.4511
180.288
-56.5939
-194.619
163.663
58.4467
107.779
89.8581
22.0182
105.713
17.6697
156.056
45.372
9.00305
37.2159
10.9446
-100.779
155.53
157.968
-144.037
2.66215
44.1555
-176.429
8.77724
253.871
138.678
128.2
-33.9617
45.9967
-119.185
-107.967
-55.6918
129.963
-66.4282
-55.7754
33.4379
-109.067
-173.512
29.2433
139.586
21.0855
125.64
-204.148
42.9058
161.975
98.1931
-223.771
-52.5143
62.4475
52.4775
-11.5434
5.52227
135.084
53.7262
-310.399
195.6
-98.9423
-84.231
8.66254
85.329
-130.356
256.154
-301.203
56.9618
-39.1296
91.8369
1.39247
296.57
113.093
47.9832
127.767
156.15
316.649
-53.796
18.1448
100.69
233.262
229.687
192.7
3.75036
14.7689
-100.998
25.3204
25.9719
72.9942
18.3301
28.915
217.668
351.541
-66.4509
59.6899
41.9382
39.1413
207.888
63.908
42.5759
4.33044
122.581
15.8565
-137.835
32.273
69.1943
8.15852
-62.8612
183.998
57.7674
-41.1414
141.169
-50.4376
29.2328
64.6587
351.944
40.5775
83.4247
-81.9103
-92.0907
62.7823
-39.5169
184.795
-295.716
114.301
-31.5644
5.34226
46.0682
-69.8343
-242.174
146.946
-163.863
66.2117
98.4975
131.885
-91.0598
119.558
11.2327
161.915
-39.0529
-187.268
53.4064
191.647
-59.9396
25.9
58.4116
3.48631
5.84785
-137.997
27.6477
11.4322
44.9389
56.3335
191.686
101.355
7.86683
-115.72
48.4516
82.3441
22.6865
28.1678
-61.5008
185.578
-54.3677
-109.386
148.183
130.394
16.914
78.7477
191.24
46.4167
-54.8764
63.2343
71.1217
30.1916
68.8644
53.0095
-87.201
62.8788
-143.089
35.151
169.53
-147.515
-144.407
58.8133
54.8831
66.3872
73.2428
-132.45
76.0659
90.7445
7.8278
287.567
243.625
183.829
165.16
50.4383
37.6733
-37.6277
14.1917
12.6253
244.53
50.8217
18.4883
-124.443
59.0923
-91.9894
12.2217
75.6117
-63.9716
32.9929
-93.5277
244.686
16.908
39.2589
106.161
48.3689
50.4935
61.2124
62.2302
38.355
93.5402
-121.856
98.0079
-209.646
45.2934
68.4431
82.9719
90.1743
