22.1185
82.2342
326.477
6.26093
27.6899
54.6205
-244.109
-203.243
24.0138
-244.743
99.7447
242.079
-66.7943
-57.6392
92.9551
103.659
126.448
17.5951
-50.4617
120.921
35.2517
110.773
36.2268
86.0888
164.228
75.8126
33.9193
128.544
227.988
176.383
-337.39
16.9773
-112.817
7.46488
152.157
-56.7342
-14.8623
132.676
10.5267
87.3097
-58.2948
7.47696
151.85
156.96
-190.966
-114.963
319.874
10.0644
36.8453
-73.0068
-293.762
37.6218
-303.296
21.9418
-102.271
127.682
61.087
13.792
142.444
131.729
-120.134
14.4492
-47.4093
96.2549
-119.64
-79.7448
35.0544
-8.07259
-89.0829
-125.743
162.49
-79.4361
125.031
30.3425
-201.246
-62.4597
196.113
20.2625
177.095
-117.059
351.635
-79.5676
105.48
7.16522
-117.538
351.64
-186.358
-58.0729
88.2653
-52.5342
-67.9426
-38.2321
117.563
351.867
46.3149
-32.9305
-144.563
111.929
-171.368
339.968
95.5653
153.395
17.4812
-44.7123
-71.1025
-60.9554
-64.4411
102.129
216.551
82.7676
-96.1411
-108.395
76.4397
47.1796
29.992
63.0542
-68.5563
-119.225
67.4208
-176.497
131.569
74.4677
148.401
-47.7779
13.6244
-47.6685
-76.329
-236.877
-311.596
86.5433
38.4855
12.9963
-38.8412
-95.95
-122.592
76.1878
54.6557
-69.9803
28.0531
132.691
43.0796
78.8315
46.4774
117.773
-245.555
192.998
53.2787
-176.578
15.5227
26.5372
252.856
-90.5261
90.9835
213.751
25.8998
138.804
-63.7639
266.742
39.9084
68.113
49.1875
18.8905
189.514
196.889
-128.786
164.615
88.8206
142.091
191.479
8.25926
28.0781
-56.8847
34.7505
111.932
102.87
194.847
67.3266
-49.3025
138.485
38.5912
114.453
-100.924
45.0014
89.4694
82.7056
48.877
127.695
153.164
258.528
69.6234
8.93063
-73.582
95.4589
5.13906
-143.87
-225.832
197.091
51.9651
20.8303
16.3502
3.46408
23.9502
125.125
-101.952
19.6651
110.233
-99.7147
297.049
195.025
-74.0972
9.52982
64.0064
188.815
41.107
-38.6354
39.7332
74.1847
63.8082
37.0508
-105.493
-71.5663
-52.6662
159.814
12.3405
-37.1559
119.55
105.598
57.0794
55.387
186.27
302.109
-83.9676
70.5856
208.83
-265.858
79.6017
35.7687
-36.4565
86.9633
26.2674
18.7505
28.0686
-215.304
135.888
149.529
-123.597
0.96184
-66.5074
104.741
146.965
54.7416
41.4196
147.836
-219.237
97.7078
38.7046
-63.132
-59.4833
277.721
-103.458
123.191
43.4752
61.6264
-98.3877
59.7489
-119.603
-284.659
-65.1252
-61.353
30.385
230.976
50.6453
23.7608
61.8359
125.864
165.086
-55.3462
53.3846
81.9816
-65.4347
60.0247
-51.2113
135.951
60.6642
64.1414
80.2187
67.7804
-163.508
62.2854
174.262
334.543
29.3614
83.3188
-50.5583
-159.567
-173.33
22.3976
74.2327
135.758
174.795
103.151
51.5214
11.984
28.8066
75.334
351.681
81.924
102.266
40.3059
8.51181
-78.3609
59.7379
52.3409
52.2557
259.002
8.86172
56.0477
-75.9349
22.8208
-291.71
29.7433
89.3119
224.605
39.816
10.8386
52.7746
75.4823
97.9854
200.612
-129.333
38.6136
49.9353
-62.7941
189.504
246.532
129.425
336.275
24.0702
-265.475
37.103
-147.474
-134.527
9.29877
155.963
-117.145
-67.5038
-83.655
62.2527
210.5
37.7896
219.995
17.5547
70.8563
34.0533
13.8406
68.6197
9.89775
-56.5279
19.9157
17.7466
26.6978
-105.528
-59.3505
-169.712
-101.84
-106.338
79.434
-54.6447
24.0427
15.9948
177.548
-44.2851
-53.968
102.816
169.875
74.286
191.96
126.527
86.8229
-126.686
142.959
-59.7088
-117.897
-334.178
75.4232
4.19784
-62.1865
80.3981
-93.5745
-146.81
196.597
-77.2947
-130.131
-53.0414
60.5502
38.0271
9.32818
33.3178
77.4978
-48.9546
-77.0624
-120.516
51.9754
1.30004
69.4373
17.3564
24.1258
150.003
60.9219
352.192
-81.2842
11.7825
96.7921
-58.5881
117.068
41.0156
159.868
-68.6496
33.0253
71.4081
41.9567
49.0564
65.2209
20.9445
-61.4658
-33.5775
-99.3046
3.65254
-122.381
349.758
-69.9838
50.8575
-116.557
46.4108
58.3507
-58.2567
20.8822
80.2609
-56.4142
309.64
-23.4953
-126.847
-301.889
-61.9856
49.3873
100.872
-66.6938
-82.9783
14.8524
88.6375
-98.9042
51.8375
-153.08
11.9354
-29.8547
14.5248
70.4496
-189.876
-263.616
83.3409
184.029
100.873
96.7594
16.2577
-99.6703
34.7711
36.7479
69.4434
51.3652
66.3796
39.206
-274.794
26.9682
179.902
216.527
-53.4305
22.6469
-118.593
-68.108
38.563
107.053
126.043
81.9715
116.711
-197.941
64.925
134.117
65.5259
26.9708
53.5877
3.25227
32.1943
163.203
-43.4363
107.507
-124.403
104.911
29.703
31.2886
14.099
31.5695
-141.122
26.6136
226.926
86.55
197.048
13.5488
28.6669
-145.686
11.9135
36.365
85.3787
201.648
-76.4425
328.712
73.2621
-46.1746
100.217
14.1188
68.2273
86.3574
18.6305
105.017
61.1891
-207.548
60.3777
268.193
138.582
-65.8352
20.1613
134.297
101.702
62.1636
-80.6196
-56.6231
99.331
-48.9363
15.2472
93.8421
170.779
-220.047
92.9828
103.846
178.711
-153.418
39.2101
-84.6043
117.698
-93.6839
5.86094
144.735
-74.9944
19.3721
76.8804
38.8095
48.4091
-223.77
-190.367
-293.266
50.7661
125.115
-137.949
-313.387
-129.48
-105.403
-81.0683
45.9759
123.758
120.422
-352.101
67.8703
-32.4045
-45.5887
-61.9484
25.6555
20.6622
51.9826
67.3071
107.159
123.907
60.925
11.1271
170.271
204.303
152.246
-65.7262
28.8018
22.5964
-119.596
98.8989
50.9167
62.2504
21.629
21.3494
-210.868
82.2811
12.5551
124.55
15.1061
85.2364
73.1472
11.5175
78.0597
36.481
213.825
54.1666
-91.9632
61.9053
11.1577
-167.7
45.6971
103.178
-52.8256
-108.142
109.929
19.6612
31.9423
24.8386
344.797
14.0575
-78.9075
39.1723
46.5552
112.066
68.221
-72.6613
11.1179
81.9594
73.6794
27.2989
42.3077
11.9643
-73.1421
137.268
47.3261
20.4926
175.238
4.49474
79.5672
114.003
94.6466
129.335
-81.7737
-164.333
201.771
42.0821
63.6336
26.222
46.7056
97.3657
156.038
24.696
48.0415
-51.5415
38.5875
59.3801
44.4114
155.007
38.2107
-101.251
-76.6888
-132.375
11.1843
-95.841
133.484
-43.5713
-113.401
83.9459
12.3429
91.076
129.331
58.1325
48.1869
57.1646
256.582
-98.2394
85.9618
-136.139
87.4775
-84.4311
-48.2654
6.15658
22.0064
190.48
33.2103
-51.9841
56.2886
-187.939
-48.1542
19.0655
55.0753
153.512
10.0761
43.8274
182.803
-51.3314
17.9948
201.946
82.3211
42.7477
122.88
54.7255
60.2419
-101.874
105.17
-264.771
-187.017
40.4283
49.512
69.0061
75.1137
63.9771
25.1256
215.437
13.2566
106.116
-62.6982
73.0628
7.23503
37.2594
74.7245
102.42
50.1531
67.8048
225.872
-171.883
23.9656
16.8889
96.4014
35.2284
8.85807
124.245
152.289
70.0726
15.7236
33.3121
70.8383
160.014
294.541
6.87051
22.7433
137.178
103.819
105.954
16.0951
111.029
46.1998
4.38709
193.753
171.362
20.3332
293.57
189.969
121.595
68.7049
35.6819
99.3853
8.64517
24.2318
331.417
151.03
-65.9667
16.6732
-26.9924
20.675
97.9571
-86.7744
175.537
199.404
-148.786
30.5611
126.82
177.466
10.2965
342.479
110.26
-61.3253
-45.8368
21.1286
341.065
-115.816
69.6719
9.1491
62.1648
-128.27
154.552
65.8382
25.3106
121.375
-96.2506
57.7526
-347.714
99.6996
191.738
56.34
8.77193
86.9817
222.588
-197.981
-125.219
131.651
-43.9352
103.378
77.2064
51.2518
106.802
295.543
196.259
-155.991
35.6815
101.89
-208.489
-64.6076
-120.368
55.4596
41.3519
179.834
-352.189
71.7173
252.149
-57.0236
150.887
87.7427
7.75405
61.4091
-27.0776
-315.565
-131.842
-116.514
76.6212
79.4286
-85.7965
-103.245
13.2821
149.441
13.025
109.756
61.9069
88.6395
181.282
-106.172
62.4766
14.5076
88.5954
73.684
-217.383
-227.67
34.9242
8.15473
101.258
137.47
-38.9211
-53.8118
29.6191
-141.413
60.9204
-130.935
26.8328
32.0518
44.5998
37.1037
100.509
263.55
21.936
38.9753
-46.7924
330.026
63.8035
58.5388
97.3305
175.553
197.86
79.2553
-118.265
-173.473
187.88
201.217
-98.3631
93.0381
113.719
9.93031
42.9759
-232.394
14.6896
-38.474
-103.563
88.5954
-86.0504
18.5519
173.1
20.2563
24.4656
73.9224
118.869
96.8558
72.5506
15.7132
44.4703
193.208
190.5
111.02
62.4744
99.2986
-110.735
-98.354
36.3642
82.7526
-192.551
-66.6116
-67.0626
23.6526
151.393
126.459
206.458
-219.247
-26.717
24.4983
-62.9528
-145.988
-72.5894
104.699
37.0038
88.7442
121.313
158.951
-127.137
94.6676
-129.264
100.485
25.5636
18.3294
76.7301
-88.95
63.8601
29.1928
80.8206
130.363
-138.172
-243.06
23.3408
63.486
-73.3678
-46.4992
104.148
216.214
14.9986
14.5431
-54.8272
279.772
43.1976
-63.3172
-48.0576
-105.229
-140.675
-113.459
101.117
113.986
352.112
14.0712
170.057
-212.267
148.328
121.563
225.929
52.7837
33.8146
295.264
-84.7827
66.0972
-120.768
-46.0294
86.201
124.832
231.746
-22.5459
236.459
93.7144
56.6686
-126.861
-147.891
-131.135
23.0159
-157.719
44.2314
265.274
38.4457
141.56
16.0479
154.915
58.1198
34.2499
87.8421
110.71
29.3199
88.815
79.8601
17.8953
127.715
79.7333
82.7461
11.281
-167.71
340.987
43.2794
152.202
-118.251
24.6171
19.0107
83.5303
118.826
-285.864
-44.0117
67.9038
-99.5048
97.1729
56.9722
-52.469
15.6243
197.331
132.165
9.17875
8.589
31.7671
213.654
53.496
37.6062
197.975
228.704
59.3979
207.479
16.3332
-97.7249
32.5873
18.7797
56.2909
184.565
65.1572
43.8942
46.7089
11.8796
36.7192
33.304
-114.799
98.5562
-36.7002
114.484
-158.768
177.216
268.479
173.086
103.132
264.984
-158.144
123.556
27.2025
34.7199
175.569
19.2596
35.3509
-149.356
35.1518
-127.219
-141.208
169.465
-178.661
23.8763
-142.505
160.552
74.065
17.7086
-19.5767
-65.1833
113.766
5.4104
31.2878
-77.779
117.479
104.264
16.2145
113.651
233.682
110.385
34.168
-48.5726
-53.8597
31.3014
-141.637
-194.942
47.6762
104.282
17.0948
16.5824
-65.0642
94.9981
179.681
-67.3833
105.72
63.2999
-81.9227
-170.037
140.525
-202.944
-45.9643
-311.832
5.78822
255.227
-146.231
28.8743
41.1161
218.638
117.685
-217.094
-189.066
138.484
-121.499
-168.648
-178.567
-118.148
-91.8483
92.4057
135.116
110.661
48.5491
30.4648
-113.216
-95.6209
65.9676
203.332
-170.155
15.3869
-118.127
351.183
51.0738
-59.5349
22.7778
45.2465
38.1537
-108.021
-125.041
203.383
72.5579
-351.684
62.508
70.8355
9.10148
77.1137
7.33331
106.899
183.577
36.4951
240.176
126.576
18.3957
124.021
46.364
32.0683
89.1693
21.5345
91.5646
-61.3391
68.9779
22.4153
-42.5539
263.934
240.098
32.1269
-111.235
-266.392
42.8802
80.2753
31.9528
-184.197
35.609
85.3824
-108.227
-294.912
12.5168
23.3362
24.5462
38.6792
-78.4622
-53.8038
-71.269
-50.2547
2.99642
85.6415
-43.5826
-197.312
-37.4632
52.3272
-63.1507
-173.642
240.299
120.024
-209.999
59.8956
72.7087
29.5123
46.9268
8.73865
77.3199
-238.347
252.591
-308.15
47.3378
40.1649
128.04
-56.4053
22.3115
60.9407
26.6755
181.767
40.7991
-113.577
199.457
-75.7271
-63.844
18.6132
-206.37
352.338
41.7734
72.3082
-151.205
67.8603
8.90138
-95.576
16.7888
148.176
87.5722
6.53889
175.614
24.5975
-179.401
84.8899
-91.1685
121.981
-87.6502
-203.2
11.3324
22.3563
38.5484
71.7445
-172.313
-53.9006
23.6069
283.405
6.5497
119.933
-129.33
151.876
88.8391
-22.4004
-54.0117
176.643
38.7998
-105.743
47.3593
41.0346
-81.2356
76.0023
-104.434
100.849
-114.218
55.2394
-143.743
227.715
103.047
-130.087
-59.2414
38.1755
-114.246
37.3973
103.938
89.9319
11.6964
141.105
9.58606
74.6019
172.752
9.39076
129.961
93.8543
-45.7846
177.578
-129.689
95.0864
-57.6141
-65.1743
105.978
15.668
51.1081
27.6175
68.2732
-350.56
335.447
41.1888
-19.5018
47.6518
64.6768
49.216
10.1738
22.018
289.779
25.9667
18.9501
68.3479
-75.3357
15.713
43.3097
-228.361
-19.9207
42.6381
12.169
-208.194
31.0137
132.152
32.4664
-86.3637
111.275
150.887
-161.481
28.807
192.386
9.97157
346.47
-57.9176
-40.4061
-323.58
21.8207
19.2879
89.6871
141.513
119.977
68.3415
35.9754
14.4134
224.569
28.0833
46.1108
-77.4563
123.746
96.8184
-225.443
13.9954
122.642
215.506
-181.121
-222.068
91.7232
-63.2086
98.7666
352.116
157.793
-219.653
42.7929
-56.8244
-41.9297
87.4231
55.5219
87.84
32.0078
-116.798
18.0284
31.6886
65.4785
104.571
75.5484
68.1395
-68.8638
16.3117
29.8332
11.5069
4.57268
37.2709
122.944
-185.594
143.015
27.3268
96.6215
-83.6207
-75.0616
-48.1941
7.79864
263.31
285.878
-144.681
84.2554
160.413
80.4602
71.5527
-124.998
32.8232
5.89506
3.06036
-118.094
27.7804
85.581
42.4859
-351.202
27.196
104.244
-151.476
89.6424
170.362
-111.312
-61.3862
73.0303
60.9871
160.778
-61.5749
98.3536
101.177
21.2463
75.8052
44.1328
63.8599
-66.721
-171.616
-68.3495
41.5074
34.0444
-123.333
72.9411
-72.7823
120.47
234.066
26.3829
255.792
48.1569
11.062
-282.217
27.5182
165.421
3.68747
226.062
59.3962
11.7191
-26.7053
-76.2774
-184.024
214.982
-82.1796
-63.0265
50.6132
80.7038
38.5507
16.8785
142.309
-285.979
80.3618
62.9596
105.904
203.716
41.1118
28.64
199.373
50.9147
10.5836
-187.526
-185.683
-197.494
-110.974
48.2804
138.969
33.3649
35.9186
50.5563
40.0105
6.47302
31.4718
49.6524
-132.562
6.42478
64.8128
-121.081
52.9126
4.99352
10.1974
-131.542
61.4626
-109.935
65.8063
78.7243
80.7481
163.482
-96.0314
124.337
-289.214
58.2384
-200.43
85.2864
-66.9866
56.328
113.242
-265.292
56.1153
63.7688
85.4342
-115.102
-236.378
75.2038
-103.871
62.0187
38.0016
18.2875
-208.376
-95.6378
-121.63
137.668
288.281
104.921
97.0536
-107.042
86.9185
148.84
153.356
-130.334
78.3816
-57.1265
118.699
-51.4393
75.1361
-195.789
-49.7573
-144.047
51.7053
-149.993
182.984
51.3645
-61.4
90.4121
34.9136
41.8231
-40.8018
79.4907
-339.174
-30.0615
50.105
48.1619
57.7093
30.5073
14.8094
14.9541
75.5153
114.596
-85.9418
22.5593
140.236
10.7123
-168.374
33.0826
13.9953
39.5538
150.48
-113.145
-36.4257
119.721
22.9652
94.612
28.6017
34.2709
-291.737
136.528
-339.469
105.245
326.675
-98.3422
47.0455
-28.0216
29.5921
55.7416
74.9478
112.867
85.4806
37.751
9.55608
46.6617
205.82
49.3894
169.908
160.322
64.3458
-164.004
-44.7476
46.6186
29.3329
-126.311
266.32
16.6686
187.531
-88.0443
140.568
-40.7638
47.9132
35.9182
41.2478
148.114
-167.449
94.6901
330.681
86.9779
-78.393
-208.399
-115.399
49.0702
14.8391
-105.192
23.0043
72.7482
-53.1634
110.811
145.394
184.409
-126.518
-263.173
52.3992
17.8984
142.556
9.49731
41.3909
172.027
-343.518
47.0874
29.5147
-215.725
73.4196
150.601
213.566
82.3895
-36.0625
-134.066
-157.411
-100.71
264.386
277.194
-58.2609
8.30094
96.6009
109.814
-107.029
88.5116
24.7324
110.393
-80.1157
-70.9542
-109.443
33.5579
-98.7463
52.0505
123.241
-191.469
60.5178
67.0859
23.9916
-96.2496
-82.9867
130.59
20.4756
9.41943
62.8211
-284.248
-26.952
151.442
14.4329
38.7395
316.519
-309.419
-112.313
100.307
-99.9853
49.5096
-338.272
9.68094
-78.2289
-156.561
52.5059
2.33754
76.375
-68.9992
79.9523
90.2669
21.4688
77.1887
329.44
-62.7262
-311.19
-61.4966
183.464
171.761
282.072
-128.294
37.7488
108.479
30.7766
86.4721
124.351
122.33
25.0543
8.6359
58.7047
17.5629
211.731
-352.05
51.9642
-93.234
351.747
191.361
-102.691
334.045
201.798
-91.123
43.978
99.2089
88.7737
46.611
91.4526
48.0633
8.6334
92.7639
351.874
-217.756
-96.6472
86.1872
122.76
134.07
66.5117
15.8022
38.6045
111.716
-85.1329
143.74
-58.0791
-132.543
-87.394
62.2962
65.5493
167.778
40.9736
237.921
39.735
31.9564
238.371
351.461
8.62701
25.1235
-213.86
254.018
48.7896
-57.0219
44.5151
-57.5063
163.012
54.6921
-40.4742
94.8173
190.884
12.0108
48.0655
345.546
-60.9663
-182.399
39.6129
-102.915
-128.445
-11.4978
179.537
55.6794
111.385
47.8367
37.5466
-61.8502
90.0477
86.357
37.6684
132.087
105.927
88.8348
264.607
-52.1024
264.23
98.2413
176.787
-39.8656
178.898
93.8108
74.8575
113.182
106.652
170.225
137.551
-49.3341
81.7617
48.908
49.2928
7.81474
174.175
70.8376
-90.1588
42.0266
66.4188
42.0303
74.2255
84.4105
106.026
16.3189
207.726
-146.573
-55.8051
72.08
51.1515
-48.7512
-92.28
76.0541
66.1114
48.6477
-185.108
-87.2295
18.7908
113.305
7.26685
-75.5151
-125.722
-175.434
60.1032
-124.242
74.3131
197.61
60.0153
82.8049
220.94
8.85115
14.2795
26.4118
-56.6605
-67.2775
-42.9022
65.3896
-45.9535
131.145
23.3728
155.392
63.984
-75.8618
75.2165
-124.474
8.96164
-184.108
-150.578
11.7307
-84.9646
47.9877
139.549
71.0906
-81.8696
-107.262
142.612
46.338
-142.013
-114.092
-314.517
12.9174
-64.6363
8.82594
77.4145
82.7254
5.78268
7.59334
-198.824
96.527
-67.29
14.3007
92.1337
-84.4955
103.703
187.392
-107.731
50.8597
19.6031
39.1494
136.918
139.11
-161.528
96.6772
42.4211
41.8066
59.3017
9.557
40.7535
152.19
-59.4574
-100.37
69.012
133.756
68.9309
77.1714
24.2507
17.4517
136.55
52.9811
79.7147
-279.461
-121.83
100.211
-58.1746
-300.17
58.3148
30.0169
57.0365
116.165
-171.957
-92.7798
-285.704
36.3844
70.3688
103.523
106.706
-98.6927
16.34
81.0109
15.909
-35.9786
-336.647
-113.855
26.0857
26.3609
39.5854
29.5805
51.0698
311.086
38.5484
58.7526
-99.6464
184.669
11.6947
42.5379
111.385
37.9124
58.8259
-105.364
-88.9343
189.055
286.486
58.7668
28.1223
27.3193
65.1167
78.5355
63.4609
31.8126
-109.434
-38.5254
-61.1378
190.121
12.5947
-143.251
70.5287
72.8119
204.793
96.5407
77.3482
118.604
-147.009
271.057
289.02
17.4863
13.2866
30.8129
96.6914
83.2608
145.919
164.767
103.315
-107.525
-75.5003
44.3582
-51.9865
190.478
88.612
282.603
36.6044
351.762
53.213
-37.3857
65.2095
-186.26
11.948
24.4153
100.474
41.3861
59.3968
38.8676
61.4489
52.9551
-60.0605
121.378
29.0794
-120.555
103.045
297.78
-115.241
-88.5457
68.2194
150.551
63.3122
188.43
-78.7645
-121.171
83.2462
-241.304
-31.2216
80.1855
18.1956
-110.852
-119.915
-94.5712
97.8755
-42.0151
274.884
-171.784
161.194
12.9132
-101.63
119.443
201.019
8.95704
49.72
-285.245
12.4792
-91.9563
56.1607
-42.9942
-91.0275
80.2278
-156.053
105.921
44.0282
-174.702
-49.2762
69.4963
43.5875
114.918
110.897
205.32
67.2531
-73.6339
-116.683
23.9728
-156.744
100.993
352.163
63.2357
-135.658
-166.562
-62.2482
74.0791
237.253
-267.396
52.575
2.39863
-65.075
42.3254
-137.29
28.5694
-86.5983
84.3073
14.6886
39.5478
21.9043
36.6204
-27.1831
156.488
152.905
48.2382
283.889
11.001
73.4271
27.6402
272.175
30.8321
192.728
29.4576
-76.1581
6.90696
-85.966
160.006
147.059
11.1308
-210.569
55.3958
-285.051
-51.4877
-51.6684
126.41
29.3772
33.7192
-116.639
40.3782
36.2596
-191.527
-74.8287
-64.3741
-98.2634
19.7477
29.8075
-70.5011
267.449
-56.202
41.8022
312.117
42.4706
204.848
53.173
2.49793
156.23
-11.2425
-82.7915
-53.5772
247.221
19.2628
17.1895
-100.423
30.3845
13.5055
179.187
10.6628
27.5304
-191.489
-90.3566
15.216
47.4488
10.3064
146.587
21.0092
63.1328
105.386
-151.514
150.514
235.512
-62.3687
23.5967
296.284
124.952
44.5855
206.144
-148.842
-110.006
-46.181
18.7837
16.8967
-238.02
-100.393
14.1121
-174.406
30.6385
75.7682
-174.284
42.8733
-113.369
83.4667
-139.271
13.5938
-288.893
43.8218
34.9013
136.445
-181.131
67.9576
65.2521
121.582
61.4366
26.7194
244.671
-38.3828
-144.818
35.8534
-21.7672
43.0619
243.611
-102.298
42.6552
94.192
130.968
-56.7831
182.158
55.8367
276.4
59.9976
201.193
-54.366
-67.5993
-117.38
86.0119
73.3654
-90.0719
48.0956
-245.227
337.787
181.637
63.2855
-51.3749
5.16699
34.5691
37.2447
35.5739
117.734
216.066
35.558
17.8326
112.431
120.018
60.6983
36.2562
163.751
35.4651
67.5839
42.0928
19.2618
99.565
153.011
-156.732
81.3839
-93.042
189.144
-147.119
-58.9982
34.9355
5.07445
41.0899
-60.6574
61.2176
-18.0949
-99.3705
-46.9845
-44.1211
168.265
15.3818
-137.881
20.4799
160.593
17.3607
-194.775
-50.8209
133.474
178.345
-85.153
25.8137
195.287
162.715
13.9455
10.7508
175.941
32.2077
-52.4245
67.5033
-106.183
-74.1113
-289.875
25.7057
228.88
308.498
-72.9127
-45.7632
-126.255
193.587
186.571
134.339
214.628
66.6685
-74.3628
44.8181
73.9583
-124.179
9.43632
65.3648
41.1516
116.956
39.3913
175.491
-50.2732
75.8778
34.8841
45.164
129.07
69.9875
-256.443
250.894
-120.976
88.8305
191.724
17.8685
20.164
-50.8073
54.7472
170.286
19.7615
-112.408
-177.995
32.4774
47.8977
25.9216
191.197
-97.5059
-234.831
-114.61
-47.0908
-103.142
42.6295
-111.693
-292.493
7.19505
-167.305
101.39
-88.1019
85.3706
32.1072
30.5929
259.95
79.4997
93.8647
99.1223
305.372
102.208
79.3533
291.306
165.807
157.555
13.0346
13.0342
-44.7675
99.8483
25.2235
334.242
324.295
-124.436
26.6887
73.6974
-240.483
127.538
47.4642
28.7662
105.826
-88.5078
65.0306
144.548
-42.8557
48.3774
32.7027
184.372
63.9491
41.5744
9.02137
124.782
-82.1167
-132.457
-48.9166
81.1659
61.6768
55.319
15.7158
-124.627
126.506
69.2809
24.4986
274.785
25.7093
-11.1701
26.5632
36.5068
107.669
61.9884
-47.1342
-56.416
58.8641
25.297
29.6296
-135.483
0.236271
1.33853
29.0871
70.0242
98.3647
43.6704
84.1304
85.7378
-85.0855
-61.252
33.3277
108.672
7.93825
151.92
-63.0787
77.5409
-29.1966
168.518
-58.0204
107.026
158.876
125.365
51.1892
-100.298
-78.2793
14.8275
17.438
81.0297
-81.2163
23.7833
205.604
41.6576
137.656
4.35276
13.1102
26.0169
55.2764
-292.298
42.7003
48.2889
52.408
30.1263
117.307
30.4849
52.6018
44.5995
161.582
43.6209
-65.3753
35.6371
20.3405
106.69
9.92468
76.6211
87.6757
311.062
87.418
175.41
-152.307
83.6207
-95.3733
-194.462
64.5213
104.6
-55.382
-143.666
21.2641
72.7458
-82.7337
-151.071
104.548
-48.2344
-108.114
62.1584
-117.578
21.0437
76.3175
39.5603
74.2671
183.546
-58.0347
-108.419
71.4909
149.638
28.2336
-94.8659
328.679
169.145
23.989
105.068
-83.9567
-83.2719
162.328
8.91605
145.889
262.713
-344.111
224.021
110.453
149.133
107.367
119.521
64.6785
-101.648
-36.8285
12.0901
-241.224
36.2529
25.764
64.2761
-70.8269
96.2907
-39.6981
32.867
-75.7725
226.775
65.4122
16.0181
-193.875
39.2446
-70.9002
-71.8906
115.33
-69.5925
-66.4978
12.7514
7.40442
303.535
68.3773
-256.491
185.999
101.012
40.0173
-88.3559
-304.7
238.165
91.748
294.212
159.104
30.8943
100.889
55.7383
103.664
31.5617
-250.507
174.162
77.7678
22.0367
38.7583
29.339
77.6653
352.252
-92.7688
6.05839
14.1787
61.6462
72.008
29.1137
-127.956
39.9013
105.008
240.746
37.1018
160.024
182.497
-169.684
-65.1197
198.288
234.12
189.272
85.4659
25.0888
73.667
-112.714
172.299
271.62
98.2409
170.152
93.4793
-121.013
77.5824
84.6854
33.4884
47.1055
-156.638
75.5752
11.6492
352.545
-56.73
-73.8484
115.562
30.0206
38.247
221.668
78.2485
-62.8553
24.2535
75.7426
-160.305
180.336
-169.908
169.333
21.1634
-207.119
57.1882
195.932
26.251
-181.288
22.7608
103.92
-121.303
42.6467
111.878
150.761
-155.853
-56.6242
-75.4044
-98.2454
-156.373
87.2151
139.344
85.9819
38.1323
53.4794
291.292
-61.1034
50.3438
27.1146
-153.771
31.5631
-76.3833
262.627
92.9432
132.822
155.546
101.945
146.769
199.367
25.2752
39.1861
168.822
66.9527
79.7679
26.8483
136.674
-17.4509
34.6955
3.63068
21.7812
-140.802
-113.434
-183.333
120.575
-48.4782
213.696
62.9757
27.8753
106.552
-53.2056
123.041
-185.756
336.287
7.84989
-292.933
109.215
13.8002
43.3076
238.75
14.941
-55.0607
-68.4316
26.1137
-109.176
39.8778
32.2782
19.5178
79.2455
65.7115
132.569
15.9687
16.0594
220.268
49.4785
8.61258
48.7501
27.0429
347.821
-68.0681
139.9
56.4632
91.3973
239.905
128.482
-71.4249
-190.404
63.2702
96.3972
-88.8854
45.8727
8.54382
-140.531
-53.7
70.7352
61.048
9.64182
-69.1796
151.646
35.7331
-153.015
50.9445
-86.2589
-58.125
64.519
-43.9739
124.999
-64.4403
-108.889
70.6087
65.5724
290.33
117.015
201.332
141.373
21.8315
82.8045
84.1456
24.6662
69.8703
155.647
-213.976
-49.1926
83.1993
-48.9154
118.394
23.9399
140.928
202.134
57.0096
41.2611
157.857
-81.9179
38.2266
32.8288
-340.771
-236.126
56.9359
82.704
19.4832
-113.395
-35.2756
-59.1465
70.9864
-183.114
138.883
50.2143
115.63
72.1793
17.3739
-47.4421
60.0827
-193.138
72.5796
-115.284
-40.3892
150.924
-73.3397
97.3411
196.574
46.5828
-75.9183
32.5792
-151.53
54.8179
80.1055
349.049
3.26323
12.7012
66.4619
-247.055
36.5989
-84.8787
-88.3997
96.5099
34.7664
26.1471
27.6742
-202.265
76.6425
142.259
49.6836
92.7529
124.571
63.9693
169.267
-69.6337
-86.8454
20.5507
9.83567
-181.662
66.2939
206.285
116.226
16.1644
29.4068
91.7162
292.369
50.8901
165.513
21.3175
32.9927
122.163
-81.1424
-92.003
15.9539
35.9383
-57.8176
66.3594
85.8681
65.7955
38.8542
7.08242
-95.5097
31.2909
-13.3162
-117.465
62.5928
31.8563
28.196
96.7499
208.62
-158.913
6.33487
20.7636
-155.645
10.0109
-128.884
78.9558
157.844
316.603
-72.1805
12.9832
58.4238
-152.773
25.0679
-102.925
-330.819
80.2054
29.5867
-75.7665
-113.972
-72.5776
75.0882
67.495
-170.696
41.8806
58.2487
38.1948
8.46647
39.1678
34.4221
133.789
-41.2551
31.9782
59.183
110.301
80.7691
26.7784
40.9103
-82.5744
68.7995
28.1399
118.999
202.78
63.4053
39.9803
18.8594
-43.2506
129.884
81.9952
119.767
14.1613
-5.49718
220.588
208.082
52.3108
-64.3988
-136.103
52.1184
57.3275
98.3923
57.8601
-59.5087
35.2227
33.4043
-107.413
53.2024
-337.558
81.7524
51.3161
22.5393
81.9156
-42.2566
68.7056
159.359
118.205
52.288
37.1708
33.7056
17.9703
44.6652
35.2452
86.1387
187.244
77.7362
10.171
-60.4215
-115.526
-62.7241
124.484
110.312
137.708
204.998
61.3334
-127.125
168.807
32.0009
297.857
-71.8803
-58.5091
176.543
191.05
141.875
4.93169
-33.7102
10.4881
14.2203
308.524
74.1651
-141.462
30.6046
186.842
123.387
195.597
31.1222
92.326
-140.35
30.9195
-73.7417
215.558
-116.813
140.401
-93.3389
16.0964
51.6891
67.596
238.12
94.6735
75.1175
144.773
-173.511
108.768
-47.7159
137.213
69.6301
262.367
10.3087
20.7996
91.3373
83.1968
-217.709
76.755
8.49797
85.3077
-178.82
-59.0992
113.05
126.224
45.9092
106.302
161.537
52.653
89.1198
105.843
45.558
65.8509
-133.856
54.5581
34.5801
101.401
34.2131
17.9921
99.461
-60.2042
252.987
61.6525
-64.4547
163.411
147.518
-50.0963
164.916
-39.2524
25.077
99.7731
-331.802
101.999
155.854
236.366
43.1358
64.9112
187.906
140.155
-219.237
13.8119
196.871
11.9228
-102.548
42.8283
28.8769
32.662
69.2371
163.207
90.0203
25.0707
-55.9103
39.2227
3.059
-64.841
49.6635
39.2743
-261.222
39.6611
-211.799
136.533
45.6497
113.408
141.531
51.8949
-76.5821
167.341
-100.225
127.273
292.108
20.3089
41.6009
6.04859
-80.048
77.5552
32.1493
5.99855
144.036
-226.706
-75.5772
77.155
-42.374
-267.815
-78.9434
-279.748
71.9415
123.902
13.1033
-105.781
53.0494
124.26
5.01158
27.9438
21.9567
3.96208
60.4867
32.8837
134.186
98.2023
12.3493
-176.464
67.5681
-39.5162
79.6434
89.3391
52.3884
66.0579
142.102
163.388
-303.903
159.751
19.3785
246.297
61.4642
100.918
191.708
103.393
107.902
-202.155
-61.3314
107.933
37.6876
63.0481
-91.3977
-98.2496
40.5227
85.1862
67.802
34.7241
-52.6969
-45.7142
3.51673
-162.895
-51.9488
-244.934
87.1786
114.156
127.664
-53.4776
172.476
-62.556
85.8433
139.828
45.0654
-130.858
111.646
-303.251
38.2012
50.4627
64.6084
-49.7499
27.677
150.067
-117.127
-86.5475
75.7859
-60.3041
60.8816
-128.163
-60.3255
16.8419
22.7908
-172.019
76.4917
-94.3936
-22.7087
63.0583
48.3035
31.8703
-88.4575
29.7736
27.3952
-315.764
-69.1894
27.5214
-158.482
186.886
-146.812
21.2651
-98.2022
59.3063
20.8329
-109.498
-61.5178
10.9465
28.541
19.398
43.8054
-141.061
38.8745
31.1679
42.2527
88.1882
88.319
170.242
90.7084
39.6501
186.438
-176.55
10.4211
87.0197
75.9798
-9.50931
91.2137
112.721
186.112
-62.558
