474.609
443.5
494.06
242.674
360.693
118.366
262.677
108.763
394.194
114.682
465.489
191.906
498.479
100.427
80.0901
380.003
280.536
459.788
332.457
128.579
223.18
39.8269
322.611
301.746
118.894
232.667
174.791
298.125
235.981
356.942
198.864
297.061
240.124
297.495
317.911
44.5658
77.1082
476.684
222.74
316.212
418.492
359.16
327.444
395.438
289.991
399.156
200.443
276.556
318.329
163.347
405.327
415.041
222.643
266.429
157.295
237.849
227.789
177.124
428.873
489.813
294.929
437.189
152.488
501.883
176.148
483.371
109.631
168.453
490.363
212.493
87.4683
429.438
456.23
380.599
71.6264
382.968
424.573
251.255
217.218
185.402
429.379
37.7088
285.241
365.626
396.002
126.689
376.474
85.3983
358.857
507.003
437.104
232.496
126.149
48.361
239.859
442.655
453.407
71.9589
45.5627
459.824
181.679
496.123
479.486
134.486
404.083
271.001
295.612
399.052
120.469
347.395
314.99
443.835
144.95
113.703
482.883
272.801
190.893
50.0487
67.105
129.231
152.818
155.684
61.3231
359.495
270.833
198.311
272.077
224.078
226.883
98.0531
42.8978
371.843
333.962
193.832
231.041
137.414
44.7672
214.838
245.248
279.532
160.004
343.659
163.732
37.8335
178.034
361.531
39.67
168.644
314.501
222.893
318.267
407.37
222.411
458.195
356.612
465.782
286.015
391.53
244.279
356.086
245.188
186.652
281.937
217.267
265.253
389.122
47.5727
335.472
52.1798
64.8592
281.684
189.243
324.963
50.2169
378.599
162.192
52.1912
72.6896
348.429
72.8956
442.046
41.9514
349.339
213.77
548.055
226.247
360.394
274.906
279.403
294.305
238.639
93.2
328.693
393.845
200.377
89.1057
344.257
248.683
466.336
303.163
79.4767
228.628
271.731
445.578
35.8615
252.526
452.84
266.532
263.936
112.92
344.151
36.0792
247.657
440.642
230.52
326.055
342.694
162.851
233.024
101.158
284.421
140.708
87.4007
196.25
126.788
46.1807
43.8234
44.6486
249.603
260.703
60.4281
306.261
363.687
78.3208
368.09
174.967
318.989
364.995
247.573
74.7941
389.398
347.32
458.385
227.581
241.913
280.52
167.536
105.146
299.268
50.6757
235.011
107.168
406.051
305.481
120.855
182.988
37.0959
71.144
479.753
58.6983
198.888
237.032
198.305
245.545
386.813
476.38
421.059
217.12
163.648
34.4241
71.8059
130.85
370.862
203.724
47.5139
318.29
343.709
64.6041
271.169
209.263
180.393
399.749
85.0779
333.701
70.0303
223.036
106.836
419.259
334.678
120.527
77.7288
455.125
60.5035
152.434
396.349
31.6516
122.703
243.928
356.184
47.2863
455.422
216.455
164.244
357.707
225.16
351.435
392.469
310.361
292.517
325.434
249.605
235.582
399.776
200.45
450.756
367.782
327.791
95.6235
194.827
105.374
97.5199
64.5645
85.2016
66.5429
385.436
325.94
239.513
476.769
69.25
238.97
107.707
524.583
111.485
166.379
153.616
480.655
285.453
282.962
191.661
154.829
50.9761
284.896
354.381
340.215
306.797
85.4802
386.795
141.42
152.271
125.389
406.54
83.1716
248.775
234.958
200.641
363.122
221.465
266.836
93.1348
417.329
323.951
247.027
186.37
325.504
206.767
209.88
197.293
200.816
348.641
255.581
84.8981
350.296
219.141
393.353
84.545
218.389
162.33
320.41
162.952
286.197
521.009
197.92
278.571
272.579
414.013
271.991
113.141
375.885
296.193
310.566
232.183
319.266
264.896
91.6346
106.561
143.752
98.6326
192.22
117.98
310.84
33.1253
396.041
381.072
366.444
52.0414
389.032
63.1401
360.699
207.948
268.446
302.541
141.241
289.547
365.84
242.082
31.191
334.655
341.042
60.7558
129.796
42.352
543.126
116.559
67.7893
517.601
108.806
39.0876
73.7395
55.2398
387.962
415.873
257.641
238.038
299.631
366.586
475.452
54.9764
293.44
441.701
294.893
394.706
349.885
293.294
474.869
372.425
195.636
497.212
310.427
270.451
224.769
327.222
350.864
273.353
157.13
78.5708
201.801
318.311
124.879
132.212
404.317
66.7208
436.665
185.628
146.051
214.07
147.435
208.851
184.082
102.132
294.766
113.282
143.631
181.428
145.378
360.445
239.025
315.516
359.477
272.454
412.124
109.706
181.356
337.55
65.5759
460.467
65.6365
176.073
483.909
330.627
303.596
37.3084
509.8
316.714
233.106
179.808
242.236
72.2976
378.346
315.786
350.088
47.1041
187.418
207.62
435.199
198.149
237.301
126.963
436.777
88.5565
89.2794
68.0958
172.732
283.993
245.189
341.922
206.176
97.6189
49.5276
458.821
266.063
341.872
193.527
431.884
205.161
104.069
437.279
57.8346
373.833
328.471
381.083
406.061
305.183
148.905
39.2006
372.036
431.749
66.4858
169.518
284.368
383.674
200.11
263.855
447.561
81.8293
99.9543
326.734
60.4564
203.882
107.314
466.703
324.773
260.208
266.266
280.19
187.329
312.466
460.634
95.4613
104.359
295.636
209.696
190.148
298.182
447.149
176.191
311.791
360.151
387.821
272.54
80.2146
495.48
331.329
141.007
537.666
346.242
246.813
123.353
210.766
153.893
320.209
261.386
268.808
482.141
344.197
160.223
363.139
306.621
397.396
130.301
179.943
299.01
201.349
341.836
365.877
432.612
67.8899
378.067
266.483
319.842
163.847
178.702
36.9113
69.9051
277.272
256.553
150.661
356.186
39.7902
222.099
349.865
268.78
100.519
185.835
92.0495
367.361
90.0834
368.153
152.74
70.5407
437.134
220.369
321.575
181.356
260.919
337.312
67.6373
450.785
324.417
314.216
368.592
390.895
83.7376
271.794
337.301
171.084
486.643
234.28
290.437
425.673
156.677
275.376
425.077
251.419
106.123
232.278
425.076
349.904
90.7993
66.5258
202.678
397.26
384.078
35.0931
458.936
454.802
155.48
359.89
227.984
294.323
284.033
340.41
142.388
126.409
55.8088
537.756
483.868
51.121
275.619
242.851
209.361
140.448
90.1764
373.076
182.527
92.2993
153.557
234.725
152.795
90.2909
193.511
152.979
340.306
180.282
271.132
67.8296
101.756
445.487
40.9736
161.658
350.594
212.877
277.829
538.907
288.426
92.8291
231.16
407.089
38.9109
291.745
243.88
339.655
186.024
163.705
463.987
120.386
257.124
509.677
268.251
69.6364
273.333
361.078
120.782
409.971
58.6843
294.16
456.776
359.869
259.448
417.661
117.565
358.301
477.145
466.492
545.085
472.315
506.072
99.978
298.31
344.413
346.168
51.4829
31.1286
449.699
96.9006
342.913
376.515
104.599
157.733
91.6305
155.394
307.143
231.87
43.9471
253.996
50.2346
305.706
388.467
39.626
84.4947
59.702
350.903
326.056
308.351
277.097
368.418
221.327
304.857
300.605
240.868
396.309
464.871
51.1091
281.266
396.483
244.345
54.4724
135.458
75.7683
394.929
266.053
446.708
116.271
115.255
264.074
452.141
286.015
131.036
84.6076
119.389
370.299
122.96
238.377
318.985
88.1308
259.575
252.495
128.591
410.936
343.952
103.446
52.4944
303.753
185.462
227.806
292.232
148.373
266.98
334.395
425.112
180.324
454.699
248.465
179.523
210.898
288.582
77.7363
453.94
97.2317
125.539
130.391
278.282
150.139
163.3
178.254
189.79
109.091
252.692
250.997
419.691
387.915
212.086
60.3098
186.199
154.181
125.056
40.7634
116.893
109.371
155.838
226.302
490.581
57.6808
111.911
377.857
60.4811
416.861
57.3031
114.761
313.255
216.613
243.488
390.183
205.987
376.415
53.3503
352.818
112.354
64.7959
125.2
41.2977
290.366
445.36
241.809
410.554
372.984
417.395
237.025
110.494
284.219
330.989
365.359
32.3758
224.062
295.091
93.4852
351.421
332.258
400.052
430.535
306.217
179.475
158.533
396.089
47.9287
161.959
226.561
59.1681
141.177
270.322
379.882
48.1332
342.017
483.626
307.544
246.61
374.393
257.257
43.8285
501.107
198.72
111.135
136.649
80.2054
154.369
101.501
147.667
266.508
73.7079
208.924
220.443
164.264
377.221
354.304
218.547
215.875
204.051
77.7633
238.501
154.505
374.19
166.496
281.146
413.915
279.898
405.34
398.967
248.27
391.877
33.3524
355.275
79.4449
323.338
386.886
76.0523
58.0238
412.458
133.252
324.776
83.4763
418.573
153.265
482.981
115.618
54.3187
400.993
169.713
187.125
217.405
287.402
165.229
429.211
370.026
266.481
311.091
317.104
167.742
275.696
431.128
155.425
247.702
279.924
232.156
375.897
297.823
121.23
168.215
332.914
201.343
232.159
372.477
67.246
282.29
404.956
389.463
452.677
112.473
212.652
555.839
418.038
379.168
201.847
166.494
75.6552
335.402
439.219
72.5802
270.904
51.634
287.198
294.744
54.0483
126.361
434.097
337.769
484.55
45.645
106.01
218.835
165.789
264.118
308.364
64.8152
497.083
109.813
185.082
36.857
30.882
114.093
525.5
385.116
265.97
161.738
493.957
330.388
165.988
69.6151
225.432
272.818
102.869
541.645
174.264
86.9603
175.904
150.289
211.448
362.554
284.363
125.859
325.687
257.342
408.741
383.74
55.9635
289.421
389.793
388.45
417.596
46.3119
185.065
61.0657
87.1213
79.892
55.1851
160.02
258.839
288.099
93.8839
34.4
208.662
243.385
238.753
48.8032
473.286
110.876
319.713
342.725
74.3565
467.028
67.4478
165.142
329.584
89.6365
499.325
220.388
257.282
308.548
76.2644
107.037
78.6908
39.6591
61.5727
267.714
113.064
64.0364
256.386
400.892
39.9285
202.082
491.814
106.892
95.6604
81.6707
305.814
85.2158
217.325
57.7488
35.568
308.4
417.583
154.546
78.0429
287.708
217.616
73.6211
425.668
307.379
84.1966
393.788
284.336
188.215
160.011
135.398
301.529
158.584
343.54
314.041
213.538
158.907
115.209
114.567
165.045
386.094
317.916
321.306
431.076
138.499
163.353
381.196
510.281
208.752
99.1812
271.943
270.945
155.486
274.507
500.018
195.024
95.7346
389.813
124.397
431.062
273.629
54.8957
313.847
229.885
228.569
98.4765
376.353
360.917
525.712
492.386
158.698
159.609
267.516
53.9651
276.674
259.407
206.438
357.989
38.2856
89.446
104.05
364.407
189.564
177.444
338.635
246.023
185.701
164.666
191.664
188.67
434.224
53.0006
350.141
147.646
491.976
436.011
266.661
105.496
448.599
252.032
408.177
31.5382
263.053
64.0902
64.7835
468.413
360.88
161.452
394.682
308.809
399.54
433.232
70.284
166.946
417.05
87.3032
399.622
230.993
160.312
277.21
286.422
295.511
248.607
292.228
478.916
251.416
296.601
440.468
164.816
162.019
380.119
139.254
106.315
337.042
174.895
334.831
277.558
31.5949
456.234
248.886
40.066
96.2776
275.971
138.751
468.857
381.485
546.174
240.23
452.807
236.96
155.132
410.944
156.085
66.4299
447.895
319.968
387.003
206.889
149.537
218.911
132.925
53.5089
387.716
348.433
266.601
295.413
87.5813
37.4199
163.365
279.444
327.406
315.177
353.403
67.196
248.125
337.978
291.694
366.262
93.3431
295.833
122.172
211.745
262.308
460.798
146.882
66.3317
39.1014
146.291
225.239
109.49
440.444
425.334
331.715
175.173
240.278
287.844
122.236
347.791
343.611
429.73
200.465
450.323
125.869
82.2595
387.024
410.988
93.301
469.017
236.507
259.367
317.447
507.787
292.434
498.872
88.9388
96.8158
123.936
256.719
421.291
81.2053
278.254
83.2031
265.452
171.412
530.327
85.2253
88.7539
263.252
288.444
455.553
467.531
442.542
236.588
207.646
394.174
118.91
320.501
95.8882
329.291
216.998
181.066
61.5057
120.918
175.539
186.653
462.804
268.052
149.108
207.175
200.91
352.689
237.809
46.9692
323.879
359.052
282.06
34.7559
37.4133
259.527
325.28
313.601
72.8021
522.261
396.844
231.551
282.107
84.9178
379.244
41.8678
95.3049
287.371
372.501
94.1472
154.288
379.918
111.29
368.577
108.797
59.494
127.096
332.339
241.298
43.4645
66.9881
295.151
204.085
356.558
255.864
497.832
108.434
101.286
305.71
322.785
229.759
312.654
128.822
274.493
389.559
417.823
252.7
230.854
550.773
102.539
180.372
156.029
166.904
88.5785
103.402
399.348
56.841
441.747
132.774
440.166
167.38
200.945
50.7636
64.9838
430.071
255.346
117.335
119.714
302.891
391.067
236.636
514.68
418.436
421.082
378.638
240.218
123.019
269.216
329.189
287.803
243.891
106.515
179.613
443.337
208.179
346.208
196.306
51.3332
110.657
49.6398
234.597
312.93
155.012
321.474
463.977
121.595
235.003
135.591
84.1592
150.077
329.392
289.41
180.854
246.918
41.5884
125.26
221.969
142.678
420.785
229.959
192.621
67.8746
482.733
148.288
86.6425
372.862
92.7301
129.044
135.325
391.257
268.545
357.621
138.107
446.772
224.934
279.645
242.083
266.192
347.099
72.7925
219.982
291.298
267.807
236.351
252.698
126.356
112.697
475.028
246.307
375.164
45.4166
260.066
295.785
237.986
321.419
294.098
357.715
35.5487
327.42
181.934
162.773
421.842
470.043
327.612
103.042
261.183
387.866
313.368
363.568
239.083
171.724
87.6557
117.64
184.759
348.493
292.004
177.529
70.6208
287.513
120.303
47.0861
322.372
105.733
76.5082
49.1009
331.975
209.842
58.1739
193.442
338.803
165.393
182.613
310.694
312.249
222.708
222.824
299.137
295.923
306.973
70.0951
71.7282
234.462
292.994
215.949
437.122
217.632
236.079
65.2756
479.466
372.46
185.816
161.558
39.4366
337.283
253.494
434.258
202.36
477.1
253.978
132.738
239.33
95.676
82.0054
343.703
463.006
101.311
135.487
180.903
288.468
179.913
255.165
128.866
37.3739
124.15
42.814
72.9598
90.9959
116.499
154.441
225.671
162.951
186.389
72.4663
285.103
272.743
89.6355
171.238
186.133
128.594
157.641
181.095
413.616
295.711
243.538
348.648
477.621
324.927
579.646
156.997
263.997
154.385
82.0563
165.922
511.597
266.668
199.219
86.6473
126.985
304.14
285.545
321.573
362.573
233.903
218.781
316.671
387.157
284.806
311.39
162.157
42.35
496.058
533.071
461.157
504.483
149.896
352.121
172.988
345.453
396.776
326.638
154.559
36.0396
180.512
114.078
33.6233
262.452
510.003
110.607
383.952
45.417
232.517
451.115
48.2938
287.328
188.148
416.396
78.586
249.519
216.019
76.5339
189.815
416.517
180.361
285.766
213.906
365.954
480.467
365.773
333.386
135.575
64.3703
360.072
217.618
43.1316
312.773
375.237
420.749
113.079
315.347
272.438
511.011
219.292
93.6479
48.6434
290.734
381.989
58.0574
469.314
168.284
319.888
59.519
95.6521
304.012
377.266
463.784
334.545
148.909
368.357
459.701
97.9542
145.052
132.528
392.795
113.452
234.211
363.019
306.707
45.5482
56.6877
268.64
423.977
51.8594
421.76
436.678
353.124
415.756
327.326
463.06
123.388
68.7226
271.947
214.197
261.993
258.666
51.6202
301.611
277.69
478.391
269.592
50.7506
62.7205
325.199
218.815
96.9318
108.683
95.1152
364.745
305.948
316.939
310.82
38.7756
88.97
449.916
163.637
127.018
233.139
447.592
405.116
168.175
187.749
454.626
355.483
194.784
311.728
197.251
208.145
264.639
331.248
178.436
397.869
443.776
312.182
434.667
97.4457
399.294
99.0318
249.921
312.846
295.989
131.88
108.339
174.325
180.7
57.4701
325.749
408.954
297.896
371.24
381.506
349.936
212.287
112.66
133.779
273.332
491.84
246.97
283.966
292.403
132.501
96.3934
100.829
182.524
92.6763
456.869
63.7205
72.6207
129.115
125.83
44.6959
378.461
69.5019
196.159
250.391
149.869
193.171
247.747
440.378
32.4663
288.099
199.693
88.5934
255.504
337.009
216.063
187.925
421.538
321.94
64.2419
424.348
264.061
429.88
46.3093
370.489
325.318
251.213
97.6151
243.341
71.0835
335.375
235.307
195.654
428.368
422.602
154.25
302.383
67.9469
227.491
40.393
433.386
318.154
165.69
334.536
103.192
256.552
170.76
362.812
288.9
390.229
470.243
135.446
269.501
101.868
499.31
306.9
222.326
125.866
312.245
424.074
254.349
337.041
476.896
189.902
369.529
168.394
297.463
496.207
304.879
433.587
291.343
203.395
241.327
92.7845
287.342
163.699
317.265
402.227
346.161
307.816
554.57
255.317
397.972
463.707
85.2264
254.409
298.011
69.3569
274.47
347.376
102.751
556.657
314.646
258.203
302.607
333.585
323.084
272.212
180.122
265.128
518.816
141.446
150.149
317.683
208.552
175.336
359.132
528.886
344.069
481.555
271.52
243.569
311.671
120.284
43.5774
129.022
427.842
136.619
218.053
438.346
130.513
357.429
30.6409
73.2911
86.2283
88.277
166.867
42.6226
34.172
371.313
167.427
460.05
113.749
266.062
210.628
148.738
184.284
173.93
146.221
158.059
418.585
201.18
270.135
294.853
283.771
81.7576
436.526
420.437
140.025
165.195
212.19
301.456
299.956
397.969
381.729
199.317
271.819
220.4
116.554
122.084
120.187
43.0117
169.912
90.9164
70.3662
63.7911
269.142
35.0801
82.8535
413.346
261.393
180.053
229.052
176.473
425.269
168.716
158.083
135.245
54.7704
86.2237
254.004
74.9088
494.219
35.4153
286.707
268.691
76.8629
380.64
114.458
70.2461
474.502
322.29
234.244
227.113
482.997
287.993
465.395
221.215
151.094
106.078
112.199
448.643
318.312
361.503
31.0417
108.562
224.75
465.161
269.846
367.27
154.339
349.825
376.361
115.958
72.7138
197.384
282.934
381.965
38.3901
67.6184
372.675
294.344
538.36
295.494
152.41
246.052
224.547
206.754
264.83
213.718
131.937
261.176
96.1393
140.013
33.7149
244.857
351.906
220.402
95.8652
390.795
478.917
388.493
256.193
48.3165
350.351
225.763
47.798
37.0203
322.082
234.525
337.474
126.436
490.402
244.552
96.9864
398.77
252.612
285.819
399.412
78.5568
41.8346
341.703
309.465
245.098
401.029
435.936
356.949
132.764
129.608
150.791
260.445
174.251
182.461
263.839
309.619
85.1395
470.78
248.795
384.159
163.126
384.821
126.443
336.1
465.236
234.423
270.679
232.999
205.614
377.853
37.986
232.987
97.6694
277.188
267.945
130.386
498.184
438.385
219.923
93.193
339.255
409.566
226.198
422.659
163.516
161.255
254.961
316.79
97.7205
91.3789
343.771
305.573
50.1597
92.5163
114.56
237.797
419.19
157.688
49.7583
331.563
302.555
311.731
390.183
195.391
179.674
184.983
71.2562
179.615
273.925
159.43
273.623
255.691
435.863
348.768
94.4869
230.901
62.0293
448.526
360.556
341.118
107.381
39.9606
171.252
233.334
140.901
342.581
163.337
153.897
411.604
320.8
378.658
244.97
401.2
122.817
520.074
334.248
81.0627
182.569
304.332
183.298
252.956
62.5213
361.953
318.993
353.568
320.014
302.308
364.494
287.621
288.109
433.893
227.145
44.0051
266.775
274.834
373.738
293.478
302.185
252.844
214.718
325.591
157.478
482.463
96.7318
80.5274
137.228
77.7766
421.326
56.338
145.535
173.908
120.161
144.542
351.708
276.15
275.344
184.784
73.5534
265.884
39.6521
249.253
209.127
90.1417
328.015
208.545
312.09
327.557
105.786
38.4477
301.213
86.8433
301.626
214.195
238.957
232.584
209.337
370.098
405.113
374.121
85.732
122.95
243.902
144.118
179.718
118.198
508.466
147.818
320.47
61.7471
362.334
489.557
201.365
301.966
306.353
42.1829
359.192
356.279
359.904
65.0781
538.888
46.5167
229.375
195.796
344.83
154.259
428.551
69.1687
312.57
423.651
402.876
181.966
428.834
271.248
487.281
293.58
223.723
192.481
511.884
443.49
42.1336
486.071
111.656
431.459
190.979
149.081
401
33.4744
184.062
75.7748
148.794
117.205
173.318
421.577
296.201
238.979
371.99
68.7762
83.3282
119.906
80.5052
81.8205
334.412
239.628
130.105
113.024
371.166
354.69
252.065
149.058
250.118
215.569
268.187
198.095
244.183
270.375
63.518
544.618
226.382
59.8185
69.0458
71.2455
267.619
352.545
277.661
517.779
136.676
401.729
72.4837
89.9844
105.353
423.625
162.598
492.709
83.2975
189.957
231.689
349.174
72.2649
92.1136
399.715
482.845
286.559
56.6229
387.664
292.291
357.755
278.165
175.933
172.573
435.993
343.693
238.897
134.719
199.186
177.592
375.143
440.266
303.893
191.732
184.857
91.5758
307.305
354.112
70.0393
455.03
420.017
38.809
249.08
362.181
43.3824
258.762
107.904
458.407
335.79
242.374
114.589
271.827
366.744
241.062
68.2549
231.859
208
314.207
216.826
304.728
341.794
349.324
335.931
172.846
203.665
341.426
174.962
112.656
427.052
113.584
123.806
301.007
174.333
295.123
219.301
351.114
544.316
183.484
365.403
138.504
208.017
60.3957
298.965
268.109
40.5526
214.562
514.241
132.937
456.656
97.1816
406.689
279.455
365.666
156.069
190.144
242.689
252.244
54.3472
272.933
280.208
416.556
254.7
370.033
466.788
217.687
157.005
38.8397
300.284
330.885
77.194
38.9218
125.409
107.088
179.953
476.762
299.163
85.8407
354.601
88.456
359.978
76.7771
106.73
465.287
424.275
98.2961
476.145
272.521
192.308
255.317
471.076
271.888
164.514
404.325
429.604
102.676
185.652
435.401
248.595
169.032
89.7188
113.781
380.829
359.066
342.614
233.008
243.797
50.448
443.451
268.812
101.031
97.5859
373.859
157.883
507.632
323.997
199.196
389.711
161.493
481.434
147.487
107.546
172.881
460.947
89.4277
151.521
362.065
303.459
340.165
159.028
234.839
232.338
123.519
453.601
399.304
141.511
355.513
38.2933
229.009
272.565
227.035
358.979
354.619
263.74
378.007
402.529
177.514
475.81
453.511
137.961
161.88
190.266
276.799
346.58
88.8857
46.7355
322.927
215.686
306.827
177.313
367.199
365.731
480.105
179.764
33.6649
193.954
342.327
262.931
61.7728
223.616
216.332
270.351
146.251
486.258
402.463
269.011
263.967
73.2154
361.645
132.673
96.4431
127.248
356.527
230.711
280.44
489.401
272.918
196.746
377.725
264.739
246.611
334.82
214.065
477.599
186.911
155.735
225.017
172.78
122.647
355.29
172.745
369.56
133.12
341.588
178.266
272.659
107.131
491.646
52.1177
533.813
424.926
133.069
101.286
292.919
63.2214
122.143
352.108
106.636
90.056
69.3286
85.5192
333.476
144.358
367.331
445.945
56.8408
400.557
483.545
84.7919
72.2548
220.515
135.838
163.09
236.396
389.138
294.624
87.1309
132.011
414.693
354.704
205.86
447.787
224.354
61.1492
334.046
415.485
121.963
409.321
197.853
388.698
39.306
275.733
207.772
141.343
67.7522
182.742
286.154
404.507
272.507
147.185
315.034
327.178
37.3892
32.7717
281.334
376.312
61.2284
376.225
52.2514
198.482
58.8276
215.293
139.369
176.364
330.814
350.634
495.379
260.273
463.921
262.561
132.614
250.422
383.855
116.269
64.0717
217.357
514.326
88.7877
267.343
301.619
41.3261
227.803
429.822
365.103
86.1723
233.566
306.539
486.965
255.074
134.692
201.261
356.676
249.602
112.203
229.358
556.427
363.626
60.1628
317.413
60.271
392.341
95.6026
424.681
286.837
49.0462
415.737
45.3873
150.234
418.19
86.1514
334.765
212.737
272.343
294.168
370.096
438.802
250.991
136.34
186.52
490.86
365.699
409.171
372.226
89.5027
324.701
139.921
399.505
125.32
382.831
300.584
325.988
229.738
256.121
347.879
272.051
272.529
81.3787
270.72
394.754
231.483
274.084
162.418
124.518
343.144
463.947
178.991
432.193
263.76
209.004
186.648
151.798
361.878
232.855
420.14
385.515
225.245
301.433
124.944
128.927
240.951
406.674
100.783
216.378
382.246
279.529
76.7848
283.695
73.898
205.576
88.8387
138.356
114.636
134.134
143.595
363.12
185.326
294.262
146.508
306.454
205.329
255.19
315.3
140.215
94.0454
517.974
252.772
390.309
311.837
106.709
458.097
120.324
134.338
122.135
118.048
133.26
313.577
194.028
93.1747
213.357
489.377
264.263
51.6478
387.175
346.742
348.876
404.43
128.017
393.57
304.373
304.724
349.622
209.089
271.075
255.898
307.061
355.209
533.707
282.297
362.592
397.136
244.064
102.303
105.615
425.358
112.603
156.292
225.758
466.091
371.281
384.887
440.815
145.499
235.78
151.261
49.6925
183.261
336.982
220.443
91.2608
209.23
98.0423
142.917
443.169
266.576
460.728
394.488
400.692
216.087
361.363
127.134
176.658
326.762
292.179
364.686
93.6645
188.395
445.74
38.2467
470.333
87.4996
226.654
66.0182
302.87
354.566
143.437
350.435
195.507
341.153
158.652
118.453
437.3
70.7688
138.011
263.638
302.01
31.0477
441.973
408.8
256.461
398.861
105.404
502.98
143.774
448.375
55.9874
56.9767
45.7106
70.7813
223.355
60.1826
377.57
297.268
76.9542
149.784
400.579
205.466
113.503
156.015
201.529
226.229
419.897
327.486
52.9552
294.913
114.983
414.761
294.469
76.2444
105.363
450.597
152.216
125.372
150.542
211.915
192.422
256.657
233.827
93.2797
176.21
535.892
48.0751
227.456
295.395
352.103
54.4519
72.0294
210.751
531.194
174.007
382.771
377.616
79.488
226.57
103.146
364.705
190.683
98.3511
306.287
355.512
58.9871
134.115
303.102
50.5931
395.527
355.646
103.529
64.5757
449.481
74.6387
263.365
188.591
205.661
219.737
177.267
71.9126
491.302
128.22
50.8266
258.814
124.192
330.556
401.663
309.878
479.865
78.956
532.146
402.424
73.4106
302.573
455.989
112.282
291.185
130.744
116.167
80.7509
260.181
114.719
77.7851
66.7979
268.156
342.336
41.7439
193.863
488.954
314.583
419.718
399.833
171.926
234.658
172.02
65.8228
283.247
235.579
387.038
36.9529
57.4493
77.8091
474.449
104.435
150.003
149.213
368.155
201.883
189.55
47.9154
414.489
249.226
82.7418
192.842
65.1927
178.761
336.598
187.298
331.252
195.457
176.435
382.001
96.4872
237.589
356.216
300.216
172.369
149.149
115.58
316.461
456.902
438.706
41.1938
305.14
342.153
128.083
212.126
400.655
117.969
34.7943
296.382
218.802
70.1217
401.638
168.463
379.467
225.293
138.706
129.369
371.197
120.809
131.419
47.6104
254.309
231.339
200.404
124.231
301.463
551.714
401.63
170.373
165.349
383.929
234.529
260.799
133.861
173.883
156.762
494.264
287.566
437.95
98.1846
332.231
412.388
430.128
350.544
48.7083
415.267
419.795
341.377
56.9016
165.951
325.399
166.888
196.927
173.488
40.9573
86.3992
185.936
263.523
302.93
328.518
66.786
107.322
358.627
219.029
160.791
94.8256
118.079
556.366
68.6086
284.697
193.85
97.5041
484.327
369.598
220.009
34.9784
97.2767
146.583
115.417
320.388
192.641
248.266
202.659
444.451
162.415
79.8408
434.735
214.851
273.851
394.984
243.711
66.6857
239.237
378.771
169.748
333.646
64.2542
73.3148
72.7974
335.076
281.414
135.191
451.817
146.841
525.82
36.1154
156.092
162.32
180.445
297.772
60.8786
192.209
164.974
227.9
97.2579
310.324
212.381
342.444
64.4637
87.6342
148.876
78.2632
391.857
50.9846
99.3278
93.5039
218.364
381.306
202.468
438.096
111.338
144.115
330.089
63.8876
268.306
195.139
334.543
311.971
354.926
309.22
381.04
116.376
360.164
96.0318
130.371
267.271
211.782
99.9925
69.6291
205.524
277.24
333.817
152.284
457.391
336.815
457.85
274.304
262.057
66.8238
85.0384
333.427
77.6676
319.016
400.585
158.821
147.159
268.932
237.953
434.402
292.781
394.501
302.183
68.4165
305.786
331.099
335.199
471.883
437.658
32.348
436.682
226.118
133.443
370.542
157.063
32.4797
229.719
78.527
365.693
163.447
241.052
270.866
384.588
87.752
214.038
321.575
417.953
177.405
57.8183
423.938
197.39
73.2784
30.8803
378.901
93.1694
497.253
360.909
292.106
406.458
500.357
307.443
204.189
399.778
528.885
131.361
350.705
99.1452
293.17
356.368
88.9932
130.165
491.14
195.767
161.31
179.297
301.451
114.027
137.461
305.116
151.078
263.864
258.235
142.746
292.051
199.321
473.412
256.31
134.211
132.117
176.235
147.9
34.8648
123.706
247.811
48.4358
431.69
135.95
96.4786
159.861
44.1348
322.221
164.716
546.985
168.855
117.213
258.436
465.306
103.644
136.478
89.668
232.531
172.382
234.327
154.108
160.686
249.65
314.497
394.122
235.779
318.981
484.3
101.17
88.9869
88.2222
149.073
400.551
41.1264
108.222
246.239
387.469
296.47
195.804
453.267
86.7168
298.514
152.546
68.7453
369.021
244.172
52.4243
41.8082
478.854
429.543
276.113
250.599
358.441
257.183
208.784
102.969
200.988
185.802
437.008
445.991
268.641
438.675
500.524
117.522
90.615
187.859
262.077
350.009
226.211
388.63
326.402
447.135
105.248
425.441
386.832
316.758
446.923
424.918
149.491
216.656
460.984
200.739
197.132
430.058
55.5196
387.95
150.097
138.348
110.205
123.788
125.972
244.733
150.222
65.852
115.792
425.453
455.914
173.362
288.096
320.209
374.608
108.661
235.101
54.0464
226.857
329.547
424.538
83.5155
194.897
356.869
283.488
205.658
211.565
462.09
87.5507
278.411
201.381
196.841
177.675
68.3987
35.0127
244.541
80.8669
240.354
152.657
311.739
261.572
337.752
51.0706
345.393
136.828
57.5703
231.353
38.3082
108.223
422.979
163.702
387.238
341.399
120.689
40.6707
329.671
67.3516
148.219
522.662
47.6053
302.086
254.403
343.313
503.293
198.198
129.185
30.6606
204.485
127.533
553.424
99.2221
120.437
299.672
52.4847
304.09
206.93
380.865
312.443
204.652
247.402
242.333
433.528
163.445
397.815
145.294
358.856
155.279
94.3305
195.829
350.227
260.636
109.559
343.512
153.658
404.396
208.274
80.0582
192.768
368.16
42.8759
325.226
355.888
151.528
290.886
112.64
62.1062
116.386
42.363
269.11
173.596
164.345
45.9185
42.3344
422.767
93.1374
309.709
219.155
169.384
195.971
102.369
280.287
346.384
132.516
356.62
70.7819
406.934
44.0325
41.5841
317.197
247.88
189.945
206.987
80.9699
107.034
256.257
139.736
225.551
48.0688
217.614
266.897
227.928
86.3631
200.943
381.057
102.607
470.613
105.568
296.925
427.77
373.207
383.305
54.9559
308.618
208.364
95.718
237.31
276.639
106.034
409.636
222.379
323.774
419.933
478.881
149.602
190.526
110.122
105.176
237.867
174.759
437.208
380.947
64.3396
40.1557
316.426
118.521
327.377
514.423
344.081
204.546
123.112
238.495
96.2248
270.295
264.61
287.863
353.527
181.523
328.625
182.082
395.925
193.726
533.26
286.967
301.157
414.795
493.936
401.063
277.84
389.997
326.918
232.638
402.315
114.269
98.054
371.191
155.828
256.631
325.098
159.534
359.635
326.63
89.5061
444.209
451.989
389.076
441.625
311.28
440.369
306.717
353.251
362.613
329.06
385.529
446.224
92.3394
481.048
416.073
312.579
288.442
325.182
282.887
503.615
86.7078
124.784
118.699
232.098
114.526
207.616
312.025
55.3261
250.263
377.596
254.057
506.24
66.5243
293.624
427.533
378.313
207.507
363.524
308.895
85.4502
309.678
245.816
258.361
330.446
420.346
68.4588
280.15
202.516
392.594
373.244
242.094
272.848
116.344
251.792
402.462
173.406
377.335
479.542
464.668
327.287
453.831
166.022
292.192
282.088
298.378
166.564
368.609
274.845
237
245.563
42.5606
410.403
83.1432
200.853
458.187
367.117
351.507
331.044
225.568
420.696
68.2917
441.921
295.541
204.74
114.891
364.61
153.603
356.041
155.911
212.492
246.894
530.159
241.147
267.294
80.0391
159.085
230.432
313.871
236.876
140.355
249.964
328.795
162.434
422.865
157.327
194.12
249.399
109.337
276.435
497.462
162.921
92.4164
173.641
275.024
254.28
331.807
429.143
194.713
284.576
338.5
364.349
117.974
100.65
58.3837
97.0057
223.409
224.623
377.553
318.688
102.77
357.867
53.7007
119.017
221.909
98.5198
195.841
163.905
323.23
265.699
355.056
93.2052
196.771
269.275
181.307
339.523
91.8467
105.983
210.525
65.9898
263.681
132.114
191.487
266.227
296.511
527.195
67.6784
232.177
300.99
184.641
318.139
57.8132
241.423
45.3091
410.762
92.1052
314.678
169.789
268.054
370.884
273.12
417.711
280.01
82.1971
317.541
235.33
426.687
398.063
81.148
101.408
151.688
198.834
243.231
50.7327
294.587
96.6063
54.0071
231.29
142.114
230.842
358.828
210.542
456.346
134.254
309.537
56.791
148.321
298.681
357.252
238.736
131.34
498.64
467.673
53.0456
246.66
268.724
230.337
65.5121
417.579
98.7246
55.3207
112.956
152.697
341.353
362.779
387.478
423.188
174.565
231.19
175.411
234.425
440.937
176.477
339.288
332.522
95.9283
165.671
488.969
475.362
115.303
303.919
166.435
77.0444
213.63
213.031
254.044
373.226
145.663
170.362
198.607
223.892
166.568
172.325
124.111
246.484
446.27
223.139
229.171
404.988
172.525
250.325
95.6002
102.963
217.502
320.452
60.814
209.048
388.338
293.013
226.79
76.3691
322.385
246.056
244.045
100.39
161.086
309.979
85.2797
337.902
478.306
249.228
255.158
427.364
338.46
151.141
101.915
190.806
242.833
132.777
73.6756
176.152
491.195
44.602
402.181
230.061
267.09
392.368
383.467
452.962
195.639
294.629
334.025
225.174
520.633
360.581
36.381
66.3815
342.958
367.805
125.6
179.937
287.216
218.362
466.976
477.802
204.332
66.8738
31.5772
352.171
122.516
400.536
347.594
374.365
431.467
372.297
263.053
178.281
216.502
399.731
260.476
183.434
466.846
384.72
180.169
154.773
54.6455
113.913
246.811
191.101
276.366
409.91
328.771
33.7075
303.334
73.3355
161.259
127.175
71.6261
68.5075
371.188
277.417
312.311
179.045
313.438
122.444
374.387
519.749
213.77
437.56
374.983
345.396
384.969
297.499
184.428
365.67
408.223
470.126
54.9629
340.153
42.3549
413.943
32.9646
231.641
227.652
275.417
34.2208
306.555
434.527
343.362
242.527
122.684
117.092
214.08
314.316
300.692
245.293
70.6333
107.693
553.573
92.6072
102.18
399.987
211.65
350.565
338.807
320.746
229.919
217.271
452.818
535.796
297.963
272.351
288.702
324.912
203.349
519.95
298.208
99.4663
387.946
405.736
484.291
348.736
70.7788
337.488
92.2563
195.92
279.105
444.944
200.138
230.162
60.3057
83.1328
184.426
296.001
328.008
285.453
130.65
430.423
349.886
242.399
78.041
335.318
201.086
101.339
417.423
55.0875
79.7402
157.246
95.8122
273.244
159.929
467.029
190.644
401.765
270.679
90.6408
91.5831
83.084
145.382
264.907
57.0399
41.1187
291.063
241.939
303.837
237.115
75.7144
221.598
248.703
170.615
247.063
396.569
344.244
474.052
363.704
127.548
377.22
374.646
167.653
68.5428
545.891
341.521
372.218
204.19
58.0341
132.596
94.0307
258.321
121.745
66.4368
98.3108
461.557
97.7965
407.288
437.293
306.339
314.761
113.468
294.976
374.232
114.372
410.387
42.266
327.255
323.789
300.508
451.84
364.807
483.982
249.509
218.237
267.457
193.972
105.852
145.481
121.943
288.655
198.481
59.2972
326.505
80.0539
120.075
215.644
38.983
108.641
369.776
145.366
246.592
163.003
108.889
197.006
100.2
170.694
320.286
316.328
398.628
109.7
385.805
137.225
227.123
125.716
65.4037
106.021
60.7525
471.505
377.12
363.425
342.214
49.2872
365.164
384.355
451.773
257.256
418.954
228.536
289.105
105.13
61.9119
367.511
114.927
287.276
296.868
341.325
442.036
252.112
211.423
390.274
153.23
356.904
105.498
267.874
441.845
341.457
74.1348
109.215
470.209
287.661
501.267
295.842
176.257
191.501
435.623
532.667
389.314
258.418
168.243
463.47
161.566
145.439
164.628
52.9533
77.8433
247.522
113.602
116.871
405.193
483.469
188.007
255.458
363.514
456.7
212.303
283.997
362.221
494.562
357.018
76.3788
103.149
73.4911
281.318
169.001
483.307
42.0238
340.071
112.686
217.449
243.087
418.48
99.8418
250.354
394.678
262.676
386.743
245.009
96.4942
375.04
325.345
131.555
432.674
46.247
77.4214
355.324
390.181
391.481
478.522
218.993
434.41
206.457
76.0167
337.861
95.1172
266.337
44.331
280.12
185.904
303.819
222.883
235.545
544.901
143.272
316.349
318.576
80.2058
46.1006
436.785
243.207
264.503
274.849
347.301
318.501
195.399
377.002
397.397
208.422
245.901
51.3126
241.002
102.718
82.2042
167.308
223.442
388.212
144.317
540.762
244.381
307.444
84.8259
259.311
459.889
140.683
106.184
80.7537
217.324
212.283
167.34
535.172
51.3834
53.9122
92.0302
436.276
150.643
335.516
63.0407
342.804
429.082
512.792
393.216
132.7
302.146
97.9696
225.574
257.567
71.8966
32.0177
86.7577
430.747
295.759
342.203
328.39
322.875
186.521
557.146
33.8013
36.6414
244.001
267.085
391.275
322.981
119.531
56.0527
37.713
31.4623
191.385
372.178
51.5194
64.5249
469.337
280.045
158.489
111.602
107.081
114.608
358.714
291.911
551.66
164.676
461.394
55.6472
111.63
110.412
353.211
254.657
420.043
333.227
336.13
226.811
352.529
309.12
52.9661
76.2599
130.496
429.22
175.366
225.825
201.476
180.54
103.648
366.078
429.775
207.801
238.178
377.248
195.168
257.896
137.426
75.6248
55.6934
264.905
234.454
188.562
234.732
152.212
179.744
312.768
112.748
318.485
364.734
428.309
521.638
241.268
279.063
372.583
292.729
114.685
122.77
306.802
284.135
200.422
202.215
134.114
394.273
251.775
534.575
419.275
450.934
205.539
378.108
418.082
61.5552
123.171
125.26
134.409
489.478
238.819
446.507
274.652
131.729
271.463
467.836
261.517
147.658
245.063
132.969
256.4
132.372
367.538
130.639
362.741
41.3479
109.129
374.771
236.498
109.894
323.866
364.207
84.1424
326.409
163.369
191.344
474.414
63.8054
134.471
518.422
54.9366
46.094
299.791
336.773
343.663
353.67
240.404
187.101
73.045
181.312
452.976
319.685
458.352
308.253
282.761
161.118
227.751
41.7974
31.1238
398.136
363.943
35.0183
143.293
130.764
157.373
42.2878
32.5114
345.578
256.927
127.814
70.2462
299.574
252.719
362.797
440.619
220.925
391.383
178.926
73.8853
296.475
65.2877
475.365
325.299
379.923
60.242
138.045
308.024
200.734
67.859
418.289
134.027
161.47
79.9183
82.9614
459.966
125.403
348.041
156.847
417.045
85.0672
361.082
258.706
69.0331
173.728
547.143
36.945
171.012
49.699
141.859
524.22
496.988
461.585
250.03
453.345
156.531
263.934
348.191
327.031
132.968
457.176
122.098
283.952
187.721
431.428
310.077
351.529
402.544
180.34
60.2693
94.3813
185.058
135.919
304.59
185.39
190.12
403.864
204.54
437.903
232.482
218.48
197.543
240.334
494.905
427.552
156.111
328.15
85.2642
101.382
302.515
98.8095
87.7591
467.599
139.902
221.379
127.011
195.027
212.49
444.984
191.817
269.487
257.004
337.023
178.641
288.204
355.481
100.86
130.983
412.587
250.697
63.5406
282.481
379.825
210.759
140.668
170.38
318.861
413.695
346.089
260.845
133.852
186.455
162.316
50.699
288.027
71.6001
126.77
210.086
452.603
155.783
221.506
478.974
113.443
474.586
357.256
378.336
247.34
410.63
58.56
147.639
326.148
80.9541
203.837
123.462
266.374
100.428
200.983
414.46
469.787
288.06
63.3518
275.494
169.479
383.915
88.4931
194.358
475.273
285.947
328.921
140.788
375.303
121.356
149.016
190.689
180.971
519.926
410.653
286.428
560.885
427.392
281.197
322.349
195.842
356.506
368.724
314.534
197.278
391.699
139.52
246.897
538.998
128.105
87.64
470.638
363.842
384.554
466.821
236.578
476.063
308.699
390.86
245.69
76.378
367.984
426.781
43.7182
236.982
286.64
193.354
261.886
93.4917
411.325
293.161
143.875
295.679
50.6701
196.564
374.057
109.391
537.982
293.74
208.809
90.0845
145.753
483.283
266.15
283.445
470.107
435.76
299.478
90.9585
75.6187
147.315
411.604
30.1966
394.981
239.509
147.733
250.319
184.159
43.8349
546.017
371.689
221.856
423.634
249.267
370.401
296.397
463.554
388.57
352.026
188.777
448.05
430.248
143.55
276.636
269.368
245.497
100.24
98.3241
151.157
67.8187
234.121
364.854
289.217
301.534
200.075
116.349
217.65
313.767
54.1489
340.902
122.929
242.631
405.041
232.911
353.267
415.485
173.974
49.476
332.17
130.913
98.2869
491.594
222.44
123.92
56.5231
257.329
302.634
222.933
503.022
127.337
246.416
73.1954
182.077
369.952
439.74
117.607
476.965
166.056
407.971
206.481
279.416
256.225
283.969
132.666
278.548
104.487
254.242
109.387
409.139
88.2353
68.4447
304.056
209.259
98.8645
48.5464
331.745
178.249
405.263
372.115
176.263
45.8318
396.157
124.401
400.88
198.034
131.266
208.903
116.025
191.312
271.343
231.331
398.258
95.4697
190.507
86.933
339.556
546.52
262.341
398.943
273.866
91.2574
207.059
228.258
233.306
121.969
41.2131
77.9849
174.892
440.478
46.435
379.723
48.2777
493.705
310.22
166.803
170.551
345.766
369.922
76.2397
120.694
316.082
176.235
156.318
327.593
97.9035
134.814
61.2352
217.81
102.083
40.171
471.738
145.846
176.357
160.765
273.696
494.303
426.964
507.887
232.972
38.6515
186.78
364.411
329.017
237.57
39.9351
225.336
296.006
163.935
84.2541
133.312
76.7495
380.295
461.868
207.7
237.531
268.136
372.859
446.468
337.838
148.009
352.399
133.3
392.884
62.4408
503.205
397.403
245.223
76.8431
112.037
211.325
564.562
286.879
145.799
152.363
230.767
343.073
141.193
32.631
217.413
241.213
195.466
219.902
416.171
436.115
329.125
121.096
452.373
372.123
119.273
371.278
254.65
46.8931
265.801
281.249
266.616
226.81
289.762
437.293
83.9347
269.398
405.874
398.543
49.7778
94.6648
134.474
171.97
194.028
124.952
167.521
294.191
122.734
356.878
288.989
385.842
215.885
146.564
58.0071
251.327
531.744
163.61
445.211
208.748
95.3214
53.0993
300.504
161.905
233.208
448.19
258.742
447.538
249.014
275.816
328.938
499.669
165.27
115.427
346.085
39.0214
372.747
180.842
118.931
405.553
274.399
420.095
345.824
192.113
60.3861
393.699
362.933
275.458
143.503
135.579
275.781
102.783
33.7065
87.5139
82.6052
260.316
326.014
186.535
248.003
121.472
36.213
292.163
290.018
164.624
235.205
272.036
284.577
185.632
112.229
179.292
57.0082
443.781
108.197
173.721
319.58
53.9926
359.946
323.57
233.149
354.848
100.475
125.786
85.3075
60.0047
244.441
405.916
331.223
74.958
384.159
394.433
248.009
176.92
291.478
122.008
323.938
220.73
307.096
217.637
218.972
285.48
162.856
99.2171
75.8534
311.291
348.086
404.709
473.283
107.291
423.731
62.9389
370.718
243.859
312.779
222.311
132.167
468.182
258.444
329.32
454.094
246.376
393.72
256.898
465.096
81.7801
71.983
408.047
128.862
34.8223
392.887
231.344
321.578
156.19
53.9374
395.982
209.664
332.849
451.817
388.772
181.398
107.453
186.019
108.241
269.737
80.9062
113.336
230.472
141.381
108.029
253.19
176.247
46.1673
247.918
71.0407
149.033
321.117
412.005
277.434
192.431
372.495
132.49
298.101
102.026
123.791
94.2257
363.944
114.74
208.474
49.752
323.219
339.119
386.006
289.838
95.1525
228.208
426.088
340.278
411.302
425.367
65.9484
399.835
288.871
406.559
290.415
190.14
350.16
238.414
377.006
275.478
37.4965
331.544
220.887
287.718
465.069
212.889
401.727
81.3999
111.296
347.379
463.031
124.863
111.108
500.393
133.718
418.809
160.383
348.151
374.78
282.236
383.408
297.877
401.02
138.492
222.58
107.108
272.027
234.344
95.0746
185.535
366.6
364.731
235.305
452.3
91.9633
114.159
293.188
171.513
501.837
249.709
295.793
438.031
461.379
479.29
356.547
301.344
285.865
32.0966
196.829
122.717
213.715
240.718
103.409
262.204
290.742
112.22
187.754
378.259
73.9705
74.4228
142.976
114.955
104.731
524.758
266.989
386.804
393.08
90.4747
296.32
304.964
186.544
56.536
322.176
57.4662
208.947
180.218
169.715
439.68
246.979
486.635
193.232
220.485
85.7753
539.784
387.448
121.035
175.33
82.0709
287.453
80.9548
106.257
165.352
424.419
136.566
54.3261
521.802
367.619
396.99
313.464
138.528
342.04
59.3361
159.501
294.1
370.556
332.61
307.828
223.692
31.1826
72.848
464.962
169.66
218.71
523.945
302.675
56.3211
140.126
176.664
81.6925
105.281
235.436
130.253
101.965
62.641
93.315
105.574
333.753
42.9172
325.955
197.866
348.062
407.474
207.01
323.266
456.338
224.961
124.101
493.462
295.352
221.85
87.7281
89.2033
84.1617
341.842
383.956
408.182
406.568
355.924
294.34
496.616
139.515
313.828
222.389
208.48
193.859
224.549
251.227
46.4253
431.176
55.4437
90.4856
298.122
255.369
432.6
453.425
242.439
311.925
45.7045
268.302
47.6572
158.819
222.248
241.487
408.836
329.606
378.069
161.83
32.694
31.116
245.683
194.75
178.706
295.217
330.508
121.154
341.668
260.771
87.9736
408.076
350.406
258.764
365.744
233.986
378.336
223.992
230.831
515.743
213.616
170.485
319.117
428.537
290.477
216.369
175.186
302.075
212.232
462.425
268.851
293.982
385.266
395.898
323.739
425.15
238.16
338.092
423.846
169.384
354.818
293.909
141.22
489.765
128.5
58.5595
274.585
412.991
31.842
245.136
427.134
47.3393
61.5319
249.762
117.885
282.768
248.437
427.986
325.955
312.312
284.721
202.895
288.261
414.477
395.883
119.767
233.812
56.932
183.372
46.5248
188.137
325.979
272.112
111.515
273.326
401.483
61.9911
104.706
341.57
165.846
510.375
223.25
81.8352
70.0084
555.169
315.194
454.113
391.616
399.817
144.016
276.875
273.548
80.7543
157.667
366.047
398.946
305.242
128.209
140.676
73.5165
50.1224
284.443
151.595
219.325
233.576
236.99
275.904
430.901
192.3
260.259
329.318
148.893
254.919
50.8721
130.853
277.722
81.7083
121.499
219.347
336.519
115.292
354.59
33.5455
422.849
118.35
157.191
295.108
523.39
272.044
289.519
360.301
127.817
435.039
371.902
113.268
159.373
56.938
329.984
30.0991
312.898
316.237
431.523
56.2175
236.621
223.203
346.043
479.241
222.192
216.012
326.958
312.148
425.917
85.2057
88.3941
47.4313
220.87
396.159
323.286
326.053
362.104
54.0311
207.123
53.9049
106.082
243.848
170.743
49.358
34.9135
303.848
294.311
140.41
339.538
112.377
266.083
524.113
244.443
292.682
144.191
532.12
432.737
305.871
359.495
33.0689
143.312
408.37
48.1378
193.961
85.7505
158.365
332.001
418.814
248.135
298.94
165.55
172.487
386.64
318.82
473.174
344.043
276.209
277.13
237.374
223.599
142.033
40.8708
490.274
281.944
187.464
42.9378
55.8434
51.4317
478.283
52.3844
117.699
158.693
200.81
315.433
371.314
228.482
100.437
411.197
463.095
397.164
70.7716
259.058
167.054
281.961
243.585
51.6381
289.268
298.834
181.961
329.292
510.374
487.245
342.945
238.157
266.683
315.888
112.953
311.531
101.042
406.458
86.7263
216.951
307.769
197.889
250.113
259.198
72.8112
451.507
89.0518
494.161
397.832
120.425
207.025
426.13
148.593
39.8351
511.803
204.276
31.6373
120.983
279.967
266.369
222.281
269.902
472.849
456.507
58.0139
297.546
407.916
66.2979
227.586
98.2575
484.018
66.2115
451.879
123.752
509.881
411.323
82.9878
283.412
140.971
271.38
486.633
367.799
511.015
76.9873
60.1284
357.66
197.8
125.065
340.5
141.08
327.343
394.128
134.196
271.76
229.931
130.347
270.925
181.941
38.4415
422.625
364.811
193.527
77.0576
376.98
433.705
70.8014
316.947
246.489
197.763
499.179
38.6004
146.846
233.162
376.34
431.748
83.0658
176.164
505.515
97.0247
323.78
128.85
483.825
357.065
170.305
457.297
128.232
38.6548
483.553
507.858
199.091
81.5651
61.1338
86.8539
306.314
170.802
142.718
73.3549
48.0548
469.343
320.499
338.589
56.6258
319.056
499.737
137.44
429.921
173.908
122.371
326.987
526.115
180.538
44.6204
64.2038
175.636
305.207
260.042
66.9794
200.294
378.739
308.959
348.476
93.9694
436.135
184.938
532.875
336.687
441.908
203.098
417.763
146.674
247.318
293.166
44.4999
189.174
233.408
188.825
40.7411
200.687
194.908
481.196
220.782
226.482
243.3
277.653
59.5767
445.401
57.2814
42.2125
425.156
457.672
138.012
33.2838
238.219
375.152
468.993
167.047
66.0337
264.438
67.9299
299.621
416.763
287.794
369.804
218.936
284.525
396.932
153.323
453.16
106.247
211.211
453.589
113.564
386.683
113.87
199.931
169.269
440.087
227.183
477.048
497.768
339.684
254.907
421.942
124.937
305.834
328.437
173.896
376.275
150.249
279.649
240.991
73.1399
329.088
267.13
241.066
34.7153
104.251
352.995
258.632
153.035
57.6201
421.705
247.392
65.2363
358.578
60.9466
304.709
159.004
303.509
340.071
346.429
273.288
88.1271
352.56
168.785
421.994
126.18
199.703
196.269
436.085
351.511
164.997
330.561
407.866
32.5384
223.811
426.145
119.586
224.044
41.2106
258.789
209.335
188.868
146.237
339.465
260.368
453.881
272.552
177.253
53.6376
530.444
307.521
234.779
64.7857
409.596
98.7506
56.805
364.866
369.45
324.843
90.5049
34.9426
83.8689
319.388
377.903
61.8309
341.774
86.5915
383.855
284.541
83.5275
385.809
195.048
371.632
212.832
438.423
398.151
132.17
185.297
504.739
281.754
82.8396
203.419
212.868
100.72
416.943
164.588
129.468
206.617
121.188
97.6896
288.368
452.018
300.112
429.5
275.706
346.023
64.8345
524.227
182.947
86.2353
212.804
406.171
73.4221
392
303.347
384.317
492.375
42.9651
256.297
104.072
453.664
475.443
161.227
400.649
324.95
329.771
189.521
111.256
345.974
83.8871
309.088
226.609
38.8515
298.601
172.096
363.453
441.545
273.419
284.62
284.368
399.33
230.944
372.859
156.254
486.505
49.6543
248.452
134.008
93.3341
85.4778
50.6648
232.477
111.219
410.893
385.618
35.408
328.244
287.976
200.592
478.28
470.529
201.81
167.318
480.81
289.615
59.1394
57.1916
358.075
235.682
245.492
99.913
274.873
481.98
414.696
308.05
86.6489
430.439
392.282
293.628
52.0739
361.793
133.327
188.511
142.465
540.48
293.603
345.792
309.865
325.844
81.2211
529.114
362.737
221.156
62.2423
137.22
52.9857
186.271
417.9
260.175
115.915
275.556
58.1922
323.98
337.221
449.974
486.129
78.5142
463.431
165.838
227.752
128.525
336.641
439.913
339.519
136.137
323.193
263.793
41.25
210.711
373.15
164.092
76.7387
383.837
198.317
39.7647
159.163
262.901
144.326
65.1692
525.504
352.227
394.867
141.955
199.43
446.77
211.845
140.279
332.173
330.793
116.662
389.58
392.769
190.197
342.603
261.76
262.515
338.303
94.0924
84.4988
429.568
305.145
40.546
242.038
46.4584
181.519
172.587
108.199
187.66
323.537
310.998
193.383
62.0618
206.893
170.196
43.2404
95.5887
328.162
325.93
133.733
144.605
312.543
337.047
243.3
317.129
391.286
406.243
87.2605
366.835
160.107
270.812
468.783
288.882
352.43
289.027
139.634
277.484
298.116
342.156
147.089
189.954
263.923
91.5211
151.188
242.568
74.9961
202.703
232.473
353.513
362.561
329.588
261.315
32.9985
360.242
404.108
242.846
177.443
305.493
212.327
164.771
282.593
66.9595
281.115
100.043
476.48
284.708
240.522
308.122
526.26
86.9991
305.285
260.007
142.617
177.259
422.531
299.037
124.934
230.614
294.664
46.3525
360.896
70.9254
220.273
356.073
226.105
41.2207
184.722
450.679
327.803
454.898
85.5409
436.67
245.001
397.23
272.8
160.282
320.802
362.161
338.07
126.469
43.2384
299.502
149.912
164.82
96.2706
218.676
240.911
332.483
363.002
218.928
310.309
154.871
340.998
227.35
366.712
89.112
253.61
114.1
231.813
338.733
96.6543
320.771
81.1062
275.064
242.44
205.963
83.8107
101.802
211.887
408.662
259.752
168.833
380.694
137.791
541.888
410.782
417.088
195.626
228.227
378.974
170.946
144.485
477.855
58.1372
210.379
136.316
138.651
241.76
206.006
332.914
320.036
81.174
421.428
301.182
100.758
32.1835
205.474
510.029
468.888
270.692
46.87
191.007
123.801
273.213
417.987
515.326
44.4702
360.709
265.941
235.779
357.913
444.678
62.7693
54.6445
200.608
267.059
264.837
438.461
79.1861
500.498
119.273
418.527
244.502
450.011
326.79
413.991
154.693
101.425
492.776
327.679
185.209
183.553
217.408
270.088
457.805
41.3757
81.2532
202.151
96.1632
220.663
332.588
101.183
222.764
374.99
415.68
281.672
372.81
342.682
273.589
217.96
321.558
192.154
65.6137
114.968
219.777
324.53
243.14
403.993
168.443
194.001
194.826
344.668
200.947
500.519
56.5519
185.966
140.209
507.742
316.633
332.495
346.104
285.067
340.834
99.4153
242.58
221.292
247.156
362.716
31.0204
299.222
189.51
311.448
276.951
265.207
232.578
65.4545
268.614
335.09
256.022
217.312
188.836
196.131
359.25
250.729
411.749
506.078
86.4211
388.939
361.48
463.175
117.27
472.796
37.1612
383.528
204.856
65.4218
193.183
233.586
32.7903
381.777
313.551
164.102
105.824
227.925
140.947
220.345
68.8582
270.382
278.022
106.192
85.4044
466.025
88.2811
538.354
115.464
136.421
66.1233
126.321
317.687
338.557
317.075
417.804
186.308
110.541
146.68
49.6055
319.327
383.197
373.782
176.753
63.3833
135.051
452.53
39.1247
51.0513
159.995
125.799
100.884
331.334
74.844
278.599
223.443
97.4045
118.369
174.883
365.585
249.944
254.565
243.007
217.319
148.522
508.033
102.002
242.572
46.176
60.609
371.416
32.3093
196.225
223.734
433.595
435.388
128.158
312.778
194.767
253.423
75.4683
525.19
128.144
90.6112
78.0145
225.464
504.413
261.848
481.64
189.962
89.2411
390.075
257.026
102.27
34.8078
336.308
245.782
507.081
436.071
526.22
383.707
465.508
54.8675
374.975
316.548
488.694
237.026
335.767
179.314
126.43
160.707
179.799
57.5945
400.055
154.131
101.429
498.305
124.94
124.588
124.464
122.324
41.4588
233.443
193.102
107.6
39.5813
147.892
101.868
145.483
118.716
158.796
332.488
86.4229
331.137
266.432
70.2639
141.191
198.456
426.162
249.118
387.747
187.632
504.001
339.107
131.205
372.717
109.285
246.6
256.412
466.274
457.395
437.309
256.645
160.022
159.302
55.8013
449.687
363.231
365.967
81.592
393.428
462.743
438.95
252.663
340.443
399.118
30.7449
86.4925
363.505
179.646
44.0229
366.788
125.585
339.756
359.68
60.5656
469.593
54.8421
509.835
64.054
268.735
165.881
228.896
65.2245
272.833
303.227
371.991
365.845
40.063
80.7612
218.148
365.074
399.757
100.283
196.403
34.6365
297.206
550.352
406.625
216.976
453.473
378.985
104.724
329.482
352.986
327.94
97.9074
429.635
143.428
379.73
386.383
80.1525
30.1368
439.87
85.2564
340.621
324.857
110.975
143.176
198.769
419.526
95.8389
355.319
488.088
264.462
517.797
160.572
180.677
241.562
131.881
32.7262
149.303
110.405
67.2654
200.507
234.078
372.46
440.26
345.159
332.46
106.604
222.213
408.521
77.2629
105.061
130.4
124.248
291.801
417.276
57.429
50.1681
518.626
194.613
167.473
31.798
143.567
127.464
93.3888
40.8265
269.303
418.277
314.414
411.205
159.52
135.412
386.103
63.7119
218.482
303.973
388.71
326.018
364.67
337.305
476.611
116.333
307.808
315.334
350.566
414.384
130.207
213.632
86.2692
157.339
220.577
191.036
486.354
210.971
147.876
96.1768
89.8809
323.257
36.5525
68.2296
68.8999
300.37
255.001
473.359
247.226
379.017
30.303
318.022
429.32
122.888
310.84
63.2662
31.8494
32.9387
246.069
92.2746
300.998
192.486
466.044
79.4765
215.628
155.192
104.551
50.0936
458.843
39.7423
265.339
81.7492
44.4571
92.6078
50.2105
516.31
545.816
172.248
384.75
303.447
235.359
235.703
437.224
31.9494
192.543
367.413
305.774
466.842
242.946
39.8861
341.078
435.999
537.771
239.621
317.189
266.986
393.072
79.0711
92.7517
349.23
98.7149
546.631
192.431
129.763
36.4656
42.1871
429.999
85.3793
102.636
78.1767
85.2165
322.465
435.011
455.691
107.78
352.016
317.355
279.501
357.092
171.145
219.602
461.33
271.959
284.382
35.038
306.156
247.073
312.408
239.628
237.487
211.319
348.589
44.9763
323.828
215.345
374.979
347.232
283.392
239.465
532.357
39.2694
226.494
170.826
441.742
92.9156
255.449
38.2719
125.614
392.065
466.134
256.204
322.789
129.005
419.57
271.867
203.267
291.434
445.701
187.385
405.214
232.597
324.393
402.576
553.904
283.323
265.088
160.12
326.616
80.9121
168.603
64.159
376.223
279.267
85.6162
244.763
379.771
260.771
405.347
333.782
303.411
201.169
386.502
100.749
202.484
78.2378
261.879
306.877
86.0769
283.62
358.506
422.898
168.017
423.213
113.517
187.372
346.996
147.484
34.8905
217.605
243.318
81.6127
423.019
493.12
272.403
435.816
129.17
339.688
255.667
498.166
513.686
433.442
382.709
253.815
335.534
334.271
435.743
330.457
358.426
486.401
165.126
453.883
236.363
84.7529
282.765
293.615
196.444
78.7784
225.951
358.869
303.19
188.633
414.622
463.588
428.692
63.8266
48.1172
352.222
252.332
71.4571
165.062
251.815
355.224
430.797
95.9426
335.185
450.304
409.665
283.278
305.348
239.203
100.439
496.078
37.7905
206.755
465.606
230.726
277.637
119.314
306.139
270.578
43.6684
488.926
55.6021
410.138
157.502
111.631
43.0328
39.5125
284.389
266.43
195.871
145.694
89.6461
324.179
214.753
327.701
44.8745
277.136
424.695
296.582
91.1151
94.7464
46.5775
271.139
96.7835
538.606
283.572
87.6448
438.86
313.483
315.988
452.523
290.347
429.272
165.247
216.354
414.989
43.1245
385.645
70.8066
434.631
121.357
180.452
110.441
192.743
273.181
227.383
59.2759
161.343
122.739
440.461
251.805
160.504
105.356
383.383
235.761
47.0185
112.492
173.139
303.828
34.5913
89.7378
358.982
299.127
462.226
282.036
253.574
74.4486
97.4011
360.126
331.479
256.299
272.211
104.887
320.029
220.517
95.422
204.077
116.295
401.432
73.1037
199.807
81.4183
275.834
240.296
443.766
381.009
246.366
61.6276
358.089
189.695
283.26
247.02
416.104
395.559
244.859
229.723
395.81
324.217
236.512
71.7589
351.751
91.7036
227.536
188.823
404.791
254.968
209.823
385.411
388.924
373.881
339.15
347.022
208.809
405.146
114.629
158.364
154.408
571.88
93.7779
132.796
371.528
59.1663
173.913
142.109
230.557
278.431
97.7447
405.372
253.5
324.286
308.938
161.187
95.1403
110.09
466.406
203.538
380.744
398.555
380.182
549.707
62.0268
119.899
213.694
209.847
111.146
222.844
116.358
166.446
112.841
70.8281
184.959
322.843
226.821
59.163
373.83
100.717
85.1842
189.977
187.699
205.008
177.493
236.044
141.747
103.194
312.503
264.715
101.025
312.199
340.642
406.844
59.1981
86.7864
305.731
134.313
433.478
205.681
64.6225
66.2781
528.449
508.245
309.806
441.347
264.688
128.679
187.366
90.2831
366.383
421.556
359.271
206.997
433.137
239.964
187.48
292.94
264.928
231.453
279.46
375.321
179.149
82.406
234.693
78.7365
266.292
30.0175
316.855
244.224
35.2721
315.913
52.8473
41.799
373.133
51.2617
38.9583
244.347
257.069
344.003
421.347
150.956
485.843
189.22
477.385
119.762
161.7
81.8671
360.905
458.16
275.608
409.509
144.112
282.782
347.658
314.758
418.651
144.864
301.318
348.852
250.187
148.344
154.164
34.7459
180.646
94.0974
268.118
309.292
421.673
80.9778
484.562
457.688
473.848
32.0673
317.141
81.9874
394.982
322.359
165.705
239.317
100.95
316.6
416.285
55.5682
435.157
149.287
103.173
80.4809
98.2503
290.062
276.078
80.2578
442.837
443.494
304.29
467.144
210.149
438.937
41.0236
39.2483
99.2988
220.061
49.3873
445.671
113.619
131.004
201.919
390.401
332.146
329.479
103.309
43.8999
181.753
387.273
186.291
342.63
317.315
138.309
327.906
315.322
154.217
197.929
256.499
173.846
72.303
425.267
244.745
359.325
228.966
50.549
223.725
427.726
495.175
359.579
52.6943
427.994
58.5978
139.16
515.977
266.69
78.9095
377.921
439.757
316.113
237.184
346.163
71.2704
357.417
296.587
165.917
198
131.903
308.214
352.527
292.781
440.262
33.8985
122.133
327.298
290.748
376.794
386.858
89.7132
192.346
338.765
181.365
73.1338
171.024
375.717
327.359
191.103
271.887
363.696
153.911
418.429
511.126
414.59
93.8305
173.224
117.145
81.6841
495.357
97.2294
158.227
348.757
406.849
472.409
408.685
115.807
394.523
88.297
37.7851
133.662
137.192
429.901
130.453
235.889
353.985
251.013
35.7218
344.812
57.9417
73.3284
393.56
86.7019
271.855
157.141
184.037
105.907
312.956
258.7
30.567
48.0877
238.791
427.593
156.568
185.115
175.252
479.272
386.252
274.446
291.425
435.482
38.5922
345.364
94.8188
415.825
440.942
179.738
221.465
93.4501
242.963
391.312
505.994
456.722
78.7493
139.199
329.254
320.044
487.295
227.826
325.228
207.677
429.557
411.922
32.1234
169.146
191.658
479.56
140.9
108.931
375.563
437.538
39.3993
305.247
120.955
61.3333
231.969
253.641
511.951
293.485
164.889
324.981
125.436
191.061
184.345
287.465
110.574
36.9209
413.977
160.316
456.903
235.292
118.797
503.63
293.203
204.352
143.857
403.187
296.899
185.744
393.698
499.714
237.144
504.176
97.5458
302.255
380.575
372.519
50.1413
398.19
164.972
555.15
153.079
159.174
50.2724
80.8964
93.4993
559.617
459.16
377.258
169.382
297.355
231.583
193.846
241.381
142.08
147.466
99.8394
218.681
487.23
102.775
272.999
34.3754
246.429
103.792
409.467
480.591
475.184
273.538
261.526
178.481
306.33
58.4587
61.3194
298.469
319.357
324.983
327.962
252.942
119.205
238.439
271.625
129.929
279.167
208.367
32.04
313.788
182.882
87.9265
251.269
88.2146
149.279
370.804
41.5263
128.519
347.053
244.488
309.608
274.375
116.301
298.525
452.604
184.152
98.5483
121.967
194.306
332.124
344.373
40.217
199.511
372.403
65.4929
393.531
71.8119
380.19
84.2769
470.066
189.355
354.726
517.256
123.569
291.788
88.6759
133.11
377.509
80.9536
111.09
230.994
192.879
224.605
484.532
164.309
110.34
373.419
108.101
535.232
67.4193
90.3349
127.012
272.784
60.3939
251.291
80.2609
220.249
87.1576
191.169
204.563
212.876
332.166
145.65
230.565
310.432
269.054
488.001
257.759
302.119
330.023
94.2852
106.758
262.749
273.412
48.6739
254.006
185.691
321.919
423.22
194.326
144.48
221.654
363.242
105.603
325.688
307.538
350.608
180.422
292.87
439.073
33.8193
255.601
289.255
357.404
453.066
341.101
192.349
343.816
237.351
43.192
416.47
292.918
42.6114
275.857
90.8865
341.581
75.3734
395.645
464.813
347.979
310.885
412.39
55.6453
318.762
409.537
211.879
125.178
323.574
166.785
322.792
122.221
235.757
225.695
363.681
482.303
525.532
340.234
73.996
468.892
198.998
98.3726
214.928
305.385
268.944
57.9015
426.904
187.121
441.333
471.244
347.159
253.746
417.833
229.655
394.544
211.913
312.629
304.743
268.327
182.757
492.404
135.943
355.554
374.714
103.506
366.43
313.838
329.908
330.396
245.421
182.486
461.168
214.033
68.2848
298.496
104.949
139.207
177.27
202.064
555.679
354.774
234.633
176.276
41.1263
300.562
211.301
265.123
30.5044
113.267
79.0586
136.068
263.158
263.141
170.507
213.333
196.088
253.368
57.6619
278.334
402.666
129.992
46.2341
191.848
207.199
34.1006
163.729
239.637
181.992
45.9615
35.3819
439.692
97.9564
283.853
260.405
387.191
80.8806
87.3411
367.506
324.592
276.619
333.022
219.7
69.8181
141.058
272.004
429.945
248.739
108.285
306.451
205.937
178.71
511.163
159.515
214.532
63.0865
316.843
104.486
353.841
36.2144
139.87
151.028
103.719
54.7339
316.912
270.349
143.509
175.635
350.836
157.821
412.016
196.72
505.393
31.769
95.7899
112.618
222.263
433.911
125.098
245.433
111.946
141.491
249.742
51.1329
230.612
35.7284
206.166
190.196
256.542
306.252
456.409
344.61
38.3282
96.9937
389.651
94.371
280.791
99.3138
414.621
47.8379
286.182
355.95
365.157
217.419
110.673
333.443
441.101
132.176
227.302
62.0748
105.729
432.898
50.4069
351.641
275.941
300.586
279.436
349.269
46.7473
176.995
65.703
92.0406
340.834
95.1747
417.049
196.497
183.93
321.166
406.343
208.385
177.638
77.7615
54.6859
135.655
373.825
257.297
420.108
430.224
165.817
302.433
96.1217
233.882
446.171
181.02
381.664
357.822
36.3115
178.898
187.428
50.5424
231.457
246.005
122.699
41.8709
315.286
315.236
352.464
74.9284
255.395
329.443
379.052
483.401
67.6475
225.713
68.4558
166.221
85.9996
371.307
58.1529
287.123
461.732
208.202
222.908
198.422
265.892
55.7596
187.285
261.706
111.207
398.156
241.858
288.762
364.641
225.342
143.445
143.957
35.1889
138.432
74.5379
372.275
379.784
347.161
66.5491
234.816
319.694
181.4
456.226
178.539
329.334
357.589
245.493
223.935
149.112
171.689
165.1
72.2665
65.2415
117.693
83.9281
433.138
270.721
349.429
56.4988
307.235
458.292
555.966
56.5572
81.8914
187.209
324.712
476.777
273.961
328.077
404.169
109.469
326.213
417.339
497.81
412.391
362.671
49.7884
484.383
231.504
398.459
379.767
212.47
256.18
374.286
328.537
142.563
265.114
216.939
153.168
516.89
45.0912
432.545
109.35
135.456
257.878
83.9923
371.072
302.477
80.36
335.74
286.189
286.549
73.5813
177.569
73.3327
229.095
183.198
209.414
282.1
125.736
140.251
240.135
75.9829
254.618
509.771
120.519
299.318
204.324
33.3134
447.282
264.587
294.974
356.177
143.462
80.2585
229.923
148.029
504.997
150.316
327.068
281.413
466.811
117.979
208.172
62.1135
41.9467
32.0387
78
154.105
222.011
214.378
372.601
358.373
60.142
505.414
566.01
403.19
283.939
390.289
214.019
220.496
149.037
300.963
155.475
108.147
266.073
187.592
182.566
160.55
300.621
170.033
194.409
431.563
319.804
165.088
202.667
41.6798
238.75
374.723
237.365
40.0107
152.885
175.718
373.91
501.057
197.341
252.466
293.226
204.775
393.117
414.87
99.0171
306.077
305.135
454.751
123.35
491.253
221.318
164.136
259.596
298.585
226.963
477.918
170.801
259.051
100.653
402.166
104.226
39.942
250.52
149.87
383.074
239.416
486.428
332.475
149.842
303.68
307.568
199.952
33.5801
133.852
111.198
155.357
96.4328
37.1438
245.623
306.432
115.538
292.084
488.871
187.086
45.4417
380.138
195.895
185.361
543.667
226.69
238.779
87.5363
334.812
316.682
86.82
55.0294
479.104
192.243
402.877
286.23
137.303
146.277
255.942
101.848
235.274
281.726
177.126
361.966
373.11
330.005
319.679
211.785
519.967
48.8299
271.546
192.469
107.499
64.0314
496.881
381.633
224.97
328.528
44.0993
136.2
62.7875
95.7446
272.01
91.0013
231.893
412.16
74.0099
392.649
256.643
83.5145
221.464
254.465
310.58
147.502
429.899
248.91
274.527
436.792
31.6473
82.9379
307.38
234.059
67.6
119.342
312.174
314.426
407.169
194.391
471.27
191.999
203.746
317.704
148.307
157.916
476.562
484.357
153.997
217.049
100.077
464.5
299.632
262.108
421.282
196.459
86.4423
79.1317
150.034
235.786
217.294
156.218
251.29
260.105
541.968
333.308
166.342
502.764
73.4745
69.9451
317.488
115.587
189.894
264.124
140.063
265.498
420.985
317.897
60.0297
133.112
44.7673
38.6387
363.181
254.843
75.1945
249.516
87.1305
276.85
328.184
190.618
171.918
295.277
113.519
277.962
120.306
103.438
156.353
306.404
97.2585
160.28
398.792
151.817
210.447
342.984
429.236
345.102
183.078
166.104
130.037
473.423
321.525
447.502
128.337
364.11
73.7082
437.704
100.853
200.42
71.6082
408.197
82.8535
55.3513
97.2444
433.519
362.912
36.0791
124.365
208.686
537.729
90.3742
294.066
567.813
38.6308
237.685
327.612
233.354
246.333
226.606
68.4223
318.637
461.941
211.564
297.091
106.275
160.886
378.997
424.322
399.252
58.5678
168.01
123.26
252.67
471.886
432.549
413.715
317.251
353.812
196.506
243.782
224.421
171.874
56.0198
330.404
375.434
275.001
176.172
188.114
66.7968
186.599
227.168
147.021
428.235
408.131
76.4244
36.5124
236.877
182.576
442.769
220.421
38.3624
467.322
236.294
418.771
88.8219
177.902
292.079
477.269
262.855
197.039
135.701
145.306
408.639
345.648
179.033
197.099
94.9974
493.724
287.845
130.546
442.779
208.675
471.614
228.693
352.314
387.419
246.183
296.645
576.699
300.824
304.786
426.707
276
411.283
268.49
81.9619
316.012
91.7385
311.387
264.971
74.1403
128.237
343.8
530.996
268.88
442.967
36.129
208.224
407.333
345.165
94.1148
54.0218
111.904
340.772
234.084
107.923
340.969
409.652
188.544
324.603
386.609
115.891
157.409
325.024
344.33
312.211
267.226
172.097
339.772
136.935
360.525
415.337
527.715
365.106
556.722
200.749
418.305
279.699
478.217
51.5215
167.829
328.188
349.158
221.308
428.109
36.7798
295.268
321.829
396.426
377.02
224.849
50.5651
381.463
180.281
166.603
163.802
339.775
81.5457
153.966
299.954
74.6584
435.54
226.704
445.35
110.361
539.605
129.058
395.969
132.104
54.7735
48.9999
196.554
123.461
78.8422
289.431
236.52
273.411
115.508
321.209
72.5704
343.152
261.648
226.458
447.491
356.858
64.6773
288.379
263.347
451.6
321.595
328.708
282.967
112.042
148.438
376.403
309.997
205.761
335.845
260.468
431.722
90.8364
490.047
402.653
225.85
123.891
275.498
31.6379
34.5995
282.518
114.334
139.142
404.337
315.996
188.735
356.186
166.514
163.724
499.687
365.543
342.476
87.6105
53.2051
129.464
274.346
129.919
58.502
320.866
367.609
363.09
86.2464
50.1724
470.207
410.984
340.722
73.6908
450.495
60.1697
542.27
31.555
383.191
109.748
204.07
306.4
254.085
428.352
230.59
49.9576
147.88
183.966
66.6581
220.116
164.054
392.611
320.665
463.828
217.016
38.9391
74.8554
218.686
117.85
516.612
252.196
140.595
129.505
227.33
289.033
265.986
235.015
161.386
79.7025
90.6171
83.0675
328.676
41.5785
132.788
146.278
45.4271
213.693
91.9044
346.731
468.074
191.046
268.879
97.4955
263.948
248.22
201.185
192.626
48.4354
126.047
439.876
366.399
57.4022
258.145
183.471
36.7911
151.786
260.918
201.223
109.376
63.2235
430.658
231.43
385.217
103.61
378.142
166.454
279.118
68.0106
306.357
276.653
255.687
122.274
232.286
197.389
249.846
339.651
172.361
498.293
220.41
519.298
170.827
65.0816
168.629
484.276
344.885
33.942
318.799
456.135
310.816
145.352
381.892
179.355
505.401
144.413
416.152
123.085
199.201
156.059
118.785
300.617
465.872
337.978
391.053
167.994
97.4455
409.721
178.356
291.158
342.198
442.546
50.0716
38.9417
168.257
162.882
91.5367
213.408
121.152
91.2894
57.0472
58.4024
81.0214
241.813
127.119
318.489
198.529
340.251
374.514
209.134
367.407
239.463
238.341
95.038
143.93
52.2878
65.5571
93.1568
63.0036
78.1867
101.416
41.6986
53.0845
58.1358
479.342
202.69
380.868
31.5656
260.409
195.201
66.5605
250.373
87.5635
303.079
190.913
221.169
315.16
104.693
304.434
311.236
278.381
309.241
511.049
138.645
33.7841
53.2868
199.56
281.064
152.185
312.368
196.884
58.1755
382.18
109.291
113.414
125.423
382.197
304.3
190.808
314.816
75.8461
214.223
453.999
158.572
200.958
111.775
382.846
409.507
306.899
182.437
81.1277
405.312
265.073
196.137
335.781
59.2799
435.544
249.491
243.471
44.8735
77.1658
34.7688
150.753
256.115
40.638
195.516
123.747
171.08
288.777
46.3765
237.68
236.326
362.481
431.383
349.51
251.093
278.484
96.8514
143.404
75.1483
81.1369
266.934
400.905
348.381
299.023
274.716
220.436
163.518
189.612
108
351.765
187.029
233.736
78.1389
374.132
131.48
247.292
170.113
300.937
248.916
293.712
236.813
265.375
36.9537
293.051
311.091
484.958
143.681
388.932
99.7372
143.969
125.744
247.694
248.668
113.139
142.295
121.54
373.81
417.575
303.407
393.045
343.253
114.342
479.779
108.27
151.463
57.7991
287.01
209.142
62.2053
407.772
143.921
269.51
175.146
101.432
262.425
54.1834
386.5
218.296
44.429
38.2152
180.43
31.7593
99.7827
422.29
186.651
146.771
84.4622
406.891
224.28
271.33
190.468
366.609
60.9691
398.228
254.417
267.571
57.0493
31.9242
70.976
254.093
304.259
299.835
260.699
263.936
392.005
63.4032
40.3776
115.917
159.648
284.044
424.379
257.068
497.193
355.251
213.894
84.2371
191.17
345.178
227.077
218.519
376.006
242.279
253.77
354.454
507.709
464.828
383.363
371.008
317.081
364.395
282.07
215.288
63.8937
255.003
489.616
95.5895
518.708
360.038
412.415
329.993
204.956
457.46
181.49
181.78
80.1225
293.672
233.617
488.014
449.783
207.165
222.396
110.832
64.9669
53.3997
256.6
492.442
317.162
363.783
347.776
396.817
247.15
258.49
330.648
557.321
372.49
240.428
517.221
447.163
119.911
105.045
105.431
162.661
262.918
152.118
263.412
92.6272
258.959
292.605
103.715
327.282
32.1016
196.229
384.401
244.175
385.441
360.63
293.01
323.354
283.046
66.6376
145.598
83.2659
177.488
49.9916
241.373
190.292
192.106
390.542
483.448
354.825
250.013
92.0348
469.094
252.305
171.92
387.636
510.278
108.942
368.891
63.3961
457.102
90.3079
209.681
211.619
122.692
196.344
320.868
450.957
411.129
107.439
61.3236
506.192
497.64
398.535
168.939
237.689
295.516
247.448
258.963
328.94
221.521
158.09
195.674
183.256
191.502
156.148
169.88
233.446
262.141
406.635
99.0604
423.905
171.439
339.081
255.379
450.743
142.516
368.763
440.572
411.252
218.675
479.63
69.7831
261.09
329.163
395.513
330.969
354.304
388.853
185.076
324.63
192.137
304.461
409.541
38.2995
376.766
81.9913
220.577
75.2521
238.32
417.544
338.091
123.775
46.3303
122.216
284.503
298.642
268.269
234.51
282.967
320.212
265.117
157.23
161.584
434.649
299.277
295.62
342.641
83.2592
188.652
384.847
184.594
233.814
281.407
448.172
304.622
293.757
344.146
186.635
123.655
486.71
283.457
41.9676
195.674
38.4946
356.419
144.554
108.215
82.849
276.955
163.738
320.254
255.261
61.0077
261.349
333.469
280.551
263.084
540.06
417.377
325.519
64.0703
439.352
366.581
279.61
489.329
144.12
121.639
231.69
267.834
308.775
58.5159
134.932
371.448
325.707
45.7768
289.428
135.725
322.445
79.9057
81.0389
231.239
475.24
274.718
306.706
38.8217
53.2845
249.391
76.0909
127.653
146.051
201.745
42.8219
356.254
432.031
151.37
396.82
177.566
194.966
405.045
488.971
96.4318
48.3243
366.81
201.029
263.875
49.421
159.694
510.659
192.043
336.321
373.177
105.998
431.138
191.755
378.825
166.987
104.652
512.592
217.904
292.646
262.151
235.969
334.039
136.002
201.674
43.0193
295.59
41.4883
68.8399
341.329
405.623
98.0757
345.062
227.084
65.1589
327.489
358.935
483.108
326.012
88.5069
301.87
289.269
312.838
400.863
148.918
231.41
125.342
347.882
223.783
262.18
493.41
255.159
328.787
424.95
279.191
510.054
140.924
305.372
256.106
63.4157
186.048
366.259
278.268
409.989
42.0363
128.311
430.458
211.87
151.968
93.2438
501.407
311.486
368.94
338.783
156.56
81.0664
280.937
188.393
184.857
245.667
44.4611
313.479
69.8973
489.896
333.48
341.117
222.841
258.207
76.4716
398.297
37.5362
311.624
203.181
360.249
102.485
513.317
112.906
205.601
256.986
177.782
140.55
40.7696
89.0329
69.5935
294.944
39.394
374.746
122.615
208.36
466.847
44.4575
412.902
205.029
316.971
160.016
227.407
54
217.072
132.547
254.86
276.451
390.558
244.847
366.116
348.227
148.041
184.188
57.4683
489.075
455.942
487.926
393.464
119.476
438.809
423.316
252.79
54.3676
111.942
41.2267
49.8653
245.521
431.251
360.827
162.564
56.0646
36.0488
142.204
186.791
362.322
262.925
389.7
75.4582
65.2378
75.6586
175.605
109.657
417.109
332.614
297.835
170.549
149.915
87.7913
110.531
94.837
195.526
135.87
216.387
446.981
412.06
360.058
97.6248
317.118
226.44
440.918
331.716
413.886
327.126
145.078
183.59
323.318
316.827
44.4274
364.143
274.598
269.42
299.797
346.132
507.617
479.959
154.785
377.169
46.7075
217.255
219.459
145.327
402.811
353.386
206.444
373.542
126.856
191.114
374.801
367.348
314.327
121.656
73.1248
219.591
45.8793
232.841
203.279
281.967
351.546
104.043
441.326
431.042
66.0464
141.631
286.878
266.867
348.461
476.947
175.255
289.206
35.7663
163.339
471.072
510.438
97.6027
113.071
307.119
187.305
431.892
199.827
402.77
245.139
232.357
280.291
523.548
132.797
250.453
111.635
250.241
317.66
514.577
316.52
375.249
105.975
224.254
274.308
240.374
351.575
68.9952
416.467
80.5355
331.543
437.202
342.818
283.464
211.628
189.187
437.442
224.69
202.375
379.235
484.853
118.952
546.605
403.54
35.9711
76.7055
46.4056
396.641
241.342
104.936
126.999
259.233
67.1535
85.2367
251.111
32.6842
317.048
69.2878
265.721
117.506
408.198
299.181
48.1304
224.637
112.156
137.338
71.5051
237.428
35.1199
132.73
186.038
101.285
191.706
297.01
274.006
266.79
307.553
269.857
487.127
132.977
346.608
216.991
46.7306
358.299
342.995
221.578
211.914
55.0708
98.4149
154.298
107.833
291.928
143.992
81.3005
68.6602
187.862
139.193
321.894
363.655
31.5142
244.382
243.8
175.978
290.698
545.027
94.0278
130.667
128.933
122.113
310.613
70.8706
342.433
123.967
44.4345
429.231
445.907
385.449
309.55
128.253
227.949
59.7996
192.644
209.293
552.225
419.62
302.276
303.952
354.216
292.295
198.537
74.4479
86.8229
41.4219
342.511
410.649
540.378
61.067
308.284
402.415
167.459
155.949
354.177
296.757
247.511
478.423
215.312
492.647
372.684
334.85
340.391
264.886
487.803
284.082
308.699
53.1762
60.3534
133.82
381.964
397.43
497.618
350.819
427.57
125.981
312.341
362.09
310.034
334.766
329.986
442.742
401.059
266.44
68.3734
171.659
112.43
66.1219
139.739
324.231
434.897
470.231
466.142
223.173
419.757
65.0276
399.384
359.085
145.728
396.874
303.169
256.458
107.918
293.72
338.377
303.756
279.655
251.393
34.4864
53.2091
403.862
414.025
151.368
326.234
153.976
367.178
248.852
428.827
86.4638
512.806
81.9808
75.9559
185.033
96.9418
161.487
387.34
387.006
119.412
103.955
223.892
349.629
341.661
188.824
212.003
171.65
157.101
188.286
70.3371
400.281
111.216
430.289
113.503
131.173
258.055
58.7412
507.95
152.408
130.552
322.658
63.1352
430.811
381.5
159.496
41.6326
89.9234
451.106
166.011
173.001
100.711
549.585
148.693
340.292
105.505
295.164
90.6904
505.05
83.2659
335.119
381.98
360.671
360.506
187.487
167.57
304.322
506.975
390.42
253.034
250.211
62.6765
265.492
393.885
61.9858
152.181
97.2758
60.142
179.591
225.475
450.209
298.752
283.627
405.28
209.081
64.8892
428.644
163.111
445.946
187.187
348.514
199.426
542.006
374.367
196.69
102.177
426.765
397.397
247.941
503.99
485.12
475.069
64.5411
228.203
323.966
122.574
178.719
39.3001
157.356
366.27
266.477
420.284
181.7
260.524
273.657
144.154
109.565
58.3455
461.603
234.264
265.875
103.702
480.091
437.236
105.352
30.9943
476.013
340.234
446.99
244.009
135.259
78.9423
146.634
57.6972
237.613
241.414
125.027
323.698
91.0972
36.1353
171.44
152.652
153.771
49.1256
518.341
126.928
310.75
521.672
455.606
84.8989
121.075
251.411
240.209
453.446
112.071
447.834
57.2547
265.268
467.309
378.289
257.366
59.459
36.5986
251.277
318.88
365.901
127.357
299.308
84.809
176.692
379.055
105.339
298.277
287.628
458.63
379.119
481.377
72.6641
262.975
336.034
413.127
251.69
123.371
268.477
255.439
294.311
332.959
239.812
77.6988
190.793
201.785
150.719
291.817
302.168
342.419
40.5558
150.096
154.209
300.945
249.606
223.87
59.1558
412.093
77.6822
274.103
298.947
100.16
381.181
494.646
113.542
48.6304
251.843
158.596
64.1227
320.403
418.756
66.3153
414.864
273.542
188.828
146.381
422.647
82.3305
276.567
362.686
312.377
68.0818
204.585
133.018
67.3102
294.662
147.328
459.284
521.323
260.816
95.1795
379.613
426.265
141.56
143.486
30.0261
472.486
120.323
263.672
237.8
326.708
233.556
393.816
273.119
170.147
106.74
92.0591
95.82
134.369
463.109
532.756
365.147
120.196
86.352
310.371
101.641
449.295
373.197
148.894
427.198
322.918
449.369
77.8653
145.982
176.944
90.5317
166.405
87.8398
305.694
324.807
460.713
201.507
93.4486
156.476
235.833
277.414
344.38
294.563
133.597
358.497
148.961
196.756
497.311
108.484
168.791
325.745
525.374
254.527
168.296
253.847
318.706
69.1749
365.911
189.071
286.896
258.06
328.648
302.884
513.542
290.186
140.558
296.645
198.812
108.948
95.035
359.871
194.534
470.95
95.2974
138.626
246.547
499.452
120.281
52.5791
266.488
378.178
249.586
313.147
381.123
295.121
389.319
330.311
239.644
278.837
235.13
334.007
388.075
236.878
504.993
126.501
457.689
96.6353
49.2225
538.452
165.957
68.3706
435.015
254.017
439.385
356.394
291.562
253.573
62.084
42.0323
89.4305
282.642
260.484
30.4281
341.433
444.077
488.963
321.15
470.742
345.529
141.049
451.559
92.1216
31.7092
38.6626
449.04
124.303
46.7878
38.859
245.024
51.693
31.909
490.724
196.194
69.8059
121.88
83.0232
245.359
217.875
80.9803
285.799
169.311
379.212
277.773
180.926
510.853
110.592
105.372
374.654
246.717
247.767
207.108
351.868
248.538
30.7785
387.743
93.9857
373.653
181.64
196.483
220.399
331.323
485.447
49.0745
77.5547
146.146
280.653
309.386
46.5967
143.884
460.068
494.641
150.895
123.455
256.346
77.4037
282.434
61.8743
187.644
245.023
275.751
82.9729
115.563
113.246
300.646
408.577
67.9329
215.948
142.39
381.784
320.61
217.491
232.648
191.759
91.155
447.615
379.55
202.786
379.238
257.802
452.748
154.985
329.476
76.1644
50.6006
167.634
231.293
284.157
262.432
352.733
333.313
42.5396
109.419
468.182
486.477
452.177
141.976
249.609
211.461
60.4971
147.722
400.333
261.782
363.194
278.511
68.5221
319.813
154.753
317.26
353.223
63.2821
141.812
251.048
87.5513
315.514
147.067
222.233
155.264
310.014
190.662
138.148
217.92
393.719
257.257
248.24
379.118
103.583
158.038
94.1965
360.995
379.69
262.274
70.1137
179.003
488.271
280.063
138.297
296.267
229.423
98.2937
78.5252
417.064
288
218.604
186.641
233.292
289.179
433.511
116.412
65.0738
215.922
335.388
426.716
114.473
159.481
374.265
222.841
512.825
415.794
42.1921
93.6902
370.615
154.185
165.87
150.996
273.212
45.4769
317.331
257.613
40.8042
191.503
403.809
281.496
54.5738
497.032
199.029
52.1399
89.5114
194.94
124.783
115.632
238.969
234.113
378.206
102.884
270.562
237.767
37.3237
205.877
256.854
232.944
216.364
162.238
222.125
163.587
419.442
401.195
399.789
503.292
177.022
61.5663
400.143
291.686
48.9929
300.157
79.8522
213.147
253.081
107.873
42.0668
62.6683
86.051
128.571
387.64
158.65
78.1511
371.088
113.393
249.136
130.869
51.4701
251.764
50.6886
356.048
47.611
104.099
48.7575
159.496
129.65
100.44
397.709
523.563
328.087
194.965
94.3464
487.04
420.022
116.258
423.477
167.779
39.353
228.926
77.1776
45.3636
61.9233
252.782
345.259
39.3529
391.728
135.861
289.806
451.661
245.808
303.913
258.644
232.509
36.1517
252.328
254.877
202.576
137.129
353.402
417.083
360.882
220.079
128.923
218.534
233.222
142.78
180.018
187.356
63.481
475.162
339.526
106.738
42.9295
171.399
373.188
378.007
365.277
375.342
329.123
496.912
51.6778
91.7278
116.113
365.268
300.291
231.39
233.67
209.239
43.127
200.891
166.04
268.937
421.289
67.9098
114.338
216.146
312.139
487.351
231.714
71.6575
422.085
310.722
410.083
144.806
238.217
38.2236
60.6276
40.6833
330.91
206.397
232.955
390.245
236.967
501.1
157.784
487.279
80.6878
387.405
179.549
92.5278
269.091
481.414
155.19
446.069
62.2185
114.482
76.4232
167.861
142.048
149.289
174.286
260.09
122.494
133.431
269.267
462.597
248.694
267.798
97.7484
87.0559
127.342
77.9883
388.45
321.956
90.3612
339.516
138.517
259.208
258.049
396.728
91.6171
441.651
135.362
247.517
276.006
215.101
253.569
501.577
276.914
129.354
30.0382
417.22
400.265
184.724
39.2686
351.302
248.999
203.628
43.2082
324.465
198.722
251.557
291.485
55.9168
453.922
311.151
416.258
168.228
35.802
96.4571
156.679
159.633
82.7473
281.892
40.778
280.699
34.9958
226.067
163.026
