130.691
202.307
307.335
219.873
134.245
170.97
181.315
102.882
135.455
333.287
281.851
153.915
139.29
342.553
300.11
53.7885
197.457
453.279
121.256
38.7724
165.934
274.229
366.073
227.995
382.238
332.673
395.966
162.964
95.6608
212.622
96.9402
99.3432
347.287
115.261
385.619
276.441
52.8103
121.425
230.27
188.027
194.995
78.9314
356.942
216.593
352.098
158.167
414.486
385.917
284.211
220.575
273.542
383.665
296.779
132.139
263.357
419.227
567.61
491.47
290.401
366.339
334.743
279.458
424.643
237.882
125
221.925
305.02
89.8689
33.2193
433.912
280.223
435.538
98.4746
216.628
44.404
326.341
356.812
38.6537
113.32
426.815
194.551
182.1
83.1965
346.057
360.798
107.501
518.19
387.849
262.37
121.806
319.445
200.962
123.783
266.811
107.388
155.868
148.861
394.561
425.647
248.217
380.703
175.753
342.338
238.598
191.461
412.427
101.081
183.213
196.585
451.529
251.878
328.27
170.092
252.706
230.882
345.851
67.4856
56.3819
201.024
369.988
428.008
33.9998
83.6802
251.209
415.073
418.621
77.1552
139.151
34.8659
160.075
350.235
310.241
114.938
167.19
106.99
211.194
41.8638
217.091
50.5115
37.3229
477.661
178.99
168.606
323.811
118.671
417.461
116.687
233.46
313.624
333.293
334.407
204.024
331.454
176.061
95.9585
59.5741
469.663
109.638
273.77
319.692
301.207
72.2595
405.863
393.191
376.192
280.294
280.244
269.763
393.046
57.772
154.08
231.159
47.7806
219.825
85.7227
204.304
249.693
201.586
66.801
157.054
374.722
166.047
348.526
331.184
54.65
328.729
449.713
400.145
158.526
209.158
266.783
189.057
80.8901
556.045
98.4734
182.012
75.1933
270.975
217.29
293.997
305.124
415.069
158.947
366.043
215.391
68.1022
107.067
122.401
271.783
321.359
344.189
250.945
133.008
179.778
253.832
230.129
47.7389
314.976
75.5998
521.591
62.1714
346.458
161.548
100.525
424.795
351.287
90.4181
280.9
167.846
117.627
164.1
242.302
498.979
224.714
135.696
219.435
208.179
228.543
247.304
110.506
115.537
168.908
489.63
190.613
456.178
237.538
115.452
312.202
79.5776
432.33
95.1676
299.182
381.375
99.3058
86.89
144.994
252.695
132.555
314.9
101.618
338.915
299.202
115.321
323.095
418.581
268.981
252.608
487.605
194.177
311.514
203.404
142.894
512.618
172.148
156.549
484.511
81.8096
117.98
344.827
109.605
272.799
373.081
329.768
433.034
109.192
474.606
241.019
254.944
271.724
34.5754
226.663
265.487
430.878
55.6688
270.425
429.379
189.382
176.139
60.6526
362.52
101.539
469.482
341.157
34.4188
188.934
269.208
523.274
119.812
50.3098
441.607
152.391
274.289
74.0467
136.933
212.332
145.445
134.867
95.8795
470.245
89.0033
257.225
213.427
90.4141
87.921
76.3579
130.473
131.851
141.815
237.752
95.5351
58.288
164.533
259.821
256.44
347.586
50.796
518.346
478.408
241.999
311.377
92.616
498.274
163.376
368.459
251.078
235.245
167.527
235.496
291.267
148.797
88.4511
509.216
110.67
160.273
249.368
49.5472
60.6093
308.145
165.595
117.307
144.836
137.814
477.053
142.158
473.865
361.662
305.512
106.025
316.86
76.7446
45.2039
249.13
195.976
380.557
126.792
38.8101
351.43
304.46
173.767
262.461
531.906
84.812
45.0331
126.788
117.871
349.306
84.6123
331.844
239.2
196.209
307.107
489.97
318.09
326.625
366.23
30.3827
76.0356
515.078
150.419
329.941
372.509
389.231
316.054
156.558
127.317
267.741
263.429
93.1387
206.792
112
526.348
58.3023
275.91
357.285
107.034
431.573
360.656
34.2142
166.245
334.098
267.599
115.904
142.314
113.4
321.636
43.0299
72.0897
398.999
437.134
276.6
71.7266
395.602
336.603
191.758
114.618
140.283
105.358
373.287
133.144
420.924
324.314
153.402
157.319
489.592
122.752
307.992
150.202
345.216
284.356
260.597
38.7422
40.3857
377.147
160.596
231.365
437.522
461.199
310.514
354.215
226.062
488.621
167.335
265.14
411.978
265.87
231.229
541.383
361.336
406.375
456.49
326.539
373.082
313.083
68.9555
103.208
440.989
104.257
499.135
210.012
200.859
266.294
86.791
490.807
275.504
248.746
121.989
31.8911
380.469
277.183
487.192
415.044
100.482
49.6531
120.457
354.41
48.976
208.178
398.761
361.038
428.99
299.601
270.839
86.2547
257.013
54.7694
97.5389
181.068
388.909
370.664
58.6984
462.881
216.545
41.9033
430.896
235.319
361.426
264.499
452.931
452.75
208.288
562.055
414.053
304.566
49.1329
558.823
110.76
247.977
432.745
130.825
123.623
83.0145
361.102
515.967
450.605
520.945
179.432
45.2008
350.793
59.2237
236.175
203.133
408.056
155.168
338.634
441.474
197.104
52.7976
236.866
64.1609
407.528
344.87
313.01
167.055
39.3097
163.028
465.712
129.691
322.773
101.65
363.192
57.984
328.052
321.681
220.558
564.063
410.114
331.461
291.692
282.243
227.134
417.623
196.947
157.233
156.938
207.791
169.404
150.372
30.5583
384.374
197.948
388.395
126.098
376.769
84.4305
301.725
81.0271
194.3
308.38
147.629
229.679
320.546
400.406
424.924
222.376
197.298
90.124
326.322
533.607
431.771
372.206
225.514
399.787
113.621
63.3503
151.773
104.876
158.089
43.3724
208.173
170.927
470.683
69.0819
132.509
482.667
42.2462
360.691
60.9126
466.631
331.025
185.911
45.2781
136.382
193.185
193.609
439.741
416.161
207.154
357.898
499.177
435.537
367.022
271.227
76.4605
132.262
458.023
406.917
300.747
454.045
148.11
259.76
311.015
247.808
473.093
233.512
44.7727
506.398
37.8837
397.581
189.609
126.58
359.018
213.061
124.112
305.038
380.057
230.34
339.899
172.265
149.537
267.204
325.832
173.259
448.529
76.4145
73.7053
266.693
382.461
186.264
37.2617
159.156
295.589
31.9975
183.049
388.342
80.2432
178.701
331.346
128.298
103.633
165.308
113.299
101.75
126.644
413.165
312.013
125.151
129.308
288.104
231.564
30.7498
375.406
193.487
363.259
225.995
468.057
92.4212
479.271
278.341
141.06
299.025
38.3131
191.115
403.204
447.975
443.637
47.9576
398.741
145.9
71.9073
197.164
61.7523
343.451
74.4385
95.0548
245.046
323.677
70.4683
252.562
72.2869
308.608
489.242
128.347
217.076
184.614
407.998
293.359
213.447
205.077
295.341
328.893
132.158
67.8466
113.448
281.135
230.595
256.228
329.994
86.1974
215.391
54.9067
77.4535
217.633
93.8769
229.847
394.008
109.227
297.97
263.183
217.992
149.477
477.731
311.489
357.6
272.821
49.9504
67.5352
128.105
182.848
76.3672
472.863
352.67
44.1298
397.829
308.974
306.849
377.975
405.744
449.201
404.926
320.433
203.853
487.491
268.449
428.702
113.631
83.3879
483.2
62.1136
256.406
263.051
30.1277
186.37
236.435
311.794
37.6756
466.512
426.026
272.117
45.1521
49.6447
371.619
111.567
131.438
233.256
104.455
42.6634
142.742
113.992
83.6335
43.3441
376.262
268.126
174.745
434.716
393.745
398.857
181.899
240.421
330.747
80.5674
276.202
320.034
395.394
40.5888
185.129
365.3
115.993
319.963
68.4791
541.305
155.65
497.186
385.945
65.2082
394.071
476.241
401.158
355.221
135.632
533.239
41.7432
299.404
100.948
489.194
268.933
282.278
411.2
255.586
125.485
126.539
60.41
353.12
385.497
111.575
98.136
204.805
189.372
416.872
304.299
144.053
415.706
163.429
98.4515
41.4305
152.246
486.569
315.319
465.634
213.068
355.147
396.088
114.801
326.984
501.291
42.8098
66.1311
49.8924
184.711
282.553
244.704
548.836
71.4729
129.013
54.2596
272.043
264.867
225.971
534.608
335.291
443.784
386.853
293.842
49.2827
349.37
47.1826
410.91
225.128
167.74
419.296
145.899
320.767
125.481
547.338
181.676
317.509
267.001
171
375.728
209.285
232.245
348.195
59.7184
59.6604
96.0667
142.091
224.004
242.57
251.82
528.712
294.337
63.0253
450.552
252.871
394.86
498.761
172.469
178.965
361.362
103.055
100.079
579.457
243.549
257.949
322.393
48.8778
96.1998
393.677
504.776
164.985
32.839
227.322
56.4468
366.823
225.299
410.83
193.492
465.425
126.07
283.522
389.102
111.484
296.297
30.3085
209.692
294.526
47.3227
130.263
388.618
442.733
170.017
362.719
97.07
60.5237
282.61
412.326
347.899
143.516
219.208
182.093
74.2713
80.7727
254.934
469.408
231.572
460.289
300.131
47.0881
58.6167
165.86
110.491
189.991
132.611
150.367
129.714
267.69
404.014
45.1891
264.226
353.433
220.306
222.077
80.6124
210.892
73.1276
35.5283
286.338
525.151
393.48
221.723
252.444
163.279
87.4052
230.984
233.223
209.468
49.5938
130.725
157.342
324.042
499.721
107.418
371.392
41.5603
447.906
342.855
96.1575
401.323
74.675
277.929
234.198
337.974
43.1981
259.996
347.191
248.108
70.8446
80.0033
167.25
516.885
207.988
73.8953
327.428
296.993
250.503
243.543
163.027
208.01
272.788
37.2796
49.7257
435.416
68.9907
371.209
42.9411
123.347
365.527
401.461
461.62
304.811
304.889
147.245
147.015
351.58
179.93
164.168
465.674
400.491
230.803
125.938
116.604
185.103
342.237
269.151
224.933
73.4161
329.483
182.71
187.439
553.284
123.496
298.476
242.982
356.572
444.032
333.092
194.373
312.789
388.399
90.5112
210.105
229.46
114.233
144.11
498.941
456.948
156.036
214.311
386.983
433.897
78.9096
49.9913
444.084
440.606
334.741
92.1372
409.272
315.089
135.03
269.281
459.248
382.65
116.851
202.9
186.761
209.695
105.309
170.126
357.648
78.8355
236.854
251.687
200.265
35.9968
65.526
127.115
242.659
484.646
299.235
433.212
383.055
335.34
447.042
265.426
278.216
79.6938
221.08
267.252
305.756
131.403
364.786
195.467
300.631
193.956
409.349
320.5
354.145
61.1659
241.205
238.93
282.406
120.181
50.0658
354.575
343.417
199.65
223.46
388.151
72.6742
419.433
71.0574
192.867
303.329
180.23
242.034
441.096
214.785
111.66
392.429
412.78
274.641
209.723
385.585
253.488
45.5169
181.748
192.074
135.544
62.5805
112.586
501.563
136.219
283.659
271.765
502.391
195.805
379.111
232.151
400.631
361.391
150.566
222.838
276.668
259.542
84.4916
340.487
268.304
326.305
192.641
105.832
269.26
82.0909
136.828
358.144
267.943
132.952
54.9874
263.993
301.736
299.765
38.525
92.6228
370.101
475.097
348.824
414.706
332.316
95.596
217.492
469.194
201.579
418.467
90.4493
311.333
148.649
278.045
494.188
351.58
358.903
374.203
290.402
394.41
36.5206
324.971
406.862
352.43
160.45
129.018
226.588
476.974
89.159
475.675
34.7954
449.365
51.8271
306.853
93.6006
237.503
34.7709
450.82
203.973
112.64
348.83
378.806
253.604
448.04
319.283
287.252
438.876
124.503
259.398
81.0587
194.087
119.08
189.675
367.455
562.089
58.9708
317.403
57.6732
120.209
88.383
141.956
280.82
325.362
178.9
221.321
402.05
46.896
190.247
193.982
303.331
73.5561
38.1955
320.968
327.802
297.28
209.313
188.222
240.481
286.172
381.903
284.749
450.266
121.854
384.851
446.791
127.359
301.843
425.073
479.647
272.445
228.555
439.443
279.377
280.782
425.614
333.585
406.605
67.1275
248.38
186.589
40.3076
202.798
393.184
185.612
321.419
40.8788
377.323
260.144
61.093
149.961
223.504
127.686
411.545
258.657
361.531
231.207
201.123
245.3
205.007
131.424
121.976
383.533
100.275
361.391
433.483
82.8553
225.193
245.1
75.5241
272.074
276.981
72.2286
485.428
386.48
302.525
324.658
213.155
225.072
247.786
36.5464
151.377
528.158
95.0706
340.005
442.374
114.925
109.38
34.7013
36.7009
258.622
409.812
264.801
72.6168
118.858
136.152
92.4463
434.37
52.9593
577.955
43.9585
125.69
196.774
333.117
288.759
110.387
258.84
287.81
204.729
99.1948
227.954
207.977
519.355
493.729
112.47
119.323
267.334
230.194
35.9784
481.478
165.63
470.731
59.6904
252.601
326.806
316.286
260.745
51.3727
61.0728
303.336
187.203
44.1
354.582
203.097
109.434
285.619
31.9724
95.0313
232.307
186.849
56.4722
248.531
271.364
331.929
142.129
302.786
141.047
312.621
250.698
30.7688
309.683
114.061
289.108
76.5341
104.021
273.611
418.797
87.2932
287.088
384.135
293.338
288.6
302.517
224.861
86.704
319.776
460.357
235.739
236.561
344.847
400.584
390.4
158.909
407.756
420.349
189.441
421.426
103.418
263.588
126.848
329.786
240.643
116.14
337.13
40.7352
144.902
150.954
186.395
515.574
389.606
136.362
238.237
337.384
209.224
129.447
271.87
88.5409
181.798
55.5467
132.766
235.707
114.143
136.683
221.049
273.111
367.946
453.817
406.643
125.047
247.038
65.748
464.966
543.424
295.661
222.435
78.3319
309.87
353.193
64.8235
171.178
111.833
221.32
232.308
298.65
244.048
394.476
358.433
256.747
319.32
405.704
218.559
288.348
186.523
340.154
198.788
168.193
353.756
171.536
57.1669
226.872
425.805
124.893
199.507
328.588
226.564
231.585
315.054
265.548
179.06
150.712
89.527
237.356
67.8027
124.261
394.389
145.439
432.11
147.325
32.6717
146.677
138.842
222.254
316.062
146.694
396.432
143.711
79.1307
125.54
344.073
330.255
549.721
445.884
306.044
68.3177
252.5
450.937
370.474
288.288
251.905
369.483
71.9581
45.414
418.426
124.953
38.0955
85.6669
448.495
207.321
461.921
221.485
381.335
339.592
423.832
162.525
50.2915
153.194
170.222
149.211
70.0556
278.316
353.951
518.028
139.819
240.903
327.524
248.78
412.912
453.957
129.779
353.456
147.554
151.316
225.361
406.307
144.32
484.724
142.995
45.8033
436.272
424.605
505.466
214.671
564.91
32.1528
299.63
309.166
216.816
185.262
81.6419
443.928
366.654
381.035
102.659
437.704
280.248
199.182
76.6285
227.292
96.654
213.597
543.278
394.885
290.674
65.1647
146.863
243.31
83.0228
283.849
229.227
561.465
385.498
184.443
308.13
191.686
187.963
231.374
291.396
311.442
400.715
196.255
33.41
293.685
48.2999
372.798
297.997
161.023
282.864
99.3009
339.739
50.2685
142.395
432.465
231.332
363.499
96.5837
241.018
511.078
471.478
446.422
523.069
271.239
277.243
145.454
107.316
156.482
301.872
384.193
190.873
118.487
366.396
219.221
273.411
225.021
86.8176
215.478
388.594
117.247
380.161
282.104
365.405
129.319
295.148
253.067
252.302
297.678
119.124
330.942
121.114
380.126
182.446
107.487
395.034
233.635
405.94
32.6125
41.9842
294.726
199.746
330.991
331.348
392.418
69.2311
111.34
214.63
224.814
246.563
252.613
102.842
481.363
151.748
201.791
49.5896
241.34
305.781
312.134
39.8745
455.731
292.3
82.0532
266.148
295.021
279.369
156.307
253.458
446.021
98.3424
283.932
57.5367
351.054
231.29
73.0995
35.8826
317.296
351.708
60.9615
156.577
525.427
106.15
134.847
396.415
244.424
120.825
89.8878
146.896
176.161
79.8329
215.466
33.7039
57.8305
318.406
212.08
344.574
264.577
347.389
142.432
273.277
87.5582
179.605
298.145
65.6585
60.7749
280.672
347.971
366.971
419.087
239.388
47.446
291.843
213.688
339.202
132.079
215.438
295.406
128.661
337.13
172.062
494.393
271.188
292.394
169.498
124.962
100.611
379.7
388.445
272.719
127.624
130.515
184.862
174.98
429.883
190.666
368.68
161.357
122.569
86.7948
275.295
126.924
449.566
96.8788
146.62
365.713
31.0907
468.604
373.818
72.6149
407.239
77.2911
197.34
120.692
110.461
149.204
511.802
37.1317
252.469
239.219
414.985
462.715
258.493
224.47
387.735
62.3012
226.364
266.405
151.139
194.77
64.9859
71.194
168.319
239.148
353.086
252.941
331.699
47.7177
91.6227
474.737
260.126
141.208
414.625
258.568
208.528
153.401
36.0928
218.03
108.624
188.714
105.602
226.9
276.793
154.955
398.583
412.842
98.5501
103.881
75.1078
391.328
94.7074
168.98
181.257
248.852
285.102
311.67
98.0749
306.737
283.568
315.719
52.6826
270.922
238.553
170.987
425.702
373.25
167.547
176.032
187.288
107.05
368.75
121.491
134.354
106.01
217.029
195.251
68.3407
206.388
266.166
134.238
50.3766
332.972
89.8385
390.337
329.495
42.0976
259.183
356.899
183.62
82.7589
393.379
395.002
438.007
295.98
109.265
322.966
130.351
33.5273
73.7081
283.549
371.833
471.13
284.351
262.985
246.52
305.296
42.5564
74.4755
350.316
414.699
117.714
314.647
183.126
296.855
61.0042
516.183
397.884
72.7108
274.516
44.5732
236.118
124.813
278.483
269.004
172.193
353.428
147.35
271.716
153.15
286.063
45.0879
193.017
381.528
55.3795
373.465
354.243
151.978
463.419
153.468
55.9831
315.665
173.239
216.099
338.378
56.8324
157.592
137.753
297.241
210.422
406.136
478.772
109.292
221.221
242.667
366.181
277.47
166.124
181.054
386.588
226.501
84.3104
202.782
298.92
36.4194
411.581
225.26
37.264
67.2046
342.666
340.527
437.936
48.5521
302.642
83.903
397.617
185.22
451.772
376.112
54.3144
192.19
161.648
139.889
330.791
123.335
435.726
67.992
261.405
83.1956
143.732
259.03
181.051
403.183
120.882
35.487
487.518
113.088
449.861
120.287
126.013
264.353
335.219
509.055
177.977
134.925
233.642
227.871
284.518
386.004
260.067
246.671
107.583
492.418
169.573
296.535
348.9
34.0222
402.94
464.269
278.179
222.262
332.662
410.716
553.991
238.807
180.608
107.735
85.9547
325.366
451.948
143.715
179.804
440.787
102.421
234.751
165.808
69.8612
111.288
179.587
114.844
72.5287
33.1917
65.1229
62.7741
122.588
306.074
104.066
30.9655
282.324
441.158
412.756
452.41
246.717
260.976
299.411
302.723
410.201
168.539
181.4
50.5292
288.502
48.0303
77.7878
396.871
220.801
399.235
404.01
390.177
200.29
128.183
76.0142
421.408
55.2844
56.4891
125.2
483.238
185.938
42.9297
496.964
65.5234
478.299
386.39
189.404
355.065
298.215
84.2399
218.596
225.972
441.823
363.375
339.39
96.7597
250.064
130.656
256.72
514.742
104.355
399.255
31.305
274.737
259.123
113.648
121.842
134.637
67.5217
442.659
253.81
72.7669
334.174
249.403
363.723
295.659
165.386
127.598
284.402
61.5507
148.101
386.352
97.3979
313.474
354.394
64.8602
384.081
327.148
33.5054
338.722
360.418
471.266
249.169
470.914
89.6274
79.1169
115.863
384.569
445.149
193.217
63.5688
103.512
422.359
322.261
183.192
124.61
158.707
87.3022
275.726
128.416
306.874
97.0547
217.672
410.37
95.6053
284.288
120.86
88.1804
212.644
56.4894
407.787
361.688
96.5484
335.332
243.509
295.711
350.542
162.275
295.684
336.466
412.144
40.9193
508.905
113.619
274.372
315.428
444.335
298.757
466.389
296.037
220.687
262.614
144.006
223.591
140.218
252.459
212.593
387.013
165.609
72.1403
316.871
291.879
328.78
163.434
39.8076
317.631
48.2653
269.204
516.882
237.233
318.63
369.7
481.665
143.409
32.8507
95.467
262.344
329.053
111.468
375.054
36.5517
66.7125
303.481
85.3684
64.1882
463.681
46.6809
293.801
58.9887
41.5828
186.402
336.527
428.184
452.125
157.241
242.262
463.325
407.526
297.629
60.7278
410.82
263.288
134.327
239.884
65.5234
219.811
381.079
288.021
204.298
323.368
174.597
142.383
288.776
60.3961
174.418
426.008
338.199
398.763
220.4
375.909
322.703
143.245
148.401
303.242
483.37
529.484
266.79
287.491
263.935
116.469
80.4026
458.346
423.481
266.451
432.07
340.276
380.441
238.021
215.196
179.228
227.498
316.703
280.993
122.516
108.937
184.051
308.771
150.127
286.319
273.081
482.892
285.357
296.4
369.973
78.3891
490.302
76.3424
478.411
260.682
93.7082
392.168
339.765
208.936
521.741
280.109
266.519
207.365
175.695
501.338
418.659
253.905
123.08
168.203
212.296
150.971
53.1852
60.4065
279.479
379.954
60.4323
124.124
315.575
222.436
50.7401
308.439
156.654
283.019
155.116
461.555
120.888
281.878
166.937
279.085
455.518
248.031
308.391
83.361
174.269
269.912
337.964
285.815
140.976
77.2398
211.019
276.448
112.697
144.162
193.682
267.194
446.706
150.707
329.1
235.231
407.998
162.283
212.322
501.568
341.375
261.164
79.0266
370.665
129.898
249.103
463.627
206.889
303.527
323.572
403.63
42.6001
146.779
343.978
392.48
112.231
242.801
474.575
533.926
283.464
466.408
511.799
128.496
343.963
135.524
469.464
110.998
149.907
512.337
96.0381
115.717
49.0307
445.28
335.728
411.639
88.0682
283.787
207.4
291.832
288.78
416.544
356.447
65.4641
172.599
378.076
290.447
223.49
352.759
211.263
387.225
513.957
294.369
355.789
129.32
315.372
459.819
355.122
318.475
458.621
317.934
217.162
113.855
125.166
434.601
262.613
209.071
34.0291
412.617
77.7448
372.353
260.881
439.733
439.216
173.942
358.028
286.118
158.733
83.5204
151.138
214.225
367.721
252.417
376.791
206.39
209.758
92.9117
162.37
214.189
76.0263
542.329
345.914
258.502
86.4496
316.503
225.343
145.488
243.786
244.637
294.805
511.219
312.387
507.557
458.351
387.747
60.119
184.357
432.485
358.734
114.013
118.149
132.944
130.652
217.944
65.6039
220.811
423.614
111.254
36.8753
440.046
221.12
179.285
103.241
206.464
121.035
433.157
298.976
485.951
252.619
352.533
401.459
47.1485
213
391.131
214.671
361.199
211.322
84.7429
373.583
460.863
67.299
53.4829
171.466
320.762
108.369
125.898
224.933
271.448
88.1223
340.975
295.549
93.0205
453.795
94.6756
437.772
115.445
175.793
263.793
363.221
310.336
330.174
273.274
116.683
206.33
121.8
264.551
193.955
330.239
162.45
184.818
500.421
419.11
171.187
478.134
381.765
167.837
54.5413
121.975
447.685
170.899
396.988
304.844
149.248
256.34
325.31
62.7509
250.615
357.059
149.27
92.4697
124.016
222.337
189.855
436.79
374.014
192.629
360.24
298.402
489.931
415.426
363.935
277.862
436.148
258.648
343.57
47.0619
266.768
358.211
367.364
446.851
245.397
149.551
350.263
194.766
327.998
287.833
168.022
34.0828
130.635
247.858
453.165
234.918
34.368
152.835
451.911
177.811
433.671
407.764
76.2522
369.828
80.8193
225.093
227.552
100.726
266.419
340.825
374.04
358.897
362.008
316.651
401.041
42.7124
120.846
31.0332
485.883
505.335
35.8631
93.1804
367.888
152.857
445.44
123.276
56.9258
99.6285
286.206
317.546
290.294
214.083
146.549
395.264
279.981
41.2971
299.021
132.348
291.731
333.319
156.657
99.0546
108.06
162.161
131.31
146.177
127.229
389.423
265.75
289.967
93.1682
353.792
523.12
81.982
392.019
241.087
215.961
269.057
252.738
121.389
319.433
407.558
377.383
374.707
274.595
376.634
379.706
381.615
279.099
424.725
236.027
357.633
213.424
259.986
72.8403
407.945
119.092
192.944
270.424
145.47
380.082
278.035
93.7465
211.648
142.312
191.476
194.734
204.94
83.5559
262.016
248.251
248.744
146.145
328.119
472.786
202.643
114.465
252.352
89.5997
186.46
250.887
232.014
49.9689
443.695
294.683
209.972
482.382
161.659
55.1293
455.081
81.6045
432.019
54.2437
189.387
385.704
107.393
304.236
197.56
504.182
265.904
317.361
115.13
308.967
505.735
327.166
400.858
353.075
333.384
313.953
160.739
364.498
437.252
57.5557
440.919
37.2334
341.856
33.6479
471.243
326.202
241.598
508.423
221.773
155.505
94.2779
342.484
478.775
398.131
294.112
389.894
419.324
42.5643
183.465
65.7063
173.518
172.73
317.694
86.4569
92.4005
232.658
156.202
491.715
237.816
187.282
353.499
473.508
376.554
414.802
295.578
243.617
186.907
368.066
292.343
175.632
241.887
375.488
93.3344
68.6586
79.6603
428.501
289.637
256.928
140.304
61.6727
98.6159
378.033
497.765
110.467
374.334
236.919
324.608
108.851
80.38
58.4351
31.7165
254.849
277.151
271.36
107.817
300.332
477.418
96.8728
361.364
113.291
77.0839
360.373
179.366
68.0281
42.0075
150.723
280.204
374.579
269.457
299.597
101.7
321.877
328.001
94.8002
129.815
219.951
105.654
466.103
297.015
505.585
175.017
342.177
293.828
369.033
209.043
458.68
215.404
59.5214
39.0429
474.924
34.418
246.422
195.735
178.813
268.526
322.112
170.481
45.1367
224.164
365.431
414.671
524.081
116.524
435.98
433.949
330.785
466.533
137.724
473.732
201.288
98.1276
176.987
222.888
414.47
445.181
38.914
156.933
235.119
354.017
521.84
45.9821
347.398
296.003
127.45
170.342
246.633
155.082
100.005
196.458
151.66
157.033
475.481
483.77
329.863
241.128
180.937
247.16
282.281
237.043
359.806
184.816
251.999
392.5
57.3543
149.253
248.239
396.706
259.238
410.216
327.705
33.3719
299.996
173.805
134.58
462.917
118.478
319.197
325.704
459.46
344.255
317.928
111.742
126.613
180.684
345.542
122.199
100.813
208.266
106.108
395.291
366.579
247.129
265.855
435.517
214.094
348.808
433.114
128.969
187.664
478.398
330.191
423.435
346.197
124.197
249.696
54.1909
184.451
206.545
45.4667
90.1957
236.454
276.215
321.583
394.205
539.272
107.756
323.754
142.375
395.352
329.772
256.801
102.041
69.9344
303.724
62.3134
132.388
356.724
273.503
197.364
152.624
265.312
195.572
305.875
520.101
257.884
345.344
160.424
69.0407
123.124
143.109
238.523
262.101
365.899
444.058
251.963
437.249
373.624
328.816
439.076
296.356
304.838
514.737
261.601
258.231
81.4343
157.895
216.928
44.8079
352.158
198.062
443.477
57.6601
68.7465
159.659
134.645
166.933
348.469
134.638
240.202
219.622
425.759
401.062
246.787
164.725
75.1948
151.235
291.762
361.301
238.643
188.881
357.049
67.7563
84.3532
106.29
309.403
149.223
380.779
345.933
157.047
436.174
207.043
409.55
225.698
118.799
176.831
204.406
217.695
103.042
100.616
327.515
97.3644
277.457
170.725
144.909
91.4492
360.046
375.728
61.0128
234.077
145.598
285.645
414.464
40.2803
528.71
47.3977
193.701
362.733
476.989
57.3032
46.8059
235.625
201.969
394.667
70.8939
298.695
301.016
309.563
243.496
284.602
420.141
237.025
64.8888
167.115
138.871
190.338
83.1014
290.867
403.996
179.158
331.512
181.222
46.3977
450.164
226.492
35.3104
146.465
74.1348
284.196
183.369
254.49
304.287
118.187
53.0174
45.6773
184.783
490.163
43.0661
206.543
502.646
247.796
486.589
51.6843
353.278
334.427
74.4609
413.772
301.558
287.776
219.597
334.968
283.905
153.968
364.981
381.743
249.944
83.374
100.033
240.81
160.322
99.6351
149.091
372.474
333.611
281.764
41.2059
370.563
110.083
216.558
143.207
312.351
537.347
111.974
468.397
217.62
387.142
33.1505
324.263
41.024
313.775
84.6602
308.743
289.873
52.1896
51.6262
58.3936
295.208
113.234
401.641
59.094
394.577
121.832
378.149
358.966
69.259
322.162
147.322
120.236
314.886
213.822
451.62
252.779
219.281
370.912
42.3462
196.698
339.378
137.066
42.6345
242.72
406.754
389.201
310.857
360.853
99.1609
124.07
202.205
241.698
208.961
317.86
138.5
313.013
374.062
410.781
32.1824
410.85
437.896
57.7703
107.56
264.198
216.049
530.433
361.868
446.147
158.723
351.262
112.381
194.924
340.842
378.299
387.117
84.0572
435.512
279.258
121.277
45.777
160.359
74.8896
88.8501
57.6638
204.635
510.172
118.85
292.845
386.141
271.631
433.066
150.174
48.5418
532.144
234.324
113.618
492.549
324.043
298.715
79.1726
224.164
286.389
148.088
199.243
241.662
206.656
152.182
232.525
375.754
245.782
83.9432
71.8925
185.936
129.748
309.683
207.929
126.698
346.988
197.356
170.866
268.181
492.188
261.353
310.496
337.788
471.01
35.3333
168.646
214.861
130.782
244.365
256.216
344.018
338.798
64.3286
437.263
224.898
314.574
256.689
174.019
391.768
107.302
192.711
146.165
97.516
158.073
133.129
165.003
270.482
277.844
421.62
193.117
367.767
263.453
387.37
199.976
50.4095
347.416
334.986
144.578
425.668
398.41
467.99
341.087
462.28
261.632
540.917
221.871
142.942
59.2633
147.702
166.755
266.461
107.993
110.254
357.738
126.788
56.0271
159.65
64.1248
71.6498
104.817
92.6235
435.91
262.307
336.475
115.182
190.036
122.069
64.05
302.641
312.284
386.165
369.505
351.1
241.725
319.04
407.77
293.905
69.0011
424.192
195.69
160.492
397.679
322.799
200.878
331.087
63.7099
281.364
37.9613
254.537
162.512
323.527
207.505
342.68
98.8968
88.7622
249.239
96.5257
165.21
169.989
399.16
197.434
558.662
370.809
48.7738
328.756
230.023
504.312
71.8345
222.465
254.164
168.962
354.151
441.221
153.412
440.777
268.06
90.6912
251.534
255.215
240.822
166.526
267.278
295.122
100.178
66.4801
404.596
168.735
355.529
250.657
491.601
236.062
100.254
96.7864
127.365
436.406
66.0149
477.167
384.899
48.5807
234.403
92.1895
114.098
71.3545
106.317
109.101
540.952
492.9
190.442
