418.706
511.387
84.1656
213.333
239.21
132.196
474.691
341.179
165.195
104.896
78.9327
286.285
94.8361
239.776
211.498
233.813
297.34
147.312
270.889
491.763
428.733
258.539
520.009
167.21
116.032
387.343
35.139
172.718
293.766
143.227
231.153
361.364
318.825
395.083
424.744
94.2984
320.715
83.0908
253.784
94.9028
181.385
321.854
468.748
202.015
503.227
268.479
377.91
43.0106
400.457
135.605
446.303
226.395
239.62
288.481
170.373
421.817
201.815
361.793
40.784
366.789
257.194
387.465
54.6157
125.674
213.202
272.84
126.969
475.348
484.805
418.524
281.138
303.671
91.5883
403.712
124.919
362.516
130.688
434.613
221.562
421.923
296.999
34.6965
302.292
516.622
112.005
479.688
293.424
199.768
64.4802
436.414
378.995
129.879
394.903
524.857
277.356
158.724
124.365
320.152
311.695
299.453
301.804
279.947
206.043
394.935
42.5308
149.77
48.0214
447.608
442.137
405.034
65.7445
111.166
59.8803
423.83
132.195
41.3761
102.482
62.9985
387.785
349.467
374.505
226.31
311.624
479.884
439.409
115.11
195.139
115.07
125.845
343.626
91.417
333.856
235.188
111.137
77.6101
197.475
390.883
450.763
361.765
288.473
230.464
142.536
459.831
359.787
404.948
409.764
50.8383
162.159
143.134
143.39
293.235
231.708
39.3215
391.201
287.556
127.15
489.931
278.798
544.228
231.538
197.952
160.517
383.951
243.022
88.1648
395.771
411.581
78.7596
130.649
115.103
394.727
269.518
232.336
58.9315
378.355
324.814
397.407
233.685
106.583
156.778
195.511
52.4605
211.104
498.681
30.6733
52.7107
148.217
277.685
152.4
397.973
366.234
487.49
312.095
382.638
355.911
48.287
421.137
415.631
336.169
416.516
351.454
465.374
247.128
384.636
422.571
292.206
353.722
337.382
242.589
291.189
234.019
190.752
30.4633
258.439
65.7436
367.801
96.6385
472.525
333.206
338.21
502.283
200.866
88.1537
84.4584
212.109
365.12
414.427
389.433
140.608
92.9724
296.512
113.045
160.426
288.344
170.379
164.29
154.084
314.496
433.403
51.4402
250.344
438.162
449.126
453.453
47.3295
351.69
136.394
74.4049
44.1522
292.026
185.262
49.2421
173.814
504.349
149.503
437.813
32.8933
401.665
297.112
159.743
342.052
105.179
179.167
75.709
177.644
144.335
548.822
114.557
433.491
117.779
441.97
76.2861
96.6898
445.944
574.833
306.682
103.122
173.574
151.706
408.515
315.954
331.208
104.696
409.515
346.268
105.666
254.367
42.3683
69.6637
408.127
306.382
217.003
348.508
114.581
323.536
396.292
131.467
54.7717
31.214
90.0668
356.366
460.331
48.2762
112.752
381.207
59.1127
77.3239
286.229
137.665
187.37
221.637
213.63
346.039
497.893
255.161
144.461
43.5326
120.383
185.299
236.591
262.172
397.004
251.821
118.595
281.399
44.4048
158.798
422.83
365.056
413.712
151.204
106.128
334.279
300.5
167.801
121.214
75.0634
319.297
268.416
520.788
432.759
165.935
196.937
201.049
83.78
516.703
155.322
226.884
363.088
73.8258
272.705
234.084
458.861
304.147
66.4154
499.904
470.695
308.915
131.089
514.14
372.765
33.6521
132.346
308.27
285.28
522.95
394.168
384.872
55.1813
332.135
47.3196
359.967
419.995
283.449
73.3321
246.361
361.255
93.2141
338.257
44.1455
288.197
52.2093
385.467
254.608
267.046
66.6989
188.572
167.689
115.122
390.433
538.878
124.291
394.55
316.857
304.563
395.512
109.027
141.7
284.273
129.922
330.809
99.2478
324.284
337.028
210.091
127.817
364.081
90.7314
362.006
233.877
87.7293
406.176
85.7811
147.979
387.792
367.628
128.361
314.772
69.1851
327.527
70.921
374.15
315.337
342.077
320.003
67.0563
54.5186
430.698
369.504
271.332
44.7472
394.728
542.456
61.6105
318.179
401.357
48.6237
325.343
240.238
154.494
226.241
206.249
292.644
88.8281
174.823
73.5273
248.609
128.574
148.868
238.152
298.1
88.1169
83.9243
213.779
414.386
274.894
197.92
157.927
44.5807
55.8436
77.8629
243.073
187.946
62.185
121.371
124.671
179.104
168.963
193.869
174.404
77.5227
62.3437
78.952
78.1624
65.4588
71.7357
97.5083
135.977
382.724
366.776
82.1354
129.671
378.407
139.205
236.011
246.607
455.695
248.313
66.045
205.791
143.537
97.1819
203.146
101.482
78.7692
157.309
88.4278
185.519
387.539
383.606
267.894
102.274
415.843
309.788
197.568
276.126
349.887
262.624
479.333
301.018
257.89
277.099
42.5819
456.873
152.295
366.275
129.858
360.845
298.935
223.891
91.7414
167.441
140.873
298.345
247.968
285.198
95.9435
307.88
60.4354
175.662
67.9902
400.411
565.956
348.849
277.662
65.3189
53.9032
525.873
169.944
258.485
133.752
200.751
105.34
57.8602
220.165
99.534
377.933
364.673
165.376
277.043
314.74
256.248
82.7237
244.187
334.254
319.03
239.53
191.685
50.917
195.263
163.425
160.385
488.514
59.9062
116.264
205.059
380.853
244.549
188.19
137.759
470.113
157.848
421.548
153.988
231.212
357.905
270.317
307.136
254.205
145.554
95.3945
210.868
326.534
325.733
371.846
210.696
106.398
540.983
155.74
64.6031
290.307
141.102
253.751
340.594
249.947
187.878
292.532
385.448
433.34
452.626
271.786
234.874
101.685
174.203
173.571
503.752
327.766
256.7
141.553
183.835
386.842
269.592
221.974
465.327
437.677
106.74
343.114
233.103
241.3
86.0382
328.185
88.0318
344.176
253.029
90.9727
525.77
250.791
273.507
166.86
422.389
118.961
128.22
545.222
30.7013
101.183
37.4341
291.313
420.064
314.167
286.721
262.211
182.856
164.595
184.577
431.374
194.428
442.595
156.272
181.782
53.2933
82.8657
169.55
159.582
61.8789
346.433
310.123
317.869
500.407
118.5
81.6531
432.972
352.566
331.259
340.036
495.38
57.6124
138.669
300.215
529.504
186.991
90.2866
459.12
386.698
195.629
309.81
103.919
295.279
373.441
88.9646
330.334
387.688
272.182
151.752
438.718
271.517
34.3084
422.749
139.351
384.403
34.9086
33.3338
495.298
205.271
337.254
182.968
140.66
340.462
454.593
416.724
64.5137
182.997
338.76
457.354
300.325
302.93
255.888
96.7685
145.531
162.106
57.2374
287.523
181.407
361.85
138.581
413.821
86.773
161.372
461.241
60.6424
82.5488
282.635
372.393
364.52
42.3387
293.039
191.779
305.285
100.388
473.497
200.523
477.488
311.592
166.868
112.228
120.39
308.294
361.461
32.0346
105.658
247.118
58.884
301.715
227.541
211.561
281.933
260.614
49.616
236.612
408.531
90.9504
81.9223
76.7531
253.267
312.256
379.632
172.618
519.358
75.2394
199.218
133.339
217.829
418.971
34.4097
345.484
58.1402
240.864
123.919
448.605
172.68
244.385
454.613
158.95
135.329
343.927
159.416
399.99
332.693
46.5295
339.593
122.667
313.072
326.3
39.9633
468.494
245.958
295.967
272.723
301.358
52.0824
97.751
466.679
257.373
286.936
117.902
185.336
349.671
262.201
208.89
438.12
185.856
385.624
265.151
388.413
458.092
249.833
501.071
349.335
355.722
467.245
205.692
384.587
298.93
385.551
281.995
434.385
112.672
112.548
148.221
290.15
89.2674
285.138
250.964
308.91
495.648
254.277
180.601
147.931
277.717
89.6033
252.314
300.645
379.996
361.607
401.795
251.528
121.832
194.125
179.904
511.313
326.795
357.857
66.5915
125.012
447.91
290.02
92.4764
366.754
365.149
53.4289
51.8359
76.5872
228.226
199.909
305.796
313.454
430.375
525.374
286.806
92.8172
343.745
213.495
324.229
170.545
136.222
480.753
144.567
326.207
88.0086
128.385
286.973
302.632
73.4719
398.305
295.685
54.383
322.379
333.951
269.969
58.3267
391.369
159.639
103.702
167.912
95.3034
191.942
195.756
32.7176
78.1802
141.202
68.0066
209.878
434.886
350.286
149.086
237.14
395.646
74.6252
174.88
483.779
62.1131
202.907
134.788
144.148
74.3905
67.7016
381.611
255.33
470.612
95.9955
130.284
417.635
186.164
33.5337
243.84
353.104
442.79
63.2814
436.107
283.533
365.717
255.404
391.981
239.244
169.04
174.427
389.417
480.19
62.5406
68.2501
259.424
411.388
89.9813
429.275
33.6526
115.441
291.155
92.5834
245.635
146.374
320.551
395.884
295.282
186.605
132.254
308.604
402.68
265.851
99.3251
84.6738
356.719
82.4717
195.551
512.49
70.9134
162.754
431.013
73.6276
176.943
386.402
266.394
237.165
271.055
277.219
355.434
516.135
183.941
73.9196
102.781
273.908
85.2147
265.763
492.809
231.622
248.004
264.55
411.503
383.556
408.917
180.642
168.165
42.0406
41.3117
293.184
501.945
238.989
272.656
122.254
228.502
414.471
319.504
234.028
392.898
83.052
479.95
263.803
145.49
253.197
166.224
390.875
179.529
129.667
509.177
544.831
406.896
44.4661
440.918
216.756
307.041
101.829
151.017
416.782
498.605
165.625
279.548
56.549
93.978
370.199
30.3864
311.186
216.249
203.525
212.267
244.189
40.3966
313.57
322.742
284.553
401.396
335.96
38.1603
269.563
307.874
38.616
215.154
277.698
308.335
294.558
403.442
488.419
296.442
148.417
289.646
207.818
112.892
162.259
301.871
291.211
238.55
249.04
339.505
344.805
482.221
121.262
85.9917
111.488
167.132
339.21
408.169
573.415
380.303
349.118
53.0513
171.509
45.8935
469.427
333.724
189.658
99.7163
247.188
52.5259
73.0463
177.445
120.014
409.444
289.757
73.7687
126.002
101.391
53.5959
276.212
142.913
469.611
58.1266
407.496
36.5125
459.345
282.677
200.996
234.577
155.716
447.894
575.214
372.943
55.5024
291.739
341.827
142.353
315.518
276.534
263.847
42.0967
287.174
104.191
109.535
466.624
298.164
186.64
238.889
259.934
287.054
268.464
420.623
115.446
97.6052
114.984
297.616
75.7668
229.833
377.862
166.885
231.193
308.287
274.644
96.8713
297.714
364.046
314.797
358.204
130.001
244.537
111.567
244.192
110.544
324.872
80.5196
423.303
98.3522
402.605
401.793
282.862
40.2014
323.311
87.5929
167.357
46.6844
133.911
549.201
176.506
420.619
144.906
462.46
213.895
489.572
88.3925
92.2364
319.672
207.874
300.895
68.7957
167.237
122.799
110.255
227.018
175.564
263.091
248.61
346.201
335.671
333.334
193.571
49.3637
78.704
150.48
377.474
146.049
122.82
93.4466
123.096
142.685
56.4166
538.259
273.59
373.833
299.029
480.851
236.159
229.215
86.0485
130.492
498.396
60.2639
315.306
161.885
110.825
505.826
306.356
357.739
348.911
301.349
379.447
461.662
99.2513
461.374
469.827
31.0791
373.282
293.689
283.724
448.627
36.8916
398.792
260.412
124.293
173.439
48.65
222.054
158.857
106.168
35.0573
200.977
289.841
94.1846
58.1884
136.923
242.199
33.7673
311.377
459.271
196.299
273.543
67.5597
165.89
126.872
189.158
383.611
192.972
173.46
347.448
477.83
231.599
62.5335
52.5597
113.88
261.554
517.529
264.768
324.599
125.997
228.732
156.11
52.516
265.602
107.779
352.503
157.384
237.44
278.942
308.512
345.748
360.279
463.417
469.211
129.995
111.385
346.393
36.7318
437.389
45.4259
301.363
302.448
160.496
213.371
209.6
258.406
112.191
113.231
282.767
230.937
333.526
46.4493
282.568
300.168
97.7093
288.32
41.5439
272.346
424.369
332.427
252.068
152.271
271.645
243.903
209.61
108.168
104.455
391.2
400.251
447.542
295.397
203.263
93.6636
368.847
78.4205
337.721
254.791
269.301
147.134
280.02
136.075
123.821
470.886
315.455
112.957
116.471
101.674
132.644
140.356
189.872
255.581
72.6908
213.226
57.356
372.62
262.091
215.057
63.3976
320.259
183.464
292.824
394.228
167.356
113.397
261.759
119.914
369.435
335.311
259.349
405.306
105.359
30.3668
325.667
234.142
271.554
97.373
228.793
267.19
148.944
131.078
227.817
81.1366
56.3459
202.779
460.424
211.633
293.6
324.793
84.8092
434.147
67.6189
157.376
304.375
106.336
134.002
445.98
473.238
253.015
81.8926
95.0062
373.561
310.241
450.732
200.476
422.137
328.688
172.72
172.069
387.033
39.6544
451.991
209.243
512.503
186.4
419.182
194.051
197.863
35.4292
375.519
122.72
30.6729
247.603
125.63
144.655
359.38
42.6205
409.877
99.7534
354.426
209.999
472.999
197.467
122.005
56.1775
403.513
282.687
36.5804
169.49
213.691
157.227
359.793
455.331
144.7
320.368
382.955
390.102
299.45
416.533
347.957
335.575
192.138
342.817
32.2417
503.267
412.135
197.552
454.577
179.226
204.048
326.063
336.867
148.256
295.009
517.512
189.99
100.113
167.253
379.161
143.578
277.548
474.396
58.2814
223.382
493.235
462.929
90.7843
72.2595
53.9934
307.459
312.263
109.422
114.09
41.3094
93.4553
479.926
339.048
204.841
117.288
102.537
229.516
204.94
127.975
249.576
49.6462
60.658
255.483
156.67
369.227
274.349
442.386
209.131
520.95
205.904
99.6926
153.535
115.955
252.397
230.291
443.438
138.678
437.987
63.3553
46.4068
218.45
562.61
368.628
142.525
158.844
123.627
389.07
330.221
471.648
351.172
196.961
354.744
197.064
379.106
108.824
217.094
64.0483
75.3443
99.4126
92.0651
474.456
301.292
33.6269
36.2541
142.992
289.417
208.182
365.794
244.319
43.3261
456.656
352.462
415.042
342.329
114.005
526.74
186.03
404.407
191.401
197.097
186.627
331.289
301.309
299.95
114.867
126.936
167.034
265.57
302.242
144.144
35.581
36.3999
146.765
314.441
189.627
192.52
168.442
212.329
359.119
435.802
35.0202
336.443
389.496
451.308
506.625
336.825
403.245
451.829
503.918
198.624
388.464
389.677
64.7738
247.826
505.582
140.764
535.757
165.044
237.896
83.7654
406.087
365.273
390.255
366.222
394.067
434.066
181.988
315.105
290.184
415.764
88.7833
472.374
492.954
516.785
203.965
90.6316
371.16
261.149
446.438
124.018
357.695
489.551
31.7778
209.347
338.044
160.824
254.514
457.303
304.189
136.078
304.389
435.703
477.385
271.739
211.83
54.9114
163.439
210.346
314
325.922
438.898
293.276
75.6556
141.153
374.547
62.4409
340.006
176.782
57.4243
422.056
118.525
132.255
358.324
262.266
340.788
247.831
242.512
257.304
392.926
298.775
217.443
134.41
104.358
57.7841
301.224
402.352
57.306
218.162
58.9377
51.3076
409.868
482.653
224.016
182.757
236.531
257.571
339.576
382.624
170.509
168.752
269.923
125.47
379.307
423.716
274.247
109.928
122.803
30.1758
238.922
147.327
230.775
41.2551
359.719
311.959
260.655
202.295
376.499
131.397
63.3085
216.155
126.457
148.439
148.725
266.816
285.654
57.5095
57.3578
244.202
171.303
185.712
118.881
402.633
161.144
109.535
312.689
366.47
114.016
229.69
184.715
373.795
127.383
191.205
222.044
147.726
139.675
175.55
281.948
44.3343
78.8475
211.706
201.842
384.732
61.3688
91.6519
319.34
237.227
341.283
386.194
264.974
209.181
187.634
214.402
110.873
210.173
179.685
219.548
134.286
55.2196
241.052
368.478
191.755
216.842
528.875
303.701
221.068
133.059
142.202
414.024
71.2983
297.375
163.978
253.571
489.512
106.752
33.2803
316.247
236.771
40.4798
395.119
223.942
438.023
262.792
91.1612
473.512
295.244
65.2019
301.152
339.46
141.338
358.795
223.327
384.812
377.215
385.89
318.999
352.666
67.4599
451.128
239.436
321.124
123.982
324.708
48.3795
433.195
280.17
286.62
321.86
139.239
244.886
422.505
336.296
285.292
394.872
66.571
504.721
146.111
89.6378
401.959
265.135
412.062
186.867
468.665
195.761
170.658
49.8847
239.533
166.479
336.855
482.508
67.4098
221.611
288.616
166.452
368.201
110.536
117.3
488.87
281.146
129.011
73.0914
182.433
253.084
370.998
37.6223
303.886
133.412
224.81
231.748
179.638
149.915
282.631
142.543
105.059
220.931
385.835
92.3535
298.04
476.781
402.459
173.598
446.837
261.709
335.839
129.971
82.9038
269.61
266.372
179.877
204.965
323.13
456.08
238.948
182.843
444.053
489.512
264.158
515.241
481.39
157.791
351.604
321.045
418.769
69.0343
211.78
127.717
311.841
246.183
92.5122
208.255
87.039
325.181
507.451
434.106
319.798
106.425
308.796
418.139
36.7446
150.576
301.229
42.3155
244.194
362.132
201.775
74.9364
128.869
315.56
41.6453
396.125
324.026
203.842
158.313
353.156
299.067
124.587
373.725
78.4932
44.7934
159.124
75.3639
305.25
434.652
57.4144
327.275
38.3061
69.9986
394.328
107.299
292.974
118.798
271.912
36.5973
201.949
59.2978
382.993
238.678
213.084
362.168
249.018
103.29
401.815
55.6319
110.656
58.8711
492.409
360.69
271.477
257.424
411.52
352.851
175.774
175.786
150.534
188.473
232.977
125.341
98.2247
284.316
145.754
199.536
166.601
347.791
256.418
122.613
350.135
229.825
128.886
447.527
198.947
473.528
184.613
87.6036
80.072
101.854
242.658
207.568
109.592
255.988
129.807
488.639
237.188
369.851
161.281
248.914
180.374
234.618
399.424
417.78
127.546
318.922
302.13
333.748
149.937
126.953
193.239
177.351
101.525
43.603
34.4551
122.789
106.343
375.828
133.291
240.056
72.4082
106.551
452.374
264.921
245.12
132.961
215.802
144.224
33.3265
245.04
153.025
61.4236
80.3151
491.81
113.017
97.4305
273.831
393.417
361.731
148.405
144.838
139.998
40.8685
42.9576
202.763
115.537
289.165
280.493
447.356
247.406
448.436
406.443
116.61
392.779
143.225
46.7991
254.795
282.735
165.981
218.08
228.183
169.107
192.281
170.732
471.687
364.05
500.904
368.946
35.9896
335.952
114.616
207.047
89.8584
298.863
125.642
108.76
230.204
450.448
153.38
120.414
328.748
330.091
499.409
549.215
31.8425
39.6737
285.533
108.282
191.915
361.397
189.821
159.711
446.407
446.536
86.0505
88.4607
121.815
256.049
506.246
271.949
238.339
293.939
130.725
155.437
286.256
364.827
107.088
345.602
245.196
96.7598
72.3847
439.269
56.3531
61.0956
98.6835
346.703
361.554
193.946
66.3458
235.878
435.934
187.301
397.042
367.757
384.367
320.366
432.208
281.591
519.55
348.935
135.815
156.492
526.705
259.657
71.6052
520.46
419.607
42.3657
101.356
311.739
194.582
172.727
77.8148
416.752
366.323
48.1135
356.604
89.6441
282.903
362.377
397.149
293.97
144.944
330.229
167.747
167.156
89.9562
250.266
41.5489
346.14
121.84
229.966
268.869
558.638
58.0368
43.7897
222.982
209.519
217.673
288.603
304.47
35.8965
528.824
521.189
148.161
283.507
366.228
305.066
429.789
280.139
221.356
309.888
292.398
291.838
117.954
156.696
260.366
136.119
206.979
424.659
296.138
207.549
52.2971
138.525
260.285
82.7263
79.5232
456.148
153.814
91.0456
50.3663
322.811
256.766
375.493
533.262
183.865
367.252
246.851
284.029
186.531
253.184
407.847
249.265
344.722
340.858
314.999
159.299
182.36
490.034
209.458
194.404
69.0131
349.971
200.598
295.388
261.785
44.1499
110.623
75.6541
325.452
186.126
306.625
162.964
340.59
164.462
178.2
291.001
373.252
122.972
438.927
135.552
528.627
188.018
485.961
88.6339
96.3461
102.168
312.357
38.0596
423.475
250.676
251.146
425.417
109.188
246.215
313.193
292.486
222.086
291.646
172.158
100.255
226.752
100.535
218.367
274.823
61.6
327.652
94.8101
48.8172
271.449
201.389
245.149
65.562
280.484
53.9507
227.896
365.8
260.739
452.357
56.6135
137.7
435.323
227.755
108.086
477.912
259.348
56.4959
249.158
179.265
41.5428
67.8306
355.333
303.33
48.609
426.65
521.49
498.306
282.422
312.082
213.118
255.482
276.595
92.504
108.893
306.888
203.762
151.59
425.683
569.931
423.221
442.986
224.039
62.9282
366.085
69.8706
386.675
172.075
33.3989
468.91
222.745
466.606
266.979
453.546
287.29
133.676
144.281
187.182
301.919
253.331
336.993
169.072
347.425
223.23
162.618
404.797
142.942
372.614
293.138
202.284
276.612
255.691
140.756
141.633
163.669
307.739
147.719
377.775
350.736
227.291
329.141
515.73
231.719
363.506
152.52
206.149
192.386
493.779
268.505
162.508
368.986
332.334
195.68
239.86
164.19
82.5701
215.472
50.5345
515.841
246.276
198.022
168.377
159.393
212.245
432.036
266.328
185.359
434.523
347.026
51.3263
311.724
137.175
167.407
389.831
233.298
87.3486
402.247
327.96
426.185
296.74
237.527
513.621
69.4519
59.528
233.059
381.289
190.436
433.936
147.999
245.3
344.538
81.4517
344.531
243.707
241.397
222.914
97.4559
427.094
260.157
127.063
236.376
251.023
51.5265
303.563
272.285
65.0017
223.158
509.131
387.998
139.579
506.081
65.7738
337.899
329.271
146.761
49.2793
490.692
66.3791
505.744
253.634
453.908
250.395
192.354
391.649
263.805
34.8717
374.471
117.178
300.238
497.742
413.88
318.02
387.945
73.8993
294.755
108.874
332.876
59.8316
294.16
144.929
102.634
36.1455
37.7775
346.202
72.118
537.525
121.041
236.671
440.689
462.111
323.809
249.946
98.7306
259.45
48.2658
385.116
275.542
233.525
192.237
224.133
269.618
475.4
232.216
230.224
474.161
294.546
66.5153
99.7566
32.296
272.759
176.233
432.673
275.62
144.903
304.955
187.398
294.93
247.678
121.482
66.5161
51.9553
42.527
59.3859
325.174
307.973
151.502
271.08
123.286
254.352
462.351
293.612
402.883
117.324
96.996
367.115
417.78
127.731
99.9692
122.771
254.735
103.462
348.151
198.134
57.9276
275.782
46.4325
453.056
271.563
388.486
87.4823
317.015
62.4608
428.268
31.4233
498.869
287.016
378.599
390.048
513.727
208.492
307.716
85.5342
141.466
309.592
519.308
92.6982
105.745
196.842
237.493
163.798
58.0559
61.5767
434.967
139.901
267.383
181.909
445.836
258.779
286.466
536.217
104.9
273.841
171.62
171.62
148.922
221.726
483.347
207.599
493.232
105.904
71.2494
132.797
525.209
490.088
103.199
326.366
300.73
240.647
236.624
481.397
152.094
146.596
239.923
105.574
537.026
272.135
287.575
411.714
309.308
439.609
84.3733
214.393
219.313
428.085
151.095
51.6587
107.563
421.618
236.513
75.8759
346.972
347.163
265.97
312.816
289.023
110.744
388.664
373.159
129.963
64.5736
251.04
422.954
387.092
173.008
349.77
127.095
180.038
322.678
488.899
69.9069
436
242.637
129.679
111.507
453.479
222.129
194.548
156.937
321.463
165.04
139.515
42.6882
176.091
221.136
89.8388
101.851
183.663
72.2176
229.911
63.3708
231.618
361.897
306.022
327.625
463.072
94.0435
238.725
44.1224
480.347
366.673
87.3436
213.152
126.588
226.512
259.638
213.933
108.365
340.887
388.289
309.168
347.479
472.27
168.493
248.309
84.9284
159.113
136.527
74.4636
368.768
201.833
149.512
289.994
481.018
385.744
69.8271
86.3697
400.504
288.447
41.691
437.529
49.6146
392.723
32.9123
278.185
111.458
464.631
187.524
109.945
43.1445
391.329
67.991
118.38
234.092
259.748
53.0474
192.144
92.2842
77.1181
243.037
176.897
240.427
303.827
183.371
326.11
43.1787
218.157
224.881
270.612
459.746
355.346
178.572
342.565
332.087
294.555
507.049
211.274
416.65
110.668
217.271
258.043
304.844
399.178
287.084
175.33
204.937
406.868
286.881
371.182
129.758
331.561
256.963
418.883
404.027
135.022
288.88
84.114
437.533
88.6289
356.508
179.83
254.617
376.969
170.913
41.9984
88.8357
236.585
92.9153
291.116
96.7948
170.053
201.368
363.874
373.139
84.4075
478.931
263.623
296.538
106.309
313.425
107.39
403.638
71.2657
147.146
82.2159
270.673
129.766
245.032
101.551
459.162
50.7454
92.0673
256.914
164.959
301.293
192.493
480.126
126.582
156.697
78.7516
198.183
232.623
142.495
63.0436
344.736
195.012
490.298
204.668
265.774
348.389
52.443
307.336
391.94
265.671
389.802
281
116.313
291.224
342.703
237.961
37.4248
510.716
457.304
243.834
162.372
155.339
372.443
62.2914
33.185
102.98
111.949
343.135
267.974
130.897
30.3924
208.656
435.342
94.0829
277.123
328.474
71.6224
317.036
415.489
125.734
284.167
32.1536
68.7943
106.371
148.251
52.2592
534.987
268.272
387.916
152.308
182.417
313.923
354.987
269.092
379.319
78.9449
232.933
158.529
489.743
79.8306
413.9
337.214
447.83
144.286
222.305
184.144
102.628
414.883
416.473
131.154
97.9396
176.477
127.277
188.908
75.6172
282.423
399.265
56.8532
549.223
313.579
351.871
274.046
432.82
311.67
163.328
170.348
456.186
164.939
215.39
319.099
427.991
342.312
271.26
223.436
45.2273
281.772
340.939
138.313
109.334
342.78
404.025
210.984
60.1323
49.36
185.622
398.858
118.577
65.2525
145.179
382.78
123.932
109.833
405.556
195.61
72.4463
128.38
109.752
239.969
46.9849
251.526
34.5445
545.92
430.523
341.77
321.694
105.053
408.019
500.796
35.605
356.672
165.516
151.624
88.9934
174.424
409.36
307.201
58.4307
200.572
494.7
214.56
388.901
273.915
172.683
106.004
167.774
298.72
250.655
237.566
482.461
257.566
161.168
58.9675
290.385
128.293
168.521
58.5166
34.6697
501.108
540.232
115.55
380.126
479.142
117.927
115.049
351.79
42.7876
426.501
493.021
373.113
465.312
145.081
283.055
336.695
432.833
43.7918
261.988
119.073
200.575
129.045
292.2
534.397
55.9952
186.998
280.565
446.09
130.151
129.84
342.774
378.688
226.409
52.8652
233.724
260.226
46.2936
94.2361
350.328
286.801
285.333
484.51
119.563
532.523
108.192
60.4566
254.956
169.14
316.248
175.724
80.6701
318.565
136.784
292.974
440.649
395.91
272.667
202.15
133.587
406.723
37.3274
77.4945
392.227
70.4428
108.313
305.088
64.477
74.4597
405.656
368.08
201.648
258.945
299.665
98.9927
380.244
286.005
501.41
162.655
331.86
65.9219
514.736
541.475
84.048
369.625
224.455
315.762
243.498
167.865
472.593
261.037
271.813
75.9916
141.96
134.765
377.186
120.078
193.936
327.771
366.522
515.644
92.9822
42.2141
245.981
178.983
47.9134
242.009
277.789
172.128
44.1356
401.391
221.225
471.984
363.643
58.6001
316.02
177.937
108.071
61.5826
407.828
387.227
146.372
224.742
416.29
222.497
331.689
146.354
395.983
514.27
160.961
250.462
126.228
102.118
340.258
233.779
343.826
83.9828
80.1441
151.255
287.733
293.332
428.526
155.016
103.648
100.242
132.459
468.068
188.215
101.36
124.501
190.876
55.9001
361.411
315.879
345.056
281.394
87.8326
413.356
167.747
278.18
58.8251
450.61
163.112
242.182
220.337
209.272
147.349
146.25
350.909
457.449
463.873
280.679
175.399
47.4805
58.8683
91.7385
176.416
160.658
270.231
213.998
193.108
80.4718
245.407
474.13
57.4522
51.2062
108.273
223.501
194.857
278.577
281.002
84.0414
420.952
324.848
166.104
273.926
271.025
494.112
364.167
217.398
205.655
319.992
350.68
521.081
151.03
64.4313
48.9071
492.717
206.839
64.6693
171.112
255.82
281.656
135.509
38.5667
209.936
382.274
329.447
282.902
285.576
273.284
102.548
227.246
475.964
299.833
335.38
222.299
47.1467
464.651
532.683
494.646
444.375
54.1028
166.029
266.418
147.561
274.661
152.506
455.486
161.411
206.915
539.149
328.819
145.798
318.632
135.45
256.778
287.696
318.299
67.4794
38.8989
232.421
307.728
218.3
293.638
34.6407
40.4965
278.023
147.983
277.602
54.9931
416.962
276.963
106.107
313.217
69.8871
44.895
30.0476
271.022
185.658
178.037
141.848
460.116
100.582
258.997
322.777
367.84
147.049
505.212
249.746
373.465
308.376
217.944
83.6224
468.153
386.906
33.2334
397.691
274.381
368.034
93.5058
200.371
385.756
504.4
302.321
105.794
95.1977
186.041
255.599
191.89
109.757
172.582
171.386
325.85
300.759
192.206
322.426
408.542
124.141
113.233
214.686
349.657
235.365
57.2705
192.028
245.27
228.283
327.914
83.816
185.892
191.36
163.499
214.996
284.147
206.308
309.249
251.711
222.869
87.6438
341.261
130.361
197.188
331.495
386.454
339.881
92.9853
116.144
312.236
61.8727
210.697
285.882
342.389
422.442
258.726
87.1495
454.862
333.409
366.968
163.406
70.2302
48.3469
39.333
91.0054
481.548
390.296
314.198
211.535
38.9418
133.848
408.559
216.11
372.504
36.3943
142.412
351.736
30.1374
101.337
326.911
283.41
102.005
333.841
350.34
384.617
177.29
237.123
86.0905
301.768
120.538
93.3489
37.987
173.121
336.122
276.09
303.572
193.405
165.939
135.714
335.043
530.188
389.666
46.1698
218.715
147.757
318.027
198.837
445.178
230.414
536.907
165.281
302.535
188.442
404.068
392.539
278.025
71.1908
373.403
158.61
353.083
432.68
180.165
195.336
178.737
341.957
294.221
241.745
232.351
86.8071
135.241
477.133
270.657
343.718
211.917
303.663
49.0092
147.652
410.763
449.906
161.433
79.8626
249.838
145.57
75.7318
402.581
508.847
242.165
169.811
30.1006
182.942
432.346
186.521
178.737
449.148
261.848
299.257
127.956
295.571
426.273
328.425
242.224
461.216
273.771
76.9889
189.739
129.349
160.934
187.022
358.58
161.776
470.791
366.774
64.7893
252.263
364.251
192.124
466.377
186.009
436.019
385.014
404.691
132.819
407.202
416.122
205.236
247.044
127.52
82.9786
123.419
131.538
348.506
37.0711
142.448
152.082
307.142
262.034
252.105
461.817
359.448
427.147
65.9439
60.2381
314.83
144.806
268.789
32.3319
160.64
236.626
150.727
467.404
451.459
122.199
331.396
118.67
147.09
309.991
230.736
312.211
210.195
357.974
41.2574
47.7498
420.575
414.8
273.35
342.512
39.8351
239.866
245.576
190.62
149.671
357.866
260.686
94.2104
295.667
71.8381
123.727
222.198
147.486
232.148
259.982
62.5898
347.929
203.96
344.899
235.271
407.239
30.3593
98.7662
374.283
367.021
323.581
143.023
304.462
260.96
376.819
263.139
509.302
45.3806
265.438
88.8472
200.27
74.9867
191.928
146.919
140.696
273.77
297.875
101.241
139.098
232.456
77.8075
257.556
82.3527
194.751
315.433
398.96
62.1687
313.153
92.2409
368.474
246.226
299.291
248.78
74.7361
319.444
57.0153
391.073
342.939
127.19
334.897
452.032
288.322
314.383
126.274
480.574
331.815
360.326
322.962
56.9422
129.326
186.081
130.786
70.4596
287.481
104.925
265.889
184.767
420.612
33.3508
299.851
158.245
398.882
557.838
309.768
496.629
437.791
267.925
171.164
117.527
163.033
203.636
510.948
94.5827
310.434
62.4161
256.611
203.402
273.367
227.612
185.06
427.631
337.279
230.606
100.688
176.159
269.88
262.186
521.815
255.949
176.417
113.591
441.249
398.597
422.039
232.312
92.4883
395.896
268.636
393.467
365.882
170.162
205.61
357.725
473.543
126.936
199.112
448.234
37.3982
46.3818
190.52
80.5801
331.079
105.687
354.579
286.268
43.3748
136.8
447.836
204.816
188.997
236.397
120.693
386.924
140.617
37.6505
216.533
343.93
136.787
307.244
444.046
385.19
71.5196
57.5983
182.836
371.214
69.3186
130.383
409.58
249.971
258.071
65.3316
223.82
340.687
183.804
30.6574
234.379
184.468
94.0228
394.052
208.13
342.011
32.6145
197.846
76.9601
216.92
77.4251
334.515
172.991
60.7345
416.346
308.702
310.038
465.33
75.6294
417.474
132.302
41.6985
271.216
120.768
280.292
211.621
401.076
53.9298
235.094
72.9572
389.026
332.884
263.788
392.123
308.936
446.66
207.948
462.579
233.526
443.046
329.818
334.114
228.038
276.34
97.7492
418.995
321.143
530.028
55.9492
223.291
118.085
118.059
134.055
400.951
277.713
201.027
272.548
334.64
233.272
199.36
170.347
138.493
264.52
99.5541
293.199
385.547
69.0501
325.11
520.245
225.466
267.919
518.257
249.089
383.628
545.63
208.243
281.064
135.134
446.098
495.658
226.311
170.011
228.449
131.84
448.741
117.104
444.691
169.377
289.688
286.22
86.3874
535.564
302.754
360.96
411.817
269.2
280.724
146.418
343.448
194.252
421.948
220.321
483.864
434.62
122.966
45.5468
38.1388
320.892
65.4825
333.024
297.62
189.768
70.6493
85.6043
134.371
260.267
195.565
380.365
100.108
352.335
385.087
44.7303
342.472
270.019
154.356
270.052
253.965
355.307
298.746
140.491
59.9941
53.4874
57.8297
160.098
145.933
332.224
195.217
47.5608
239.531
185.764
382.675
155.526
138.708
113.973
405.274
43.9662
283.009
143.343
262.75
434.798
30.5099
194.926
409.536
236.064
356.116
66.9087
418.307
446.576
76.7499
126.669
210.571
122.63
159.831
66.5757
45.6882
424.351
215.221
246.316
157.704
82.3622
72.0429
444.102
369.316
327.784
155.564
184.403
327.566
246.382
475.453
50.5527
340.608
521.959
377.881
188.833
218.589
160.021
304.484
228.956
71.2341
90.198
348.03
311.029
53.1356
364.306
493.158
275.13
43.5726
179.261
462.343
518.607
73.9593
426.394
82.7409
434.533
121.398
313.839
51.7366
195.236
86.1831
74.625
382.534
61.6785
483.643
198.696
280.042
315.906
176.773
514.858
276.478
347.227
207.916
286.731
227.303
240.518
324.951
105.876
295.556
30.3345
306.619
111.486
224.757
205.038
47.0243
235.501
82.1777
183.266
491.417
289.118
340.972
199.953
473.465
354.14
39.542
96.6858
171.663
191.329
148.09
83.4443
375.19
353.713
71.0342
153.822
320.77
406.237
522.896
168.168
322.642
238.871
211.706
244.593
154.694
258.739
421.293
300.702
114.005
220.713
54.1284
435.555
266.105
130.654
376.12
490.552
158.76
457.794
399.258
260.025
169.466
120.356
343.246
389.731
327.552
326.095
186.656
207.086
432.913
294.458
47.2734
58.6914
206.716
338.82
406.756
186.871
245.304
427.329
253.646
96.5624
90.8594
387.943
130.678
429.328
427.137
104.855
267.514
73.0838
494.214
73.8864
442.631
165.528
142.792
414.457
135.378
364.312
140.253
161.292
183.717
319.85
132.576
426.059
78.8209
65.56
134.359
31.7515
199.911
257.764
189.371
366.851
324.879
435.093
198.028
232.613
218.522
183.321
271.416
346.365
280.925
198.548
360.384
296.565
126.805
388.267
292.597
529.169
130.474
53.3726
152.394
190.349
439.776
397.671
247.761
64.8505
348.241
153.68
34.7792
233.677
51.2414
469.307
160.546
266.924
97.1618
496.9
265.354
46.1945
70.1514
191.154
50.056
73.074
280.542
347.533
273.441
103.204
321.677
327.907
386.869
195.215
289.484
95.2094
369.073
196.656
490.444
425.185
387.686
306.793
272.382
282.264
393.379
49.8907
205.094
105.088
137.196
391.531
293.744
336.641
68.3595
501.503
166.726
123.288
122.143
313.899
309.754
328.837
421.363
113.952
118.141
91.573
370
367.902
399.505
448.095
393.45
324.711
513.475
505.675
83.0571
100.278
495.118
384.647
473.27
246.561
338.008
204.599
82.8426
75.614
127.21
68.1522
42.3462
72.2148
260.389
240.637
263.812
124.919
372.869
319.031
50.501
126.382
235.322
79.7228
358.189
271.916
111.051
364.964
33.6036
461.685
420.421
318.436
137.314
427.171
430.074
147.057
381.775
340.947
78.2602
119.268
59.7255
312.648
322.485
388.986
229.026
332.953
218.875
257.745
394.034
345.122
476.483
366.651
83.0545
447.195
425.213
216.365
159.008
427.903
414.28
192.392
118.148
390.326
150.93
90.4623
252.005
168.506
501.568
366.997
485.614
483.659
375.314
257.96
177.357
103.147
459.202
49.0916
98.8949
212.226
366.007
361.814
435.659
161.27
100.257
146.04
190.352
401.789
214.832
109.852
77.4012
278.078
180.278
317.424
433.717
355.61
238.369
46.0356
208.054
233.926
126.196
100.505
49.9447
401.921
501.058
442.909
112.488
443.437
393.528
351.581
227.989
287.737
321.249
42.199
111.836
244.129
263.527
514.544
279.262
257.447
348.779
83.9384
72.7812
64.5576
387.973
112.501
271.054
116.535
330.318
50.1392
355.149
227.947
122.737
428.294
334.958
183.179
96.5073
62.6145
301.736
239.956
76.0601
392.085
69.7579
238.474
139.982
360.979
194.043
79.5453
108.772
508.75
434.296
197.148
325.751
222.155
478.19
105.891
374.586
314.028
129.832
171.16
109.125
124.749
548.61
415.099
488.98
369.846
307.446
319.755
66.1584
95.8042
65.631
301.765
295.72
526.236
113.575
105.014
266.541
148.201
239.349
435.394
224.144
308.993
523.885
148.922
271.192
523.48
473.069
54.7938
117.964
495.235
234.732
133.455
131.945
160.28
361.76
65.7513
210.179
267.583
149.94
232.753
31.7196
268.64
309.005
242.145
328.409
439.704
546.499
343.72
76.6357
536.604
130.557
38.9102
171.984
502.725
247.627
335.893
155.173
108.783
231.392
260.294
128.235
310.716
128.392
119.62
91.7175
520.252
181.766
88.3261
116.011
426.68
413.247
450.099
108.476
70.7748
392.951
308.535
71.7605
205.043
143.043
243.532
186.207
206.881
71.709
462.161
284.208
277.221
306.534
277.19
343.254
250.925
79.3258
217.097
58.9387
114.02
261.562
380.851
140.182
117.55
141.354
312.753
270.642
265.287
285.349
40.6288
40.2608
79.5388
388.504
159.087
203.625
414.473
392.646
236.482
102.9
379.338
519.014
457.209
260.132
222.688
169.801
362.72
161.523
108.949
355.964
456.293
258.499
337.401
263.491
325.275
236.19
157.737
169.18
494.411
424.381
49.6321
411.153
191.144
56.2377
353.364
326.352
508.394
126.354
264.944
256.014
401.637
168.014
298.338
247.79
476.239
342.713
96.9463
206.275
232.171
81.9509
443.426
335.721
195.713
439.267
168.548
208.687
386.505
148.091
216.694
101.568
463.697
285.829
435.721
251.808
379.602
353.472
240.317
150.859
391.386
32.4627
55.5505
93.7974
364.194
82.2961
411.939
239.956
312.212
341.197
223.647
198.087
441.355
352.735
48.6893
139.243
153.032
279.111
262.65
121.769
448.48
72.6419
275.513
179.375
425.487
252.696
45.5412
484.919
352.226
315.828
149.197
230.971
334.481
267.308
185.577
212.182
134.856
42.5525
365.684
106.097
113.07
374.736
224.209
161
101.797
96.1673
63.2228
360.789
346.626
225.821
91.2179
392.471
378.964
188.52
514.177
203.408
135.303
186.6
199.093
131.172
57.8835
283.129
256.864
72.3023
331.903
121.882
211.882
96.6595
285.039
33.4197
387.066
219.693
67.9671
55.633
113.501
309.29
108.816
223.678
104.082
122.062
345.766
189.501
100.995
272.744
297.533
324.237
169.341
39.5966
83.3375
274.682
194.285
224.058
372.594
173.311
246.993
286.401
348.351
128.13
111.335
59.4258
180.985
156.945
141.719
133.62
522.078
65.5548
444.014
217.571
399.573
402.691
433.112
251.187
121.953
426.58
242.128
146.006
241.483
452.665
373.838
117.615
67.2311
312.491
239.969
457.573
261.288
425.566
185.617
30.0613
338.345
362.73
201.085
183.981
378.106
120.442
106.111
288.356
266.09
155.02
539.532
112.645
317.885
164.452
58.8689
242.061
225.92
220.409
298.523
303.777
55.0382
263.236
434.164
297.48
232.878
370.126
403.873
166.206
128.363
108.883
261.471
119.028
250.827
74.2895
123.147
252.242
287.625
301.334
133.556
79.3682
206.508
301.375
224.828
385.212
231.781
179.899
158.349
434.866
295.27
237.755
240.186
131.373
186.295
321.846
358.579
175.491
35.9975
138.523
335.987
318.702
213
359.845
390.457
95.9753
236.325
180.717
167.444
393.97
424.786
308.869
135.34
282.287
43.0321
129.386
224.849
59.518
445.714
206.974
40.3572
329.334
242.828
234.913
450.612
348.845
77.7048
483.19
287.986
89.1486
262.749
75.3806
541.008
76.5806
48.8839
425.505
390.418
441.082
54.1653
520.974
280.031
129.044
428.419
38.4923
398.404
99.0495
362.291
403.607
253.445
491.721
169.651
221.432
188.181
328.69
345.129
422.774
343.489
262.039
338.074
548.897
554.515
210.073
226.488
382.38
296.049
276.837
286.968
286.968
167.359
96.8696
115.608
348.941
262.492
425.672
213.981
193.315
332.588
119.028
375.872
506.001
73.749
217.061
254.098
469.125
358.667
217.668
336.83
113.21
452.688
177.594
221.928
91.1197
198.023
42.8624
398.276
267.416
74.8304
282.03
232.129
196.918
253.144
141.329
347.841
258.59
316.137
44.8081
447.93
304.559
40.7584
187.865
108.335
299.865
211.361
480.226
258.872
318.433
260.205
275.777
155.21
32.3821
213.416
553.835
208.855
384.321
364.883
463.2
83.1041
348.829
325.133
159.802
350.803
75.1885
466.937
115.385
132.244
234.364
303.045
249.905
140.241
81.0307
140.598
408.632
351.425
197.46
422.095
352.719
295.251
59.6865
68.0504
118.391
197.736
124.543
501.608
362.119
65.3621
195.828
311.388
95.3318
126.057
316.845
244.971
59.4597
201.327
353.814
111.907
416.314
471.469
228.721
212.403
488.688
70.6694
248.355
77.5382
139.704
441.997
32.5963
39.4239
396.735
53.8734
226.873
370.844
388.014
312.615
289.531
242.401
489.244
72.6344
403.42
339.665
185.353
398.569
557.115
178.674
162.555
249.84
325.702
114.298
418.536
247.088
40.848
259.863
116.468
75.9222
113.828
356.66
65.4579
289.537
314.923
265.675
265.015
379.571
63.0393
232.909
521.877
179.709
415.289
251.208
43.2033
62.1113
226.927
265.185
235.468
216.368
198.968
35.808
146.963
320.866
50.7615
129.181
132.105
367.285
328.401
146.309
279.927
179.548
119.495
217.177
120.453
40.6505
276.734
125.412
211.737
154.286
286.025
418.807
93.5102
79.6139
258.469
51.2152
241.375
474.029
41.6795
55.8284
434.492
109.571
327.305
446.486
478.923
161.459
271.664
219.292
67.0127
133.396
66.3565
242.837
351.531
177.082
285.896
299.587
248.113
298.828
186.979
130.672
381.89
539.834
411.154
423.129
169.208
45.1865
101.401
324.352
358.385
288.776
247.269
306.047
134.498
369.429
91.8717
444.416
64.855
263.362
156.18
298.798
479.45
273.136
137.777
164.833
228.922
86.6687
282.443
175.547
462.827
157.915
158.28
299.9
444.707
238.551
232.843
409.916
317.393
303.668
166.467
157.387
492.235
441.651
50.8308
289.898
254.35
103.273
194.226
360.887
229.533
37.7949
197.294
436.133
324.782
438.679
130.346
116.225
210.029
128.568
41.0902
472.082
88.3351
94.259
40.6582
114.458
37.5991
94.0474
117.506
304.061
110.388
254.857
268.875
278.184
91.1905
54.6383
118.862
179.262
151.243
252.618
479.74
134.044
330.342
94.0387
392.959
321.783
209.222
35.2351
248.768
239.033
100.623
288.164
415.693
107.414
103.048
106.828
115.584
245.906
181.898
163.095
266.575
148.964
360.537
550.824
525.949
463.278
459.785
409.837
76.8632
88.0057
265.202
277.05
363.947
123.569
140.902
265.311
166.611
47.8736
299.881
184.751
388.552
134.982
30.4735
212.761
67.2214
74.7138
432.945
118.618
300.835
528.033
42.0656
200.924
224.239
147.231
334.798
534.356
396.227
124.854
409.297
264.707
84.8375
76.4386
450.533
411.414
229.326
323.525
372.058
197.684
330.042
62.672
407.351
459.074
317.251
349.341
270.641
516.216
280.111
114.511
327.658
246.027
217.3
127.988
344.147
384.315
396.104
72.7383
106.435
526.822
262.82
486.267
90.1119
154.326
352.113
93.1974
292.498
54.0442
67.8088
134.384
198.586
355.245
178.503
224.807
44.2511
142.528
203.228
122.926
95.2713
99.2411
295.41
326.954
350.496
290.795
141.146
88.7465
380.334
69.1072
371.566
200.963
404.711
223.733
119.711
58.1021
311.845
442.671
178.853
419.564
51.8538
90.3769
166.852
405.571
267.623
364.173
82.7414
303.618
370.592
235.886
199.551
240.069
137.166
535.248
187.867
132.825
354.631
421.201
104.274
429.925
323.197
522.075
328.167
350.495
192.316
503.38
427.572
156.839
466.823
434.399
231.392
176.4
250.857
165.4
328.465
432.511
234.896
130.916
488.562
199.791
496.224
49.8725
317.802
515.36
464.078
264.836
287.539
419.016
378.959
316.934
104.757
206.15
402.151
353.645
175.156
98.0906
230.243
178.496
75.8542
210.967
241.791
420.114
440.978
42.2817
101.213
363.866
120.323
122.547
136.606
324.159
289.454
377.085
275.681
177.02
290.828
310.107
222.435
363.292
192.188
235.704
212.78
296.255
365.456
95.6609
490.992
299.753
91.5264
170.837
376.13
382.966
231.823
130.369
383.285
221.491
140.91
216.522
137.724
250.475
268.967
52.2825
245.496
56.0583
93.6289
284.192
403.059
198.268
269.027
96.0094
548.603
409.276
98.1511
270.855
34.8359
388.388
237.66
351.755
395.967
94.9511
370.87
455.91
136.748
357.702
115.792
358.112
137.035
98.8498
326.03
240.779
58.6099
351.474
200.667
184.025
207.271
132.461
328.13
250.372
172.02
270.903
466.468
343.252
327.736
115.23
378.972
377.113
89.5896
235.656
37.1947
222.613
296.912
253.082
457.57
77.6431
58.343
489.65
93.9829
365.159
100.906
326.128
160.786
141.524
381.515
306.639
535.301
228.323
254.55
514.729
320.441
113.633
229.794
444.047
459.675
151.906
35.5676
377.484
489.373
334.946
137.932
513.577
93.2859
201.123
313.19
47.2317
249.627
137.906
341.774
409.907
107.657
331.742
306.977
379.557
457.184
178.063
144.458
238.277
356.782
265.186
226.877
441.456
115.258
292.415
455.573
86.4445
544.004
125.304
320.989
233.862
201.355
188.955
440.195
513.139
388.172
502.816
115.022
38.5491
127.595
377.164
175.278
40.052
104.329
257.693
47.5511
360.22
181.234
292.236
333.253
365.754
107.989
93.4483
209.856
439.973
72.1215
152.842
134.997
128.053
338.248
181.987
254.075
284.059
355.94
224.831
217.102
319.094
316.011
112.419
265.008
301.774
369.311
96.3105
63.0399
208.25
470.685
176.738
175.813
255.028
74.8195
106.343
200.708
234.354
196.545
388.513
445.64
73.9378
301.188
196.442
176.324
144.261
255.843
443.1
188.189
142.367
444.405
132.943
82.8286
190.807
387.862
161.505
303.249
218.246
394.347
303.392
161.817
124.126
212.238
208.908
190.818
453.938
102.175
111.775
317.814
55.6251
227.87
320.322
546.527
148.931
239.508
465.288
248.104
429.651
61.9155
189.587
206.961
315.126
302.965
394.313
457.279
208.506
58.2949
71.7105
235.72
323.47
301.322
60.7515
156.704
100.414
554.103
92.1899
78.7135
206.022
373.245
115.627
356.654
258.536
437.882
140.387
118.022
183.103
413.094
218.012
119.48
459.935
95.7502
570.467
315.774
53.2914
368.813
278.65
105.795
193.369
488.567
268.366
210.883
37.9903
309.642
112.898
98.7657
116.639
354.298
108.522
282.985
299.013
145.351
481.171
432.34
324.357
123.131
455.407
452.825
218.978
32.5871
69.6264
397.841
449.244
113.861
447.515
276.495
281.367
212.477
429.482
170.68
353.68
123.663
328.838
96.9726
58.3422
245.944
141.729
443.693
55.9213
281.603
276.892
82.0218
481.673
304.03
130.786
130.812
118.329
455.359
298.914
329.377
277.823
553.965
210.202
377.968
368.078
170.595
172.055
83.7621
460.61
144.046
304.892
462.904
369.974
412.049
476.39
395.613
151.921
236.338
129.002
67.6209
245.987
257.948
176.936
404.225
183.576
344.074
159.301
121.237
236.717
366.275
364.088
122.629
202.19
138.207
363.839
193.583
201.73
94.4117
265.383
458.284
249.487
369.515
100.786
172.24
375.894
224.708
132.783
107.157
72.2592
103.282
306.261
388.565
76.3868
330.294
148.271
204.057
370.883
298.424
403.064
109.832
55.0916
79.5078
324.649
451.036
202.515
120.918
229.252
66.0204
147.466
127.348
327.379
130.476
54.2842
122.522
368.065
59.7606
304.786
375.031
287.914
267.836
341.71
505.615
292.147
468.986
94.9082
193.585
311.449
556.833
315.583
175.449
179.189
360.091
58.5999
102.386
347.533
256.346
163.815
99.5684
269.451
458.073
157.167
418.321
104.836
227.349
247.715
123.892
261.25
421.652
430.168
467.871
497.959
91.7485
283.508
269.925
493.627
73.2938
285.787
376.798
298.43
52.4589
221.02
37.4178
341.166
135.435
243.508
142.729
271.837
47.2007
215.135
252.005
138.796
298.88
421.809
364.112
113.649
198.388
212.615
58.9569
502.226
118.5
289.324
516.344
48.728
188.726
105.562
322.988
452.569
101.08
327.931
126.023
255.539
256.555
49.187
487.569
510.818
366.874
235.056
101.036
250.029
376.511
81.5447
161.875
314.74
337.59
168.89
201.24
271.383
404.12
186.35
367.692
216.059
42.8684
478.497
45.0445
156.45
198.505
143.887
330.866
45.1502
250.452
122.227
157.562
474.731
329.571
306.059
540.433
194.358
30.5331
421.564
232.56
368.222
256.698
263.658
117.462
292.308
294.872
272.554
158.558
46.0645
295.854
476.753
102.672
423.624
355.435
71.3638
472.663
269.422
201.965
185.756
102.232
73.3404
152.792
347.146
486.867
196.358
114.516
89.2307
297.319
159.947
333.094
354.083
45.0673
298.927
158.427
49.6461
326.013
233.728
465.023
469.963
256.489
385.035
266.869
59.2477
184.185
485.495
120.691
381.728
84.1861
360.435
432.965
289.964
54.2759
173.164
258.033
178.313
284.243
236.53
136.563
128.487
325.801
312.621
182.24
322.403
352.904
360.414
221.391
182.332
174.1
335.609
134.994
310.652
305.047
319.211
242.68
95.5863
111.705
464.57
38.9957
486.076
366.392
437.558
317.388
452.918
50.7369
242.594
179.104
434.785
552.983
372.095
481.733
191.542
148.898
195.005
297.242
111.277
405.874
191.182
362.084
104.723
192.677
197.186
41.0343
53.3816
197.806
343.288
329.209
204.615
58.9365
57.3092
184.35
166.52
76.4472
198.643
173.738
180.451
153.36
259.017
309.934
369.709
98.2459
174.206
516.409
56.2521
320.337
241.087
418.906
165.908
369.829
217.9
506.125
140.078
370.261
193.12
380.567
299.546
71.7393
147.544
404.686
191.705
299.684
440.354
82.253
368.265
130.265
104.168
240.168
184.096
290.82
173.666
305.399
490.739
219.664
101.776
175.132
260.97
248.114
231.812
144.204
196.964
261.481
235.015
237.233
476.933
41.4044
503.853
186.251
329.509
85.8334
226.891
266.407
390.541
355.79
167.599
278.666
280.241
300.024
169.38
214.005
67.747
165.475
199.233
196.291
328.966
56.934
132.196
311.676
37.0021
437.885
186.932
159.294
42.6269
492.295
283.083
252.058
515.945
382.093
104.214
276.298
373.733
192.499
244.004
115.945
302.637
89.4283
276.105
397.234
310.195
212.237
85.8693
87.3963
66.8317
83.5457
121.642
80.5829
226.368
377.669
376.427
59.4794
140.513
139.478
369.323
116.071
391.986
34.7419
265.215
58.8121
67.9829
119.747
359.836
108.434
115.431
259.359
120.098
150.262
304.494
160.472
382.011
365.234
320.639
529.874
375.682
130.287
356.107
264.101
316.445
407.455
410.847
309.094
325.129
148.09
185.96
263.094
358.202
433.804
142.425
202.046
84.1201
177.102
94.8965
148.659
227.035
82.2667
269.384
343.067
343.969
220.196
40.9959
299.677
33.3352
271.309
340.074
369.863
91.5648
278.856
241.037
261.259
170.677
118.89
250.612
175.192
151.898
515.408
224.236
283.836
371.94
368.44
398.346
253.478
327.228
437.174
42.813
431.2
250.161
171.88
299.205
174.609
462.649
132.921
218.102
112.113
142.188
215.752
67.6165
127.064
264.33
130.642
135.676
430.59
370.461
395.843
91.9372
303.803
120.227
75.3637
206.629
81.9262
304.588
433.783
294.307
151.296
48.7841
454.01
219.658
73.2712
256.63
236.466
98.8086
181.235
434.156
313.842
44.4794
382.804
146.401
123.545
144.017
495.437
444.593
263.484
65.6334
383.537
161.767
225.59
368.411
281.774
205.893
45.6347
327.702
175.205
76.0991
64.5872
327.049
329.628
120.888
182.507
346.808
141.945
79.844
301.807
70.673
440.968
419.048
225.65
143.552
238.348
176.322
102.684
321.642
350.594
312.209
312.794
163.96
390.515
302.054
403.523
360.609
473.267
164.49
220.35
136.103
431.487
307.972
119.294
464.845
232.884
322.749
87.7449
502.146
340.267
353.461
487.917
423.687
149.207
385.09
458.132
322.709
312.334
293.153
319.556
78.4434
98.9868
39.352
40.1364
171.413
528.798
384.68
217.205
268.921
258.684
126.291
237.59
36.0049
376.575
332.056
30.2844
442.572
244.051
544.447
319.477
282.883
299.662
294.468
264.162
295.438
472.163
334.954
100.154
506.754
177.543
89.2401
296.59
144.326
274.728
343.144
329.927
335.369
218.175
298.481
331.639
180.913
331.971
227.448
373.313
471.036
261.353
414.504
456.588
489.99
48.1961
250.687
43.4131
111.159
136.638
188.402
274.547
284.942
355.704
109.896
43.2463
80.9751
66.3574
68.866
355.999
76.398
419.703
387.445
258.333
76.9106
346.654
356.706
393.078
289.943
114.67
262.716
183.092
172.187
192.323
226.215
288.486
61.0892
307.636
220.337
283.661
196.773
268.44
237.894
303.441
156.996
47.9464
409.082
223.63
300.746
138.704
132.323
348.379
234.468
143.052
224.165
205.101
405.917
523.196
300.335
319.363
148.064
200.368
50.7747
347.852
525.466
425.328
284.169
234.396
34.6931
383.851
149.39
210.982
401.028
336.885
247.507
135.661
359.381
409.965
563.244
406.332
32.7535
285.592
262.01
429.346
102.172
268.542
127.214
248.008
52.0715
105.113
313.4
350.346
542.352
116.821
207.075
55.3522
277.654
249.834
75.8193
73.439
494.062
211.335
272.689
457.219
490.179
186.336
115.277
35.4604
271.457
229.917
376.594
94.5584
334.991
59.6404
108.957
120.579
348
398.096
38.3825
302.122
286.522
313.561
165.348
522.393
405.247
213.147
95.9501
182.417
281.663
364.633
85.2983
378.006
155.1
385.484
196.274
346.642
38.529
83.3049
342.378
254.732
446.394
144.516
433.503
296.331
257.193
32.3088
226.549
159.707
284.616
179.273
361.698
520.183
99.6653
72.3423
167.614
319.546
257.227
182.582
74.282
194.043
385.108
345.058
385.379
78.151
399.33
252.422
33.3006
182.891
95.604
404.009
354.628
133.054
286.246
488.892
210.86
63.961
296.072
106.061
222.637
399.445
132.604
69.315
165.318
154.397
240.634
75.9534
408.749
62.1625
306.4
401.891
443.06
60.5363
179.929
246.4
130.372
450.978
375.496
95.3045
341.272
407.417
270.502
143.255
218.503
384.119
425.194
200.454
131.795
473.023
45.8494
401.281
374.559
415.184
368.709
189.66
224.674
117.37
314.513
354.359
308.182
223.483
291.289
168.927
497.144
308.641
264.771
181.292
31.6504
107.697
83.7651
70.1756
318.615
102.501
423.221
293.462
387.281
178.207
414.353
95.2782
284.566
253.354
409.957
54.299
495.289
336.477
425.67
39.9242
248.288
81.473
391.08
312.453
244.704
214.741
353.995
93.4632
95.2571
191.919
301.447
295.009
155.621
328.317
338.319
278.335
391.153
488.857
383.598
518.957
457.939
281.494
475.487
162.755
102.088
43.6094
71.6366
60.7511
242.448
223.722
61.69
98.0954
324.265
257.052
379.007
142.95
100.475
150.619
403.111
280.295
148.56
439.955
49.0505
51.4468
129.092
197.579
379.508
229.631
240.045
119.073
201.004
541.941
111.312
379.72
122.874
245.91
202.299
426.417
181.317
33.1923
337.624
81.8437
360.957
140.678
74.9376
423.617
271.442
222.098
323.565
476.822
329.873
164.21
110.504
406.224
298.898
251.465
251.08
224.051
324.077
170.796
382.071
215.834
100.304
192.802
240.515
259.549
289.63
534.959
111.172
427.436
207.566
246.22
395.531
428.427
283.966
489.467
284.688
564.919
270.612
355.582
472.555
137.538
137.144
237.444
120.232
197.969
112.225
99.7214
457.821
498.884
203.08
137.894
501.508
147.761
180.546
432.361
391.045
277.999
376.847
124.362
54.8532
113.554
361.944
51.8644
171.189
51.1539
361.107
164.662
465.479
320.66
332.178
159.429
473.721
81.4372
248.506
375.096
329.846
507.665
169.287
170.187
315.376
307.42
379.268
31.349
143.482
331.2
406.506
420.633
215.574
354.682
530.616
401.647
416.821
266.806
159.265
74.0991
378.201
150.693
54.093
475.182
407.725
103.342
206.001
74.4507
116.281
267.771
69.0552
39.62
286.41
33.5928
388.641
333.773
68.865
183.482
325.966
86.8127
370.003
138.747
517.025
123.527
308.808
504.718
30.3286
229.389
34.9449
208.129
43.5902
101.719
350.213
36.8321
248.905
64.7245
32.5042
46.9306
262.928
198.464
395.007
336.828
298.659
157.064
424.571
121.777
37.4882
326.354
61.5139
380.24
300.65
34.0495
229.96
459.423
117.772
84.027
136.784
155.184
383.422
55.702
294.625
238.157
102.524
429.414
429.181
304.031
349.158
278.056
247.749
41.1876
308.161
289.143
489.867
46.5429
45.8787
180.843
241.343
95.784
155.525
236.821
364.684
484.035
301.659
484.099
185.628
157.55
34.0103
45.5146
214.992
301.465
446.095
319.276
234.885
248.263
551.232
178.758
347.806
373.988
417.349
473.969
180.309
320.911
216.773
312.622
281.835
355.484
358.262
328.839
275.469
124.209
202.634
192.654
468.497
53.8358
190.952
132.631
114.192
464.366
260.138
72.3
257.897
246.514
478.842
230.558
31.8332
170.989
540.252
98.3724
290.863
405.681
303.193
247.286
56.796
347.418
232.145
209.815
287.324
316.285
377.465
176.037
381.797
421.315
345.801
342.216
511.74
346.439
208.48
340.234
165.509
161.577
360.614
439.892
134.444
365.413
183.907
264.013
379.029
383.903
267.636
186.547
380.829
124.438
241.652
206.276
300.466
198.109
200.1
303.474
388.878
42.8318
219.376
134.436
177.14
410.222
430.246
255.946
189.183
36.0484
92.6101
170.204
131.552
254.869
216.241
218.227
256.457
128.082
145.625
232.063
430.067
105.986
268.185
266.774
67.342
31.7798
208.389
77.1217
66.3412
182.44
276.016
289.739
95.2393
253.391
348.443
431.217
309.897
231.828
315.212
134.547
256.867
265.9
435.804
277.748
535.949
270.601
250.167
138.728
334.826
74.6644
412.967
432.233
35.6056
47.7638
262.116
486.544
137.534
101.562
177.245
59.6008
87.9309
41.5374
146.217
419.045
199.695
476.052
290.423
190.028
189.125
91.9943
271.919
550.398
195.346
365.725
195.472
223.672
451.294
295.329
381.347
129.532
48.5509
229.853
422.701
33.2681
79.3719
346.074
397.463
279.928
351.253
50.0973
38.3609
236.722
244.69
264.684
288.078
261.177
44.0135
147.615
180.088
171.507
277.018
206.622
416.651
153.729
290.643
242.603
444.764
256.602
353.669
38.4188
117.265
112.967
252.186
193.153
95.335
157.083
267.801
95.6816
43.4801
179.478
137.038
50.0989
400.069
237.819
97.9882
48.6727
275.284
434.698
208.279
56.1681
71.8924
62.1402
337.94
219.093
334.503
395.739
145.566
155.329
295.098
341.094
471.752
418.652
289.964
233.291
238.688
83.5187
225.208
200.38
286.85
310.171
282.963
81.7057
123.507
287.44
244.365
203.393
328.86
89.8374
296.148
118.372
114.196
292.387
88.0812
193.362
51.9782
423
210.361
248.334
281.399
226.457
305.312
472.393
465.172
381.835
431.5
39.5514
280.139
47.4393
325.679
308.635
466.248
337.953
366.245
275.346
162.712
463.257
177.14
261.101
415.358
67.9624
352.525
149.925
32.5296
359.732
38.4483
335.938
123.792
52.6656
93.9606
199.598
66.0677
324.084
495.785
351.462
315.923
61.8603
64.4693
183.136
338.132
326.316
284.246
280.941
438.055
204.491
197.091
44.7991
304.984
194.173
276.022
207.954
76.8355
377.119
418.716
237.049
332.794
254.742
85.8112
303.153
279.258
317.006
281.903
277.107
351.273
237.382
234.671
63.3291
367.303
130.141
34.9487
245.721
103.522
275.314
333.829
336.361
299.226
426.984
150.903
122.231
471.962
357.88
298.191
396.938
502.54
489.266
359.42
153.373
375.713
231.255
200.321
465.657
237.467
232.782
328.497
213.763
376.027
347.573
424.365
225.571
268.493
259.513
145.409
183.983
472.057
413.225
98.6568
279.528
140.788
330.442
353.822
339.519
117.073
120.945
182.925
222.573
329.916
170.752
31.4266
185.843
255.173
135.667
449.27
531.611
59.5054
47.4083
499.016
47.5045
368.297
349.565
190.89
31.4171
64.1303
76.2486
543.975
331.708
320.313
244.54
392.821
359.282
170.787
230.962
255.869
338.477
140.838
89.1035
207.482
53.4871
178.722
353.333
115.358
345.7
402.609
47.8964
259.353
377.955
77.1099
39.1864
44.6527
161.667
257.517
329.914
347.025
276.755
131.285
175.984
365.615
73.2578
63.8093
497.079
92.2619
487.803
267.401
153.378
164.349
356.643
543.745
214.433
85.6361
417.566
266.483
508.698
187.047
170.229
259.695
183.658
202.676
213.531
346.178
261.981
221.592
246.457
199.021
190.777
191.251
143.381
231.325
63.4823
361.584
481.17
414.67
74.7428
343.003
118.93
145.153
99.9541
392.927
115.796
65.8764
107.43
210.067
78.6773
178.268
245.252
473.493
51.0018
180.304
106.819
223.729
411.429
357.926
444.722
337.974
205.626
34.8132
197.859
58.1681
269.785
190.625
114.41
453.364
217.634
69.6096
166.036
239.786
194.795
167.545
271.866
387.257
68.3596
269.875
219.135
203.851
179.456
315.392
182.373
195.294
135.45
156.112
104.133
270.276
184.689
233.128
110.3
218.52
488.164
403.831
463.86
63.562
171.577
293.537
252.067
147.376
458.161
449.276
445.167
382.166
208.374
226.704
176.228
297.629
72.5603
370.088
369.145
370.723
91.8267
68.4752
454.71
488.428
395.435
275.906
403.728
362.771
82.8657
219.046
286.779
274.573
479.229
69.4038
246.423
249.213
384.949
33.0715
244.14
286.491
404.598
377.331
294.832
428.149
45.8125
125.355
462.376
267.794
419.263
148.727
354.617
367.709
55.6896
100.214
97.4374
427.808
219.739
180.825
240.588
48.456
412.376
50.6366
168.506
401.718
364.706
151.587
281.922
316.311
95.4731
98.3607
108.086
256.778
47.5079
54.9595
179.062
430.771
394.488
408.859
446.964
391.354
367.828
320.605
79.6708
359.785
150.707
239.512
288.415
117.868
47.8751
377.222
449.632
339.118
282.607
163.16
235.452
270.801
212.52
136.87
48.7042
86.5556
409.589
251.484
338.173
70.6176
96.6743
195.488
168.558
107.383
288.35
415.454
93.3
245.767
493.38
355.321
99.3759
171.657
230.713
244.339
212.032
322.171
267.624
216.09
97.8866
47.0325
45.0401
182.527
67.6789
353.046
292.342
206.105
179.807
93.3841
204.648
370.787
423.116
105.065
172.746
260.753
161.809
39.141
238.765
39.7172
427.636
451.638
275.236
384.768
76.1399
256.952
432.017
373.975
278.539
41.3481
355.123
278.428
371.881
305.137
255.347
229.863
327.427
