104.108
233.528
291.503
102.314
88.4545
124.452
389.183
222.863
126.463
473.833
318.016
75.7065
31.0583
393.876
233.987
385.872
375.058
165.115
195.262
178.428
316.995
189.287
54.6141
265.709
289.845
32.6573
252.376
149.748
200.167
45.0422
182.284
539.763
159.837
176.144
309.392
380.614
165.431
446.43
318.939
349.529
387.278
69.8663
32.3946
320.422
118.166
322.905
44.8378
196.924
254.167
380.448
81.5181
91.6628
84.6336
515.396
128.401
356.681
164.013
174.368
387.386
254.202
214.024
372.274
496.311
65.507
102.758
183.093
73.9153
36.3814
497.891
389.371
94.1188
340.802
74.4784
317.748
232.044
152.323
328.29
178.366
106.735
133.055
162.923
469.886
340.299
44.3132
401.832
103.679
293.505
443.24
98.9121
63.1014
378.025
145.572
495.232
168.363
111.699
351.143
150.184
111.969
365.997
91.4018
251.227
194.507
518.551
130.537
200.327
317.731
121.339
102.983
204.333
81.304
502.292
280.403
431.553
388.77
84.3833
93.9812
293.781
311.623
481.518
133.589
575.799
244.686
276.217
197.543
423.179
91.7008
242.883
110.956
544.515
312.502
36.8035
360.439
191.691
333.232
118.673
336.77
369.705
210.806
476.779
95.2494
525.723
514.217
243.914
516.288
472.917
395.709
175.033
48.5727
551.316
31.4433
198.793
80.2037
410.098
218.344
133.918
317.934
139.801
174.704
267.539
379.558
445.981
410.817
130.949
56.7328
265.268
268.413
301.249
222.838
334.283
368.657
352.109
95.4571
31.4704
59.5116
110.07
258.002
344.255
206.676
213.105
404.391
164.824
216.576
447.653
481.824
265.84
189.77
256.07
198.941
107.067
304.718
190.361
71.035
350.008
153.651
159.646
307.616
363.083
262.327
140.083
429.217
137.7
130.668
152.299
221.456
227.255
334.154
62.5829
168.762
96.5436
418.554
319.377
91.3463
235.039
210.343
162.937
467.473
368.471
127.658
156.539
268.504
136.507
332.511
125.912
345.226
390.834
88.0115
279.816
52.9461
73.8992
250.815
243.669
145.097
139.663
264.794
523.029
297.246
455.416
409.24
123.401
186.038
87.0208
413.947
101.514
118.465
521.312
293.579
184.747
290.657
173.514
73.7328
83.0213
94.8152
259.856
367.076
398.845
244.976
551.771
37.5145
349.235
277.974
434.66
163.966
106.433
207.99
385.155
318.991
50.0754
353.72
398.489
389.17
314.391
353.55
73.6896
430.269
125.493
199.284
304.634
189.085
140.85
195.881
262.674
317.584
119.519
392.207
261.67
114.229
389.858
223.39
405.031
179.246
93.3293
261.185
254.176
36.0032
112.018
107.242
474.077
392.981
259.306
238.768
274.196
60.5399
239.131
343.74
39.5211
184.148
127.98
496.168
275.84
107.969
71.9105
429.669
131.745
373.456
257.234
426.998
369.134
312.016
41.1188
387.173
240.229
414.498
79.4131
88.5564
404.703
367.105
338.81
443.839
155.501
279.601
568.751
243.297
211.674
277.28
231.299
158.857
148.488
110.288
130.547
74.7734
409.675
244.147
324.691
289.82
305.478
247.371
283.161
49.3558
366.466
263.734
269.192
82.4773
247.705
428.465
301.154
190.464
178.236
82.4487
151.773
185.276
184.446
47.7623
465.942
241.983
219.871
277.951
162.61
114.153
85.638
338.828
320.824
237.403
72.8177
148.138
289.743
472.855
296.407
237.847
31.676
332.519
242.966
89.2354
233.269
113.915
306.593
440.77
99.0618
218.936
36.3889
366.638
157.702
385.286
72.8313
259.657
400.898
457.761
86.9105
244.578
101.688
229.136
241.609
447.483
259.399
133.296
388.661
110.592
143.839
359.387
238.62
465.34
196.963
319.32
199.697
331.878
337.235
113.762
372.716
427.863
162.671
302.344
370.721
400.521
54.3329
54.3518
458.193
204.212
102.92
340.424
204.754
385.225
209.314
253.95
76.5382
193.733
169.801
190.874
263.063
99.6934
365.567
69.3135
241.225
38.0881
166.532
263.627
379.502
424.646
303.071
335.639
165.042
258.228
532.447
313.784
443.697
76.7007
468.136
211.609
208.508
53.2284
228.289
90.5194
405.664
324.686
257.39
36.0032
239.699
248.32
280.915
297.19
281.23
308.583
472.078
253.881
247.824
172.798
260.646
253.465
55.9257
348.765
496.619
38.6994
90.6161
168.67
576.455
327.653
391.318
68.7085
400.008
440.199
231.678
449.119
281.226
358.83
375.461
196.167
299.283
351.502
125.6
517.84
367.015
364.297
388.774
140.43
40.4228
90.3722
68.043
471.18
334.132
293.41
121.745
252.725
38.8376
363.094
103.387
241.22
541.543
157.654
128.231
353.329
145.624
157.805
521.243
180.379
430.406
371.645
424.707
530.31
306.64
78.5573
121.264
388.667
388.688
67.1987
121.706
101.276
234.811
203.764
484.288
118.208
351.616
125.2
160.059
77.1229
133.046
85.9875
124.387
30.9962
178.568
336.437
215.119
163.062
422.471
96.4697
266.599
394.295
494.91
180.957
222.383
503.866
157.778
75.4783
270.589
213.315
125.501
75.496
41.8977
338.198
69.1864
221.26
89.5294
402.711
108.795
318.285
92.5745
142.581
51.5723
200.924
415.319
164.244
249.276
157.648
282.317
43.6017
529.197
134.62
39.2293
218.477
173.468
102.207
32.2147
78.3396
189.592
457.404
485.46
395.985
220.692
205.269
179.91
148.93
152.497
151.75
207.594
389.486
391.573
65.5425
361.442
312.382
402.461
333.57
413.942
312.83
314.01
219.985
90.5085
208.898
372.825
301.323
238.581
74.2559
432.734
211.476
239.246
481.351
333.26
336.817
342.073
196.892
228.7
106.576
473.941
470.975
375.188
277.416
217.199
92.5741
210.534
334.116
249.678
501.586
191.043
375.302
369.183
313.034
234.73
54.6092
155.395
246.256
546.674
139.213
76.4264
136.69
32.2076
59.4117
230.747
150.242
227.827
186.602
340.585
576.511
194.119
196.694
200.668
368.03
149.985
497.922
38.4699
398.809
51.2937
374.622
71.1245
344.955
167.755
407.325
123.04
332.091
108.582
274.831
230.604
341.441
481.67
125.808
473.227
151.848
100.858
446.852
81.9857
347.255
138.277
169.934
289.156
268.789
177.413
318.669
559.577
100.136
223.162
114.25
422.965
71.6242
247.158
181.384
161.99
179.513
319.619
430.715
72.9185
48.8973
461.349
233.082
101.355
275.282
146.324
320.331
538.169
198.561
329.924
306.617
203.907
280.062
108.71
298.324
330.094
322.873
369.943
140.02
299.052
136.282
311.726
299.447
233.873
77.0501
79.1674
446.613
205.938
336.182
367.021
191.958
140.641
123.816
276.151
414.698
200.284
137.653
456.87
160.509
438.764
441.33
134.804
219.018
74.3157
393.631
302.425
171.481
207.677
307.554
324.426
200.809
92.2739
464.909
535.31
445.778
414.469
68.8273
148.999
239.829
488.217
63.4657
225.301
94.0391
359.735
108.938
346.619
365.751
54.376
311.786
427.088
426.343
85.0916
36.662
235.341
79.8573
164.068
139.341
165.2
428.318
173.833
432.786
352.064
44.8407
70.5767
545.703
130.995
146.703
344.205
355.271
484.849
42.7331
434.456
353.669
262.066
180.252
71.3157
439.212
338.043
73.6809
243.467
86.006
199.411
178.794
116.79
75.2669
485.047
300.994
390.745
116.256
367.333
40.363
468.38
244.225
413.217
151.151
93.1758
134.558
125.576
222.591
455.048
331.641
345.814
197.352
331.641
141.691
199.929
37.0697
35.7368
492.082
47.9994
331.716
404.458
221.977
238.932
252.359
141.559
58.2909
462.389
520.121
215.781
383.927
489.844
113.71
276.931
80.7693
397.396
106.143
262.363
77.1138
447.695
363.424
203.466
342.679
346.419
238.982
272.032
347.064
412.081
313.415
123.751
433.57
62.3812
145.809
398.864
56.5143
393.531
145.397
93.0269
253.565
244.188
74.5848
455.663
284.652
296.749
458.863
125.1
341.549
338.249
344.273
104.491
139.986
385.06
164.017
118.15
447.717
367.266
171.368
447.163
446.419
126.236
412.96
185.201
268.623
153.114
389.259
158.765
356.298
269.648
182.984
75.0092
30.6354
212.795
483.491
270.442
273.852
262.668
316.783
149.836
345.24
411.85
308.445
353.593
159.08
69.3894
130.652
526.409
490.066
226.932
245.716
131.224
288.545
125.352
185.285
180.079
196.505
268.968
59.7141
39.0798
159.423
52.6368
118.727
61.1085
240.238
36.3013
306.919
384.193
391.664
224.97
174.546
142.131
89.3662
310.58
123.856
200.207
269.524
249.788
367.7
157.996
69.3365
493.996
400.745
132.135
482.912
475.079
88.0465
193.632
34.6471
333.814
158.052
313.634
350.086
405.494
454.602
338.417
106.018
189.981
98.4767
253.754
262.718
72.9835
434.013
154.292
427.107
475.026
194.157
157.165
65.1202
185.83
201.962
155.907
356.006
78.7765
233.445
300.906
487.932
338.721
359.977
158.511
304.491
441.615
251.509
495.573
104.584
266.938
199.154
387.614
395.998
506.094
117.255
169.521
30.2851
284.216
482.908
34.2749
51.3498
344.166
65.7309
275.735
272.352
429.732
64.1679
204.644
406.375
434.128
96.7559
316.604
359.698
35.596
311.129
246.077
30.6892
292.323
127.456
432.28
367.121
293.435
252.899
76.7827
142.867
245.562
342.254
131.491
95.0444
435.066
453.233
193.952
327.193
118.383
399.923
228.612
376.533
528.384
564.65
363.532
404.136
254.452
82.6603
229.094
278.69
154.889
316.764
230.431
329.058
264.295
503.888
157.269
157.679
293.232
296.654
368.155
209.026
346.493
235.377
537.053
243.959
240.281
348.925
63.7254
389.051
467.756
143.835
71.7029
419.222
312.546
470.094
147.951
188.798
241.98
186.314
334.417
350.561
284.349
432.812
448.349
177.123
309.743
154.799
42.4996
369.58
269.966
49.494
401.757
307.203
151.616
253.882
314.074
144.791
347.676
544.701
325.294
469.397
124.308
274.668
88.0771
406.011
141.299
410.729
454.33
476.173
53.1539
516.731
108.288
253.53
127.209
214.158
340.767
324.268
103.761
305.53
30.355
109.29
337.825
412.731
405.095
95.3733
414.334
345.263
382.939
203.073
236.818
441.585
442.371
40.3664
488.392
131.378
77.5802
182.494
36.4201
133.765
287.897
105.549
338.787
239.915
159.237
106.63
166.167
421.592
180.192
155.141
92.6839
428.221
266.832
246.07
67.3286
492.854
144.363
346.448
43.9437
227.179
318.9
534.65
65.8683
32.0005
32.0729
147.732
293.868
82.7617
307.908
174.081
382.78
57.783
325.804
414.485
227.378
243.956
332.576
233.084
530.355
191.457
301.253
59.4502
137.578
278.083
421.288
347.388
188.893
443.074
262.161
321.597
336.215
302.643
277.105
386.063
180.261
384.468
179.105
493.996
331.176
354.164
324.924
296.455
237.661
161.69
225.002
373.249
301.287
174.355
166.503
451.509
484.922
306.603
92.6681
256.78
304.521
118.989
122.736
160.021
277.977
98.6221
125.479
161.092
253.974
158.236
72.6901
116.512
97.5527
151.118
216.349
83.8916
360.568
275.024
395.092
528.021
150.966
337.906
369.265
90.9879
41.3366
341.113
48.8705
196.76
35.4963
285.191
295.405
497.559
490.623
317.819
101.233
171.346
249.968
355.139
493.695
169.112
223.17
193.353
176.718
83.4902
170.641
327.407
238.57
421.078
309.79
209.438
254.003
59.1299
99.9332
226.034
352.595
358.724
209.622
126.379
329.736
30.3888
277.127
224.06
381.409
477.937
388
308.317
396.306
316.253
350.682
108.724
263.12
148.402
43.1542
135.115
227.22
265.488
168.973
45.871
236.84
152.536
288.907
282.048
227.874
418.008
183.107
347.091
542.712
161.046
402.246
388.749
338.664
173.856
110.842
218.353
51.0468
130.269
82.7628
490.236
284.472
268.669
408.539
106.469
32.3954
440.086
143.603
349.53
362.525
443.8
405.298
41.8814
135.723
407.876
104.661
144.716
105.975
445.253
455.873
172.567
439.638
141.796
445.814
334.012
195.189
115.122
473.882
182.381
422.307
273.002
411.937
358.443
250.809
319.232
216.715
289.139
290.729
221.132
353.63
293.336
384.284
32.1963
34.9436
49.7265
394.172
299.202
90.6858
365.588
205.03
103.298
456.995
450.648
373.343
56.7381
103.895
267.185
148.46
176.142
143.495
261.533
160.255
93.8759
129.228
262.507
191.982
121.775
154.308
155.336
93.3945
217.488
416.03
262.348
90.853
283.146
452
217.268
444.575
115.968
261.611
218.293
445.397
290.126
117.048
151.618
370.541
435.273
42.1684
86.6919
364.637
451.465
185.427
320.69
215.198
336.364
166.377
132.622
538.516
49.4531
75.5708
364.242
124.321
46.5301
198.327
40.3269
96.7927
118.635
287.6
449.69
222.685
309.492
210.19
249.948
350.589
254.063
438.769
69.0003
448.938
38.3473
55.1422
167.988
355.261
139.046
264.708
314.569
184.982
352.693
496.529
348.444
233.117
396.118
150.392
53.9376
251.456
195.322
44.0634
165.801
260.853
245.112
98.0104
379.33
269.49
40.5906
340.123
393.001
344.747
500.873
161.957
260.587
207.908
285.63
321.743
547.662
119.007
344.897
227.777
367.227
47.2042
442.263
87.8408
225.775
232.799
288.789
52.5573
328.313
81.3794
173.243
216.908
53.9868
473.539
133.194
461.67
301.892
234.023
451.592
185.256
191.365
166.212
283.761
179.762
144.861
86.77
229.64
299.657
322.193
59.995
133.914
161.996
107.484
209.883
55.6113
135.979
42.2053
89.8343
179.033
145.792
297.648
312.854
499.68
307.166
538.861
315.427
268.218
326.407
351.053
231.075
477.636
143.277
416.077
43.1827
305.464
365.722
51.8208
327.669
329.135
428.217
358.238
390.269
423.001
139.521
211.651
409.8
154.721
69.5978
75.5934
156.748
174.137
251.983
367.282
311.022
245.768
104.437
277.59
155.982
530.765
481.286
203.885
438.353
271.773
102.911
322.959
406.28
416.715
373.115
286.182
161.904
255.376
479.733
197.023
30.5824
193.339
149.96
151.543
383.494
130.423
377.712
47.43
327.945
197.353
93.0602
122.43
314.049
252.759
326.64
409.717
342.105
80.0077
233.05
395.096
464.708
266.991
295.232
110.772
240.736
175.664
149.663
359.005
340.57
365.771
311.3
514.574
96.0628
72.2097
127.514
368.348
101.827
265.472
71.1732
413.5
402.848
113.416
147.627
472.866
91.089
103.558
144.427
386.037
407.715
176.822
36.1342
369.949
134.733
306.882
287.805
218.072
322.334
132.869
423.187
456.935
202.128
180.875
235.419
293.583
218.31
103.098
226.845
296.595
227.259
348.992
204.032
116.057
283.406
190.257
53.3272
72.1633
366.853
261.185
309.11
534.13
194.909
467.618
188.582
383.195
154.499
246.616
241.465
293.111
258.199
75.9411
356.56
262.096
118.792
80.6266
313.919
374.637
440.166
253.75
253.507
145.645
340.896
426.795
186.502
239.27
405.103
287.478
520.437
294.854
368.357
391.713
504.475
207.868
89.7045
142.658
402.031
69.8226
401.182
107.649
83.5915
183.044
428.484
277.337
170.092
247.76
322.768
345.191
354.904
161.001
249.05
75.5565
339.273
149.578
198.014
340.522
248.964
50.9136
480.804
328.491
59.2605
166.5
45.4316
170.876
305.287
257.892
474.874
53.8519
45.2168
421.842
118.59
301.655
216.628
156.606
325.71
73.416
244.873
110.2
293.698
297.235
319.813
67.5529
69.7814
333.048
76.8791
253.62
212.167
171.466
110.292
343.79
441.479
51.8861
170.353
334.087
179.516
422.384
516.927
215.901
465.663
291.553
354.768
62.4938
541.279
143.054
95.3311
241.309
249.062
206.911
135.869
203.55
288.801
284.459
115.329
358.52
394.205
552.469
67.1916
446.991
100.079
56.3661
385.599
125.922
34.5231
287.564
31.4583
371.66
74.2642
494.651
345.445
90.0707
329.848
211.081
107.301
154.246
370.68
284.411
228.176
254.837
220.679
369.696
424.174
165.59
282.095
289.673
151.958
291.977
402.882
266.662
217.113
269.173
449.137
31.8436
32.1788
272.877
88.9277
326.65
63.9674
43.4575
488.726
544.215
152.886
481.142
299.443
37.6461
275.668
551.78
219.04
79.0944
452.502
196.043
165.652
359.218
143.572
417.308
296.818
112.944
81.4479
294.831
67.8347
325.588
481.615
457.098
160.067
262.393
265.721
159.614
168.244
294.907
306.966
106.641
134.938
200.792
228.109
457.524
250.711
196.155
251.136
203.012
483.259
117.386
82.7136
88.5136
34.4969
33.6304
190.298
103.794
312.995
188.547
409.602
159.636
248.639
125.423
249.58
283.958
41.6067
42.3461
201.294
140.154
271.141
318.195
477.995
381.233
64.3914
275.93
359.445
403.038
197.774
380.832
157.795
117.369
187.115
33.5021
365.379
33.0869
62.4171
79.7124
184.305
301.121
59.7632
306.395
416.816
545.758
317.972
276.03
93.1685
329.409
153.935
154.514
238.6
166.685
194.824
474.351
59.1708
172.555
109.832
187.156
399.329
274.841
110.961
166.214
339.591
206.485
184.668
444.62
402.688
71.8541
331.078
468.694
101.903
502.469
231.117
206.565
280.952
197.622
207.515
283.802
155.528
108.758
30.4624
433.995
87.9738
465.317
130.517
303.596
438.239
433.532
127.687
293.623
86.8161
222.153
56.4108
346.322
300.505
220.937
141.173
528.261
118.48
155.641
545.927
146.874
331.23
267.224
34.3374
253.456
355.2
90.5338
198.111
419.173
113.9
157.818
211.914
454.377
197.461
153.418
155.642
303.34
64.7828
40.7875
356.479
98.2446
374.031
165.319
403.55
156.244
365.966
424.757
30.869
95.2046
74.2376
60.0675
318.32
55.7374
238.866
329.771
284.475
193.68
394.272
251.243
300.007
82.1694
361.688
70.1726
342.358
212.765
412.158
476.774
250.586
56.4221
488.018
206.229
227.046
53.4957
392.41
198.85
207.046
94.3511
500.656
342.077
279.053
208.671
141.845
64.0374
421.815
319.304
208.135
500.464
233.939
298.307
138.526
180.906
110.029
303.777
44.9769
156.261
236.31
173.874
137.16
368.161
121.457
529.248
144.365
542.832
133.717
206.262
136.353
452.649
183.46
372.209
365.554
221.721
113.082
156.905
77.0871
146.268
76.1359
45.3797
282.191
199.43
66.8786
418.124
152.038
494.344
459.729
320.461
262.915
163.461
399.21
195.688
448.643
268.582
132.644
278.802
260.567
439.881
179.643
177.322
261.447
359.667
450.382
521.523
321.881
272.469
193.936
313.927
284.106
66.8383
200.583
156.746
365.536
205.88
469.579
45.1811
509.94
92.9364
328.08
399.503
379.52
351.441
112.064
116.746
114.428
307.441
383.721
289.993
498.539
268.985
431.544
131.6
366.575
130.146
330.973
284.792
177.885
430.026
240.407
512.338
85.4703
77.6519
364.764
37.0754
419.106
163.883
42.4421
285.7
97.4527
285.655
199.044
293.474
123.523
450.878
100.189
123.296
376.225
387.832
205.679
314.674
47.1872
402.263
168.212
362.477
269.836
379.958
208.916
393.889
79.6878
338.556
190.832
50.4637
416.798
226.279
87.8398
92.3915
270.142
458.099
442.359
228.305
136.216
360.504
344.012
245.001
261.138
75.8496
164.566
461.336
205.087
40.1886
131.603
474.557
34.8506
263.564
541.804
60.5097
238.615
372.043
243.05
302.455
354.934
77.2578
161.173
302.384
257.78
203.912
188.218
39.2014
272.783
380.788
466.932
445.584
172.481
59.7077
316.901
185.295
395.654
94.874
285.54
129.965
262.84
453.027
212.826
550.21
49.264
51.1225
272.303
377.954
307.763
541.186
135.95
527.103
208.924
241.89
364.759
297.247
351.58
324.136
171.28
250.055
186.422
207.825
422.456
356.131
124.678
97.5966
327.231
503.316
473.926
287.004
345.046
292.102
292.94
434.691
164.474
456.021
106.313
126.506
48.514
385.903
498.138
129.144
306.154
341.582
451.857
408.029
120.752
404.217
38.1993
49.7268
146.443
371.358
54.9292
415.572
134.206
291.179
390.57
419.978
195.08
280.65
342.897
466.283
113.882
58.6577
418.862
333.081
244.015
447.18
293.548
318.532
451.934
187.442
251.962
356.54
134.014
266.606
524.29
82.5398
357.199
248.575
113.066
83.238
444.286
49.0398
156.141
287.986
97.1802
106.681
51.2054
405.84
374.899
401.662
383.13
105.188
262.024
265.663
457.267
380.647
225.681
65.9826
43.9983
224.99
263.378
234.577
32.7379
196.815
341.877
304.41
130.294
147.437
418.616
220.872
407.346
280.151
132.497
273.752
211.949
393.067
114.982
51.3779
446.474
61.5096
87.5948
35.1611
144.258
381.055
119.145
105.186
461.341
305.852
161.481
266.088
56.7115
152.672
98.2237
166.932
504.606
147.822
249.677
45.9528
368.765
53.6895
311.105
82.47
350.446
337.725
60.5573
340.008
293.67
306.778
52.3109
311.837
379.711
55.9539
55.1484
87.974
314.623
259.253
427.509
421.874
233.273
138.771
367.578
159.076
416.851
316.79
451.804
80.3188
294.925
289.321
142.472
128.593
180.008
210.009
299.806
147.667
102.983
200.862
163.84
158.192
233.173
53.5879
348.181
100.787
320.33
367.82
146.277
100.82
234.695
253.374
86.3464
471.843
294.288
223.777
522.443
77.2803
285.18
124.997
477.307
209.877
144.18
459.456
383.761
291.282
87.9831
250.453
264.824
264.163
525.591
453.982
129.488
120.004
97.351
73.8231
182.593
415.261
339.978
183.53
402.01
263.104
77.5187
71.8169
400.027
154.529
324.718
254.938
154.962
336.62
146.173
166.532
360.09
175.797
222.458
160.9
154.97
419.3
338.969
353.525
273.064
203.761
242.936
419.959
325.357
388.94
351.204
187.369
69.6987
312.407
91.3748
335.564
421.874
170.62
236.754
264.819
137.704
366.7
30.5762
192.603
217.656
472.578
315.813
417.889
114.42
379.961
284.986
303.848
360.643
197.286
119.335
356.579
341.868
353.326
295.967
152.812
365.352
46.9188
58.5734
144.482
113.659
258.756
123.575
91.0112
61.3783
157.819
178.607
488.941
149.568
134.635
63.3702
168.701
398.699
38.4788
150.455
298.219
200.049
89.924
62.0078
447.469
304.348
197.814
481.236
117.492
381.001
223.818
129.15
248.052
360.922
401.495
373.079
156.961
33.8208
396.068
241.141
67.6071
121.244
213.961
109.04
104.666
133.565
319.659
36.5905
352.155
245.604
45.4752
129.703
270.663
252.153
277.058
428.11
355.619
373.92
305.302
50.7738
419.446
321.575
191.091
359.308
331.374
193.841
284.002
159.68
422.285
130.844
394.737
277.299
263.344
398.392
103.314
469.003
170.617
425.183
39.1449
127.21
259.711
254.14
153.224
284.463
311.097
297.555
91.6903
43.4836
339.675
459.561
217.834
456.388
165.24
283.351
287.578
228.743
114.247
441.497
213.431
103.812
210.065
162.969
212.542
145.093
153.769
109.885
267.795
400.565
412.223
37.5008
499.91
201.791
537.87
244.818
260.272
142.986
196.138
293.941
284.405
75.3471
389.973
159.551
208.04
243.433
175.079
76.3693
162.067
342.213
168.218
119.459
238.837
283.085
458.949
115.289
186.895
123.839
187.689
320.819
64.1001
494.954
63.8071
342.865
174.932
387.232
180.842
94.1087
101.477
91.0262
62.0224
337.615
506.903
405.89
337.578
88.1853
563.407
339.989
185.181
281.492
536.769
56.63
243.28
157.889
347.556
381.244
205.891
149.175
106.448
68.8526
108.313
343.679
89.2074
321.621
332.841
246.94
38.6405
100.266
423.933
59.9693
324.053
336.025
410.394
47.7453
79.1797
275.813
358.369
244.581
245.86
255.803
210.718
131.43
378.46
134.522
57.3158
146.865
322.943
440.908
407.691
383.372
156.283
245.042
147.653
65.9203
59.2859
363.758
428.726
63.3555
294.209
216.261
153.998
430.62
365.528
57.83
183.533
96.2625
231.444
44.2358
129.325
244.909
217.734
416.856
42.5384
72.2984
402.823
176.534
429.275
129.071
388.869
394.443
345.752
453.931
189.641
159.382
262.226
208.186
80.6165
301.022
302.007
169.692
160.935
47.7254
249.478
313.007
226.107
178.956
253.067
153.868
233.269
152.475
318.682
45.1897
141.321
235.009
444.353
578.565
263.055
287.661
314.214
295.972
515.791
250.118
43.4009
161.714
347.68
398.319
220.586
229.398
223.727
300.184
157.238
208.341
198.244
155.039
60.8042
96.0699
76.673
306.287
122.98
363.778
120.883
186.662
378.946
71.4603
432.056
323.884
208.458
360.843
94.7351
68.5521
201.244
329.706
79.7285
58.5217
216.225
315.842
125.953
231.31
391.419
238.531
178.944
43.5469
247.239
322.393
300.553
498.217
453.623
104.879
291.34
282.194
46.8278
243.656
213.424
345.832
101.769
492.54
488.769
429.338
332.866
516.22
76.6688
136.464
90.2837
309.546
115.504
504.62
140.241
371.013
473.854
140.186
420.711
230.206
231.771
271.698
316.479
72.8603
488.425
40.9182
75.6173
368.25
406.862
221.39
226.224
362.091
262.556
340.988
372.493
210.814
185.977
133.099
337.031
174.709
171.905
390.453
117.798
134.329
235.62
439.226
346.045
78.4519
333.325
292.034
149.021
201.774
327.839
353.527
445.429
227.843
374.926
316.005
327.337
101.482
433.409
471.052
470.244
122.874
189.396
146.441
206.196
443.345
222.17
362.21
114.327
39.7531
391.686
266.742
107.704
125.651
324.506
239.418
325.339
302.423
35.3991
360.618
161.302
121.861
489.521
280.437
365.657
202.997
251.473
102.832
303.459
243.133
127.341
252.759
508.07
360.256
365.677
416.02
486.094
316.009
318.029
266.236
280.34
48.4247
333.782
89.086
141.959
68.7463
301.079
184.372
194.203
388.957
140.728
133.516
303.698
495.301
144.62
50.873
168.824
159.237
310.835
68.516
276.736
275.044
277.819
260.605
142.533
211.285
112.587
384.781
425.557
166.946
48.0809
241.424
184.913
377.018
173.606
91.4743
416.149
395.24
133.543
265.973
468.688
315.287
58.9956
79.9809
343.212
243.006
165.914
135.649
236.737
281.323
106.699
141.527
91.7402
181.848
95.5036
168.244
456
98.4163
378.875
276.622
391.832
341.191
86.1204
496.139
152.423
176.315
233.822
62.2165
72.8009
58.0075
289.129
36.1508
97.7037
151.774
60.6524
132.288
373.8
86.6657
266.307
50.9968
182.837
129.014
483.122
396.183
288.566
427.009
304.459
121.045
358.528
340.418
165.232
209.691
333.002
235.033
54.1233
75.0679
130.43
391.489
243.387
189.622
323.268
37.3679
240.682
309.668
231.989
435.247
148.847
82.4434
96.5715
101.562
347.864
68.59
314.891
364.328
313.467
220.034
571.305
462.624
320.107
104.606
334.274
69.9321
370.113
86.6029
308.189
188.79
98.9793
172.135
284.812
340.342
238.07
281.379
325.261
337.098
343.373
411.769
202.914
202.644
40.1397
179.155
71.8612
103.088
288.268
524.414
87.0544
333.444
305.713
435.398
309.449
64.9745
385.535
103.538
213.805
38.2725
460.955
200.557
198.44
330.768
285.524
324.428
177.977
410.64
480.758
344.996
509.27
93.2439
263.21
94.584
395.323
252.626
73.8689
145.657
269.683
33.3028
311.532
91.9487
330.773
95.1157
173.248
472.318
240.371
223.209
117.624
181.783
183.55
257.856
220.089
57.5475
119.179
525.855
210.465
285.811
142.348
63.8902
287.01
222.433
92.2357
281.547
296.654
164.418
330.333
397.781
355.466
263.38
159.546
226.255
450.93
322.151
136.243
181.574
115.706
478.8
245.23
295.182
295.539
84.3747
404.977
180.359
189.993
419.126
44.6049
113.223
162.645
112.244
321.69
316.295
460.304
140.881
82.0506
79.9368
415.47
203.3
145.485
318.557
420.218
143.482
67.8433
112.174
227.737
215.736
320.623
93.3669
416.556
347.779
321.102
354.241
263.806
71.8014
88.0087
516.279
77.9861
285.909
179.359
54.7118
225.256
466.076
284.798
402.793
114.965
177.848
65.4017
426.272
548.209
318.058
229.079
182.773
190.772
57.1778
51.9402
183.491
421.832
151.341
204.132
371.142
401.728
280.131
410.645
316.662
212.503
298.021
214.538
65.3129
122.902
162.302
437.23
260.399
248.308
239.871
369.479
143.53
105.105
103.909
168.639
235.958
192.648
32.4253
89.0439
318.692
345.396
170.11
424.167
93.9166
527.98
268.354
60.8284
490.205
85.5258
110.155
65.5717
354.903
379.484
104.967
132.158
223.347
147.226
74.9175
132.242
529.091
270.94
141.936
221.647
230.635
451.928
314.431
526.021
348.332
32.3397
284.171
166.871
436.52
119.055
85.1466
80.0688
339.888
182.536
210.679
167.574
121.616
296.749
123.14
193.507
324.103
336.846
71.0091
148.231
457.389
53.3612
364.543
234.091
234.23
433.11
307.874
316.044
376.921
105.988
404.96
219.575
179.726
145.302
119.538
256.784
287.306
256.229
196.91
135.168
194.848
70.9688
305.693
32.1163
142.162
416.063
130.85
95.7084
450.768
351.804
203.704
232.312
160.715
126.063
310.701
167.016
346.533
427.194
459.391
68.9409
483.423
169.213
540.823
343.48
126.113
273.957
467.71
410.108
433.561
383.206
550.513
466.867
392.785
145.081
181.587
220.093
215.822
116.018
46.829
39.3134
69.6287
395.952
133.823
73.8
575.151
109.47
317.46
283.789
145.345
141.035
144.645
90.2752
460.72
489.661
446.617
146.847
195.275
97.8301
64.9755
457.174
164.264
64.8204
182.899
212.726
125.872
56.0531
222.74
178.086
196.723
260.108
262.099
281.246
281.75
173.905
289.313
209.439
234.754
97.9013
137.922
58.9026
226.695
480.341
71.0931
268.434
37.4076
62.6079
200.225
80.7924
389.692
311.277
306.568
122.392
110.201
354.285
335.798
379.356
78.738
479.672
311.533
242.384
348.286
439.329
349.024
250.317
110.728
204.71
112.543
310.267
73.2123
134.973
179.186
165.711
272.809
376.275
142.552
192.718
216.754
337.712
205.012
243.405
230.214
382.98
33.9803
131.843
440.787
354.52
131.439
96.1675
349.185
162.64
407.521
351.309
329.846
341.156
150.371
404.226
221.11
105.143
179.7
96.1991
299.386
295.429
292.734
330.093
380.033
39.721
292.185
104.522
231.185
374.252
142.447
342.025
214.838
405.114
263.004
226.931
73.4954
240.148
103.808
219.147
