369.554
232.685
412.74
78.5154
368.336
240.058
113.029
239.687
416.97
254.952
31.1789
283.805
364.382
320.467
207.965
178.913
289.559
278.744
320.507
118.818
394.613
85.2336
272.354
238.59
279.147
277.169
234.326
413.766
264.742
141.441
352.539
380.314
208.503
296.126
32.4086
324.025
300.818
387.863
360.034
167.139
284.463
330.772
399.883
356.534
107.798
377.949
356.532
155.129
168.129
237.274
346.171
223.329
159.693
166.376
205.384
232.6
413.136
259.749
361.916
212.178
362.377
372.044
251.024
82.7586
205.086
322.92
310.74
402.592
373.602
325.229
234.183
380.138
221.866
324.668
386.72
368.681
169.786
338.461
404.777
339.524
232.683
412.841
62.3326
170.869
189.313
259.179
50.3393
196.675
382.626
276.508
140.327
170.43
306.108
204.149
93.717
137.471
373.801
225.172
190.09
418.359
151.876
398.079
172.558
409.29
166.225
120.699
105.114
319.037
159.362
149.118
407.82
210.552
278.23
411.675
315.165
249.383
415.896
268.044
130.694
262.961
34.7672
143.514
251.046
326.722
169.495
78.1849
259.781
271.598
374.933
181.998
155.784
388.001
339.062
111.655
395.401
412.21
383.549
133.219
324.108
432.456
101.633
358.506
261.911
199.727
355.921
181.265
273.029
292.374
370.635
270.811
262.272
117.758
320.922
390.3
253.138
202.034
328.801
103.688
211.936
166.565
423.432
176.678
366.293
113.083
322.195
298.578
199.65
150.817
256.948
30.3756
279.353
220.064
322.451
257.683
123.533
381.668
278.14
171.276
252.689
176.347
37.5643
273.96
154.292
244.598
247.456
419.514
238.094
337.613
396.887
280.686
93.6465
261.995
181.789
249.846
114.071
311.529
171.786
151.4
353.309
121.683
280.19
146.589
294.129
343.195
243.876
248.147
424.146
37.3199
151.993
324.287
249.488
299.477
391.862
216.902
86.2633
70.724
272.485
298.305
78.1564
78.8351
385.464
432.082
48.9864
259.018
316.119
292.359
262.922
360.382
309.674
281.299
272.329
61.5044
63.2109
374.593
392.492
369.816
250.19
374.925
285.837
276.548
299.078
385.152
260.36
224.601
232.889
129.459
422.855
223.441
420.26
386.813
296.576
268.546
238.763
417.222
117.774
286.768
204.508
342.754
180.516
429.259
60.855
327.761
249.061
200.679
299.395
81.6257
251.533
310.252
377.918
376.099
374.815
329.791
385.199
372.743
386.059
246.893
304.489
334.036
303.462
135.962
66.2845
395.347
222.002
353.221
194.634
89.4233
295.22
317.313
408.821
401.462
373.055
273.888
242.611
306.392
179.418
290.515
338.28
165.98
111.013
207.767
275.417
187.55
343.009
401.096
432.754
299.863
395.961
117.585
183.619
248.241
253.502
330.672
303.976
313.783
118.018
162.714
184.767
272.776
400.869
262.63
337.828
322.766
254.793
158.79
88.4418
301.797
359.066
219.881
325.287
114.788
145.704
261.794
184.363
295.544
320.257
197.07
249.911
416.05
241.547
228.363
313.863
275.074
339.256
136.371
69.9589
230.39
233.398
408.274
316.914
331.403
269.455
152.478
239.863
406.719
376.356
232.538
153.956
55.6042
313.511
180.562
95.8198
349.255
40.2246
114.847
293.63
311.929
338.115
291.093
132.42
106.69
319.041
39.0306
55.3314
403.529
186.742
247.178
366.633
420.031
372.248
291.081
417.977
170.556
104.105
350.635
213.116
432.026
381.339
308.185
292.99
223.033
204.359
207.623
232.265
236.857
416.49
49.1594
184.878
129.951
414.132
209.099
57.9453
401.835
246.328
295.033
270.016
422.028
395.072
385.351
243.907
378.636
264.942
315.234
192.441
133.804
267.7
324.686
213.609
306.512
410.307
60.884
392.2
126.091
114.068
275.654
148.662
337.496
422.262
330.252
238.052
301.164
52.0688
334.796
310.874
370.698
108.909
182.124
385.131
393.043
156.077
367.075
359.899
126.906
429.855
182.122
285.351
197.95
425.509
259.543
346.225
433.204
49.232
229.842
371.357
251.404
31.5983
303.354
243.895
137.392
118.883
243.669
126.048
393.127
413.226
219.024
375.863
332.413
373.358
240.082
411.967
400.502
157.825
389.321
241.115
246.182
311.98
246.705
197.131
379.654
275.354
422.537
267.482
412.71
245.895
113.675
179.276
387.693
353.368
203.036
46.5992
47.9085
240.934
372.131
286.655
411.302
378.375
294.331
260.777
267.891
219.788
86.355
286.726
125.34
32.213
174.053
276.744
324.998
404.362
300.276
196.891
55.5816
247.215
285.432
222.632
372.69
329.261
326.228
360.557
100.277
313.969
369.854
380.859
159.188
384.384
372.2
372.465
301.789
369.283
234.675
277.892
392.387
55.6356
351.868
236.801
249.307
75.7447
334.003
336.829
230.567
342.55
329.281
358.351
258.853
421.899
64.3152
164.872
298.105
330.338
362.868
355.175
97.914
100.061
300.171
266.802
433.978
345.86
224.499
228.95
105.712
236.406
292.911
430.528
171.562
201.179
434.32
229.857
283.955
379.69
195.315
405.516
282.319
283.262
231.635
144.384
63.8135
376.516
238.878
434.788
115.949
351.519
320.04
418.259
228.221
317.423
203.532
255.656
95.5591
247.074
401.618
279.303
383.804
175.734
343.614
270.457
255.398
425.21
419.005
340.465
332.968
365.408
322.97
259.065
330.964
417.07
385.469
137.001
324.347
398.3
403.665
162.626
385.64
84.2966
113.301
304.107
132.199
316.842
370.755
431.131
271.655
190.479
122.059
168.605
204.088
126.198
284.677
342.741
235.759
113.801
186.338
351.82
339.655
229.959
175.924
233.867
358.184
290.57
378.51
318.952
345.466
349.787
183.567
265.59
240.039
302.602
420.398
280.57
321.08
210.834
264.259
89.0552
365.232
79.2866
64.1016
174.022
388.343
249.065
314.608
159.732
57.6882
408.846
108.391
236.328
125.477
286.608
254.398
393.029
239.006
31.5768
261.346
350.084
174.986
37.19
245.136
266.428
207.472
383.606
69.1884
362.88
336.259
40.3548
352.578
320.929
188.351
43.373
426.09
367.367
383.991
232.439
168.796
35.3322
273.377
378.916
91.253
113.361
200.137
337.223
256.334
208.346
286.852
274.113
390.505
243.058
385.238
367.158
372.908
337.649
288.278
254.701
330.825
132.075
176.123
363.141
325.4
46.6924
414.728
267.197
414.859
427.15
348.357
184.669
72.3626
324.396
297.013
301.821
370.846
190.259
157.294
254.371
155.451
366.446
243.845
322.446
252.097
214.473
342.291
296.181
252.23
314.096
354.783
322.072
376.256
93.8416
328.322
38.6321
200.322
411.171
351.967
399.554
105.913
381.191
226.311
167.955
209.169
284.103
64.3237
419.298
390.629
171.97
158.247
242.117
398.173
333.905
351.805
392.311
264.171
186.161
294.143
306.004
311.063
148.148
308.476
430.934
234.714
384.427
341.053
342.714
276.431
384.382
346.717
309.251
160.983
212.467
262.288
79.8003
101.088
320.733
272.557
401.845
334.689
211.767
256.408
272.492
424.411
279.951
423.748
82.1494
343.419
277.578
358.837
277.953
311.186
199.186
253.715
32.8813
289.513
376.783
168.782
376.059
309.877
84.3892
264.782
268.679
346.618
350.129
132.009
390.426
308.12
410.803
268.953
74.1686
418.896
248.598
331.854
361.977
326.865
109.717
279.712
250.428
302.508
277.464
361.199
84.9048
408.759
51.2446
246.788
139.21
282.859
322.027
392.318
328.207
347.771
378.372
278.959
346.229
310.504
411.396
282.148
271.559
168.66
368.592
297.347
356.099
232.073
314.01
291.439
99.2814
261.932
407.4
326.331
209.075
189.622
266.204
220.586
346.713
191.138
106.537
320.224
95.4734
227.905
222.864
77.6636
419.292
317.969
46.7223
354.92
158.844
407.363
167.426
272.558
174.938
334.945
317.953
340.534
304.219
236.922
235.623
294.416
263.523
252.164
86.8456
37.2724
352.007
118.031
303.337
270.258
321.914
173.145
173.597
73.7312
308.92
298.562
254.703
361.409
262.958
381.199
388.607
422.551
375.55
333.323
188.774
91.6343
322.192
397.369
388.217
211.595
307.253
68.7585
415.668
155.618
276.102
169.997
228.2
265.725
46.6963
342.547
331.449
38.5932
398.093
253.583
215.668
283.014
250.788
207.89
309.982
95.5827
267.07
97.7489
201.413
223.072
162.362
276.656
418.803
394.819
245.407
202.186
140.204
295.343
300.602
131.696
170.431
133.597
183.544
306.257
344.087
364.404
179.481
339.376
132.999
206.392
289.376
270.292
338.87
298.435
313.85
113.049
277.274
348.989
103.807
369.547
193.974
151.033
356.959
352.34
45.9357
283.985
345.622
175.81
263.216
360.277
251.937
315.085
382.96
250.402
394.262
147.305
307.755
423.368
250.915
370.077
387.288
87.612
408.171
276.216
237.637
240.815
421.076
189.047
332.618
132.271
295.072
296.419
309.45
309.026
193.5
345.18
298.498
343.465
345.753
332.499
252.444
403.272
136
246.295
295.088
370.786
233.84
328.701
315.152
238.769
288.7
292.928
35.9162
269.744
56.1632
51.95
250.726
395.292
286.012
431.24
279.093
236.3
273.882
393.504
213.892
344.073
176.723
222.334
421.208
63.8943
30.5397
346.434
319.533
322.496
106.403
212.352
248.587
399.598
338.061
396.538
218.199
380.926
330.681
194.275
181.896
393.996
375.303
117.886
297.706
374.587
234.781
253.613
429.431
403.912
374.033
130.022
395.201
352.844
344.287
405.822
325.713
244.965
361.602
383.763
288.757
240.668
283.189
329.562
275.918
389.203
240.798
209.612
178.781
270.391
366.62
162.853
382.372
335.051
71.8851
293.727
48.271
422.032
190.431
425.29
126.796
196.979
386.961
103.689
38.7866
364.589
44.6063
296.756
226.541
259.889
321.019
250.523
320.236
390.703
296.231
316.541
361.299
306.374
271.501
328.521
338.931
200.693
145.249
384.819
326.862
344.44
211.951
135.097
144.257
236.613
291.86
373.453
203.832
159.856
319.319
62.0246
153.609
382.919
429.133
60.9197
280.426
364.196
366.149
337.955
360.763
153.181
394.335
251.649
293.939
222.898
287.25
376.798
192.282
358.03
89.7831
193.807
346.854
306.916
205.265
265.404
288.319
282.212
238.603
363.609
427.201
427.151
253.094
330.549
264.033
144.193
274.061
361.973
246.696
98.3758
277.086
343.332
188.283
400.018
394.819
170.271
187.298
57.9817
427.682
34.5928
383.645
292.638
393.223
256.142
304.246
396.467
200.636
213.402
284.407
318.825
334.217
239.403
271.617
376.789
219.829
146.67
321.326
286.731
304.125
63.6678
341.583
335.348
391.289
343.558
379.605
411.925
191.293
340.116
276.876
154.332
371.91
300.334
168.859
196.755
82.1863
224.818
138.155
310.969
46.8669
348.354
243.563
404.919
72.1366
313.106
416.064
260.894
306.231
285.533
185.883
360.387
89.5491
254.84
120.894
299.05
246.639
42.4797
129.495
89.2359
253.697
187.822
144.976
125.011
199.214
301.92
321.595
381.413
396.004
272.27
30.5543
141.098
347.995
316.491
370.053
225.64
315.26
292.385
43.2012
214.206
399.226
398.933
397.147
76.5866
250.355
307.381
337.111
109.252
357.11
366.712
395.456
206.494
302.388
332.439
421.245
359.451
57.72
58.2064
141.709
414.646
303.092
254.497
325.804
331.244
330.244
101.186
77.1461
216.71
261.391
147.421
164.017
164.43
276.512
340.08
93.2484
389.227
371.83
349.967
328.439
292.45
323.187
39.591
197.096
277.782
286.847
70.2992
240.662
198.887
309.237
194.876
425.496
269.282
413.534
302.072
49.3597
119.23
264.227
386.453
359.852
221.15
294.538
287.99
288.382
162.916
414.507
266.799
280.59
78.1871
291.225
261.282
177.555
347.177
410.402
194.037
237.418
399.96
318.679
58.2484
430.969
374.857
297.817
391.919
371.44
136.319
177.723
430.784
370.819
51.4633
185.671
381.539
340.068
216.909
293.541
147.171
246.81
318.461
222.534
167.39
248.699
415.991
126.72
434.053
322.712
343.486
373.12
237.207
364.817
226.352
288.833
298.305
147.602
266.348
419.144
359.142
276.016
316.968
287.001
143.206
103.489
94.715
237.977
426.046
434.582
414.119
395.856
295.149
286.994
372.078
232.616
383.284
243.697
204.126
125.759
382.819
96.4672
386.723
330.684
155.41
265.276
156.527
307.826
412.659
91.8732
287.323
154.802
199.009
406.209
214.337
205.714
427.411
359.866
384.7
171.458
432.24
72.3471
366.876
327.246
308.812
357.336
429.051
51.8782
225.534
111.361
315.083
361.86
246.635
317.417
82.4463
91.3612
218.515
381.861
383.694
217.383
306.851
374.123
304.886
267.56
357.41
337.885
316.616
213.282
416.456
55.5397
311.623
271.618
108.968
393.206
178.627
178.182
91.161
70.8553
311.916
307.618
91.2872
238.3
324.299
232.214
374.632
383.329
252.777
251.168
310.335
232.382
244.364
340.274
193.611
61.616
259.165
56.9225
302.315
199.729
171.48
243.286
185.767
42.499
270.22
238.979
257.227
254.785
221.335
335.887
373.486
146.034
205.454
290.078
393.929
89.8748
191.318
88.677
272.286
68.5577
245.766
208.069
395.014
380.234
339.136
293.291
303.618
268.946
196.79
345.746
387.012
173.457
174.182
333.954
244.705
262.461
381.555
331.775
162.097
294.539
56.519
46.9706
111.966
289.833
326.057
333.837
422.186
252.385
282.933
384.664
165.535
39.8572
289.091
39.1276
412.013
94.2853
178.088
332.599
198.981
395.257
388.413
158.502
282.82
277.582
367.976
148.211
288.453
280.601
77.6479
258.931
102.154
393.559
283.651
324.902
271.7
296.637
380.997
121.067
323.39
235.97
112.358
388.329
358.556
242.971
429.532
318.897
218.651
335.84
191.967
277.988
256.097
229.092
211.566
430.337
231.972
431.369
200.451
345.281
73.0905
135.151
74.8982
73.3204
349.381
209.043
415.54
367.796
312.155
386.106
94.6454
356.948
372.249
109.553
248.528
314.425
385.773
135.458
171.035
167.734
335.058
407.336
40.3691
222.444
282.7
393.953
238.91
39.3015
154.889
269.32
416.414
384.008
304.344
274.375
176.728
322.573
265.346
354.375
276.982
431.66
381.346
266.163
424.303
340.569
395.808
218.824
324.578
206.258
377.486
266.678
50.4315
45.0788
99.2637
75.6563
379.151
80.3795
273.396
295.484
221.317
81.8806
145.992
430.842
96.1518
387.333
411.957
392.34
295.111
357.761
359.772
369.563
334.802
258.201
346.376
166.545
403.823
120.354
257.025
60.9068
385.566
271.803
268.41
365.034
235.789
420.107
371.262
360.13
409.197
203.304
307.548
307.516
391.796
102.888
351.399
313.98
268.333
192.419
308.98
276.867
132.64
283.776
97.4846
155.356
246.143
271.349
74.324
330.538
302.521
224.454
51.0818
429.291
135.433
124.368
282.053
263.567
365.519
300.838
294.24
153.889
316.828
211.859
123.701
298.868
34.9859
426.793
296.594
348.169
310.719
59.3116
367.141
252.941
232.902
367.759
71.9338
243.126
262.898
237.764
121.493
141.319
88.5849
335.893
321.319
261.667
195.892
148.388
67.2383
176.191
73.3282
174.817
193.098
122.558
290.011
55.8077
417.223
93.7507
315.041
217.333
384.051
312.47
394.735
157.944
129.414
103.276
188.923
88.3418
251.598
401.728
313.556
342.687
315.93
231.399
392.86
180.614
309.717
256.822
400.263
267.687
289.182
283.74
191.666
233.012
256.669
358.929
298.308
291.869
315.104
320.313
321.188
67.4452
396.481
104.531
106.373
367.464
128.416
202.32
377.452
131.075
288.515
206.171
210.233
287.483
398.978
313.36
355.078
410.557
245.252
249.89
336.295
56.2028
37.6543
334.079
243.47
151.242
42.1137
232.807
91.9533
345.874
373.697
168.198
183.499
312.475
388.302
64.7718
299.358
282.111
37.6592
67.8905
100.931
330.318
323.984
339.248
83.0099
276.594
225.517
100.734
269.706
163.836
202.086
219.098
32.6202
68.4919
88.4109
394.765
128.344
312.772
280.438
44.6396
96.1236
353.148
322.872
172.382
46.0312
431.813
341.248
327.856
59.2804
398.912
324.367
89.1345
431.247
277.638
412.256
236.027
182.738
184.493
231.189
261.446
412.401
250.762
342.823
42.3612
425.781
217.67
280.115
54.8827
310.476
241.273
274.439
305.775
205.497
79.5862
270.043
172.889
232.571
183.633
305.459
162.179
369.536
123.827
137.172
423.602
315.49
194.663
262.771
113.771
53.1615
434.926
365.396
112.032
78.5974
128.591
309.879
369.835
131.345
186.402
332.112
321.375
287.447
400.948
244.393
362.279
425.476
39.4224
191.65
333.607
234.815
335.376
408.863
354.798
425.217
283.65
174.113
339.837
140.257
348.258
172.919
279.013
181.84
75.7231
334.157
31.5822
358.749
121.585
416.331
375.35
303.74
375.016
284.597
341.31
79.3096
395.418
56.2027
344.114
271.375
197.235
273.39
356.846
267.613
83.4184
145.495
298.919
186.271
248.001
153.169
352.55
219.143
367.25
218.153
308.408
247.714
313.867
169.731
291.965
112.762
408.204
209.527
308.726
188.366
222.222
306.106
242.002
221.282
276.692
367.316
298.486
300.102
421.048
314.773
352.173
372.509
56.7741
157.477
180.617
383.63
279.766
316.831
324.081
338.855
312.854
432.572
85.3309
170.736
402.105
196.81
236.868
426.526
314.237
313.046
92.6034
175.294
349.93
321.116
394.27
409.306
373.921
391.11
150.727
375.136
92.4897
158.852
328.732
321.354
217.331
375.871
343.163
427.339
403.308
197.457
39.3228
94.8307
92.8395
347.897
380.26
415.497
356.743
371.449
390.939
326.342
211.53
161.545
335.449
245.411
429.341
401.036
150.239
316.546
362.925
43.0244
334.55
194.252
383.872
386.815
131.664
297.405
176.413
213.031
234.403
260.492
385.585
134.198
182.73
198.711
382.262
45.4841
340.069
186.886
284.722
74.2949
185.047
394.089
315.721
245.576
423.432
371.575
305.162
253.117
361.036
334.833
276.951
328.261
302.123
223.007
263.425
371.98
345.406
237.176
344.903
55.825
298.488
293.776
424.343
302.836
287.958
286.532
298.375
31.4683
214.638
245.574
144.533
261.095
246.267
52.3967
385.303
323.673
407.79
368.118
243.795
68.0968
350.018
335.264
211.826
394.63
342.734
332.966
404.31
290.323
232.957
380.792
196.051
400.212
269.673
392.656
254.024
334.724
276.691
176.906
379.086
170.296
302.162
319.843
410.545
395.757
270.783
65.2273
257.76
383.439
348.577
411.915
262.881
285.541
388.38
213.205
349.94
241.539
390.402
190.968
427.145
371.685
125.71
103.156
186.589
311.44
420.062
216.774
332.623
305.677
320.793
320.44
116.645
322.926
93.3243
422.787
281.18
304.256
247.307
233.111
175.241
285.43
129.391
131.608
331.918
132.521
303.672
290.079
172.401
178.858
421.669
419.441
403.452
239.327
269.515
312.482
158.325
270.993
86.6241
223.547
332.492
131.007
297.436
212.473
134.276
360.244
63.2924
113.556
311.954
382.048
208.147
325.503
282.225
186.447
325.687
246.936
309.537
418.474
35.6344
370.359
319.745
56.2981
248.013
333.36
339.826
389.875
274.562
200.879
205.973
359.166
255.21
420.708
255.245
290.878
372.908
324.235
371.369
248.021
233.767
422.407
324.692
209.496
43.69
141.044
425.594
61.704
279.63
76.217
430.581
282.767
295.305
319.595
51.9675
266.831
214.761
325.715
263.93
358.035
368.014
254.871
104.378
298.884
129.595
323.994
389.824
150.474
284.398
300.034
284.406
396.005
352.073
129.881
358.927
254.01
291.245
89.2711
268.55
101.071
347.714
92.145
209.205
150.285
89.9288
304.013
280.63
324.465
343.873
386.928
331.856
308.571
345.849
406.374
127.466
271.352
224.552
402.347
175.163
269.421
328.331
395.167
261.46
274.734
46.8283
369.971
365.897
99.5603
430.256
281.959
296.312
429.962
345.27
206.961
427.655
179.486
267.588
427.908
372.055
242.543
104.839
251.589
369.783
372.108
288.856
287.178
229.438
419.326
356.32
344.697
126.798
420.124
349.544
184.568
336.843
343.08
349.586
238.995
343.562
246.072
378.829
263.333
303.167
229.854
59.3223
385.491
76.8421
127.166
409.613
379.926
365.55
296.493
370.674
398.972
268.091
128.383
358.6
179.737
220.17
361.022
425.669
267.115
154.207
280.306
204.028
102.307
295.432
216.554
93.3233
74.976
95.0388
382.604
243.562
378.106
252.728
366.648
311.935
243.789
325.236
370.611
375.965
278.496
201.277
285.999
248.824
47.4894
389.113
408.703
109.43
355.751
332.617
155.977
264.619
311.194
384.758
219.214
339.013
300.468
147.632
130.373
113.111
209.546
146.429
297.354
268.36
360.468
206.359
78.8587
316.313
77.1213
282.153
274.875
314.327
348.523
386.892
232.472
256.548
150.496
228.983
420.515
91.4751
174.554
413.182
421.288
262.258
269.168
401.354
346.623
56.7017
31.2734
104.453
363.004
73.5682
282.466
88.0235
372.478
182.22
183.545
349.041
227.047
425.021
230.069
402.375
252.285
149.207
258.009
261.764
320.903
217.951
284.974
184.085
371.222
172.246
212.646
232.492
114.581
165.65
398.888
339.364
386.453
409.411
259.949
383.701
291.876
348.005
348.629
317.481
105.135
207.979
241.421
291.513
417.168
338.648
341.503
370.28
298.035
392.502
356.025
392.356
100.969
333.322
267.654
126.366
218.673
342.892
149.31
126.741
262.05
57.5213
351.003
116.377
309.929
170.178
85.7938
331.953
328.044
238.963
239.174
380.563
58.7256
82.5415
125.924
287.608
367.33
318.76
126.462
417.005
293.97
265.244
296.999
363.475
276.121
173.399
414.68
430.124
336.578
123.129
282.482
409.577
275.64
365.64
54.2976
366.295
394.541
359.092
265.2
44.5963
220.464
289.809
296.981
234.062
273.037
342.536
346.544
325.705
360.98
275.482
137.64
165.802
411.88
349.56
92.0738
82.7105
397.412
402.023
337.144
252.911
284.875
253.11
433.591
416.853
158.242
327.598
272.728
338.958
222.37
271.736
418.142
328.494
361.57
195.7
234.085
374.087
430.523
278.739
177.039
327.072
263.381
240.905
104.031
339.531
234.324
159.614
232.32
305.688
317.955
295.031
340.946
189.165
155.9
381.27
291.843
59.4214
300.069
241.643
83.0006
146.293
92.914
218.206
171.113
226.279
367.556
414.621
345.899
225.641
258.806
422.234
107.674
344.428
147.973
235.66
264.539
108.241
373.232
122.886
158.328
285.877
362.062
344.175
148.923
104.661
61.9264
351.68
273.123
162.667
191.512
310.503
299.069
156.438
308.166
95.747
90.1544
169.19
57.9945
51.9111
125.91
266.442
188.554
334.865
390.37
98.7276
114.396
155.573
305.277
378.496
415.249
381.555
369.875
358.96
310.03
311.513
294.89
320.39
145.72
100.976
317.807
176.782
57.361
64.5741
107.129
92.4402
262.094
344.371
59.62
292.173
129.265
271.788
361.144
324.266
321.674
184.326
270.507
338.381
400.099
416.278
237.357
348.107
377.091
221.255
180.497
39.2599
281.863
347.904
260.587
400.389
363.424
413.795
67.6121
349.475
140.385
431.443
82.3522
322.422
386.659
395.037
278.736
303.23
279.823
176.792
50.4194
354.278
87.6147
66.342
316.564
93.9575
376.956
397.128
214.04
338.358
258.318
326.785
228.465
302.456
328.479
217.08
402.538
281.859
431.011
398.771
253.916
195.538
295.681
207.387
381.746
102.084
432.605
220.305
331.223
232.522
358.156
90.4706
371.38
173.332
380.894
127.137
123.042
241.159
344.095
431.408
140.525
370.209
403.554
230.673
159.325
138.635
363.207
44.3643
48.1822
243.294
264.48
305.649
89.8094
379.085
384.47
324.164
326.302
358.721
65.6998
360.81
421.489
366.892
330.084
334.91
82.0943
109.741
427.776
278.003
210.926
326.965
50.7152
363.301
387.818
118.385
146.399
331.834
82.4335
118.946
127.877
313.047
355.265
290.9
335.703
136.439
182.302
229.931
233.18
414.535
346.461
401.584
222.807
256.754
427.234
305.735
389.847
326.488
108.134
425.193
389.253
289.686
225.607
288.536
380.667
340.196
307.367
261.714
371.219
389.37
368.97
431.18
285.584
287.138
418.501
224.558
408.917
392.674
194.575
357.888
342.039
407.572
249.864
360.099
107.424
293.053
265.8
286.674
261.888
218.445
261.528
290.791
297.703
399.772
330.651
253.92
108.065
292.828
122.006
274.139
148.578
285.919
341.65
232.833
230.72
233.201
320.599
297.643
172.722
349.178
433.439
364.768
330.49
256.591
412.837
287.901
417.61
318.89
299.173
96.4753
342.036
180.598
87.775
89.0343
279.014
253.892
330.416
387.644
270.059
57.9013
103.114
190.768
338.835
321.873
202.384
387.256
142.42
417.945
369.007
55.0035
120.047
137.425
94.5501
86.0203
230.755
359.079
217.451
338.141
376.469
371.224
269.929
123.65
167.122
390.049
226.998
157.966
214.493
280.753
393.65
353.906
260.359
169.581
226.858
189.832
255.853
216.41
287.901
419.493
209.993
192.67
386.826
308.181
352.974
248.699
198.783
138.338
109.117
246.186
348.561
201.51
35.8468
61.5114
420.97
231.351
151.156
246.653
35.3017
322.816
189.732
322.772
332.694
164.648
105.012
197.743
327.71
287.506
429.194
420.614
232.537
79.059
247.289
272.975
259.469
180.289
319.728
180.891
238.896
251.096
276.28
74.1086
372.271
305.254
334.117
30.4887
289.783
38.3275
307.416
300.387
344.974
371.042
155.162
312.819
246.314
368.938
407.476
332.032
342.047
304.346
383.314
98.9866
250.634
238.976
162.676
262.164
263.28
305.622
198.103
293.698
301.097
122.457
364.501
207.656
337.911
126.849
415.646
177.135
105.894
167.303
298.369
218.047
367.895
425.435
370.577
377.203
314.085
81.993
372.418
292.782
319.366
390.715
375.78
166.205
375.553
75.5186
426.558
361.711
334.239
314.391
296.562
366.592
341.217
404.685
109.798
349.034
426.481
62.8871
185.4
87.0088
164.202
318.909
331.598
141.824
152.081
241.135
291.369
294.661
313.085
101.853
406.667
433.744
350.969
354.755
219.149
363.44
409.543
257.168
361.017
348.891
162.116
391.08
399.212
304.831
347.682
377.716
192.897
353.207
341.848
432.011
316.131
277.655
151.896
341.569
213.104
395.165
295.795
183.743
382.15
350.235
432.751
373.417
162.567
188.494
313.657
408.96
368.809
352.133
404.584
419.055
134.243
280.016
255.977
287.719
337.973
294.165
376.164
223.023
358.826
336.906
241.629
359.558
344.884
32.5467
241.083
311.334
62.6095
273.142
381.205
392.225
296.384
263.24
399.839
401.344
164.092
340.477
321.659
103.709
316.999
291.17
148.273
250.803
235.419
263.753
385.827
415.519
118.902
144.501
175.772
348.573
196.276
382.754
229.883
250.316
335.449
279.135
296.345
62.195
198.743
390.454
117.303
310.253
202.969
395.894
339.414
433.954
330
101.19
123.3
271.238
308.561
339.771
258.588
110.847
366.43
216.889
370.036
379.356
84.7386
144.989
340.011
140.792
249.274
163.697
374.313
147.146
416.779
310.084
307.698
309.631
357.619
341.111
148.729
256.363
96.275
318.885
246.436
173.265
182.405
343.903
138.591
415.95
411.213
159.898
343.102
58.623
249.728
266.946
284.179
238.57
239.273
180.803
262.29
86.955
110.912
68.7412
314.951
141.745
130.47
236.165
51.5487
181.447
310.702
218.282
432.446
324.527
253.299
358.531
285.986
251.572
323.103
175.474
424.661
164.761
232.521
256.345
395.331
348.868
298.123
166.333
144.012
341.462
90.1418
133.753
364.24
428.116
337.068
54.9208
98.5082
286.407
48.2012
384.784
135.47
426.429
150.95
386.882
382.821
189.474
264.72
262.698
285.055
40.1353
81.1741
363.141
125.684
428.012
288.395
142.909
87.7786
138.929
382.352
63.845
127.662
56.3871
367.555
362.517
164.407
205.132
382.733
261.322
182.985
190.709
93.0477
244.103
394.93
310.14
367.993
330.386
313.083
58.3112
270.691
248.501
433.108
414.718
361.673
405.258
102.626
175.94
86.3724
249.661
321.938
418.868
157.389
376.238
268.943
380.069
339.207
267.868
377.144
113.097
217.714
221.053
246.47
282.232
278.053
278.063
258.111
403.46
403.307
430.548
272.89
367.671
226.36
373.538
314.53
239.577
184.092
105.024
263.859
168.254
244.199
201.092
271.125
411.167
190.866
75.9824
126.876
357.195
359.438
260.685
353.883
233.092
395.461
276.082
300.977
398.857
395.13
106.163
357.93
235.409
338.211
254.788
408.952
287.012
385.837
277.767
315.719
136.425
392.876
93.8247
420.229
202.293
266.167
366.073
387.935
257.529
327.701
187.121
46.6522
412.017
294.755
207.973
387.966
333.524
287.249
261.338
283.196
224.173
360.157
397.668
427.165
416.18
282.323
398.436
96.2172
376.374
327.987
303.544
161.279
283.689
242.794
217.452
394.324
307.494
279.791
144.308
394.095
164.603
112.111
46.7313
309.016
400.256
57.9915
131.797
361.267
250.878
396.222
333.785
140.304
163.19
371.152
351.663
279.179
430.588
267.682
282.473
235.561
344.527
251.993
336.769
354.85
322.758
350.062
347.748
171.307
260.516
147.511
427.836
380.873
267.12
296.512
354.753
383.178
335.162
365.988
169.569
382.803
391.772
282.516
356.134
230.023
97.8364
118.794
117.575
353.254
378.129
177.063
167.737
288.399
104.597
337.12
145.188
247.226
361.791
365.13
248.368
314.162
112.803
231.612
96.0707
233.527
312.837
285.992
317.822
209.663
46.144
431.339
369.498
365.423
259.022
366.05
378.242
325.779
327.538
423.831
427.227
335.431
199.031
337.121
112.441
262.923
415.496
216.363
387.649
235.745
388.711
164.433
373.185
267.924
248.812
357.939
265.669
340.723
250.172
70.8048
288.812
214.391
310.285
215.136
338.573
259.611
310.255
412.492
357.277
267.338
339.495
257.531
346.425
360.962
53.7555
109.479
346.498
310.63
161.935
214.18
170.786
415.528
332.067
101.998
404.636
270.786
251.008
62.4675
322.393
279.462
312.677
376.538
252.664
290.718
102.597
400.799
238.969
321.66
402.79
132.23
195.723
424.38
329.838
319.321
155.532
172.894
368.113
281.673
407.763
368.842
354.014
312.154
273.865
372.083
375.152
376.186
283.982
223.677
228.662
301.308
120.694
393.72
279.061
311.812
289.342
185.498
261.018
257.201
165.253
430.657
243.757
87.1663
186.94
59.9017
429.052
271.894
291.031
388.425
61.6445
349.776
85.1523
214.819
259.113
146.777
114.732
393.489
361.075
259.415
382.513
373.656
246.6
309.171
182.434
345.257
385.084
346.261
161.459
84.4303
198.705
405.663
157.8
301.264
324.654
204.063
411.455
218.876
217.838
272.384
145.271
429.847
70.7402
70.022
267.307
253.667
211.16
224.806
312.48
287.942
99.2639
63.178
306.528
398.905
415.893
428.443
272.48
316.992
293.99
154.913
270.194
381.911
356.905
218.556
44.1971
312.142
145.422
264.343
365.479
280.119
193.824
198.166
153.983
166.016
324.505
47.2527
340.582
417.033
406.411
122.869
70.8854
352.393
341.331
381.853
317.833
77.54
285.618
400.395
92.0706
397.334
320.611
263.806
163.153
70.0338
258.863
372.239
300.711
327.296
123.285
104.089
220.762
372.314
169.989
299.959
302.069
145.397
122.834
429.659
90.21
198.244
296.53
403.366
420.909
430.958
262.088
427.945
166.161
185.819
292.982
45.5432
183.454
371.101
323.612
304.602
148.314
388.097
163.845
414.426
284.328
160.831
216.404
315.645
244.274
147.577
274.738
393.906
403.486
215.792
328.96
378.99
330.051
122.125
338.088
250.093
120.905
380.717
279.88
124.306
401.275
184.787
346.351
334.345
224.593
370.424
381.714
400.879
290.303
265.51
346.337
399.677
302.382
124.858
162.505
290.894
316.584
147.13
430.153
291.644
340.954
237.037
349.596
152.967
346.314
346.502
301.518
43.8575
292.794
342.476
275.668
77.9559
339.807
123.504
74.6353
249.469
367.534
397.451
307.725
297.507
345.379
351.927
369.792
330.563
232.531
53.2449
274.555
287.401
293.577
406.098
305.658
382.827
317.797
410.518
307.979
279.045
269.655
427.654
295.996
275.777
367.764
142.757
289.17
99.9337
405.615
181.584
58.8633
294.268
419.902
415.874
43.8196
117.672
394.782
237.884
388.667
54.1992
345.768
82.3641
203.726
106.992
54.8446
66.6454
138.649
409.158
218.072
206.636
228.18
359.812
92.4364
349.975
258.612
354.377
170.645
65.7837
250.692
302.277
104.275
399.853
176.318
144.026
300.642
358.977
393.157
242.076
275.767
337.323
398.82
368.498
227.851
323.44
232.572
170.462
107.527
305.639
344.284
333.35
330.18
123.718
342.282
61.3359
106.918
417.614
410.963
428.103
360.877
411.882
379.619
75.8953
240.727
38.3885
358.815
39.1302
359.034
423.94
394.814
330.726
331.934
142.713
321.725
249.971
120.707
115.881
300.379
157.458
91.745
370.452
146.898
107.688
274.503
83.5935
354.429
177.537
204.3
256.769
308.311
278.806
50.7489
247.405
421.734
173.739
397.539
175.411
202.13
332.536
426.921
265.283
330.46
398.471
59.9201
276.314
314.873
276.94
408.901
284.12
31.4042
76.104
171.286
316.646
203.95
224.263
254.016
295.013
355.578
385.192
269.99
270.13
194.385
59.3741
164.105
330.423
362.927
354.793
214.568
241.134
60.4332
280.692
402.66
421.817
64.7925
401.527
332.312
264.535
339.503
278.58
211.448
245.463
351.412
383.038
183.29
105.304
430.957
188.852
293.332
76.7947
290.611
206.532
168.615
294.036
427.206
358.669
307.24
88.9534
40.1873
54.9935
359.214
405.165
284.567
300.175
221.127
250.525
360.813
190.112
176.16
186.737
229.294
314.664
286.316
367.693
348.098
180.296
282.514
239.282
246.228
118.516
166.784
388.226
255.023
430.025
147.177
291.478
376.576
333.874
374.571
341.372
372.859
309.736
171.05
141.756
312.273
374.607
88.2083
354.499
285.148
236.38
117.449
338.309
252.633
251.952
188.637
406.733
325.642
411.486
44.2702
220.19
369.429
107.828
269.852
217.635
206.479
418.142
242.393
186.726
375.292
99.6286
364.134
290.832
398.917
174.492
313.509
367.226
418.303
303.072
327.361
158.199
241.139
243.459
136.602
296.379
270.812
303.019
332.799
247.397
313.465
133.325
301.669
298.786
429.708
297.222
185.976
235.401
347.495
433.131
396.248
320.281
417.143
378.838
143.046
272.798
333.036
358.547
187.6
368.591
289.535
353.274
131.075
387.62
132.5
256.347
251.725
109.335
167.373
73.2941
104.294
288.839
409.091
171.713
274.742
149.264
99.7444
339.538
292.765
279.579
407.423
377.36
87.9485
386.696
430.66
356.108
161.49
298.021
400.811
374.987
111.96
350.468
107.172
194.705
151.961
99.8021
300.31
282.658
97.9613
252.744
219.414
360.217
393.46
292.453
384.853
298.473
402.175
382.405
338.062
178.559
85.528
395.566
99.7654
277.466
250.217
333.243
397.943
295.548
341.912
82.6435
357.04
379.257
36.4224
275.085
291.666
339.085
359.594
119.528
424.593
348.531
362.971
319.705
77.4221
373.447
362.545
294.749
414.787
335.681
395.392
72.1943
313.613
276.778
372.432
142.845
70.3591
286.883
243.842
123.102
406.303
269.513
400.18
301.226
349.599
319.045
195.221
241.708
250.609
372.015
96.4735
244.748
321.806
244.768
219.395
282.483
427.357
139.549
400.711
260.493
341.136
364.204
428.624
433.562
433.388
360.636
151.27
297.417
271.058
153.837
207.147
323.016
180.5
212.012
302.251
322.175
43.2958
434.274
335.671
217.681
248.564
136.983
411.774
272.717
327.846
217.69
261.893
245.332
167.918
185.767
251.144
227.593
321.887
225.17
120.653
252.938
276.917
429.215
265.853
409.428
31.8613
405.735
320.167
96.7685
309.882
308.081
349.998
343.466
413.89
31.7886
30.2587
269.964
329.685
407.117
106.127
110.753
241.088
396.583
311.107
48.2745
357.167
281.577
232.342
73.5126
330.988
219.37
368.278
101.995
347.268
307.539
410.343
358.745
321.415
47.5188
106.832
144.621
119.212
269.039
133.326
63.1764
361.417
125.643
256.799
148.439
77.3931
362.91
217.519
290.876
258.456
200.621
414.995
207.959
355.965
167.971
325.982
372.398
328.979
250.34
148.909
313.594
213.673
397.658
65.2996
352.738
427.778
232.434
234.948
372.377
359.869
434.776
368.458
78.7635
351.747
362.503
277.272
268.794
242.451
149.886
384.964
72.1604
360.032
404.924
57.8311
244.297
319.852
255.762
58.4817
42.83
365.567
264.41
300.883
342.945
244.769
310.438
393.098
387.147
369.104
42.5628
341.981
330.375
258.39
342.174
325.784
425.125
40.4908
395.634
151.747
248.186
308.036
98.9362
402.89
339.7
301.411
182.245
143.433
407.467
354.529
282.14
384.081
329.263
430.023
344.116
323.834
356.78
224.01
344.292
388.685
265.352
421.509
254.293
280.144
232.519
179.436
37.7135
283.041
173.598
389.624
354.556
288.355
244.755
83.8617
238.473
108.264
133.209
106.124
280.92
56.3337
352.046
350.58
278.11
293.349
289.406
378.329
190.331
303.196
76.6643
409.817
237.38
275.761
91.4916
42.1074
311.193
338.093
342.667
334.309
343.986
391.052
103.886
299.168
58.2549
207.153
194.883
316.41
347.146
312.444
170.434
331.823
359.956
356.223
379.261
308.056
329.887
410.028
44.5025
287.884
313.106
35.5293
341.455
193.262
408.63
241.724
216.173
173.671
259.605
56.4486
297.583
185.534
250.766
199.175
164.151
154.604
195.247
43.005
251.998
217.026
404.226
70.9068
303.65
309.129
205.079
103.69
384.715
369.287
198.469
365.953
391.652
65.2645
391.124
346.285
402.54
212.091
234.268
327.413
292.437
353.26
72.5925
186.673
51.4266
267.889
117.214
107.303
198.176
401.808
349.043
115.314
312.563
303.599
62.1135
247.74
293.755
258.381
364.451
37.8112
420.57
274.42
361.569
367.982
395.935
408.437
90.4557
130.393
321.482
85.4465
319.631
302.227
367.741
393.229
352.081
199.944
33.8707
110.784
351.79
270.438
165.11
374.818
175.886
167.244
205.983
280.464
244.351
268.388
212.663
104.693
73.7518
53.7981
266.525
251.111
154.056
270.066
160.652
355.626
369.723
342.365
252.201
430.536
300.149
162.471
415.132
351.635
341.572
303.587
208.123
248.364
82.3148
133.026
370.579
341.227
238.181
259.855
247.198
181.979
131.122
338.506
379.924
192.183
279.06
258.991
45.2547
240.05
244.776
228.338
306.314
295.61
341.843
317.533
359.516
355.972
178.138
428.551
247.408
365.331
88.8484
191.057
63.6402
397.512
130.991
313.004
192.304
331.885
189.56
312.208
248.121
371.425
236.574
281.777
216.608
263.235
125.258
317.933
369.042
67.1962
316.073
271.058
330.236
71.2864
370.674
262.826
343.1
341.815
261.312
138.499
307.501
264.47
415.045
265.856
138.411
129.467
144.811
38.8102
331.213
313.635
270.786
42.7245
342.109
377.052
61.2961
201.604
142.044
187.106
283.076
302.237
249.221
390.043
229.109
258.106
162.392
105.22
275.156
125.01
427.643
383.315
201.856
326.505
206.459
361.087
284.828
234.389
414.38
73.4312
67.7541
380.584
95.4328
293.212
250.352
289.817
241.815
416.243
294.804
281.38
229.068
322.349
222.23
248.697
132.838
330.045
387.392
353.235
406.204
148.77
422.804
246.564
240.537
338.226
106.448
287.323
389.445
38.152
283.176
192.97
374.106
170.717
221.826
304.33
285.082
350.393
152.033
389.859
368.022
243.884
206.162
139.582
111.393
391.919
268.505
372.555
317.598
297.536
215.477
368.59
250.559
288.818
349.162
316.376
324.965
248.056
347.253
173.366
332.027
363.721
155.633
281.984
191.372
328.868
181.308
251.197
110.726
319.602
303.693
402.849
325.742
305.439
95.1877
219.047
244.695
312.637
162.39
371.604
273.145
292.192
265.752
211.372
422.205
314.334
207.062
38.8553
38.6973
223.275
411.693
245.961
400.308
288.729
331.565
280.895
339.917
281.737
429.465
338.359
332.077
145.591
154.642
222.941
265.383
354.814
152.217
137.684
263.881
243.938
316.667
379.849
387.922
396.154
241.139
431.425
143.194
331.168
361.522
205.52
319.785
47.2749
153.161
385.649
85.9475
198.317
402.688
379.217
265.137
256.981
226.386
372.121
276.818
333.796
252.595
355.506
244.412
415.232
74.6425
329.745
95.3728
370.392
88.6593
240.406
383.32
305.155
421.565
80.6666
135.686
136.459
385.483
304.985
350.926
358.959
92.6151
318.606
192.659
48.3562
367.987
376.948
342.909
164.952
205.648
74.9034
400.477
133.992
169.969
62.0582
330.092
392.292
260.679
351.816
127.926
233.021
162.122
374.767
364.407
206.93
323.044
369.934
331.469
305.725
356.551
178.589
313.161
93.8745
285.515
364.611
256.821
115.394
86.0601
76.5536
267.598
375.678
83.3031
320.237
390.967
250.923
306.181
167.533
341.043
402.65
216.624
104.98
358.787
39.0706
368.235
409.789
311.51
170.771
158.519
348.793
90.6237
161.18
146.552
236.6
166.727
259.77
420.069
215.393
242.239
55.9122
383.049
299.901
245.238
176.119
204.318
273.997
434.31
247.479
109.344
293.239
221.293
426.302
230.516
201.909
205.776
333.699
194.392
272.726
246.693
212.575
225.025
396.869
327.732
188.96
267.396
178.089
52.5888
392.378
212.494
110.663
87.0108
402.029
163.815
107.426
258.075
84.9947
142.876
405.13
330.543
345.946
374.978
326.882
120.406
225.492
244.642
338.128
182.828
421.922
233.576
312.265
95.3987
323.355
379.95
357.347
292.072
95.2639
271.987
239.784
376.558
239.452
403.506
125.651
103.582
55.9996
380.783
385.049
241.358
309.145
205.74
355.97
167.792
367.491
344.768
384.96
294.842
352.085
386.015
49.1127
166.924
411.226
43.7334
203.827
340.57
276.594
248.824
382.445
268.152
300.208
245.946
286.601
290.003
337.701
95.5606
397.441
372.577
229.983
339.45
43.1786
132.849
357.494
210.214
125.555
338.793
49.6775
210.855
343.737
352.002
358.471
358.655
283.898
342.135
100.32
42.8438
120.953
362.101
315.456
189.89
281.647
393.392
93.778
79.7534
259.979
183.52
70.8832
277.796
318.545
232.551
376.052
248.307
433.29
306.889
33.4295
383.533
123.334
86.467
260.155
398.151
31.4996
423.214
311.648
79.5975
77.6834
180.368
325.611
420.617
306.447
221.576
366.238
272.362
335.497
269.539
81.7804
112.514
239.215
308.72
263.284
34.3109
45.0076
79.0056
330.311
415.493
224.268
60.1203
308.866
366.26
248.132
367.739
406.892
328.183
90.2753
74.6701
238.861
228.205
82.8048
335.014
431.387
59.4393
297.269
406.431
