0.840273
0.596527
0.302469
0.694443
0.838632
0.492069
0.750199
0.971356
0.665609
0.929853
0.38433
0.762626
0.206798
0.547029
0.200859
0.288273
0.537477
0.220862
0.268481
0.936887
0.539215
0.901909
0.477868
0.489608
0.786066
0.695314
0.258753
0.231646
0.286887
0.999958
0.343512
0.916735
0.81572
0.333559
0.87424
0.223493
0.766619
0.738599
0.70471
0.676892
0.296993
0.830983
0.817746
0.230963
0.928279
0.412814
0.769897
0.765411
0.701166
0.93188
0.333888
0.599923
0.360506
0.896791
0.898145
0.708082
0.912217
0.236438
0.727967
0.818263
0.241902
0.315852
0.443341
0.666589
0.90577
0.492848
0.605035
0.832369
0.687867
0.898964
0.288117
0.313141
0.866159
0.65188
0.979849
0.745441
0.78885
0.714624
0.833361
0.556279
0.958494
0.488225
0.33096
0.808826
0.449234
0.741398
0.683962
0.894185
0.854383
0.660982
0.841697
0.679179
0.656003
0.999927
0.680842
0.568564
0.202121
0.293589
0.785391
0.799957
0.739231
0.240506
0.867858
0.270563
0.758368
0.997578
0.374926
0.893216
0.994879
0.661727
0.504676
0.514094
0.750141
0.714348
0.557973
0.714456
0.999659
0.236896
0.874992
0.982348
0.917327
0.47867
0.927484
0.580479
0.778902
0.879802
0.983814
0.530139
0.785412
0.701486
0.799988
0.999523
0.785444
0.888557
0.731555
0.278169
0.399905
0.992295
0.83014
0.666489
0.816959
0.550828
0.946431
0.99957
0.856555
0.337241
0.414412
0.404318
0.902331
0.490342
0.996297
0.635577
0.499904
0.511245
0.759332
0.570703
0.358515
0.538213
0.920681
0.632578
0.972998
0.206551
0.750179
0.587765
0.478849
0.80256
0.331611
0.724847
0.614588
0.823576
0.448545
0.486897
0.855742
0.816507
0.206262
0.319289
0.4331
0.935674
0.704526
0.863511
0.626813
0.710587
0.999779
0.993976
0.953808
0.792496
0.564829
0.778259
0.813645
0.693913
0.515776
0.646271
0.754076
0.216116
0.42237
0.558201
0.668927
0.51299
0.907895
0.705573
0.901438
0.455466
0.869171
0.782454
0.380017
0.725369
0.933353
0.85714
0.633754
0.995939
0.843513
0.927841
0.7698
0.786904
0.601708
0.649992
0.507959
0.953294
0.297322
0.469651
0.450193
0.299133
0.707199
0.585945
0.987757
0.312458
0.291317
0.833225
0.809949
0.55097
0.432603
0.643737
0.66569
0.879732
0.316422
0.359151
0.845853
0.873322
0.567376
0.584252
0.967734
0.598263
0.74831
0.829639
0.999947
0.427036
0.858525
0.388195
0.808941
0.732024
0.50078
0.846986
0.25598
0.404463
0.51126
0.509398
0.960357
0.431436
0.723361
0.652999
0.217296
0.618473
0.500774
0.50222
0.616258
0.846869
0.203213
0.996252
0.217689
0.716611
0.628242
0.679965
0.534376
0.676755
0.319602
0.81528
0.741867
0.548707
0.907673
0.760148
0.265476
0.838828
0.370193
0.603919
0.419343
0.485844
0.928192
0.246128
0.466727
0.980541
0.201514
0.2032
0.583098
0.540163
0.560031
0.911422
0.999634
0.471357
0.379533
0.833267
0.661617
0.702244
0.814056
0.625464
0.658891
0.316239
0.727789
0.315215
0.584539
0.219046
0.455227
0.999303
0.992545
0.20357
0.304997
0.769851
0.504386
0.745931
0.209748
0.48037
0.221897
0.476477
0.769923
0.340847
0.227254
0.366824
0.759562
0.680213
0.866156
0.857047
0.998916
0.824964
0.735975
0.750453
0.256027
0.752133
0.410066
0.853056
0.788792
0.732587
0.755284
0.809946
0.83903
0.787931
0.829505
0.414528
0.30094
0.677532
0.327852
0.84006
0.878099
0.453945
0.644598
0.553204
0.379017
0.750294
0.830188
0.507145
0.625963
0.700146
0.92293
0.378254
0.791251
0.818091
0.894892
0.281219
0.405286
0.986791
0.884275
0.567828
0.584599
0.723879
0.998604
0.443051
0.765711
0.965506
0.384741
0.773954
0.462144
0.707493
0.999922
0.740358
0.54555
0.544647
0.239614
0.545085
0.200518
0.270056
0.927637
0.237189
0.26687
0.505625
0.844559
0.333327
0.281218
0.39431
0.866313
0.592331
0.835553
0.908805
0.467481
0.559455
0.707859
0.360123
0.953687
0.999978
0.74371
0.45031
0.916932
0.369207
0.974337
0.304628
0.621124
0.814146
0.212608
0.621475
0.597018
0.503409
0.877546
0.493472
0.937075
0.933953
0.598359
0.47804
0.691426
0.266558
0.667262
0.346002
0.879401
0.438302
0.772972
0.255479
0.27754
0.315795
0.882448
0.788958
0.812571
0.959109
0.775831
0.820052
0.849672
0.256454
0.814043
0.666489
0.216481
0.838779
0.760495
0.500334
0.344177
0.777043
0.653166
0.291165
0.892446
0.665887
0.319196
0.208013
0.447033
0.616047
0.999019
0.437253
0.812566
0.749908
0.498794
0.243037
0.230687
0.63121
0.246762
0.832606
0.865366
0.52627
0.812247
0.833592
0.62134
0.833319
0.368344
0.753974
0.714998
0.691385
0.787642
0.718247
0.99933
0.698698
0.932065
0.665886
0.704499
0.949372
0.715324
0.307347
0.992969
0.481047
0.672859
0.861944
0.315832
0.741237
0.281337
0.205923
0.309518
0.577159
0.928473
0.831245
0.354137
0.749329
0.862119
0.750206
0.455026
0.37381
0.467777
0.492474
0.707487
0.709394
0.246872
0.998538
0.322437
0.907279
0.938839
0.873932
0.534011
0.28241
0.910392
0.818324
0.781738
0.722558
0.395299
0.207241
0.993519
0.919226
0.202405
0.614103
0.73957
0.880579
0.96977
0.248129
0.999693
0.691796
0.800669
0.990519
0.874904
0.560962
0.809549
0.848644
0.933969
0.737869
0.831427
0.991416
0.593425
0.64214
0.677864
0.338932
0.818174
0.876066
0.741974
0.683147
0.754557
0.366369
0.927966
0.408315
0.946575
0.483061
0.784684
0.820468
0.560077
0.443339
0.795159
0.800488
0.639205
0.849546
0.828922
0.357733
0.318508
0.262505
0.431876
0.358617
0.252161
0.616812
0.50287
0.499727
0.22928
0.57191
0.668354
0.999608
0.696787
0.275922
0.996489
0.492159
0.246073
0.958153
0.63642
0.818058
0.768512
0.937618
0.874713
0.996069
0.353816
0.770168
0.407967
0.76021
0.725072
0.833218
0.983825
0.858495
0.999362
0.224596
0.850103
0.720663
0.631662
0.999874
0.44201
0.460422
0.907028
0.793361
0.663584
0.540993
0.773884
0.781
0.621633
0.851733
0.99645
0.852155
0.94412
0.414792
0.290554
0.615006
0.937225
0.372545
0.912303
0.238078
0.99995
0.73069
0.778445
0.973162
0.207282
0.269237
0.977771
0.828042
0.944053
0.557689
0.992288
0.890711
0.997436
0.999955
0.302975
0.88805
0.220848
0.489516
0.339247
0.784397
0.721788
0.447348
0.683267
0.46221
0.386245
0.6255
0.234084
0.404486
0.602553
0.846017
0.66789
0.850571
0.573393
0.37653
0.685144
0.391244
0.619181
0.31709
0.229677
0.873528
0.201364
0.567788
0.991556
0.714476
0.202258
0.585905
0.284423
0.385785
0.928533
0.312483
0.452218
0.301997
0.666096
0.229598
0.840356
0.547316
0.20619
0.78277
0.512701
0.201304
0.612511
0.928389
0.653456
0.292726
0.936827
0.536092
0.690306
0.489403
0.775148
0.374226
0.310097
0.408792
0.913988
0.919022
0.622743
0.857126
0.677064
0.662372
0.812431
0.670154
0.519872
0.566211
0.768386
0.29375
0.364479
0.314042
0.752966
0.248822
0.396835
0.845078
0.421436
0.622625
0.776625
0.403607
0.704569
0.99968
0.848878
0.844683
0.998946
0.433217
0.72987
0.439459
0.322681
0.774198
0.60799
0.244535
0.325152
0.866326
0.651188
0.739575
0.766538
0.614198
0.476507
0.907714
0.792401
0.705243
0.669049
0.688146
0.530865
0.512139
0.899527
0.943452
0.436332
0.717117
0.639061
0.712455
0.665636
0.344683
0.482669
0.496841
0.360175
0.898169
0.869164
0.200711
0.24925
0.822146
0.367871
0.212868
0.791187
0.374354
0.738149
0.562362
0.89942
0.957754
0.418501
0.498541
0.534488
0.495773
0.86552
0.468187
0.90148
0.875089
0.371479
0.786957
0.824921
0.235402
0.241099
0.830304
0.670997
0.661048
0.323007
0.846134
0.997105
0.496354
0.250566
0.364446
0.911594
0.386263
0.323337
0.825859
0.776159
0.700205
0.261091
0.822173
0.744888
0.491633
0.594367
0.730927
0.216914
0.479744
0.799455
0.831829
0.830464
0.630641
0.999305
0.994371
0.324931
0.607015
0.847273
0.481028
0.789347
0.535666
0.998072
0.522182
0.926189
0.304369
0.922485
0.382757
0.425265
0.75941
0.272162
0.44047
0.874655
0.747533
0.490708
0.642683
0.27976
0.594468
0.665487
0.745654
0.521065
0.428598
0.857112
0.401683
0.606872
0.80073
0.83944
0.893908
0.787072
0.679517
0.671867
0.416203
0.982465
0.833306
0.8006
0.681801
0.712816
0.997621
0.368578
0.570709
0.326069
0.496154
0.541447
0.298604
0.853587
0.785507
0.737571
0.826239
0.872698
0.967585
0.874977
0.994424
0.433217
0.999927
0.583312
0.694397
0.649139
0.382969
0.674888
0.712086
0.269605
0.549051
0.744153
0.999958
0.998648
0.851535
0.997482
0.874406
0.26317
0.856706
0.340348
0.807323
0.650923
0.718153
0.844394
0.400192
0.578499
0.552127
0.695212
0.270329
0.979807
0.753485
0.994645
0.566851
0.701818
0.384961
0.555566
0.844336
0.25983
0.256045
0.683475
0.678692
0.411373
0.249786
0.328758
0.91906
0.979714
0.553516
0.829284
0.50285
0.816357
0.327892
0.345627
0.998528
0.323822
0.441669
0.571661
0.249585
0.358994
0.438769
0.543148
0.674627
0.994068
0.245585
0.520684
0.988488
0.68554
0.70894
0.276011
0.765063
0.829959
0.720106
0.264254
0.291383
0.770986
0.292481
0.85741
0.408886
0.821311
0.99856
0.852742
0.92642
0.612947
0.606624
0.411514
0.31477
0.875082
0.213537
0.584673
0.824605
0.331664
0.708457
0.828856
0.384259
0.761992
0.421447
0.589819
0.251342
0.428258
0.600336
0.829414
0.930229
0.803666
0.238818
0.799947
0.796646
0.859538
0.501494
0.616205
0.648318
0.963419
0.975851
0.818622
0.648858
0.867004
0.606042
0.72208
0.996832
0.56964
0.259354
0.377674
0.681091
0.925857
0.871032
0.232284
0.576144
0.342272
0.530591
0.654541
0.873512
0.347093
0.751677
0.426748
0.314357
0.972123
0.71155
0.349916
0.450549
0.248714
0.406003
0.92473
0.66627
0.314384
0.525104
0.522097
0.452872
0.527286
0.200309
0.871826
0.663808
0.88622
0.8887
0.873439
0.864149
0.653623
0.304661
0.590443
0.91753
0.705326
0.849741
0.540812
0.824591
0.499883
0.447568
0.811477
0.68549
0.357954
0.610061
0.492854
0.636448
0.300498
0.578755
0.47465
0.539919
0.280366
0.389773
0.852948
0.662345
0.245544
0.618361
0.277618
0.799511
0.640381
0.636545
0.456714
0.795266
0.493179
0.304957
0.374426
0.556477
0.370476
0.797257
0.922232
0.72406
0.385157
0.284775
0.818623
0.582198
0.54776
0.799954
0.857643
0.866631
0.888759
0.224338
0.669672
0.909411
0.876967
0.656498
0.846024
0.267071
0.332103
0.853718
0.428789
0.883771
0.817607
0.334965
0.514336
0.24228
0.639994
0.250362
0.894956
0.2253
0.848649
0.928026
0.946647
0.749868
0.751977
0.812408
0.339016
0.596183
0.923544
0.369721
0.40946
0.301934
0.868599
0.966249
0.72627
0.995313
0.335262
0.248914
0.589954
0.484649
0.814779
0.375467
0.640977
0.833501
0.476433
0.232007
0.866813
0.906052
0.20932
0.813959
0.522302
0.468334
0.974874
0.257235
0.833646
0.430067
0.999823
0.996666
0.817272
0.991215
0.905313
0.889004
0.266614
0.231655
0.871483
0.697059
0.555496
0.319882
0.33392
0.998754
0.623031
0.285538
0.888701
0.912006
0.713733
0.332549
0.997441
0.527
0.856879
0.99981
0.665958
0.607065
0.320309
0.42949
0.735178
0.642828
0.260517
0.338214
0.99973
0.857352
0.728202
0.870963
0.6686
0.716558
0.58425
0.893978
0.774008
0.805152
0.399425
0.766159
0.396393
0.293226
0.9067
0.486411
0.75997
0.875
0.567731
0.352074
0.384914
0.270795
0.575169
0.737103
0.596838
0.57253
0.761188
0.737298
0.20696
0.662884
0.870929
0.404351
0.804755
0.993286
0.307596
0.776814
0.210121
0.995994
0.666205
0.874833
0.900118
0.902257
0.712291
0.857212
0.558836
0.739377
0.686636
0.214173
0.808981
0.810183
0.886154
0.270299
0.982221
0.928332
0.590672
0.578954
0.981491
0.376361
0.297843
0.312097
0.908247
0.782642
0.534757
0.85439
0.31876
0.653154
0.591346
0.796864
0.750808
0.840094
0.865399
0.412873
0.328341
0.647899
0.781866
0.880542
0.569373
0.846644
0.683833
0.239614
0.857712
0.68168
0.552836
0.568515
0.925945
0.627712
0.861268
0.433576
0.397798
0.875134
0.67312
0.872731
0.279821
0.391316
0.837138
0.280458
0.597369
0.806137
0.856195
0.767308
0.431577
0.359408
0.982561
0.866251
0.69085
0.362715
0.845337
0.482983
0.236314
0.719456
0.805349
0.328215
0.835615
0.878015
0.364678
0.845104
0.905772
0.396109
0.800824
0.714523
0.221078
0.797436
0.612209
0.455922
0.776358
0.812272
0.955324
0.98438
0.55633
0.931542
0.231554
0.37992
0.648144
0.591029
0.98635
0.423561
0.79274
0.718978
0.991644
0.636445
0.425696
0.730097
0.797573
0.809898
0.593812
0.494671
0.467792
0.312333
0.746023
0.704165
0.750437
0.995974
0.997818
0.28427
0.347628
0.211546
0.650786
0.86068
0.635254
0.377593
0.761165
0.907817
0.845199
0.998468
0.461037
0.71516
0.618772
0.993412
0.819547
0.584339
0.313316
0.88572
0.404667
0.572002
0.537721
0.5035
0.826273
0.726915
0.221909
0.923975
0.801828
0.634337
0.757935
0.352872
0.847608
0.224841
0.440756
0.711682
0.880685
0.652579
0.804371
0.79113
0.882484
0.866013
0.604485
0.989722
0.292921
0.712031
0.216862
0.670634
0.876795
0.806624
0.674479
0.601299
0.999886
0.76707
0.825252
0.432691
0.322505
0.745703
0.405581
0.999113
0.628242
0.416899
0.604079
0.418274
0.684352
0.771317
0.722345
0.655506
0.216568
0.856259
0.746059
0.206129
0.859882
0.498669
0.310148
0.733603
0.275456
0.985562
0.535744
0.999543
0.795875
0.686061
0.450315
0.999687
0.685232
0.999503
0.956508
0.742152
0.363664
0.533032
0.696104
0.626476
0.384018
0.661075
0.586408
0.552699
0.573729
0.341608
0.842163
0.708064
0.904314
0.328374
0.812251
0.217792
0.427219
0.473092
0.750651
0.678024
0.45869
0.699347
0.986544
0.355241
0.27632
0.986818
0.658724
0.668189
0.416677
0.363525
0.580798
0.510722
0.636782
0.695214
0.724648
0.631876
0.9947
0.554858
0.761381
0.513418
0.99834
0.746347
0.963134
0.575751
0.845021
0.456186
0.690094
0.779248
0.571412
0.997923
0.232015
0.289475
0.567352
0.605918
0.699709
0.781952
0.999346
0.861637
0.569034
0.762708
0.686837
0.955716
0.464057
0.866011
0.812484
0.717131
0.450452
0.820487
0.764902
0.898977
0.810921
0.485101
0.839024
0.749752
0.868463
0.743393
0.705388
0.818485
0.698026
0.77732
0.238544
0.775122
0.857107
0.464543
0.295475
0.332002
0.927587
0.410286
0.42596
0.5515
0.999304
0.409186
0.625914
0.327496
0.999755
0.771622
0.977987
0.479181
0.857215
0.997858
0.867734
0.866337
0.818043
0.880728
0.937274
0.874382
0.78735
0.965878
0.74275
0.242923
0.865159
0.828994
0.366794
0.452206
0.722714
0.303783
0.315847
0.400347
0.667094
0.431167
0.66224
0.555151
0.7586
0.742715
0.753265
0.560278
0.75683
0.61513
0.393072
0.74431
0.216868
0.84508
0.900465
0.397423
0.660276
0.670788
0.983951
0.201952
0.250718
0.400854
0.748189
0.208699
0.216458
0.999366
0.748349
0.582602
0.953757
0.967306
0.989606
0.88973
0.539872
0.932868
0.40271
0.501801
0.917919
0.247225
0.344441
0.553823
0.74991
0.862084
0.720916
0.543975
0.678518
0.809546
0.72388
0.744137
0.961925
0.615767
0.501297
0.832219
0.694695
0.830441
0.73089
0.743081
0.870285
0.808769
0.489089
0.497262
0.705857
0.220968
0.832163
0.821957
0.999752
0.740539
0.231585
0.730035
0.685276
0.567832
0.583027
0.269637
0.725643
0.748345
0.589371
0.710943
0.970216
0.646336
0.846683
0.306048
0.780104
0.529123
0.363765
0.659077
0.698282
0.831931
0.429057
0.646253
0.201341
0.840888
0.308763
0.901529
0.611964
0.328557
0.712512
0.470201
0.883043
0.968326
0.691793
0.942138
0.382133
0.764432
0.646893
0.267689
0.895931
0.932894
0.375458
0.278067
0.888266
0.396847
0.734576
0.455273
0.614549
0.254813
0.461907
0.769739
0.864601
0.858529
0.687133
0.799798
0.210621
0.45432
0.654332
0.754515
0.881009
0.845553
0.410849
0.478294
0.581916
0.687783
0.610507
0.73201
0.795758
0.831334
0.264528
0.864458
0.820108
0.299843
0.498587
0.700077
0.798544
0.706957
0.602347
0.54384
0.997803
0.51344
0.473751
0.714068
0.490878
0.421152
0.901709
0.927669
0.990518
0.477826
0.252491
0.709485
0.947199
0.993105
0.728284
0.753807
0.498731
0.825515
0.500429
0.29198
0.705373
0.60158
0.812683
0.435891
0.49222
0.538218
0.251408
0.247635
0.495442
0.82281
0.548304
0.357336
0.937296
0.9999
0.69977
0.562856
0.610068
0.856677
0.655139
0.99962
0.927004
0.696498
0.872216
0.818017
0.922031
0.223843
0.905068
0.207974
0.538413
0.581092
0.982077
0.714205
0.703473
0.360836
0.67941
0.580171
0.862205
0.636569
0.716519
0.474938
0.535398
0.999831
0.6393
0.30744
0.663073
0.477417
0.999981
0.686873
0.300772
0.337069
0.368508
0.996613
0.609703
0.707394
0.421583
0.486561
0.216888
0.753037
0.819407
0.71401
0.951355
0.872088
0.60269
0.708814
0.908969
0.443361
0.755026
0.516865
0.361708
0.866898
0.628943
0.351018
0.944178
0.828879
0.76526
0.916464
0.995286
0.337142
0.79244
0.999256
0.873902
0.464964
0.832572
0.498478
0.210496
0.699207
0.719428
0.909631
0.550805
0.999785
0.860017
0.46248
0.246683
0.450299
0.991994
0.895537
0.82612
0.203166
0.435343
0.821108
0.543042
0.783009
0.483083
0.851908
0.328841
0.947193
0.334032
0.888923
0.999965
0.418045
0.589296
0.536966
0.322066
0.923015
0.601366
0.481545
0.42769
0.381333
0.999923
0.920876
0.494775
0.385921
0.311324
0.867827
0.821462
0.78071
0.310742
0.84789
0.439369
0.976349
0.383363
0.590901
0.811663
0.635147
0.99999
0.639329
0.376589
0.99407
0.3318
0.570464
0.257817
0.385256
0.419335
0.463064
0.926988
0.999554
0.40265
0.455604
0.822348
0.825711
0.927726
0.215235
0.782839
0.264272
0.856285
0.656771
0.70736
0.285702
0.270946
0.604776
0.517139
0.310148
0.722188
0.45431
0.790043
0.713675
0.570314
0.978139
0.675812
0.251411
0.637655
0.799989
0.219104
0.624736
0.247956
0.484084
0.429687
0.999625
0.49298
0.441641
0.361324
0.415615
0.480534
0.491338
0.999823
0.711046
0.228991
0.273452
0.966497
0.519843
0.215763
0.415771
0.679101
0.858799
0.309012
0.293812
0.410272
0.21918
0.417929
0.64459
0.458847
0.775916
0.218738
0.224575
0.722535
0.827583
0.857392
0.308925
0.96058
0.751274
0.871303
0.508484
0.999166
0.213722
0.320695
0.644015
0.840395
0.665756
0.860826
0.749369
0.999559
0.717995
0.465182
0.61442
0.992383
0.23223
0.785929
0.806052
0.735745
0.321713
0.437517
0.536048
0.782424
0.469711
0.560367
0.616366
0.265711
0.554508
0.993564
0.64784
0.785734
0.691969
0.807979
0.495133
0.495282
0.3822
0.999402
0.607406
0.85652
0.757719
0.754287
0.751497
0.460431
0.32885
0.8707
0.866557
0.833313
0.53372
0.89363
0.616102
0.594114
0.600477
0.461168
0.663271
0.308112
0.694002
0.944309
0.61766
0.999923
0.71249
0.711323
0.329042
0.812511
0.667966
0.653868
0.545328
0.813269
0.668572
0.599905
0.99772
0.998996
0.255529
0.767353
0.633354
0.321646
0.359727
0.856954
0.41613
0.530754
0.515748
0.227399
0.249835
0.443735
0.811158
0.363886
0.578671
0.839794
0.669045
0.382539
0.313869
0.951751
0.490602
0.874946
0.38651
0.226263
0.983577
0.995699
0.776159
0.260761
0.455169
0.623245
0.452303
0.716193
0.692959
0.667188
0.933958
0.750292
0.745927
0.894261
0.215303
0.52397
0.692616
0.332253
0.623486
0.940078
0.666888
0.724977
0.416478
0.345521
0.682238
0.496233
0.805459
0.33297
0.867458
0.432319
0.655317
0.90692
0.845669
0.928524
0.799888
0.997132
0.874164
0.693631
0.349314
0.556942
0.522512
0.997532
0.392688
0.353249
0.587838
0.225752
0.717097
0.820996
0.812762
0.379649
0.285737
0.237168
0.452646
0.579829
0.839797
0.821351
0.244095
0.924179
0.769014
0.36715
0.78106
0.75938
0.834984
0.727878
0.449035
0.53601
0.738059
0.323596
0.518282
0.579535
0.871094
0.485156
0.744299
0.933818
0.607643
0.717158
0.941068
0.833021
0.706727
0.796241
0.690426
0.88416
0.607944
0.42673
0.819906
0.993955
0.543922
0.727748
0.694275
0.414812
0.899731
0.880482
0.748842
0.783234
0.730428
0.866522
0.41564
0.92009
0.839876
0.320528
0.850203
0.741367
0.29354
0.94882
0.834822
0.927578
0.813036
0.892846
0.817562
0.993669
0.993424
0.777417
0.306577
0.717388
0.357333
0.81299
0.321776
0.377516
0.8005
0.757069
0.291239
0.766454
0.614425
0.5378
0.999892
0.547114
0.353118
0.566534
0.943732
0.504502
0.74213
0.554337
0.82414
0.850503
0.646888
0.644226
0.749681
0.862507
0.683792
0.995319
0.994254
0.743838
0.249989
0.277393
0.99889
0.500011
0.749412
0.239644
0.223294
0.422379
0.223996
0.277147
0.446229
0.382243
0.77146
0.806124
0.459314
0.819496
0.937045
0.888861
0.689547
0.732996
0.790845
0.800816
0.214306
0.592949
0.28543
0.401847
0.256253
0.99995
0.867437
0.57905
0.915578
0.809442
0.999835
0.548521
0.792944
0.356761
0.318082
0.617367
0.505936
0.988205
0.322013
0.56861
0.427339
0.781657
0.477887
0.26571
0.681909
0.387218
0.234685
0.235573
0.897647
0.998736
0.800704
0.857424
0.995893
0.572759
0.904143
0.664944
0.734654
0.722719
0.71244
0.776661
0.859492
0.461242
0.683483
0.71498
0.741165
0.379367
0.290027
0.568546
0.606954
0.259231
0.834156
0.887938
0.609123
0.852015
0.417671
0.484807
0.998788
0.749768
0.298186
0.269096
0.684324
0.687507
0.422221
0.999826
0.29773
0.396241
0.799358
0.260231
0.564887
0.808961
0.606361
0.905526
0.805478
0.866513
0.688478
0.465799
0.653765
0.293007
0.990157
0.716355
0.22433
0.862335
0.613558
0.997601
0.808392
0.322776
0.830486
0.651135
0.34883
0.558595
0.76327
0.327623
0.976768
0.85439
0.30082
0.888864
0.873309
0.714198
0.614431
0.776013
0.680246
0.307261
0.708514
0.71316
0.866666
0.996654
0.797799
0.318841
0.465839
0.233523
0.420141
0.744691
0.537004
0.883078
0.806127
0.797186
0.274067
0.818402
0.904369
0.505693
0.307977
0.935792
0.724159
0.352661
0.663254
0.249036
0.817252
0.233999
0.558914
0.232924
0.938054
0.778766
0.542641
0.879166
0.705093
0.799562
0.332493
0.525277
0.282875
0.550435
0.858441
0.833603
0.682771
0.441653
0.308101
0.400256
0.764554
0.999545
0.701062
0.707265
0.857093
0.584866
0.615103
0.560692
0.800595
0.612152
0.766956
0.294397
0.923063
0.40026
0.204719
0.513217
0.95639
0.212838
0.651063
0.612731
0.637851
0.351079
0.381535
0.264732
0.312148
0.343024
0.309173
0.92396
0.389605
0.410055
0.999188
0.43113
0.351251
0.508322
0.311734
0.390208
0.619965
0.87691
0.877321
0.759515
0.801344
0.664898
0.33338
0.375004
0.495787
0.645206
0.335212
0.866104
0.700238
0.7974
0.405618
0.292508
0.988305
0.978334
0.211507
0.923902
0.612452
0.613125
0.333253
0.817054
0.875062
0.828255
0.867245
0.358544
0.420933
0.777025
0.606481
0.714903
0.765558
0.21394
0.725467
0.998219
0.624065
0.275221
0.71289
0.999142
0.263816
0.787646
0.54935
0.301106
0.605655
0.783788
0.692146
0.885092
0.302001
0.967071
0.672508
0.706302
0.983132
0.339002
0.755599
0.433185
0.999788
0.430428
0.24122
0.796109
0.541739
0.817719
0.800045
0.36539
0.92002
0.876149
0.398702
0.432422
0.378825
0.813984
0.982645
0.420829
0.76382
0.761342
0.497937
0.804411
0.645989
0.220369
0.286735
0.99973
0.280242
0.76782
0.255851
0.650603
0.442266
0.766056
0.289508
0.224714
0.455863
0.39495
0.623279
0.311107
0.999907
0.743785
0.977255
0.630893
0.451862
0.947733
0.807291
0.804547
0.626245
0.776997
0.805838
0.77247
0.896752
0.447784
0.947033
0.879618
0.926707
0.777561
0.795681
0.868101
0.873664
0.458731
0.376945
0.5322
0.3524
0.857141
0.667753
0.745144
0.742821
0.435242
0.56239
0.227333
0.67514
0.530776
0.758379
0.354456
0.992924
0.83674
0.657437
0.259773
0.756198
0.941306
0.564529
0.839173
0.849556
0.662469
0.48131
0.553493
0.661075
0.78424
0.833035
0.583904
0.472285
0.940657
0.409817
0.856042
0.743805
0.749475
0.395554
0.452151
0.533333
0.411034
0.278061
0.856942
0.229504
0.770633
0.306865
0.314655
0.714083
0.928298
0.470519
0.628551
0.813475
0.250161
0.782231
0.564011
0.63195
0.813771
0.872055
0.462131
0.591113
0.843774
0.524214
0.739942
0.358038
0.454627
0.742526
0.246524
0.833424
0.832779
0.84302
0.783223
0.311344
0.83459
0.847882
0.207746
0.797932
0.877611
0.454108
0.99961
0.419501
0.265993
0.729215
0.679957
0.999722
0.512083
0.866984
0.88764
0.223702
0.838422
0.624599
0.386109
0.344183
0.999243
0.613916
0.313801
0.452209
0.641715
0.86702
0.848723
0.75001
0.296469
0.421137
0.355734
0.856451
0.257889
0.878163
0.7947
0.994141
0.375442
0.762592
0.541815
0.47374
0.348919
0.940661
0.658579
0.997537
0.882224
0.835717
0.543034
0.642308
0.520931
0.712958
0.249182
0.399504
0.993329
0.919135
0.556842
0.244336
0.669344
0.419599
0.875203
0.999111
0.565514
0.326507
0.26691
0.927829
0.53961
0.884356
0.650294
0.674136
0.780593
0.972705
0.649406
0.489998
0.85053
0.592416
0.781586
0.855826
0.87853
0.694731
0.295741
0.365646
0.665901
0.456034
0.216961
0.350928
0.611708
0.434713
0.766845
0.473618
0.364876
0.800483
0.502947
0.989892
0.990044
0.543384
0.921109
0.446668
0.777998
0.857122
0.9154
0.999948
0.587382
0.997876
0.681986
0.99532
0.998908
0.515459
0.358057
0.739732
0.897999
0.801614
0.820324
0.994183
0.984231
0.388099
0.994258
0.689581
0.703607
0.669344
0.30864
0.528054
0.725146
0.842392
0.73393
0.884428
0.835526
0.521699
0.802836
0.322263
0.912805
0.651418
0.596549
0.654625
0.628367
0.799414
0.892304
0.210269
0.783355
0.865626
0.617183
0.799801
0.931275
0.409682
0.696182
0.987028
0.361727
0.778889
0.657982
0.456859
0.690532
0.755131
0.775356
0.428252
0.992924
0.93171
0.754298
0.833133
0.88459
0.882901
0.611202
0.807772
0.791942
0.376035
0.529012
0.219734
0.947665
0.579584
0.797735
0.928888
0.515517
0.99677
0.419248
0.425793
0.937177
0.730378
0.633677
0.845222
0.708395
0.649556
0.863046
0.675232
0.852216
0.715617
0.378125
0.848395
0.810468
0.796342
0.924786
0.283864
0.428762
0.402427
0.668118
0.436113
0.338292
0.730613
0.988636
0.376742
0.552541
0.999617
0.777227
0.891261
0.288629
0.657387
0.88131
0.410469
0.6448
0.835641
0.292059
0.218394
0.240367
0.238303
0.799091
0.855828
0.679345
0.476538
0.420162
0.342149
0.998849
0.705494
0.294284
0.777933
0.463279
0.338766
0.570475
0.594408
0.28591
0.420417
0.236245
0.38577
0.988176
0.205438
0.262043
0.887549
0.324495
0.652472
0.806415
0.267291
0.763006
0.789632
0.707375
0.816892
0.839369
0.685042
0.212751
0.79857
0.63868
0.843946
0.999612
0.211117
0.291976
0.428806
0.333249
0.557399
0.590223
0.437916
0.533192
0.811243
0.932771
0.496303
0.261532
0.598274
0.243776
0.924865
0.987525
0.899866
0.991417
0.241353
0.994448
0.998988
0.48159
0.735305
0.476862
0.997819
0.817051
0.40128
0.666903
0.333699
0.639338
0.327879
0.986357
0.881845
0.810805
0.557822
0.651055
0.74007
0.685097
0.875471
0.814493
0.267571
0.216056
0.274275
0.41354
0.745877
0.832687
0.250013
0.761216
0.632353
0.486061
0.746466
0.663248
0.554037
0.709922
0.776057
0.804742
0.443296
0.994575
0.815
0.667542
0.804961
0.827919
0.284215
0.821013
0.499973
0.836503
0.399114
0.997065
0.369722
0.506785
0.99978
0.748931
0.922551
0.710621
0.646372
0.366482
0.259406
0.990324
0.896686
0.498826
0.293798
0.267805
0.467634
0.996319
0.849601
0.800416
0.723328
0.225079
0.511373
0.705713
0.265179
0.8667
0.73096
0.795645
0.293737
0.971476
0.78865
0.421607
0.74825
0.640572
0.87701
0.866622
0.212169
0.530305
0.596939
0.412353
0.995691
0.300658
0.455221
0.831979
0.481063
0.677285
0.210902
0.883024
0.299795
0.992109
0.622316
0.856674
0.365479
0.968955
0.999993
0.751722
0.419607
0.761868
0.873041
0.66374
0.356757
0.693174
0.352836
0.898991
0.986295
0.561618
0.50906
0.832595
0.999348
0.344015
0.89528
0.877342
0.354942
0.54624
0.923569
0.930798
0.509637
0.595895
0.744412
0.200686
0.786526
0.333716
0.319125
0.91248
0.919383
0.751136
0.999536
0.417623
0.864493
0.831123
0.809832
0.430398
0.285188
0.67794
0.810494
0.866337
0.870066
0.655558
0.639478
0.576305
0.454478
0.525915
0.646184
0.874786
0.856741
0.265383
0.840992
0.619802
0.749077
0.29448
0.933279
0.714543
0.538045
0.99705
0.297279
0.272716
0.997847
0.242439
0.726934
0.865396
0.688912
0.653131
0.833692
0.556441
0.281621
0.722804
0.260694
0.749963
0.348052
0.408915
0.913727
0.346626
0.411524
0.888068
0.24172
0.366476
0.886642
0.986427
0.316589
0.200874
0.528107
0.850152
0.644637
0.74555
0.269933
0.709604
0.865189
0.985927
0.460429
0.614652
0.201147
0.998344
0.793032
0.204718
0.881288
0.480881
0.563636
0.721427
0.984053
0.92307
0.359629
0.874115
0.733986
0.597615
0.904407
0.343786
0.797078
0.34235
0.416259
0.723906
0.340776
0.426151
0.385473
0.22045
0.436403
0.295231
0.310278
0.410053
0.286415
0.373654
0.561383
0.296535
0.523716
0.411666
0.533189
0.501138
0.795671
0.294851
0.835162
0.281681
0.399252
0.550444
0.443704
0.295891
0.714173
0.563459
0.982942
0.247823
0.653154
0.698658
0.719645
0.99859
0.817847
0.448449
0.624685
0.907226
0.998428
0.207826
0.408725
0.719993
0.831642
0.710279
0.97033
0.698256
0.582476
0.325278
0.999828
0.998862
0.81209
0.891133
0.50571
0.381904
0.865513
0.591246
0.509897
0.651093
0.800242
0.894265
0.843524
0.609362
0.668843
0.497399
0.822762
0.230795
0.451541
0.420523
0.92304
0.576677
0.303417
0.839839
0.349383
0.588786
0.539245
0.749445
0.452218
0.309762
0.999995
0.9224
0.433829
0.91276
0.853735
0.882701
0.837125
0.741198
0.872843
0.998473
0.96901
0.863945
0.442581
0.387373
0.765754
0.884597
0.206323
0.711671
0.824818
0.840881
0.866359
0.939907
0.851446
0.811524
0.874705
0.365925
0.782853
0.838945
0.831694
0.82828
0.695098
0.703498
0.326407
0.929998
0.650216
0.777409
0.453647
0.629983
0.998549
0.905265
0.80776
0.73983
0.517642
0.997135
0.855493
0.697647
0.65284
0.908811
0.910729
0.208132
0.394394
0.676641
0.403484
0.323081
0.273077
0.249794
0.779636
0.208436
0.365018
0.534187
0.48446
0.390044
0.634791
0.30761
0.736385
0.915216
0.233038
0.996643
0.326794
0.690315
0.608929
0.926901
0.783273
0.613326
0.644715
0.82935
0.849048
0.452832
0.249201
0.671636
0.730657
0.994939
0.376035
0.729865
0.582831
0.845006
0.614266
0.921361
0.711315
0.658699
0.413276
0.540027
0.999194
0.769885
0.623523
0.803028
0.29134
0.795423
0.265431
0.707144
0.481866
0.210866
0.585363
0.874231
0.394961
0.529738
0.870693
0.953169
0.3077
0.530317
0.617595
0.977963
0.875025
0.875823
0.487856
0.479912
0.980869
0.279576
0.285893
0.839724
0.544018
0.83006
0.854979
0.857528
0.395383
0.551457
0.94898
0.768384
0.611733
0.421655
0.825111
0.342865
0.283366
0.539145
0.94609
0.363666
0.343058
0.634112
0.815419
0.843448
0.578946
0.664861
0.262291
0.656215
0.668573
0.877748
0.641763
0.390017
0.452517
0.642104
0.750473
0.209797
0.824511
0.665109
0.928337
0.455199
0.543199
0.70491
0.937494
0.786636
0.873928
0.838059
0.615316
0.571307
0.763305
0.354698
0.236455
0.799008
0.410991
0.765978
0.450321
0.662523
0.857589
0.507076
0.28298
0.671237
0.363756
0.674143
0.650071
0.48455
0.383644
0.593314
0.684106
0.291954
0.396732
0.814698
0.776915
0.845905
0.568125
0.516506
0.206586
0.808887
0.61003
0.639451
0.778831
0.279703
0.799912
0.575594
0.751907
0.277647
0.814147
0.936412
0.812488
0.469864
0.975529
0.66745
0.616781
0.526781
0.265407
0.840821
0.232492
0.56393
0.471419
0.252086
0.618012
0.851549
0.813281
0.304662
0.760911
0.625175
0.470547
0.817839
0.721176
0.993987
0.998501
0.818175
0.4026
0.705743
0.915673
0.869037
0.421632
0.993523
0.85591
0.869004
0.42696
0.45448
0.865718
0.997222
0.811795
0.723445
0.307225
0.609983
0.811949
0.55681
0.477287
0.387222
0.521711
0.985585
0.784777
0.546081
0.999551
0.583314
0.661628
0.338896
0.421095
0.99882
0.691226
0.810683
0.944735
0.960747
0.694572
0.55383
0.887648
0.750253
0.963266
0.916604
0.30247
0.317789
0.490907
0.903058
0.419187
0.627164
0.794243
0.232697
0.222669
0.798598
0.740051
0.986052
0.833175
0.998322
0.82488
0.495387
0.41108
0.229534
0.766389
0.452919
0.724132
0.287194
0.670582
0.37793
0.861333
0.823423
0.384032
0.430469
0.727879
0.330444
0.640597
0.303161
0.588691
0.93999
0.494037
0.846432
0.208942
0.719507
0.857113
0.539317
0.928917
0.832963
0.898877
0.818094
0.3416
0.327043
0.732423
0.463309
0.834165
0.547033
0.853246
0.372964
0.396491
0.338722
0.497125
0.653425
0.893933
0.275255
0.865412
0.80146
0.760559
0.441737
0.810866
0.804573
0.856935
0.88012
0.590014
0.733103
0.588078
0.53255
0.833133
0.489265
0.459659
0.519067
0.846071
0.700607
0.21766
0.647589
0.616447
0.853788
0.394603
0.812575
0.373055
0.74799
0.290694
0.402814
0.850308
0.483587
0.99951
0.921621
0.683257
0.325688
0.666484
0.816079
0.826832
0.779914
0.857767
0.225941
0.434992
0.712285
0.699974
0.762229
0.750259
0.275669
0.660603
0.888933
0.773495
0.662917
0.21177
0.530833
0.491982
0.429335
0.319388
0.367146
0.379088
0.709285
0.227583
0.467495
0.862322
0.432867
0.93029
0.331508
0.720545
0.718677
0.382605
0.999601
0.353165
0.696474
0.221052
0.761221
0.723161
0.815088
0.772122
0.732468
0.642765
0.270124
0.983834
0.502673
0.210434
0.284325
0.22764
0.73443
0.854219
0.72954
0.649839
0.812263
0.64225
0.503309
0.644943
0.737045
0.46156
0.57084
0.849827
0.584252
0.6835
0.712761
0.496837
0.346274
0.775068
0.622122
0.933091
0.32163
0.957456
0.775967
0.864573
0.880593
0.732015
0.697555
0.319935
0.738695
0.384605
0.419818
0.673666
0.395513
0.965747
0.387373
0.841469
0.362393
0.563096
0.981988
0.745268
0.235222
0.687344
0.47757
0.659133
0.838366
0.54038
0.352926
0.374378
0.233219
0.420918
0.603072
0.501058
0.250428
0.994615
0.451196
0.985857
0.903195
0.854952
0.250968
0.672195
0.661959
0.564492
0.451992
0.605478
0.903525
0.766329
0.999283
0.989912
0.390908
0.375623
0.564176
0.256371
0.997295
0.438846
0.920614
0.671222
0.856826
0.928389
0.213028
0.82271
0.3399
0.482465
0.571207
0.705035
0.823459
0.45267
0.782684
0.920196
0.642838
0.773197
0.320048
0.504378
0.580653
0.871244
0.528303
0.672113
0.444726
0.986433
0.381086
0.237556
0.565712
0.998879
0.489875
0.940652
0.515274
0.999527
0.442747
0.524933
0.226809
0.418074
0.343876
0.803124
0.372929
0.294843
0.999889
0.979907
0.666713
0.282796
0.42916
0.778253
0.858957
0.90145
0.838614
0.867086
0.761765
0.430924
0.327311
0.322302
0.834807
0.248196
0.313685
0.952502
0.400898
0.696026
0.999713
0.855669
0.694286
0.221945
0.458734
0.789481
0.596124
0.280903
0.926724
0.288948
0.991477
0.978108
0.417313
0.269376
0.382983
0.357334
0.869094
0.226504
0.874655
0.780193
0.599869
0.709532
0.4342
0.999581
0.232005
0.94184
0.8455
0.322433
0.996952
0.682476
0.995748
0.23759
0.404712
0.288204
0.703925
0.231821
0.585383
0.203001
0.625522
0.261489
0.612376
0.450204
0.57232
0.798031
0.565343
0.9993
0.248912
0.92839
0.600031
0.635953
0.267803
0.239081
0.479166
0.897227
0.355361
0.319893
0.268978
0.985738
0.963857
0.331187
0.888491
0.485861
0.461928
0.312938
0.724209
0.292712
0.961128
0.410816
0.304379
0.283803
0.809921
0.22907
0.915579
0.692039
0.507703
0.418843
0.566097
0.604553
0.360736
0.461096
0.75402
0.560432
0.671268
0.998082
0.698991
0.548123
0.765105
0.5728
0.864191
0.894524
0.879662
0.77755
0.607743
0.729753
0.570774
0.265997
0.299191
0.849059
0.999777
0.998692
0.321329
0.593057
0.25601
0.30025
0.923093
0.668779
0.534532
0.832272
0.478711
0.296475
0.816815
0.503294
0.752364
0.552433
0.585367
0.721782
0.566606
0.780259
0.855001
0.423676
0.725051
0.505981
0.23919
0.998373
0.90658
0.581582
0.406858
0.785452
0.627926
0.447703
0.486796
0.468514
0.246175
0.855369
0.560393
0.425041
0.772297
0.821843
0.637832
0.636363
0.786644
0.603489
0.813896
0.67401
0.837668
0.993503
0.322072
0.749879
0.998687
0.232708
0.806438
0.736087
0.866515
0.296142
0.545764
0.506381
0.432145
0.234561
0.250546
0.773356
0.627019
0.740424
0.783564
0.880485
0.992876
0.392383
0.708663
0.808244
0.745283
0.882829
0.862024
0.21216
0.882098
0.844751
0.823761
0.72226
0.760617
0.856279
0.58154
0.479935
0.554451
0.378741
0.499508
0.961188
0.9751
0.425924
0.709766
0.418549
0.201681
0.491966
0.795241
0.677181
0.749796
0.312122
0.694093
0.410309
0.515827
0.534138
0.852318
0.666202
0.617127
0.335146
0.303605
0.5
0.423965
0.852193
0.334709
0.22717
0.222191
0.92961
0.707257
0.787446
0.386619
0.609989
0.799137
0.864663
0.339143
0.389888
0.802106
0.788534
0.530012
0.678678
0.978455
0.784797
0.39743
0.546651
0.291255
0.450011
0.515204
0.783202
0.485556
0.670573
0.530744
0.45613
0.744021
0.644489
0.236295
0.319734
0.981501
0.838166
0.782474
0.347684
0.873054
0.629738
0.687322
0.550977
0.733189
0.53489
0.408724
0.87487
0.527436
0.206859
0.999475
0.876407
0.374525
0.359831
0.99973
0.571193
0.501935
0.570978
0.529759
0.525359
0.733796
0.868164
0.546315
0.965594
0.436185
0.930622
0.88229
0.553717
0.269844
0.343561
0.724623
0.355896
0.62291
0.997588
0.281738
0.80973
0.602244
0.803135
0.577392
0.490254
0.654043
0.768097
0.752041
0.999463
0.845606
0.56827
0.388196
0.457966
0.750049
0.989081
0.994039
0.29155
0.562243
0.733381
0.687156
0.292826
0.808886
0.778865
0.538062
0.999801
0.840148
0.239717
0.649853
0.31839
0.866959
0.738378
0.253114
0.590054
0.680437
0.561311
0.999765
0.799569
0.845114
0.45527
0.585989
0.613162
0.816495
0.699602
0.416838
0.999542
0.800034
0.92395
0.990229
0.385035
0.921481
0.923848
0.486023
0.99916
0.224232
0.326652
0.458626
0.20853
0.839386
0.871178
0.832748
0.267583
0.699748
0.260242
0.847495
0.641244
0.674982
0.999997
0.810224
0.702353
0.818186
0.928519
0.628031
0.736403
0.625498
0.743884
0.741744
0.300148
0.410528
0.207239
0.617337
0.909163
0.739667
0.422198
0.869663
0.691868
0.996289
0.334475
0.774461
0.448896
0.718357
0.804778
0.588207
0.452082
0.386359
0.919906
0.238679
0.758478
0.848785
0.857142
0.202391
0.738068
0.232141
0.775306
0.403226
0.56831
0.711865
0.726449
0.932083
0.999194
0.80292
0.894674
0.34219
0.999696
0.284471
0.275321
0.565228
0.207456
0.832415
0.850235
0.218584
0.803723
0.625401
0.412675
0.626931
0.768625
0.677407
0.661745
0.223865
0.364155
0.232563
0.269449
0.625896
0.816945
0.745208
0.668772
0.248021
0.91176
0.347154
0.587858
0.76433
0.810886
0.686759
0.875897
0.26889
0.719056
0.865989
0.459217
0.913398
0.6565
0.322934
0.628221
0.824661
0.561968
0.859136
0.834479
0.377569
0.737621
0.710884
0.965326
0.543095
0.331329
0.854828
0.793008
0.846372
0.800683
0.617824
0.345591
0.521192
0.280067
0.337874
0.798139
0.665772
0.549673
0.766197
0.598724
0.471301
0.657442
0.877337
0.624297
0.805764
0.550152
0.708706
0.853296
0.722276
0.548437
0.40624
0.657656
0.685099
0.653324
0.246908
0.21918
0.856969
0.651393
0.99488
0.882272
0.270639
0.855095
0.367951
0.445947
0.841001
0.652863
0.910659
0.862283
0.241446
0.33562
0.531178
0.562444
0.498302
0.673206
0.539211
0.994267
0.745177
0.997715
0.483011
0.995901
0.532827
0.254304
0.415091
0.350551
0.998302
0.352314
0.953972
0.996238
0.800202
0.799663
0.527692
0.309564
0.703547
0.700789
0.392903
0.764631
0.518185
0.639885
0.243082
0.741218
0.670795
0.552561
0.667589
0.251611
0.877409
0.466091
0.358947
0.999414
0.542769
0.643344
0.292639
0.840648
0.887218
0.917439
0.629086
0.791478
0.999762
0.789578
0.875377
0.960549
0.25834
0.28456
0.738717
0.715692
0.4654
0.609652
0.759023
0.85625
0.829657
0.992919
0.713916
0.593995
0.777573
0.21876
0.257704
0.670935
0.936303
0.978346
0.623962
0.643512
0.773983
0.797792
0.889058
0.707389
0.818904
0.922829
0.682741
0.798325
0.269641
0.796047
0.73243
0.670615
0.842994
0.879529
0.599859
0.701097
0.822863
0.334069
0.560676
0.843317
0.572849
0.523758
0.50673
0.643816
0.259262
0.58271
0.999012
0.851142
0.331842
0.87188
0.487832
0.577287
0.636405
0.823908
0.750965
0.778822
0.418645
0.818071
0.578071
0.834883
0.705228
0.965676
0.45163
0.503107
0.57098
0.557753
0.999011
0.999731
0.324167
0.938945
0.626735
0.625036
0.368163
0.897746
0.999227
0.989022
0.800125
0.35929
0.22541
0.386959
0.399451
0.22723
0.376086
0.321869
0.89673
0.859876
0.814293
0.615479
0.280122
0.237995
0.541174
0.203131
0.512266
0.286377
0.662016
0.927508
0.509125
0.859098
0.318675
0.459373
0.477337
0.259308
0.243598
0.591877
0.71405
0.99792
0.902645
0.328284
0.60845
0.666501
0.837811
0.654869
0.214312
0.647979
0.373426
0.579374
0.522556
0.243034
0.57805
0.999423
0.33167
0.641747
0.239607
0.204723
0.660385
0.97106
0.215932
0.839806
0.695106
0.941006
0.371384
0.998495
0.996418
0.74753
0.999453
0.337857
0.250586
0.263996
0.999543
0.779048
0.571413
0.768403
0.635391
0.97999
0.748293
0.969006
0.705543
0.498159
0.295428
0.652349
0.200333
0.347763
0.281063
0.999682
0.666588
0.83205
0.838825
0.818266
0.271811
0.732392
0.326508
0.850996
0.624379
0.701654
0.999961
0.368537
0.662246
0.780385
0.609295
0.736066
0.308306
0.989728
0.756629
0.882255
0.742565
0.234267
0.852544
0.878585
0.8908
0.712204
0.389331
0.640421
0.806079
0.417057
0.732199
0.865318
0.988257
0.833758
0.714393
0.746597
0.453854
0.650599
0.878947
0.386004
0.623611
0.520815
0.914753
0.943924
0.456496
0.226161
0.529125
0.99475
0.494757
0.845149
0.433748
0.82074
0.449021
0.214125
0.785054
0.643982
0.449308
0.86432
0.742688
0.426902
0.998569
0.558066
0.770425
0.987648
0.452064
0.837994
0.296762
0.660732
0.749256
0.633797
0.263756
0.279358
0.513901
0.684942
0.202786
0.24196
0.411672
0.560009
0.266113
0.987059
0.913544
0.783018
0.275827
0.665977
0.539152
0.386146
0.699662
0.817761
0.323101
0.733384
0.932077
0.585011
0.326724
0.532786
0.640216
0.629697
0.871951
0.875592
0.327077
0.35565
0.461297
0.666494
0.347684
0.774215
0.628242
0.678504
0.216568
0.492611
0.865201
0.219406
0.369669
0.649611
0.903624
0.279446
0.4782
0.2159
0.647394
0.829379
0.353275
0.263977
0.612103
0.577275
0.339138
0.801666
0.733734
0.987146
0.570702
0.279572
0.717387
0.740682
0.99379
0.494155
0.324322
0.818839
0.865439
0.250306
0.552048
0.370496
0.835075
0.730436
0.924418
0.636927
0.714453
0.960256
0.598807
0.882692
0.279669
0.314835
0.271677
0.546961
0.830863
0.526387
0.399675
0.430339
0.589953
0.610722
0.640472
0.533209
0.842322
0.730833
0.884162
0.280962
0.884231
0.665416
0.701318
0.84748
0.347134
0.831045
0.485595
0.63375
0.882339
0.6568
0.795743
0.225384
0.774419
0.505523
0.794529
0.63215
0.856908
0.739776
0.894406
0.250784
0.246467
0.880615
0.885522
0.444462
0.729115
0.724543
0.800136
0.328291
0.582871
0.991624
0.865189
0.318269
0.896142
0.267029
0.653613
0.995978
0.751885
0.807276
0.240947
0.779075
0.216837
0.4635
0.375239
0.656192
0.849913
0.905862
0.274472
0.468724
0.600574
0.738551
0.811689
0.491008
0.668609
0.900088
0.998298
0.712029
0.992816
0.4434
0.513516
0.896693
0.649124
0.91762
0.533675
0.597415
0.332378
0.772504
0.284501
0.751195
0.248968
0.225986
0.597096
0.718855
0.772486
0.522994
0.240758
0.8391
0.748983
0.736141
0.994425
0.878007
0.430747
0.218983
0.238855
0.922572
0.999997
0.999405
0.514206
0.410238
0.35374
0.882612
0.201135
0.784073
0.402505
0.625001
0.833664
0.748861
0.711802
0.928368
0.714347
0.691965
0.540488
0.967812
0.799032
0.381215
0.474577
0.989885
0.707847
0.469008
0.878908
0.749342
0.867888
0.939037
0.93133
0.231405
0.641237
0.260373
0.345775
0.849586
0.363676
0.662987
0.24077
0.81822
0.778888
0.400105
0.314868
0.314645
0.989894
0.894549
0.465567
0.73647
0.875016
0.210716
0.664988
0.807225
0.994616
0.901624
0.57124
0.211338
0.526808
0.442213
0.474304
0.630183
0.801039
0.856995
0.437505
0.584834
0.826883
0.376857
0.540696
0.992771
0.456492
0.839419
0.750061
0.928127
0.996891
0.63349
0.789529
0.89097
0.642352
0.928611
0.989347
0.694644
0.728079
0.852437
0.884651
0.875
0.600911
0.354368
0.921182
0.751055
0.749471
0.921384
0.249495
0.989746
0.739287
0.477518
0.694491
0.53411
0.409323
0.617862
0.381122
0.899756
0.913115
0.298167
0.773652
0.830476
0.338619
0.608341
0.660486
0.639044
0.506562
0.748861
0.868876
0.446348
0.552979
0.284072
0.570762
0.859877
0.998584
0.914905
0.703995
0.879626
0.927307
0.589718
0.904717
0.690876
0.824574
0.412097
0.587432
0.203841
0.414383
0.499724
0.715237
0.339859
0.754994
0.388576
0.714455
0.362388
0.272731
0.866689
0.669207
0.336156
0.752015
0.884015
0.540317
0.38347
0.828576
0.438968
0.309454
0.899369
0.851642
0.699075
0.720625
0.993402
0.963874
0.292441
0.532786
0.638158
0.567096
0.213602
0.860346
0.357734
0.661188
0.208788
0.377218
0.9445
0.634188
0.840109
0.623384
0.837156
0.272256
0.809232
0.310762
0.996711
0.664602
0.738427
0.586513
0.624588
0.830873
0.766354
0.463554
0.266934
0.434972
0.831041
0.456234
0.816468
0.785689
0.378164
0.714377
0.558431
0.956132
0.24842
0.619021
0.392163
0.445764
0.466833
0.499471
0.385119
0.777905
0.993616
0.932874
0.488109
0.406781
0.817322
0.800637
0.677487
0.826365
0.800772
0.831119
0.999867
0.767642
0.292352
0.876027
0.383959
0.875476
0.226166
0.828818
0.602175
0.240519
0.765882
0.23952
0.219383
0.514948
0.265395
0.835092
0.574831
0.830733
0.210533
0.844607
0.636466
0.812464
0.716194
0.498782
0.290465
0.887798
0.319593
0.812384
0.505305
0.850145
0.85562
0.607905
0.821367
0.318438
0.551387
0.802452
0.453507
0.474775
0.799813
0.994326
0.660364
0.356512
0.543537
0.692888
0.641839
0.753265
0.242887
0.849271
0.769334
0.501558
0.81322
0.253052
0.230995
0.875285
0.833777
0.373084
0.792217
0.242434
0.977756
0.700268
0.760982
0.888761
0.93439
0.527075
0.638089
0.215873
0.874076
0.26469
0.337584
0.71355
0.926675
0.519347
0.351039
0.367221
0.470112
0.226867
0.479766
0.692407
0.770529
0.822687
0.71403
0.999704
0.333779
0.22363
0.921829
0.56454
0.50937
0.249866
0.554727
0.391405
0.495118
0.88171
0.874557
0.338728
0.67992
0.875146
0.817825
0.402938
0.565557
0.995292
0.862965
0.842394
0.799879
0.690526
0.936409
0.590962
0.265077
0.874395
0.748384
0.229472
0.99877
0.761773
0.508149
0.923762
0.394604
0.855248
0.874806
0.58246
0.523977
0.882364
0.309003
0.79735
0.535907
0.270964
0.334611
0.780392
0.581712
0.256253
0.381116
0.849327
0.967668
0.767356
0.822898
0.581804
0.380826
0.793791
0.701884
0.870555
0.619272
0.831265
0.474189
0.999909
0.285716
0.303788
0.517979
0.532392
0.659105
0.824556
0.913212
0.350099
0.409819
0.812625
0.823744
0.727727
0.691968
0.538341
0.375762
0.631307
0.534791
0.335389
0.685862
0.467533
0.277281
0.510988
0.351575
0.99773
0.544389
0.707764
0.860939
0.697655
0.999381
0.397259
0.631753
0.634882
0.747119
0.829132
0.531182
0.313122
0.399856
0.758767
0.613365
0.916246
0.537851
0.82562
0.693721
0.99609
0.662596
0.996863
0.699949
0.767451
0.885648
0.808249
0.36031
0.873454
0.560475
0.784173
0.720676
0.451801
0.415909
0.656855
0.668799
0.555952
0.441548
0.505077
0.603898
0.600205
0.583135
0.377789
0.971386
0.240991
0.434674
0.747801
0.526296
0.833197
0.625273
0.786983
0.584215
0.802526
0.377077
0.561825
0.8
0.500682
0.392929
0.437585
0.49986
0.219927
0.600471
0.517794
0.991005
0.78922
0.288584
0.775897
0.322575
0.385195
0.999848
0.418208
0.999576
0.795177
0.666597
0.743341
0.999911
0.758031
0.355968
0.65507
0.838944
0.828631
0.843038
0.991315
0.233334
0.810227
0.819649
0.49912
0.854747
0.833682
0.747144
0.783965
0.720632
0.945633
0.750141
0.318386
0.244271
0.890909
0.774665
0.733705
0.641694
0.775026
0.836759
0.602147
0.97494
0.897974
0.797704
0.434561
0.636439
0.998987
0.284674
0.995566
0.218952
0.675679
0.684652
0.202481
0.332878
0.78617
0.875853
0.22508
0.999811
0.920329
0.598799
0.235315
0.708126
0.388338
0.901047
0.779704
0.484508
0.996264
0.479919
0.513439
0.811912
0.675752
0.885373
0.590852
0.599405
0.789819
0.677512
0.860502
0.5596
0.57169
0.250623
0.897759
0.77738
0.881498
0.963477
0.330861
0.498741
0.738384
0.485015
0.688931
0.237293
0.453749
0.564009
0.99209
0.817198
0.996639
0.32546
0.325055
0.532946
0.599707
0.245755
0.770356
0.822368
0.48361
0.676522
0.616164
0.758512
0.522841
0.6662
0.449259
0.971949
0.65312
0.824431
0.875396
0.405766
0.646703
0.991614
0.331244
0.777681
0.976051
0.792917
0.311035
0.263815
0.985216
0.695043
0.827174
0.743662
0.76376
0.412946
0.605757
0.246812
0.81692
0.642483
0.612706
0.234512
0.23252
0.904158
0.221132
0.211471
0.271975
0.712284
0.718555
0.837598
0.687725
0.585954
0.488076
0.501387
0.39574
0.385357
0.804712
0.517112
0.350684
0.213891
0.709762
0.398458
0.800079
0.797393
0.207538
0.566587
0.860868
0.933216
0.372212
0.474003
0.976835
0.845557
0.43767
0.412961
0.431533
0.273665
0.231041
0.831893
0.349111
0.265273
0.841005
0.294105
0.631287
0.264104
0.660902
0.624633
0.715685
0.243184
0.630167
0.591962
0.833248
0.67926
0.333401
0.781937
0.814454
0.229902
0.580687
0.476674
0.593568
0.795932
0.785017
0.369295
0.384011
0.740726
0.924941
0.656897
0.448093
0.777478
0.670668
0.571374
0.713223
0.927446
0.682379
0.848655
0.944389
0.354697
0.235152
0.82524
0.733303
0.407605
0.334263
0.629081
0.477901
0.890703
0.535097
0.351831
0.77467
0.492989
0.21337
0.796633
0.997937
0.335528
0.419262
0.446379
0.741932
0.34042
0.499722
0.683462
0.999589
0.784716
0.624213
0.322988
0.407452
0.335462
0.84377
0.372502
0.862844
0.933766
0.853738
0.972104
0.852411
0.410028
0.919403
0.250003
0.434318
0.829146
0.412854
0.252831
0.836312
0.656023
0.481592
0.791808
0.525627
0.679031
0.239997
0.905282
0.311042
0.526553
0.997696
0.232423
0.463277
0.744097
0.632868
0.803593
0.798348
0.824996
0.92813
0.682243
0.353495
0.232297
0.555174
0.732926
0.931999
0.880743
0.984873
0.891966
0.236221
0.287914
0.393946
0.364394
0.282945
0.853436
0.203483
0.987642
0.549806
0.728209
0.442704
0.517601
0.452129
0.798855
0.647241
0.210441
0.301684
0.573399
0.858066
0.997977
0.671809
0.541668
0.207282
0.921056
0.411999
0.724969
0.781686
0.376713
0.768608
0.658416
0.360999
0.348221
0.714583
0.928394
0.250199
0.853204
0.736766
0.765532
0.994616
0.999891
0.998776
0.252959
0.23096
0.309828
0.849743
0.780592
0.279148
0.263255
0.796456
0.464767
0.821664
0.748662
0.831315
0.204297
0.541569
0.655018
0.818898
0.968673
0.217193
0.3038
0.62911
0.844998
0.250803
0.980756
0.783891
0.928131
0.968761
0.887768
0.72677
0.30448
0.825556
0.861
0.690743
0.837587
0.261926
0.778913
0.752364
0.309789
0.832405
0.735527
0.778343
0.42256
0.839029
0.43615
0.428951
0.688293
0.355589
0.631729
0.996427
0.907909
0.914988
0.827081
0.864178
0.228019
0.803889
0.265204
0.204723
0.872606
0.559032
0.356938
0.72483
0.750076
0.393332
0.853582
0.868557
0.323863
0.474125
0.201516
0.345401
0.342685
0.461023
0.422181
0.749425
0.226716
0.42852
0.44296
0.539844
0.327875
0.287987
0.59049
0.315095
0.504964
0.498941
0.470265
0.893678
0.424607
0.538754
0.545276
0.928979
0.201981
0.417566
0.204543
0.243936
0.809026
0.723264
0.827703
0.998522
0.524227
0.996465
0.516829
0.300377
0.697659
0.742272
0.509003
0.874743
0.806545
0.815254
0.464791
0.359371
0.276558
0.765525
0.581563
0.999888
0.456249
0.432881
0.843166
0.713163
0.595809
0.519729
0.999948
0.966095
0.546269
0.822312
0.571398
0.906981
0.798836
0.24664
0.658159
0.785524
0.379268
0.600071
0.523137
0.455901
0.800533
0.529658
0.231643
0.871231
0.846066
0.497276
0.999783
0.802335
0.901125
0.819358
0.932023
0.678706
0.572699
0.348017
0.785283
0.820187
0.70203
0.727028
0.666952
0.776012
0.654788
0.598659
0.332206
0.70129
0.416595
0.401297
0.259183
0.265515
0.596862
0.953019
0.723825
0.724883
0.84442
0.533133
0.260919
0.279657
0.264496
0.845678
0.513356
0.244776
0.300291
0.281582
0.928318
0.830208
0.497336
0.47033
0.506924
0.557772
0.892178
0.372294
0.726281
0.538988
0.482012
0.288755
0.711942
0.534872
0.296446
0.905328
0.881351
0.783205
0.210735
0.999943
0.764041
0.571041
0.696285
0.215814
0.649161
0.99996
0.868397
0.362921
0.454958
0.59226
0.423893
0.593519
0.967583
0.55624
0.560531
0.210586
0.749608
0.894858
0.256078
0.45218
0.998795
0.475995
0.62408
0.858317
0.84547
0.886194
0.926712
0.848204
0.252558
0.559296
0.353454
0.689898
0.312141
0.524729
0.407296
0.888682
0.322423
0.554079
0.23883
0.538425
0.235829
0.223468
0.519932
0.331181
0.591451
0.332621
0.248602
0.722986
0.615655
0.69324
0.873032
0.4476
0.447297
0.660281
0.388529
0.831924
0.849985
0.828021
0.900105
0.591997
0.855735
0.841849
0.242176
0.299986
0.555279
0.472514
0.564752
0.779105
0.560938
0.877704
0.998859
0.910145
0.913782
0.827255
0.794076
0.599764
0.853218
0.820106
0.287677
0.834404
0.644591
0.893977
0.823056
0.499796
0.549531
0.62728
0.875881
0.810581
0.400777
0.587044
0.325268
0.744704
0.742235
0.454365
0.791987
0.462976
0.400604
0.678877
0.209111
0.71914
0.582756
0.839121
0.872305
0.616047
0.53743
0.733354
0.444507
0.248155
0.218449
0.722366
0.33873
0.752469
0.363489
0.723542
0.595653
0.924272
0.630281
0.278541
0.698691
0.31223
0.719224
0.854902
0.599784
0.462635
0.479556
0.318156
0.790601
0.399392
0.651078
0.31127
0.879675
0.257241
0.670767
0.249098
0.493334
0.805231
0.800879
0.742865
0.667928
0.263888
0.547931
0.73502
0.649567
0.447128
0.468815
0.213053
0.354362
0.842464
0.494742
0.522919
0.545187
0.587139
0.442963
0.294516
0.216633
0.841866
0.662049
0.831703
0.245567
0.826686
0.667061
0.830154
0.503535
0.502562
0.336432
0.762596
0.606769
0.467347
0.64785
0.820018
0.489012
0.819659
0.336184
0.718992
0.975205
0.323345
0.543724
0.710561
0.762519
0.998858
0.619037
0.92016
0.584486
0.630899
0.978348
0.999852
0.999648
0.757509
0.537559
0.335755
0.713827
0.299409
0.86792
0.514297
0.875282
0.448781
0.666207
0.69937
0.634935
0.447451
0.362818
0.307308
0.94785
0.422761
0.845095
0.634183
0.795242
0.858546
0.241819
0.573104
0.306606
0.561726
0.507285
0.754798
0.825415
0.831806
0.80224
0.235659
0.973459
0.70289
0.795597
0.826004
0.634651
0.610857
0.853911
0.826777
0.740489
0.689578
0.665494
0.340706
0.291071
0.282318
0.524792
0.628445
0.652956
0.403387
0.671079
0.776996
0.498647
0.671279
0.396364
0.440008
0.68858
0.377207
0.699461
0.59041
0.399222
0.249879
0.824796
0.658877
0.933013
0.298596
0.570672
0.249909
0.85266
0.221312
0.229872
0.529911
0.620367
0.352607
0.618012
0.446605
0.384025
0.769324
0.92024
0.293053
0.233317
0.597185
0.320521
0.875751
0.933802
0.854502
0.244693
0.619508
0.783962
0.958275
0.373556
0.289892
0.367875
0.211472
0.419899
0.86447
0.711591
0.924535
0.331627
0.990291
0.727676
0.772142
0.542224
0.688451
0.967264
0.253772
0.251328
0.553387
0.402004
0.348844
0.433217
0.744665
0.786721
0.293483
0.467755
0.378
0.991773
0.97707
0.922876
0.613584
0.515819
0.306456
0.998575
0.496694
0.999404
0.211546
0.702466
0.771281
0.442516
0.626089
0.563935
0.522706
0.998169
0.201332
0.354358
0.857142
0.208599
0.999566
0.500271
0.80787
0.411279
0.788624
0.721392
0.871289
0.806219
0.859251
0.375952
0.399276
0.69455
0.999857
0.40323
0.738086
0.999546
0.455698
0.375134
0.496698
0.399859
0.230251
0.545099
0.677068
0.7825
0.892837
0.300932
0.872857
0.303016
0.975924
0.414944
0.538904
0.605821
0.46153
0.866776
0.953579
0.823379
0.594114
0.635273
0.284116
0.202706
0.307963
0.498531
0.755876
0.996798
0.528037
0.64935
0.545964
0.316735
0.823244
0.436639
0.889872
0.881744
0.845479
0.906034
0.689828
0.936153
0.644686
0.409976
0.861141
0.816519
0.436411
0.676235
0.311182
0.50377
0.639765
0.364885
0.34873
0.461029
0.353919
0.215111
0.756369
0.916555
0.318284
0.813555
0.764308
0.781152
0.516924
0.615268
0.69502
0.774858
0.497741
0.687049
0.881971
0.738053
0.887757
0.42807
0.800162
0.614899
0.81556
0.85155
0.719495
0.784345
0.512201
0.981215
0.38621
0.738525
0.870604
0.459541
0.982004
0.596386
0.615567
0.723917
0.888899
0.293598
0.79
0.502772
0.776635
0.641078
0.222602
0.600003
0.922384
0.908407
0.30418
0.249773
0.670971
0.747162
0.990663
0.9997
0.688849
0.598816
0.213273
0.84535
0.867138
0.873738
0.897158
0.49948
0.732753
0.262692
0.812311
0.344865
0.618012
0.732877
0.531267
0.379207
0.822958
0.588314
0.796139
0.405647
0.458272
0.379233
0.84163
0.689305
0.796457
0.7987
0.718711
0.512059
0.485591
0.462754
0.425046
0.86432
0.481094
0.787081
0.350583
0.342762
0.867341
0.324266
0.382283
0.868035
0.758823
0.743123
0.800435
0.356018
0.996224
0.605142
0.484031
0.288497
0.887052
0.429047
0.808372
0.363479
0.999136
0.384079
0.971515
0.866114
0.999812
0.390384
0.665828
0.988784
0.799717
0.780699
0.595273
0.711728
0.826579
0.260145
0.462799
0.900477
0.828838
0.624674
0.29336
0.228581
0.863586
0.572027
0.913221
0.927469
0.929023
0.895884
0.641351
0.394583
0.668561
0.434005
0.251591
0.415439
0.64761
0.631184
0.882992
0.739608
0.666191
0.297421
0.201184
0.817637
0.907556
0.612355
0.750192
0.242708
0.509053
0.255354
0.818043
0.759938
0.819748
0.710874
0.809587
0.582519
0.252452
0.42083
0.240698
0.642789
0.265157
0.221159
0.713804
0.829219
0.499987
0.398944
0.99723
0.818455
0.601875
0.599962
0.838214
0.982717
0.778578
0.817843
0.377834
0.774752
0.405245
0.668759
0.887483
0.859305
0.84354
0.663841
0.221083
0.676425
0.46562
0.749588
0.235386
0.742272
0.250491
0.871192
0.339105
0.8029
0.207422
0.860165
0.405265
0.527311
0.683135
0.83416
0.39077
0.245449
0.764099
0.810791
0.910717
0.727136
0.883981
0.6004
0.459968
0.964936
0.785959
0.219296
0.683365
0.217494
0.31003
0.684463
0.227257
0.831188
0.826588
0.868741
0.752235
0.573528
0.927907
0.331259
0.388228
0.815654
0.296054
0.722006
0.859286
0.825909
0.850148
0.687324
0.533179
0.814455
0.606924
0.77693
0.4916
0.716421
0.804327
0.355975
0.305428
0.712891
0.857842
0.930985
0.928541
1
0.455385
0.923515
0.826058
0.342678
0.928234
0.791444
0.811877
0.511874
0.459719
0.989819
0.311785
0.866591
0.826536
0.751494
0.251714
0.499863
0.990891
0.713871
0.691582
0.718219
0.588225
0.985535
0.831891
0.762947
0.87296
0.476952
0.479848
0.855732
0.971009
0.398556
0.881722
0.658667
0.737113
0.874396
0.578419
0.783219
0.96912
0.871531
0.625831
0.494609
0.43455
0.293836
0.759348
0.635179
0.861264
0.364413
0.316692
0.618455
0.899643
0.261184
0.245939
0.992554
0.664089
0.569742
0.79055
0.539831
0.525297
0.867531
0.591715
0.407158
0.593803
0.999901
0.558386
0.621936
0.871985
0.460913
0.620228
0.308831
0.748071
0.924434
0.308206
0.400003
0.997148
0.704714
0.669055
0.503927
0.81481
0.860187
0.990911
0.201156
0.958056
0.677379
0.844454
0.438667
0.224612
0.784902
0.999052
0.96518
0.711328
0.756931
0.286586
0.788077
0.904998
0.624489
0.797768
0.843496
0.716156
0.336119
0.253491
0.742919
0.655139
0.242676
0.553511
0.769541
0.521644
0.994799
0.769217
0.293168
0.999836
0.566769
0.746756
0.917026
0.442981
0.99925
0.832597
0.835602
0.67199
0.479728
0.756958
0.715832
0.290275
0.20414
0.859669
0.803647
0.644594
0.976773
0.593408
0.857452
0.788171
0.356669
0.318186
0.252059
0.926524
0.389426
0.226394
0.999601
0.653729
0.78172
0.665545
0.711937
0.770318
0.414767
0.999919
0.488983
0.40428
0.517494
0.826423
0.284675
0.60681
0.363968
0.552849
0.517976
0.752863
0.230268
0.603539
0.999768
0.55186
0.496447
0.852842
0.746423
0.661096
0.674731
0.774621
0.921968
0.381418
0.991101
0.993543
0.999404
0.653904
0.237418
0.998808
0.994034
0.26351
0.230095
0.574536
0.908703
0.742272
0.854239
0.895722
0.999498
0.200891
0.999944
0.999881
0.688041
0.82351
0.355759
0.226341
0.391998
0.816737
0.818432
0.999975
0.52583
0.897077
0.998002
0.410582
0.690656
0.338415
0.5709
0.97054
0.303955
0.616466
0.413195
0.237819
0.278878
0.308758
0.535223
0.303693
0.616343
0.280111
0.999265
0.575226
0.645155
0.861214
0.456911
0.395189
0.908086
0.940011
0.262194
0.365604
0.878066
0.833265
0.484626
0.903048
0.860105
0.477248
0.535102
0.48502
0.397493
0.662504
0.99203
0.239861
0.357936
0.213194
0.228476
0.651956
0.239389
0.908001
0.276855
0.734036
0.999988
0.485003
0.796267
0.866457
0.668496
0.43987
0.916806
0.50021
0.832952
0.994733
0.936519
0.227715
0.84506
0.369291
0.284783
0.86628
0.38698
0.92183
0.345661
0.649015
0.390647
0.62603
0.784929
0.444999
0.78575
0.628199
0.501017
0.226326
0.673379
0.694622
0.398234
0.245524
0.997099
0.857137
0.358724
0.744764
0.527103
0.759951
0.556958
0.976482
0.229619
0.482887
0.494359
0.878736
0.634824
0.713417
0.745303
0.866664
0.855522
0.887079
0.234574
0.546771
0.875995
0.900924
0.695487
0.665564
0.583521
0.238279
0.338632
0.66323
0.532552
0.985975
0.906921
0.204309
0.857445
0.552126
0.398267
0.428148
0.732493
0.774698
0.882743
0.832391
0.848034
0.785724
0.253525
0.705571
0.735919
0.866981
0.647429
0.909113
0.862733
0.763977
0.297959
0.699738
0.508279
0.282944
0.961687
0.819045
0.910161
0.491552
0.469029
0.818209
0.436323
0.619162
0.499304
0.222416
0.852164
0.765445
0.254296
0.857392
0.808902
0.68333
0.868296
0.808038
0.358919
0.700195
0.710265
0.484136
0.512243
0.408474
0.943266
0.355133
0.360929
0.812035
0.20481
0.811461
0.85787
0.794613
0.764295
0.666813
0.433315
0.710939
0.204321
0.998187
0.682923
0.696551
0.716081
0.603245
0.212357
0.677093
0.464238
0.731277
0.224431
0.233692
0.619927
0.818372
0.571025
0.634324
0.738627
0.431963
0.278139
0.899898
0.930055
0.903729
0.787668
0.290064
0.482747
0.998393
0.596996
0.594825
0.899677
0.434629
0.209043
0.833235
0.989866
0.256903
0.688281
0.732925
0.238646
0.93569
0.22995
0.702071
0.445973
0.92253
0.62271
0.473967
0.898486
0.931746
0.829296
0.999687
0.652092
0.444706
0.34027
0.821195
0.291558
0.687384
0.737117
0.538251
0.383658
0.45687
0.55198
0.454058
0.209381
0.828939
0.821399
0.246838
0.673464
0.957462
0.444071
0.723051
0.344676
0.321453
0.232903
0.410027
0.980539
0.822433
0.270788
0.365695
0.206762
0.425662
0.448307
0.914424
0.279802
0.790221
0.798732
0.35814
0.611573
0.333579
0.276339
0.989537
0.238214
0.688432
0.231481
0.852658
0.352343
0.483278
0.780696
0.559078
0.806068
0.319867
0.35145
0.85884
0.263189
0.325681
0.874171
0.58262
0.234205
0.544618
0.999653
0.912133
0.862621
0.799003
0.888824
0.988701
0.202943
0.525421
0.891423
0.25326
0.982315
0.717821
0.772679
0.816238
0.734604
0.762931
0.791529
0.939855
0.266751
0.833275
0.559366
0.850865
0.330381
0.799244
0.458317
0.997294
0.500504
0.350419
0.598755
0.29348
0.273669
0.893428
0.302975
0.363776
0.86435
0.631608
0.617739
0.398683
0.691975
0.81452
0.549297
0.736093
0.666967
0.847366
0.263821
0.645835
0.750148
0.756796
0.908316
0.89938
0.847802
0.816105
0.258537
0.597158
0.224919
0.510824
0.71199
0.732336
0.549938
0.215974
0.265239
0.843912
0.386258
0.258571
0.753286
0.807814
0.700097
0.999947
0.253723
0.633186
0.21033
0.490897
0.305316
0.997996
0.722212
0.699626
0.877378
0.692789
0.372125
0.596916
0.871445
0.450966
0.694322
0.986332
0.823608
0.273943
0.215119
0.313988
0.746147
0.497988
0.880696
0.612457
0.573734
0.866682
0.68823
0.218229
0.452084
0.999545
0.403837
0.44149
0.874798
0.290532
0.598286
0.633766
0.398209
