0.759155
0.461137
0.799401
0.840907
0.295491
0.759258
0.988748
0.502909
0.928116
0.797012
0.91112
0.486073
0.655011
0.383693
0.43947
0.322695
0.622237
0.801183
0.500918
0.4849
0.960977
0.848941
0.867364
0.330614
0.385294
0.493242
0.810855
0.803712
0.341744
0.62158
0.219985
0.53387
0.431201
0.762669
0.245452
0.999881
0.998564
0.532321
0.231351
0.332117
0.870137
0.656316
0.965044
0.76314
0.998121
0.729057
0.575302
0.765554
0.402944
0.368928
0.666891
0.292555
0.308347
0.999667
0.815146
0.673382
0.608795
0.403842
0.846601
0.763541
0.231321
0.211592
0.704354
0.637338
0.67566
0.227069
0.62258
0.703552
0.658791
0.311658
0.52601
0.833169
0.96367
0.620784
0.882272
0.786921
0.799944
0.23632
0.875333
0.283976
0.480756
0.300292
0.868633
0.535133
0.995689
0.704937
0.832071
0.887448
0.804723
0.425126
0.225155
0.876127
0.847474
0.524319
0.391814
0.357394
0.999043
0.961112
0.206811
0.273608
0.826498
0.886032
0.68488
0.36905
0.439845
0.294273
0.550152
0.88814
0.526228
0.429381
0.709974
0.888017
0.770919
0.413632
0.993987
0.24625
0.349252
0.324126
0.507146
0.411057
0.587228
0.430555
0.890135
0.284243
0.748574
0.430829
0.829249
0.516379
0.233265
0.865418
0.546598
0.963936
0.458957
0.74383
0.641495
0.993373
0.666598
0.530571
0.816919
0.612358
0.55547
0.56599
0.855538
0.655192
0.667104
0.846625
0.639375
0.610735
0.474611
0.428867
0.439627
0.377018
0.338186
0.518671
0.898334
0.482572
0.730692
0.571417
0.437961
0.99963
0.469492
0.714787
0.584579
0.773816
0.709454
0.751495
0.245474
0.815965
0.913786
0.80217
0.697752
0.994344
0.59763
0.281501
0.213154
0.291112
0.391982
0.544766
0.746185
0.756904
0.59765
0.732057
0.607993
0.982335
0.293896
0.734645
0.698818
0.321599
0.428567
0.358054
0.824805
0.626994
0.384998
0.80607
0.512417
0.821435
0.200691
0.225297
0.787125
0.634296
0.604227
0.250345
0.359577
0.771598
0.441114
0.671674
0.3142
0.665571
0.497908
0.994848
0.455678
0.400452
0.282354
0.651059
0.216642
0.520361
0.846413
0.871833
0.638501
0.881691
0.842472
0.634241
0.439203
0.453144
0.787542
0.234134
0.490862
0.796538
0.32597
0.470408
0.994273
0.996801
0.235758
0.786932
0.201884
0.487302
0.654646
0.772158
0.993906
0.288889
0.670205
0.397633
0.47368
0.459506
0.286651
0.621401
0.992116
0.84825
0.919329
0.256554
0.835332
0.687405
0.660563
0.263226
0.915945
0.246471
0.659094
0.557902
0.646572
0.932295
0.451595
0.830954
0.877129
0.693027
0.256316
0.55428
0.427342
0.728451
0.714222
0.888433
0.610203
0.935202
0.271431
0.721392
0.290505
0.21848
0.723145
0.683713
0.760253
0.265116
0.213982
0.302871
0.796671
0.572337
0.336246
0.317411
0.709823
0.567558
0.867928
0.743941
0.714731
0.793068
0.843773
0.223362
0.744975
0.37257
0.233643
0.411561
0.441747
0.912573
0.922993
0.631808
0.926933
0.999153
0.742824
0.33699
0.354364
0.915834
0.930774
0.463764
0.906915
0.921329
0.629716
0.281547
0.912943
0.834831
0.850983
0.334583
0.744841
0.681064
0.437409
0.576801
0.316178
0.983075
0.775547
0.497308
0.355527
0.969724
0.563357
0.270234
0.847577
0.285116
0.601208
0.80868
0.726923
0.264009
0.855268
0.637169
0.753735
0.939828
0.722312
0.847542
0.990274
0.747515
0.999075
0.615373
0.227986
0.377811
0.898685
0.569111
0.903092
0.4522
0.533947
0.24616
0.656639
0.999424
0.241546
0.941785
0.747489
0.514834
0.695417
0.567826
0.519366
0.393805
0.499971
0.463898
0.799408
0.988374
0.725124
0.740394
0.273431
0.602855
0.738207
0.782496
0.752128
0.73097
0.598409
0.856499
0.348705
0.527995
0.521244
0.841262
0.565823
0.864504
0.215447
0.744559
0.457818
0.666393
0.601408
0.539864
0.220215
0.763378
0.743784
0.99995
0.441478
0.843181
0.255654
0.215738
0.392543
0.782694
0.691363
0.553116
0.329932
0.835193
0.2524
0.608633
0.521625
0.833342
0.212056
0.968661
0.883951
0.416431
0.375097
0.626092
0.366932
0.494571
0.665291
0.713752
0.57542
0.676363
0.615369
0.596871
0.738428
0.765248
0.225013
0.500339
0.666608
0.857144
0.681476
0.77806
0.348497
0.459481
0.87365
0.84927
0.851298
0.768038
0.598463
0.588968
0.794999
0.401787
0.211378
0.747171
0.666908
0.585922
0.365164
0.800791
0.351397
0.405226
0.934705
0.442754
0.770873
0.287325
0.625139
0.657811
0.666792
0.355173
0.859843
0.806336
0.737524
0.85706
0.204535
0.613939
0.452032
0.401192
0.605011
0.721492
0.504131
0.4229
0.555359
0.811549
0.941033
0.787495
0.497584
0.589338
0.319507
0.82508
0.898447
0.921716
0.428924
0.500828
0.786528
0.621253
0.302916
0.971071
0.861746
0.686593
0.53057
0.428989
0.618961
0.748462
0.621743
0.872486
0.848574
0.822674
0.885121
0.542212
0.403168
0.219887
0.582931
0.91601
0.703632
0.574662
0.990722
0.5048
0.208411
0.259012
0.325625
0.363906
0.697451
0.831939
0.823365
0.636572
0.530521
0.611101
0.786371
0.836329
0.274297
0.330602
0.729025
0.872512
0.996696
0.447607
0.322609
0.749661
0.427071
0.89651
0.60017
0.240513
0.667499
0.776958
0.930127
0.705024
0.999301
0.99784
0.44635
0.538468
0.447439
0.496342
0.891651
0.925523
0.39276
0.999057
0.810809
0.999856
0.512769
0.625486
0.234286
0.326935
0.822812
0.453968
0.341928
0.306551
0.972937
0.38883
0.999841
0.967397
0.668538
0.536475
0.219717
0.795847
0.326297
0.99949
0.251525
0.561406
0.881656
0.327729
0.888462
0.284205
0.736206
0.370454
0.662676
0.573225
0.660919
0.814083
0.800076
0.761914
0.328795
0.605506
0.351576
0.740681
0.228034
0.2383
0.368403
0.768888
0.764634
0.900522
0.385547
0.258486
0.312091
0.874776
0.959794
0.7271
0.421256
0.916384
0.361126
0.751968
0.54313
0.653727
0.820744
0.732352
0.325416
0.365571
0.272466
0.843081
0.853244
0.808027
0.789072
0.687435
0.790837
0.866649
0.622254
0.555863
0.566295
0.698863
0.935932
0.87505
0.325462
0.272895
0.539434
0.368155
0.69305
0.34397
0.540383
0.815003
0.750554
0.756541
0.970412
0.211727
0.944546
0.61591
0.446134
0.81015
0.943933
0.463431
0.933021
0.574871
0.406574
0.876798
0.390674
0.477781
0.752087
0.687143
0.205742
0.641217
0.925286
0.356228
0.80362
0.762316
0.985144
0.999525
0.376637
0.659744
0.642937
0.964258
0.842117
0.913497
0.488022
0.25397
0.548156
0.726356
0.288872
0.857232
0.289373
0.243658
0.78962
0.630762
0.801324
0.205109
0.304696
0.357383
0.640419
0.35836
0.524083
0.999207
0.63292
0.453935
0.390903
0.872406
0.729046
0.707112
0.269901
0.821086
0.241645
0.999823
0.741336
0.604349
0.445007
0.704776
0.792301
0.975734
0.58905
0.536221
0.311899
0.716907
0.999836
0.665996
0.522557
0.748796
0.590068
0.492695
0.969925
0.995702
0.767957
0.271281
0.769188
0.659251
0.601408
0.999291
0.751461
0.573187
0.678728
0.384179
0.9089
0.876708
0.651426
0.970728
0.862442
0.881028
0.858872
0.679427
0.241237
0.993906
0.382479
0.93853
0.834928
0.775485
0.6565
0.603033
0.271822
0.328687
0.816118
0.491969
0.915995
0.853112
0.80382
0.784405
0.593814
0.816533
0.3727
0.959469
0.834398
0.647605
0.93974
0.48272
0.369089
0.750296
0.670025
0.476745
0.216801
0.700714
0.412219
0.781685
0.901488
0.207591
0.441613
0.98514
0.255569
0.856615
0.681978
0.661783
0.561696
0.744788
0.814665
0.799295
0.903179
0.312739
0.262221
0.52321
0.60043
0.837327
0.412524
0.446455
0.817454
0.823075
0.886666
0.67903
0.667393
0.998328
0.859792
0.999972
0.609905
0.871122
0.996262
0.335866
0.845796
0.777125
0.479968
0.7781
0.997614
0.996122
0.400493
0.946188
0.748767
0.535764
0.669734
0.490685
0.928367
0.733919
0.491279
0.365133
0.251263
0.915036
0.751502
0.448128
0.727527
0.866117
0.921375
0.963243
0.443662
0.203868
0.998706
0.567829
0.664801
0.614487
0.741328
0.863504
0.756194
0.38338
0.721811
0.827537
0.31002
0.493942
0.449573
0.575422
0.987577
0.390833
0.725758
0.486076
0.445146
0.712747
0.869254
0.748577
0.998539
0.731679
0.562878
0.564131
0.566027
0.864723
0.474125
0.246661
0.611692
0.264172
0.812885
0.819191
0.735054
0.464706
0.732129
0.468718
0.856186
0.211381
0.663422
0.254073
0.28672
0.554015
0.345777
0.33933
0.579174
0.692011
0.785493
0.670849
0.602623
0.864716
0.622311
0.270947
0.649911
0.553702
0.857648
0.933623
0.738349
0.913674
0.238047
0.287589
0.789241
0.993706
0.750609
0.69052
0.880641
0.888672
0.978821
0.252901
0.340001
0.81296
0.291389
0.661887
0.993299
0.777306
0.559552
0.646926
0.254329
0.32619
0.604233
0.999529
0.803713
0.813045
0.861346
0.857031
0.78681
0.919893
0.894295
0.604887
0.93234
0.818281
0.25037
0.818087
0.431074
0.621855
0.204117
0.794486
0.210308
0.419907
0.390849
0.707684
0.252695
0.30293
0.884502
0.722746
0.999931
0.637627
0.839194
0.791566
0.859571
0.794554
0.429666
0.700378
0.893399
0.996145
0.754443
0.269797
0.460757
0.867837
0.502504
0.875087
0.841268
0.474803
0.344933
0.79136
0.744923
0.224997
0.213687
0.870832
0.298425
0.264397
0.63697
0.799543
0.408802
0.799988
0.768539
0.447083
0.71319
0.245212
0.887988
0.997653
0.641617
0.434965
0.806957
0.638826
0.862624
0.749883
0.99655
0.379932
0.875483
0.675817
0.593667
0.641215
0.252473
0.565
0.887509
0.726345
0.601323
0.835988
0.366832
0.826108
0.683653
0.790887
0.33547
0.999048
0.837897
0.331893
0.666414
0.684361
0.999193
0.221486
0.425336
0.373817
0.833912
0.985885
0.454892
0.287855
0.632275
0.749438
0.935447
0.981488
0.284068
0.824573
0.26818
0.270422
0.728518
0.500944
0.343791
0.530592
0.580209
0.34253
0.335326
0.502406
0.338516
0.692769
0.300692
0.616627
0.451693
0.460542
0.742016
0.254346
0.333549
0.220324
0.29946
0.601629
0.714087
0.686415
0.908993
0.797267
0.845056
0.320036
0.459473
0.246126
0.282155
0.719321
0.509266
0.950324
0.906518
0.223411
0.999726
0.661047
0.255374
0.58098
0.613302
0.442179
0.48463
0.342618
0.413812
0.260447
0.47138
0.202604
0.461928
0.750919
0.691177
0.630467
0.264046
0.263033
0.996746
0.291385
0.544689
0.616261
0.723157
0.514474
0.499903
0.839251
0.732979
0.329623
0.78626
0.441283
0.804319
0.438623
0.287305
0.45872
0.612544
0.454649
0.756443
0.545141
0.850781
0.739
0.602837
0.744533
0.866384
0.669843
0.798515
0.806419
0.637553
0.866691
0.780015
0.442495
0.220671
0.400191
0.464066
0.874512
0.813232
0.571115
0.765712
0.658876
0.658525
0.497177
0.633611
0.845515
0.398669
0.361978
0.812326
0.850357
0.890718
0.435501
0.724146
0.928257
0.939917
0.868112
0.908158
0.999607
0.989108
0.837019
0.630182
0.25559
0.998409
0.209032
0.925464
0.81819
0.575542
0.574574
0.680264
0.432427
0.822684
0.927688
0.261346
0.324565
0.792074
0.305001
0.457098
0.796209
0.583565
0.835413
0.328449
0.717042
0.999992
0.801113
0.518247
0.788143
0.582168
0.960647
0.461608
0.667529
0.877939
0.754136
0.757874
0.382122
0.858556
0.877957
0.919281
0.525197
0.383407
0.776755
0.70552
0.999304
0.756331
0.998726
0.714803
0.805256
0.260246
0.219675
0.642846
0.821131
0.498842
0.701394
0.500009
0.690339
0.731199
0.499736
0.67189
0.634368
0.738576
0.29217
0.556864
0.922765
0.539211
0.230327
0.282461
0.61277
0.974187
0.638905
0.725404
0.584019
0.857016
0.905539
0.242242
0.823722
0.597037
0.505276
0.518148
0.925432
0.266291
0.59994
0.531719
0.941649
0.632542
0.297813
0.280753
0.797678
0.91364
0.815014
0.398234
0.764312
0.438518
0.915392
0.518481
0.531147
0.720633
0.904292
0.284909
0.633061
0.216544
0.601319
0.326911
0.280245
0.346447
0.857471
0.269088
0.383058
0.720689
0.547461
0.728417
0.697623
0.707134
0.999993
0.338382
0.226601
0.28769
0.998037
0.749155
0.80573
0.957911
0.670982
0.78491
0.281917
0.383594
0.309088
0.389505
0.35723
0.336249
0.743434
0.555662
0.831925
0.333839
0.833274
0.606827
0.301041
0.9977
0.917248
0.635153
0.369661
0.361971
0.675973
0.858019
0.591922
0.471344
0.822932
0.242789
0.567328
0.765452
0.472951
0.984327
0.737973
0.666577
0.446088
0.952663
0.962655
0.634542
0.76381
0.786638
0.857121
0.726759
0.987545
0.23307
0.474327
0.320306
0.896971
0.654574
0.891407
0.827566
0.654764
0.274746
0.302225
0.332534
0.617684
0.796091
0.561295
0.843931
0.340664
0.694649
0.571122
0.832743
0.506226
0.619209
0.483818
0.8538
0.477654
0.75462
0.345389
0.538412
0.999191
0.841209
0.998645
0.533791
0.479068
0.682112
0.267667
0.409526
0.489528
0.907305
0.799889
0.250981
0.458788
0.416818
0.785896
0.895609
0.720409
0.467238
0.206783
0.257435
0.527658
0.208591
0.729039
0.379718
0.467945
0.866748
0.868374
0.841674
0.901475
0.827375
0.345221
0.241996
0.26742
0.875462
0.86631
0.49476
0.999921
0.997819
0.924368
0.818011
0.553154
0.779472
0.908739
0.5345
0.705603
0.877935
0.889369
0.730128
0.550801
0.394489
0.723988
0.713655
0.738159
0.459185
0.715248
0.249964
0.263612
0.593671
0.762797
0.774879
0.553698
0.248275
0.208756
0.942818
0.862353
0.483182
0.28419
0.667686
0.341817
0.302015
0.250519
0.690304
0.9601
0.834136
0.773028
0.728417
0.772491
0.569793
0.838992
0.271008
0.328036
0.331903
0.717532
0.43299
0.79409
0.71749
0.641377
0.666224
0.220602
0.702038
0.816105
0.224169
0.744146
0.992855
0.409928
0.438821
0.999863
0.568876
0.356358
0.22057
0.489159
0.906116
0.250109
0.3445
0.699815
0.337886
0.787266
0.772257
0.426309
0.689114
0.65931
0.999204
0.255963
0.66156
0.785946
0.595486
0.257391
0.206092
0.997045
0.368466
0.967807
0.99915
0.912258
0.936853
0.99824
0.440653
0.279454
0.887006
0.46169
0.796506
0.708413
0.567754
0.212996
0.856348
0.62481
0.611734
0.214566
0.600136
0.847162
0.582312
0.998861
0.332114
0.530035
0.835276
0.62377
0.238352
0.599078
0.999643
0.4035
0.344296
0.483795
0.845889
0.391496
0.872193
0.667612
0.951163
0.70658
0.414363
0.349353
0.843086
0.565253
0.8179
0.898591
0.778075
0.954163
0.246629
0.22822
0.769765
0.829054
0.316794
0.684268
0.987625
0.730648
0.362638
0.858181
0.778739
0.505366
0.701934
0.769267
0.874544
0.512932
0.454528
0.281194
0.999869
0.910321
0.802354
0.860628
0.694273
0.668361
0.601678
0.954526
0.741103
0.402656
0.423664
0.845194
0.753041
0.584454
0.488331
0.216475
0.593687
0.217499
0.76799
0.694922
0.311454
0.809214
0.311561
0.412863
0.250255
0.931134
0.644031
0.337149
0.311831
0.877741
0.873032
0.571497
0.388964
0.623775
0.779344
0.303951
0.740346
0.767529
0.614063
0.204009
0.656239
0.336585
0.434672
0.742849
0.883041
0.218115
0.700405
0.422953
0.781729
0.996602
0.712007
0.667146
0.465755
0.20883
0.779774
0.930133
0.949237
0.288372
0.915714
0.231729
0.832745
0.729346
0.581254
0.530009
0.263253
0.762676
0.973689
0.766694
0.36652
0.526397
0.650812
0.217025
0.582553
0.280421
0.289118
0.875126
0.381422
0.523202
0.845854
0.905958
0.825344
0.58312
0.595328
0.679966
0.670235
0.933342
0.625398
0.782342
0.596361
0.477772
0.271498
0.236958
0.84121
0.367869
0.511313
0.856921
0.804829
0.999301
0.469319
0.885584
0.560751
0.627868
0.955793
0.570497
0.489672
0.997244
0.257949
0.394944
0.472151
0.322265
0.63917
0.28123
0.484128
0.238575
0.557849
0.869868
0.904494
0.623667
0.695233
0.462752
0.60144
0.713682
0.5185
0.99742
0.818155
0.715001
0.904461
0.657334
0.705369
0.943677
0.555246
0.916509
0.392116
0.586917
0.880176
0.246066
0.587237
0.755606
0.567117
0.698631
0.833579
0.294055
0.278831
0.572341
0.999916
0.380566
0.685097
0.855081
0.916534
0.782561
0.771197
0.218205
0.297129
0.786125
0.435618
0.375798
0.81252
0.439373
0.840532
0.483362
0.412691
0.795337
0.805243
0.346551
0.747531
0.214639
0.634013
0.292877
0.935362
0.786157
0.227368
0.907477
0.569931
0.881444
0.999976
0.738463
0.995578
0.535387
0.232447
0.86981
0.44821
0.46615
0.648764
0.240775
0.602141
0.397812
0.801481
0.651411
0.643897
0.500062
0.366943
0.7704
0.67389
0.234416
0.769397
0.750958
0.345001
0.750397
0.333883
0.312855
0.825628
0.451669
0.852367
0.750284
0.257695
0.400339
0.669733
0.857627
0.327898
0.930568
0.431557
0.77291
0.312044
0.863733
0.785554
0.883018
0.673755
0.933997
0.933088
0.563623
0.627946
0.794284
0.950952
0.928557
0.813563
0.241555
0.772591
0.339554
0.714419
0.752859
0.888804
0.92829
0.920411
0.99727
0.998784
0.981867
0.8567
0.798833
0.605989
0.648348
0.552868
0.503902
0.751869
0.419257
0.999384
0.539814
0.279628
0.631755
0.567632
0.519014
0.702328
0.33197
0.853185
0.335838
0.25743
0.876565
0.838679
0.75009
0.61435
0.365395
0.545417
0.923633
0.46844
0.851965
0.466468
0.407898
0.747899
0.315215
0.897416
0.999735
0.700532
0.41688
0.818265
0.75331
0.281889
0.609132
0.571835
0.550746
0.916654
0.726025
0.774154
0.736641
0.503766
0.441706
0.857258
0.825289
0.312562
0.347091
0.999004
0.457674
0.832925
0.892454
0.280213
0.874317
0.558166
0.764784
0.343156
0.986308
0.420056
0.753451
0.556381
0.971489
0.904135
0.544551
0.235594
0.314303
0.470073
0.578757
0.84456
0.855603
0.799514
0.419106
0.501522
0.328247
0.787295
0.918293
0.89218
0.73445
0.382251
0.210218
0.259455
0.812913
0.616539
0.263523
0.856198
0.295082
0.236688
0.471628
0.883154
0.935793
0.384642
0.213837
0.704971
0.920991
0.462373
0.870276
0.370744
0.461335
0.439632
0.689929
0.309623
0.774298
0.478248
0.653212
0.889999
0.592296
0.898106
0.427271
0.689412
0.828229
0.692301
0.485346
0.734279
0.286272
0.804587
0.271494
0.737015
0.498099
0.915952
0.915102
0.691005
0.778534
0.570143
0.712098
0.642058
0.432735
0.908264
0.632179
0.526334
0.879051
0.534892
0.923046
0.869644
0.92704
0.63796
0.720257
0.796221
0.203974
0.222166
0.800608
0.846151
0.67677
0.716514
0.518729
0.595845
0.925683
0.343088
0.920188
0.652102
0.70661
0.773319
0.741328
0.202688
0.944579
0.979491
0.753278
0.852214
0.854691
0.200627
0.999793
0.782662
0.853451
0.350507
0.421879
0.509704
0.683886
0.620216
0.733177
0.741657
0.832477
0.272217
0.999406
0.917542
0.499692
0.548717
0.824916
0.771418
0.642382
0.64528
0.405465
0.579961
0.235127
0.323975
0.727158
0.799707
0.871891
0.52842
0.801177
0.385862
0.237515
0.575012
0.290679
0.393984
0.913121
0.831008
0.760944
0.365664
0.21873
0.998025
0.714712
0.708192
0.543541
0.303929
0.765835
0.998072
0.825542
0.220827
0.514186
0.986575
0.396395
0.58946
0.570805
0.615161
0.692207
0.698318
0.619382
0.728201
0.866681
0.49578
0.878063
0.437766
0.57096
0.569918
0.495048
0.333455
0.299867
0.884137
0.43666
0.761022
0.999209
0.37094
0.736002
0.241813
0.719069
0.582443
0.728556
0.531118
0.500002
0.439751
0.441608
0.259977
0.813559
0.697713
0.517916
0.874846
0.502206
0.594487
0.731459
0.753453
0.407719
0.889494
0.999392
0.711615
0.672797
0.992322
0.388152
0.203608
0.527224
0.467318
0.696413
0.741542
0.583169
0.74932
0.82349
0.80007
0.909301
0.784307
0.292123
0.580036
0.501184
0.935693
0.780847
0.22433
0.857017
0.808652
0.469315
0.372638
0.490953
0.231013
0.46905
0.852485
0.603012
0.499411
0.238696
0.223684
0.251016
0.635101
0.484489
0.922947
0.224453
0.333857
0.411151
0.636952
0.503247
0.280555
0.799783
0.331411
0.859027
0.679502
0.789163
0.680109
0.993506
0.310788
0.651219
0.857034
0.209772
0.656383
0.650296
0.999232
0.66112
0.355537
0.592835
0.760377
0.372638
0.59494
0.56394
0.956635
0.284918
0.370773
0.731808
0.202088
0.779988
0.363
0.345862
0.344356
0.24317
0.735262
0.516027
0.304266
0.725157
0.250884
0.799226
0.728203
0.269944
0.856889
0.890558
0.985856
0.957941
0.727691
0.603084
0.207217
0.401
0.689387
0.694889
0.778026
0.825676
0.808567
0.391346
0.619235
0.776511
0.546911
0.916683
0.371146
0.830616
0.431187
0.295325
0.841944
0.932836
0.583098
0.706569
0.960089
0.59872
0.730765
0.410746
0.294785
0.348816
0.298276
0.998346
0.4127
0.871885
0.62583
0.749634
0.708083
0.438531
0.585213
0.996663
0.521838
0.999764
0.925849
0.443908
0.926461
0.367201
0.951604
0.338857
0.547142
0.772589
0.666771
0.421344
0.865138
0.215827
0.511658
0.989125
0.865929
0.999407
0.292488
0.890509
0.77655
0.448465
0.964432
0.219215
0.833328
0.913525
0.789044
0.702994
0.999436
0.590353
0.869443
0.498783
0.766932
0.463479
0.33294
0.999736
0.587313
0.447762
0.488537
0.622988
0.242712
0.482819
0.992316
0.263242
0.235922
0.386432
0.888305
0.839898
0.267214
0.676633
0.916074
0.45255
0.276824
0.250054
0.725089
0.410415
0.262477
0.798829
0.732114
0.845882
0.875267
0.469768
0.380507
0.322999
0.793886
0.998506
0.45949
0.746715
0.746889
0.485401
0.213085
0.643225
0.91327
0.393907
0.431718
0.417987
0.806217
0.252605
0.916265
0.625391
0.539682
0.277618
0.887367
0.24707
0.857635
0.308141
0.8336
0.526301
0.816635
0.87839
0.348713
0.907828
0.785547
0.257805
0.585423
0.992989
0.851572
0.571363
0.771922
0.533889
0.529077
0.792544
0.231821
0.859902
0.87051
0.50416
0.291802
0.744785
0.726713
0.884697
0.690874
0.339024
0.424306
0.626538
0.718253
0.675985
0.847879
0.642982
0.417384
0.487434
0.800083
0.51984
0.302312
0.509494
0.806726
0.985351
0.86562
0.783479
0.731506
0.295546
0.818223
0.901512
0.542386
0.230188
0.639961
0.94161
0.897474
0.988975
0.928312
0.95478
0.296501
0.81253
0.413443
0.558673
0.786948
0.729791
0.860928
0.926359
0.35576
0.574167
0.616732
0.356753
0.770722
0.998586
0.946717
0.882272
0.563386
0.788759
0.665963
0.526223
0.690912
0.805817
0.857044
0.856714
0.971108
0.249876
0.321689
0.870846
0.874621
0.333323
0.693386
0.921642
0.203906
0.824972
0.272943
0.425205
0.937111
0.943562
0.933677
0.451971
0.998577
0.985905
0.834635
0.735625
0.251278
0.301031
0.67773
0.815562
0.832329
0.732828
0.854286
0.834314
0.259898
0.286204
0.793937
0.866326
0.576335
0.553455
0.498058
0.862315
0.63724
0.736496
0.418053
0.448962
0.618988
0.56427
0.916166
0.428642
0.665073
0.783071
0.766056
0.290949
0.83652
0.360799
0.220285
0.393859
0.818443
0.528845
0.205788
0.808746
0.998557
0.859955
0.816641
0.731482
0.606799
0.265887
0.991706
0.481418
0.707255
0.663174
0.280365
0.281218
0.250078
0.901935
0.819197
0.501549
0.307067
0.914922
0.432769
0.427634
0.972746
0.78704
0.908859
0.466141
0.752037
0.443617
0.540077
0.841359
0.450611
0.873111
0.567617
0.933852
0.79792
0.680048
0.324834
0.47413
0.292951
0.688001
0.770936
0.438922
0.971886
0.345926
0.902332
0.265134
0.848262
0.899815
0.537292
0.728258
0.408685
0.643354
0.391922
0.77762
0.516916
0.297595
0.965076
0.6283
0.903031
0.476353
0.351691
0.796103
0.725235
0.573106
0.713937
0.722477
0.463582
0.382776
0.896892
0.960267
0.299247
0.963931
0.76103
0.713982
0.404526
0.369045
0.768611
0.699575
0.791216
0.336396
0.772129
0.773422
0.735224
0.259946
0.511215
0.525782
0.38487
0.922267
0.948769
0.473886
0.8415
0.874896
0.502669
0.740831
0.719459
0.637906
0.487924
0.285868
0.394335
0.330238
0.263557
0.25367
0.763545
0.407625
0.633872
0.790874
0.654606
0.772551
0.685239
0.791777
0.492002
0.784305
0.852913
0.868243
0.585428
0.434673
0.306547
0.613547
0.995439
0.291156
0.835983
0.340745
0.719522
0.267239
0.584021
0.736687
0.690149
0.931066
0.901804
0.726881
0.408646
0.868789
0.273708
0.536937
0.284205
0.22435
0.367489
0.671309
0.518206
0.38619
0.857462
0.218115
0.755442
0.905675
0.652509
0.762946
0.623589
0.790225
0.514821
0.444861
0.83373
0.392393
0.780719
0.309012
0.37824
0.560229
0.318545
0.634454
0.479391
0.28746
0.266233
0.295133
0.760444
0.800153
0.654488
0.731793
0.360753
0.293136
0.722886
0.803903
0.795267
0.229356
0.61372
0.808816
0.719489
0.791138
0.996575
0.577872
0.396054
0.999837
0.499267
0.913478
0.803816
0.770716
0.545118
0.408024
0.92076
0.714197
0.689862
0.506228
0.813131
0.584659
0.216203
0.998524
0.584094
0.820732
0.85874
0.556887
0.264835
0.806948
0.636356
0.528805
0.224408
0.366447
0.868052
0.826465
0.642784
0.377624
0.790833
0.668669
0.961609
0.985769
0.823863
0.470243
0.786582
0.930811
0.241876
0.850222
0.805426
0.793782
0.238312
0.813705
0.210729
0.275399
0.512274
0.590274
0.514858
0.929818
0.899782
0.840181
0.485464
0.235586
0.977477
0.572913
0.60211
0.221235
0.529993
0.289449
0.89004
0.602817
0.793887
0.999507
0.208857
0.290082
0.530955
0.762371
0.261123
0.837833
0.77574
0.999173
0.254623
0.576384
0.678623
0.55746
0.868282
0.749975
0.714341
0.257334
0.31718
0.459379
0.975421
0.351302
0.963751
0.30332
0.865639
0.654625
0.928817
0.888107
0.63772
0.2124
0.712703
0.680588
0.351399
0.688059
0.824019
0.614801
0.874875
0.99774
0.884572
0.529049
0.918919
0.692246
0.847741
0.540088
0.857156
0.799828
0.497218
0.466382
0.603839
0.510176
0.645236
0.539256
0.301958
0.684032
0.919827
0.67019
0.836919
0.836269
0.274577
0.711455
0.283543
0.582128
0.63206
0.476365
0.999974
0.397132
0.88433
0.98174
0.213781
0.762872
0.6814
0.611087
0.877271
0.493388
0.489394
0.324297
0.534005
0.446509
0.382682
0.769095
0.242879
0.256118
0.420646
0.427027
0.75738
0.824521
0.901632
0.995963
0.760764
0.561259
0.332008
0.865022
0.267947
0.777689
0.817643
0.701865
0.501543
0.97461
0.802417
0.998736
0.99937
0.416505
0.302526
0.219368
0.996591
0.856588
0.227393
0.805311
0.749634
0.499851
0.890586
0.619609
0.678355
0.250021
0.993906
0.232696
0.999307
0.664692
0.337509
0.857002
0.739229
0.668459
0.473691
0.750906
0.276712
0.375578
0.397693
0.774039
0.782097
0.835213
0.742083
0.311888
0.555106
0.817204
0.485382
0.241629
0.252614
0.697587
0.434562
0.905743
0.424482
0.584265
0.274184
0.924054
0.893584
0.453091
0.639449
0.850086
0.688464
0.322346
0.825828
0.216023
0.677943
0.667156
0.616617
0.453874
0.447147
0.233064
0.306213
0.887679
0.997929
0.749634
0.522024
0.270371
0.825423
0.235716
0.692357
0.467854
0.416806
0.958759
0.238285
0.865226
0.79836
0.695618
0.845695
0.88524
0.332786
0.614831
0.798721
0.541512
0.714356
0.336667
0.765468
0.71907
0.871097
0.926475
0.358086
0.546691
0.842637
0.569748
0.866385
0.860603
0.572792
0.2245
0.769997
0.470451
0.907133
0.81806
0.78238
0.499191
0.372638
0.245146
0.639821
0.867335
0.234218
0.850249
0.502242
0.294088
0.996349
0.238609
0.858329
0.723526
0.882708
0.812879
0.847593
0.480834
0.558474
0.756557
0.578402
0.698897
0.606609
0.379262
0.796012
0.536243
0.542507
0.586387
0.35814
0.228303
0.32529
0.205861
0.331414
0.810428
0.21069
0.520971
0.79839
0.581013
0.999145
0.909171
0.854789
0.304287
0.764525
0.569091
0.882614
0.841698
0.320385
0.999698
0.900105
0.800134
0.32079
0.640213
0.818148
0.357102
0.568857
0.379776
0.377945
0.965495
0.995054
0.83614
0.790759
0.53275
0.283188
0.724636
0.747684
0.284513
0.265983
0.823579
0.508654
0.411367
0.234038
0.768107
0.375743
0.208506
0.999511
0.340708
0.676483
0.726372
0.441607
0.893665
0.45489
0.397157
0.333084
0.988263
0.326669
0.628159
0.803104
0.519858
0.714629
0.348603
0.827674
0.384601
0.250312
0.792191
0.750769
0.66799
0.264284
0.993754
0.54778
0.235006
0.416328
0.998931
0.371796
0.723415
0.553907
0.434709
0.682912
0.99922
0.288712
0.791809
0.301076
0.671529
0.272449
0.480858
0.277305
0.287408
0.702048
0.850183
0.214586
0.39284
0.998631
0.63388
0.770121
0.532138
0.234341
0.479851
0.822985
0.498041
0.999784
0.748343
0.805228
0.467081
0.215622
0.822272
0.865952
0.784448
0.590743
0.232806
0.67315
0.817792
0.250173
0.203029
0.668423
0.231871
0.269199
0.261948
0.84013
0.722354
0.238226
0.544389
0.492013
0.489626
0.398056
0.82349
0.880486
0.684592
0.530768
0.647173
0.897594
0.856576
0.535105
0.799788
0.885307
0.26052
0.527861
0.364339
0.841248
0.301534
0.746937
0.647866
0.255249
0.687236
0.669875
0.722256
0.86594
0.746835
0.230256
0.668913
0.892551
0.90536
0.856528
0.737704
0.36016
0.217762
0.511944
0.964348
0.60077
0.932792
0.360919
0.709786
0.788667
0.232558
0.37536
0.894462
0.373617
0.804488
0.787735
0.643629
0.379969
0.615405
0.999743
0.930774
0.92705
0.997626
0.912382
0.792596
0.567527
0.976855
0.447005
0.98245
0.454968
0.647014
0.429086
0.777807
0.507883
0.643701
0.661856
0.496103
0.999327
0.613219
0.50707
0.881053
0.850563
0.319841
0.714263
0.783827
0.711783
0.599414
0.907544
0.467442
0.6105
0.666263
0.27882
0.950322
0.838311
0.999953
0.704282
0.771188
0.261469
0.62607
0.735825
0.662094
0.74064
0.535502
0.693741
0.61988
0.668666
0.251911
0.460008
0.611586
0.62763
0.423273
0.995401
0.855233
0.876855
0.393262
0.866544
0.774987
0.822409
0.430142
0.921888
0.707426
0.411443
0.870342
0.917986
0.36619
0.708166
0.500673
0.756093
0.392537
0.99992
0.626596
0.669218
0.308119
0.338383
0.999341
0.476888
0.478108
0.799252
0.993167
0.997788
0.31152
0.2108
0.427831
0.259868
0.835754
0.41032
0.499721
0.279904
0.353636
0.481411
0.459417
0.607585
0.682601
0.870067
0.40327
0.593762
0.876185
0.386803
0.980013
0.53398
0.776228
0.921853
0.20675
0.831706
0.830771
0.910505
0.99984
0.767357
0.763925
0.811033
0.388986
0.437996
0.321278
0.305826
0.45068
0.833555
0.797723
0.559285
0.519781
0.320391
0.788651
0.406412
0.963948
0.393608
0.329857
0.700585
0.23531
0.324728
0.852134
0.618251
0.712446
0.311971
0.740793
0.470997
0.786713
0.57128
0.20117
0.996394
0.6144
0.775986
0.228462
0.84438
0.466093
0.923821
0.769686
0.88934
0.679379
0.999533
0.900101
0.218769
0.473176
0.752271
0.857377
0.362694
0.621516
0.233816
0.928714
0.385532
0.697234
0.894683
0.65736
0.499962
0.542376
0.677773
0.664032
0.651416
0.66247
0.72758
0.737379
0.997401
0.790235
0.763974
0.796786
0.433683
0.606714
0.650733
0.997974
0.273315
0.998874
0.696385
0.399492
0.74768
0.588848
0.753219
0.525535
0.25732
0.332948
0.229872
0.537618
0.403975
0.432322
0.591722
0.489557
0.624606
0.842004
0.792764
0.261608
0.643559
0.989262
0.300212
0.850086
0.858931
0.555558
0.289031
0.39813
0.984083
0.463238
0.609287
0.635826
0.721529
0.700048
0.218589
0.692151
0.299299
0.352975
0.767967
0.889564
0.998491
0.995954
0.284985
0.552514
0.672742
0.797889
0.755008
0.880103
0.245331
0.576267
0.538835
0.975894
0.227302
0.32943
0.969044
0.999906
0.638263
0.685972
0.261822
0.249552
0.93751
0.258458
0.682309
0.705931
0.402339
0.284324
0.311184
0.763974
0.286592
0.700638
0.332859
0.400308
0.663796
0.49217
0.24292
0.791843
0.785105
0.928841
0.712217
0.55744
0.989708
0.917074
0.360447
0.841714
0.791855
0.377178
0.890241
0.236473
0.500162
0.831296
0.839817
0.970974
0.692381
0.800621
0.65884
0.995658
0.218753
0.497126
0.370371
0.606321
0.360218
0.845335
0.803531
0.899762
0.479652
0.20051
0.978826
0.398479
0.702204
0.999865
0.980565
0.999146
0.422852
0.490648
0.592108
0.41815
0.99894
0.597563
0.827808
0.996682
0.846649
0.404645
0.700773
0.366666
0.459578
0.23261
0.925397
0.9609
0.862852
0.584487
0.447332
0.431915
0.8925
0.706713
0.819513
0.698546
0.429829
0.74701
0.288861
0.441333
0.388653
0.504001
0.812287
0.751543
0.464006
0.331384
0.815441
0.36209
0.659956
0.402833
0.437128
0.258984
0.799066
0.74316
0.805861
0.669329
0.769932
0.986118
0.230478
0.247216
0.279106
0.331128
0.999918
0.654372
0.820288
0.408726
0.940942
0.983498
0.763041
0.424286
0.24677
0.936994
0.642855
0.490809
0.802424
0.722166
0.578873
0.449691
0.37664
0.401442
0.462358
0.672521
0.623328
0.792548
0.694843
0.249277
0.853738
0.355804
0.65307
0.703365
0.875359
0.610574
0.749273
0.757755
0.993401
0.899094
0.857908
0.352426
0.264811
0.540822
0.49215
0.752795
0.786794
0.646249
0.5244
0.92864
0.926055
0.554353
0.626443
0.823746
0.873033
0.324222
0.451645
0.711804
0.405036
0.750251
0.854477
0.998669
0.232299
0.713956
0.750647
0.559876
0.373592
0.856253
0.433466
0.649343
0.362707
0.394075
0.733816
0.535566
0.812775
0.416401
0.759559
0.811995
0.884606
0.832834
0.886926
0.655872
0.421281
0.775328
0.246972
0.837314
0.844456
0.702593
0.941657
0.811237
0.791118
0.591053
0.679703
0.757313
0.874645
0.793352
0.932157
0.631468
0.923836
0.56131
0.816952
0.207802
0.781691
0.689353
0.630651
0.226628
0.338488
0.296596
0.678236
0.607786
0.203844
0.709952
0.799118
0.265327
0.20868
0.401252
0.621029
0.771553
0.228148
0.666113
0.999776
0.744765
0.83126
0.355442
0.784661
0.994245
0.686375
0.84383
0.803573
0.922158
0.830026
0.870349
0.377153
0.401406
0.606875
0.823359
0.770582
0.27847
0.372644
0.702832
0.207648
0.724824
0.422747
0.845494
0.74895
0.636678
0.453257
0.500428
0.599173
0.334151
0.97701
0.217184
0.864594
0.738102
0.843147
0.899299
0.992564
0.283836
0.433553
0.304435
0.454939
0.906005
0.229196
0.635853
0.441494
0.297924
0.623908
0.835938
0.850086
0.749056
0.860981
0.502656
0.94018
0.533579
0.763974
0.999564
0.28353
0.66639
0.876058
0.666702
0.719135
0.998293
0.795802
0.650759
0.392667
0.232947
0.310428
0.272837
0.780987
0.846677
0.290432
0.846777
0.55628
0.998787
0.529049
0.704869
0.527892
0.875866
0.635837
0.666702
0.304962
0.342645
0.765234
0.607236
0.628597
0.547781
0.822724
0.389147
0.767787
0.568379
0.843402
0.235574
0.258853
0.370414
0.220942
0.467905
0.490922
0.337438
0.987481
0.830289
0.354023
0.734094
0.574271
0.691124
0.437174
0.573394
0.905043
0.808887
0.429395
0.881221
0.710328
0.985848
0.214591
0.49656
0.729411
0.868316
0.482802
0.369649
0.823576
0.518978
0.949238
0.80705
0.394483
0.759532
0.548707
0.670522
0.811793
0.277334
0.861087
0.809783
0.739622
0.71038
0.526683
0.76707
0.270212
0.500066
0.98606
0.5783
0.39763
0.438752
0.854765
0.724545
0.352281
0.550189
0.699325
0.452491
0.472418
0.406265
0.69025
0.892595
0.203586
0.598031
0.987867
0.721986
0.429445
0.4604
0.44081
0.391107
0.377026
0.590966
0.427032
0.77621
0.39971
0.263339
0.341571
0.522251
0.954911
0.722844
0.714118
0.51159
0.64022
0.337552
0.916549
0.858026
0.611368
0.258412
0.917355
0.654321
0.339928
0.631649
0.55088
0.264382
0.230296
0.725218
0.986334
0.99937
0.727714
0.77551
0.466721
0.976882
0.772277
0.997663
0.875655
0.731181
0.759584
0.719423
0.723279
0.308032
0.269848
0.829668
0.995572
0.985874
0.66663
0.719988
0.677632
0.913718
0.810077
0.873734
0.409994
0.607585
0.616075
0.503966
0.892257
0.931288
0.310794
0.809599
0.83376
0.20914
0.523965
0.816529
0.917929
0.806005
0.802412
0.70724
0.748535
0.305571
0.847489
0.361191
0.202676
0.43856
0.747163
0.843567
0.798859
0.73981
0.398914
0.572313
0.448065
0.99662
0.332998
0.748432
0.614999
0.321599
0.426608
0.289645
0.476683
0.331786
0.833307
0.603602
0.820527
0.44842
0.57444
0.788459
0.592118
0.845769
0.911241
0.24204
0.999815
0.817221
0.657066
0.361978
0.989075
0.983573
0.930774
0.870911
0.986094
0.803805
0.308056
0.444115
0.771141
0.881459
0.840633
0.582792
0.329644
0.757991
0.8727
0.356773
0.846702
0.486444
0.606693
0.661606
0.426953
0.857271
0.494983
0.497992
0.889918
0.266846
0.429295
0.37024
0.766673
0.311371
0.770847
0.43579
0.719983
0.806214
0.399186
0.873539
0.660306
0.229453
0.406088
0.608631
0.361774
0.865525
0.280347
0.91806
0.406074
0.418998
0.764843
0.424446
0.460457
0.596281
0.683788
0.723103
0.688464
0.624413
0.234904
0.83208
0.580859
0.497214
0.806607
0.703834
0.803424
0.552898
0.31753
0.502587
0.669395
0.257018
0.896114
0.771465
0.513358
0.892451
0.84667
0.499645
0.641422
0.625792
0.995463
0.216324
0.262456
0.833045
0.247957
0.37166
0.859491
0.500003
0.347313
0.66639
0.769331
0.533226
0.415006
0.517137
0.884756
0.831477
0.829072
0.284825
0.638337
0.819151
0.950077
0.20748
0.279188
0.32761
