29.952
31.0911
36.7315
29.5338
45.7954
-1.0
46.6326
16.0136
32.9899
49.8449
24.2708
13.8427
44.1819
45.608
51.8481
48.5583
-1.0
50.3487
51.997
-1.0
28.5993
32.9065
-1.0
45.6827
36.2284
50.5459
21.0014
19.074
48.3913
-1.0
43.8133
30.8876
33.0628
39.2177
-1.0
30.6455
39.9418
46.695
45.9583
32.5201
35.8343
28.4306
-1.0
35.566
36.6604
-1.0
42.6142
18.3518
47.1406
21.7638
31.1006
-1.0
22.7064
26.8336
49.6515
-1.0
35.3202
21.1264
46.9698
14.7153
46.9378
40.0682
50.5113
38.9215
24.3201
38.0464
8.76914
46.0573
24.8192
-1.0
47.0609
22.3594
35.1264
29.2714
25.6899
44.5067
12.906
39.2456
41.5949
10.5873
-1.0
-1.0
36.25
47.3296
-1.0
41.5028
-1.0
7.52189
-1.0
51.6035
-1.0
41.4109
44.6496
40.6126
14.2733
15.2952
20.419
-1.0
10.0416
44.953
40.2086
-1.0
42.3091
-1.0
51.561
45.8822
-1.0
27.087
41.7219
-1.0
28.4938
-1.0
42.6735
38.9742
39.7798
45.8441
36.2908
-1.0
26.8122
-1.0
47.8178
31.2713
46.5435
43.0141
37.1611
24.3091
46.2037
50.8396
27.5074
21.1716
12.5276
49.9418
26.9124
-1.0
-1.0
-1.0
-1.0
-1.0
34.2156
19.512
23.7752
52.0754
31.7568
25.7572
27.6139
31.4641
34.7899
-1.0
24.424
45.941
30.2644
-1.0
44.1041
-1.0
47.3133
36.12
24.1402
-1.0
-1.0
-1.0
36.0087
-1.0
50.5978
49.3431
-1.0
37.2251
44.4407
-1.0
27.099
24.3951
31.5014
49.865
23.7628
-1.0
39.1599
42.789
37.9781
27.3797
-1.0
27.6385
44.7571
42.0075
48.394
36.9379
28.5847
-1.0
43.0512
40.3213
43.7103
15.2502
51.9994
23.8591
17.4629
50.2543
48.7597
38.0648
26.1855
21.744
24.2604
50.1773
32.7383
49.4387
32.7585
47.4554
-1.0
54.0433
47.6571
42.4347
-1.0
25.7529
33.3224
30.9815
22.1749
31.6743
22.2234
39.31
29.4995
18.1186
51.4399
-1.0
28.9064
42.2963
21.7437
-1.0
29.8409
47.44
51.1018
32.7604
21.9163
41.4948
49.004
-1.0
45.0189
45.0779
29.652
36.2854
-1.0
18.7529
41.5307
-1.0
31.6718
49.984
-1.0
36.8494
38.598
44.0441
37.3885
42.8175
32.3142
-1.0
-1.0
30.5205
26.9391
44.6792
-1.0
49.5544
41.1063
50.4472
29.3958
-1.0
14.4056
-1.0
-1.0
-1.0
50.9909
48.5567
-1.0
-1.0
34.4286
-1.0
51.4089
-1.0
50.3551
34.2652
34.2241
-1.0
42.3851
20.2317
51.8141
37.0917
-1.0
-1.0
32.7518
-1.0
33.4008
42.133
25.281
51.6119
42.8358
39.6025
31.0476
50.0063
17.3414
43.0021
32.7189
43.9914
22.1821
34.3623
49.1944
-1.0
-1.0
51.7978
34.8622
45.6486
31.5111
-1.0
29.6792
33.9617
27.1282
37.175
-1.0
-1.0
42.9588
14.7854
36.2858
19.2205
-1.0
31.5013
49.0199
28.8192
-1.0
15.1875
27.4286
-1.0
17.4759
47.6061
27.6556
48.5179
-1.0
-1.0
33.7941
47.638
43.0312
30.7054
43.7241
41.4263
-1.0
-1.0
28.7089
47.0553
52.0393
-1.0
32.6265
-1.0
29.8558
40.6683
27.4842
12.0043
-1.0
44.6974
-1.0
49.9521
42.924
26.5702
26.4192
24.868
49.4655
10.975
17.5435
36.8777
43.2002
44.26
25.7096
36.2464
-1.0
40.406
-1.0
26.1766
8.62075
39.7155
48.3314
45.9255
7.20357
48.064
47.9814
32.5545
26.2129
29.791
-1.0
26.1702
42.4633
26.976
39.5762
52.5379
-1.0
34.7663
-1.0
43.1496
46.3056
49.0934
34.0849
44.2116
23.6753
-1.0
-1.0
44.2663
19.2133
-1.0
44.9033
-1.0
46.9558
38.2275
30.5411
39.0235
50.3763
-1.0
42.8722
29.3411
-1.0
-1.0
-1.0
41.1809
23.4177
46.9301
43.0482
49.8487
30.3348
46.7058
41.4091
45.7473
45.0925
43.3336
-1.0
28.6939
31.9374
-1.0
49.4962
32.9758
-1.0
48.4235
-1.0
13.6779
34.0707
32.8307
46.9288
-1.0
47.8213
46.6882
37.3788
39.8309
49.8038
33.7894
19.0534
43.449
42.7196
45.6037
40.0086
45.3485
16.9024
43.1025
27.9018
41.6002
23.7915
51.0374
46.0161
44.9323
-1.0
28.8678
40.6232
12.7779
32.8806
43.8867
33.0925
48.5761
51.4547
48.9209
31.9698
-1.0
49.9598
-1.0
20.2752
25.2227
27.0575
46.5543
29.8394
11.1913
-1.0
51.8311
-1.0
-1.0
51.1264
43.5731
-1.0
34.8116
-1.0
49.7116
12.2268
-1.0
-1.0
50.2121
52.2542
41.6402
51.149
33.2382
47.1447
25.9821
42.3553
10.1058
-1.0
22.9627
51.9978
-1.0
24.0532
29.68
33.3366
32.5793
32.8254
-1.0
30.7326
47.8645
19.6451
49.1167
49.8632
27.8029
37.8383
-1.0
39.0209
-1.0
-1.0
-1.0
47.6855
24.2942
36.1417
45.2189
49.9031
-1.0
32.3288
47.9746
-1.0
26.2162
47.4235
25.0473
32.9417
47.3725
42.4297
33.021
-1.0
40.0383
41.7978
33.4684
42.2938
8.41369
38.3587
51.9874
-1.0
47.1644
34.8956
42.7603
41.2989
38.1236
44.4081
49.6953
37.5399
29.1324
42.7085
34.0291
48.4465
49.0874
-1.0
17.9032
-1.0
45.3469
34.9839
26.0897
36.5494
-1.0
44.2713
49.5331
-1.0
28.0296
42.5461
-1.0
46.6056
41.2493
28.5288
34.9712
20.346
-1.0
28.4484
47.4302
50.0595
29.1561
-1.0
49.0175
29.2329
42.657
30.4018
-1.0
29.574
47.0505
40.8447
33.5338
-1.0
39.9503
47.1165
49.1235
21.8875
14.9043
43.1488
-1.0
43.3997
-1.0
25.7762
34.3586
44.2839
-1.0
50.0355
14.3618
-1.0
-1.0
-1.0
48.7872
34.1285
-1.0
43.6145
-1.0
30.69
40.857
46.2886
30.6911
-1.0
-1.0
26.3364
36.6719
25.3599
23.825
40.1905
38.9739
32.0981
36.6201
44.6324
-1.0
50.628
41.28
35.9159
34.1457
45.2482
19.7594
37.289
-1.0
41.1281
35.9132
46.9135
39.1502
49.2808
-1.0
19.1838
33.7554
-1.0
21.6073
35.6482
48.0603
45.2911
38.6958
-1.0
47.6512
48.9033
33.4625
-1.0
43.7752
39.6076
-1.0
-1.0
22.1419
27.3205
29.9145
32.3986
-1.0
41.7331
-1.0
-1.0
29.8163
46.4921
18.6979
-1.0
-1.0
45.5654
27.9596
50.0425
43.1826
-1.0
47.6525
25.4268
34.1589
51.5383
17.1146
-1.0
34.0555
48.1798
31.5616
-1.0
36.8086
-1.0
44.4238
32.6319
-1.0
30.4599
-1.0
33.2252
45.4458
48.2903
52.0763
20.5811
35.2658
42.6029
22.9576
47.0534
28.2792
23.3309
42.5026
50.4154
-1.0
30.9913
17.3683
44.3915
26.0639
43.6219
43.45
46.8725
39.49
37.7022
39.7242
40.7628
-1.0
28.2339
50.3682
44.5697
38.9971
-1.0
26.7995
42.755
42.2196
-1.0
52.0294
43.0229
41.6644
46.5221
43.226
50.3612
43.5182
39.6085
38.3031
37.1218
-1.0
36.6387
-1.0
44.5034
20.4127
23.3644
37.2812
-1.0
38.6578
39.0734
18.9532
51.066
46.6972
17.2939
34.0384
14.4454
42.8408
19.2258
27.0281
-1.0
-1.0
44.5274
21.871
23.6998
45.0071
47.5937
30.0182
-1.0
33.2904
48.0763
24.5578
50.057
49.1413
42.9776
34.4739
21.9031
-1.0
29.2364
47.4235
48.9584
-1.0
38.6996
36.9352
49.2522
29.5205
48.6534
32.4377
49.2745
18.502
33.2881
28.4551
-1.0
25.0731
53.4451
28.0215
-1.0
41.9113
-1.0
27.8304
47.2006
51.447
47.2039
47.9029
46.0005
50.8444
40.2813
42.9265
11.7394
45.5371
-1.0
19.9962
35.2826
38.8949
49.6119
-1.0
46.8536
28.2495
40.9046
31.6548
46.4638
40.973
39.0031
33.3622
33.5281
52.0961
50.4946
28.8905
-1.0
31.048
29.1367
43.7198
-1.0
51.4397
-1.0
30.9906
17.8396
18.0668
16.4609
46.3286
-1.0
-1.0
26.9965
19.8089
26.8553
35.6156
47.9746
36.2533
-1.0
39.3962
-1.0
41.4154
-1.0
24.4894
41.9622
44.47
-1.0
31.5504
47.8963
26.4454
35.316
25.3562
47.5589
20.7298
50.6135
-1.0
-1.0
39.7265
-1.0
18.8404
40.79
46.1579
34.0529
27.1323
41.5439
49.2386
52.2216
29.588
50.7202
48.3538
-1.0
31.1857
33.6764
50.1264
36.6873
28.465
45.9092
44.2133
30.0385
43.1717
-1.0
31.7858
-1.0
48.882
17.571
28.3131
-1.0
47.4844
45.5132
50.1477
37.3768
42.1587
31.1998
49.7214
30.5242
8.17125
-1.0
-1.0
30.2661
-1.0
-1.0
23.7265
-1.0
45.3872
37.0683
-1.0
37.2085
44.3274
-1.0
48.4742
47.3547
44.5148
7.29969
40.0827
43.9368
34.2788
34.3168
54.0309
28.3625
25.5371
31.1003
51.6343
32.7831
13.7971
33.4262
49.2643
39.3783
37.4054
49.2812
-1.0
44.8967
49.8234
-1.0
14.2437
26.9304
38.8508
31.0715
40.9659
40.5431
-1.0
-1.0
37.7981
19.8054
44.7627
51.6629
42.794
36.9639
31.0279
-1.0
13.4539
42.5631
-1.0
-1.0
-1.0
26.1949
-1.0
32.6462
-1.0
14.4612
49.1734
39.5956
42.2312
20.8476
43.5317
10.0177
-1.0
48.7311
36.8798
22.8694
39.5687
43.8971
21.9013
20.8985
37.2777
40.1004
40.9319
-1.0
37.3633
36.8034
47.0261
34.6635
36.0413
-1.0
23.7666
48.0169
15.8738
14.5496
40.2749
42.8934
44.1221
29.5621
35.9405
32.1235
-1.0
12.7108
-1.0
49.0864
38.7581
36.6966
34.233
26.6547
-1.0
-1.0
51.3027
38.1153
36.5197
14.987
37.1233
47.4817
46.478
39.919
34.0852
34.8123
35.3067
47.6622
51.3968
43.9034
48.5827
47.5323
39.8447
34.4747
20.6846
51.7185
-1.0
-1.0
46.2299
-1.0
18.5276
-1.0
27.5066
29.0501
39.9181
-1.0
42.6377
40.8722
26.9473
-1.0
56.4641
28.9014
41.1327
34.7044
47.2873
34.061
39.6022
10.1044
47.0966
-1.0
28.1374
-1.0
40.1787
35.0322
23.8409
-1.0
51.4473
43.835
49.3617
34.7511
-1.0
34.6836
41.8838
45.4753
28.1448
18.6345
37.2383
-1.0
37.9033
30.8524
39.6412
31.2367
36.6579
37.2188
32.014
45.4319
50.8702
49.1381
35.9753
39.728
-1.0
17.2096
34.0273
-1.0
37.2108
-1.0
-1.0
-1.0
32.3056
49.6187
-1.0
27.3994
45.8117
41.2446
40.8819
45.0434
-1.0
-1.0
40.8631
38.593
-1.0
46.5047
16.7339
31.6476
-1.0
48.3161
-1.0
28.3599
45.5362
-1.0
38.0462
11.0409
26.0405
49.2114
48.9633
33.3369
38.4344
27.2653
-1.0
22.6939
36.489
36.6361
44.2263
42.431
43.395
45.3979
39.6147
13.0695
-1.0
40.8919
30.0859
47.548
29.461
44.8691
-1.0
-1.0
46.5356
37.2478
41.7894
37.1341
45.3588
32.5295
31.8677
19.9388
52.0359
-1.0
40.5491
7.41361
32.1806
45.3357
20.849
-1.0
24.6801
50.1741
38.8386
-1.0
11.0934
33.149
48.3616
-1.0
22.3377
46.9214
51.2076
35.4891
31.0649
-1.0
53.7544
36.9243
37.5948
45.876
22.0389
38.4327
42.6172
17.7908
-1.0
25.031
30.4227
-1.0
39.031
32.9442
-1.0
-1.0
51.0347
-1.0
14.955
42.5804
20.8476
-1.0
37.1395
40.1825
33.9558
22.5836
30.8219
46.3149
38.5152
41.8989
43.0123
8.46906
47.8043
48.3662
-1.0
38.8866
-1.0
34.5824
33.6054
32.613
28.1006
41.9001
23.8757
42.9548
7.2286
-1.0
45.5785
35.1716
12.6351
46.2272
27.7286
51.9008
19.0675
-1.0
-1.0
42.5719
30.5597
28.7919
-1.0
-1.0
50.3222
28.9523
43.9647
-1.0
45.7313
41.3683
38.3669
51.7146
44.9847
51.8734
42.5843
-1.0
11.2002
43.0978
29.6505
51.5347
28.8521
50.1525
51.4911
17.9989
46.6332
36.5678
33.0744
40.32
19.4501
-1.0
52.0229
46.2245
39.3734
34.5356
27.0248
33.2277
-1.0
51.7101
-1.0
37.4383
29.7981
34.1551
38.9403
51.7002
-1.0
17.674
24.2555
-1.0
43.6985
31.3003
48.5075
37.9487
25.8282
52.3116
41.6414
27.5268
23.824
-1.0
34.3661
49.4862
50.1711
17.1452
43.386
22.0798
36.6622
19.8416
-1.0
49.5222
25.1485
21.1627
46.8218
42.9484
40.4983
-1.0
15.5198
47.6714
22.7161
-1.0
48.9931
46.6466
42.6188
49.4127
-1.0
37.8596
25.8681
19.1846
-1.0
20.948
-1.0
36.9973
28.0019
39.4157
45.1964
29.543
33.8494
-1.0
43.91
19.0269
29.3649
51.2726
31.0879
17.9107
42.6957
56.0334
-1.0
-1.0
40.5218
42.8654
-1.0
41.0977
42.8903
39.1586
37.0417
28.5203
31.789
36.7151
47.4512
-1.0
37.2589
42.2903
-1.0
45.2616
30.7785
51.2752
47.0931
-1.0
21.1094
50.0092
25.7283
49.448
49.3308
38.7677
38.3887
45.6108
16.3484
49.2177
36.6465
19.5995
23.8636
22.9388
52.2179
31.3693
45.7861
51.0207
-1.0
50.8566
38.7007
49.3787
35.3553
23.0645
38.3064
-1.0
51.6867
31.8651
-1.0
48.4626
41.8273
37.1522
46.8526
-1.0
42.9675
42.6688
-1.0
48.7977
44.7149
25.3985
35.6336
31.5809
48.4135
34.4836
31.685
50.7251
21.7788
49.4025
30.5219
49.2198
27.9798
20.9956
48.5124
28.3917
41.4792
-1.0
33.9263
46.2904
30.5086
47.9235
26.514
32.2258
-1.0
33.6204
19.999
26.4272
42.0549
35.3226
40.8198
12.1892
40.0413
23.7426
-1.0
29.5275
37.6455
46.7295
45.5713
29.5874
-1.0
22.0272
45.0919
37.2794
28.3901
47.5053
-1.0
46.5637
-1.0
49.7134
31.8073
30.8873
-1.0
43.084
37.1513
43.0221
27.6687
-1.0
26.8577
-1.0
48.3337
-1.0
31.3258
35.3763
-1.0
42.1456
-1.0
35.0378
50.4995
27.0664
45.5683
48.7333
51.4788
19.276
34.2994
-1.0
-1.0
48.1518
45.4448
38.9414
39.8477
-1.0
31.1177
45.8657
12.9782
30.1901
23.2502
47.6306
19.9897
43.7801
43.8707
14.294
23.6853
29.1357
-1.0
-1.0
-1.0
15.9588
31.3069
45.9797
-1.0
49.8355
36.0095
16.6334
42.8256
-1.0
44.2494
46.1356
48.6729
-1.0
40.8805
-1.0
-1.0
42.2426
51.3178
40.5187
46.7844
32.3028
45.1943
45.8671
-1.0
7.39533
32.6134
49.5226
39.9309
14.5378
30.7743
45.9435
14.5007
48.38
30.3671
51.4676
41.0375
49.8025
41.7564
25.0497
-1.0
51.0707
30.9361
35.3518
31.9133
28.0209
19.6527
22.4552
36.9646
46.1733
49.8546
44.1084
26.5497
37.4025
43.851
36.3985
-1.0
30.7226
34.4427
44.1765
44.7737
24.6668
34.584
42.5493
14.7686
49.54
-1.0
40.2052
32.6134
31.8048
42.137
27.631
27.4669
35.0909
44.3506
46.4535
8.20558
-1.0
49.7582
42.7319
-1.0
35.6759
37.6335
25.3311
25.8611
34.0106
37.9966
27.1703
-1.0
-1.0
29.808
32.0728
27.1438
30.5643
-1.0
43.3178
51.4259
-1.0
-1.0
50.8132
30.1828
40.3807
43.9448
36.28
19.0858
48.4869
26.7601
32.3673
-1.0
43.42
43.998
35.0749
30.5675
49.276
-1.0
34.8093
45.6542
35.2418
44.9812
-1.0
40.6848
41.9913
37.3876
47.0334
46.6113
48.2498
-1.0
28.3972
31.2648
27.7713
-1.0
46.3859
-1.0
47.9516
31.5735
-1.0
44.0144
39.1205
49.4284
-1.0
-1.0
37.6039
31.43
50.2667
-1.0
44.2402
30.7856
-1.0
-1.0
41.7495
31.738
49.4842
17.4232
17.2783
44.13
37.553
43.1977
42.891
21.5998
30.68
15.5085
48.4104
52.0276
33.7826
26.8399
38.1162
-1.0
52.2727
48.3594
42.5239
47.6871
-1.0
43.064
25.7048
48.6661
12.2859
51.1811
-1.0
45.3353
43.6926
44.3585
42.3397
30.5101
-1.0
36.734
36.1788
43.7526
-1.0
-1.0
-1.0
13.4122
42.4905
35.628
-1.0
28.8414
51.4824
32.7613
43.5981
16.0374
31.7923
-1.0
13.5099
50.9535
37.4458
-1.0
47.9839
36.6405
57.2191
46.9377
-1.0
43.3618
37.6452
-1.0
45.4237
42.3259
-1.0
14.7812
33.3476
40.5717
29.3013
27.7575
43.6155
44.6676
51.7078
25.4007
27.8203
-1.0
36.5423
-1.0
17.8032
48.921
23.9491
39.9389
32.2448
30.6485
35.3776
16.8145
46.0533
49.5221
-1.0
30.1529
17.9344
38.4351
-1.0
40.9065
-1.0
30.0095
45.4973
29.6581
43.071
40.6843
-1.0
42.0322
-1.0
23.5547
27.1132
52.1725
39.555
47.0848
18.9503
33.8029
42.135
37.494
-1.0
43.8497
48.2568
45.9988
45.6209
48.1862
25.0471
23.6301
42.8675
42.0901
46.4428
27.1602
-1.0
13.1062
-1.0
-1.0
26.9459
37.2504
36.7983
-1.0
31.7305
-1.0
15.9466
-1.0
29.9938
-1.0
31.342
-1.0
45.607
-1.0
48.9792
-1.0
49.1617
40.7667
37.5313
42.8135
46.2507
29.2552
36.1425
42.9903
43.2205
-1.0
25.5276
32.9775
23.5866
45.69
43.0967
16.3966
50.0805
-1.0
36.0215
25.1521
32.2788
51.7599
39.4588
-1.0
39.1918
27.8928
33.6813
43.475
51.2212
8.87017
38.8947
34.5267
45.619
35.055
48.0253
23.1585
-1.0
46.2344
37.169
46.6923
-1.0
45.3869
42.4604
39.1044
10.663
37.8366
-1.0
30.3069
48.4659
-1.0
21.9267
-1.0
49.3704
-1.0
47.4475
-1.0
44.2604
46.8027
107.943
-1.0
21.9506
50.6166
43.6994
46.2944
-1.0
43.8986
42.8121
-1.0
48.5921
40.7181
29.4909
42.183
41.3581
25.7531
-1.0
-1.0
32.99
49.2026
-1.0
27.1678
8.68111
19.9164
49.8638
37.9443
44.7389
46.2608
-1.0
-1.0
-1.0
37.3371
39.7298
38.0248
50.239
42.7059
-1.0
42.3383
47.869
37.7923
29.5327
33.8865
-1.0
29.6303
35.053
42.3969
-1.0
43.3922
-1.0
27.9453
30.3748
35.1807
-1.0
-1.0
52.0495
40.6092
36.1895
-1.0
27.8848
-1.0
26.1803
51.7089
16.944
44.258
50.0103
32.0384
46.432
41.8783
50.8497
39.9336
40.7207
29.0499
31.4736
24.5318
-1.0
47.9071
35.2756
32.784
-1.0
21.4201
49.1313
19.6624
-1.0
28.4781
17.4283
27.9849
33.9624
29.4116
48.27
49.3398
-1.0
45.1122
-1.0
54.3603
33.8093
-1.0
51.4301
36.6719
29.9433
34.635
46.2057
-1.0
40.8432
44.6273
29.7498
30.0771
-1.0
23.0284
33.1943
-1.0
41.3055
29.9141
-1.0
49.8441
18.4644
43.6143
39.1531
48.7823
24.7783
16.7735
44.6378
43.9425
45.1743
-1.0
44.9435
32.2097
38.3001
28.9487
46.2005
40.724
19.2795
12.5061
43.8961
30.7324
43.3349
-1.0
35.6245
43.6807
49.12
34.9566
52.2287
31.5603
51.3416
28.9579
25.6226
25.9241
20.0632
17.1478
49.8298
-1.0
43.924
-1.0
35.4855
20.7557
17.1887
38.3489
42.4998
52.2923
44.3882
34.92
15.6036
-1.0
49.5443
-1.0
38.2934
35.781
25.4298
49.2945
44.4938
34.606
31.245
-1.0
-1.0
44.7853
32.056
45.1644
-1.0
34.0181
-1.0
37.6628
51.5174
39.9827
29.8749
33.2054
-1.0
39.5793
51.2679
42.22
40.6756
39.0167
31.3037
-1.0
36.6522
31.7224
25.3869
-1.0
48.2333
28.3109
52.2067
45.745
23.5541
38.0143
34.1532
15.4794
-1.0
47.8048
-1.0
40.6748
15.2256
-1.0
-1.0
-1.0
45.3608
40.6385
-1.0
23.2174
51.7471
23.9416
46.9502
-1.0
30.2339
44.4839
46.7501
51.356
14.7113
48.5235
-1.0
41.1312
-1.0
32.2101
19.2981
-1.0
27.2705
38.3456
39.5014
24.017
-1.0
46.8585
-1.0
42.5923
44.4994
-1.0
44.5504
48.0132
-1.0
43.3722
-1.0
-1.0
49.1766
-1.0
33.1919
-1.0
38.0406
25.4204
34.7199
43.4045
43.43
30.9692
-1.0
-1.0
20.4927
14.9802
20.2136
-1.0
36.5278
25.9025
50.3512
23.6109
44.7287
27.9341
50.836
-1.0
25.4798
-1.0
48.7126
-1.0
-1.0
38.7245
-1.0
40.2678
-1.0
47.0945
43.558
39.2599
46.8071
14.654
28.4868
41.3837
49.1734
35.1222
-1.0
35.7977
50.7647
32.1669
38.8298
38.6375
30.8882
-1.0
47.8525
-1.0
34.0306
35.7547
39.7044
48.5228
46.6839
39.768
51.0423
49.517
-1.0
-1.0
22.9074
21.8413
37.9459
24.9016
-1.0
32.4175
50.6077
31.2621
-1.0
42.9539
28.0598
47.4952
31.8561
22.1436
23.544
40.2679
21.1619
35.5823
-1.0
39.2459
53.7725
-1.0
-1.0
19.6995
8.97816
51.5388
26.1256
32.9422
49.2588
30.7879
50.2458
36.6377
-1.0
-1.0
-1.0
9.89168
-1.0
26.9653
44.3098
35.8545
-1.0
-1.0
39.5892
-1.0
46.2937
46.9421
37.7862
-1.0
30.395
44.6267
32.6853
26.7542
-1.0
-1.0
51.795
19.4866
40.5804
-1.0
41.1506
49.9784
51.8077
41.9996
42.9976
40.7614
-1.0
45.1531
-1.0
46.0111
31.6858
25.6665
-1.0
23.5929
25.3108
51.0606
33.4785
48.6281
35.4994
46.0045
-1.0
19.065
-1.0
45.2265
48.7421
43.2556
46.1836
38.3003
43.3684
18.4462
-1.0
34.0449
35.6426
32.0523
23.8794
37.5232
42.3196
32.9875
-1.0
30.0948
37.3405
33.4348
43.6423
25.0731
36.4918
44.5666
26.7918
45.0519
27.014
14.0882
23.9143
42.5145
47.5248
31.7708
22.7925
37.7146
33.8786
-1.0
-1.0
46.823
-1.0
-1.0
44.6855
33.3017
50.1361
41.9324
47.4951
49.3426
35.3471
-1.0
45.5408
45.4855
43.8501
35.6373
51.0484
52.9466
45.1266
45.1136
49.7942
34.4251
33.0429
34.7475
51.85
43.7721
37.6041
51.1589
-1.0
-1.0
13.9233
31.7756
31.273
-1.0
29.1275
44.3175
47.8465
33.3954
-1.0
34.4205
8.84576
-1.0
43.8601
-1.0
27.8053
26.4859
-1.0
35.5692
43.6729
37.9135
-1.0
-1.0
37.795
-1.0
28.1487
-1.0
24.1816
-1.0
41.5167
-1.0
49.993
47.8876
-1.0
42.4803
-1.0
21.3956
41.0436
35.5359
33.1714
36.3182
44.9198
38.4044
-1.0
-1.0
43.9786
50.021
43.9737
27.891
-1.0
36.7448
42.1989
27.2679
36.7248
9.7245
25.9486
41.7772
47.2607
40.3269
33.1102
49.121
34.6246
32.184
28.3021
-1.0
33.0991
27.0107
23.7734
40.0494
12.3881
-1.0
43.4309
31.2893
19.4674
-1.0
44.9464
44.4978
20.6456
46.5927
47.9222
46.869
18.9674
-1.0
-1.0
-1.0
-1.0
35.8288
18.1081
28.3255
41.997
48.9545
45.8919
44.1336
-1.0
48.0368
48.7152
-1.0
30.4204
-1.0
-1.0
14.1587
47.8637
40.5027
-1.0
-1.0
36.6027
6.30673
27.402
36.2161
43.3201
46.4249
38.572
51.5951
-1.0
33.7081
34.8579
37.4369
49.2682
36.0909
43.8684
48.8268
-1.0
-1.0
21.2087
44.1399
-1.0
27.0213
31.0401
45.525
18.7652
-1.0
-1.0
50.2374
45.1572
36.5859
-1.0
-1.0
-1.0
28.4523
32.551
55.7781
-1.0
12.8343
46.5064
23.9431
39.544
40.8004
26.254
-1.0
37.3549
19.8649
-1.0
40.7587
-1.0
46.7018
36.3131
44.2691
-1.0
52.0215
34.6087
26.248
33.3805
41.9807
43.4993
47.1847
49.5441
32.0648
-1.0
44.864
-1.0
21.9501
50.7439
43.8454
29.006
48.1352
-1.0
36.0709
43.1358
-1.0
-1.0
-1.0
44.4214
45.6704
19.7576
-1.0
44.3926
43.438
36.2698
48.3486
51.8176
28.7191
-1.0
19.9289
41.2323
38.7376
28.5485
32.9164
18.062
25.9508
41.3243
26.2928
-1.0
-1.0
38.5295
49.8944
31.0104
25.4996
36.9599
-1.0
30.0847
48.6306
27.4496
41.8786
34.9334
11.5688
39.0267
25.8228
-1.0
44.6898
43.325
19.265
49.85
43.0283
-1.0
38.4752
21.4695
45.1665
48.2674
42.0304
40.0087
-1.0
-1.0
45.3451
41.9418
20.265
47.8614
36.2232
45.4358
38.4486
45.82
-1.0
33.2222
47.4567
31.1479
39.5329
-1.0
-1.0
40.2335
20.9085
-1.0
34.3058
25.3107
36.3284
-1.0
-1.0
47.8544
22.3544
21.0807
-1.0
31.5695
27.5284
-1.0
29.8846
35.31
-1.0
12.5161
48.8368
33.3889
39.2342
33.9069
27.844
42.717
48.4217
34.009
50.2656
28.7996
38.9014
-1.0
-1.0
32.0855
-1.0
-1.0
45.4579
47.4582
-1.0
12.6203
-1.0
51.4776
50.969
47.8066
-1.0
34.1755
34.739
42.7985
-1.0
25.3878
23.3093
32.3483
26.6309
16.1508
48.2744
-1.0
-1.0
30.5104
28.0044
-1.0
49.2814
21.6116
34.7095
-1.0
-1.0
-1.0
17.4828
44.6014
49.4333
28.1351
27.8021
48.0936
18.2883
45.6427
30.4754
39.9617
46.4811
36.3454
39.2949
-1.0
19.874
20.8584
30.2501
-1.0
-1.0
23.0219
-1.0
49.4335
46.0421
23.2472
48.6152
26.8092
-1.0
11.377
38.9847
45.1502
49.6026
40.2538
30.4348
42.8474
-1.0
36.6969
-1.0
48.1322
49.3874
43.174
32.7382
-1.0
47.7846
35.3825
31.8797
27.9279
31.3709
48.8301
47.0156
44.8887
45.4882
46.3177
-1.0
41.4148
32.4426
35.4492
28.5975
44.4024
30.9582
-1.0
44.3867
49.7951
36.2458
-1.0
43.572
35.8806
40.6063
29.6331
28.6673
46.8344
38.5042
45.5119
42.9887
37.0658
-1.0
-1.0
-1.0
48.5447
41.753
-1.0
41.3626
-1.0
49.4682
20.9262
50.4464
-1.0
-1.0
11.6154
49.6009
-1.0
-1.0
24.1796
47.0722
-1.0
29.4162
31.6283
50.78
31.6703
-1.0
22.8812
22.8591
43.7504
-1.0
35.0794
46.5049
-1.0
41.407
-1.0
-1.0
-1.0
20.7712
45.6469
44.3789
27.1381
-1.0
45.601
46.4341
39.4836
44.2621
20.3055
50.6953
47.9802
25.6261
40.1751
44.0025
-1.0
34.2008
50.2795
-1.0
29.3632
30.6928
41.2339
47.4698
31.002
38.0986
45.7311
48.9183
40.7956
46.3653
47.8259
29.3477
23.335
45.5098
51.3103
11.6497
48.6152
-1.0
31.8759
40.4009
-1.0
12.1732
47.9569
-1.0
37.4756
-1.0
47.5776
53.7333
-1.0
48.1518
28.594
26.329
51.0518
-1.0
-1.0
37.261
-1.0
46.404
33.0924
34.2575
24.9072
42.0374
43.5019
43.1904
33.6562
29.5013
-1.0
29.8911
47.1874
27.3831
39.2388
32.2086
-1.0
-1.0
43.9323
43.0687
46.8107
41.782
34.7058
38.4539
-1.0
-1.0
28.0683
28.5907
35.3145
21.9133
27.1473
21.8485
38.6802
51.8909
33.1136
40.3685
-1.0
-1.0
47.1015
44.7123
38.3056
35.3899
20.2487
-1.0
25.0808
46.3552
50.3183
46.7982
-1.0
31.99
-1.0
37.4463
40.5884
41.6527
39.1969
-1.0
-1.0
32.5922
33.8652
45.7468
26.6834
26.0479
47.9212
36.7789
48.7933
43.62
-1.0
32.6161
50.6787
24.6724
34.3175
22.2265
26.4949
51.6405
33.6841
-1.0
35.6908
46.3855
-1.0
-1.0
38.7773
35.0686
46.5715
49.4212
-1.0
50.0233
45.7996
45.0729
-1.0
-1.0
49.8762
40.6555
48.0934
40.6623
17.0722
37.9461
-1.0
-1.0
43.3228
-1.0
-1.0
32.4497
40.4283
40.7123
-1.0
45.4817
-1.0
-1.0
-1.0
33.1514
49.0842
-1.0
47.0368
-1.0
-1.0
-1.0
42.5585
30.276
-1.0
-1.0
-1.0
43.1902
40.8811
20.1937
-1.0
47.5988
37.466
-1.0
42.265
28.7891
36.8559
19.3765
29.4096
-1.0
32.1668
41.264
18.6317
-1.0
-1.0
14.0537
-1.0
-1.0
-1.0
45.9227
50.8937
32.0463
-1.0
-1.0
29.0898
29.6105
48.5649
-1.0
41.4761
46.0934
-1.0
27.7454
-1.0
47.0123
-1.0
39.3413
33.473
50.2575
34.2573
36.3771
54.8352
-1.0
42.6248
-1.0
50.7536
-1.0
38.0545
39.2212
22.2456
50.4169
47.3954
28.4835
34.429
22.9815
49.4937
25.5506
-1.0
43.8533
-1.0
-1.0
-1.0
7.78474
51.3142
-1.0
45.2129
39.1244
-1.0
33.8114
42.2116
-1.0
-1.0
42.2055
33.1297
-1.0
-1.0
-1.0
-1.0
51.0242
46.5629
-1.0
41.925
-1.0
17.1904
27.5894
31.6192
48.8762
45.4244
52.5658
46.6394
21.3708
37.2905
43.1803
-1.0
29.0313
41.4516
38.3059
31.5366
36.1182
40.9729
31.3212
23.3429
-1.0
-1.0
36.9662
44.461
32.7892
42.5079
42.9584
22.569
46.9037
46.6394
28.2486
32.5206
35.8172
40.4385
48.7375
16.0788
47.3351
34.9775
27.75
44.0929
46.5581
42.978
-1.0
-1.0
37.2345
41.9762
43.634
46.8597
43.3672
15.0008
41.7168
39.1198
39.1606
48.8887
-1.0
37.7167
48.6494
38.4975
-1.0
48.7248
24.6897
27.4624
34.5649
-1.0
41.8202
47.9197
36.3403
50.8493
35.3789
43.9354
39.261
49.7075
-1.0
28.6377
-1.0
48.3737
36.675
40.6186
45.4256
51.7648
51.5566
32.286
17.9235
43.313
34.484
38.8709
26.9451
44.7248
41.0571
35.606
-1.0
46.6228
-1.0
42.9589
44.5528
42.0034
-1.0
33.3359
40.429
37.5673
43.2825
50.9598
28.7251
44.3145
-1.0
-1.0
35.8949
7.47443
48.1886
36.9564
47.4362
45.6619
27.6608
-1.0
30.2276
16.43
36.8457
34.1475
4.72126
34.8367
15.2761
-1.0
41.2479
42.7904
-1.0
51.7932
36.9785
17.751
30.5073
29.1539
49.2403
-1.0
35.0167
46.3941
51.1675
24.9214
47.4185
45.9007
52.228
49.8689
-1.0
33.6355
39.472
25.9173
45.3434
48.7763
27.1032
48.9988
21.0467
37.2824
46.2891
50.4547
36.5404
21.3962
40.9864
47.0042
23.3999
46.8146
-1.0
-1.0
26.9174
39.5334
38.8894
18.1337
21.7234
47.933
51.8988
48.3265
35.0881
36.5332
44.1872
14.9765
43.0956
33.9621
37.8684
51.8822
19.175
27.0264
36.0439
-1.0
41.4496
16.9569
43.2424
34.5042
-1.0
33.2177
-1.0
47.4073
-1.0
41.1644
40.4988
46.6975
-1.0
40.295
39.0274
42.9392
48.1179
40.3102
-1.0
38.886
50.3667
41.7247
-1.0
22.1973
34.4858
51.0229
47.5271
41.7376
40.179
-1.0
40.7703
40.6699
50.5513
51.0378
19.5927
25.0328
12.8184
29.9912
-1.0
42.9788
-1.0
21.0004
47.0164
-1.0
-1.0
-1.0
-1.0
50.3314
43.9031
32.8975
-1.0
-1.0
31.3414
26.3337
-1.0
46.2661
19.6083
32.3551
23.8352
26.2546
49.6716
46.9252
22.789
43.8126
39.0627
39.2911
32.1044
36.1863
27.7464
44.6154
45.7452
47.7301
27.6301
40.0071
-1.0
-1.0
-1.0
41.0143
28.5282
17.9832
18.3644
29.0113
47.0889
42.9325
-1.0
-1.0
38.6791
35.5836
-1.0
51.9744
35.1152
21.9996
-1.0
16.4239
47.0283
44.8515
22.7505
47.7938
48.1349
45.349
33.1863
50.7316
35.6646
37.8958
41.6462
37.5611
-1.0
51.4813
22.4902
45.4148
52.2141
50.202
35.8483
46.3973
33.6732
48.9624
42.3018
25.4981
51.0097
-1.0
38.4876
32.8938
32.699
45.6302
34.9098
21.3959
26.8836
49.9092
33.171
32.5057
-1.0
-1.0
51.2934
36.7147
26.6376
28.1901
-1.0
38.2379
39.1138
-1.0
52.5155
-1.0
-1.0
16.8113
40.6632
-1.0
-1.0
22.274
36.1157
-1.0
52.0129
50.6729
35.0329
39.8465
51.2551
33.0095
30.436
43.8684
49.5728
48.1978
34.0958
52.1933
34.1199
28.8596
22.0913
14.4668
50.163
49.5031
39.9157
29.6076
51.3583
-1.0
29.5367
30.8963
54.0993
51.4756
-1.0
23.6006
25.9252
23.8378
43.6487
33.4804
44.8337
37.5948
42.2323
-1.0
35.6379
24.9632
21.1223
50.4645
44.6984
38.2085
43.5744
38.3039
-1.0
-1.0
37.3305
37.0666
-1.0
45.2769
30.8961
43.9562
23.2371
-1.0
24.3781
32.9709
31.5295
48.874
-1.0
38.2604
47.0215
-1.0
42.7615
43.378
-1.0
-1.0
26.5996
52.9409
22.5674
48.6845
26.5538
24.2588
44.1162
16.4709
-1.0
-1.0
37.8633
46.1666
35.6669
44.3642
29.419
-1.0
-1.0
45.1014
-1.0
18.9407
50.6945
48.0719
-1.0
-1.0
11.0848
-1.0
52.0626
20.5107
33.1206
-1.0
46.5472
38.54
54.5381
45.9225
50.8051
-1.0
33.0704
20.6389
33.9209
46.9926
41.5268
40.1153
28.777
37.9329
41.8878
-1.0
-1.0
15.7107
-1.0
-1.0
-1.0
34.4984
41.5369
42.1895
41.6836
40.9304
21.7678
47.8049
35.3873
-1.0
-1.0
-1.0
45.4812
35.4729
28.0576
33.4953
50.52
36.2354
-1.0
24.606
51.5177
33.3916
41.0928
47.1366
44.3393
-1.0
24.5552
43.5098
-1.0
24.0193
49.0411
40.1053
24.6069
40.1275
38.9417
-1.0
24.7776
39.3101
9.36158
35.17
29.3494
17.7255
42.7945
24.0672
45.9951
25.1935
42.9996
46.8435
-1.0
32.9554
49.8466
18.949
49.2895
44.63
-1.0
49.2462
38.3224
47.9305
39.3334
31.9296
-1.0
35.3426
51.7746
10.6878
-1.0
-1.0
28.0377
-1.0
43.78
-1.0
25.3434
38.4468
50.1117
36.4785
36.2344
40.4495
-1.0
21.1869
33.8149
-1.0
14.8355
50.3835
37.1977
26.9933
44.6785
48.6648
35.9484
43.5163
31.9093
24.127
34.9845
20.8458
-1.0
34.7112
31.7691
22.5024
23.946
-1.0
47.9841
28.9324
38.8649
51.5319
42.1025
-1.0
-1.0
-1.0
34.9109
-1.0
-1.0
41.1337
33.3437
49.3264
23.809
-1.0
47.5259
44.3259
20.3984
36.1257
9.39832
15.0719
33.6146
39.9005
-1.0
31.0528
35.0706
-1.0
34.6223
44.8588
38.9457
47.293
43.4766
25.5038
33.715
34.4661
28.5047
44.9804
-1.0
-1.0
-1.0
-1.0
17.2532
41.7631
-1.0
46.7351
-1.0
45.7645
30.1192
28.2578
-1.0
51.9341
-1.0
42.3479
-1.0
31.7761
26.3906
48.8172
30.6337
-1.0
37.2331
49.2324
33.8811
42.221
48.7574
34.3669
40.3054
36.5325
32.9811
32.6234
42.5596
14.7974
-1.0
37.1179
10.3747
13.7764
47.2186
39.2552
45.9515
33.6884
38.2032
45.4157
22.1237
-1.0
41.6627
5.05035
44.6699
44.4357
-1.0
39.7024
40.6651
35.1399
30.3343
32.6269
28.303
42.178
39.6041
32.8497
15.4639
35.3928
50.556
-1.0
-1.0
-1.0
38.6239
42.2288
24.831
20.4536
-1.0
51.0055
52.1652
-1.0
49.1669
43.4516
48.6904
30.7132
37.0086
33.4894
25.1774
42.5435
15.1951
38.4278
-1.0
44.8382
9.92303
31.9522
36.7406
49.4291
50.611
35.3018
44.9113
38.8922
-1.0
44.7429
49.8454
55.144
-1.0
38.5919
49.8344
51.0523
-1.0
-1.0
28.5013
-1.0
20.697
40.3306
44.9125
42.8867
35.8688
9.26694
24.3873
28.8725
30.6919
35.1571
48.0502
50.8368
39.8222
43.4627
43.5448
38.0093
33.4894
4.69658
50.0372
39.1354
38.6693
38.8444
32.6551
37.8759
29.7911
42.7155
31.4083
21.8672
-1.0
-1.0
36.7454
-1.0
35.9707
40.2942
48.6627
33.4848
42.88
49.3127
-1.0
35.0106
34.4714
48.0514
41.505
35.2288
22.1854
29.2241
45.5934
-1.0
30.1266
46.5398
-1.0
43.9387
36.6992
49.6401
47.8132
42.3134
20.1854
40.6762
19.3341
47.7611
20.1233
25.1027
-1.0
23.504
39.1889
32.5922
-1.0
42.4591
-1.0
44.151
45.2078
48.5413
47.2535
45.3579
-1.0
26.5124
43.1606
-1.0
43.7786
39.9705
38.1715
40.0497
11.4328
48.5694
22.4795
14.0785
32.0891
43.9433
39.8906
-1.0
36.9586
50.1291
51.3312
51.9623
-1.0
36.0174
44.3506
-1.0
51.7553
51.1416
27.1125
31.3717
38.425
40.5068
41.1171
42.1239
38.7399
34.1744
46.9217
49.6858
29.0418
34.3882
40.9742
26.9322
32.2239
17.3277
41.9914
12.9926
-1.0
33.3566
40.381
41.5945
46.2297
40.6305
29.2713
-1.0
48.1068
44.5973
46.6251
37.747
30.7327
42.4845
28.0394
33.0546
38.9933
37.2778
25.6811
39.9935
19.2062
43.7017
48.9698
51.1886
31.8639
48.135
26.1811
51.9425
24.2941
-1.0
23.7775
25.0663
42.0486
-1.0
45.1334
10.7674
49.7724
46.9567
43.9282
15.3566
40.1721
50.0123
41.3644
26.4552
46.7231
-1.0
47.2498
40.7895
34.9492
43.2603
42.5914
35.3377
39.1515
27.7887
28.1131
-1.0
25.0548
45.8282
-1.0
45.1628
26.6125
48.9223
43.3172
50.8736
37.156
33.4903
31.9435
-1.0
-1.0
-1.0
38.1001
20.5447
51.8472
32.4232
-1.0
23.4635
26.3045
36.1388
24.4338
36.6464
48.6768
37.9942
11.192
47.2575
42.0696
40.3958
50.2885
20.5742
45.5983
45.4174
21.3411
-1.0
24.0711
36.4058
48.7292
50.4928
46.8877
-1.0
-1.0
44.8078
-1.0
48.8259
46.4577
33.0319
12.6556
41.6187
-1.0
-1.0
37.3332
38.805
37.3407
31.1222
41.5119
-1.0
-1.0
47.9809
22.2759
37.195
-1.0
48.4553
-1.0
-1.0
37.9346
54.8313
50.1175
44.1385
42.5978
-1.0
51.1329
49.4259
34.6305
45.2688
-1.0
13.9033
34.0173
35.1853
48.4105
-1.0
21.7067
-1.0
12.7304
36.4118
10.786
43.4592
-1.0
40.3286
-1.0
-1.0
43.8563
-1.0
42.8845
20.4166
44.9239
17.6722
48.4912
13.2278
36.0891
19.3123
33.3887
21.4482
-1.0
-1.0
46.0952
48.4089
-1.0
48.1666
-1.0
50.1547
30.4147
47.8264
50.1244
51.8104
50.3995
42.0196
43.8996
31.0573
49.3959
39.6901
-1.0
51.1817
40.1938
50.5636
43.3056
-1.0
30.4064
44.8252
29.8327
52.0001
45.0867
-1.0
50.7736
48.9283
48.9533
-1.0
-1.0
-1.0
43.5476
15.7656
32.6934
45.7753
22.4234
39.6053
37.0957
42.3105
47.6463
24.598
41.5984
51.4657
-1.0
40.2534
9.82342
50.0889
38.8895
-1.0
40.0336
36.4584
47.4451
-1.0
19.1376
44.7206
-1.0
-1.0
38.9679
46.7214
28.4189
50.8402
-1.0
45.7847
-1.0
-1.0
26.2767
26.9268
28.6194
-1.0
25.5263
46.4112
-1.0
37.6152
39.4369
-1.0
38.0744
-1.0
49.795
-1.0
-1.0
34.828
10.5565
-1.0
26.0043
51.7198
52.0158
37.362
46.5787
-1.0
24.6307
48.6276
21.773
-1.0
-1.0
46.2878
-1.0
41.4539
-1.0
43.6312
14.4597
27.4767
45.2302
-1.0
38.0221
29.9375
37.6549
50.8222
25.8515
35.1352
39.5709
46.1787
-1.0
43.0948
42.854
29.0731
49.3868
25.183
34.1161
-1.0
-1.0
39.4104
43.6345
43.524
52.0352
41.9984
41.886
-1.0
-1.0
28.0243
29.7626
33.7671
-1.0
50.4192
45.6844
46.9414
45.4183
43.1922
34.3742
-1.0
-1.0
43.2763
40.454
43.7188
29.092
50.274
12.4637
34.2621
-1.0
46.3655
23.7581
20.2215
-1.0
11.443
19.3003
31.9793
26.5838
27.7868
-1.0
33.2879
38.4518
35.9227
35.4346
-1.0
51.1317
37.45
14.617
35.2768
50.9663
39.5813
32.6211
-1.0
48.5713
44.5931
40.362
51.6754
17.9008
41.3748
45.0065
44.7274
39.8838
43.5498
-1.0
23.6296
31.4514
16.5513
25.5177
34.4109
18.5022
34.5317
49.2461
-1.0
21.8366
46.9756
30.014
30.4944
40.4091
45.6647
26.2371
49.8991
22.7667
-1.0
-1.0
48.8885
47.0865
48.6182
14.9287
47.0513
-1.0
-1.0
43.4491
35.8204
44.7012
24.1906
51.2601
47.3203
35.9422
31.292
19.9002
-1.0
-1.0
39.8522
41.4557
28.8395
39.4824
-1.0
31.9631
45.3338
26.8393
34.8349
46.3301
19.5403
48.6516
38.4233
-1.0
50.7251
44.0997
48.2051
35.2716
33.5103
-1.0
18.1028
39.7354
42.5019
27.784
36.4715
23.9476
44.8035
16.9073
36.3121
22.9096
40.3813
33.3262
-1.0
30.0173
-1.0
46.5836
30.9942
-1.0
-1.0
33.5026
41.1202
46.934
46.7874
25.6884
47.1807
29.0276
46.7966
52.2133
37.2249
-1.0
49.1104
33.9393
50.7749
-1.0
31.1247
-1.0
45.098
51.6411
33.7801
-1.0
20.1793
36.6984
52.1822
-1.0
45.814
48.0712
27.2617
29.8687
-1.0
33.03
37.6788
41.5101
-1.0
36.8177
10.2552
17.0192
-1.0
22.6287
-1.0
45.4827
22.7481
19.9819
47.7085
46.8316
-1.0
47.2524
51.2252
-1.0
52.2989
47.2896
42.7047
-1.0
38.9303
44.099
36.9525
48.6396
-1.0
41.816
-1.0
-1.0
45.9172
-1.0
28.8439
-1.0
26.6098
36.3868
31.0522
39.5756
34.4104
43.9362
29.4529
-1.0
50.7224
24.9134
30.3222
25.476
39.8447
47.2914
-1.0
50.7615
-1.0
26.18
52.1068
-1.0
7.90868
-1.0
-1.0
46.2556
51.3605
-1.0
24.2807
50.9439
26.2052
39.7779
42.1594
46.4356
16.7939
49.1231
20.6666
29.9876
41.2355
39.0925
44.8561
-1.0
-1.0
-1.0
-1.0
-1.0
38.5953
-1.0
32.171
46.1911
24.7906
19.7893
38.8907
35.0082
-1.0
17.4943
24.6594
36.6138
37.5555
14.2789
33.89
-1.0
47.5974
-1.0
30.1707
-1.0
47.4645
36.4742
49.8567
33.035
50.3102
38.9372
38.57
45.0136
-1.0
39.1967
49.0314
17.4295
26.8603
46.406
54.3785
31.0784
30.9712
26.977
-1.0
43.7237
-1.0
48.5699
49.8448
34.2913
39.9186
-1.0
-1.0
-1.0
-1.0
48.7141
49.1478
40.3213
38.6104
39.2881
51.1063
-1.0
-1.0
-1.0
35.8653
-1.0
36.34
21.0185
50.729
37.3595
-1.0
36.0637
26.2206
-1.0
31.7916
27.5035
40.8754
47.3256
50.1567
-1.0
33.9362
33.9016
48.7197
48.0076
31.1149
38.3424
47.5788
39.4129
45.7055
48.874
49.9214
39.6066
-1.0
-1.0
33.6086
47.2182
21.0255
25.2724
52.0805
47.1996
48.1257
50.1191
48.3691
27.0475
21.2572
35.5236
40.0394
37.2845
39.1921
-1.0
27.429
-1.0
26.6769
38.8262
27.3792
20.3784
32.6807
54.3056
38.3794
-1.0
-1.0
9.11852
38.6779
34.4918
50.5412
42.1602
54.4452
42.8999
-1.0
-1.0
31.7831
35.7281
-1.0
47.0625
36.0356
14.0449
14.53
13.7829
-1.0
51.1051
48.6523
-1.0
35.7099
40.299
34.8128
35.8068
28.8298
20.7109
41.6882
51.8795
18.3061
-1.0
42.2488
31.4219
41.1984
46.5855
31.4826
22.0059
35.4849
43.183
52.0024
19.9148
27.7853
-1.0
25.5321
-1.0
24.0057
-1.0
46.0306
-1.0
36.1444
21.9342
51.071
39.448
51.8706
36.6771
-1.0
50.259
37.099
47.6224
-1.0
43.076
47.1331
49.9411
-1.0
40.4657
19.7049
46.9438
32.3387
19.5645
-1.0
47.515
35.0114
41.5515
41.6493
56.4103
43.0127
44.2785
50.8564
33.6854
45.7992
27.6913
-1.0
32.7788
26.4034
12.5846
39.2017
6.47253
32.4317
47.5042
37.9296
43.4586
50.0932
29.2006
39.412
45.6318
36.0609
43.435
47.5499
22.9088
51.5441
45.2978
39.0822
27.284
46.8202
-1.0
48.6578
50.5843
11.7235
39.6555
45.8895
38.8858
40.216
31.0998
-1.0
49.8257
51.8499
8.95952
48.4381
46.7082
31.8232
21.5869
38.4818
52.3867
-1.0
23.4742
36.8118
43.2291
38.9897
33.1445
52.1491
-1.0
48.7805
-1.0
38.7701
-1.0
33.9371
33.9143
-1.0
43.4743
32.2399
23.9905
47.3924
-1.0
-1.0
30.54
43.6449
51.7169
52.3144
-1.0
44.7249
41.7677
-1.0
44.0502
50.9272
34.1574
37.761
39.6132
15.9612
17.325
20.4713
-1.0
39.1211
43.6895
37.4895
29.5951
31.4631
-1.0
43.5417
32.6678
31.8538
-1.0
-1.0
-1.0
-1.0
36.2118
50.1003
-1.0
16.2506
23.3252
79.3473
15.1172
36.1986
44.9456
49.9094
-1.0
26.5555
-1.0
32.1101
-1.0
45.0644
31.8772
40.7189
-1.0
20.2519
20.6993
31.4746
-1.0
16.8533
51.0942
40.0575
44.9386
33.8768
29.6884
17.2499
26.6087
45.0707
43.4535
26.983
22.9659
46.1854
45.981
26.5758
-1.0
-1.0
30.1659
34.3742
40.7424
-1.0
41.6542
39.3508
29.1785
28.2141
-1.0
39.2081
45.4298
-1.0
26.29
-1.0
38.9051
49.6597
31.5804
39.5917
33.4177
30.8668
-1.0
-1.0
50.7577
-1.0
35.5432
-1.0
29.3
48.0135
43.7856
-1.0
48.3599
46.0286
31.5019
40.3862
33.8345
-1.0
-1.0
-1.0
-1.0
26.4253
34.2791
48.2916
42.6016
41.3846
45.2579
45.583
39.179
-1.0
28.804
46.6114
16.0089
-1.0
-1.0
34.3456
-1.0
-1.0
43.4423
27.1382
12.8994
31.4582
31.2552
29.1197
-1.0
-1.0
-1.0
40.3738
20.471
39.9096
46.7811
49.242
39.4765
43.5576
35.6472
36.5369
42.5284
43.1077
-1.0
48.4145
46.4921
44.7472
46.4596
27.4343
39.3375
38.525
8.97514
16.7077
45.9278
-1.0
25.2591
43.6556
31.5186
38.9903
39.4405
29.574
39.445
49.1567
-1.0
26.5788
35.5402
28.9558
40.6344
37.5106
42.5526
49.371
-1.0
24.3792
-1.0
29.8257
30.6144
31.7084
42.2239
-1.0
-1.0
50.472
32.262
45.7503
28.3795
31.7373
47.1019
45.4445
-1.0
-1.0
31.9324
37.9404
27.0885
10.8563
-1.0
-1.0
50.5193
41.9289
29.9781
35.8012
35.6366
41.3547
41.2735
-1.0
41.9521
33.5616
44.9742
-1.0
-1.0
37.551
-1.0
35.1548
45.2925
-1.0
29.8033
-1.0
51.4437
49.6693
43.8699
-1.0
-1.0
-1.0
11.1901
48.9984
-1.0
-1.0
42.902
-1.0
46.0257
-1.0
51.5554
39.9907
24.4893
-1.0
40.137
-1.0
24.6541
45.3221
29.9086
6.42818
37.0325
21.1784
28.4099
33.9255
36.0395
40.0729
-1.0
35.6172
-1.0
28.4892
-1.0
21.606
47.525
-1.0
31.8908
21.7378
31.6419
37.0789
46.6765
48.142
35.1711
8.34124
31.7103
52.1635
36.2835
28.2578
17.4643
-1.0
17.0008
47.757
-1.0
36.4984
43.8259
22.2044
14.2689
28.5572
25.8122
31.4404
46.0823
-1.0
28.3716
24.2516
49.4931
14.6752
36.9104
-1.0
52.188
47.0995
49.1448
30.0614
-1.0
26.4043
50.0006
-1.0
27.9306
41.9295
48.9627
41.868
36.1834
41.7429
-1.0
35.4121
43.861
24.8351
27.1989
-1.0
38.0958
-1.0
41.3095
32.0305
-1.0
10.7071
27.61
40.7057
38.9812
50.2657
37.4848
35.1121
16.3221
46.8969
34.3869
46.2101
40.937
-1.0
40.8396
50.608
49.2728
44.3769
38.6387
25.0451
35.4713
47.6617
47.3128
-1.0
37.7609
43.2952
-1.0
26.98
50.4274
35.1127
41.939
28.0464
9.20446
-1.0
52.2256
45.4783
-1.0
-1.0
46.8707
-1.0
38.9931
30.5978
24.2915
49.6656
39.7946
30.2002
29.6315
38.6194
47.9386
42.946
25.2605
39.1839
-1.0
49.4664
25.729
30.2902
43.0117
-1.0
-1.0
-1.0
21.9649
48.6442
-1.0
-1.0
24.9792
-1.0
33.5921
48.7775
-1.0
19.5772
-1.0
51.7147
-1.0
11.9139
51.5942
36.0043
49.7331
36.0023
26.4275
27.1684
37.3731
32.1059
48.6605
32.9733
-1.0
36.9898
-1.0
-1.0
52.0417
-1.0
23.3752
38.1222
38.3904
50.5622
48.6657
33.9467
52.32
32.8582
47.9854
-1.0
-1.0
45.3401
44.5086
52.2154
47.9511
42.4658
17.661
15.43
29.1052
-1.0
42.1418
26.443
22.1686
29.5982
33.3173
48.9419
-1.0
-1.0
42.2802
33.8752
31.9484
19.4948
22.4992
43.3108
-1.0
34.5482
9.33963
38.6897
36.7935
35.669
-1.0
49.3466
-1.0
-1.0
34.7724
45.6745
48.2052
37.0833
52.1865
40.8852
43.1333
33.6072
-1.0
42.7497
-1.0
46.9097
34.6425
45.2049
30.9663
32.6691
46.0235
21.6988
18.2666
36.0055
51.7542
51.9502
50.2023
-1.0
49.7228
51.4753
31.0294
51.2717
51.5047
36.6075
-1.0
49.5659
49.8846
33.7512
44.6938
33.0511
51.4497
24.8351
-1.0
26.9258
46.9968
40.3402
-1.0
-1.0
47.5908
40.6716
28.9879
37.7604
40.8735
43.293
-1.0
-1.0
44.3632
34.3784
38.475
-1.0
16.1731
47.8151
26.9775
39.8379
43.7706
39.0921
38.9204
28.6974
35.1605
28.4785
46.4029
34.2005
45.4871
36.7405
26.4408
47.5861
27.442
-1.0
-1.0
39.4616
47.9674
49.8863
15.349
49.3037
-1.0
33.0089
53.8635
35.4313
39.9555
34.7826
33.0614
31.7014
37.8947
-1.0
-1.0
39.5176
42.3039
36.4208
24.0714
46.1418
40.0504
41.9993
45.7966
47.227
30.7223
35.1564
47.9018
-1.0
25.9927
40.4413
50.7053
31.0362
20.8485
47.9978
26.8176
26.441
21.8322
46.5646
48.4916
48.6152
26.4379
42.572
42.9294
42.6904
46.959
27.2541
37.3838
32.9248
42.7962
51.8363
24.424
35.6326
41.9637
-1.0
39.6142
45.5049
28.7966
38.7373
21.8784
42.0702
42.3419
45.7101
38.3294
45.3307
30.0186
26.1284
45.9987
30.6401
-1.0
45.6854
-1.0
46.8826
40.1944
45.9536
-1.0
16.5858
24.6648
47.9843
42.7374
47.9681
11.0211
21.5139
49.6629
51.0205
27.8251
19.1398
48.6181
25.524
37.0393
-1.0
41.9367
-1.0
46.4943
54.1493
26.7056
48.4669
50.3939
51.7872
45.1021
23.9698
48.6272
44.8211
-1.0
-1.0
-1.0
-1.0
42.0858
28.8275
38.5972
39.3285
8.92491
51.0751
32.3089
-1.0
38.431
38.7759
33.1555
44.0184
45.8629
8.1666
47.8446
20.2984
19.7116
39.378
50.5354
14.053
23.1294
-1.0
28.1131
-1.0
20.4999
44.2997
27.2917
-1.0
30.8145
18.755
14.9955
31.1501
51.4914
38.7166
28.4598
46.0806
38.4294
47.1794
29.5723
41.293
41.4907
50.1846
50.1749
30.683
29.646
-1.0
47.919
30.6396
41.3195
37.8514
25.0332
43.3954
32.696
20.4299
35.3391
50.5234
25.9789
-1.0
34.6441
42.6243
35.0971
33.2358
35.9521
45.1669
49.4005
45.5794
47.7847
40.0156
-1.0
-1.0
41.853
23.154
25.145
-1.0
50.7902
50.6359
47.6683
-1.0
36.6668
-1.0
26.5059
12.8771
41.2947
20.8654
-1.0
47.3357
36.0246
15.8534
45.9755
-1.0
40.7183
-1.0
52.2585
43.9633
-1.0
51.7474
41.4057
24.8361
41.6989
26.2492
52.3459
50.8445
-1.0
-1.0
45.157
27.0439
37.148
47.3599
-1.0
48.8616
-1.0
36.3024
51.774
40.5634
37.3775
11.4237
34.0844
26.5409
35.8511
47.8764
50.5272
41.0477
10.2789
44.559
51.0025
49.2946
35.738
47.2505
25.7513
49.3056
35.999
43.4018
38.157
38.3049
19.6232
16.1469
34.8838
48.0532
31.279
-1.0
43.5777
16.8794
51.4215
-1.0
24.1001
-1.0
48.2517
16.3807
-1.0
-1.0
44.0763
44.6857
34.1427
-1.0
40.6804
38.2269
48.6429
40.723
39.0406
23.1787
46.1119
-1.0
35.8126
-1.0
51.2772
37.7277
24.2534
42.2677
47.1779
-1.0
49.2817
48.0282
50.9375
47.472
-1.0
27.6221
48.0215
-1.0
39.9801
-1.0
-1.0
26.3232
45.9249
41.9151
29.2014
31.0434
29.1286
40.6791
-1.0
36.7036
-1.0
35.5002
45.7177
20.2367
31.7898
41.0716
51.2113
32.0529
22.0107
33.8655
-1.0
28.5313
36.6122
-1.0
42.8744
-1.0
-1.0
35.5455
31.7294
28.9984
37.6444
25.759
28.668
-1.0
-1.0
40.0898
25.8144
41.7512
51.334
40.288
34.4731
33.9381
42.9231
44.9636
30.4328
19.2815
47.8407
47.7985
-1.0
23.1232
-1.0
-1.0
26.9159
45.4945
51.2284
43.0882
39.6932
22.4859
37.8598
-1.0
22.2599
29.0928
31.4536
31.5957
31.4131
38.9005
53.0239
-1.0
-1.0
47.9855
-1.0
24.5992
24.4432
15.9273
38.1867
-1.0
26.1819
-1.0
-1.0
-1.0
46.9158
40.5254
51.7397
45.2566
37.2893
9.51013
-1.0
13.6367
-1.0
30.0574
11.1064
34.9125
34.7373
51.4888
46.4486
19.2889
33.9275
-1.0
28.8456
46.4422
46.2719
51.0303
30.6552
33.505
47.1753
-1.0
49.8118
-1.0
33.442
43.6957
-1.0
44.9338
40.3634
21.4009
41.5895
51.7122
-1.0
45.2863
43.3532
47.3246
47.2624
45.5927
19.042
36.5308
41.8559
50.7925
28.3825
50.3943
-1.0
31.796
49.0083
47.9273
7.26752
33.9811
44.4147
46.252
-1.0
32.2866
46.948
8.67773
-1.0
38.8544
-1.0
48.8965
14.5462
-1.0
49.1527
35.1631
45.9535
50.0998
-1.0
-1.0
28.1694
-1.0
51.3104
35.1534
43.685
43.7086
50.8996
46.6301
37.4524
36.8282
29.6063
-1.0
32.43
-1.0
32.8217
-1.0
36.3391
32.4779
33.6908
46.6095
31.053
41.0051
14.4205
48.592
-1.0
44.0995
37.1651
41.8399
24.2487
-1.0
42.2144
24.3133
49.0695
42.1262
35.6488
-1.0
-1.0
49.4928
-1.0
23.4961
40.9752
38.3023
-1.0
46.43
-1.0
48.232
53.8348
20.7746
-1.0
28.6351
32.8577
-1.0
34.2472
47.7018
32.0606
-1.0
35.6609
-1.0
40.8559
-1.0
47.4533
37.2832
13.0524
37.0294
-1.0
40.5158
-1.0
-1.0
35.3675
44.2239
16.3199
31.8349
45.7121
-1.0
16.5732
41.1962
40.496
-1.0
48.7276
44.9761
48.2864
38.0905
21.1636
52.0023
40.0779
32.7383
8.41394
20.91
38.5655
36.9792
51.9798
36.6538
-1.0
35.1619
47.5095
44.9082
10.0
-1.0
37.3242
25.6762
31.3906
38.9858
21.7143
-1.0
45.5843
38.6277
21.0839
31.647
50.8096
26.8006
19.1599
44.656
22.9358
-1.0
44.194
43.9528
16.4844
36.1953
51.0743
25.9128
37.2405
52.0319
-1.0
-1.0
38.9025
46.8735
51.0397
38.7798
21.4621
40.3531
49.8505
31.766
38.6783
44.2531
43.8784
36.1873
34.81
-1.0
37.3798
-1.0
26.3388
26.9399
39.4949
35.4979
36.3728
35.0708
15.8861
46.9909
-1.0
41.8432
28.6536
38.1165
17.1234
30.1135
21.6387
-1.0
49.8444
47.1672
21.175
26.3958
48.0278
46.4542
-1.0
51.2543
43.668
52.9547
50.4581
51.8343
44.5854
41.4993
31.7638
36.4193
-1.0
43.8366
40.1163
38.4527
28.7647
35.9578
36.1159
19.5474
25.7828
23.554
45.1343
39.6363
-1.0
39.1581
36.4991
35.1082
44.0065
27.2691
39.5001
-1.0
30.9536
48.0674
25.4235
-1.0
48.0742
-1.0
-1.0
50.4119
42.8388
-1.0
-1.0
34.1777
46.0524
51.6915
29.4604
30.1967
45.1275
-1.0
46.9042
33.4291
50.9734
22.4421
39.5765
45.2673
43.0848
38.3868
35.7867
51.4347
31.2484
44.3521
31.7044
29.015
20.3835
35.8816
38.3395
-1.0
31.6033
23.2571
34.2687
50.0183
36.5812
26.4401
17.8828
34.548
-1.0
-1.0
-1.0
11.8723
19.9629
37.039
-1.0
34.0724
36.0098
38.3566
39.2066
45.1634
41.9435
22.1983
-1.0
32.2551
44.4687
53.7669
43.8825
9.5505
47.5994
-1.0
25.6753
24.1693
47.5297
45.2883
39.8827
33.2116
41.8338
51.9005
49.1662
40.2985
38.2069
36.7081
51.792
-1.0
32.8906
13.2873
41.1916
-1.0
28.7621
-1.0
-1.0
41.6287
7.20644
36.0834
40.3623
48.534
49.9045
15.6804
45.4951
22.3895
50.8734
51.7773
33.9536
40.7901
-1.0
46.5068
44.2671
-1.0
44.6771
33.0142
44.8273
-1.0
19.5124
46.5355
-1.0
28.5847
40.544
-1.0
44.1661
23.0601
14.3733
-1.0
33.5283
19.4482
21.2842
15.6128
22.1974
39.9267
-1.0
-1.0
29.874
19.9717
43.7293
-1.0
46.7671
21.5779
29.5236
11.9934
34.8351
37.403
14.3821
47.8654
41.6549
32.077
-1.0
46.8012
34.4736
-1.0
12.4342
-1.0
-1.0
31.0522
33.3868
49.9648
45.3527
34.7224
-1.0
-1.0
51.8252
45.8029
31.8371
41.0823
-1.0
45.678
52.1589
48.8053
40.8263
27.0313
26.4508
11.4516
29.5171
42.8854
30.196
28.8836
27.6694
-1.0
-1.0
20.1325
52.4759
45.9476
-1.0
51.6548
-1.0
51.8313
-1.0
28.4573
7.48338
-1.0
-1.0
45.0177
30.0593
45.6908
-1.0
33.2874
40.0797
27.6531
14.4238
-1.0
46.9414
-1.0
37.6369
53.0375
15.7922
33.6725
-1.0
35.5822
-1.0
36.9629
38.1444
47.6683
51.4981
42.7386
41.4824
26.8759
50.6645
44.9827
-1.0
46.757
26.353
43.6561
45.187
-1.0
27.4311
-1.0
-1.0
-1.0
43.3847
51.3105
13.2091
51.094
35.6704
21.5408
32.6516
13.976
-1.0
26.9703
43.9836
-1.0
50.2177
44.3093
24.8246
46.047
42.746
52.2245
46.7924
28.423
21.7468
45.8419
32.4603
-1.0
42.6635
42.0336
40.3159
27.6653
37.5187
19.5151
49.6471
-1.0
9.46213
51.3515
31.6168
41.3049
31.0208
50.5388
-1.0
-1.0
-1.0
-1.0
31.0485
40.2364
16.9063
-1.0
17.6537
52.2433
30.3869
15.1073
34.9992
49.5505
20.8015
31.5775
22.4493
-1.0
-1.0
47.9974
-1.0
17.1757
25.1985
44.7645
44.8006
17.1781
50.8941
21.242
19.6757
-1.0
38.2965
28.9727
43.5675
15.9435
33.3479
50.2988
44.7759
28.4661
49.1931
46.2381
-1.0
25.8324
46.4039
49.7189
-1.0
41.4964
40.9175
30.6986
52.0737
51.7068
46.1139
-1.0
39.7834
25.596
38.238
-1.0
20.7865
38.2181
-1.0
48.5158
32.3986
55.9009
33.0623
30.9041
37.2396
46.9891
32.9468
48.2649
46.3187
37.2916
34.1155
39.6532
23.8089
23.3469
42.9996
49.3441
-1.0
-1.0
49.43
-1.0
41.9937
51.1601
40.8466
-1.0
42.2689
-1.0
35.6306
15.8379
18.2923
48.5618
44.9008
14.1943
28.2821
47.0235
46.0391
43.0912
38.0987
28.9295
-1.0
42.675
-1.0
49.1883
39.6595
42.397
30.1083
48.0995
44.4014
-1.0
-1.0
39.8039
30.3098
-1.0
43.0023
49.0161
42.8058
29.8561
35.8973
-1.0
28.3067
36.1173
-1.0
-1.0
41.6711
46.4052
-1.0
13.9109
31.7812
-1.0
-1.0
46.7818
43.7058
11.948
44.1307
51.4906
34.6324
-1.0
51.6882
-1.0
45.0337
-1.0
40.3966
101.077
32.7074
-1.0
13.5085
-1.0
34.3279
32.7471
33.3468
-1.0
40.6994
36.6245
22.3807
40.7215
37.4642
44.341
22.5286
40.2266
25.6841
-1.0
32.6448
20.7623
16.4991
29.611
42.3146
47.7883
36.8431
27.3861
-1.0
30.8599
-1.0
26.4109
32.2685
-1.0
27.8734
-1.0
34.0092
14.8759
24.1225
45.1502
23.1408
42.091
28.0846
13.688
42.2861
35.106
42.8973
37.2713
40.2122
50.5444
-1.0
24.4222
49.7147
29.8594
39.6679
41.589
51.8567
-1.0
38.3533
50.6069
29.81
39.1389
31.7077
-1.0
42.2747
35.8803
32.8171
31.5214
50.7306
35.4377
32.2975
21.7713
35.845
31.0469
49.993
33.3232
34.8267
47.6222
39.6722
32.6966
-1.0
42.2097
31.5196
50.7607
30.5055
36.2645
-1.0
15.643
26.0647
33.9496
25.5883
-1.0
46.5831
50.1519
37.64
-1.0
34.7847
-1.0
34.8715
48.3393
21.462
52.5635
31.5177
25.6758
18.5991
45.6315
39.9594
32.3146
40.2437
13.6254
-1.0
-1.0
49.6268
31.8426
45.0173
39.26
-1.0
47.2321
20.4745
40.5311
-1.0
47.3747
41.1994
-1.0
49.3715
51.6296
-1.0
-1.0
-1.0
44.2422
-1.0
30.4159
-1.0
27.3345
-1.0
-1.0
44.6242
52.8298
44.9091
-1.0
42.4615
29.4737
-1.0
33.4962
15.3934
40.7696
49.8578
27.6108
32.7756
25.6693
-1.0
51.4195
50.3519
-1.0
46.2666
23.7019
-1.0
49.7307
36.2081
-1.0
45.8924
35.176
46.9107
23.8842
35.1354
48.0106
46.9311
23.2777
19.5239
15.2388
-1.0
-1.0
-1.0
47.7857
-1.0
40.7015
40.4769
36.0822
47.7693
-1.0
39.0195
37.1798
38.5631
52.0322
48.8036
40.3409
-1.0
41.8785
48.4634
31.0274
32.5008
42.5584
-1.0
30.3854
30.4129
30.4119
45.2965
19.5136
-1.0
45.5105
18.9865
-1.0
52.3158
41.9205
-1.0
20.2294
44.447
41.2953
29.8641
-1.0
35.294
9.99204
50.1344
51.7004
49.0358
-1.0
46.6584
20.8065
50.6062
-1.0
49.1761
51.4428
38.9389
42.3541
26.6363
40.8239
43.8466
-1.0
26.7177
-1.0
37.4626
51.1812
25.4819
-1.0
42.387
6.14198
-1.0
-1.0
41.8543
-1.0
35.1519
40.0262
-1.0
29.4111
11.0759
36.681
33.86
53.509
33.0986
34.2897
19.6138
33.3737
48.6627
50.0767
33.3188
-1.0
50.344
39.8797
40.1307
26.5387
45.1827
30.8235
51.0758
20.3283
8.48955
13.5263
32.3936
9.61235
31.1915
-1.0
20.4422
17.2303
51.8122
-1.0
22.4108
38.5778
41.8621
28.6517
44.3942
-1.0
29.3971
30.5711
34.8603
50.2777
41.9501
42.8869
51.0044
-1.0
39.6109
48.717
37.7413
35.0469
33.8664
41.1893
31.3774
-1.0
10.7377
-1.0
-1.0
-1.0
14.8093
38.9752
51.6352
-1.0
39.7708
-1.0
27.7575
-1.0
41.1211
33.2143
40.3775
30.33
30.6041
49.2188
45.7574
32.6095
40.2234
43.6274
15.5522
51.5273
-1.0
31.9023
33.2297
35.9926
-1.0
32.4632
45.8456
47.2032
-1.0
17.8949
-1.0
39.3871
21.2881
38.1658
52.1863
-1.0
51.2136
-1.0
20.2605
32.086
39.6045
44.3496
-1.0
44.1843
34.1462
33.9387
41.9672
39.6887
51.8176
27.8048
38.2007
-1.0
38.4183
42.5355
-1.0
40.453
47.999
48.9165
33.682
-1.0
-1.0
42.7011
49.0746
30.8937
42.6152
31.1384
34.2119
51.4873
-1.0
-1.0
20.1342
-1.0
20.0087
-1.0
-1.0
41.038
24.7804
37.9072
44.999
45.0122
45.3295
54.4688
30.4538
28.4396
29.5685
36.002
42.7543
45.0232
31.7038
-1.0
34.4743
35.0967
41.6538
46.241
-1.0
21.7547
-1.0
35.9703
-1.0
40.2811
22.8631
29.4218
27.2609
30.0172
36.7722
-1.0
-1.0
31.8515
43.3639
24.3503
19.1295
-1.0
45.8403
30.8059
8.2674
43.9275
-1.0
-1.0
44.1238
55.9895
-1.0
27.7575
20.3104
49.7804
16.3451
45.855
41.6556
36.5136
-1.0
12.8849
37.7966
-1.0
43.4956
24.4257
-1.0
34.6893
22.827
-1.0
-1.0
48.8434
39.4116
30.8822
48.7727
44.6828
42.0682
36.1839
39.3219
44.3073
-1.0
46.0632
28.9709
47.8179
-1.0
49.121
46.984
50.5349
50.4349
15.6988
26.8448
28.2653
40.6288
20.0467
-1.0
14.812
-1.0
33.3742
44.5215
45.5238
36.6762
46.8709
-1.0
31.7141
-1.0
-1.0
11.9394
38.8799
54.6909
-1.0
37.9898
51.7811
29.2345
50.0921
14.2219
-1.0
35.9282
34.9164
51.6414
37.3654
42.9557
52.2932
-1.0
34.008
40.7118
20.2546
-1.0
47.8201
-1.0
51.9508
20.1531
-1.0
-1.0
9.70066
40.6843
48.3049
50.6196
-1.0
25.7777
-1.0
22.3969
48.4097
41.5437
39.0948
-1.0
50.2914
34.5345
-1.0
-1.0
20.7116
25.1801
31.4448
48.0034
-1.0
20.3941
22.5261
30.4312
42.8328
-1.0
27.425
41.433
44.2286
32.102
51.1787
52.0605
33.0443
28.2883
51.4151
50.7019
-1.0
29.6662
45.0515
35.0737
-1.0
29.2021
15.1412
34.2566
19.4303
47.6543
48.3775
32.4674
31.9841
49.8743
-1.0
32.4665
43.1868
17.9864
39.319
25.8013
41.162
35.477
-1.0
38.9795
10.3926
-1.0
20.9866
46.6415
-1.0
45.207
44.3674
-1.0
48.9921
47.4134
50.0478
34.0221
32.6058
50.8609
47.2316
-1.0
51.5749
48.5558
13.5482
51.8852
42.469
-1.0
34.6752
23.5604
49.3536
38.4636
42.3685
-1.0
51.3349
37.2207
26.9278
34.7424
29.4636
48.6475
42.1711
50.4015
-1.0
37.759
45.2275
49.3587
-1.0
26.9478
31.106
49.6382
48.0155
-1.0
35.7411
45.492
39.1461
34.7294
-1.0
-1.0
-1.0
-1.0
40.8681
40.9573
49.2071
36.9235
-1.0
-1.0
40.6627
46.7472
32.9139
11.0919
-1.0
11.2442
41.9189
-1.0
46.4182
30.5987
-1.0
-1.0
40.944
-1.0
27.2357
29.9633
28.7899
-1.0
23.9924
-1.0
50.2023
49.3466
33.7628
50.879
39.5814
37.9241
43.7647
-1.0
43.5047
41.8464
11.8675
10.7003
53.5965
47.8426
40.7852
26.3672
25.7221
49.0618
31.6758
25.0231
49.3255
-1.0
46.9615
46.7386
52.1989
-1.0
27.0322
36.6357
29.5839
32.7142
48.5261
-1.0
48.7257
-1.0
19.8302
25.1769
28.4148
-1.0
46.0205
-1.0
36.7801
28.0162
29.5837
37.9888
41.2693
-1.0
37.7425
47.9818
40.9964
29.0428
-1.0
44.0903
27.352
39.357
36.124
-1.0
48.2541
18.2698
40.8877
22.991
36.357
38.4069
40.4147
-1.0
35.5855
46.7562
27.8409
-1.0
30.5246
30.0754
25.7341
-1.0
41.1554
33.8579
-1.0
35.2859
-1.0
36.0867
-1.0
40.0392
25.6774
41.3527
-1.0
31.2049
30.6415
-1.0
40.7718
20.9206
37.1573
31.9272
39.8111
31.8397
47.5197
34.0568
50.5304
47.8612
21.2359
47.3432
-1.0
18.7201
-1.0
40.5675
24.8385
41.0159
-1.0
37.2075
45.1826
-1.0
24.1424
-1.0
-1.0
51.9132
43.9905
41.8058
-1.0
26.5124
47.2119
29.0683
41.8429
15.7155
-1.0
29.6606
39.7076
42.5773
45.7126
18.0109
-1.0
-1.0
18.1394
18.8362
37.2671
22.0362
-1.0
41.5084
-1.0
23.2833
46.6603
51.8913
-1.0
32.4716
11.4156
44.1638
41.7113
44.063
49.187
34.2798
34.6302
17.7939
34.6734
-1.0
37.4189
46.4708
-1.0
49.1665
-1.0
35.8746
31.1642
-1.0
31.9443
16.5288
41.4207
-1.0
50.6323
-1.0
20.649
44.9245
17.1987
41.3346
-1.0
-1.0
19.1555
28.2988
18.9079
47.469
36.1599
38.9138
39.2889
52.2667
33.2734
28.7818
47.2192
33.781
25.5097
32.7719
-1.0
19.5993
-1.0
34.3451
34.2624
44.3805
19.4556
49.1578
-1.0
36.2521
32.728
-1.0
8.25326
29.1771
-1.0
-1.0
51.0928
15.4499
47.7496
51.34
51.7595
51.1288
45.7336
30.0302
47.1256
32.7278
45.6844
-1.0
17.1
46.6512
-1.0
13.9557
38.4143
-1.0
23.5143
-1.0
20.5444
44.6584
40.3572
-1.0
46.9349
11.5638
38.7438
27.605
41.3555
20.809
31.8131
18.604
25.9588
44.9319
-1.0
38.3703
44.2755
37.9428
45.5365
24.3333
46.8838
33.0056
-1.0
25.6498
17.2453
-1.0
-1.0
39.8761
52.0985
-1.0
-1.0
38.7043
-1.0
38.4418
43.129
40.035
44.5895
48.1055
23.0205
29.3637
44.6132
-1.0
16.2833
28.5098
43.6441
27.9679
39.8895
-1.0
39.7113
-1.0
42.5152
36.6805
43.2295
50.0259
28.2305
50.1819
41.4531
-1.0
-1.0
38.4786
36.4804
30.983
28.9677
31.1515
29.4617
49.507
43.4074
-1.0
-1.0
24.3708
35.5055
49.5537
18.0464
32.7559
43.7975
45.4281
36.4383
-1.0
32.7312
44.1055
30.2929
42.3065
42.1107
-1.0
42.4409
33.6156
47.6831
41.9621
36.4809
36.0886
-1.0
49.5303
-1.0
12.365
18.8069
47.6777
49.3386
12.1868
30.914
46.4603
28.7998
30.0063
31.4832
-1.0
45.6802
49.1333
38.1324
40.6326
29.2375
-1.0
-1.0
24.6725
34.277
48.1349
-1.0
45.3053
31.8901
15.892
29.6119
47.9171
37.64
41.3267
-1.0
25.1503
-1.0
39.2913
35.2078
51.8422
43.1353
-1.0
39.7781
18.2533
48.3545
-1.0
-1.0
38.6565
48.2297
52.2605
-1.0
-1.0
30.6731
33.8118
-1.0
-1.0
51.5036
-1.0
44.2573
40.5012
-1.0
-1.0
42.5667
30.1955
47.4276
36.4358
32.1028
35.5499
25.4568
26.9432
-1.0
32.7081
-1.0
6.80604
49.5039
21.4522
31.7476
31.0443
31.5642
-1.0
43.4407
43.7974
24.4855
38.4796
-1.0
33.8745
42.2041
11.7378
30.6673
35.3353
23.0521
42.721
27.1911
42.5372
44.1407
31.8026
48.1627
50.6028
36.9818
16.5023
41.9392
40.7262
22.2978
45.7211
28.3403
-1.0
41.1172
-1.0
39.4395
-1.0
38.5353
50.192
35.4113
19.1716
-1.0
39.7834
38.9736
-1.0
27.0801
-1.0
42.082
-1.0
41.2282
50.3303
48.6028
52.2876
-1.0
44.2107
34.7843
32.6634
15.9575
19.1882
42.1576
51.763
44.7374
33.8033
-1.0
37.9266
24.2917
49.8754
27.5652
41.757
19.716
23.4056
24.4217
21.7906
37.3061
45.6835
32.8692
26.6784
35.2322
39.5697
18.9481
28.1509
36.2623
26.6235
42.0909
42.1039
-1.0
35.1483
-1.0
45.1774
43.8771
38.5012
-1.0
52.7303
-1.0
34.5588
22.6399
25.0447
48.0472
36.7391
-1.0
50.6124
51.9072
23.4321
49.337
42.0473
47.4824
45.6949
24.506
33.7272
33.1594
-1.0
44.2818
45.9856
39.5449
45.3429
41.4899
44.6737
-1.0
50.3558
35.4063
28.1614
20.8674
29.194
31.9818
37.8352
45.3753
44.9707
35.8111
27.5682
41.919
26.597
38.1073
50.6885
49.8257
20.9407
29.5538
41.6213
-1.0
37.4857
-1.0
37.6282
50.5839
45.1776
24.7574
21.5259
24.2799
-1.0
47.1218
36.997
36.1238
44.8821
23.7075
49.3501
49.9576
27.5386
11.8404
-1.0
-1.0
30.1572
44.2429
39.6415
-1.0
43.2574
51.6852
36.9434
37.7194
44.5992
23.8927
-1.0
-1.0
44.7885
-1.0
-1.0
24.3089
-1.0
47.313
47.8921
-1.0
29.9879
44.9954
-1.0
49.5637
48.2235
19.2808
31.9335
-1.0
-1.0
-1.0
47.9394
22.6396
41.7542
33.1429
31.3185
43.7429
-1.0
22.1102
48.9186
29.1476
25.8346
34.1435
-1.0
22.2657
-1.0
51.575
-1.0
36.5026
23.5711
32.5458
50.0472
15.7355
-1.0
22.5928
45.0933
31.8025
36.8204
23.4818
29.2298
30.2097
30.9155
-1.0
-1.0
-1.0
17.8413
-1.0
17.8617
30.4617
-1.0
20.3623
43.8737
28.1472
43.1356
48.3963
39.0104
45.5524
47.6919
44.6401
50.8983
46.8489
40.227
35.9185
46.9372
48.5267
-1.0
-1.0
-1.0
41.9691
24.424
25.5677
-1.0
38.4721
43.5189
40.5246
32.2176
12.9631
33.5809
51.1493
29.3378
48.2391
-1.0
-1.0
35.3338
32.9759
44.557
33.518
41.6389
-1.0
51.5522
42.6501
46.9006
50.5499
46.6696
29.9327
35.6141
-1.0
38.0926
39.7544
47.9015
-1.0
25.7939
27.8147
40.9406
-1.0
29.0596
-1.0
-1.0
46.6274
31.2065
29.7108
30.2571
43.0084
41.2193
-1.0
13.1198
-1.0
33.2363
41.4875
50.2194
25.5953
45.151
6.86679
-1.0
-1.0
14.6769
43.2379
37.7076
-1.0
46.9266
-1.0
22.0897
-1.0
33.296
32.9674
47.1627
42.5763
47.5218
37.1527
42.8037
22.8198
37.2244
13.4868
41.8095
47.7636
48.9674
26.7862
31.8468
-1.0
47.4903
23.5206
-1.0
-1.0
24.4257
28.1528
34.6257
39.0357
32.4655
43.5708
47.1722
34.3118
33.4903
-1.0
28.1953
36.4902
28.7556
-1.0
20.0398
24.2758
24.5013
-1.0
33.7017
-1.0
45.9257
9.67719
-1.0
47.193
47.9523
38.3112
34.1015
38.5837
12.1095
9.93225
38.3614
-1.0
-1.0
-1.0
36.9159
48.8602
36.9332
31.7697
20.7639
30.8106
20.1417
36.4947
29.9664
43.0933
45.9325
-1.0
49.5933
36.5382
12.9027
51.6164
41.2911
19.9441
-1.0
13.0434
49.8415
-1.0
-1.0
43.6767
30.5991
29.9344
31.4324
17.7707
51.6444
38.1009
-1.0
37.6166
52.2091
44.2767
-1.0
-1.0
22.2334
-1.0
23.6363
18.0688
54.6094
-1.0
28.894
40.9742
50.9904
33.8818
40.9509
13.2768
34.927
17.2583
49.1582
21.5974
40.372
-1.0
-1.0
17.3822
50.2762
46.411
45.0263
51.8361
22.2971
37.9394
-1.0
42.9073
-1.0
-1.0
39.3038
28.1251
47.0757
-1.0
46.0738
42.1317
-1.0
28.1965
33.638
-1.0
-1.0
46.9727
36.4819
51.6459
-1.0
-1.0
20.5457
35.2453
32.2925
34.6167
40.1723
36.9088
46.1335
41.9929
-1.0
40.6915
48.869
-1.0
50.7399
-1.0
-1.0
51.4375
37.9446
20.1571
49.9207
25.8537
48.1445
29.2688
36.8732
25.5156
-1.0
-1.0
45.2907
15.361
24.6709
46.1247
22.5005
51.1424
34.41
23.8114
38.1881
49.5116
-1.0
38.093
-1.0
-1.0
38.8741
-1.0
31.8706
51.3718
46.4237
45.8278
42.124
32.8242
41.7458
45.2473
40.1525
16.9422
25.9815
-1.0
43.4703
-1.0
-1.0
31.8186
28.7735
30.6279
51.1844
43.7012
39.4231
-1.0
47.9481
49.3739
-1.0
39.1154
-1.0
48.3087
44.5655
21.207
21.6037
-1.0
42.8768
19.4577
48.2148
-1.0
33.8819
36.8815
45.3426
37.7553
38.033
33.4411
50.4892
38.058
20.6876
42.3989
-1.0
-1.0
23.6447
41.1907
52.2725
-1.0
51.1874
39.9288
33.9218
39.7152
39.9923
-1.0
42.126
44.5723
43.2764
-1.0
-1.0
33.5995
45.8271
30.3978
40.0999
-1.0
-1.0
25.1599
41.9198
-1.0
44.1532
31.3006
48.0927
42.8806
-1.0
15.3028
-1.0
44.2427
11.6484
42.151
13.8936
38.0346
-1.0
47.0629
36.973
49.3576
49.4082
37.5702
39.3439
-1.0
-1.0
51.2087
47.8181
51.166
15.7213
31.4743
27.024
34.7655
44.0447
29.2486
42.9633
18.5035
50.6294
45.3832
-1.0
42.6549
-1.0
36.5524
24.0012
-1.0
31.3165
47.543
-1.0
37.5825
33.3114
41.4951
52.1382
32.5011
48.6733
43.541
42.7447
32.7979
48.5688
35.6769
51.988
29.5319
-1.0
47.5974
17.7664
-1.0
42.2115
33.8252
37.7179
38.3988
40.04
-1.0
-1.0
40.3467
27.2334
39.3695
23.574
23.7412
44.6307
-1.0
35.3013
41.515
40.8542
41.2344
40.0088
21.2116
43.6044
48.1215
44.5496
35.9219
23.3841
42.5116
-1.0
47.3121
36.2683
52.0626
41.5056
45.2766
51.3152
52.1729
43.8746
39.5671
51.5366
-1.0
44.3263
38.9503
30.5571
-1.0
39.4371
29.7163
32.8849
27.7997
37.9844
31.3966
51.1138
50.5035
36.3622
49.5525
52.3085
-1.0
50.789
-1.0
49.2827
28.4462
28.6617
-1.0
16.7316
-1.0
25.4901
-1.0
30.4457
17.939
36.7717
27.1646
26.8907
29.9885
30.7891
46.0538
-1.0
20.4539
46.838
-1.0
20.6006
39.779
22.9393
37.5211
-1.0
44.1564
42.4896
37.2979
41.0667
20.1004
44.8592
43.0681
46.5344
42.7358
52.167
22.6772
23.4725
30.1915
-1.0
-1.0
44.2527
29.7091
29.8732
41.0277
17.2133
-1.0
29.3934
45.9606
-1.0
46.7827
33.8528
23.9173
35.5322
20.1701
32.4338
37.955
45.0205
48.3487
43.0471
42.2873
23.2806
16.2446
24.1631
48.565
20.0998
44.3183
49.2659
-1.0
39.5387
47.6658
40.6307
27.4107
36.0225
34.1348
36.2315
44.2109
43.4036
41.0037
45.4207
42.8495
40.5076
36.9264
34.2516
-1.0
46.2003
46.0655
-1.0
39.8511
20.4528
34.1064
39.3056
16.4226
42.7276
37.354
41.6723
38.9712
25.6338
43.533
49.0778
20.6833
28.4106
-1.0
33.5759
25.1745
24.5326
47.3835
-1.0
46.4465
-1.0
16.665
41.7401
-1.0
40.5086
46.4871
39.7455
30.4213
39.4259
15.4098
41.1836
46.9939
45.125
43.5868
44.7636
-1.0
36.1632
-1.0
-1.0
32.8125
28.1745
40.6999
50.7734
-1.0
-1.0
-1.0
33.8006
-1.0
42.7021
-1.0
17.0794
-1.0
36.983
35.6378
-1.0
37.2184
45.3198
17.6702
35.5492
42.5238
-1.0
49.8979
43.3727
43.1629
-1.0
46.8791
51.465
14.6561
50.6372
44.5402
-1.0
42.5837
38.333
5.52527
51.5698
-1.0
-1.0
38.5326
-1.0
41.9945
43.616
-1.0
40.2518
-1.0
41.7234
-1.0
-1.0
39.3366
45.3726
48.0736
31.1922
37.7486
40.1689
15.0853
40.7926
16.8556
12.5542
51.7672
8.11673
48.0518
-1.0
37.8163
37.9355
-1.0
39.4007
-1.0
47.0835
31.6331
33.0294
52.1145
24.1049
36.0771
36.5183
45.881
-1.0
22.2387
33.8913
45.5955
-1.0
30.4105
40.616
15.9752
46.7623
28.3783
49.6157
48.3105
47.5802
18.5285
-1.0
50.6173
41.7268
42.5969
45.6802
-1.0
26.7717
45.0618
34.7432
44.2653
-1.0
-1.0
49.4046
49.3431
35.1749
50.9235
38.2925
-1.0
41.4303
36.1719
-1.0
44.0372
42.8003
-1.0
42.9266
46.3773
39.9287
52.1695
30.8148
-1.0
-1.0
-1.0
38.7442
14.1696
-1.0
50.7327
37.6753
24.5687
-1.0
53.0679
40.7676
-1.0
37.4927
36.1685
25.9804
40.9305
34.5988
-1.0
-1.0
-1.0
51.7968
30.4889
42.7456
36.2587
36.6572
31.1478
48.443
17.8717
17.0759
49.542
-1.0
-1.0
48.7568
15.5599
-1.0
36.6719
42.9289
-1.0
-1.0
28.5912
34.1544
36.0374
35.6388
55.3502
48.0546
38.0274
35.3121
48.5153
-1.0
31.0195
27.4411
-1.0
7.73587
44.2264
34.1427
50.9143
25.5796
33.3127
47.2423
52.1796
30.9155
-1.0
43.3554
48.1665
31.8622
51.3436
38.9181
33.8698
43.6838
25.2844
45.4405
48.3591
51.4385
21.6861
-1.0
-1.0
47.1569
37.2782
38.5598
35.563
44.8173
-1.0
49.2067
34.6947
24.3476
25.4083
38.2629
-1.0
35.7143
48.0282
13.0176
32.6786
-1.0
33.0689
36.9946
-1.0
35.1461
35.5162
24.8006
30.0041
41.5234
-1.0
-1.0
18.8374
32.2935
40.9733
51.4223
42.6859
33.2023
17.9766
-1.0
14.5505
22.9661
48.2436
28.5655
47.5892
39.9747
18.5967
46.2903
34.6581
27.572
42.4829
49.2023
-1.0
-1.0
-1.0
30.1806
27.9394
12.8101
11.6974
34.5924
-1.0
-1.0
27.294
-1.0
-1.0
-1.0
36.4813
28.66
38.2846
23.4165
46.8685
21.4975
50.5008
50.8999
14.9461
43.1524
47.8102
49.8559
41.9625
-1.0
-1.0
38.061
43.3464
34.533
13.9116
34.106
-1.0
35.7064
49.4414
39.5931
51.0759
-1.0
22.0726
50.8892
41.0993
33.9306
37.1251
38.1811
50.0423
-1.0
21.8575
41.4437
23.9613
-1.0
44.3643
46.8928
22.0721
48.168
-1.0
26.4146
45.6952
53.7707
41.9331
41.2516
27.8585
-1.0
-1.0
-1.0
42.9776
38.7686
37.2754
52.1099
36.4703
25.4573
44.6837
42.7168
42.8994
44.5101
-1.0
-1.0
17.543
43.4289
23.372
37.4603
-1.0
49.8214
47.8933
39.2402
11.0438
48.2901
46.1023
50.3635
51.1944
35.4816
-1.0
-1.0
23.4927
36.6528
19.2012
35.0733
-1.0
41.4622
30.735
40.8623
-1.0
27.9093
47.1062
33.1822
49.366
31.5475
33.7699
29.0104
47.9761
30.6148
21.6909
-1.0
-1.0
44.6822
34.429
17.8472
-1.0
-1.0
30.6309
52.0589
-1.0
45.9477
34.5238
35.3614
45.7829
36.1559
14.1553
49.4475
-1.0
50.7625
42.3342
-1.0
31.3373
26.3714
-1.0
47.5741
51.9242
-1.0
18.2612
47.1761
48.4916
44.654
32.728
-1.0
28.5495
45.528
41.7217
43.3076
-1.0
-1.0
35.5511
39.8585
41.2154
23.2579
33.0722
45.3787
26.2119
34.4228
49.7708
-1.0
-1.0
32.7393
47.0594
41.3973
-1.0
-1.0
41.7834
-1.0
33.5754
25.0738
25.7865
36.1513
-1.0
35.1084
42.1939
28.6707
38.8496
37.7736
39.5411
33.2352
34.2967
38.5589
30.8774
42.1035
-1.0
-1.0
16.5328
35.6707
39.4726
32.7276
21.1093
48.7805
48.3825
36.2162
22.3885
41.1508
37.5315
22.2202
46.7303
44.1072
22.5109
52.225
30.3576
48.4205
30.9367
43.6268
37.4343
-1.0
31.0089
-1.0
23.3837
27.3363
31.7698
37.5041
48.4489
43.974
-1.0
-1.0
23.0114
37.0539
43.1882
-1.0
20.7849
29.7174
-1.0
27.9568
48.9285
43.7389
46.4133
10.1964
23.9566
32.9406
38.2294
21.341
30.7678
43.4841
-1.0
20.0014
-1.0
42.956
27.9563
39.5112
46.7406
46.5784
44.2492
45.2866
35.1903
28.672
29.3674
-1.0
-1.0
33.5208
51.9515
39.1838
39.309
35.9639
47.9823
20.5819
47.4157
34.4788
38.3159
46.1792
-1.0
43.847
48.1249
14.8275
34.9325
45.4139
51.5552
29.1834
15.8953
-1.0
25.416
41.7458
42.5381
53.8094
-1.0
37.91
-1.0
49.7797
44.0261
42.023
33.9926
45.8995
35.7109
18.421
34.3963
47.0095
37.6257
41.4317
46.9629
47.6735
25.102
34.6849
39.4274
-1.0
45.3367
22.0477
43.0346
-1.0
47.4961
49.8404
26.5552
-1.0
34.9009
47.8746
49.6227
52.1
48.8767
48.6478
41.3743
-1.0
24.9896
49.0659
-1.0
20.3312
34.2758
-1.0
-1.0
17.1773
35.6583
34.3239
27.3173
34.8695
48.707
44.8461
50.5311
33.7111
39.2521
46.0513
-1.0
30.6672
20.4466
42.6941
34.0809
47.709
48.0157
48.7322
51.9837
-1.0
50.104
27.5401
32.1116
-1.0
-1.0
-1.0
42.6501
48.0396
32.9273
50.0847
29.3094
36.5344
45.8594
46.9676
40.0787
26.7473
-1.0
48.823
-1.0
35.0532
17.4993
26.5015
19.6782
36.3385
-1.0
-1.0
47.83
41.7205
23.4365
34.8139
42.8891
22.0795
7.67998
42.4855
45.3402
25.3538
-1.0
33.2909
43.4498
-1.0
52.3106
42.3397
11.1748
-1.0
42.8734
44.8935
33.9725
27.0717
43.368
29.1996
27.8983
35.353
29.6285
47.7968
36.9445
26.7785
50.4069
20.6859
-1.0
24.6206
26.8186
30.2297
-1.0
37.1098
37.792
50.3919
42.2193
28.4684
49.1454
15.6425
-1.0
38.273
50.727
14.5439
50.2389
29.9022
17.2066
-1.0
43.6499
44.489
-1.0
36.2991
-1.0
52.3613
24.9672
-1.0
50.2708
42.4994
36.8339
31.7123
51.0408
-1.0
-1.0
40.3238
49.2524
-1.0
46.2429
23.7999
45.4524
46.6978
36.4567
30.9139
41.2199
45.6577
43.3491
-1.0
41.2132
42.708
44.8881
45.5146
49.0693
50.3479
-1.0
35.3688
47.6549
48.836
34.8269
-1.0
21.6772
50.8002
-1.0
47.2259
26.3162
34.7727
62.4047
-1.0
48.6491
44.6265
50.1745
11.3423
40.422
49.086
47.679
35.1941
-1.0
-1.0
17.1652
38.022
50.1788
41.602
50.3117
-1.0
36.6344
27.2307
35.2216
-1.0
41.0841
-1.0
50.6211
44.7757
18.475
-1.0
38.0047
16.721
-1.0
45.7992
48.6923
31.1554
38.7604
46.5017
51.2312
-1.0
43.1779
51.1276
36.7051
46.6572
51.9605
39.3431
-1.0
50.7311
35.3179
-1.0
49.843
37.8937
45.6781
41.4541
43.0578
48.8284
35.177
46.3811
32.7269
44.9954
50.1607
-1.0
29.8862
22.6725
34.7515
36.539
27.9979
37.6657
-1.0
-1.0
23.0072
47.6513
49.8757
14.2147
40.0546
44.6304
-1.0
49.4156
27.7408
-1.0
39.1214
49.1153
40.3213
-1.0
44.056
26.8677
-1.0
-1.0
-1.0
-1.0
40.5791
25.4787
44.4298
27.4344
37.4751
23.4292
33.1623
-1.0
41.5143
-1.0
-1.0
22.3886
22.3901
42.7293
45.395
43.302
50.7896
16.7152
37.5434
41.9772
-1.0
-1.0
-1.0
45.5112
34.3548
44.641
45.0719
37.2539
51.067
50.5609
-1.0
47.2706
40.7424
25.6243
43.7694
-1.0
39.0768
26.3664
49.0451
30.7932
-1.0
44.0983
48.0696
14.6465
-1.0
45.7086
33.9627
45.4094
45.8063
39.8595
40.952
36.3334
32.0353
46.4158
-1.0
-1.0
-1.0
22.9813
-1.0
-1.0
25.1399
42.7872
32.6547
46.7946
52.1708
48.6253
-1.0
31.2226
-1.0
51.4026
-1.0
-1.0
50.9234
47.2642
49.7808
-1.0
46.8799
29.6138
33.3447
26.5771
-1.0
49.0729
49.058
22.5097
40.2129
-1.0
26.7407
-1.0
47.6342
20.7489
38.4698
47.5366
46.5278
-1.0
-1.0
48.959
44.0587
34.2879
18.4761
49.4601
27.371
27.2672
-1.0
44.1747
30.9245
33.2537
33.0228
16.2672
16.6252
48.8329
31.3909
37.7365
-1.0
44.8748
-1.0
44.4176
28.557
45.9993
19.9982
46.0328
28.9366
-1.0
38.7995
-1.0
-1.0
10.9713
38.6191
43.8669
42.6845
43.5078
-1.0
41.5795
37.0353
25.3501
18.3204
34.8636
41.1547
42.9285
45.7175
46.6732
-1.0
35.3812
43.0646
-1.0
27.2673
32.7081
51.9058
45.1336
45.3276
20.9245
25.481
48.8879
-1.0
-1.0
51.1569
44.4499
47.3751
27.0183
51.4425
28.2337
46.3738
34.8418
42.9886
33.9586
43.0353
49.4874
51.2265
42.4538
-1.0
38.3184
31.3382
28.2228
34.0603
-1.0
51.0269
-1.0
28.1676
18.61
36.1964
-1.0
43.2992
-1.0
47.5455
42.3951
47.7438
34.0124
51.1189
-1.0
20.2451
39.3752
50.2506
48.4864
51.4134
39.0301
31.5952
-1.0
31.2337
-1.0
35.4431
-1.0
13.6711
17.0416
-1.0
29.2284
36.8639
41.3515
16.1136
49.3218
20.8864
48.4139
38.667
30.6512
33.2152
33.3658
34.3015
47.2904
30.2348
-1.0
42.3186
41.1219
27.3324
29.475
27.8952
28.9556
-1.0
33.9238
45.3009
50.0648
34.9747
40.7047
38.5849
34.5763
34.1088
35.4568
49.0056
16.3336
47.4857
-1.0
48.1272
22.0863
30.8032
25.8203
33.0054
27.0513
13.851
9.88228
43.5804
50.2481
33.5401
-1.0
22.4573
43.7299
21.0655
33.2176
35.7121
44.5535
19.5166
42.8936
23.6548
-1.0
-1.0
31.9336
21.4029
-1.0
21.2953
44.9632
33.136
41.2467
39.5122
31.9612
38.9469
45.959
-1.0
52.4309
-1.0
-1.0
-1.0
-1.0
38.5026
34.514
24.6048
20.9912
-1.0
50.2363
-1.0
-1.0
49.5924
45.9925
51.2018
36.8831
-1.0
35.904
-1.0
27.9724
-1.0
51.7793
36.0132
43.8081
22.1085
40.9514
50.6809
51.3795
37.3343
31.7143
25.5095
32.6165
47.8532
32.7608
50.6636
36.7693
41.2519
24.8945
31.471
32.2045
38.9549
-1.0
41.4749
45.3358
39.4347
34.9518
32.8782
15.5894
27.1864
40.9793
32.9775
-1.0
32.467
37.5213
33.8891
27.0678
51.9537
23.1647
49.4781
37.9782
23.9021
27.8774
30.1491
51.8443
12.1997
38.013
52.1849
-1.0
52.1579
-1.0
37.4832
25.5984
26.488
45.1202
51.9735
29.4995
33.5932
32.5402
37.1747
36.3278
-1.0
19.1027
45.4135
39.0928
23.1327
48.9806
50.9076
-1.0
46.2715
-1.0
36.9179
11.9069
48.419
41.2593
47.1344
26.3856
30.6778
25.4602
37.1007
26.2153
-1.0
40.6705
48.1563
50.4572
39.4701
-1.0
43.6647
42.5379
41.7845
39.7957
27.7129
25.3041
36.9585
-1.0
-1.0
35.0369
41.8988
-1.0
40.2018
51.161
48.4461
26.2825
18.1303
30.8991
46.7179
52.3083
31.6316
-1.0
43.3963
38.2228
32.5706
-1.0
36.7546
51.3177
36.7936
49.5682
32.6989
51.589
-1.0
20.9911
-1.0
46.584
32.3017
-1.0
-1.0
45.0104
27.4437
46.6597
25.2817
-1.0
50.6949
-1.0
50.7232
50.4203
33.4146
28.6986
36.0143
40.3858
17.5543
21.6916
46.2668
40.2941
48.9235
17.3583
-1.0
50.6523
50.4057
35.5333
22.7325
39.7081
-1.0
40.2959
36.4371
11.3809
29.0261
-1.0
-1.0
36.1361
48.5295
-1.0
-1.0
47.0322
32.3993
-1.0
34.5479
36.7408
-1.0
42.5376
-1.0
27.7369
45.0315
45.5052
32.2768
41.8029
45.0355
39.2398
23.1995
36.5865
46.0777
44.1738
-1.0
-1.0
-1.0
51.2912
50.639
50.651
-1.0
44.3282
46.4264
46.1137
-1.0
27.0356
42.1553
51.3126
51.4419
51.2837
-1.0
31.893
52.1247
26.2679
-1.0
24.3831
31.3536
38.0745
43.3872
42.3815
28.9148
22.5981
43.5666
45.3626
-1.0
28.1095
21.7788
36.7427
44.7413
-1.0
-1.0
50.1817
33.2794
48.2702
37.4059
-1.0
35.402
-1.0
-1.0
-1.0
-1.0
34.345
-1.0
30.2265
46.7041
37.0376
18.7861
49.578
17.6808
49.3711
43.595
34.6513
-1.0
-1.0
-1.0
33.3002
31.0936
16.1717
43.6543
46.2745
19.5244
-1.0
32.6991
39.7404
35.18
49.9967
-1.0
32.9353
-1.0
34.6522
33.221
-1.0
51.0091
11.7194
46.3694
-1.0
-1.0
34.866
50.7218
-1.0
39.9382
36.029
-1.0
-1.0
51.6072
33.7088
-1.0
-1.0
32.5819
-1.0
-1.0
43.3448
37.7971
41.7661
30.0716
-1.0
31.489
51.4962
16.6431
49.4464
41.5231
-1.0
-1.0
21.9166
25.8672
36.3691
46.5858
47.4907
25.1594
23.9191
29.242
47.2549
48.9082
26.8398
48.6611
33.7594
33.6333
24.297
44.755
29.9125
-1.0
-1.0
39.4056
47.5324
34.6865
-1.0
-1.0
-1.0
33.6389
32.826
-1.0
32.3695
41.8579
33.9153
51.0295
38.4037
38.3586
25.5284
40.4358
-1.0
48.2463
41.954
-1.0
36.515
-1.0
43.6315
25.0395
30.3394
29.1297
48.7518
47.5317
52.243
49.8142
-1.0
50.2606
33.0436
-1.0
-1.0
51.923
42.065
35.4794
50.2181
37.6129
33.8814
-1.0
36.4304
-1.0
14.4442
38.8134
-1.0
49.1245
-1.0
-1.0
26.8144
24.6609
36.5285
50.626
36.4634
-1.0
36.7762
-1.0
41.1441
16.9138
49.101
32.3007
42.9339
37.7208
44.8227
36.7736
28.6093
46.3639
45.2194
18.1378
-1.0
-1.0
47.4852
48.8431
44.4234
-1.0
37.6089
-1.0
-1.0
-1.0
23.8278
-1.0
14.7591
42.6142
37.5324
42.1347
24.5577
30.8926
25.0754
20.561
34.1327
48.2945
46.3022
26.7148
-1.0
20.4727
20.6589
33.4778
24.4561
19.1692
39.1669
23.3507
51.9911
39.7299
47.2429
44.5569
40.18
-1.0
28.6839
33.6663
37.8079
32.2661
34.3277
-1.0
29.9272
43.563
19.5971
32.9294
-1.0
36.545
37.9497
29.7223
41.9441
25.2212
30.6007
44.9523
30.599
-1.0
33.0434
-1.0
35.4867
45.9463
-1.0
-1.0
51.7052
-1.0
-1.0
48.0093
28.1729
39.0796
50.4339
39.015
-1.0
49.7515
21.4144
23.7255
18.8828
48.5012
39.6472
31.3909
-1.0
-1.0
34.0077
-1.0
39.5572
40.7424
28.1284
28.7687
47.4861
30.9898
47.1373
-1.0
-1.0
50.2508
47.6198
-1.0
-1.0
46.4911
25.5877
48.0213
18.5607
37.7085
45.082
37.3079
46.104
35.2438
48.4483
35.7202
-1.0
50.6663
51.1816
45.0571
25.7686
33.6693
51.6057
-1.0
48.0959
42.3718
-1.0
-1.0
29.4924
-1.0
14.9124
45.036
36.4797
32.3506
-1.0
33.7976
47.1733
45.7963
26.8983
42.733
41.3894
41.6616
9.25325
-1.0
50.2482
-1.0
-1.0
39.073
37.2348
19.2064
52.296
-1.0
46.3448
39.3101
-1.0
35.6258
45.9374
34.957
-1.0
39.294
33.3953
32.9151
39.5224
45.4324
-1.0
24.6511
28.5028
46.1413
-1.0
32.3989
32.7759
40.8773
-1.0
44.8501
21.635
24.1213
32.7166
25.5039
33.8756
41.8018
-1.0
49.1824
43.6814
-1.0
42.9006
51.6194
49.285
30.7687
-1.0
50.42
52.1934
50.5422
27.0026
23.7172
42.1814
45.8929
15.2033
-1.0
39.2961
-1.0
49.0633
-1.0
44.5403
34.4217
34.8027
48.7572
49.3237
-1.0
43.4509
29.837
28.4445
27.9255
42.5047
-1.0
50.7028
39.4693
46.1575
35.3492
19.4017
33.4883
39.3589
25.0773
-1.0
-1.0
34.3916
42.5361
42.9378
17.044
27.6634
45.1913
45.8328
39.6575
42.2209
19.5912
-1.0
18.8737
16.2999
-1.0
42.6722
49.2753
-1.0
33.4865
-1.0
38.6311
48.7773
43.7488
-1.0
46.1122
21.7392
50.2716
35.619
-1.0
42.9877
-1.0
21.3032
32.795
55.0652
26.5086
-1.0
32.6421
35.1682
32.1877
-1.0
31.0251
47.56
46.5877
41.217
46.432
34.9101
33.9131
52.3067
21.0309
-1.0
45.8989
49.6624
27.2916
26.8235
32.6161
41.8927
43.3665
-1.0
37.773
28.9821
-1.0
32.2804
-1.0
36.4195
38.4666
41.1902
39.1082
-1.0
50.1207
26.8389
21.602
23.6789
37.3926
42.0931
41.5974
46.5729
27.9635
47.8951
47.3665
-1.0
-1.0
33.9106
32.4062
30.6041
50.9853
46.889
45.505
18.0564
27.315
20.8487
39.3886
34.2601
-1.0
38.8529
9.94021
24.8282
45.8229
37.7628
42.5077
-1.0
-1.0
40.6196
35.7347
-1.0
34.2425
19.3489
20.9251
49.8311
40.4426
39.1773
31.4445
27.7521
-1.0
33.8294
-1.0
-1.0
38.4951
36.849
52.2701
-1.0
39.8311
25.2444
-1.0
47.9697
42.9817
-1.0
18.9233
-1.0
46.6946
-1.0
49.7245
48.874
42.8917
30.9121
38.9751
-1.0
39.2058
28.7883
34.9497
20.8378
40.364
37.8931
46.5317
28.9398
-1.0
46.19
27.644
36.4896
13.2059
51.2223
-1.0
41.7198
30.5148
-1.0
-1.0
-1.0
30.7321
44.4477
32.379
35.324
-1.0
22.9383
31.0481
37.8282
16.0939
38.6548
31.0406
38.1522
-1.0
26.682
26.7772
36.2649
-1.0
40.4889
42.1724
29.5699
-1.0
38.7119
34.0099
23.6737
-1.0
51.4553
47.9869
11.8225
39.3309
38.6093
40.8024
26.4818
38.6703
29.4028
37.9745
39.9118
46.0727
31.3693
11.1387
46.6447
46.0659
29.0527
39.0493
47.6225
42.3593
41.9912
50.6016
-1.0
43.2724
37.9124
36.4152
-1.0
20.8984
51.2124
54.5495
40.8968
35.8527
34.9198
37.5192
30.457
48.6172
33.0005
32.0586
52.2347
38.4868
-1.0
41.5903
36.3512
-1.0
38.7749
53.3724
-1.0
30.9791
33.6862
35.3953
38.7271
43.3401
51.1911
11.2013
16.8527
32.638
18.3385
9.47559
51.7994
31.2555
31.944
23.4827
46.0849
22.4598
40.1008
8.89986
51.0296
-1.0
27.73
45.3754
-1.0
-1.0
30.2501
17.3504
47.0063
48.3024
32.037
34.778
38.2469
24.3157
21.5811
26.9077
38.0671
-1.0
15.1856
36.9715
49.022
44.6877
44.6394
41.0536
43.9898
23.7165
38.177
-1.0
52.1796
51.8083
-1.0
36.0245
41.1017
36.9204
45.6803
18.6585
50.4522
-1.0
38.9509
40.0041
45.4299
48.763
46.9313
23.3823
20.6807
22.7247
19.5825
50.5792
29.4709
50.7697
-1.0
28.4964
43.3692
48.8081
23.7876
48.0343
25.5237
22.4113
-1.0
42.8837
33.7448
29.3414
41.9278
39.305
40.5094
8.22319
31.5216
26.3901
22.4523
-1.0
14.9555
36.3344
-1.0
-1.0
37.8034
-1.0
28.3272
42.6766
20.5697
15.5415
-1.0
-1.0
35.2919
34.8616
17.7372
-1.0
49.8369
-1.0
45.861
40.1937
41.0955
37.7231
-1.0
36.5383
40.6329
-1.0
51.8046
33.442
42.4065
49.5368
-1.0
-1.0
-1.0
-1.0
33.4157
24.3022
47.1024
51.1037
22.1544
50.5382
43.0753
37.1734
35.2617
28.2905
35.2819
-1.0
51.7441
27.2749
-1.0
41.0574
46.5516
-1.0
48.8577
46.9957
43.3375
37.5268
31.0286
46.3421
29.3439
13.5184
20.185
37.0103
50.9117
43.7229
31.572
47.2403
-1.0
45.7875
-1.0
46.5659
14.5063
43.9763
46.1808
15.4439
29.3705
29.1672
31.8162
-1.0
28.5721
44.3153
-1.0
-1.0
35.5942
30.3368
-1.0
42.5485
42.1659
49.0782
45.0553
51.293
38.1952
40.8118
15.0987
47.9369
45.1604
34.0555
-1.0
39.6349
50.6171
47.2884
34.601
42.5001
-1.0
34.1877
31.8845
38.5818
43.8485
40.3625
47.8552
40.6353
50.7522
51.6134
-1.0
41.9628
34.7713
32.6828
-1.0
41.0018
37.3662
45.9335
27.5191
33.8929
-1.0
49.4703
49.2875
24.928
41.7446
29.7104
32.4763
-1.0
43.8281
23.3602
35.4906
35.7578
-1.0
45.4959
-1.0
34.4884
33.4425
-1.0
32.1163
45.2676
13.8157
47.8981
46.7145
-1.0
29.5408
22.018
-1.0
28.0041
40.6282
49.9309
-1.0
49.0179
-1.0
-1.0
45.3546
-1.0
46.0806
38.9006
-1.0
-1.0
-1.0
-1.0
41.6597
22.9702
45.5738
26.7996
34.3321
35.5657
-1.0
31.4741
-1.0
24.6171
-1.0
28.2186
25.4494
35.8025
20.2977
40.6844
41.0457
33.1973
22.5099
45.5475
-1.0
44.2506
14.3839
31.2946
44.1217
31.0356
27.5715
46.9965
-1.0
41.938
47.8554
40.1833
35.7992
42.3932
-1.0
-1.0
12.0838
32.7022
-1.0
48.0741
28.7568
39.7537
36.7454
32.2618
40.3535
33.9491
34.9836
49.0533
29.1715
45.1331
28.6184
23.3358
-1.0
-1.0
43.8887
27.0997
44.5114
46.8287
23.6694
11.9009
24.8488
46.1804
-1.0
48.7541
-1.0
46.8604
39.0896
25.3461
49.1499
33.4552
-1.0
-1.0
11.5712
42.3755
40.7079
15.0122
38.6064
29.9049
26.8031
44.3847
49.0025
35.0456
48.5113
-1.0
43.6903
52.1238
45.3293
43.383
-1.0
-1.0
16.4628
22.8776
-1.0
21.1989
-1.0
-1.0
25.9041
36.1418
34.1965
39.7621
35.5536
-1.0
48.6844
39.2856
-1.0
52.9569
28.5415
42.5488
22.0426
50.7153
49.6641
45.8793
47.6734
-1.0
51.3853
-1.0
-1.0
-1.0
45.9633
42.3395
48.5095
33.6911
-1.0
51.2957
19.9425
39.2193
-1.0
-1.0
32.0176
39.9379
44.593
-1.0
-1.0
-1.0
49.2842
34.6474
38.6358
28.7716
45.8141
-1.0
38.2561
38.9917
31.6776
-1.0
-1.0
6.04438
22.0565
37.5326
45.6404
29.7728
44.897
50.2367
34.3608
32.2667
44.8855
27.4779
18.7752
-1.0
27.8929
41.4129
47.7745
33.8196
44.2672
36.9196
35.4331
27.7967
39.0327
44.2908
31.8222
42.426
-1.0
28.9818
51.7466
40.7096
45.2573
40.6404
47.1538
23.5621
42.7202
33.0635
45.8724
27.6094
51.7614
35.2505
-1.0
-1.0
16.2475
-1.0
33.4352
36.0847
-1.0
-1.0
41.1843
41.6007
13.9284
24.2993
-1.0
28.5293
41.5646
33.9276
-1.0
-1.0
16.6019
-1.0
33.838
10.1929
-1.0
44.9627
19.3754
41.2475
36.7683
32.6364
43.3736
-1.0
-1.0
45.3948
29.9903
37.9787
27.14
44.4747
23.5605
45.9699
-1.0
50.0834
18.3584
45.9895
-1.0
43.6048
47.1617
17.4229
38.3491
28.5246
34.1858
48.2334
28.6451
46.2287
38.3862
44.9066
16.8899
-1.0
41.0372
-1.0
13.9601
26.6606
49.0298
33.9175
26.3301
35.9306
34.0003
44.4208
29.3337
28.2317
-1.0
26.3625
-1.0
44.3753
51.9541
44.4124
44.4828
51.5144
18.2679
28.8398
-1.0
-1.0
43.6706
-1.0
39.0315
-1.0
36.7682
21.4417
52.2312
-1.0
45.1724
50.8484
31.7302
10.03
20.8499
-1.0
29.8591
21.0267
45.4166
25.9176
44.3865
16.9635
18.7042
6.65486
-1.0
38.4639
46.9691
29.437
50.5931
51.2016
-1.0
-1.0
43.0489
-1.0
-1.0
-1.0
26.775
49.678
50.9421
49.8096
42.4767
45.4251
31.3911
29.0724
46.8641
48.4274
33.9212
41.7277
-1.0
47.7266
-1.0
51.437
28.9801
-1.0
48.803
-1.0
38.384
41.8837
-1.0
-1.0
49.1364
-1.0
36.1006
16.3316
39.5155
-1.0
-1.0
45.6221
-1.0
30.1983
18.6426
52.0676
38.2624
34.9005
21.1111
-1.0
