24.951
25.2001
-1.0
-1.0
-1.0
47.6754
40.3293
47.5886
19.3836
39.0783
-1.0
27.5897
-1.0
28.3496
28.1941
40.9052
-1.0
33.2647
-1.0
32.6495
46.4342
38.5643
37.5928
50.4805
-1.0
-1.0
14.225
-1.0
49.7777
51.0751
37.4714
32.7609
42.442
17.5271
48.5296
8.24327
50.5963
47.0048
32.8564
34.256
-1.0
19.406
40.3536
-1.0
47.2494
36.1669
51.8715
37.5882
40.0737
34.8787
41.8986
-1.0
39.0468
47.8465
29.6068
-1.0
39.327
-1.0
-1.0
34.7898
46.2057
24.6382
47.6472
15.9812
42.3478
11.8633
-1.0
42.6403
24.3962
47.8999
31.9697
36.4465
47.0971
32.3333
39.4015
32.188
14.0164
-1.0
52.1813
35.7457
38.6031
-1.0
45.4054
25.5424
32.5517
30.4984
43.1198
29.51
-1.0
32.6176
42.3033
26.0562
-1.0
27.1531
48.0196
-1.0
30.4186
44.3711
47.039
51.9495
36.8616
25.5209
33.0248
41.5649
45.4166
29.2204
42.1124
27.2734
39.9129
-1.0
-1.0
50.9661
-1.0
23.6414
36.5026
42.1615
42.6777
-1.0
32.8495
40.2505
48.7116
38.1837
48.5978
12.0975
54.6025
-1.0
-1.0
-1.0
51.4667
50.2268
27.8667
25.872
41.2695
21.4643
43.5722
43.8132
37.0644
48.5
22.0332
27.4213
-1.0
17.061
27.5512
37.3866
-1.0
53.564
-1.0
33.5541
46.6924
35.4991
21.1784
40.6147
40.1904
51.7537
33.5453
-1.0
-1.0
42.3567
37.6431
47.7256
38.2457
37.6676
32.15
30.0611
43.7626
15.9183
51.4325
39.9894
36.8476
34.1803
39.2939
48.0645
19.1432
-1.0
40.7863
-1.0
31.712
28.6746
48.7488
44.337
37.8168
24.0456
24.0888
50.3666
40.448
31.0913
49.5448
40.4355
28.8537
47.1994
50.1722
47.7642
34.3685
34.6538
40.3099
-1.0
32.345
-1.0
51.5746
-1.0
47.6465
-1.0
48.2097
32.9583
33.2493
51.683
48.6366
19.6891
36.5576
-1.0
42.2243
29.4111
37.9284
39.076
-1.0
50.1642
26.564
45.8611
43.9304
49.0524
35.9295
17.7661
-1.0
48.4043
19.2415
42.3591
31.4162
51.1357
34.2182
50.3515
-1.0
41.6691
51.9579
20.1009
44.1107
49.4526
34.5132
-1.0
41.1389
37.7975
51.2642
44.8259
-1.0
35.6126
25.3251
44.5968
28.7894
24.9407
30.0313
17.6933
21.0515
42.1283
47.9367
45.2067
-1.0
48.3197
23.9932
41.1545
39.7165
37.9163
20.1151
24.3977
28.6269
-1.0
49.0539
27.3894
36.8792
46.9363
35.37
35.0113
43.7707
37.7175
45.8762
47.0349
38.3346
51.491
50.6714
44.5002
43.1534
51.4448
34.8092
-1.0
39.3025
37.9453
-1.0
29.5125
31.178
18.0682
17.8237
22.9163
49.0996
40.1136
46.4633
17.6068
-1.0
-1.0
25.3069
-1.0
-1.0
40.9164
47.4845
13.0868
36.4528
40.9522
40.9585
48.0921
26.2234
-1.0
30.6236
40.0135
35.7183
51.0078
-1.0
31.9538
46.9803
15.1543
41.1136
-1.0
31.1617
-1.0
25.3486
38.5939
9.50111
47.7392
29.9152
-1.0
34.2173
40.8577
23.5065
28.9451
34.7188
17.5821
21.2825
32.6397
44.7393
-1.0
42.9092
39.9529
52.0155
13.8175
-1.0
-1.0
34.3714
51.2635
25.1813
23.5852
-1.0
30.2695
44.3456
-1.0
-1.0
32.5159
35.1581
39.1428
42.0496
47.8495
38.4947
50.7298
-1.0
26.0979
38.2159
43.2144
-1.0
37.2823
-1.0
40.4367
43.5147
9.00207
49.4362
48.5199
50.3658
29.7584
47.8301
20.6294
45.0863
32.6881
-1.0
44.814
51.7542
33.2836
50.2104
45.587
41.5039
39.4765
-1.0
50.1803
-1.0
21.7031
-1.0
29.8135
22.3545
32.6549
26.4224
33.3378
-1.0
32.2125
44.2597
23.3492
-1.0
36.2569
-1.0
-1.0
-1.0
34.1969
28.3485
38.903
40.8975
-1.0
50.1627
-1.0
29.1238
39.4338
27.1096
35.1235
42.2463
50.437
47.3773
41.2857
32.4559
-1.0
37.3234
44.387
52.1285
45.4885
50.5188
-1.0
38.2314
44.7033
39.9187
-1.0
43.1973
38.5745
27.3772
49.0072
28.7085
37.1144
51.8587
-1.0
-1.0
-1.0
44.9849
-1.0
45.3869
-1.0
17.7387
35.4078
22.6579
33.7936
51.1881
35.7755
17.3556
-1.0
51.0523
29.6227
51.6125
-1.0
-1.0
8.40382
35.7184
48.5468
29.6653
45.6412
41.1599
35.6199
50.1459
26.531
18.9285
-1.0
-1.0
-1.0
22.5035
52.1249
-1.0
29.5267
42.6371
45.1399
52.9722
-1.0
20.3086
33.962
-1.0
50.9525
-1.0
28.2048
36.6243
-1.0
44.704
47.9211
46.3665
41.5818
40.6706
-1.0
25.5881
35.0016
-1.0
-1.0
15.0103
37.5049
29.1058
33.9532
-1.0
-1.0
14.6894
33.7697
28.0492
32.4656
-1.0
34.5564
35.9369
45.385
40.4551
-1.0
12.6327
35.19
25.5317
31.2513
-1.0
20.618
49.8861
38.8925
41.7097
-1.0
48.4953
33.6628
-1.0
52.1727
-1.0
-1.0
17.2493
27.2619
17.0308
-1.0
41.2145
51.1272
33.3975
41.7758
29.1896
-1.0
31.2608
40.5427
-1.0
43.4732
32.5462
-1.0
43.9017
50.99
13.3402
43.1177
-1.0
-1.0
35.1758
7.55024
33.4298
24.2059
28.3924
20.4798
34.8816
48.4327
19.5021
31.1331
45.6111
-1.0
46.9337
-1.0
20.5926
47.452
25.6769
52.1873
-1.0
18.3906
28.1121
45.2144
44.4811
23.9311
33.3282
36.6394
36.2516
31.6205
49.0766
28.6646
36.401
31.2355
50.473
24.0449
26.918
51.2119
42.0351
-1.0
-1.0
21.7558
47.1851
34.8909
-1.0
33.6484
46.523
30.9564
50.6107
-1.0
9.64406
32.4234
50.104
32.4138
33.909
40.4584
-1.0
-1.0
22.8539
36.3025
48.2214
51.5358
32.7218
-1.0
45.5017
45.6824
-1.0
45.7866
28.3139
46.8067
32.2541
32.9035
43.036
23.9869
-1.0
52.14
34.0663
-1.0
24.9552
34.7448
34.1165
51.0051
48.3948
30.4416
38.6911
50.1491
26.7574
19.7638
-1.0
24.8681
46.0081
27.8327
39.7435
29.9716
-1.0
48.1827
-1.0
43.4991
43.7453
38.6439
37.6508
-1.0
29.503
37.3367
49.2951
39.6117
32.2421
-1.0
-1.0
33.4056
37.8377
-1.0
45.6831
52.1272
-1.0
34.1135
41.4957
46.0689
27.6493
-1.0
46.2954
51.6565
49.2202
35.0881
44.4464
51.0898
46.2529
49.0946
52.0033
23.2183
-1.0
-1.0
23.4966
46.9069
-1.0
12.802
-1.0
28.2382
39.0636
45.814
16.9921
42.9005
30.6064
48.4524
-1.0
4.17974
48.5755
13.214
44.8014
44.8161
-1.0
-1.0
43.2683
49.3596
38.915
44.6087
35.6172
43.3821
26.4204
49.4576
54.8647
36.6943
51.2008
-1.0
31.8423
48.6301
51.3728
-1.0
48.5746
38.6048
-1.0
41.6479
39.1924
54.6978
44.6793
42.7781
41.2734
46.1268
26.9443
-1.0
-1.0
-1.0
-1.0
50.9509
36.9026
17.6054
31.0847
21.7462
49.8069
-1.0
22.5163
-1.0
25.2916
-1.0
49.2219
45.7842
-1.0
40.8672
37.0567
-1.0
27.5377
48.3222
-1.0
47.0141
24.2183
48.8478
27.4574
-1.0
-1.0
-1.0
-1.0
19.3251
26.2332
34.6118
39.7385
54.7924
48.7539
36.5374
-1.0
35.87
45.2585
45.0584
47.0939
26.4802
31.1772
-1.0
42.3643
35.7927
27.3168
31.6033
34.0936
-1.0
26.9512
18.7803
-1.0
49.4265
6.98934
36.7384
35.0099
33.446
50.2469
26.9188
51.461
-1.0
-1.0
40.1319
27.9344
-1.0
29.602
-1.0
47.5234
-1.0
49.596
27.2872
26.5152
30.2361
-1.0
43.4094
51.6169
11.8397
-1.0
47.8629
-1.0
-1.0
45.9597
17.0858
49.9725
44.2072
23.3857
19.9356
-1.0
-1.0
32.2244
49.876
42.7192
-1.0
46.3578
34.167
-1.0
19.9953
50.2285
50.8783
44.7718
46.9818
30.5932
34.1244
29.9014
30.1582
-1.0
41.5425
31.7193
-1.0
-1.0
39.7697
-1.0
42.4218
47.734
7.61714
24.0062
52.2428
-1.0
-1.0
45.1273
52.3867
-1.0
47.8392
49.935
52.161
25.696
-1.0
54.5926
42.9061
28.7763
32.6595
47.9861
49.4369
-1.0
36.1994
-1.0
20.8138
-1.0
35.5994
37.4191
-1.0
18.8766
10.8149
-1.0
42.473
47.2093
36.8082
48.4844
17.51
14.9666
43.4412
-1.0
46.4091
38.0264
-1.0
33.7758
40.2821
25.5905
50.3845
31.4965
46.8927
24.27
28.7079
44.009
-1.0
47.2753
41.0794
49.9618
34.0066
50.3357
51.0743
-1.0
35.0642
13.6138
49.5959
20.0988
44.0886
25.2033
36.9981
43.704
28.1781
33.1624
47.7765
24.4367
37.8864
23.9521
27.7864
20.5176
-1.0
16.9442
46.1994
42.9864
31.0962
45.1001
43.4923
28.0209
-1.0
34.4461
29.0212
24.9612
-1.0
29.8355
50.4305
28.209
41.9996
31.9239
47.3444
33.0358
32.7805
48.4024
-1.0
43.1207
45.4273
-1.0
34.1879
-1.0
44.8841
22.3363
-1.0
43.5521
40.8248
-1.0
43.4855
23.8687
27.0618
50.23
49.2951
49.774
15.3446
42.1006
19.737
33.9603
25.2076
29.2949
35.9666
44.2734
36.9059
50.4014
34.3964
46.9903
-1.0
46.0782
38.1049
27.5477
39.9725
41.4883
34.0571
16.9781
31.7216
47.1236
40.5392
40.0126
-1.0
-1.0
18.55
29.9504
-1.0
44.9579
-1.0
-1.0
33.615
40.2337
32.98
52.1918
32.0482
12.1763
37.6503
17.7567
34.7281
32.9488
-1.0
-1.0
-1.0
45.627
52.1594
48.504
-1.0
-1.0
50.1222
41.0003
30.1562
-1.0
31.4974
50.527
51.647
34.2685
22.3774
26.845
41.1693
28.8968
31.3627
23.389
30.1158
30.3375
50.3539
16.573
30.3568
43.8087
41.3322
-1.0
45.0259
44.1713
29.7984
-1.0
42.3756
30.7231
45.9653
37.0011
39.6797
34.8701
52.1519
50.5727
-1.0
38.5626
33.4356
39.443
49.859
-1.0
-1.0
28.6146
38.0087
28.1028
38.4002
31.118
46.7841
35.5776
-1.0
45.8752
39.1386
42.4143
-1.0
48.7632
38.6543
26.6556
48.3219
-1.0
40.9692
-1.0
41.9698
29.0116
27.8227
41.3072
-1.0
49.4361
44.7225
35.7715
33.6136
47.037
21.7274
46.1153
-1.0
31.0382
82.6505
46.5024
46.618
-1.0
-1.0
23.4972
45.5059
38.7512
39.6751
37.8793
22.8299
-1.0
35.4127
-1.0
-1.0
25.3607
35.2679
-1.0
45.6478
29.0983
31.2943
42.8562
-1.0
42.5576
46.0546
29.4345
53.4655
33.8859
-1.0
40.7429
-1.0
32.4587
-1.0
-1.0
22.1107
51.0192
43.883
20.1581
37.5001
-1.0
31.5295
18.6451
36.6885
41.0823
38.4485
-1.0
38.9729
43.4524
41.1432
36.6284
-1.0
-1.0
20.1957
42.893
43.9966
35.4594
-1.0
53.3456
50.8876
-1.0
36.9165
28.4223
34.0592
-1.0
33.8578
-1.0
41.1872
34.6274
-1.0
47.3145
47.6012
-1.0
-1.0
-1.0
40.5596
48.3074
-1.0
50.0585
-1.0
26.3827
47.1866
33.604
8.43774
47.0884
41.6545
47.2821
34.0168
37.8959
19.2835
49.2297
34.4937
34.8838
48.2547
18.0785
41.4439
27.5885
23.7131
39.6965
25.2201
35.7774
22.729
-1.0
39.5991
33.2641
20.8096
44.1304
-1.0
43.5521
-1.0
46.2101
20.8385
18.0225
-1.0
8.73633
28.7833
-1.0
28.9444
30.8921
49.7902
12.4336
34.7042
23.6405
38.4594
38.494
45.7967
36.7867
23.2777
-1.0
32.4084
45.085
-1.0
-1.0
42.9624
25.2047
47.9227
-1.0
30.0374
52.073
27.8928
-1.0
48.2289
15.4043
46.3474
-1.0
20.0789
39.3681
34.7388
-1.0
48.883
-1.0
25.2508
33.2846
49.816
-1.0
35.8146
-1.0
-1.0
51.1657
20.5272
50.519
46.188
51.3355
28.0092
-1.0
-1.0
40.0718
19.2292
33.6695
29.9906
51.6236
-1.0
40.9802
51.9729
44.4834
39.5092
-1.0
45.3738
44.221
29.2836
-1.0
-1.0
44.0588
21.214
31.9241
40.5855
47.3117
22.8666
34.463
-1.0
31.2997
24.991
38.4644
-1.0
33.5133
49.8969
36.4141
36.1176
48.1861
34.1404
14.7853
49.5204
24.588
23.9967
54.5762
44.7732
46.9655
43.8305
47.4048
-1.0
24.51
29.1196
35.8969
34.9656
49.1099
23.7517
40.9104
50.7514
36.3332
46.4249
43.6051
49.3495
48.5956
54.4012
-1.0
36.903
44.3993
55.2041
46.3216
46.7227
30.544
46.7857
-1.0
-1.0
37.9106
38.2755
51.2339
40.935
25.4175
51.5036
36.5785
-1.0
38.2169
43.1035
46.7637
39.5122
39.6688
46.0353
-1.0
46.7107
34.0197
22.0014
48.0887
45.7636
-1.0
31.3173
-1.0
46.0552
28.823
-1.0
50.6717
33.8409
-1.0
43.6104
-1.0
47.3085
40.7107
43.341
45.6574
47.6055
26.3088
46.5474
-1.0
37.065
29.4972
51.9713
34.3984
8.65469
38.8818
33.2718
19.8212
44.2004
51.7215
-1.0
-1.0
33.614
45.1217
40.0543
47.3741
44.5421
49.4098
-1.0
17.2751
32.587
51.7295
42.0654
51.2779
40.6064
-1.0
15.1872
17.6295
46.2019
30.2631
29.8393
45.18
46.83
-1.0
48.3463
40.695
47.1437
32.4294
31.2196
39.0065
29.6729
52.5311
35.2056
22.335
49.1532
-1.0
41.2032
-1.0
19.6719
22.828
40.4528
36.7304
39.0525
43.6176
32.837
47.8386
45.7597
24.6353
40.4975
51.361
46.5221
43.5645
-1.0
46.1194
36.1465
50.2349
51.8238
37.937
32.4027
46.7478
22.4276
40.7561
36.4953
40.0757
36.372
20.0544
-1.0
-1.0
37.827
46.862
-1.0
32.6279
27.7701
40.5415
32.9967
42.5309
23.4464
47.1789
-1.0
51.5278
24.1146
34.5859
-1.0
-1.0
31.3171
14.3209
28.954
39.0949
33.7197
24.0494
-1.0
-1.0
34.2451
45.6286
36.739
-1.0
51.5559
38.0711
39.6953
20.1732
-1.0
17.8072
25.6755
-1.0
33.3246
28.5107
49.4334
37.6564
-1.0
45.5037
51.4442
30.7284
46.9223
50.3491
44.0388
27.7809
19.1896
44.6372
30.0861
32.0328
46.4931
28.4267
-1.0
49.3005
31.8414
-1.0
45.8731
42.9923
48.9552
-1.0
-1.0
-1.0
39.7139
-1.0
-1.0
49.7624
-1.0
102.1
35.3097
-1.0
37.7504
42.1594
44.1226
50.4227
28.7972
20.2629
44.1824
39.2892
51.6724
30.4905
51.0418
29.9287
21.554
27.7468
33.9835
35.8703
26.1664
45.1771
-1.0
11.6644
-1.0
38.0131
20.3436
52.0688
28.8885
44.1583
50.7379
41.2895
52.983
21.4073
25.1442
-1.0
49.7854
51.0329
38.9379
-1.0
18.0023
27.4051
26.1707
27.226
37.1503
48.2642
44.1272
25.1171
43.5936
32.528
-1.0
-1.0
32.9686
43.1837
21.758
35.2205
11.6277
-1.0
49.4644
48.5468
40.7987
51.5733
38.731
6.10123
-1.0
-1.0
-1.0
50.7948
37.1457
-1.0
51.1531
39.4257
49.9397
39.5948
42.1878
31.7654
43.5058
45.8335
-1.0
-1.0
42.2299
30.3259
-1.0
-1.0
42.2234
45.1633
42.1026
42.9181
17.4313
27.9403
51.828
-1.0
40.1255
38.8795
24.9757
42.9727
10.5255
-1.0
28.0338
50.9267
-1.0
36.211
50.1274
15.0114
28.2718
41.6031
38.1911
28.2445
50.4917
51.7572
18.0894
44.7664
-1.0
39.376
-1.0
15.6122
-1.0
29.8227
41.9722
49.4881
44.954
30.8248
37.2154
40.2361
52.2274
50.4095
-1.0
37.0848
48.2365
-1.0
17.2103
49.4112
50.6951
41.8011
50.2499
-1.0
43.3284
22.1526
25.3311
46.3792
25.8396
45.3032
-1.0
47.9268
32.8357
28.3448
-1.0
-1.0
42.3198
42.9745
49.5868
39.3799
21.728
27.171
-1.0
-1.0
40.9746
40.1938
49.1877
17.8643
-1.0
36.4151
22.5453
38.8883
52.2926
34.8595
45.668
41.4267
47.5227
-1.0
20.7936
34.1588
43.5022
38.0933
28.6968
40.7037
37.8775
-1.0
43.0902
32.4542
-1.0
-1.0
47.9334
40.7738
45.9025
26.9557
23.3315
50.0931
14.5024
-1.0
41.3291
40.0063
-1.0
35.6701
-1.0
-1.0
21.4629
22.4409
19.1398
36.7263
-1.0
38.6564
31.3042
26.4836
-1.0
-1.0
45.1372
34.443
-1.0
20.4876
50.3169
39.1505
-1.0
10.345
-1.0
26.9612
19.3392
41.5937
33.8793
-1.0
-1.0
-1.0
29.2947
21.8566
-1.0
38.1414
-1.0
23.8855
40.6691
34.1575
-1.0
43.7535
51.3023
42.101
-1.0
-1.0
-1.0
-1.0
11.7563
34.4357
-1.0
40.3518
45.9549
46.4723
17.3988
17.1389
26.5202
-1.0
-1.0
49.1365
48.0483
52.197
37.1407
29.8777
46.7851
42.5145
38.4867
-1.0
34.9713
46.1776
26.3683
46.5516
51.6052
-1.0
28.3867
37.6241
-1.0
40.8259
51.2339
30.0575
44.8867
49.5645
25.3193
28.1427
51.5635
-1.0
44.1552
-1.0
38.6067
24.7418
-1.0
30.0582
47.76
45.7217
44.2843
12.2058
41.4827
51.8148
42.8324
-1.0
-1.0
29.2949
29.794
49.8073
40.9671
43.9497
27.7735
-1.0
47.4023
40.3962
19.8579
31.8899
-1.0
29.4326
38.0295
16.7215
-1.0
38.2041
-1.0
46.8542
-1.0
23.2158
-1.0
44.9805
33.5776
43.309
47.4115
-1.0
-1.0
40.156
-1.0
48.792
44.2338
43.956
-1.0
-1.0
34.8876
43.3315
48.404
-1.0
-1.0
44.7319
24.6421
43.0608
28.9175
25.5543
49.3941
43.4495
47.3906
15.5431
21.5698
40.0599
31.4255
44.912
41.3425
-1.0
39.4505
20.616
39.3317
42.036
35.7811
49.8883
45.0414
41.683
42.5369
55.3229
38.5281
43.2836
45.1896
-1.0
48.5426
25.0808
40.1748
-1.0
-1.0
30.9021
42.2402
48.2423
43.7884
41.0461
43.8081
-1.0
31.1826
46.1732
13.2614
46.7395
35.488
-1.0
41.7624
32.6608
-1.0
48.1791
30.3118
-1.0
46.5166
51.565
45.3987
47.8293
27.0558
46.7522
-1.0
14.8091
49.5495
33.1944
35.1643
32.2467
20.4151
49.9545
36.8256
-1.0
16.4322
36.7192
34.0327
21.2767
-1.0
36.1788
-1.0
50.5345
43.3262
40.6539
26.3378
36.8808
-1.0
-1.0
47.181
-1.0
-1.0
-1.0
-1.0
-1.0
36.4387
-1.0
43.6918
47.8766
41.8306
6.28284
42.141
44.4076
48.4271
40.9322
49.9224
34.3015
51.4345
-1.0
-1.0
33.5177
47.9449
40.2821
31.3966
45.7258
23.3712
44.9871
-1.0
40.0042
43.9991
45.1686
33.4574
-1.0
51.039
35.561
19.7556
42.5009
49.9038
33.3113
41.2778
15.3866
44.9852
30.4357
46.7154
46.9189
-1.0
50.8032
27.1256
-1.0
43.4808
14.4345
-1.0
-1.0
43.695
-1.0
-1.0
-1.0
42.6921
30.6725
40.0883
30.7019
42.2193
34.4899
39.9422
26.9987
51.06
-1.0
50.6872
34.4186
37.1047
21.1711
14.2671
50.2389
16.0299
46.9347
-1.0
15.6599
39.8084
19.1773
52.0428
27.9287
36.2789
42.5902
12.7184
46.7521
-1.0
38.3502
44.1824
10.7048
47.7858
49.1159
21.1781
-1.0
43.7738
49.5129
32.6996
48.1027
25.0408
50.9189
-1.0
48.5843
40.7131
33.7559
-1.0
42.6266
28.6774
36.1275
30.0805
48.1615
17.1464
41.5594
-1.0
39.9765
50.0569
-1.0
25.7451
-1.0
12.4058
30.7712
43.0632
33.2071
-1.0
44.3723
50.4449
46.7331
48.6596
31.2257
45.9231
46.43
45.4347
39.4476
19.5653
31.6325
29.8392
30.8764
25.9205
37.4145
46.5226
23.7364
43.0559
38.3477
-1.0
37.1375
47.2693
30.7903
37.1842
-1.0
20.1598
-1.0
-1.0
-1.0
32.7443
-1.0
38.1918
43.8798
35.0087
44.754
40.3056
-1.0
49.1188
36.2461
41.2812
42.7535
21.0991
38.6899
47.1547
39.8328
15.5391
54.594
34.5055
34.9688
15.6625
27.867
-1.0
-1.0
-1.0
33.844
22.308
52.1636
51.8829
35.3651
51.4089
28.6188
35.2878
21.4348
-1.0
44.695
17.2707
42.6567
36.1388
35.8768
-1.0
-1.0
51.6242
23.7893
-1.0
49.2563
45.1328
45.782
35.996
-1.0
48.3897
47.3852
-1.0
34.3692
28.7308
50.4565
37.3731
42.6073
27.1817
-1.0
-1.0
33.1174
21.6979
44.6396
-1.0
25.1341
33.7636
27.8944
51.1123
29.2911
32.5344
45.8726
-1.0
50.614
35.045
22.6782
23.2654
-1.0
43.684
38.0486
-1.0
30.9351
50.2301
33.64
21.6999
48.6101
48.1586
43.9409
52.042
35.997
29.5207
37.3876
40.7781
44.484
-1.0
-1.0
42.8231
-1.0
34.2385
22.8487
18.2106
-1.0
20.2307
-1.0
35.0122
36.6898
41.1303
-1.0
44.0903
-1.0
-1.0
-1.0
39.6979
45.7613
39.2295
24.0291
54.1542
46.858
48.3287
-1.0
-1.0
47.3949
40.2657
27.5983
30.3688
23.851
21.2065
42.3491
47.7289
35.7439
35.2748
29.0828
50.6111
45.3156
-1.0
-1.0
33.4136
-1.0
38.9411
33.6869
41.8859
-1.0
42.4497
48.1709
39.2871
29.6937
43.9956
-1.0
33.1229
49.3088
45.1491
40.6865
39.6521
34.85
30.4799
-1.0
37.5361
41.9032
-1.0
-1.0
43.6307
-1.0
21.3001
-1.0
-1.0
38.8176
28.51
45.3701
40.5273
40.9494
45.1881
44.6349
50.4128
37.8096
43.8595
34.2103
50.8076
22.6663
12.5893
41.958
42.234
37.8396
39.4984
43.8596
48.7218
36.0941
-1.0
-1.0
51.1094
44.2015
36.0136
-1.0
45.3411
42.9559
33.2028
-1.0
10.8811
43.7928
52.0846
-1.0
31.4251
40.4143
46.1734
43.2083
-1.0
29.5078
26.5888
25.8685
40.2621
49.0913
-1.0
-1.0
-1.0
46.4943
38.483
-1.0
27.9913
-1.0
47.6144
36.2664
29.4324
29.3228
-1.0
50.7773
35.0432
44.218
38.0485
49.1765
40.9038
21.8724
9.29159
30.3965
21.2492
29.8451
14.8599
43.4796
-1.0
42.7178
16.6834
52.0384
-1.0
38.4339
48.5884
22.1914
-1.0
42.3727
37.1599
35.1016
-1.0
50.3153
47.2421
38.7734
-1.0
45.7738
33.3644
49.548
-1.0
50.0574
32.0284
33.5426
-1.0
36.9921
37.0001
43.0652
30.4016
-1.0
-1.0
40.6277
41.0982
45.6099
46.8
-1.0
-1.0
46.1123
-1.0
-1.0
-1.0
43.476
48.298
-1.0
43.0441
42.5014
22.3672
-1.0
49.8242
15.7863
39.8424
19.3877
44.7686
-1.0
36.7527
36.9094
25.4459
-1.0
36.6381
23.3069
36.042
35.9621
47.9588
25.3737
-1.0
-1.0
41.7059
51.2499
24.6114
24.083
-1.0
21.7002
-1.0
39.8195
-1.0
-1.0
17.9554
-1.0
-1.0
51.7224
-1.0
41.4131
45.0669
-1.0
36.9179
48.6847
26.0443
43.2733
29.7706
45.3665
-1.0
49.5702
28.8912
-1.0
48.7175
45.2886
49.2264
45.7184
36.3908
40.9266
46.2251
38.5502
21.2775
-1.0
-1.0
46.3676
46.6121
22.9287
-1.0
35.6079
-1.0
51.3953
48.5672
31.672
30.5208
29.2297
34.1619
53.9026
48.0992
35.6668
39.8831
42.4576
44.4044
49.2578
51.1953
46.5338
-1.0
31.314
40.2831
42.8941
38.2863
38.7854
23.3383
39.2941
45.2872
49.3722
37.0103
45.1505
33.3734
28.9279
43.5483
50.0604
48.2418
50.0151
-1.0
52.2874
48.3542
18.3511
-1.0
33.0325
34.2126
41.8289
47.3872
31.1617
-1.0
34.6573
36.6368
41.6501
51.1526
14.1535
43.1837
-1.0
39.2818
38.9931
33.2438
37.8943
52.7836
9.79457
17.8541
-1.0
28.1412
49.477
13.3765
50.6368
50.6953
32.7921
25.1749
30.7563
23.9434
42.4618
-1.0
19.1281
48.6044
-1.0
25.1277
-1.0
32.6558
41.5142
31.789
36.6673
-1.0
46.1179
41.4913
39.954
34.9126
-1.0
-1.0
32.4586
-1.0
-1.0
20.3627
40.9666
43.4581
-1.0
46.5657
-1.0
30.0879
-1.0
17.2433
3.48781
-1.0
33.6043
-1.0
48.3592
37.4704
43.2572
19.8135
39.4588
-1.0
25.5613
46.4714
-1.0
39.9229
-1.0
49.577
50.7445
46.0749
-1.0
42.4027
22.9017
29.0151
30.7457
12.1077
46.3305
43.7011
47.9439
-1.0
40.6445
46.3859
40.9378
44.0089
14.5945
35.0252
49.6174
-1.0
32.7617
38.1525
37.6788
51.752
32.3469
48.2392
43.8284
27.2127
21.0081
42.6925
41.7864
36.6511
24.9483
42.1575
-1.0
25.9319
-1.0
-1.0
30.6517
-1.0
38.031
44.0831
39.0427
47.724
33.4451
45.1234
50.7312
-1.0
-1.0
41.0448
44.1724
37.6052
44.5836
16.4843
-1.0
-1.0
-1.0
-1.0
42.197
-1.0
47.045
-1.0
-1.0
51.2411
-1.0
53.6117
-1.0
50.2906
37.416
32.2789
31.6064
39.7277
25.3066
18.5463
49.4472
25.2692
49.1979
46.5022
-1.0
45.1295
46.3154
-1.0
45.6005
-1.0
42.046
35.6698
-1.0
15.8204
40.019
15.0025
52.2908
-1.0
20.7627
38.8052
28.494
16.7138
-1.0
36.2217
36.85
-1.0
47.9004
30.3292
6.66172
-1.0
37.1815
26.9791
25.2203
9.70509
39.4819
44.0551
32.0337
19.204
51.6629
44.4607
52.4236
36.4626
47.066
34.3239
-1.0
10.957
46.8266
38.3425
-1.0
-1.0
51.942
18.0492
27.5073
19.8976
14.2616
37.5024
-1.0
44.0324
24.0335
47.3579
19.5182
39.6073
42.4686
-1.0
-1.0
20.3138
54.3494
28.8532
48.7851
36.1237
25.5951
45.6841
39.781
31.534
-1.0
-1.0
41.582
39.98
50.6444
29.8412
30.7391
38.3115
39.2196
48.0869
40.8806
-1.0
23.9846
48.7662
-1.0
48.2772
49.6126
42.1301
28.0571
-1.0
-1.0
36.4466
34.4785
30.7129
51.6958
21.8316
22.8656
45.3179
35.139
44.9739
26.5063
31.9897
32.7917
49.8024
48.5216
38.5681
42.6266
-1.0
48.0443
45.3244
20.791
29.3417
10.6733
49.5859
-1.0
31.8995
41.8333
28.7478
50.9352
33.076
49.8695
51.7434
36.8398
11.3406
40.8054
48.8843
49.7257
37.1717
36.1874
38.8707
43.0881
-1.0
43.8307
47.7255
15.7078
40.6163
44.4185
52.0328
-1.0
45.6277
39.9545
-1.0
22.1749
36.5394
-1.0
48.183
22.1674
25.0625
-1.0
45.6011
33.5443
31.686
-1.0
26.2618
38.2551
45.1595
46.6638
52.0814
37.7034
32.6505
35.7204
25.7814
51.3219
44.7057
25.1245
46.5436
37.2467
-1.0
42.4677
47.147
43.4446
-1.0
48.3756
42.5321
19.3099
51.8169
35.2415
36.2073
42.3032
44.4222
33.9559
35.1025
-1.0
44.549
-1.0
34.7511
29.0014
36.5978
42.5479
48.3384
43.4651
37.0103
41.1049
40.7621
-1.0
32.4587
42.5097
15.2185
38.7235
-1.0
42.6986
38.8925
15.688
19.6704
21.7699
24.4106
36.607
44.1376
30.6699
34.276
50.8521
48.1734
-1.0
18.6935
14.1955
49.1416
47.5552
-1.0
42.1736
50.5117
39.5239
10.1634
50.4252
-1.0
-1.0
-1.0
31.0499
37.0734
-1.0
48.4405
18.1021
34.2792
51.8134
30.7944
16.4437
50.3257
-1.0
44.2323
23.2134
36.0237
52.1613
43.3597
21.9913
29.7914
33.6832
48.2139
-1.0
46.777
33.4183
36.6158
35.8815
30.9915
-1.0
37.9707
51.3976
-1.0
-1.0
47.3396
43.3141
36.3252
31.5941
50.5041
-1.0
45.0852
34.6855
-1.0
32.3862
23.0803
27.3746
32.8281
47.9125
-1.0
42.3175
21.9993
-1.0
21.6155
48.05
46.5324
43.0552
39.8595
25.9512
49.3474
15.8144
-1.0
38.5189
50.9413
-1.0
51.3167
46.1667
50.6238
51.8861
21.8633
38.4693
20.1413
-1.0
-1.0
38.8237
47.1938
27.5698
31.7644
32.4011
38.7426
41.6124
15.2826
47.3589
-1.0
35.0675
46.7342
44.7452
40.873
38.0251
19.2657
40.4238
21.1998
44.8834
47.9249
22.4383
34.7572
42.2903
8.96818
33.0994
47.9305
-1.0
39.6611
28.4379
39.9005
43.5361
41.8033
40.9616
27.2724
19.6814
14.0042
25.0684
34.7836
4.21761
47.0291
25.2489
40.3781
33.0948
14.6334
35.2524
45.8534
42.4569
37.5624
42.7386
49.1231
28.797
43.1397
46.0552
49.1683
11.876
-1.0
-1.0
-1.0
16.9798
-1.0
31.3715
51.0207
14.6533
45.5576
-1.0
-1.0
42.6438
-1.0
37.9415
31.3335
-1.0
37.4825
34.8219
30.5797
31.0505
29.5749
37.883
-1.0
27.9194
22.1963
-1.0
49.547
25.0546
32.667
-1.0
51.9476
15.1156
26.5383
-1.0
46.6156
-1.0
37.3702
-1.0
26.9924
49.3788
14.5401
-1.0
48.542
-1.0
-1.0
50.534
36.1117
30.4376
-1.0
17.3925
51.1238
44.4548
26.3694
48.0177
32.7176
-1.0
23.5223
-1.0
51.3525
46.3871
-1.0
21.9203
-1.0
46.8123
41.2478
-1.0
32.6172
30.3196
28.856
51.4418
-1.0
-1.0
43.914
-1.0
45.3214
-1.0
29.1833
39.2875
-1.0
34.9355
51.8768
28.2682
-1.0
30.2867
29.6052
-1.0
49.233
49.7647
46.3276
49.1747
-1.0
19.9135
50.5774
40.0777
48.4549
44.5152
37.3603
37.0499
44.7819
35.5124
34.7074
31.9357
44.7349
25.3562
37.9491
20.6243
42.9778
-1.0
35.1286
48.2036
34.9378
29.6476
-1.0
21.7564
8.61118
-1.0
40.4971
40.8704
51.3242
50.2126
-1.0
-1.0
-1.0
13.2193
39.9988
34.3834
46.2006
45.9614
41.2683
50.8473
19.0173
-1.0
-1.0
9.23988
44.8668
-1.0
51.258
7.90674
-1.0
50.5117
44.2978
26.7415
34.2295
43.3193
38.3593
42.227
47.8132
12.4605
51.8559
44.4786
-1.0
50.5052
25.4932
27.4369
50.9895
36.5334
49.7366
36.8871
37.9556
51.3503
-1.0
37.5695
37.5676
49.852
30.4417
34.9303
45.7853
-1.0
-1.0
45.9855
49.4792
-1.0
29.2655
42.5941
-1.0
50.9328
39.0416
43.2067
34.3309
-1.0
33.1706
41.9527
50.3933
-1.0
-1.0
39.2761
-1.0
30.1711
-1.0
46.1514
42.382
24.1508
25.1504
30.7553
24.0761
50.4615
16.3588
-1.0
-1.0
43.375
-1.0
40.9571
52.06
18.5497
38.1093
19.7259
30.7835
11.2836
47.1167
29.9839
-1.0
22.7724
44.8644
50.0625
50.6579
-1.0
-1.0
48.9524
38.5947
-1.0
-1.0
33.0391
34.6225
52.142
47.7409
30.7742
-1.0
25.1484
50.2241
-1.0
-1.0
36.6706
45.3688
46.9117
27.5567
45.0184
48.4286
33.8069
23.9679
44.53
-1.0
45.1764
51.5219
33.647
-1.0
-1.0
-1.0
41.4603
29.2459
45.7161
29.8261
43.6751
31.1931
41.3236
25.5434
23.1908
18.3772
-1.0
30.1335
48.7778
50.3271
28.1662
33.6169
26.244
-1.0
-1.0
24.0072
21.9026
38.7862
29.0829
29.0664
-1.0
32.3014
26.4239
50.0502
34.9918
-1.0
35.8637
43.2288
29.9407
27.4552
24.6034
-1.0
-1.0
-1.0
13.9258
51.4622
31.5775
39.9745
36.7222
-1.0
40.1233
45.8545
42.5436
42.1131
-1.0
-1.0
39.2846
-1.0
47.9333
48.4973
47.132
-1.0
37.8349
43.8063
-1.0
43.3155
48.1012
48.4075
32.823
22.8392
23.6519
30.9958
40.2776
32.701
38.1029
-1.0
-1.0
-1.0
-1.0
19.391
-1.0
-1.0
35.9237
41.9676
47.6548
-1.0
26.7053
-1.0
40.4975
46.2936
40.4183
52.1948
33.2775
42.6166
41.4396
15.9599
26.2316
50.6577
-1.0
39.0215
-1.0
41.0836
29.2949
29.2786
33.4465
45.3207
45.8251
45.7434
45.8679
31.3322
24.452
35.291
35.4693
44.9184
-1.0
31.4852
-1.0
46.3235
50.0263
34.806
-1.0
20.694
31.4985
44.5913
35.1495
50.8749
42.0336
26.0512
-1.0
46.5159
35.9727
45.4199
30.1557
37.0577
45.4576
31.3435
30.4194
50.7384
31.4786
13.119
28.4132
-1.0
39.1073
-1.0
21.0832
37.154
37.3934
23.8056
19.4181
20.7692
52.173
41.032
16.4142
37.6953
44.3313
27.6405
39.6742
51.738
-1.0
25.7446
44.6097
-1.0
-1.0
23.0965
44.1166
42.7747
-1.0
-1.0
-1.0
37.4757
26.9527
-1.0
50.3664
51.6733
-1.0
33.3233
35.6874
39.4868
16.0952
43.2158
41.63
33.7035
38.8941
37.8193
42.8969
33.4385
14.0759
15.1234
42.748
34.9475
23.5296
49.4035
-1.0
47.2891
44.5249
48.4233
20.3957
34.4284
26.4718
-1.0
-1.0
46.6595
45.427
42.6213
23.9077
34.235
10.7384
46.9486
46.9165
42.4103
50.9852
27.7757
48.0347
36.4859
-1.0
28.0181
40.8209
33.5087
48.8309
34.4295
-1.0
12.9909
39.461
39.707
43.8982
-1.0
37.4787
43.0391
-1.0
31.9847
34.0708
45.3896
31.7886
47.438
46.1708
-1.0
24.8559
-1.0
-1.0
32.2447
-1.0
25.3998
29.933
-1.0
23.8574
27.5181
-1.0
55.1864
47.4361
34.7457
48.6407
-1.0
-1.0
-1.0
32.8666
35.9603
48.0664
31.3844
45.9311
44.142
43.7854
30.4617
21.0272
43.3348
45.376
29.0691
15.439
41.7992
30.6074
28.7609
41.4644
46.3256
50.5305
44.5203
48.6923
27.3796
44.9874
44.6131
49.5436
30.223
38.0828
37.281
47.368
16.1218
-1.0
41.7736
38.9104
45.2303
34.1781
-1.0
23.6591
31.5535
-1.0
26.2098
40.9552
46.8246
45.092
38.3317
-1.0
24.9251
29.3891
19.4357
40.6399
48.1911
17.6814
40.9199
39.0268
45.3832
-1.0
43.1018
-1.0
-1.0
-1.0
30.6505
-1.0
-1.0
47.9061
27.7918
-1.0
15.4448
44.4208
-1.0
-1.0
47.9272
34.5843
36.7994
44.7097
47.256
50.8876
19.7456
30.227
-1.0
36.2047
46.847
38.0279
40.7672
-1.0
30.1941
-1.0
39.2726
52.2875
22.7624
44.9302
42.1966
25.7087
38.4624
-1.0
51.2642
13.9655
-1.0
38.8693
50.7037
35.7566
39.3236
16.1568
32.7877
36.0501
50.6731
34.343
45.1573
-1.0
30.388
48.8779
51.6824
34.1387
-1.0
27.8599
44.4227
47.5198
42.3442
27.927
38.6699
-1.0
22.7256
-1.0
-1.0
35.3363
33.6799
25.7217
43.5102
46.4612
-1.0
40.6717
47.9389
35.1107
51.5586
43.031
-1.0
-1.0
-1.0
45.3362
24.1584
36.0002
29.2571
48.6391
-1.0
31.3987
37.2366
41.7875
-1.0
35.702
-1.0
18.4861
-1.0
28.7937
19.4336
49.0941
40.8399
-1.0
19.4921
22.7226
36.0767
29.6107
50.7949
42.6175
-1.0
39.1286
-1.0
34.8072
34.6287
46.8639
31.548
-1.0
-1.0
-1.0
37.2976
41.9145
11.4117
35.11
27.9894
23.6526
35.1186
28.6051
43.7532
44.4208
46.1662
51.9377
-1.0
36.7285
-1.0
35.2596
28.9315
42.0601
47.0422
35.1618
-1.0
38.9534
35.8658
24.8113
43.1246
33.9161
-1.0
33.1636
25.3141
46.1969
-1.0
36.8737
34.806
-1.0
-1.0
-1.0
21.9822
40.2861
13.8216
-1.0
28.9667
44.7648
-1.0
-1.0
45.3513
-1.0
32.4108
53.7079
-1.0
23.9856
45.906
39.8741
52.7427
40.944
42.5832
52.3036
25.0447
47.9661
45.3283
30.8526
34.2985
-1.0
47.7407
37.345
24.4123
-1.0
26.2278
-1.0
16.3278
42.9421
