0.860615
0.688578
0.499691
0.719043
0.23937
0.500225
0.786136
0.374987
0.833164
0.666125
0.715793
0.863464
0.999535
0.999276
0.21744
0.514997
0.81403
0.741862
0.771421
0.499569
0.443832
0.691851
0.232198
0.347146
0.637277
0.487423
0.925882
0.311438
0.358457
0.384425
0.783831
0.998266
0.467644
0.408014
0.826154
0.666167
0.833279
0.888417
0.36115
0.614358
0.672265
0.865477
0.770423
0.738808
0.858202
0.822184
0.56903
0.983533
0.740392
0.336902
0.374515
0.555326
0.558123
0.742133
0.790226
0.727025
0.893033
0.721479
0.437307
0.675767
0.857951
0.515463
0.396442
0.290522
0.232201
0.844005
0.749707
0.363415
0.608267
0.912584
0.767234
0.476061
0.214249
0.985
0.528393
0.61286
0.480191
0.212179
0.490325
0.542965
0.807
0.452014
0.21497
0.595489
0.348469
0.750722
0.700086
0.850503
0.746089
0.487991
0.837231
0.388264
0.521683
0.600412
0.775547
0.487657
0.446062
0.877405
0.780233
0.857884
0.875877
0.999685
0.414463
0.851629
0.219646
0.733572
0.996483
0.529798
0.564608
0.773042
0.394533
0.816322
0.85402
0.402511
0.659297
0.799808
0.723173
0.662988
0.745894
0.773695
0.824573
0.825104
0.23214
0.535
0.542308
0.268653
0.565413
0.89625
0.555042
0.534106
0.62301
0.543992
0.525819
0.821254
0.562225
0.663632
0.385725
0.8254
0.916594
0.457377
0.730455
0.27812
0.552203
0.86979
0.646173
0.856223
0.311438
0.676417
0.523787
0.580868
0.881423
0.527902
0.769003
0.511758
0.865837
0.603961
0.984716
0.789419
0.855672
0.653992
0.974057
0.857177
0.797422
0.994792
0.664959
0.693272
0.77292
0.616562
0.699522
0.21278
0.998557
0.81508
0.203809
0.601264
0.247257
0.214076
0.701976
0.70103
0.72856
0.817885
0.720526
0.667065
0.992282
0.226995
0.634748
0.570007
0.590212
0.857168
0.21368
0.915926
0.904769
0.788146
0.74971
0.286131
0.72345
0.730168
0.556508
0.77705
0.263159
0.620521
0.200328
0.700843
0.412139
0.831389
0.313655
0.805526
0.515802
0.208983
0.220063
0.878865
0.370635
0.287901
0.571232
0.819042
0.256552
0.229284
0.714286
0.315418
0.21698
0.687796
0.521004
0.384267
0.330727
0.972043
0.916275
0.247533
0.399496
0.295535
0.777861
0.370849
0.437365
0.208355
0.980167
0.745423
0.834649
0.757668
0.538523
0.863755
0.420189
0.934624
0.301138
0.391488
0.672344
0.731299
0.895891
0.348678
0.305883
0.913884
0.446216
0.356343
0.464918
0.624691
0.33218
0.833203
0.964696
0.537887
0.636485
0.232966
0.703691
0.860333
0.799848
0.425059
0.787366
0.947214
0.77992
0.582168
0.391429
0.703914
0.438475
0.738665
0.22956
0.785764
0.419509
0.470915
0.565809
0.414154
0.265691
0.248692
0.321765
0.662794
0.480082
0.210902
0.788445
0.4657
0.216437
0.899931
0.557087
0.854104
0.293572
0.786861
0.441264
0.611768
0.779883
0.99774
0.220096
0.498996
0.801479
0.506108
0.832983
0.750083
0.749824
0.665763
0.476853
0.729904
0.338224
0.706486
0.412763
0.663571
0.741281
0.229794
0.636002
0.388188
0.858953
0.453049
0.870144
0.54904
0.642881
0.646655
0.394214
0.997491
0.358887
0.620835
0.565692
0.902666
0.858461
0.736259
0.686258
0.32414
0.768871
0.982606
0.897429
0.837815
0.999146
0.498776
0.724624
0.862386
0.915651
0.69301
0.982222
0.260032
0.750551
0.444084
0.835176
0.980428
0.751561
0.707886
0.477535
0.833306
0.257031
0.715385
0.627298
0.799154
0.922931
0.28193
0.353937
0.212918
0.601153
0.668611
0.719047
0.228341
0.810238
0.914016
0.635356
0.571715
0.541772
0.326821
0.418863
0.32264
0.675515
0.239555
0.748592
0.22924
0.800211
0.801141
0.772038
0.995292
0.466787
0.482376
0.353047
0.443236
0.552068
0.227046
0.964151
0.349785
0.771537
0.999875
0.660987
0.61321
0.286951
0.859607
0.833135
0.734768
0.998879
0.560951
0.363742
0.499922
0.338713
0.628857
0.934929
0.240828
0.291944
0.775546
0.798836
0.999829
0.832724
0.492294
0.459258
0.576397
0.996639
0.259401
0.317886
0.552059
0.973714
0.620069
0.379893
0.454509
0.967853
0.65261
0.698749
0.355463
0.547808
0.334897
0.981686
0.99781
0.412909
0.214413
0.845354
0.208037
0.998499
0.65846
0.59645
0.767512
0.600068
0.490997
0.85118
0.957051
0.41913
0.640039
0.993356
0.978362
0.221493
0.489358
0.200611
0.719293
0.479959
0.882498
0.930763
0.8533
0.713212
0.2764
0.777987
0.709354
0.646501
0.705703
0.668812
0.722913
0.779884
0.81407
0.243463
0.336033
0.81323
0.838274
0.713804
0.818195
0.219257
0.782643
0.323485
0.79046
0.999727
0.999019
0.374632
0.775284
0.389969
0.538223
0.571725
0.331152
0.676323
0.288446
0.39611
0.59326
0.691813
0.241021
0.999784
0.897407
0.255338
0.666779
0.331328
0.207581
0.851941
0.804307
0.390716
0.466551
0.852395
0.73499
0.344117
0.519801
0.243929
0.9729
0.333899
0.292808
0.339815
0.511534
0.44776
0.370347
0.642712
0.997317
0.457848
0.648898
0.488786
0.354745
0.537975
0.799595
0.839955
0.772351
0.637524
0.764919
0.616347
0.49956
0.774054
0.681359
0.480642
0.695609
0.678765
0.676803
0.777797
0.586608
0.78343
0.390371
0.716074
0.375712
0.430287
0.999988
0.203894
0.555573
0.785718
0.935858
0.610525
0.400041
0.399737
0.60064
0.35839
0.381917
0.252665
0.936611
0.414417
0.358686
0.288591
0.297852
0.44455
0.968477
0.590741
0.997033
0.856754
0.511893
0.899961
0.8079
0.693017
0.29348
0.856739
0.89237
0.92197
0.837671
0.330492
0.384423
0.248861
0.227337
0.789806
0.640388
0.316266
0.792905
0.69209
0.925496
0.38732
0.804157
0.56995
0.893302
0.895768
0.745875
0.641829
0.758887
0.85664
0.420141
0.79514
0.363306
0.71602
0.746208
0.874399
0.874858
0.468308
0.3327
0.957661
0.785008
0.699644
0.915665
0.992958
0.451393
0.49915
0.811446
0.77721
0.868433
0.752703
0.925468
0.799498
0.647412
0.39224
0.787991
0.979596
0.862207
0.836217
0.6525
0.500105
0.641699
0.850847
0.8328
0.544091
0.251018
0.538132
0.852086
0.435951
0.921419
0.504015
0.399166
0.492009
0.24768
0.811641
0.830341
0.463623
0.248926
0.725798
0.816228
0.491225
0.873113
0.856638
0.916658
0.452082
0.829392
0.399804
0.99405
0.651246
0.582932
0.750656
0.996665
0.440248
0.85318
0.303049
0.324699
0.538908
0.924112
0.84666
0.855294
0.335135
0.927361
0.331068
0.769511
0.999871
0.55449
0.375308
0.999762
0.537031
0.566363
0.714374
0.685763
0.518806
0.216199
0.201185
0.823708
0.277116
0.444056
0.802819
0.36284
0.749145
0.985635
0.640353
0.563466
0.607722
0.459656
0.923838
0.417098
0.673738
0.406341
0.206643
0.905705
0.750755
0.557449
0.790717
0.251393
0.61807
0.864556
0.793539
0.415922
0.439735
0.660715
0.319452
0.51892
0.650302
0.428985
0.575432
0.542001
0.743816
0.492203
0.667224
0.896426
0.831477
0.502148
0.777182
0.402516
0.328844
0.621052
0.881619
0.46212
0.872383
0.736079
0.670167
0.791702
0.545281
0.263144
0.469306
0.796494
0.830169
0.570512
0.749621
0.578863
0.924153
0.792403
0.794461
0.266574
0.635003
0.71641
0.548487
0.381873
0.822728
0.779168
0.499603
0.706124
0.658909
0.800057
0.700084
0.903613
0.885037
0.685784
0.82089
0.663114
0.995958
0.293453
0.527452
0.464553
0.85627
0.847901
0.838846
0.348124
0.96353
0.701752
0.875516
0.360476
0.547042
0.858143
0.727685
0.677439
0.381432
0.876027
0.51615
0.827049
0.644387
0.66776
0.745882
0.875888
0.760117
0.343004
0.99651
0.499508
0.357292
0.406748
0.823946
0.999534
0.707179
0.620302
0.896033
0.891672
0.247071
0.44095
0.811528
0.247114
0.475247
0.486328
0.800109
0.690766
0.205009
0.502845
0.760167
0.818414
0.937587
0.860667
0.594772
0.733207
0.795225
0.86507
0.418954
0.294134
0.756808
0.386472
0.256637
0.8173
0.95937
0.883737
0.318052
0.517036
0.235614
0.60451
0.891855
0.58728
0.986086
0.747359
0.300239
0.503481
0.923853
0.464544
0.835462
0.724102
0.676574
0.918321
0.792486
0.382609
0.593657
0.268969
0.28075
0.865568
0.666317
0.860648
0.753203
0.764329
0.65238
0.998901
0.881081
0.750936
0.322366
0.578905
0.834107
0.270893
0.22896
0.667063
0.848416
0.834452
0.881993
0.462956
0.208519
0.790853
0.605012
0.207006
0.737649
0.654708
0.226975
0.410672
0.800364
0.321084
0.78193
0.211337
0.484659
0.34756
0.899591
0.231632
0.783568
0.374881
0.520734
0.922764
0.363375
0.236646
0.585838
0.821228
0.919444
0.944307
0.857258
0.33201
0.998837
0.995726
0.402664
0.864475
0.639305
0.86982
0.588749
0.873147
0.240621
0.811794
0.626268
0.666056
0.75981
0.999661
0.54308
0.50468
0.799917
0.560308
0.587797
0.765829
0.358596
0.222258
0.496769
0.343143
0.785971
0.719362
0.518543
0.865611
0.495054
0.573313
0.996908
0.308303
0.956262
0.783918
0.233426
0.767077
0.596161
0.410147
0.354735
0.753112
0.870978
0.968817
0.915102
0.532274
0.742038
0.4273
0.211219
0.777984
0.999847
0.580427
0.858475
0.922233
0.995216
0.999456
0.997167
0.319811
0.594037
0.231525
0.307314
0.828811
0.714159
0.573374
0.6837
0.416088
0.769581
0.714218
0.796834
0.425597
0.708373
0.390468
0.751498
0.784009
0.817328
0.771851
0.246486
0.865384
0.299766
0.681363
0.478116
0.862285
0.867207
0.222326
0.760854
0.995148
0.401928
0.786237
0.350922
0.384993
0.730552
0.822352
0.909458
0.270062
0.628381
0.808423
0.922885
0.315144
0.867139
0.862575
0.923276
0.871841
0.85323
0.228614
0.879011
0.919434
0.664453
0.572671
0.914915
0.540493
0.408324
0.305249
0.45727
0.919823
0.22021
0.506551
0.766658
0.463527
0.641978
0.744006
0.995753
0.998781
0.449524
0.757631
0.864088
0.669536
0.610696
0.420347
0.766856
0.8737
0.845731
0.820515
0.959227
0.526806
0.43809
0.703689
0.275008
0.771022
0.473936
0.987523
0.391506
0.939767
0.858248
0.425865
0.718619
0.687559
0.366783
0.361794
0.987253
0.497639
0.224731
0.79676
0.339004
0.874006
0.844734
0.429061
0.648784
0.692912
0.831994
0.599084
0.709217
0.831926
0.845293
0.833578
0.878787
0.550756
0.869425
0.419239
0.698472
0.699974
0.701111
0.509323
0.495759
0.660822
0.482303
0.88836
0.254031
0.888917
0.479876
0.788352
0.732776
0.300223
0.224489
0.247291
0.333661
0.745513
0.999676
0.768902
0.928563
0.575931
0.961494
0.537274
0.334493
0.399326
0.871688
0.369438
0.932702
0.60284
0.789552
0.805665
0.917345
0.565283
0.908119
0.530981
0.68931
0.556114
0.852333
0.553427
0.782152
0.368756
0.249239
0.741849
0.315108
0.302436
0.772232
0.584672
0.842982
0.863371
0.71468
0.784867
0.631789
0.883488
0.877163
0.922543
0.769476
0.831384
0.843598
0.537965
0.787568
0.764874
0.609717
0.215434
0.353272
0.54087
0.418272
0.566755
0.750652
0.707299
0.836508
0.858131
0.681015
0.467073
0.76092
0.738946
0.401089
0.80927
0.25378
0.601026
0.814065
0.992766
0.430054
0.201565
0.22653
0.350393
0.999502
0.516358
0.894238
0.798128
0.615064
0.45885
0.429723
0.280276
0.813859
0.994669
0.251577
0.745935
0.522268
0.458693
0.751595
0.708958
0.798424
0.999664
0.749929
0.384182
0.665341
0.681388
0.567831
0.529344
0.995526
0.533217
0.926633
0.367583
0.769332
0.206212
0.353016
0.559971
0.43227
0.701282
0.394959
0.460511
0.673044
0.69241
0.563146
0.856141
0.661337
0.261237
0.751078
0.676935
0.360115
0.683425
0.999529
0.903064
0.777864
0.674615
0.368264
0.498738
0.679503
0.518865
0.802069
0.430865
0.748726
0.615374
0.946819
0.821119
0.405233
0.424237
0.500309
0.555027
0.476073
0.909628
0.746781
0.453422
0.293198
0.260406
0.666865
0.714203
0.704534
0.500053
0.503758
0.795246
0.855166
0.879106
0.539065
0.475194
0.350485
0.705135
0.788824
0.246008
0.69369
0.752577
0.737832
0.735855
0.648782
0.290748
0.474382
0.204705
0.749929
0.763074
0.368257
0.801248
0.932017
0.390287
0.794582
0.999639
0.683114
0.586933
0.368844
0.704112
0.847745
0.368085
0.966571
0.937416
0.93592
0.691065
0.828703
0.999987
0.297048
0.742268
0.331533
0.266841
0.63527
0.396587
0.839513
0.653708
0.681722
0.21524
0.549997
0.610147
0.321446
0.429301
0.205683
0.586882
0.773846
0.802958
0.38727
0.822527
0.492257
0.662442
0.876132
0.241439
0.999221
0.832242
0.611425
0.874447
0.891991
0.285969
0.286648
0.227597
0.666857
0.865017
0.715668
0.304912
0.82495
0.446081
0.564631
0.331234
0.838943
0.810963
0.896789
0.993045
0.857146
0.760487
0.869425
0.343938
0.222331
0.576103
0.425075
0.910821
0.322146
0.535447
0.521669
0.340629
0.901543
0.636987
0.303837
0.849591
0.319432
0.257913
0.621781
0.548319
0.988028
0.248492
0.667979
0.312131
0.642013
0.910551
0.812788
0.500112
0.43362
0.835394
0.639832
0.317753
0.561886
0.641495
0.782209
0.800015
0.222276
0.33578
0.858593
0.842226
0.846377
0.518149
0.999171
0.89484
0.218758
0.895392
0.726713
0.999927
0.857076
0.873014
0.590356
0.871039
0.934453
0.312692
0.827072
0.511155
0.867816
0.999741
0.727881
0.889708
0.530969
0.874553
0.326629
0.99437
0.54609
0.884124
0.702335
0.832447
0.604064
0.609656
0.507652
0.267526
0.844775
0.236041
0.909066
0.243677
0.459187
0.765301
0.921057
0.211979
0.999387
0.787837
0.797786
0.752963
0.410731
0.607319
0.866524
0.631471
0.221864
0.870355
0.62518
0.995124
0.850632
0.629769
0.357831
0.686975
0.85661
0.744738
0.999659
0.696638
0.357377
0.798939
0.761184
0.663398
0.712354
0.445874
0.481239
0.578984
0.886082
0.27418
0.978627
0.854633
0.342052
0.524244
0.243793
0.228137
0.82608
0.605924
0.629579
0.730162
0.562263
0.424496
0.431982
0.287675
0.503919
0.415927
0.891061
0.645581
0.485916
0.528576
0.877054
0.800621
0.832254
0.213213
0.784492
0.292096
0.99848
0.867916
0.865079
0.996694
0.775404
0.808687
0.648544
0.762942
0.674556
0.609736
0.29534
0.589632
0.707553
0.300125
0.91137
0.481627
0.39638
0.999807
0.224354
0.27732
0.799979
0.28672
0.619331
0.913388
0.487384
0.978472
0.870752
0.990983
0.411891
0.828479
0.395641
0.317113
0.459102
0.54894
0.260444
0.595361
0.568156
0.342321
0.563538
0.888423
0.495242
0.798043
0.236773
0.871112
0.438776
0.542311
0.459635
0.846203
0.439633
0.590482
0.629599
0.809632
0.677652
0.999808
0.363142
0.664446
0.325055
0.49036
0.941055
0.735291
0.555036
0.587737
0.460636
0.46167
0.898655
0.84703
0.9368
0.475205
0.788646
0.220727
0.932446
0.826007
0.296198
0.711974
0.869478
0.228056
0.609574
0.788504
0.808883
0.203387
0.258903
0.796474
0.903754
0.331933
0.729801
0.300654
0.860298
0.619062
0.303769
0.354243
0.436179
0.211913
0.254008
0.422904
0.817589
0.582124
0.690538
0.876291
0.254099
0.674306
0.990928
0.492755
0.767437
0.916706
0.855913
0.845712
0.858043
0.417116
0.548669
0.644164
0.33592
0.224174
0.205865
0.780923
0.999894
0.767531
0.304383
0.544623
0.627374
0.555691
0.627922
0.848894
0.673303
0.893588
0.318543
0.785388
0.857832
0.780961
0.239927
0.42303
0.935852
0.211445
0.532958
0.84341
0.887696
0.402103
0.257661
0.995101
0.544269
0.449643
0.222793
0.542827
0.492837
0.82705
0.558559
0.251671
0.646956
0.207115
0.6744
0.999605
0.638495
0.378052
0.996291
0.334941
0.854756
0.434262
0.666774
0.827972
0.367979
0.220842
0.333416
0.725613
0.235997
0.85272
0.561258
0.887452
0.731728
0.954588
0.774523
0.997234
0.680156
0.824062
0.444099
0.483669
0.977406
0.665052
0.5889
0.998604
0.955348
0.998343
0.290104
0.57056
0.222339
0.832475
0.762096
0.395494
0.356802
0.627445
0.377628
0.441177
0.245396
0.488711
0.676057
0.436953
0.430827
0.272955
0.515696
0.34251
0.609117
0.300559
0.436955
0.36887
0.247248
0.534571
0.637971
0.430605
0.562246
0.609118
0.226048
0.740829
0.200284
0.997811
0.394443
0.635741
0.200355
0.311029
0.68969
0.73299
0.29409
0.618863
0.576917
0.405351
0.813993
0.774342
0.235532
0.488721
0.940524
0.992894
0.990403
0.709988
0.218794
0.930092
0.280622
0.858627
0.667813
0.44279
0.752173
0.926675
0.874993
0.927902
0.630733
0.690231
0.640355
0.24557
0.25553
0.777913
0.860751
0.882621
0.999938
0.814064
0.709397
0.579614
0.257233
0.366021
0.494728
0.723017
0.268798
0.671794
0.832046
0.537992
0.612356
0.555136
0.865912
0.666137
0.721386
0.456077
0.708656
0.915353
0.945901
0.892448
0.876044
0.997109
0.3763
0.732779
0.350092
0.794127
0.744206
0.22554
0.274004
0.676364
0.448327
0.43918
0.808092
0.563779
0.722535
0.889301
0.660107
0.714443
0.600749
0.267333
0.865008
0.875954
0.383417
0.671433
0.663338
0.534508
0.760538
0.546303
0.534091
0.81322
0.773836
0.715742
0.234878
0.735406
0.610568
0.866876
0.378472
0.50966
0.988746
0.863234
0.368185
0.803054
0.251602
0.913844
0.676813
0.226717
0.784248
0.319848
0.56534
0.755811
0.999734
0.833878
0.702213
0.580592
0.374047
0.935811
0.692498
0.71868
0.937707
0.906654
0.448556
0.733846
0.37296
0.240256
0.943709
0.83178
0.32057
0.969843
0.599958
0.24836
0.936583
0.294185
0.623658
0.998697
0.975316
0.624986
0.285765
0.92016
0.995367
0.425005
0.678583
0.999761
0.298604
0.786129
0.875161
0.691852
0.803928
0.846835
0.430143
0.727763
0.448561
0.791446
0.405566
0.534943
0.799792
0.50798
0.362108
0.287536
0.504993
0.800452
0.997682
0.823786
0.381391
0.581759
0.886256
0.999785
0.577845
0.484883
0.661097
0.454719
0.728305
0.888476
0.710703
0.51614
0.985042
0.334993
0.232722
0.206958
0.687864
0.824759
0.817097
0.523726
0.790521
0.769279
0.987002
0.78105
0.369743
0.854671
0.783204
0.697068
0.833982
0.490727
0.432213
0.351153
0.981568
0.862962
0.909402
0.650426
0.458282
0.999223
0.370188
0.830457
0.834213
0.86547
0.217324
0.796872
0.730127
0.733701
0.235784
0.520783
0.260303
0.640554
0.913921
0.44056
0.445024
0.6911
0.75774
0.999421
0.88357
0.874179
0.530936
0.342732
0.867243
0.996451
0.450655
0.307282
0.629039
0.231122
0.418637
0.377775
0.666504
0.610751
0.928308
0.654337
0.726018
0.261855
0.613724
0.900758
0.587457
0.929876
0.956664
0.671896
0.812384
0.730333
0.680975
0.601386
0.282677
0.368111
0.6873
0.788365
0.25083
0.333439
0.252479
0.224191
0.911569
0.3067
0.81909
0.683009
0.746367
0.502028
0.513115
0.650344
0.628447
0.245505
0.634368
0.845656
0.601179
0.218813
0.209772
0.32866
0.407314
0.70328
0.632255
0.606838
0.324428
0.801831
0.95263
0.583946
0.326124
0.436486
0.662672
0.496046
0.48376
0.998033
0.593519
0.999928
0.653856
0.300922
0.375144
0.289413
0.60935
0.798113
0.306163
0.683681
0.873581
0.54412
0.271761
0.517047
0.615588
0.86421
0.523016
0.499756
0.487306
0.94003
0.824545
0.885492
0.635723
0.320041
0.43733
0.393476
0.421514
0.705002
0.511732
0.797588
0.989439
0.866819
0.679653
0.340009
0.363306
0.312028
0.413676
0.985852
0.611002
0.959975
0.668009
0.90899
0.580558
0.781944
0.780614
0.751557
0.200689
0.28417
0.502235
0.70111
0.210065
0.335115
0.722161
0.287463
0.999693
0.257505
0.905128
0.254024
0.562438
0.916748
0.800082
0.848857
0.282191
0.499817
0.4661
0.999214
0.724218
0.766761
0.452036
0.999268
0.99729
0.999822
0.70475
0.730323
0.727137
0.200299
0.297498
0.282504
0.813114
0.58213
0.501364
0.853655
0.427879
0.805969
0.673279
0.780995
0.986242
0.92444
0.823867
0.998239
0.392126
0.247858
0.76551
0.742196
0.327611
0.843703
0.683965
0.500765
0.831336
0.647153
0.418897
0.773511
0.861896
0.46379
0.726479
0.39565
0.491428
0.820842
0.857219
0.792591
0.855983
0.454789
0.264311
0.791008
0.92321
0.842042
0.210886
0.291125
0.859706
0.736063
0.290667
0.767112
0.980316
0.240497
0.506531
0.574009
0.539348
0.361381
0.567933
0.831591
0.435067
0.742442
0.68215
0.787715
0.431633
0.873249
0.678012
0.994979
0.28596
0.98744
0.551445
0.750606
0.229899
0.237383
0.284506
0.795474
0.577996
0.818045
0.871069
0.873474
0.854075
0.749981
0.329376
0.31471
0.328219
0.874859
0.304917
0.52774
0.791239
0.817418
0.304298
0.55637
0.806117
0.436468
0.782268
0.2036
0.851833
0.618845
0.326368
0.713242
0.36941
0.297932
0.375336
0.26083
0.968483
0.334782
0.517832
0.323132
0.850195
0.359901
0.412034
0.480966
0.772083
0.904228
0.749718
0.993805
0.441953
0.782238
0.263787
0.867341
0.581833
0.265903
0.909553
0.741698
0.395067
0.486452
0.295219
0.791561
0.78433
0.216366
0.233566
0.758922
0.666596
0.517259
0.704017
0.77786
0.511807
0.840039
0.808057
0.606483
0.369864
0.666672
0.697283
0.781133
0.569766
0.961357
0.598379
0.48443
0.537663
0.302644
0.851783
0.8657
0.2901
0.290249
0.269266
0.238511
0.7423
0.535089
0.399981
0.367364
0.540184
0.287648
0.210081
0.776502
0.865715
0.393282
0.506717
0.346719
0.790858
0.385653
0.610268
0.318103
0.264515
0.989571
0.919671
0.616433
0.865381
0.487934
0.402028
0.313009
0.724466
0.236268
0.556285
0.682752
0.425023
0.661982
0.937312
0.981601
0.999709
0.362861
0.250072
0.857807
0.292676
0.366453
0.852331
0.917942
0.998666
0.384689
0.697293
0.934486
0.873864
0.432043
0.92714
0.958087
0.580473
0.861168
0.887966
0.899809
0.762269
0.302677
0.389118
0.264074
0.770595
0.768943
0.772203
0.557302
0.76056
0.417748
0.533703
0.852614
0.880519
0.681425
0.445989
0.999664
0.998291
0.750277
0.260238
0.895252
0.255065
0.629986
0.531626
0.800253
0.571847
0.803851
0.238857
0.51923
0.492561
0.617803
0.655723
0.373857
0.425044
0.996007
0.289147
0.297403
0.85057
0.331555
0.316449
0.30309
0.997895
0.270011
0.638993
0.830658
0.955876
0.608207
0.747921
0.371831
0.902862
0.857132
0.585163
0.79228
0.648994
0.263132
0.413878
0.994956
0.46249
0.522106
0.232357
0.611719
0.790801
0.684867
0.720635
0.227208
0.910771
0.98882
0.441415
0.662154
0.915333
0.66629
0.780505
0.968669
0.999575
0.886114
0.916308
0.2677
0.927802
0.292057
0.749888
0.668162
0.68921
0.488218
0.988409
0.811278
0.997979
0.808991
0.221063
0.998976
0.742619
0.928574
0.311728
0.733148
0.830252
0.286285
0.202611
0.749275
0.973392
0.390271
0.504956
0.839198
0.301498
0.36627
0.351093
0.599206
0.746932
0.83762
0.734734
0.296696
0.563913
0.744761
0.547716
0.994017
0.665804
0.752334
0.377481
0.823282
0.811653
0.643043
0.629073
0.734071
0.737415
0.816781
0.707163
0.833323
0.339302
0.256382
0.731816
0.387584
0.634536
0.86654
0.542276
0.807666
0.405914
0.651771
0.76734
0.246007
0.766292
0.733026
0.499006
0.21051
0.754221
0.277915
0.625819
0.869577
0.615005
0.229146
0.552393
0.379667
0.489696
0.883162
0.294638
0.374451
0.692555
0.586504
0.85863
0.217973
0.536412
0.910576
0.578028
0.249203
0.668371
0.724052
0.84095
0.864072
0.313123
0.862929
0.92439
0.857793
0.203354
0.879317
0.895273
0.29218
0.873669
0.823635
0.226199
0.931512
0.253408
0.71619
0.489851
0.668467
0.999567
0.800804
0.505901
0.558557
0.833221
0.600168
0.265582
0.483726
0.330625
0.567435
0.894959
0.710389
0.3504
0.994443
0.997031
0.331323
0.664129
0.414614
0.887773
0.291801
0.306984
0.529755
0.684
0.722894
0.69244
0.780995
0.324045
0.866189
0.86946
0.462033
0.501465
0.85346
0.637772
0.906435
0.714903
0.568546
0.689573
0.535309
0.318711
0.914586
0.862591
0.260421
0.745799
0.81778
0.875147
0.664385
0.905997
0.599798
0.255087
0.214556
0.313687
0.798508
0.874894
0.999012
0.225688
0.667078
0.930063
0.816993
0.467416
0.999992
0.834414
0.388451
0.932276
0.476657
0.491942
0.93242
0.998586
0.779894
0.973687
0.785876
0.303788
0.765571
0.866184
0.210828
0.874656
0.40346
0.65545
0.771375
0.636902
0.452988
0.892507
0.282247
0.367316
0.691388
0.377472
0.72528
0.425893
0.736017
0.681761
0.907576
0.315673
0.72106
0.871308
0.79995
0.994829
0.753022
0.375824
0.844838
0.374648
0.677591
0.365335
0.808711
0.705605
0.565685
0.987311
0.463752
0.997877
0.997951
0.898647
0.394456
0.278652
0.920228
0.2417
0.780179
0.653933
0.648376
0.75207
0.902539
0.320011
0.988612
0.263152
0.686639
0.867562
0.707192
0.303535
0.431544
0.4888
0.399767
0.96121
0.795289
0.636619
0.815384
0.255368
0.633074
0.341387
0.822212
0.492932
0.319991
0.604397
0.431729
0.443821
0.214622
0.63317
0.864742
0.421304
0.719926
0.848094
0.929612
0.277487
0.677064
0.823448
0.282756
0.303992
0.448954
0.442789
0.782102
0.460821
0.768276
0.857124
0.235335
0.992179
0.996109
0.36759
0.369006
0.200677
0.530924
0.704522
0.758392
0.236041
0.437477
0.391815
0.99926
0.478198
0.348462
0.999871
0.387731
0.899825
0.972562
0.536581
0.396019
0.994909
0.608946
0.434211
0.697414
0.858813
0.210654
0.973864
0.439324
0.28697
0.234047
0.701597
0.389106
0.571363
0.800852
0.817636
0.812099
0.698432
0.996302
0.413821
0.562484
0.882315
0.572997
0.537581
0.538838
0.342591
0.866083
0.218266
0.294346
0.743968
0.221864
0.672317
0.793139
0.487492
0.714285
0.392083
0.400412
0.649396
0.857856
0.3381
0.533945
0.765732
0.760848
0.952922
0.864181
0.569107
0.928526
0.863058
0.822521
0.87048
0.978776
0.725067
0.266105
0.489416
0.239636
0.417347
0.6607
0.831749
0.350177
0.386995
0.389006
0.626417
0.997472
0.778091
0.748142
0.830025
0.549634
0.997224
0.261785
0.291015
0.471379
0.64929
0.513204
0.939233
0.349892
0.999462
0.423192
0.980859
0.513838
0.431603
0.999861
0.599777
0.892811
0.95924
0.439102
0.745772
0.714312
0.360491
0.344983
0.751485
0.819329
0.283671
0.70103
0.426162
0.210339
0.577547
0.369534
0.999654
0.267198
0.999592
0.999915
0.625141
0.319646
0.759737
0.638057
0.392882
0.233552
0.759514
0.861695
0.948426
0.437102
0.39456
0.862709
0.645702
0.660127
0.793425
0.732629
0.794703
0.466873
0.48247
0.333857
0.747352
0.72753
0.504467
0.613859
0.875656
0.633966
0.559162
0.38465
0.232461
0.736322
0.793624
0.562469
0.704355
0.350548
0.861183
0.716628
0.427407
0.46077
0.337906
0.913217
0.455819
0.533395
0.375495
0.268539
0.997904
0.424573
0.930682
0.48465
0.445449
0.260622
0.302915
0.220973
0.91415
0.780995
0.246131
0.770263
0.964447
0.515299
0.778014
0.98173
0.809568
0.40819
0.235621
0.401259
0.711802
0.447273
0.573653
0.385038
0.572902
0.491603
0.819218
0.3322
0.663863
0.320184
0.598538
0.38066
0.793825
0.997663
0.724405
0.775667
0.441877
0.733751
0.215372
0.711396
0.712892
0.555531
0.664859
0.99954
0.925361
0.635199
0.999984
0.7612
0.470232
0.777099
0.886893
0.547977
0.417508
0.257187
0.785122
0.718368
0.912994
0.489082
0.527945
0.57704
0.817165
0.39212
0.296835
0.921969
0.295719
0.751557
0.38233
0.990173
0.835682
0.857111
0.642368
0.59924
0.308098
0.997435
0.468292
0.623932
0.377386
0.501536
0.748455
0.61253
0.753301
0.646727
0.544586
0.393374
0.84822
0.85418
0.663141
0.76619
0.777373
0.310751
0.964119
0.576259
0.550443
0.697875
0.890401
0.339094
0.927316
0.780536
0.315475
0.855246
0.991144
0.979587
0.578614
0.578321
0.987669
0.895392
0.740235
0.794271
0.597021
0.438024
0.359051
0.746682
0.994766
0.279223
0.212201
0.959202
0.396217
0.76206
0.284508
0.505129
0.596057
0.438957
0.341179
0.745828
0.644632
0.632743
0.355519
0.376235
0.511939
0.727066
0.996386
0.302399
0.27832
0.776678
0.500216
0.636113
0.370588
0.810699
0.465515
0.874973
0.710041
0.602477
0.209763
0.215697
0.685037
0.304295
0.41605
0.817945
0.743149
0.238978
0.893081
0.447932
0.995117
0.243086
0.672336
0.238997
0.335776
0.998798
0.562736
0.41234
0.552276
0.887086
0.475055
0.663199
0.216792
0.367617
0.470993
0.403941
0.862203
0.269995
0.922413
0.34541
0.475354
0.784252
0.281322
0.370524
0.632564
0.709107
0.923381
0.640545
0.719288
0.561166
0.522366
0.721116
0.841845
0.871199
0.241973
0.768237
0.990723
0.354789
0.772985
0.754451
0.999938
0.887341
0.426757
0.240677
0.558795
0.750278
0.790367
0.752172
0.421277
0.368264
0.941504
0.999797
0.500392
0.723003
0.590334
0.259302
0.875053
0.999531
0.639496
0.632992
0.257906
0.859048
0.640383
0.913108
0.37246
0.427887
0.363296
0.295539
0.718294
0.409247
0.451672
0.600128
0.875006
0.711874
0.90543
0.446677
0.734777
0.685693
0.801887
0.657717
0.45184
0.943792
0.764748
0.431808
0.679758
0.376021
0.686906
0.662817
0.999505
0.410771
0.916566
0.22333
0.231916
0.370971
0.796701
0.846012
0.759493
0.472431
0.421628
0.988905
0.914778
0.906605
0.709183
0.909313
0.98058
0.484439
0.874771
0.244904
0.325729
0.283505
0.651104
0.764956
0.818378
0.21846
0.678865
0.267405
0.915584
0.742125
0.662289
0.999725
0.899679
0.998956
0.668275
0.517455
0.826796
0.465372
0.511465
0.694198
0.227038
0.499393
0.512759
0.786093
0.315684
0.927347
0.270377
0.736105
0.30554
0.864622
0.781661
0.221386
0.733685
0.727996
0.600283
0.498628
0.510891
0.875068
0.746224
0.46474
0.754637
0.391385
0.356199
0.855804
0.916782
0.865408
0.23621
0.311924
0.569764
0.590844
0.209802
0.772158
0.689455
0.778108
0.670007
0.456694
0.99613
0.792303
0.3207
0.856395
0.316412
0.382278
0.314614
0.201423
0.333499
0.933593
0.377825
0.93857
0.999159
0.723664
0.296245
0.966315
0.881298
0.868855
0.402414
0.769785
0.29447
0.7534
0.599759
0.794913
0.803556
0.768316
0.53521
0.714415
0.635404
0.762977
0.430543
0.48125
0.624738
0.247095
0.831908
0.745878
0.676052
0.37978
0.474001
0.770755
0.344911
0.216726
0.65376
0.599391
0.244225
0.271517
0.899952
0.55662
0.901421
0.735205
0.239037
0.282665
0.860434
0.445567
0.832435
0.788141
0.826519
0.987826
0.916579
0.667186
0.716791
0.708279
0.998562
0.749145
0.271574
0.706709
0.842857
0.932061
0.369092
0.387425
0.536314
0.693666
0.287031
0.775189
0.476112
0.760675
0.248045
0.801806
0.725351
0.725184
0.573612
0.998819
0.809656
0.856632
0.531858
0.649383
0.773528
0.224244
0.906617
0.88918
0.250577
0.999551
0.200425
0.996721
0.843675
0.38365
0.931534
0.614892
0.734712
0.537904
0.347212
0.598338
0.255673
0.256301
0.290585
0.500352
0.588894
0.28669
0.396834
0.724335
0.661952
0.791236
0.79517
0.520046
0.842028
0.889746
0.53878
0.846974
0.735729
0.598338
0.69451
0.913357
0.779678
0.730905
0.731749
0.685511
0.393423
0.294425
0.833459
0.866497
0.882526
0.448956
0.856377
0.822122
0.49234
0.454726
0.390926
0.344457
0.276821
0.447397
0.868454
0.859453
0.814881
0.435133
0.878371
0.256004
0.770739
0.810895
0.641684
0.286048
0.585107
0.424252
0.359991
0.765808
0.866183
0.723009
0.843791
0.235492
0.56356
0.428202
0.654177
0.791524
0.479352
0.770942
0.808896
0.789129
0.96957
0.761122
0.996775
0.865139
0.779158
0.66352
0.662424
0.274436
0.647762
0.947699
0.534227
0.853804
0.259143
0.210091
0.807756
0.59512
0.406006
0.522461
0.360196
0.904878
0.85233
0.402984
0.923728
0.500301
0.900071
0.83685
0.64564
0.359385
0.543863
0.574321
0.744711
0.621923
0.873316
0.703365
0.339363
0.357882
0.983895
0.567312
0.208773
0.933935
0.74956
0.675983
0.75042
0.733372
0.750598
0.933775
0.401796
0.667093
0.384292
0.812503
0.841911
0.633313
0.342479
0.434526
0.849569
0.815223
0.855283
0.99496
0.502119
0.232094
0.20133
0.360056
0.260821
0.593354
0.451352
0.863173
0.916588
0.820034
0.871084
0.795315
0.958277
0.459129
0.562606
0.919667
0.26576
0.427682
0.636844
0.781777
0.493837
0.428461
0.633332
0.942741
0.561652
0.259376
0.85828
0.672622
0.757442
0.59201
0.667251
0.683123
0.998132
0.585483
0.650787
0.360216
0.591659
0.37551
0.83322
0.232356
0.210106
0.358145
0.748543
0.678446
0.700466
0.824637
0.419677
0.251638
0.443532
0.785045
0.872623
0.372998
0.999128
0.642397
0.882257
0.871801
0.999889
0.465355
0.700389
0.752176
0.364223
0.795033
0.428598
0.599463
0.593276
0.716697
0.856853
0.986327
0.529967
0.362789
0.752437
0.59994
0.491375
0.637962
0.684268
0.708343
0.219177
0.91742
0.697576
0.832888
0.9013
0.865244
0.212664
0.763131
0.78067
0.391179
0.556861
0.660951
0.497911
0.499208
0.874855
0.578902
0.997766
0.873375
0.450951
0.280975
0.823809
0.625869
0.207543
0.863989
0.452786
0.395002
0.281492
0.924563
0.38536
0.758878
0.702503
0.37
0.933103
0.909584
0.834285
0.869505
0.24475
0.994795
0.825404
0.867268
0.824407
0.80795
0.220343
0.460793
0.831225
0.488649
0.987904
0.44266
0.956605
0.728649
0.588599
0.84079
0.957499
0.35144
0.224842
0.547962
0.992766
0.799198
0.302653
0.514134
0.921061
0.598338
0.560184
0.300607
0.567648
0.527093
0.712177
0.63629
0.485882
0.559559
0.582441
0.999204
0.278946
0.589849
0.479493
0.410864
0.82388
0.82512
0.655529
0.661939
0.658786
0.817344
0.743149
0.512021
0.799673
0.270815
0.287827
0.239765
0.660612
0.658116
0.868771
0.832781
0.408308
0.385017
0.419603
0.771869
0.691231
0.730736
0.828777
0.263447
0.812515
0.752962
0.265
0.20362
0.944709
0.99524
0.661366
0.414697
0.77422
0.426223
0.499517
0.650415
0.41544
0.619351
0.268061
0.709811
0.223301
0.874996
0.999391
0.628144
0.751837
0.704266
0.797683
0.987926
0.449815
0.67847
0.588098
0.434087
0.373575
0.983194
0.526267
0.662725
0.231032
0.315078
0.461972
0.805809
0.987863
0.659473
0.50039
0.34892
0.610932
0.798512
0.371938
0.806321
0.506622
0.637238
0.895801
0.396267
0.875282
0.705763
0.579346
0.916162
0.738229
0.869564
0.286592
0.637954
0.821069
0.736687
0.234437
0.265377
0.88051
0.911633
0.757558
0.242579
0.927941
0.471234
0.76037
0.999294
0.778086
0.701211
0.870467
0.778313
0.590425
0.224956
0.658176
0.355038
0.845883
0.790869
0.556471
0.999921
0.737532
0.918172
0.330699
0.86644
0.642114
0.880842
0.457492
0.72853
0.999754
0.356212
0.402889
0.874271
0.669369
0.729782
0.809933
0.668383
0.765878
0.886769
0.253279
0.499826
0.411776
0.235752
0.308117
0.975073
0.328655
0.562777
0.200976
0.999135
0.900009
0.47515
0.412354
0.838509
0.674401
0.839516
0.877041
0.826408
0.66628
0.230959
0.447224
0.238148
0.98948
0.762044
0.87518
0.650051
0.603795
0.997675
0.605255
0.800099
0.538099
0.250419
0.62453
0.812047
0.636941
0.643983
0.601352
0.499949
0.572414
0.469474
0.277562
0.794763
0.925095
0.365803
0.360274
0.318339
0.41484
0.621626
0.236121
0.257978
0.515536
0.768455
0.818047
0.361406
0.840639
0.910471
0.278622
0.6406
0.794301
0.656443
0.763285
0.999992
0.642952
0.271509
0.325416
