-1.0
41.4797
36.7191
-1.0
36.9922
30.5377
-1.0
44.6073
12.6522
28.2602
44.0464
-1.0
36.8436
33.0881
32.1644
43.215
43.5687
-1.0
50.5829
-1.0
45.3564
48.9358
35.5187
29.5754
42.6769
36.0301
29.346
50.9498
-1.0
32.7375
35.4889
46.5862
27.5716
32.6764
30.0939
37.6271
45.8392
48.4769
42.5347
37.0138
-1.0
-1.0
46.4464
18.5465
30.8353
46.1922
51.0789
23.334
46.5782
39.0389
46.6281
30.1651
34.7754
37.0991
51.6769
37.2691
-1.0
-1.0
46.3358
46.7642
47.273
35.8509
49.4277
48.5044
-1.0
28.8953
40.1321
49.1673
42.661
29.2964
33.9327
34.1207
-1.0
31.9093
50.2373
28.2292
10.6769
36.0914
43.8718
-1.0
25.3989
35.775
25.1485
16.4451
-1.0
49.8937
46.3559
25.3935
30.1808
-1.0
49.8485
34.6924
45.5301
47.3518
22.0993
47.9607
39.056
-1.0
50.918
36.2312
30.6973
36.5066
37.326
30.3724
50.4225
34.8534
-1.0
17.6633
23.0218
47.4065
-1.0
-1.0
-1.0
10.5966
37.4642
51.4835
-1.0
47.9597
-1.0
-1.0
39.5774
45.1196
-1.0
27.4897
48.1842
29.1355
34.0767
33.0327
32.0005
33.5782
47.4845
42.8471
-1.0
36.3615
49.2405
41.6186
34.9196
54.9256
35.0742
39.0431
42.8076
45.772
14.1105
50.396
-1.0
25.9905
-1.0
32.859
21.7994
51.7124
18.8516
45.4637
49.3516
49.1596
42.3602
52.6744
38.5611
38.8151
-1.0
34.8779
27.9211
46.634
24.7633
33.2587
28.7061
35.3112
-1.0
52.139
42.8945
40.3528
40.0417
-1.0
42.9336
41.467
-1.0
46.6646
-1.0
-1.0
39.9478
36.8882
35.202
29.6282
45.4496
-1.0
41.3967
40.6317
45.4709
35.0077
33.1075
41.1518
50.0746
49.4054
49.1941
51.5587
31.5437
51.1429
45.44
37.7049
18.5313
-1.0
-1.0
45.7496
10.7741
29.631
-1.0
45.2571
16.3021
19.1756
32.139
37.9538
-1.0
-1.0
-1.0
-1.0
29.9785
55.2763
50.6533
-1.0
-1.0
49.6704
39.6263
49.8369
-1.0
27.3378
-1.0
23.7479
52.0868
21.7058
21.3771
38.5132
-1.0
-1.0
35.5566
45.2959
25.228
-1.0
50.1056
-1.0
51.2564
43.8169
49.1519
48.0134
-1.0
40.4251
32.938
41.5231
8.88014
50.863
51.0457
25.5542
51.2532
39.5886
35.5826
25.5456
46.5429
37.8656
-1.0
-1.0
23.4759
36.6007
50.6039
-1.0
43.6098
28.4817
32.9742
40.8059
51.765
40.2041
-1.0
15.1202
28.3465
19.6069
47.3072
-1.0
40.0326
36.6521
45.0666
43.4636
46.7939
49.775
43.7109
-1.0
35.1039
44.2462
40.0679
49.3759
-1.0
26.983
-1.0
28.5811
-1.0
31.4338
-1.0
-1.0
46.1133
49.3416
49.5885
40.387
40.6674
11.9153
49.1157
-1.0
-1.0
25.4763
33.0727
46.8222
37.2853
46.7566
36.6805
48.6376
46.4036
32.5821
45.4014
46.0419
-1.0
16.0464
26.4054
45.1465
35.8956
-1.0
45.1464
41.9166
41.7752
42.7454
45.6639
38.0951
49.706
34.21
29.1984
42.8309
41.3345
34.4934
28.3343
14.0519
45.3636
39.3773
-1.0
37.9833
15.2095
23.4607
38.3965
31.9133
-1.0
-1.0
28.0972
20.3421
30.0036
-1.0
19.1939
37.7483
27.1653
40.1082
41.8889
41.2433
28.2644
46.7694
51.863
36.4554
42.4305
48.4267
43.311
36.0419
13.3829
44.1723
43.0831
42.2613
33.435
41.7067
-1.0
45.4429
-1.0
52.007
-1.0
-1.0
43.3844
32.7705
24.4052
38.6528
41.1845
39.2787
24.6825
33.4254
23.9719
45.0103
34.8251
22.2207
-1.0
26.9373
37.2119
36.5764
37.6294
20.6717
43.5575
49.1895
45.4905
26.8092
40.5074
36.9871
45.8065
27.9812
30.6294
28.4218
43.1738
29.6452
-1.0
39.309
38.6926
31.9029
-1.0
-1.0
38.8561
43.9789
-1.0
-1.0
41.9884
-1.0
38.7261
50.678
21.8454
41.9431
40.2626
-1.0
50.589
43.8931
29.0892
48.1965
-1.0
40.2274
-1.0
45.1017
52.1964
45.9048
25.9901
39.5664
-1.0
41.5004
44.1578
18.039
36.8039
35.3495
45.9824
40.3547
49.4182
29.7191
41.3152
30.8182
37.3311
28.163
26.4619
20.3659
24.4194
29.8724
30.6152
18.6431
41.9556
-1.0
-1.0
42.6902
37.2754
28.8106
33.16
50.8571
47.2725
41.8306
-1.0
41.5979
36.4638
21.4718
37.3467
44.996
-1.0
19.0585
-1.0
-1.0
37.2071
29.2921
56.9217
-1.0
-1.0
41.9578
20.2467
42.6299
46.5344
37.1611
42.4145
50.904
-1.0
48.9737
32.2333
-1.0
48.4667
43.5867
-1.0
32.3669
41.9034
30.5079
40.99
-1.0
34.8467
-1.0
49.2254
-1.0
25.6382
49.3468
33.1861
-1.0
41.7695
33.2246
38.6062
19.2951
43.3713
12.5015
-1.0
39.2349
-1.0
40.6187
42.2795
50.307
39.2648
37.5732
26.7132
41.924
12.3348
40.2261
50.7103
52.0772
39.4692
26.1027
40.3376
43.437
37.9515
41.5331
51.3021
42.292
52.2806
35.6165
21.2686
39.5135
-1.0
33.3235
-1.0
22.1987
51.9007
26.229
33.9036
41.3919
-1.0
36.6866
48.639
21.3704
-1.0
34.7016
48.2503
29.0472
-1.0
45.0744
49.9609
-1.0
54.3765
46.4247
-1.0
-1.0
48.0162
21.7625
31.2462
-1.0
46.6635
26.0685
35.9766
24.7224
29.3514
-1.0
26.4978
12.6464
-1.0
-1.0
-1.0
29.4376
27.5276
51.3398
36.5453
40.4419
46.9219
51.1782
45.8181
38.677
36.9429
-1.0
42.0734
22.2062
49.039
47.7512
30.8953
36.8833
52.9916
44.8117
24.7679
-1.0
50.1363
55.0382
47.2028
49.7262
18.0463
16.6264
50.282
50.5904
28.3801
45.5531
-1.0
37.0958
46.707
30.3838
49.1333
-1.0
37.2853
38.7892
32.0054
-1.0
47.932
39.8861
9.09609
-1.0
51.2603
39.4035
45.6387
50.4856
17.4169
26.616
41.9216
38.8724
39.099
46.6457
41.0587
41.2541
41.3445
-1.0
44.9838
-1.0
34.6188
47.9722
33.2022
46.0837
50.6162
48.2813
23.1156
22.9741
49.3232
42.0782
38.5223
42.3132
-1.0
20.6223
44.078
-1.0
40.109
43.1165
48.4998
-1.0
37.9896
49.273
24.3871
49.5081
22.26
49.8604
19.2754
36.1863
38.7035
21.7075
27.1488
37.8333
-1.0
-1.0
43.2887
-1.0
26.4782
46.3806
50.948
32.2592
41.7175
-1.0
-1.0
39.0874
20.5015
53.0672
34.4459
23.5169
39.1001
27.9122
37.3716
35.6932
47.0547
40.6539
42.8668
9.49954
46.4754
18.7289
-1.0
-1.0
50.5324
34.6035
37.0628
20.8967
47.9105
36.4716
-1.0
45.1366
47.9282
-1.0
38.9537
48.0517
33.8936
-1.0
52.0153
20.9027
35.2758
-1.0
-1.0
43.1656
41.5843
33.4844
-1.0
-1.0
31.7244
39.7112
38.4244
-1.0
35.289
18.6869
36.0613
44.7721
-1.0
51.3896
40.8537
40.3831
40.2727
21.4114
-1.0
23.797
28.4434
28.579
-1.0
39.7319
38.2587
35.6846
47.8501
42.122
-1.0
-1.0
39.2972
37.841
51.3508
38.2763
-1.0
36.4358
30.3754
28.6637
28.5314
-1.0
-1.0
35.9567
48.6489
41.264
35.5855
31.8598
7.65257
35.9219
38.5002
48.4993
31.9869
39.0723
21.4329
-1.0
51.2028
35.3019
45.1343
16.1361
49.2362
26.5389
46.7642
27.7686
42.7007
31.2184
50.4066
-1.0
46.9779
46.3127
-1.0
27.4031
47.6375
51.354
37.2573
34.2705
36.2219
31.5315
19.0842
50.3242
48.0707
47.3105
29.0585
-1.0
51.1671
50.1203
20.0584
-1.0
50.0402
38.5007
35.3022
-1.0
36.5074
23.8296
50.1336
33.6423
44.3943
44.7426
49.537
48.4089
-1.0
24.9857
45.2137
11.0595
44.7618
48.8154
36.842
47.3668
31.798
-1.0
45.9973
45.5961
23.7779
34.6906
43.2424
38.9411
14.6153
-1.0
20.3338
44.4671
20.8231
51.0382
-1.0
31.9768
38.8983
49.3839
38.528
33.5744
51.4541
-1.0
-1.0
-1.0
51.6226
26.7927
33.6301
44.8645
52.3082
38.2943
31.5744
25.5119
39.0649
45.5417
36.0013
51.5075
30.4297
50.9731
37.6386
24.9505
38.8537
44.5931
34.7222
36.8955
37.5631
46.3808
46.1589
21.6992
21.7171
-1.0
49.1993
12.2346
29.9154
23.3345
32.3498
47.6898
35.0065
18.6755
20.0187
-1.0
24.7409
-1.0
28.8013
31.3804
35.5337
40.3679
-1.0
40.5999
32.0189
17.1608
-1.0
51.0026
38.6455
-1.0
51.8454
50.986
17.5515
20.7803
-1.0
50.2208
43.108
48.2295
31.8208
31.6223
-1.0
51.6717
31.6732
-1.0
30.3428
47.3478
29.8149
-1.0
40.6036
-1.0
46.0361
38.0785
50.4513
33.5993
29.1014
41.7242
33.7232
21.8503
41.3488
45.6951
46.6104
17.8045
30.2992
36.3805
36.8403
36.9227
-1.0
37.2707
50.6148
38.263
48.4636
42.5271
43.9948
44.347
42.5442
-1.0
18.6833
40.0354
42.5358
52.0208
42.928
35.3841
20.4887
50.1897
39.8816
46.823
48.5981
36.2942
48.4521
31.865
35.634
42.2196
24.3394
33.3077
47.8649
27.6733
-1.0
45.0707
-1.0
39.8513
-1.0
50.2281
41.5634
33.2676
48.2638
25.8401
45.6056
28.1465
46.2717
-1.0
47.9623
17.8404
-1.0
40.6929
-1.0
49.2145
-1.0
34.9174
30.2556
26.748
-1.0
28.5493
27.4164
40.9832
-1.0
26.0058
36.7615
37.5512
19.504
51.4613
41.2087
-1.0
18.8142
45.0555
41.5664
-1.0
-1.0
33.665
-1.0
28.8648
46.0926
47.2834
44.0328
37.4137
-1.0
26.1828
40.9091
-1.0
-1.0
16.9055
-1.0
52.2928
52.3832
20.7283
48.4003
-1.0
51.5326
25.4104
27.0514
25.5972
45.9966
44.7631
19.2481
52.2046
-1.0
34.6251
24.6389
47.0406
-1.0
50.7175
33.5203
51.7458
22.1755
45.092
28.7251
35.9253
10.9928
-1.0
48.0592
-1.0
48.4698
23.0701
-1.0
8.14666
40.6513
23.7716
46.8136
33.9955
-1.0
47.0146
-1.0
26.3848
21.9037
-1.0
30.906
-1.0
-1.0
37.6461
32.8728
32.5044
44.5635
-1.0
-1.0
-1.0
49.6765
51.8582
44.7223
47.9467
47.1708
44.0254
30.9454
41.9448
50.5297
-1.0
19.9763
-1.0
35.7756
25.1337
28.7976
-1.0
27.8037
25.1536
47.7731
32.041
36.0596
36.1524
53.8977
51.2333
39.8715
31.9408
29.1364
49.901
46.1965
-1.0
21.4842
40.6662
22.5984
-1.0
18.7988
32.7813
-1.0
29.2558
28.6063
-1.0
41.7068
40.536
51.4154
14.5797
11.5602
48.6136
44.4989
32.8182
-1.0
44.2364
30.2488
41.7176
50.1379
-1.0
-1.0
48.4613
-1.0
46.8066
29.2743
41.4206
37.9296
-1.0
43.5739
50.5989
18.2038
27.8646
42.301
-1.0
36.5831
50.0412
32.549
-1.0
-1.0
30.6887
33.1696
-1.0
40.6222
45.2366
-1.0
13.9787
44.1731
28.6407
-1.0
27.2807
-1.0
28.1926
-1.0
30.0024
48.7024
19.6583
25.4468
43.6747
19.8608
31.774
25.7394
33.7532
45.9231
-1.0
50.4947
-1.0
33.5721
37.6681
36.1563
33.3227
31.341
33.5248
40.9935
44.802
26.0845
32.5956
34.5092
20.3963
42.8106
32.3676
46.7611
-1.0
37.4752
51.661
-1.0
-1.0
29.1996
15.701
-1.0
38.7449
50.1864
-1.0
35.1993
19.8858
46.9248
21.3301
34.0213
29.8792
35.989
34.3542
25.6033
41.305
35.317
28.5183
34.4397
33.9835
30.4265
41.0892
43.3916
-1.0
48.3105
39.8301
50.5062
52.2237
37.9459
-1.0
38.0793
-1.0
-1.0
31.282
42.7676
-1.0
50.8455
49.9219
27.882
32.5509
42.1664
40.9368
36.5925
37.9803
48.9318
-1.0
41.8893
49.7446
37.7315
33.4347
20.2168
51.399
31.232
-1.0
45.4803
43.8666
49.4246
42.9044
28.605
19.0679
27.062
-1.0
19.4099
47.6749
55.5983
47.6027
33.1922
26.7116
-1.0
19.2797
43.4508
32.3403
-1.0
-1.0
37.9234
27.7516
32.4945
-1.0
27.4553
-1.0
47.3577
48.7657
43.4444
27.1981
45.3004
36.1059
17.7617
48.7574
-1.0
32.7631
26.2554
41.6793
-1.0
30.5466
44.8849
31.8533
13.695
-1.0
30.8096
10.3767
46.3934
28.0811
47.2166
32.7101
50.0173
27.3666
25.865
39.4183
17.1253
32.8911
45.9809
45.1601
-1.0
24.3211
39.2115
15.432
38.0339
14.8992
52.0149
-1.0
51.392
38.8766
25.4937
13.7888
46.5603
-1.0
-1.0
42.1326
43.8843
42.1561
25.318
15.585
29.095
40.487
44.6067
41.3004
-1.0
50.9496
22.5914
27.1284
48.1671
-1.0
25.7086
47.1634
25.4071
41.7255
18.1118
21.7116
-1.0
47.4872
-1.0
32.2525
50.0623
-1.0
-1.0
41.2063
34.021
36.6108
-1.0
51.3867
22.741
24.2008
-1.0
-1.0
42.8862
-1.0
33.7177
-1.0
46.7333
31.9975
7.65158
39.3495
34.9081
41.0052
42.6015
48.3263
40.9209
-1.0
50.0678
32.5207
19.3672
51.8544
24.6509
-1.0
-1.0
47.3748
36.6861
-1.0
22.6932
46.99
31.8574
43.6041
23.4682
-1.0
39.8919
45.3646
-1.0
41.203
44.0664
11.7399
49.8749
-1.0
42.1536
39.6862
30.4067
9.90639
-1.0
-1.0
47.4686
-1.0
32.754
-1.0
39.0309
36.0044
37.2923
30.1235
18.7311
48.6163
47.5629
43.2674
51.1196
29.6502
9.63027
-1.0
42.8085
41.7905
25.5084
27.3442
27.0365
-1.0
12.3217
33.9355
30.6023
-1.0
36.3983
50.7622
-1.0
38.4251
50.2703
46.7019
18.5698
36.8392
21.1799
-1.0
43.5315
50.7347
27.7947
-1.0
29.3322
38.7092
23.5788
20.4683
47.3764
-1.0
22.7093
35.4232
52.1522
31.4692
25.3467
42.8748
12.995
-1.0
-1.0
-1.0
50.6358
27.0498
32.886
50.9726
-1.0
49.3437
50.6169
21.7724
42.0718
28.7472
35.8625
26.9632
51.7582
44.0985
37.9135
52.0316
49.9368
-1.0
50.4427
22.5845
-1.0
33.4211
43.7135
11.149
-1.0
32.9031
28.6285
51.5354
45.1458
-1.0
18.992
40.0699
37.2853
40.5735
49.7048
38.7097
32.544
34.3071
35.5876
-1.0
30.9175
-1.0
-1.0
-1.0
51.3102
23.2682
-1.0
25.1935
35.162
26.1073
43.4158
-1.0
25.5791
14.4559
47.1549
-1.0
45.2157
45.2336
22.8111
-1.0
44.8363
-1.0
50.1526
44.0475
36.6273
41.6037
35.5628
-1.0
46.1126
34.4799
-1.0
-1.0
16.8226
22.8289
51.4074
-1.0
17.7436
19.594
47.1598
-1.0
-1.0
46.8258
-1.0
33.1606
42.5637
-1.0
30.3062
-1.0
-1.0
-1.0
42.6936
44.401
43.0373
46.8625
44.2536
45.0146
46.0068
-1.0
-1.0
48.5525
38.184
37.4448
46.0093
31.3832
25.5243
30.8212
24.8065
47.665
40.5502
46.3066
-1.0
32.0832
42.3662
32.9038
37.019
37.3215
32.5527
22.5902
50.8797
-1.0
-1.0
36.6717
-1.0
46.9466
44.1611
-1.0
-1.0
48.5525
32.4861
45.2246
21.2862
45.6303
15.6323
48.5292
46.2645
-1.0
-1.0
49.8541
50.8402
36.9504
46.361
-1.0
35.2392
34.3577
28.6836
39.5939
38.7044
-1.0
41.158
40.9348
51.4958
36.4814
30.3949
47.037
-1.0
46.8685
43.9907
29.98
39.5652
-1.0
15.453
-1.0
41.5666
49.0375
21.3032
-1.0
-1.0
31.7817
20.6395
28.8807
-1.0
-1.0
27.7284
34.0328
-1.0
48.1041
12.8337
-1.0
-1.0
40.0418
28.0734
51.3176
40.6869
23.7395
41.1982
-1.0
-1.0
22.3242
37.6589
29.2259
31.9404
40.9316
31.7961
-1.0
18.1375
38.0459
41.6153
43.5317
38.2759
-1.0
15.218
31.4318
38.4211
26.7613
38.8509
35.208
26.2498
36.492
51.858
41.2468
48.974
30.4309
50.1368
36.1468
-1.0
31.646
29.9109
28.3202
51.9232
31.9894
15.1506
30.6998
48.219
27.4817
-1.0
19.6994
-1.0
14.709
37.9333
25.8729
-1.0
38.9584
-1.0
-1.0
33.1769
50.7675
23.8795
31.2803
34.9915
36.7323
-1.0
40.8577
-1.0
49.423
-1.0
7.67093
-1.0
26.2602
51.1138
16.2794
47.484
-1.0
-1.0
39.4791
48.2265
45.9593
47.8286
15.7
45.7525
-1.0
13.2528
33.0509
52.7685
33.0748
13.1324
49.3021
38.051
33.7594
40.9011
18.4144
22.7773
-1.0
45.534
14.5382
-1.0
-1.0
-1.0
40.3524
23.2471
-1.0
29.9136
49.6867
48.4085
-1.0
50.751
34.7087
38.9777
-1.0
42.7069
49.8851
12.0674
-1.0
40.7575
35.6602
-1.0
38.7799
45.7236
-1.0
49.9073
43.1397
37.4403
18.5061
48.0218
46.3096
36.236
44.6327
-1.0
40.0976
42.178
40.8413
25.5353
48.8008
43.1254
28.0182
32.1519
-1.0
-1.0
50.2819
37.5893
44.1188
55.5939
45.7327
-1.0
37.7848
46.1545
-1.0
-1.0
51.644
44.2362
32.4313
48.7202
23.1104
33.5693
38.4604
29.6467
25.5087
-1.0
32.8021
-1.0
43.367
-1.0
-1.0
-1.0
24.2106
-1.0
39.3289
45.8529
48.9849
38.7333
5.2267
-1.0
-1.0
14.1203
33.0286
50.9536
41.3878
47.2705
29.6688
-1.0
51.3384
29.2283
40.5349
49.2357
47.809
29.1476
44.2683
20.1067
47.0854
-1.0
-1.0
37.4977
42.4934
-1.0
-1.0
28.7791
37.6146
31.4085
47.1099
35.6108
-1.0
-1.0
43.1451
49.6377
51.3644
43.1974
15.8646
-1.0
52.2105
47.3309
16.6922
50.5501
40.9963
38.073
-1.0
36.9801
-1.0
52.0541
16.4525
27.1757
18.7757
44.8867
19.2679
43.4552
51.6339
51.937
25.4182
20.3883
46.7152
48.4192
-1.0
37.9568
15.8453
-1.0
26.0522
46.3021
28.7641
32.096
37.7117
30.8334
50.4131
42.8374
44.8569
32.7583
20.0774
-1.0
39.0688
47.5002
45.2491
26.4194
42.542
12.6098
39.1677
-1.0
45.3401
27.7794
50.1396
49.6898
-1.0
35.1234
48.111
33.602
-1.0
-1.0
-1.0
29.961
-1.0
35.6487
45.1564
-1.0
42.9532
-1.0
-1.0
26.8817
43.7409
35.1281
24.731
45.2867
38.3217
-1.0
36.8081
43.9061
29.2839
34.3242
36.4845
45.6618
30.0084
-1.0
48.7093
51.2894
51.7911
40.3329
51.8809
-1.0
48.5441
28.8661
34.7514
38.9609
19.755
37.9959
21.5394
48.5972
48.1694
-1.0
-1.0
-1.0
48.6113
-1.0
38.4709
34.338
47.9425
-1.0
35.8656
11.9104
37.688
50.9834
36.2
25.9305
15.481
-1.0
-1.0
48.1971
19.7955
-1.0
20.8337
44.2329
16.6863
27.0677
31.2681
-1.0
14.4499
49.4088
45.9379
42.4721
-1.0
44.0141
43.1852
-1.0
28.5867
-1.0
42.2855
-1.0
45.5243
52.1357
30.4969
38.3044
43.3988
22.091
23.2276
50.7295
-1.0
39.9619
36.3772
31.0354
39.0067
28.8126
31.1741
16.2275
44.232
28.1858
-1.0
32.102
-1.0
47.0084
29.1272
19.8246
50.8503
-1.0
-1.0
29.8485
26.8285
30.7424
41.5816
8.36297
-1.0
34.5586
41.4001
51.4143
20.0212
32.3482
46.4253
-1.0
36.8823
47.7853
24.1168
23.851
-1.0
-1.0
-1.0
-1.0
31.7425
38.1142
-1.0
37.3915
20.9254
-1.0
37.0003
31.0654
15.2416
50.1624
33.6014
46.0285
42.2752
19.1238
19.4055
37.9187
-1.0
48.5472
-1.0
27.5143
-1.0
47.1412
51.9101
47.1645
35.1256
-1.0
-1.0
33.5992
33.4717
48.2894
44.0219
48.3648
43.0861
45.4204
44.117
35.5863
-1.0
-1.0
46.0116
-1.0
-1.0
21.0632
22.8369
29.182
35.212
32.8506
40.7113
23.3802
44.9498
-1.0
40.2303
23.6803
-1.0
45.8682
51.4014
29.597
39.368
21.9192
42.025
22.3008
37.3693
44.3105
28.7002
-1.0
50.5518
-1.0
-1.0
32.518
31.8741
26.4284
38.746
36.9831
49.1019
24.308
-1.0
31.788
-1.0
38.1548
38.8677
-1.0
-1.0
18.3779
-1.0
37.2689
7.18664
31.6246
51.1109
-1.0
39.7355
-1.0
29.7884
41.6453
46.122
39.1
42.3636
-1.0
28.3889
45.529
46.7319
28.2859
-1.0
30.1364
42.9951
49.0609
51.7481
20.8501
-1.0
51.2326
-1.0
45.0022
46.5794
26.6088
44.9137
39.5075
31.4689
35.1833
-1.0
-1.0
44.0926
49.0465
33.1008
20.8781
32.104
40.2441
43.7871
-1.0
28.9358
48.2172
-1.0
42.3797
49.6444
48.3554
36.9476
26.0396
38.7113
48.404
17.1747
6.21453
51.8595
35.1623
-1.0
47.6887
-1.0
15.6668
-1.0
25.0876
30.2018
32.1129
40.84
42.5577
29.4019
-1.0
-1.0
39.8469
40.0687
-1.0
48.6415
52.2199
40.0688
51.1459
-1.0
-1.0
51.9087
32.5988
35.9061
-1.0
12.3769
37.4358
30.3611
-1.0
50.764
43.2493
-1.0
47.9919
34.0516
50.6846
48.2087
43.2298
38.5938
45.5905
-1.0
43.1478
-1.0
-1.0
-1.0
38.8058
24.5974
52.1765
-1.0
15.2203
49.6869
39.71
37.4408
49.3585
-1.0
27.5298
37.9281
8.34938
-1.0
-1.0
45.9512
48.3172
44.318
34.0526
38.3231
30.0909
-1.0
21.6942
48.5199
41.4211
46.7426
33.114
-1.0
-1.0
21.1232
50.1023
23.245
47.1933
20.1107
38.5962
-1.0
50.5124
-1.0
26.1345
40.477
-1.0
-1.0
34.2604
26.9381
41.9498
36.2891
-1.0
-1.0
28.3747
-1.0
49.5477
-1.0
37.2733
34.3273
32.2795
24.7135
-1.0
34.7463
38.9259
-1.0
37.8397
47.7309
39.1152
22.5255
-1.0
24.1474
29.6903
19.105
27.9374
37.6368
-1.0
15.9896
-1.0
-1.0
44.4693
-1.0
22.3655
-1.0
34.6617
20.4435
-1.0
36.4694
44.8149
43.2216
37.5704
40.8597
17.955
20.9547
30.4267
-1.0
32.0349
48.4622
32.6459
44.3584
39.6641
32.5033
23.396
48.2552
34.1833
27.2057
-1.0
-1.0
38.9538
29.085
37.6881
40.3029
37.5957
37.6896
27.9598
42.8363
30.5819
21.6835
47.4869
46.5665
31.4026
-1.0
-1.0
41.12
50.8662
38.3219
-1.0
40.5039
28.4649
49.3097
22.5771
23.1846
13.8723
27.2359
47.0555
43.1001
42.3664
-1.0
33.372
-1.0
33.5322
35.5957
44.601
28.3247
45.3808
-1.0
46.9535
26.2843
23.3531
29.9627
-1.0
40.0882
14.5606
20.9921
50.0767
41.4332
48.1046
48.6294
34.8015
23.8632
-1.0
-1.0
41.1037
-1.0
23.1798
17.7717
45.1489
47.1763
-1.0
35.2626
-1.0
51.5651
44.5729
20.2278
51.8633
28.5017
-1.0
29.5644
44.5906
-1.0
48.0793
-1.0
36.6613
44.2948
16.8169
50.7915
40.2487
12.2568
48.2664
48.5073
49.2698
-1.0
51.2012
50.9564
43.6643
44.9342
-1.0
29.5564
50.346
-1.0
-1.0
28.501
-1.0
-1.0
50.2617
-1.0
-1.0
28.7032
27.2917
48.2196
18.7072
38.2842
41.8814
40.7167
35.5331
48.665
33.2205
18.4041
47.9388
30.1272
51.877
-1.0
43.6268
50.5136
43.2533
23.8896
31.393
-1.0
21.5304
49.4613
36.031
37.2603
45.307
45.3266
31.0208
39.4047
37.173
39.6091
41.2607
45.536
-1.0
-1.0
47.3141
29.8404
44.9496
36.1724
18.8421
32.9225
38.0171
35.4985
16.2052
34.2775
42.1333
45.1384
-1.0
28.8069
37.7919
18.2347
-1.0
-1.0
28.9999
22.5131
-1.0
42.8408
42.4523
46.2174
25.9744
-1.0
24.715
-1.0
47.2241
-1.0
45.6749
-1.0
51.6045
-1.0
17.9588
22.7541
29.0474
48.8366
9.68309
49.3492
50.4487
30.9078
-1.0
-1.0
44.4686
-1.0
-1.0
44.6325
-1.0
39.654
25.101
-1.0
40.2634
50.4264
22.6084
30.6129
-1.0
51.566
30.7504
48.0522
18.0509
37.27
39.1711
20.6866
45.4666
51.6556
37.5129
35.1476
36.8108
21.7462
38.7198
-1.0
42.2619
23.3069
30.6088
50.5063
35.8929
47.3127
37.7415
-1.0
40.2974
32.6226
24.6111
35.3844
32.0597
20.6013
38.3265
-1.0
28.5066
45.4421
43.9479
29.0375
42.0549
-1.0
38.7896
-1.0
46.3526
47.3069
-1.0
-1.0
-1.0
38.3963
33.5729
-1.0
31.1863
-1.0
46.3273
-1.0
42.1405
44.8724
7.75512
46.5481
50.3098
-1.0
-1.0
38.8996
35.9036
27.0249
51.7771
38.9068
32.8813
45.6686
40.9251
-1.0
32.4281
27.508
53.8622
46.4403
46.1713
49.134
30.9587
-1.0
29.2068
47.3674
22.7632
50.3556
-1.0
-1.0
30.1435
-1.0
47.607
35.9672
30.5523
20.8405
38.9919
23.9011
41.8959
-1.0
43.3475
-1.0
44.7979
-1.0
37.8876
38.0486
-1.0
-1.0
24.5814
47.7145
30.4137
30.6063
43.9106
40.3209
51.4633
41.22
39.2044
21.5193
-1.0
20.1886
-1.0
27.7457
29.9243
36.8473
47.3916
-1.0
26.2399
44.725
27.6586
41.612
40.0046
15.783
-1.0
-1.0
22.3714
-1.0
17.1624
24.6223
33.1075
37.5872
44.1277
34.3385
27.0682
36.9534
46.8492
31.8633
-1.0
42.2266
45.4865
44.3294
35.5738
43.5102
10.4819
34.1476
-1.0
-1.0
49.5205
21.4488
-1.0
40.6978
46.1804
32.3314
43.189
9.5885
25.669
27.6842
44.6553
12.6813
-1.0
47.6297
46.3793
26.2475
49.2392
23.6879
-1.0
37.1111
-1.0
19.5021
11.5229
-1.0
31.7485
34.099
-1.0
30.6525
50.0629
35.4796
23.6975
-1.0
-1.0
-1.0
48.2247
-1.0
11.3591
27.4132
50.4799
20.3786
49.693
40.734
33.339
17.7358
31.4989
41.039
38.4363
33.1833
45.7104
41.4432
45.246
46.9778
49.1577
48.6078
-1.0
40.384
-1.0
18.1524
35.9344
-1.0
45.1168
42.6413
41.8512
40.8843
47.5706
30.7948
28.3751
44.6901
30.6926
24.6684
38.0504
7.18839
42.0722
51.0127
31.4023
29.9798
-1.0
40.8943
31.0945
-1.0
32.1822
41.2496
33.2879
-1.0
-1.0
46.6631
37.4473
50.4415
45.8616
51.0507
34.3777
39.076
50.3882
35.1294
20.7904
35.0374
31.1368
29.3889
32.8901
14.0334
39.5989
44.2769
31.6184
33.171
38.8175
50.0515
38.5181
-1.0
42.466
48.8576
30.5473
36.1023
31.7497
43.2421
32.901
-1.0
51.7964
33.9323
-1.0
49.4113
-1.0
-1.0
29.6138
46.2274
30.1166
24.0249
-1.0
40.5575
-1.0
41.9285
49.5265
-1.0
38.018
49.4027
49.9302
36.3534
33.7762
51.8467
38.5251
19.2593
42.0771
-1.0
39.0903
-1.0
23.7159
51.5746
30.3636
52.0421
-1.0
-1.0
26.9904
34.6501
-1.0
-1.0
41.2425
-1.0
-1.0
-1.0
45.104
35.3339
-1.0
28.1492
34.6208
-1.0
38.7128
42.9142
-1.0
-1.0
21.1563
-1.0
40.8699
29.3456
46.7871
47.1935
31.0186
47.8826
43.2246
41.1907
45.0568
50.1178
-1.0
37.4066
32.0361
30.0359
-1.0
40.9166
11.0736
27.5887
33.7004
40.9709
47.1327
34.4933
-1.0
39.4616
-1.0
42.8349
-1.0
-1.0
-1.0
45.4524
-1.0
44.4371
31.1851
33.6549
41.5397
29.9758
-1.0
33.7674
18.3811
15.7578
52.1013
22.2483
40.1444
43.7632
-1.0
39.6949
42.9032
-1.0
40.5388
29.193
49.3171
44.675
-1.0
-1.0
50.8966
52.2352
48.5219
46.5532
44.2027
48.7041
30.5681
49.6834
36.0922
18.7496
49.1161
29.6121
35.2268
-1.0
40.7903
-1.0
38.2106
34.2694
48.139
-1.0
45.5484
46.4224
26.4692
33.8149
14.2447
45.4059
-1.0
26.6333
40.7237
23.6099
27.0007
36.184
35.3253
43.7584
19.5118
40.0515
50.0923
39.5484
36.8955
-1.0
46.6629
37.921
-1.0
21.2249
-1.0
16.1671
-1.0
45.5063
41.8928
-1.0
-1.0
42.4511
-1.0
-1.0
45.3295
-1.0
38.8629
39.942
37.0157
35.2902
30.4013
24.5327
23.6953
30.7847
52.1734
34.6399
-1.0
32.4462
50.311
50.0741
-1.0
36.2561
23.5729
43.1829
35.3636
27.0987
-1.0
34.6103
30.2429
-1.0
49.2166
22.6353
34.9106
47.348
-1.0
-1.0
-1.0
38.6547
25.7691
15.7684
-1.0
41.8805
-1.0
-1.0
47.0404
-1.0
13.6933
39.8239
51.6937
43.9503
39.8276
39.7965
-1.0
23.5185
-1.0
35.068
41.7954
26.1723
-1.0
-1.0
51.2548
37.3674
43.981
48.1002
33.1669
31.4666
19.1727
32.3226
41.4944
-1.0
47.0304
-1.0
35.8502
50.9433
51.0938
38.5213
22.2107
39.5837
30.3642
46.6811
34.3063
-1.0
50.9557
50.6986
42.3347
37.0107
18.3652
43.7073
42.8159
49.581
-1.0
34.4284
-1.0
37.8124
45.8063
-1.0
-1.0
48.5386
18.6299
33.2927
48.9193
-1.0
-1.0
25.558
32.082
47.3816
24.5715
44.9591
47.3738
50.4038
50.3262
36.8236
44.2846
48.0182
23.0294
51.3772
20.5571
-1.0
17.9813
-1.0
35.4454
39.9332
44.7732
18.5098
50.2724
33.0651
-1.0
44.1961
39.4534
33.4163
30.0854
50.8666
24.1902
41.8526
52.2898
45.9117
51.9732
17.7142
40.6792
31.9614
42.1997
-1.0
31.0249
33.1343
34.5877
24.0548
38.696
29.3928
19.7902
44.043
26.0558
47.2001
43.8127
-1.0
37.5795
29.1523
24.5034
33.5769
44.1844
-1.0
48.65
38.9953
44.8988
35.6451
27.4737
52.0942
49.4214
41.9511
27.534
33.8909
-1.0
50.0706
-1.0
30.768
27.2114
35.3446
-1.0
30.7545
39.8574
41.1181
26.9218
44.8088
48.3779
-1.0
47.3408
-1.0
28.2113
19.6709
22.9948
-1.0
33.8953
56.3717
44.5188
36.296
10.0181
33.6728
40.0564
47.9225
36.5448
51.2578
39.4873
33.4025
34.4391
33.658
51.2633
-1.0
-1.0
47.984
37.886
33.1331
-1.0
18.3504
46.1826
42.5094
33.6184
-1.0
45.3394
46.7767
30.383
37.7699
45.7142
38.7601
25.4152
47.0507
47.7188
-1.0
34.7217
33.9749
42.1352
42.3407
41.234
-1.0
31.3049
13.0874
51.801
29.5717
49.5316
50.842
-1.0
45.0348
-1.0
46.593
25.8084
26.4852
29.0268
52.0288
35.8039
24.3804
49.5384
47.983
36.0715
15.644
36.8161
-1.0
35.9952
-1.0
43.5032
43.2498
20.0219
50.6675
-1.0
46.3011
34.2634
49.858
43.2025
34.9016
50.8562
-1.0
34.6378
-1.0
47.9537
30.7449
38.1797
-1.0
-1.0
37.4345
-1.0
38.5507
38.6942
25.9559
42.9094
31.7943
-1.0
42.4933
50.392
21.9462
-1.0
35.564
35.3085
-1.0
-1.0
8.42453
50.9514
31.5749
-1.0
45.5854
27.7648
36.6594
-1.0
46.5827
51.7763
45.224
23.4031
38.7105
45.6899
45.1571
49.5034
30.1564
42.8762
35.4462
-1.0
49.5291
45.206
-1.0
41.7229
-1.0
47.1123
27.9462
-1.0
41.8304
-1.0
17.9724
44.0769
44.4458
31.0118
44.298
-1.0
34.367
31.2042
44.2781
-1.0
24.3902
-1.0
36.6064
35.8524
47.6091
41.9177
30.9324
29.0876
28.4113
32.9763
23.6741
38.6724
36.5251
33.66
34.4917
28.0102
32.8511
47.8058
-1.0
43.2663
42.4219
26.7447
36.3094
-1.0
70.1222
41.4271
31.1108
42.8013
48.0389
25.3429
45.8224
19.9651
42.5527
31.4933
38.7708
45.5906
49.4145
21.6569
47.5796
47.2758
-1.0
32.2766
26.4135
47.5577
24.0204
43.4339
-1.0
33.2059
-1.0
25.5593
-1.0
22.9844
41.9849
-1.0
36.2905
20.4443
48.7124
48.1205
-1.0
34.2848
50.114
43.5631
48.6237
41.8466
33.8225
46.4058
37.2783
-1.0
-1.0
28.271
37.7413
17.0917
39.4273
-1.0
25.5903
48.2507
41.1515
13.059
46.7464
35.4804
49.2713
19.8178
39.3888
-1.0
-1.0
35.3377
26.0949
46.9076
-1.0
37.3695
49.997
-1.0
40.3875
43.4019
51.7859
35.867
46.4923
22.6557
27.037
-1.0
27.9894
37.1046
36.0926
22.5207
-1.0
34.3467
42.0374
30.0964
41.8544
29.0593
43.0801
45.1027
49.362
49.8736
47.7749
23.3117
29.7441
-1.0
28.8762
30.4265
52.2294
-1.0
33.9866
46.6312
32.6941
36.7445
42.2695
35.098
44.9117
37.2408
17.1157
39.8641
16.533
32.3636
39.5132
47.0013
38.2898
45.0045
50.6356
24.0305
43.0697
28.7747
23.541
-1.0
17.3346
16.9885
39.4675
48.5669
46.2294
28.9462
49.6118
43.218
51.3983
-1.0
26.1684
35.1646
-1.0
50.1636
51.2927
-1.0
28.5935
-1.0
31.6959
30.5142
11.9849
18.9026
48.1071
34.4139
38.8438
45.9187
47.076
47.9756
14.9448
32.5012
-1.0
49.629
45.5786
29.0095
-1.0
-1.0
-1.0
50.6274
49.5875
-1.0
-1.0
31.967
45.4212
44.7646
26.4085
47.2672
31.189
36.5646
-1.0
43.7507
50.356
30.6643
45.276
39.9753
33.1759
36.6406
22.0978
-1.0
48.6583
-1.0
44.2894
48.7247
44.925
25.3507
33.9989
28.4798
50.4614
50.4943
15.7583
33.3253
27.1668
35.1364
26.3987
23.1835
-1.0
25.1228
39.423
40.4222
51.4566
39.0753
32.0905
28.8951
18.785
-1.0
31.4114
40.2708
24.1251
51.8544
50.952
47.3248
47.0201
31.8211
50.4033
-1.0
26.4665
39.345
39.3409
-1.0
36.2683
-1.0
26.1798
28.0439
36.8431
-1.0
39.2556
-1.0
-1.0
43.2897
-1.0
41.5242
36.5217
50.0743
36.966
29.3726
33.9024
38.9521
29.2561
41.2944
40.2822
41.6751
-1.0
32.7767
-1.0
51.3161
12.1015
-1.0
-1.0
50.7492
50.1087
50.5957
23.0632
36.7689
28.978
-1.0
49.1833
37.9011
34.7859
39.902
25.6656
34.2967
21.3369
33.6069
50.0871
-1.0
43.4934
-1.0
52.1907
26.1544
41.6431
38.3717
31.0263
-1.0
48.9886
38.793
16.9744
31.4609
-1.0
46.315
46.6377
48.0353
39.7425
42.4108
11.6837
36.426
29.3371
-1.0
-1.0
55.3296
29.5826
20.2984
32.8945
20.4729
36.7814
-1.0
47.0633
35.3398
40.0127
28.1006
29.6722
21.9365
45.8388
43.9302
22.7803
37.9026
42.4426
15.9757
52.1294
-1.0
-1.0
48.4627
-1.0
-1.0
23.2162
51.659
47.1907
37.0029
25.5379
44.2075
43.7874
38.8648
39.9304
51.2046
48.4079
-1.0
47.2636
29.0529
27.4334
42.9505
49.2461
45.1593
30.544
-1.0
40.2679
45.6402
41.4034
45.2662
35.2469
27.9433
40.2312
50.065
43.5182
-1.0
-1.0
17.6927
-1.0
41.4341
24.396
27.1063
-1.0
