0.304049
0.825318
0.862998
0.916058
0.928549
0.346085
0.497412
0.25332
0.227469
0.890961
0.314217
0.428716
0.871662
0.870259
0.217513
0.593631
0.20956
0.216199
0.657901
0.235615
0.265336
0.866317
0.383156
0.23341
0.544504
0.974296
0.345629
0.674472
0.997561
0.996812
0.591493
0.794211
0.998653
0.55486
0.733915
0.304123
0.206368
0.816021
0.543734
0.884823
0.510139
0.719677
0.837314
0.715519
0.917094
0.502134
0.244834
0.981313
0.620109
0.304407
0.630647
0.433806
0.79981
0.940705
0.997406
0.83997
0.888917
0.214806
0.846664
0.499897
0.441974
0.787909
0.992804
0.347083
0.566537
0.937695
0.761456
0.309884
0.664975
0.336831
0.237851
0.686118
0.919605
0.236117
0.553504
0.720543
0.377224
0.499983
0.74022
0.733333
0.649576
0.927911
0.744405
0.722912
0.748989
0.413758
0.337266
0.76213
0.571753
0.75518
0.499705
0.507016
0.805929
0.300796
0.494165
0.309508
0.568442
0.625869
0.552497
0.910554
0.353057
0.839711
0.557231
0.471935
0.484631
0.908122
0.751032
0.78824
0.345768
0.382599
0.831873
0.532858
0.50883
0.592844
0.998475
0.844623
0.490711
0.783635
0.587942
0.906596
0.805186
0.750317
0.819258
0.259461
0.73461
0.662698
0.24636
0.896843
0.57988
0.992886
0.596775
0.569804
0.778864
0.664689
0.373751
0.799274
0.211692
0.243714
0.857165
0.888711
0.805489
0.966691
0.535091
0.908831
0.57842
0.94734
0.576478
0.367465
0.731607
0.852391
0.801225
0.569164
0.369896
0.558508
0.47539
0.475864
0.932253
0.65338
0.619945
0.636452
0.950945
0.804839
0.428572
0.224239
0.473466
0.665089
0.311359
0.936735
0.558216
0.385738
0.301521
0.320731
0.666706
0.819326
0.273541
0.568483
0.731223
0.96586
0.263015
0.522978
0.385267
0.622581
0.85306
0.333051
0.908261
0.400907
0.505707
0.802523
0.696647
0.570065
0.270261
0.417789
0.760195
0.700968
0.392441
0.580084
0.87465
0.230885
0.929985
0.822635
0.23106
0.450521
0.999638
0.932897
0.362334
0.711726
0.877307
0.245729
0.570342
0.896632
0.678059
0.43501
0.660369
0.479662
0.291129
0.782294
0.876413
0.939763
0.750049
0.333695
0.375032
0.377715
0.932097
0.691809
0.790198
0.738337
0.666616
0.85483
0.799647
0.856233
0.361681
0.273707
0.246551
0.544902
0.981137
0.395737
0.489922
0.999912
0.813426
0.47323
0.535386
0.564446
0.693317
0.611285
0.516966
0.91707
0.662673
0.999523
0.660766
0.764977
0.916912
0.221138
0.336132
0.695259
0.313165
0.245822
0.762872
0.364028
0.782561
0.857375
0.833361
0.352129
0.849306
0.819646
0.606089
0.800037
0.761895
0.548163
0.926917
0.542735
0.80962
0.60759
0.690516
0.679872
0.407479
0.957428
0.802072
0.954001
0.522573
0.410637
0.640074
0.309418
0.254789
0.587536
0.635214
0.565328
0.351314
0.887598
0.639319
0.999644
0.27185
0.999903
0.480799
0.85595
0.840686
0.34441
0.827353
0.365446
0.73423
0.464258
0.235533
0.756308
0.265558
0.409017
0.82206
0.31105
0.22494
0.724259
0.724942
0.258501
0.261379
0.888685
0.274241
0.989813
0.768614
0.665321
0.925768
0.618605
0.84758
0.891613
0.270395
0.887465
0.479662
0.275758
0.396107
0.350105
0.895419
0.727134
0.224721
0.989293
0.51769
0.564109
0.994093
0.877438
0.916662
0.408019
0.694652
0.595872
0.621644
0.913165
0.373451
0.948005
0.473638
0.852787
0.996747
0.765374
0.281477
0.801681
0.738689
0.677164
0.483414
0.818867
0.619132
0.999371
0.857498
0.343696
0.820212
0.774495
0.783002
0.398601
0.774331
0.479163
0.786781
0.599699
0.573522
0.999967
0.870446
0.243187
0.664626
0.723658
0.69929
0.799823
0.40392
0.795351
0.916321
0.888366
0.855627
0.332375
0.507111
0.455142
0.82741
0.789059
0.646397
0.683623
0.683947
0.283198
0.73155
0.521908
0.876938
0.312543
0.771735
0.211157
0.998367
0.87404
0.633362
0.721381
0.709067
0.633674
0.923635
0.821452
0.424505
0.471158
0.347299
0.486231
0.919266
0.857165
0.823819
0.90948
0.599619
0.821674
0.664183
0.404393
0.778556
0.582823
0.734531
0.760972
0.712193
0.511616
0.553444
0.335245
0.2048
0.561557
0.7288
0.816999
0.359827
0.366188
0.92291
0.583818
0.214716
0.714635
0.398861
0.999524
0.619234
0.857178
0.977114
0.816426
0.216428
0.999312
0.652859
0.90418
0.310446
0.982308
0.55396
0.673283
0.601547
0.900398
0.928294
0.919241
0.64387
0.931294
0.82679
0.989367
0.359398
0.998766
0.617912
0.767579
0.929641
0.413782
0.722172
0.339865
0.471562
0.822954
0.80776
0.898903
0.725626
0.581353
0.297501
0.575256
0.636902
0.59316
0.457321
0.245655
0.997129
0.437345
0.295868
0.543455
0.814435
0.205964
0.909479
0.840791
0.99999
0.815178
0.856551
0.427331
0.777327
0.828605
0.201471
0.991053
0.410826
0.54699
0.238127
0.666189
0.676063
0.280208
0.456523
0.598275
0.853472
0.817125
0.618983
0.359399
0.789661
0.24523
0.683932
0.982612
0.33041
0.66949
0.39275
0.569611
0.301622
0.854327
0.763241
0.886853
0.998424
0.737682
0.45447
0.582066
0.697052
0.753664
0.679292
0.341225
0.671345
0.224082
0.458171
0.782932
0.231751
0.775969
0.596033
0.897363
0.301406
0.533997
0.724471
0.229913
0.222668
0.410115
0.799325
0.934696
0.40004
0.200557
0.249447
0.996485
0.634375
0.394104
0.997105
0.892303
0.628255
0.398697
0.780827
0.546273
0.776558
0.666919
0.99685
0.375786
0.848978
0.561887
0.846908
0.777081
0.600287
0.673551
0.826157
0.830594
0.316728
0.831008
0.665979
0.7693
0.684402
0.222334
0.772381
0.75934
0.837408
0.438589
0.52928
0.999051
0.73353
0.714436
0.908423
0.558357
0.521541
0.583227
0.481748
0.883115
0.350784
0.77982
0.713201
0.740689
0.839566
0.487888
0.83648
0.669672
0.999681
0.650547
0.618286
0.869391
0.712613
0.58217
0.214043
0.772712
0.81778
0.889676
0.670231
0.455355
0.739943
0.531321
0.60559
0.387747
0.59339
0.397455
0.227443
0.856698
0.380919
0.749796
0.389909
0.976533
0.810008
0.975348
0.449331
0.814838
0.323792
0.808676
0.242791
0.83374
0.999867
0.897687
0.713122
0.441875
0.340726
0.265959
0.730388
0.999814
0.859227
0.388166
0.994292
0.283476
0.223361
0.8673
0.216666
0.694988
0.534624
0.999716
0.799008
0.677625
0.923858
0.205515
0.776527
0.989431
0.225926
0.558245
0.616235
0.714067
0.217903
0.268525
0.571234
0.44232
0.295144
0.981155
0.215334
0.669644
0.640812
0.842103
0.91984
0.552181
0.21251
0.295075
0.880495
0.56807
0.674514
0.857049
0.993171
0.242667
0.572148
0.905196
0.858203
0.614043
0.944393
0.98931
0.574713
0.90549
0.44942
0.43233
0.30909
0.884224
0.464293
0.781695
0.991823
0.390776
0.684654
0.755991
0.228922
0.443047
0.773318
0.999866
0.324687
0.505411
0.67715
0.606462
0.968063
0.90471
0.998824
0.862478
0.926431
0.858562
0.856409
0.805883
0.870614
0.781474
0.909413
0.693315
0.26318
0.855667
0.527593
0.800715
0.558923
0.212636
0.889176
0.413959
0.583911
0.892158
0.98294
0.439793
0.391219
0.24659
0.247358
0.586976
0.624001
0.758875
0.814122
0.62377
0.998975
0.858696
0.561878
0.466093
0.907874
0.548133
0.831709
0.920703
0.987908
0.207939
0.554902
0.536312
0.656014
0.812218
0.209353
0.927034
0.926851
0.903812
0.679125
0.378653
0.996765
0.994912
0.309511
0.679565
0.249616
0.778101
0.292918
0.830078
0.750349
0.842131
0.888556
0.535929
0.5608
0.770258
0.347902
0.219286
0.413
0.993886
0.752047
0.695363
0.359043
0.865963
0.808785
0.683151
0.871629
0.430505
0.746165
0.314719
0.833861
0.523743
0.610827
0.244102
0.393466
0.861314
0.998658
0.274992
0.800992
0.965109
0.923039
0.916196
0.79452
0.419377
0.832141
0.382573
0.769374
0.600733
0.739637
0.393375
0.207188
0.256679
0.873174
0.519278
0.791796
0.604403
0.784914
0.972366
0.976844
0.337592
0.357608
0.586381
0.264992
0.786566
0.525626
0.994746
0.850039
0.439025
0.267886
0.745447
0.931302
0.29612
0.386614
0.233252
0.899005
0.832695
0.785703
0.304942
0.916122
0.209295
0.797088
0.540178
0.431302
0.467121
0.899557
0.643387
0.592865
0.635571
0.463627
0.773885
0.875
0.624035
0.664894
0.822962
0.441137
0.991956
0.485234
0.284688
0.862918
0.560668
0.732202
0.265822
0.424004
0.310482
0.559772
0.970751
0.731724
0.800393
0.825247
0.348167
0.837171
0.888765
0.466316
0.529401
0.320577
0.656489
0.264053
0.696494
0.443207
0.484763
0.810634
0.597007
0.737617
0.996939
0.260632
0.72371
0.91825
0.237207
0.993963
0.29917
0.733335
0.552015
0.671711
0.892515
0.331455
0.865904
0.500925
0.71286
0.603784
0.470826
0.996026
0.992474
0.592688
0.624082
0.270504
0.923106
0.602699
0.249758
0.926226
0.999944
0.448335
0.204084
0.259595
0.71073
0.394071
0.711281
0.462338
0.686679
0.995844
0.409222
0.913448
0.780659
0.298642
0.376457
0.812041
0.870023
0.871395
0.390395
0.853637
0.250855
0.552131
0.47328
0.740884
0.316892
0.879838
0.848099
0.98297
0.731307
0.589571
0.769874
0.38183
0.649833
0.645303
0.206365
0.363845
0.997374
0.467292
0.81724
0.884714
0.352419
0.997508
0.973526
0.917271
0.884375
0.999018
0.390472
0.250771
0.773093
0.381011
0.991536
0.937425
0.933666
0.478671
0.727911
0.258618
0.82915
0.574866
0.875002
0.296875
0.316846
0.226879
0.320554
0.802163
0.81614
0.875592
0.944045
0.888538
0.437087
0.605106
0.806747
0.706535
0.648547
0.433831
0.829042
0.611467
0.301021
0.263958
0.366562
0.902357
0.811351
0.799038
0.30031
0.642105
0.356914
0.45694
0.872252
0.252101
0.687408
0.723229
0.212549
0.763428
0.744202
0.306312
0.579596
0.415821
0.7397
0.644151
0.44026
0.332682
0.799111
0.437639
0.684785
0.516969
0.848942
0.40173
0.774172
0.464061
0.350126
0.883583
0.479778
0.849707
0.873042
0.750053
0.690683
0.892579
0.308937
0.703875
0.524184
0.727391
0.208011
0.478116
0.813773
0.950184
0.730172
0.871635
0.364378
0.643879
0.570077
0.767413
0.631329
0.866407
0.869106
0.364686
0.988133
0.67084
0.349277
0.440544
0.336725
0.999808
0.459289
0.510775
0.993827
0.803383
0.568068
0.511791
0.999292
0.659256
0.55404
0.588564
0.330318
0.718916
0.807189
0.269124
0.391041
0.787214
0.999962
0.880074
0.53805
0.205432
0.535878
0.894493
0.408205
0.556944
0.983918
0.239051
0.996898
0.454394
0.387712
0.9619
0.276988
0.212622
0.907493
0.871
0.303211
0.79642
0.736802
0.451994
0.838677
0.271695
0.374507
0.73444
0.868594
0.902482
0.595042
0.948481
0.592041
0.99987
0.872501
0.605884
0.998001
0.733038
0.763917
0.494522
0.40305
0.44302
0.576344
0.200454
0.348749
0.207409
0.621646
0.923185
0.523388
0.667526
0.323304
0.213023
0.800002
0.431615
0.974489
0.221114
0.641516
0.999522
0.772207
0.697598
0.929209
0.862065
0.933948
0.533113
0.502067
0.410717
0.263593
0.758601
0.720144
0.589271
0.337897
0.552214
0.440169
0.840252
0.893524
0.412294
0.556255
0.921394
0.372858
0.596065
0.833101
0.508743
0.847317
0.463054
0.974699
0.699701
0.205822
0.741701
0.603704
0.86359
0.782465
0.883102
0.597567
0.523757
0.857041
0.664577
0.401102
0.379261
0.937018
0.489123
0.41616
0.759354
0.491739
0.39494
0.390211
0.688133
0.779418
0.277806
0.294197
0.826646
0.472813
0.812154
0.304407
0.530075
0.899786
0.999957
0.857093
0.936997
0.814176
0.911783
0.242839
0.338931
0.23524
0.869804
0.746581
0.236593
0.827471
0.421233
0.50934
0.768578
0.481639
0.239223
0.226558
0.668743
0.777623
0.589138
0.319797
0.244642
0.995535
0.452431
0.82704
0.779977
0.957206
0.248987
0.262265
0.494233
0.619099
0.329749
0.974208
0.801043
0.202029
0.825717
0.867223
0.830639
0.450702
0.77491
0.611594
0.870582
0.750553
0.574031
0.748034
0.769504
0.398068
0.328254
0.766364
0.818687
0.20568
0.624999
0.569083
0.461921
0.495056
0.546171
0.632744
0.640932
0.583203
0.593813
0.355689
0.705449
0.77813
0.309687
0.945599
0.538463
0.613801
0.749003
0.615336
0.667118
0.334253
0.857246
0.927806
0.227194
0.649644
0.959271
0.908244
0.674594
0.642892
0.311947
0.334742
0.784416
0.945266
0.608901
0.915601
0.983881
0.936089
0.904247
0.649719
0.77442
0.354011
0.617669
0.836273
0.219086
0.921139
0.748913
0.725758
0.365232
0.629925
0.450592
0.658417
0.825468
0.499787
0.501569
0.263873
0.908014
0.303266
0.995435
0.573775
0.503726
0.529307
0.483741
0.258324
0.2454
0.398207
0.887858
0.420493
0.921541
0.357599
0.213859
0.841068
0.750356
0.642981
0.799907
0.997787
0.998349
0.86855
0.799936
0.253307
0.908583
0.927586
0.493493
0.49399
0.630576
0.257222
0.583981
0.713223
0.361374
0.258388
0.332744
0.260174
0.432474
0.999521
0.501847
0.286253
0.259927
0.812618
0.836571
0.450018
0.739092
0.82953
0.303221
0.256538
0.999991
0.56227
0.44502
0.882008
0.348685
0.203115
0.269764
0.21243
0.999395
0.22043
0.244289
0.767597
0.78055
0.716845
0.888888
0.888897
0.777133
0.539368
0.827807
0.999729
0.814517
0.291081
0.800171
0.549701
0.217204
0.697967
0.23395
0.611338
0.326749
0.669869
0.802778
0.202061
0.395685
0.925981
0.297178
0.758117
0.855844
0.752738
0.669203
0.860822
0.981224
0.367246
0.304268
0.669924
0.244046
0.901086
0.279466
0.508416
0.760625
0.444985
0.212889
0.793661
0.677247
0.251648
0.87393
0.580877
0.611609
0.741496
0.992407
0.628743
0.28326
0.803678
0.785451
0.625272
0.575402
0.997871
0.322452
0.738566
0.809208
0.205586
0.857614
0.443831
0.542624
0.809772
0.842396
0.500415
0.605928
0.440701
0.859031
0.237357
0.362565
0.322791
0.403866
0.991956
0.265753
0.875409
0.805738
0.319563
0.75576
0.541515
0.759608
0.926538
0.303546
0.272665
0.65748
0.292233
0.737928
0.857139
0.818716
0.872243
0.254558
0.431625
0.228087
0.384589
0.934199
0.322257
0.950896
0.899393
0.402898
0.373143
0.358962
0.741647
0.358104
0.957848
0.630486
0.685564
0.321799
0.307885
0.724792
0.67861
0.428207
0.282415
0.784347
0.811127
0.297929
0.852138
0.922462
0.99684
0.860809
0.833274
0.999409
0.249798
0.446362
0.325407
0.838539
0.638194
0.812999
0.921042
0.827784
0.837405
0.335601
0.342095
0.284474
0.624033
0.224056
0.873192
0.899689
0.977548
0.70797
0.625127
0.702922
0.836261
0.946355
0.518885
0.743693
0.461771
0.775095
0.836275
0.246923
0.495888
0.305401
0.221492
0.304622
0.794221
0.649872
0.364463
0.832461
0.566488
0.665608
0.543446
0.498127
0.345517
0.821781
0.54575
0.997614
0.536789
0.855459
0.783714
0.74132
0.78572
0.259181
0.841283
0.905441
0.264315
0.719864
0.81265
0.454455
0.743301
0.448129
0.207466
0.508789
0.772731
0.701766
0.706765
0.212299
0.201525
0.629292
0.355035
0.60171
0.213262
0.360979
0.440931
0.766597
0.248958
0.578948
0.648592
0.866225
0.713953
0.333236
0.691033
0.400857
0.995753
0.849953
0.553314
0.281047
0.999801
0.447526
0.402427
0.421653
0.634036
0.689415
0.251741
0.770348
0.585513
0.568982
0.495585
0.699674
0.245475
0.648517
0.787606
0.292163
0.738027
0.819848
0.719787
0.425331
0.923023
0.880147
0.604605
0.867141
0.441495
0.503508
0.51842
0.229596
0.530963
0.484244
0.750106
0.881506
0.998699
0.598725
0.421038
0.261782
0.624345
0.718294
0.720307
0.999965
0.347973
0.736773
0.245367
0.932351
0.273707
0.356033
0.783637
0.936222
0.49415
0.399225
0.8627
0.301306
0.710148
0.392768
0.640575
0.810692
0.498374
0.781279
0.637064
0.832867
0.382414
0.361061
0.215766
0.202722
0.509456
0.933308
0.773444
0.358127
0.876063
0.802385
0.201078
0.968947
0.908572
0.698848
0.996793
0.755167
0.220207
0.95424
0.878643
0.824938
0.712872
0.617615
0.237281
0.600211
0.54508
0.601413
0.616229
0.764622
0.987937
0.449387
0.502507
0.503676
0.20618
0.312684
0.301264
0.717195
0.765165
0.991286
0.303965
0.457028
0.593833
0.42366
0.262123
0.569812
0.354592
0.400337
0.586786
0.665997
0.999696
0.235209
0.730425
0.287155
0.257156
0.869133
0.40519
0.933303
0.365998
0.231479
0.560752
0.822188
0.817682
0.769635
0.748021
0.210233
0.362752
0.618185
0.687135
0.367137
0.821795
0.505717
0.597344
0.690085
0.673089
0.993214
0.232023
0.231197
0.832842
0.936775
0.658496
0.959556
0.569999
0.767664
0.978135
0.66487
0.659951
0.999999
0.336324
0.853598
0.623397
0.854247
0.852821
0.227476
0.798849
0.849349
0.792293
0.227944
0.730173
0.529284
0.265853
0.219892
0.505031
0.223831
0.823431
0.697394
0.799503
0.634393
0.372403
0.253319
0.436611
0.943647
0.892761
0.988512
0.330475
0.629072
0.724277
0.881651
0.998318
0.499416
0.222881
0.70776
0.381796
0.794734
0.254015
0.580956
0.66392
0.395385
0.370208
0.849346
0.63756
0.81817
0.826838
0.855452
0.988104
0.497762
0.52418
0.999808
0.75994
0.227679
0.236554
0.890904
0.307679
0.829511
0.407348
0.940777
0.333897
0.823017
0.279441
0.535714
0.643757
0.829602
0.23511
0.874534
0.385251
0.228926
0.922322
0.816718
0.4209
0.534537
0.875053
0.397991
0.218024
0.580422
0.750388
0.756641
0.399736
0.659455
0.427693
0.999342
0.845894
0.39347
0.820707
0.457299
0.748137
0.206782
0.423986
0.858008
0.747473
0.220587
0.460467
0.921698
0.453902
0.498438
0.803794
0.832991
0.92826
0.538511
0.984197
0.82148
0.673154
0.57083
0.52942
0.499768
0.533519
0.817004
0.99833
0.400032
0.264388
0.89998
0.900119
0.363676
0.902481
0.21561
0.244946
0.671962
0.279888
0.247447
0.773263
0.86378
0.805556
0.666482
0.72889
0.36858
0.872138
0.797645
0.999727
0.302304
0.64843
0.623309
0.321167
0.415358
0.399021
0.85355
0.803376
0.734948
0.996278
0.239466
0.484444
0.794593
0.999781
0.422978
0.82218
0.626061
0.718131
0.78197
0.59892
0.200573
0.743864
0.843285
0.82541
0.341397
0.857069
0.252288
0.2624
0.37522
0.817418
0.830937
0.866958
0.243503
0.736031
0.999914
0.532002
0.812245
0.488244
0.671197
0.765932
0.200636
0.341494
0.821348
0.211965
0.998535
0.709457
0.547043
0.876695
0.20386
0.561217
0.880266
0.272101
0.689678
0.565011
0.735869
0.869138
0.848429
0.27292
0.74673
0.338339
0.228616
0.934032
0.499838
0.865161
0.773725
0.72188
0.683564
0.470051
0.728871
0.738008
0.854031
0.532997
0.727893
0.329444
0.857429
0.65386
0.565755
0.333531
0.854433
0.888846
0.699836
0.763468
0.683213
0.978407
0.228695
0.258838
0.64312
0.8807
0.329428
0.492482
0.224353
0.248692
0.612976
0.725857
0.528177
0.323874
0.20391
0.674712
0.47911
0.311437
0.610128
0.988367
0.228303
0.928774
0.715424
0.996055
0.834081
0.784932
0.852945
0.415894
0.24828
0.208222
0.604738
0.922956
0.753691
0.403269
0.907892
0.89498
0.874529
0.615205
0.260282
0.820257
0.740247
0.99799
0.503317
0.772284
0.462506
0.414669
0.749348
0.99764
0.566874
0.858223
0.475166
0.486759
0.461416
0.856867
0.25769
0.310394
0.618586
0.783443
0.988839
0.587462
0.924211
0.749978
0.826126
0.510756
0.215326
0.31259
0.745025
0.509435
0.959382
0.840294
0.652376
0.66654
0.959837
0.399898
0.349427
0.220405
0.710843
0.336663
0.593929
0.333239
0.768647
0.968936
0.22351
0.627814
0.999031
0.201927
0.490349
0.244976
0.810468
0.201903
0.346938
0.226057
0.985478
0.430901
0.892857
0.452709
0.328163
0.945637
0.51353
0.906245
0.44086
0.528075
0.678408
0.69888
0.963487
0.871133
0.673689
0.83657
0.232276
0.404258
0.218774
0.577326
0.235505
0.857124
0.391134
0.991398
0.308109
0.564559
0.282198
0.346175
0.994937
0.671149
0.296669
0.474888
0.598413
0.41004
0.688042
0.237502
0.498809
0.381275
0.851829
0.283602
0.448256
0.336496
0.242978
0.568013
0.366298
0.204972
0.677093
0.244212
0.79491
0.719706
0.34908
0.601832
0.857863
0.317648
0.565454
0.873798
0.833045
0.99611
0.799381
0.871858
0.346368
0.58207
0.995401
0.425009
0.856648
0.846291
0.999737
0.437986
0.621055
0.868127
0.647738
0.338146
0.459343
0.80792
0.512105
0.402942
0.228066
0.662962
0.442678
0.246372
0.71224
0.609171
0.824249
0.751577
0.563169
0.838958
0.384698
0.530081
0.380601
0.48396
0.857031
0.528926
0.973443
0.630512
0.903059
0.778505
0.918513
0.922871
0.751387
0.8526
0.836432
0.564458
0.666548
0.328219
0.788544
0.797056
0.489897
0.873222
0.583549
0.655668
0.607687
0.361107
0.618749
0.86414
0.645937
0.311746
0.999531
0.852112
0.267088
0.375628
0.660523
0.62021
0.462292
0.507042
0.844832
0.265325
0.228057
0.666211
0.792497
0.695319
0.664055
0.909533
0.53059
0.669649
0.589271
0.549495
0.641435
0.478165
0.219128
0.809406
0.523531
0.945599
0.694834
0.927858
0.255889
0.927725
0.916374
0.681525
0.797468
0.997787
0.622863
0.877516
0.881556
0.368196
0.662137
0.666513
0.860449
0.359834
0.797921
0.21236
0.999188
0.200473
0.525066
0.683145
0.49922
0.326464
0.201858
0.52405
0.845289
0.551165
0.33445
0.866241
0.702401
0.98737
0.678287
0.817082
0.798489
0.869233
0.740882
0.995741
0.695742
0.711141
0.201309
0.483128
0.489481
0.751537
0.858266
0.588987
0.746861
0.348006
0.99954
0.823532
0.663827
0.257176
0.866681
0.214012
0.999727
0.709609
0.79921
0.882051
0.553479
0.508589
0.58253
0.665871
0.864153
0.381036
0.241657
0.31322
0.892742
0.874171
0.872334
0.480778
0.723368
0.559137
0.293121
0.448566
0.635895
0.999318
0.684075
0.915935
0.726879
0.250169
0.965624
0.606672
0.856545
0.700986
0.333835
0.781389
0.335681
0.44496
0.5498
0.588249
0.659877
0.999524
0.311458
0.229579
0.601399
0.836597
0.723905
0.5525
0.903494
0.571752
0.817411
0.453435
0.375195
0.712383
0.588413
0.204765
0.662368
0.5594
0.749793
0.416161
0.309916
0.668915
0.212045
0.507792
0.917478
0.641808
0.540488
0.380123
0.9854
0.6916
0.705242
0.73041
0.54153
0.375221
0.528335
0.642467
0.662471
0.428501
0.7801
0.995083
0.292789
0.253092
0.442182
0.556733
0.712848
0.621079
0.94074
0.871908
0.69926
0.99983
0.812223
0.858342
0.760552
0.726804
0.770375
0.88874
0.858263
0.238067
0.341587
0.458357
0.693155
0.599662
0.621611
0.226141
0.801562
0.999415
0.402079
0.227917
0.784507
0.749859
0.33641
0.629464
0.295359
0.51842
0.997802
0.413251
0.926463
0.608352
0.640601
0.713918
0.698717
0.802382
0.724432
0.701531
0.559599
0.728015
0.336776
0.920978
0.66274
0.728764
0.483791
0.546697
0.754571
0.766337
0.999681
0.535183
0.983535
0.498558
0.307325
0.361951
0.717576
0.282009
0.921417
0.679523
0.438303
0.959523
0.736173
0.997082
0.291556
0.941853
0.738622
0.658762
0.61575
0.72067
0.703714
0.531592
0.850183
0.605577
0.708865
0.261317
0.491265
0.521002
0.230767
0.387136
0.62693
0.975796
0.514111
0.79784
0.620287
0.646558
0.365787
0.334501
0.798804
0.412233
0.704212
0.706375
0.698043
0.874583
0.74966
0.21605
0.94154
0.745951
0.464009
0.888116
0.293629
0.288486
0.322407
0.568339
0.420878
0.847374
0.9785
0.235676
0.806814
0.764629
0.351188
0.741515
0.508037
0.430104
0.601305
0.214841
0.796607
0.299885
0.493523
0.50356
0.359561
0.333227
0.760594
0.985213
0.488971
0.731727
0.273135
0.795956
0.724691
0.502656
0.540998
0.61072
0.899597
0.737671
0.821865
0.70668
0.254589
0.65218
0.810421
0.602207
0.259631
0.404154
0.448554
0.470871
0.863782
0.571173
0.864928
0.713182
0.403684
0.787137
0.569712
0.849616
0.998899
0.200694
0.928329
0.855163
0.999264
0.825164
0.82954
0.369841
0.846295
0.234908
0.965849
0.365596
0.472171
0.200785
0.882156
0.540739
0.276454
0.982121
0.569733
0.839054
0.476932
0.908145
0.99543
0.786472
0.487738
0.492761
0.491196
0.674186
0.589036
0.910596
0.51587
0.807537
0.764924
0.546942
0.700631
0.78867
0.449782
0.464036
0.798589
0.441874
0.601517
0.784766
0.629452
0.816751
0.692307
0.576707
0.516944
0.590806
0.723961
0.379542
0.895681
0.804542
0.82321
0.898641
0.273836
0.511538
0.302222
0.597206
0.824058
0.321452
0.833067
0.988518
0.389994
0.707426
0.239575
0.259121
0.859784
0.475743
0.804979
0.534141
0.427974
0.693503
0.326439
0.615944
0.799512
0.863041
0.293578
0.598387
0.241113
0.2137
0.25073
0.490787
0.554955
0.958481
0.832029
0.890762
0.775314
0.498585
0.320298
0.591822
0.999449
0.851123
0.863888
0.496986
0.317622
0.789647
0.666052
0.87085
0.667069
0.765442
0.572239
0.289029
0.838963
0.796956
0.958652
0.878443
0.777566
0.266395
0.298757
0.586603
0.649159
0.999748
0.755752
0.577215
0.308342
0.709388
0.702209
0.904476
0.753134
0.882689
0.802341
0.538462
0.820693
0.597218
0.239918
0.909311
0.251664
0.666369
0.611106
0.523246
0.856317
0.205811
0.827839
0.825366
0.993332
0.793303
0.252641
0.275981
0.826267
0.746692
0.926655
0.37992
0.764274
0.683733
0.353361
0.499644
0.906629
0.798252
0.832322
0.849087
0.99789
0.317867
0.737784
0.289621
0.850526
0.67764
0.881911
0.65869
0.37989
0.494321
0.814607
0.663932
0.542834
0.669164
0.724067
0.532199
0.554371
0.499989
0.645848
0.733169
0.243169
0.398218
0.289742
0.50161
0.996748
0.644899
0.479648
0.837516
0.874875
0.357263
0.465367
0.908733
0.623093
0.618857
0.7875
0.255073
0.384212
0.493771
0.767844
0.782384
0.554519
0.836281
0.237858
0.520213
0.605362
0.840937
0.66237
0.342143
0.422437
0.253729
0.486291
0.749974
0.531399
0.584827
0.257243
0.512313
0.822403
0.998947
0.965919
0.493626
0.999797
0.868708
0.63972
0.9984
0.817452
0.584045
0.630172
0.519908
0.799296
0.998974
0.414014
0.789822
0.744335
0.643707
0.767803
0.244268
0.999413
0.237568
0.26705
0.499194
0.972048
0.702433
0.72778
0.265029
0.777792
0.631398
0.85202
0.520042
0.817784
0.218598
0.406464
0.758358
0.692204
0.985003
0.378732
0.869142
0.713678
0.612391
0.838501
0.374194
0.475416
0.593754
0.93799
0.712129
0.88092
0.786676
0.807786
0.934512
0.475788
0.739382
0.426402
0.405948
0.451059
0.611514
0.844878
0.360504
0.419277
0.460894
0.866717
0.287088
0.677632
0.297899
0.750658
0.966066
0.580836
0.809002
0.569772
0.817015
0.305569
0.231771
0.571466
0.514582
0.516663
0.544145
0.998508
0.649732
0.546856
0.848584
0.582003
0.861547
0.832704
0.249976
0.737788
0.279135
0.929758
0.873913
0.70944
0.808191
0.675642
0.988033
0.453438
0.325276
0.720126
0.666781
0.715643
0.727102
0.400975
0.562084
0.511338
0.78417
0.749309
0.86823
0.990497
0.859419
0.210277
0.437676
0.331919
0.22191
0.873678
0.998816
0.833228
0.999896
0.626256
0.455101
0.815118
0.846078
0.541113
0.358015
0.879004
0.89171
0.339132
0.873474
0.997323
0.908026
0.615006
0.414896
0.783465
0.953836
0.688441
0.691566
0.798691
0.401857
0.995674
0.73741
0.65942
0.798857
0.838083
0.874128
0.236462
0.546013
0.642172
0.751514
0.871031
0.717971
0.478313
0.806269
0.857355
0.434188
0.664482
0.391223
0.210104
0.787713
0.998651
0.962291
0.285093
0.296542
0.992489
0.389682
0.427972
0.517409
0.412087
0.778641
0.813626
0.599131
0.457091
0.729687
0.416132
0.799922
0.390195
0.999813
0.37764
0.975652
0.688057
0.278199
0.930448
0.231655
0.888505
0.201079
0.7169
0.856959
0.944439
0.837793
0.726034
0.753305
0.839428
0.506194
0.761123
0.768281
0.410933
0.721245
0.29271
0.928539
0.596914
0.999016
0.412981
0.999609
0.255903
0.648686
0.620405
0.473085
0.626505
0.909431
0.888802
0.228008
0.302371
0.512398
0.94726
0.874121
0.375832
0.622301
0.623808
0.999991
0.782071
0.811572
0.563392
0.830902
0.497746
0.275262
0.887433
0.466398
0.447759
0.777641
0.561496
0.417157
0.261016
0.786068
0.665563
0.97221
0.967199
0.999992
0.445139
0.296426
0.433017
0.749707
0.612103
0.974578
0.826445
0.493812
0.502788
0.746737
0.372151
0.385626
0.702132
0.406482
0.856356
0.9368
0.79695
0.896753
0.658732
0.655587
0.682099
0.834215
0.995431
0.34363
0.214837
0.617733
0.742116
0.513203
0.878353
0.908131
0.846039
0.85524
0.772612
0.702305
0.458568
0.527713
0.793403
0.214935
0.287513
0.713964
0.858736
0.708106
0.858458
0.825999
0.368184
0.68236
0.208373
0.692014
0.674796
0.978014
0.845965
0.766924
0.76151
0.320745
0.799904
0.855685
0.647907
0.854391
0.889041
0.823375
0.369225
0.931892
0.218779
0.75112
0.325696
0.789998
0.999737
0.452857
0.618817
0.924437
0.748028
0.829375
0.243705
0.994485
0.977716
0.876664
0.547179
0.761154
0.999878
0.784845
0.48723
0.696402
0.605896
0.833252
0.309297
0.466639
0.705858
0.540613
0.856418
0.891082
0.338055
0.864428
0.853056
0.472487
0.298441
0.544004
0.833296
0.798722
0.261494
0.98751
0.551605
0.260139
0.62418
0.80843
0.826858
0.662407
0.845732
0.994743
0.867679
0.327648
0.612225
0.24762
0.31859
0.30563
0.569286
0.963736
0.43349
0.504067
0.866565
0.999027
0.663475
0.720386
0.241601
0.933689
0.835916
0.559647
0.841434
0.727362
0.679177
0.685792
0.277582
0.971241
0.687251
0.204853
0.82229
0.921199
0.90794
0.660604
0.797806
0.353634
0.906755
0.211924
0.419853
0.75498
0.481114
0.284968
0.348054
0.656897
0.995985
0.470549
0.573742
0.380527
0.45393
0.650523
0.938063
0.736354
0.812191
0.583268
0.632856
0.581411
0.809974
0.611379
0.499236
0.49287
0.501875
0.449503
0.584722
0.626109
0.720164
0.424996
0.510165
0.905162
0.284406
0.336124
0.31259
0.216881
0.258346
0.372428
0.393819
0.228551
0.266654
0.778369
0.310288
0.817972
0.564686
0.869989
0.251041
0.530241
0.266836
0.746152
0.628782
0.917095
0.797741
0.276914
0.574168
0.786061
0.422866
0.729083
0.780751
0.270924
0.538529
0.383707
0.258502
0.458356
0.575831
0.41831
0.301676
0.281059
0.621445
0.777368
0.36381
0.819794
0.628653
0.398848
0.714986
0.593789
0.576518
0.714263
0.638276
0.318081
0.989853
0.433344
0.930783
0.699838
0.990954
0.816678
0.646947
0.681436
0.552688
0.409082
0.601271
0.841649
0.257531
0.798282
0.357619
0.435609
0.32479
0.355128
0.360931
0.606731
0.393307
0.855804
0.740647
0.367131
0.75049
0.775721
0.254545
0.321646
0.753045
0.999967
0.286093
0.499893
0.907396
0.720089
0.287014
0.664647
0.858681
0.557902
0.235607
0.821912
0.999928
0.939935
0.99215
0.577171
0.998427
0.202904
0.31467
0.586847
0.890543
0.642954
0.999965
0.888814
0.867134
0.881892
0.232728
0.537447
0.565633
0.619824
0.728929
0.987854
0.624071
0.322919
0.844733
0.870366
0.35409
0.230555
0.824417
0.776408
0.855837
0.662398
0.757383
0.998141
0.520593
0.254326
0.966777
0.348871
0.673628
0.786568
0.979101
0.710873
0.622885
0.769061
0.624685
0.24784
0.8889
0.555261
0.996258
0.513783
0.421259
0.55358
0.979355
0.928225
0.64292
0.324977
0.486658
0.560161
0.75839
0.906889
0.799416
0.616513
0.289128
0.40839
0.595926
0.999346
0.266751
0.335709
0.999588
0.210043
0.99816
0.992522
0.631209
0.285882
0.634633
0.404209
0.724451
0.773886
0.967577
0.713336
0.777469
0.436358
0.909894
0.832224
0.765126
0.231069
0.590643
0.999414
0.987877
0.832731
0.763257
0.513495
0.749615
0.25564
0.257144
0.705942
0.700364
0.96122
0.80267
0.841924
0.486643
0.424426
0.320059
0.866759
0.356265
0.21656
0.200012
0.563362
0.508101
0.647072
0.831058
0.297122
0.434125
0.531007
0.201419
0.220008
0.36922
0.596372
0.560691
0.609704
0.362728
0.931633
0.795281
0.486842
0.608356
0.814858
0.499487
0.629258
0.638237
0.813585
0.399975
0.408975
0.585642
0.727856
0.259251
0.663743
0.220118
0.788901
0.41995
0.732511
0.568286
0.83016
0.227866
0.929768
0.643123
0.209355
0.712608
0.871767
0.850411
0.658755
0.308961
0.422778
0.58101
0.550743
0.908422
0.477547
0.785117
0.530378
0.785713
0.888186
0.965227
0.366445
0.793714
0.261104
0.99968
0.555097
0.396328
0.887916
0.564339
0.958321
0.862279
0.999066
0.800968
0.949855
0.326662
0.413463
0.822334
0.859259
0.856548
0.684633
0.713478
0.945536
0.991493
0.684962
0.825898
0.630421
0.52425
0.691603
0.885002
0.456483
0.334874
0.793515
0.642077
0.840939
0.408522
0.713653
0.204812
0.47241
0.53169
0.766688
0.364924
0.850356
0.598246
0.423809
0.997723
0.997141
0.23262
0.909203
0.973414
0.546483
0.219899
0.420485
0.749941
0.544961
0.448533
0.219855
0.841047
0.328654
0.299929
0.515639
0.994568
0.662142
0.871295
0.582198
0.999561
0.387084
0.902807
0.687814
0.630547
0.780612
0.647296
0.29992
0.552181
0.219151
0.220043
0.333134
0.927623
0.922607
0.711269
0.395778
0.840624
0.573878
0.33941
0.997967
0.751074
0.998288
0.335065
0.567019
0.275223
0.59994
0.749908
0.430175
0.696508
0.792432
0.51451
0.52013
0.409884
0.583881
0.748401
0.3473
0.243964
0.755597
0.618674
0.308214
0.524205
0.238049
0.57043
0.866718
0.40739
0.254112
0.510663
0.62131
0.999856
0.477278
0.694289
0.696864
0.823822
0.336811
0.774494
0.554741
0.731478
0.370402
0.407873
0.812252
0.719782
0.705475
0.715594
0.637353
0.82981
0.866502
0.515522
0.868285
0.548351
0.259052
0.662398
0.430148
0.280213
0.387298
0.207112
0.947579
0.773039
0.400809
0.343917
0.544741
0.872995
0.994759
0.735016
0.698707
0.756246
0.78996
0.79818
0.620783
0.733137
0.201619
0.782896
0.575121
0.237169
0.51025
0.856114
0.958673
0.900261
0.788581
0.936286
0.69963
0.79863
0.983029
0.352828
0.844217
0.343279
0.762052
0.218354
0.226465
0.658648
0.84965
0.764791
0.267803
0.318844
0.455352
0.782425
0.564666
0.298332
0.804893
0.367284
0.935047
0.799254
0.999232
0.228797
0.786934
0.714179
0.789093
0.667885
0.257167
0.357159
0.773647
0.508624
0.868404
0.543148
0.857016
0.997538
0.725471
0.829592
0.666266
0.513604
0.67926
0.89612
0.348448
0.678241
0.273005
0.788085
0.830698
0.461075
0.835291
0.809726
0.849971
0.484646
0.634353
0.814824
0.616496
0.4011
0.204001
0.587793
0.588099
0.592714
0.820569
0.325257
0.830607
0.251302
0.795009
0.951727
0.997849
0.862946
0.870175
0.338896
0.405197
0.231858
0.604932
0.856345
