0.854069
0.705763
0.793618
0.919813
0.789326
0.999822
0.410231
0.826166
0.662895
0.203921
0.852941
0.411235
0.292828
0.529859
0.809921
0.94007
0.72243
0.970482
0.59014
0.532353
0.829608
0.899774
0.368379
0.491472
0.865984
0.851161
0.826823
0.73874
0.620917
0.337914
0.279321
0.852584
0.369196
0.210206
0.786115
0.93282
0.534649
0.448177
0.861595
0.88867
0.918326
0.216213
0.773298
0.644463
0.817976
0.285714
0.304189
0.602797
0.415624
0.800111
0.458869
0.771919
0.607848
0.987998
0.86931
0.866969
0.760943
0.854967
0.656567
0.74449
0.524266
0.706334
0.855151
0.785911
0.547123
0.643528
0.948511
0.851533
0.211726
0.662006
0.808194
0.849598
0.652471
0.923677
0.260352
0.720588
0.874608
0.221466
0.260887
0.866548
0.400006
0.621964
0.68935
0.77432
0.200207
0.709699
0.531415
0.332434
0.875037
0.378006
0.764024
0.567217
0.291355
0.434725
0.875239
0.700008
0.971009
0.520322
0.280663
0.339656
0.563995
0.797756
0.80829
0.921381
0.856243
0.996982
0.999877
0.741842
0.746002
0.82019
0.836845
0.803366
0.80041
0.805126
0.477912
0.619612
0.668903
0.294723
0.696574
0.702525
0.29976
0.203989
0.338405
0.498656
0.460867
0.998322
0.999921
0.700702
0.869619
0.297634
0.331465
0.81728
0.984117
0.559437
0.587738
0.714159
0.899591
0.407291
0.378068
0.206411
0.764076
0.618185
0.300374
0.8181
0.85664
0.399188
0.996504
0.688146
0.858235
0.755297
0.656443
0.214198
0.750092
0.59623
0.826418
0.749891
0.420307
0.821595
0.324427
0.906338
0.459347
0.647338
0.602082
0.806524
0.287281
0.246085
0.612006
0.698786
0.874583
0.258751
0.433537
0.451143
0.848011
0.675119
0.519098
0.823899
0.301938
0.800157
0.702385
0.439217
0.999794
0.465107
0.463905
0.63429
0.749622
0.730963
0.621153
0.831921
0.741586
0.693343
0.258332
0.4484
0.674035
0.412744
0.212331
0.831886
0.355677
0.769006
0.916931
0.661178
0.993382
0.927072
0.401544
0.872021
0.217117
0.831406
0.273941
0.848463
0.36541
0.764906
0.232091
0.802957
0.272983
0.807138
0.573148
0.605051
0.35496
0.839477
0.515393
0.999487
0.927664
0.672714
0.260304
0.479652
0.526805
0.506612
0.682824
0.23309
0.891939
0.89733
0.901073
0.874194
0.233422
0.244813
0.827078
0.883832
0.805888
0.215081
0.600372
0.69955
0.998012
0.694155
0.297457
0.874127
0.742716
0.429247
0.927776
0.477496
0.72911
0.65826
0.645609
0.757806
0.998896
0.338288
0.235546
0.425509
0.82989
0.719417
0.60828
0.398738
0.853431
0.473905
0.846937
0.990146
0.880707
0.999612
0.385614
0.99326
0.324277
0.999708
0.208537
0.997187
0.797112
0.563552
0.891995
0.65596
0.864878
0.392123
0.905608
0.777567
0.252687
0.755726
0.83142
0.272534
0.852092
0.666525
0.525861
0.693397
0.25428
0.284851
0.737465
0.646942
0.718327
0.400126
0.632202
0.827428
0.684672
0.791947
0.498809
0.753251
0.360284
0.90581
0.527318
0.875213
0.222717
0.818122
0.333359
0.591807
0.611419
0.849735
0.213185
0.912824
0.428191
0.301511
0.323514
0.915338
0.368759
0.852376
0.510385
0.81321
0.821848
0.746497
0.601321
0.730814
0.997719
0.374604
0.82384
0.788979
0.562075
0.998636
0.263
0.207589
0.244791
0.284745
0.692234
0.785351
0.449823
0.729384
0.281049
0.322912
0.873541
0.462267
0.609614
0.665645
0.600445
0.53024
0.408811
0.755811
0.9055
0.52522
0.462055
0.61551
0.333655
0.810473
0.470691
0.502644
0.499675
0.647612
0.578807
0.668499
0.999701
0.875029
0.773251
0.569245
0.252619
0.40056
0.926683
0.291844
0.885689
0.88123
0.788814
0.739297
0.728865
0.929542
0.876993
0.873399
0.292391
0.3767
0.659725
0.795692
0.855875
0.455037
0.774891
0.700149
0.751289
0.999476
0.485065
0.581405
0.691798
0.246434
0.526334
0.824225
0.491765
0.769737
0.978932
0.632709
0.309808
0.928253
0.335927
0.430391
0.76625
0.904362
0.232671
0.701073
0.494763
0.859123
0.687189
0.503657
0.997375
0.810051
0.922661
0.663065
0.226389
0.748401
0.380688
0.801316
0.432414
0.667676
0.512137
0.387439
0.998702
0.839192
0.862922
0.856119
0.387996
0.868302
0.27243
0.273363
0.742984
0.235678
0.412543
0.777701
0.602079
0.647122
0.560294
0.819311
0.484541
0.666114
0.480659
0.40463
0.88223
0.739098
0.499582
0.922941
0.641973
0.314906
0.623665
0.688767
0.80252
0.206665
0.496838
0.780303
0.925385
0.394863
0.789986
0.99863
0.666824
0.866425
0.68949
0.634827
0.28579
0.742019
0.880377
0.579521
0.646494
0.58457
0.910503
0.542511
0.787652
0.352888
0.833155
0.779893
0.833239
0.885392
0.228306
0.263657
0.785582
0.986379
0.575235
0.798591
0.786207
0.795668
0.873078
0.245039
0.816349
0.989129
0.73125
0.874663
0.995898
0.359702
0.729201
0.999121
0.998984
0.484978
0.463172
0.568408
0.973174
0.560995
0.231077
0.753483
0.55176
0.79875
0.585156
0.249616
0.585722
0.997399
0.331582
0.682021
0.776576
0.619528
0.830617
0.554424
0.292773
0.351909
0.699537
0.766991
0.292434
0.785839
0.663223
0.994235
0.539274
0.419787
0.749804
0.445483
0.821208
0.840785
0.844498
0.798213
0.829325
0.37431
0.812821
0.259191
0.532742
0.314151
0.769081
0.770317
0.8905
0.27153
0.913304
0.646111
0.429263
0.842954
0.611286
0.679411
0.749814
0.239866
0.507862
0.329885
0.750101
0.215374
0.531296
0.774851
0.738788
0.345872
0.236303
0.788631
0.706762
0.870628
0.628403
0.838951
0.245874
0.888248
0.846792
0.720905
0.794982
0.50879
0.725907
0.220967
0.749665
0.572192
0.485909
0.614371
0.952563
0.937777
0.717834
0.90879
0.655748
0.75178
0.295922
0.562255
0.299535
0.375056
0.561738
0.395795
0.786317
0.874234
0.67196
0.780401
0.661089
0.998065
0.744216
0.601231
0.333417
0.777421
0.317111
0.928643
0.207083
0.350869
0.23319
0.279557
0.765142
0.346714
0.657296
0.707398
0.559148
0.644884
0.341013
0.80635
0.562661
0.913586
0.428039
0.577909
0.706866
0.248147
0.993225
0.335755
0.998437
0.690804
0.774078
0.339451
0.862125
0.759477
0.23962
0.652132
0.85618
0.670541
0.230918
0.460605
0.678099
0.895239
0.734
0.418274
0.933938
0.217418
0.717478
0.611788
0.708325
0.955008
0.36909
0.217837
0.416532
0.7666
0.999079
0.426815
0.90046
0.421753
0.374961
0.933617
0.97847
0.823872
0.30567
0.408824
0.237431
0.830619
0.540849
0.506102
0.321494
0.957341
0.695308
0.421196
0.888371
0.936418
0.707754
0.609095
0.920588
0.988926
0.668954
0.506505
0.501711
0.354416
0.732973
0.819922
0.311439
0.840374
0.556386
0.867967
0.849505
0.844245
0.253064
0.787328
0.517277
0.816265
0.584691
0.427399
0.799645
0.624959
0.734458
0.363792
0.999711
0.294873
0.823372
0.892486
0.766734
0.698614
0.66881
0.822504
0.83258
0.425937
0.944732
0.870682
0.246469
0.449644
0.561046
0.586631
0.862486
0.752918
0.989513
0.742448
0.585613
0.233775
0.839311
0.370267
0.505551
0.797743
0.786267
0.662957
0.371239
0.331565
0.597656
0.511082
0.296429
0.751008
0.323387
0.642042
0.50115
0.628513
0.457602
0.464551
0.257733
0.724217
0.652443
0.581639
0.695803
0.996929
0.823993
0.852551
0.35281
0.896537
0.763167
0.85253
0.7356
0.687432
0.428036
0.663513
0.278587
0.845276
0.828576
0.606901
0.450501
0.684233
0.258606
0.845538
0.998193
0.747886
0.331558
0.996267
0.539526
0.489083
0.802074
0.875933
0.760942
0.704211
0.343086
0.898572
0.976021
0.201391
0.376472
0.632661
0.85699
0.390115
0.243455
0.998474
0.674786
0.799627
0.778062
0.364275
0.922954
0.435473
0.429753
0.489107
0.581515
0.41429
0.40661
0.99428
0.454905
0.794146
0.59133
0.980897
0.241383
0.425029
0.81519
0.35084
0.99782
0.283972
0.666818
0.799238
0.872377
0.792511
0.340035
0.962966
0.51832
0.941372
0.478477
0.797309
0.407357
0.501024
0.221855
0.977005
0.577463
0.424129
0.941227
0.676448
0.293184
0.51816
0.601495
0.952982
0.615629
0.235567
0.293136
0.914735
0.291144
0.99927
0.672406
0.431606
0.936028
0.999457
0.403812
0.21386
0.262998
0.856755
0.628219
0.500666
0.818029
0.865579
0.208808
0.556448
0.887973
0.372369
0.879664
0.889362
0.213265
0.998477
0.863375
0.899911
0.922574
0.863405
0.282035
0.800009
0.201186
0.5896
0.219111
0.404019
0.933375
0.999353
0.500187
0.982621
0.372628
0.906321
0.813605
0.246209
0.868533
0.783037
0.23217
0.746913
0.813934
0.437426
0.442513
0.332113
0.762615
0.544064
0.854676
0.467691
0.387983
0.844429
0.6741
0.340051
0.70088
0.786642
0.344162
0.833323
0.875221
0.573399
0.792415
0.415915
0.646923
0.532893
0.83404
0.941687
0.745914
0.846764
0.892622
0.420971
0.700682
0.242779
0.582387
0.830174
0.387071
0.65938
0.581639
0.463909
0.93199
0.735178
0.455176
0.512075
0.854404
0.398461
0.997802
0.830293
0.728872
0.915689
0.216818
0.670622
0.911831
0.867893
0.751075
0.556235
0.273909
0.589777
0.362088
0.805618
0.770946
0.700131
0.339706
0.603674
0.963119
0.81822
0.773144
0.246841
0.260758
0.513539
0.978452
0.678589
0.972163
0.806821
0.656973
0.951364
0.325882
0.659829
0.676803
0.271809
0.219035
0.927598
0.329249
0.875175
0.478119
0.856797
0.666279
0.995023
0.926276
0.586337
0.722676
0.809972
0.350011
0.863775
0.516599
0.86631
0.549943
0.853777
0.855026
0.88561
0.802891
0.321383
0.740156
0.909115
0.310549
0.6621
0.742548
0.927336
0.801607
0.772663
0.395937
0.866434
0.340669
0.232365
0.219979
0.209702
0.907327
0.803818
0.856701
0.866546
0.703808
0.570244
0.822385
0.298726
0.737202
0.401634
0.808949
0.68929
0.768938
0.723204
0.471221
0.86589
0.98749
0.554746
0.404136
0.492193
0.316354
0.874997
0.781225
0.851083
0.362913
0.405554
0.438423
0.849462
0.746445
0.848104
0.826384
0.226317
0.750076
0.604641
0.613867
0.344053
0.635801
0.713883
0.61495
0.474698
0.366005
0.767814
0.714851
0.750443
0.789096
0.667241
0.798315
0.53106
0.937419
0.207693
0.298735
0.529411
0.502325
0.71799
0.249162
0.434676
0.864848
0.364882
0.737785
0.656163
0.902553
0.825282
0.284768
0.84377
0.971754
0.486208
0.463449
0.310371
0.315685
0.202382
0.283229
0.642099
0.417809
0.800095
0.444263
0.444087
0.722433
0.776567
0.550971
0.307278
0.434573
0.580863
0.583604
0.570373
0.781187
0.292753
0.857189
0.631704
0.310262
0.999968
0.832937
0.639963
0.644807
0.774673
0.24898
0.809657
0.613819
0.503765
0.774801
0.607384
0.792533
0.776471
0.217874
0.894833
0.505576
0.696647
0.313875
0.224567
0.720932
0.936653
0.479646
0.501282
0.228179
0.85865
0.461086
0.837818
0.881715
0.925199
0.873651
0.243305
0.922638
0.925065
0.285234
0.425521
0.664266
0.430511
0.926875
0.56528
0.484062
0.623548
0.32661
0.386028
0.519347
0.941529
0.694699
0.510247
0.51163
0.989668
0.830836
0.25152
0.496492
0.240568
0.209606
0.861916
0.361572
0.872302
0.357443
0.900406
0.66489
0.857057
0.315692
0.814366
0.302984
0.67707
0.406937
0.65825
0.8743
0.817452
0.848555
0.668276
0.546543
0.343597
0.722573
0.600378
0.975163
0.637673
0.611315
0.344658
0.207851
0.85208
0.750006
0.904992
0.288941
0.748121
0.367874
0.999634
0.703409
0.685993
0.382509
0.988796
0.392662
0.356433
0.400223
0.266332
0.907737
0.329182
0.840837
0.707444
0.508533
0.833575
0.268959
0.485968
0.807679
0.668375
0.803761
0.69813
0.210046
0.540768
0.752484
0.735076
0.329914
0.240408
0.700404
0.567483
0.365346
0.947879
0.379609
0.412805
0.486684
0.246574
0.931167
0.328903
0.647019
0.993433
0.584277
0.757423
0.270809
0.367069
0.996555
0.73641
0.20821
0.792738
0.457756
0.713397
0.253719
0.893899
0.347325
0.281858
0.997738
0.592275
0.998687
0.248118
0.250078
0.801231
0.661066
0.415559
0.988948
0.548729
0.842947
0.37066
0.54232
0.789639
0.814977
0.317693
0.990633
0.256775
0.588247
0.77615
0.261862
0.999962
0.22695
0.323606
0.706214
0.5619
0.514951
0.385778
0.778762
0.587475
0.443495
0.240953
0.34463
0.800017
0.877593
0.32316
0.878726
0.544602
0.768159
0.714422
0.721228
0.626287
0.997701
0.283348
0.777299
0.230667
0.717876
0.228808
0.955541
0.786899
0.560841
0.203651
0.798297
0.465738
0.833797
0.918993
0.356394
0.3339
0.279522
0.236582
0.822923
0.723928
0.872971
0.781939
0.800151
0.776285
0.933307
0.915233
0.364992
0.47999
0.656634
0.396176
0.598855
0.702107
0.691668
0.615144
0.479463
0.455503
0.670047
0.71333
0.725214
0.60552
0.33669
0.835137
0.322201
0.736083
0.945683
0.407871
0.882371
0.390786
0.325541
0.211378
0.705501
0.644978
0.833753
0.928204
0.810593
0.365931
0.543334
0.734829
0.968639
0.788572
0.794102
0.702862
0.499995
0.333789
0.761955
0.974189
0.881606
0.336569
0.287111
0.341994
0.706993
0.236688
0.934988
0.996001
0.438807
0.767565
0.212561
0.782152
0.295554
0.467133
0.871878
0.819485
0.718752
0.445808
0.395321
0.670805
0.450765
0.786425
0.800566
0.709296
0.474838
0.781633
0.399354
0.984117
0.850302
0.31523
0.302057
0.999921
0.368063
0.854202
0.695473
0.675605
0.721958
0.827433
0.212624
0.363732
0.47504
0.991181
0.769995
0.216816
0.838278
0.819115
0.487643
0.723596
0.848157
0.515531
0.926545
0.652182
0.840807
0.452821
0.575065
0.890136
0.920229
0.845121
0.59246
0.574281
0.294021
0.74869
0.640514
0.657866
0.887552
0.635407
0.48733
0.495041
0.376039
0.414798
0.445753
0.701474
0.996751
0.544974
0.996675
0.428273
0.212432
0.759707
0.73266
0.216072
0.535938
0.854468
0.452924
0.307632
0.769111
0.422896
0.409982
0.689061
0.784925
0.221155
0.977217
0.391799
0.959897
0.899812
0.284355
0.540241
0.637727
0.233387
0.655757
0.714941
0.305814
0.777513
0.650027
0.802818
0.969103
0.958115
0.726416
0.796624
0.741904
0.830562
0.471383
0.232654
0.553501
0.454598
0.810345
0.323312
0.576426
0.69473
0.222932
0.920329
0.56756
0.8645
0.224129
0.440257
0.689037
0.80003
0.628616
0.684606
0.553719
0.297542
0.779792
0.759118
0.90503
0.396455
0.703906
0.733885
0.716375
0.92277
0.685009
0.803671
0.793722
0.34283
0.416842
0.801792
0.789451
0.242164
0.307351
0.996397
0.870126
0.833791
0.664034
0.699609
0.785048
0.806794
0.337395
0.91676
0.896845
0.343932
0.423701
0.999989
0.794036
0.975881
0.83259
0.809575
0.790351
0.882615
0.658514
0.583459
0.7237
0.520646
0.999839
0.597842
0.324884
0.296881
0.851307
0.692546
0.416373
0.491222
0.327678
0.390064
0.270437
0.779625
0.334228
0.63487
0.996295
0.399401
0.401611
0.577384
0.39679
0.733608
0.797473
0.633902
0.773655
0.472343
0.717063
0.797183
0.605936
0.909209
0.753754
0.822194
0.277924
0.908276
0.839094
0.293558
0.631739
0.415786
0.997117
0.669757
0.414188
0.300087
0.256196
0.82951
0.497567
0.614033
0.6913
0.914998
0.593347
0.281394
0.69831
0.704576
0.323957
0.800669
0.993685
0.937345
0.949795
0.984146
0.844764
0.566734
0.241158
0.846715
0.992602
0.70323
0.855624
0.417789
0.344272
0.809035
0.665126
0.54153
0.496195
0.709278
0.309505
0.799343
0.827491
0.719038
0.540511
0.490636
0.560735
0.433908
0.211132
0.830271
0.816784
0.253641
0.813504
0.693304
0.631365
0.850312
0.889011
0.558738
0.826109
0.339646
0.382288
0.743299
0.87573
0.871193
0.62388
0.700789
0.949006
0.778697
0.858581
0.26434
0.999839
0.5672
0.284808
0.552247
0.584848
0.796756
0.57142
0.664621
0.999573
0.558529
0.426246
0.893471
0.998502
0.397924
0.591386
0.872441
0.718752
0.722427
0.821654
0.780124
0.701394
0.444491
0.795441
0.435541
0.606941
0.596128
0.249782
0.676906
0.828401
0.968484
0.519502
0.686819
0.24157
0.755875
0.781779
0.415833
0.275218
0.784143
0.573378
0.707787
0.55934
0.817397
0.909104
0.710746
0.997891
0.689942
0.894119
0.374359
0.789755
0.88952
0.976255
0.318427
0.451493
0.999496
0.710915
0.669387
0.626185
0.466825
0.712732
0.569468
0.990527
0.616515
0.240683
0.679831
0.665786
0.328948
0.608445
0.895424
0.221984
0.282534
0.997916
0.520804
0.601559
0.472938
0.829243
0.376694
0.294755
0.928078
0.627482
0.39192
0.388383
0.864081
0.279287
0.510273
0.700777
0.44479
0.731774
0.63279
0.5956
0.459368
0.684462
0.271158
0.337697
0.204766
0.608264
0.701584
0.922672
0.577962
0.309289
0.419402
0.509011
0.809684
0.552856
0.338486
0.322201
0.748769
0.999239
0.999921
0.955832
0.381839
0.661611
0.545581
0.88738
0.274276
0.997027
0.453629
0.511587
0.45651
0.851004
0.548483
0.804837
0.80449
0.722024
0.9187
0.33618
0.354999
0.288494
0.831745
0.538436
0.694138
0.999689
0.279837
0.887434
0.262408
0.74709
0.831275
0.710823
0.245254
0.796313
0.512207
0.999324
0.211397
0.781914
0.76915
0.226118
0.565634
0.838551
0.86698
0.256826
0.846874
0.660282
0.957344
0.872665
0.82933
0.924257
0.388504
0.217461
0.99811
0.833088
0.727013
0.211335
0.491309
0.922853
0.350961
0.444857
0.725725
0.71353
0.500662
0.839444
0.252226
0.578402
0.544399
0.808681
0.581154
0.509675
0.722134
0.572385
0.303476
0.832436
0.89619
0.280889
0.280381
0.342019
0.361811
0.750043
0.24865
0.792337
0.60311
0.690499
0.399025
0.290078
0.734605
0.714284
0.26148
0.743069
0.783742
0.535126
0.442424
0.297377
0.788831
0.839546
0.785887
0.956391
0.498506
0.408143
0.529849
0.747742
0.749748
0.500323
0.889961
0.80062
0.316416
0.908119
0.999135
0.445626
0.560373
0.772807
0.658718
0.653745
0.473477
0.820326
0.310906
0.469835
0.240146
0.862038
0.346929
0.553206
0.396472
0.685605
0.866643
0.682545
0.884134
0.899612
0.523906
0.999915
0.709154
0.539794
0.334055
0.84718
0.759772
0.531616
0.793589
0.433818
0.582765
0.710161
0.816519
0.225618
0.779178
0.405464
0.864733
0.573532
0.207606
0.99944
0.365849
0.782294
0.473426
0.857069
0.411943
0.775143
0.49005
0.404212
0.974332
0.999847
0.264768
0.751966
0.913903
0.693416
0.59202
0.205124
0.216693
0.829208
0.902149
0.229957
0.210358
0.88158
0.306854
0.306979
0.508272
0.500113
0.692206
0.677307
0.447032
0.42868
0.698142
0.662982
0.302702
0.224487
0.673496
0.614822
0.786342
0.204711
0.505038
0.814729
0.813489
0.928311
0.608764
0.580114
0.265491
0.883495
0.714132
0.79763
0.568411
0.88731
0.926977
0.826845
0.251637
0.598164
0.455394
0.682808
0.693694
0.756595
0.998102
0.271967
0.700284
0.403138
0.899983
0.318528
0.315073
0.812523
0.500028
0.85229
0.849904
0.205828
0.219064
0.703035
0.914885
0.818075
0.315724
0.316403
0.384346
0.227122
0.695722
0.252373
0.867258
0.866669
0.222829
0.865326
0.427374
0.32921
0.8883
0.736021
0.379279
0.871499
0.960117
0.203746
0.565824
0.38539
0.332602
0.728892
0.741317
0.518651
0.580256
0.666552
0.41004
0.370669
0.220337
0.302648
0.619469
0.64598
0.85815
0.731918
0.997741
0.947789
0.505374
0.437255
0.873821
0.321485
0.856816
0.432246
0.748333
0.483872
0.580491
0.941443
0.69308
0.998164
0.773618
0.866178
0.233304
0.68279
0.681937
0.834396
0.652982
0.555342
0.213727
0.36468
0.93192
0.200755
0.662828
0.87133
0.892231
0.790782
0.293164
0.58612
0.511204
0.261335
0.206898
0.543485
0.849221
0.707386
0.414341
0.56462
0.329463
0.64717
0.452582
0.912034
0.609514
0.928518
0.45123
0.822062
0.997283
0.426511
0.785027
0.726795
0.614418
0.352403
0.612208
0.881993
0.804726
0.203306
0.278364
0.811252
0.666688
0.618317
0.990497
0.41327
0.242589
0.844676
0.204189
0.335116
0.945768
0.219141
0.600482
0.603427
0.223656
0.91194
0.335175
0.300958
0.734818
0.762109
0.85394
0.699223
0.824932
0.621415
0.779149
0.754306
0.655931
0.809626
0.769932
0.666788
0.369933
0.398274
0.292992
0.844774
0.492932
0.916764
0.756871
0.936686
0.68268
0.690263
0.540193
0.66358
0.751443
0.672386
0.785218
0.629921
0.554899
0.751808
0.970901
0.278721
0.542218
0.855827
0.881844
0.765901
0.299247
0.87619
0.611584
0.700682
0.833849
0.508503
0.889965
0.533769
0.70763
0.71409
0.73533
0.244079
0.67772
0.861919
0.870655
0.268425
0.935314
0.223431
0.31689
0.272125
0.333416
0.523444
0.321015
0.531935
0.40177
0.217259
0.818977
0.455831
0.931257
0.441807
0.590966
0.821675
0.626004
0.383434
0.715051
0.908681
0.490013
0.364285
0.32935
0.749917
0.240846
0.616278
0.754635
0.278449
0.760067
0.637781
0.738115
0.688291
0.327695
0.564911
0.886654
0.812711
0.343842
0.873274
0.739537
0.220067
0.494182
0.993579
0.987977
0.650554
0.404819
0.342114
0.999136
0.50632
0.703136
0.259277
0.626999
0.530438
0.561937
0.998925
0.341459
0.999515
0.661783
0.852672
0.66786
0.457581
0.351741
0.837348
0.399985
0.590256
0.522818
0.537849
0.862585
0.886654
0.982625
0.263519
0.782385
0.21108
0.820259
0.999841
0.571748
0.784785
0.83303
0.914475
0.769978
0.657448
0.563947
0.479841
0.449418
0.243653
0.865457
0.475781
0.481599
0.310141
0.446701
0.31882
0.604933
0.377398
0.652873
0.573871
0.558671
0.634028
0.799958
0.945938
0.422701
0.445503
0.812246
0.664843
0.399734
0.999976
0.31467
0.660026
0.449217
0.370038
0.811969
0.749651
0.750389
0.454554
0.871858
0.530371
0.612445
0.805768
0.544779
0.527923
0.613415
0.645041
0.700791
0.499109
0.996736
0.485939
0.598609
0.508468
0.722033
0.681534
0.804109
0.997
0.987398
0.344203
0.761026
0.867848
0.625647
0.392847
0.49415
0.833302
0.911022
0.333308
0.624525
0.754727
0.329253
0.718752
0.279866
0.876301
0.763875
0.907713
0.60629
0.456565
0.914791
0.720244
0.997382
0.739388
0.941228
0.229728
0.882107
0.579938
0.657748
0.537006
0.600231
0.335004
0.843119
0.76799
0.80351
0.700177
0.596002
0.985934
0.878232
0.423031
0.243628
0.318505
0.800281
0.98362
0.892417
0.437278
0.765814
0.749807
0.590766
0.367503
0.217889
0.922783
0.420776
0.998925
0.236217
0.85485
0.628692
0.216123
0.442913
0.733961
0.688341
0.997968
0.323564
0.380452
0.420807
0.827407
0.999957
0.421099
0.848996
0.741865
0.594701
0.815711
0.949903
0.691782
0.654982
0.708291
0.663527
0.329836
0.463325
0.999893
0.98253
0.444593
0.721085
0.254013
0.74785
0.401262
0.715161
0.79245
0.685016
0.991654
0.287788
0.321736
0.611658
0.999491
0.652873
0.75881
0.443732
0.238767
0.832837
0.66663
0.444307
0.602595
0.234202
0.761272
0.996904
0.337325
0.296742
0.919142
0.561174
0.796256
0.804136
0.888149
0.478563
0.799389
0.368524
0.999996
0.235234
0.82778
0.436123
0.349486
0.665606
0.206129
0.478021
0.662674
0.86519
0.30251
0.903041
0.620318
0.850576
0.671812
0.799078
0.98758
0.310963
0.514747
0.751315
0.634508
0.28622
0.434239
0.297714
0.494445
0.499774
0.981408
0.388562
0.982695
0.445993
0.292896
0.31984
0.866934
0.55995
0.454136
0.578851
0.498427
0.783365
0.492089
0.353157
0.483261
0.799432
0.583084
0.24751
0.719209
0.208453
0.813418
0.743363
0.716867
0.301659
0.751042
0.375465
0.856975
0.643284
0.602779
0.350739
0.328399
0.887091
0.715595
0.253698
0.765233
0.865872
0.691792
0.903385
0.889348
0.702175
0.270226
0.932184
0.620055
0.336131
0.480704
0.557711
0.261419
0.671059
0.751982
0.56259
0.7846
0.844163
0.521857
0.333368
0.966017
0.473669
0.795205
0.307032
0.236934
0.999884
0.787351
0.718755
0.897396
0.255899
0.733369
0.374541
0.482085
0.279664
0.998031
0.63944
0.995606
0.634207
0.388634
0.854381
0.698491
0.329512
0.875001
0.655596
0.493528
0.245378
0.494554
0.856627
0.584891
0.384434
0.501234
0.211469
0.797871
0.77818
0.864462
0.98434
0.322485
0.627879
0.235799
0.682737
0.998832
0.933302
0.986196
0.358541
0.612181
0.412427
0.837077
0.573685
0.60582
0.287464
0.949216
0.47692
0.318245
0.763391
0.635071
0.248769
0.592482
0.937793
0.940833
0.600951
0.865641
0.999793
0.485551
0.549324
0.999767
0.793193
0.274876
0.811059
0.861719
0.830004
0.318308
0.301933
0.302648
0.548398
0.854884
0.817631
0.475357
0.730341
0.333803
0.857014
0.403086
0.335715
0.855889
0.498654
0.59109
0.593792
0.670743
0.966791
0.640647
0.767708
0.881413
0.747909
0.624919
0.303525
0.947668
0.658018
0.966116
0.65281
0.934134
0.325075
0.952921
0.668463
0.713164
0.412733
0.888271
0.873197
0.261189
0.217908
0.347778
0.754912
0.744776
0.883186
0.29995
0.651004
0.623057
0.6284
0.38987
0.215425
0.86046
0.644716
0.390368
0.438109
0.339206
0.327814
0.511914
0.481579
0.520613
0.735338
0.765432
0.495885
0.69174
0.441337
0.703273
0.824626
0.314549
0.595903
0.87815
0.755795
0.346743
0.285688
0.845276
0.222193
0.47511
0.997227
0.479617
0.528839
0.425641
0.700363
0.327035
0.435252
0.806647
0.749751
0.466455
0.220282
0.861539
0.559223
0.761094
0.583308
0.691297
0.999938
0.677835
0.361069
0.817295
0.555211
0.761787
0.801219
0.8261
0.280765
0.272763
0.642959
0.847426
0.39913
0.916117
0.68973
0.274069
0.782737
0.539326
0.665439
0.487078
0.856878
0.99155
0.519426
0.999666
0.311725
0.57705
0.659534
0.240881
0.379755
0.919525
0.839992
0.419176
0.32584
0.854592
0.565973
0.930846
0.992753
0.708907
0.419688
0.812777
0.402621
0.648014
0.55736
0.537525
0.618457
0.999966
0.32928
0.872353
0.716484
0.777989
0.700901
0.625926
0.799179
0.764642
0.709367
0.76615
0.598618
0.687596
0.896433
0.856508
0.229057
0.273292
0.326129
0.858021
0.814819
0.861721
0.887737
0.79488
0.740519
0.76739
0.924114
0.850632
0.498976
0.57606
0.855245
0.826218
0.941227
0.900413
0.2698
0.344071
0.252608
0.769884
0.733603
0.666483
0.949974
0.538384
0.994529
0.371509
0.818718
0.459212
0.434226
0.699985
0.918555
0.620175
0.859476
0.853693
0.63624
0.650039
0.690255
0.391038
0.717669
0.999893
0.429598
0.429244
0.388724
0.429668
0.820793
0.622023
0.478272
0.762084
0.987947
0.602498
0.797682
0.733523
0.696409
0.226594
0.355307
0.977596
0.702673
0.815236
0.750627
0.223641
0.886654
0.709901
0.996831
0.790661
0.725304
0.371777
0.644826
0.56306
0.791238
0.997599
0.289462
0.585476
0.562248
0.405319
0.716023
0.750228
0.252014
0.430218
0.635801
0.948513
0.424479
0.235441
0.85285
0.333495
0.729274
0.976375
0.69096
0.27338
0.393347
0.892816
0.92744
0.963149
0.693316
0.701535
0.534006
0.444726
0.979639
0.231103
0.876381
0.809575
0.997477
0.73365
0.667436
0.599165
0.874064
0.909816
0.866863
0.648416
0.79189
0.980958
0.552376
0.270694
0.833404
0.452169
0.489686
0.66227
0.833535
0.471432
0.510482
0.576268
0.99985
0.600685
0.425396
0.565886
0.810616
0.285698
0.485233
0.838243
0.246624
0.752544
0.870177
0.325734
0.812407
0.33817
0.563062
0.280414
0.444864
0.615075
0.783116
0.779337
0.486779
0.207051
0.688759
0.774609
0.72352
0.217337
0.807701
0.759171
0.59052
0.995823
0.714377
0.274096
0.378135
0.26706
0.771311
0.80413
0.216923
0.82085
0.804912
0.222973
0.661794
0.864219
0.447348
0.6644
0.263108
0.630458
0.382445
0.445439
0.255257
0.786451
0.621345
0.592371
0.353971
0.554344
0.305082
0.524658
0.393463
0.70941
0.314347
0.29881
0.378869
0.416911
0.715174
0.373706
0.831394
0.855451
0.52858
0.790953
0.850909
0.997845
0.234582
0.990441
0.907629
0.722945
0.621691
0.514577
0.273948
0.326626
0.999968
0.866682
0.74665
0.726629
0.639352
0.318636
0.43025
0.211525
0.574522
0.436743
0.210241
0.285374
0.416417
0.7182
0.581334
0.868602
0.453355
0.682113
0.703082
0.504231
0.399995
0.644472
0.487523
0.68672
0.852854
0.932413
0.483364
0.868455
0.998612
0.448952
0.689371
0.785449
0.769827
0.747229
0.580601
0.660462
0.850741
0.791519
0.797045
0.399633
0.600714
0.231608
0.537752
0.583773
0.833727
0.664116
0.279987
0.545576
0.812009
0.394614
0.801968
0.255131
0.852738
0.357529
0.402003
0.845244
0.352438
0.584858
0.286314
0.231519
0.532233
0.874999
0.907905
0.548883
0.744047
0.402823
0.601016
0.9975
0.998189
0.589038
0.751075
0.318505
0.920911
0.839939
0.985654
0.800067
0.610191
0.99938
0.726295
0.604059
0.599207
0.21808
0.39538
0.827937
0.266673
0.417211
0.59504
0.295738
0.320138
0.716734
0.722216
0.876699
0.319854
0.593581
0.722781
0.332038
0.47986
0.805487
0.668083
0.369299
0.95987
0.665984
0.845094
0.695968
0.534742
0.441206
0.627279
0.233439
0.990146
0.980397
0.413479
0.230902
0.937029
0.69256
0.809696
0.833516
0.337352
0.243792
0.296753
0.793961
0.810833
0.985397
0.370875
0.399559
0.56337
0.922807
0.796797
0.407801
0.73115
0.627394
0.70263
0.212674
0.994739
0.826552
0.428532
0.915219
0.566676
0.270639
0.514901
0.777526
0.727979
0.732766
0.300795
0.607996
0.61459
0.823531
0.866641
0.821161
0.613792
0.795367
0.338947
0.880304
0.545411
0.99701
0.971573
0.666858
0.512445
0.823501
0.696472
0.766702
0.647989
0.907814
0.654979
0.816047
0.242392
0.336692
0.999915
0.710752
0.412869
0.567437
0.662266
0.353442
0.378996
0.221109
0.836205
0.620724
0.839225
0.36162
0.972451
0.214932
0.671779
0.724066
0.692584
0.329575
0.863753
0.776415
0.803354
0.421867
0.72402
0.482132
0.650857
0.991676
0.303403
0.887617
0.916646
0.569155
0.614497
0.930805
0.25973
0.301957
0.706927
0.298755
0.946436
0.799677
0.363011
0.998303
0.994242
0.77153
0.594911
0.855794
0.974008
0.69855
0.632407
0.394537
0.399046
0.249535
0.425956
0.855161
0.265721
0.90747
0.635647
0.226791
0.78809
0.660266
0.83543
0.908648
0.5807
0.599544
0.849259
0.737948
0.591635
0.93202
0.8006
0.672375
0.434226
0.744311
0.938959
0.719089
0.682286
0.59919
0.572575
0.939245
0.687965
0.866481
0.374921
0.795342
0.990361
0.743174
0.830724
0.291299
0.508988
0.857758
0.321853
0.926092
0.996951
0.36649
0.633211
0.717948
0.773171
0.307916
0.499956
0.558968
0.856732
0.457407
0.928182
0.888158
0.875073
0.576816
0.223447
0.916276
0.267019
0.828813
0.81346
0.268966
0.519781
0.739733
0.992937
0.821855
0.24854
0.827948
0.302746
0.292225
0.232388
0.787412
0.734548
0.639034
0.668128
0.664967
0.416947
0.742861
0.825768
0.755188
0.776102
0.542985
0.541416
0.434092
0.710019
0.716533
0.258632
0.882307
0.861788
0.557021
0.23312
0.699002
0.899999
0.487154
0.999852
0.245255
0.607522
0.649638
0.998751
0.840492
0.276871
0.595884
0.418047
0.254603
0.520947
0.749841
0.667381
0.373291
0.68517
0.446432
0.985609
0.755079
0.501043
0.632514
0.749706
0.95201
0.928378
0.874854
0.308265
0.485878
0.85614
0.247912
0.217643
0.871305
0.857393
0.516418
0.659053
0.962738
0.747308
0.826083
0.574017
0.260695
0.999508
0.775726
0.2026
0.27973
0.523609
0.713629
0.607074
0.488678
0.927793
0.448366
0.624435
0.872939
0.244068
0.884573
0.714772
0.200832
0.998797
0.6443
0.545386
0.860676
0.665007
0.738234
0.741778
0.999282
0.999097
0.836944
0.354629
0.292672
0.89213
0.715595
0.699272
0.775393
0.275585
0.264671
0.81746
0.34596
0.498347
0.673138
0.833203
0.999731
0.434327
0.928585
0.665706
0.998926
0.663533
0.836389
0.250154
0.66771
0.567422
0.359809
0.659438
0.999901
0.774133
0.929808
0.719326
0.910917
0.608941
0.331607
0.297157
0.934668
0.577358
0.664854
0.206961
0.559523
0.681486
0.768335
0.408195
0.834118
0.830402
0.426685
0.932441
0.391862
0.453994
0.228327
0.334564
0.994619
0.693065
0.844712
0.985497
0.999856
0.420156
0.971339
0.383476
0.556162
0.457395
0.325292
0.401389
0.825082
0.583919
0.604668
0.486524
0.218426
0.677357
0.447831
0.867344
0.557978
0.912361
0.592902
0.736052
0.74372
0.999813
0.904337
0.999872
0.665515
0.636352
0.927949
0.708932
0.487994
0.611703
0.242269
0.298889
0.555112
0.67224
0.447213
0.978654
0.976231
0.65536
0.271057
0.38911
0.581139
0.898562
0.448506
0.232968
0.818008
0.292996
0.208696
0.636834
0.410848
0.202388
0.537791
0.992537
0.829021
0.384359
0.765472
0.946602
0.922931
0.258097
0.324944
0.27896
0.873813
0.823777
0.80956
0.74908
0.428579
0.478642
0.749982
0.867503
0.647687
0.818093
0.672769
0.599374
0.50054
0.788096
0.724908
0.579743
0.601201
0.322235
0.896726
0.526068
0.634308
0.645533
0.70787
0.614506
0.351854
0.768385
0.693337
0.541085
0.69197
0.626001
0.446331
0.604583
0.899484
0.630682
0.86312
0.853173
0.865563
0.81003
0.738704
0.676396
0.460308
0.263365
0.549095
0.264514
0.992271
0.219951
0.786305
0.228417
0.387894
0.999655
0.304867
0.719574
0.63311
0.8117
0.871292
0.555314
0.63015
0.925432
0.826566
0.922692
0.738638
0.826275
0.397519
0.8268
0.37608
0.277896
0.231396
0.669955
0.373208
0.62508
0.491996
0.870906
0.332739
0.292117
0.903319
0.733318
0.885163
0.999681
0.926935
0.248285
0.465763
0.927802
0.609027
0.928312
0.601138
0.614824
0.249257
0.560831
0.619572
0.397709
0.810945
0.645501
0.896613
0.819982
0.610394
0.806999
0.511138
0.636274
0.469801
0.250478
0.5363
0.767869
0.434925
0.249985
0.496615
0.720202
0.487321
0.714661
0.441842
0.317435
0.380795
0.476804
0.833231
0.408343
0.965375
0.998244
0.453566
0.989915
0.547822
0.97366
0.474157
0.697431
0.278614
0.944319
0.777786
0.777426
0.777715
0.637576
0.98367
0.388187
0.525367
0.372554
0.243293
0.436837
0.461208
0.60656
0.266813
0.34319
0.479457
0.467846
0.363132
0.621014
0.272089
0.562297
0.99948
0.747645
0.55927
0.854067
0.690263
0.349487
0.87499
0.712967
0.286381
0.799472
0.910505
0.735167
0.785435
0.72806
0.909096
0.289428
0.842294
0.854236
0.854663
0.872589
0.539942
0.607406
0.817528
0.211092
0.92874
0.814584
0.438817
0.701622
0.923057
0.424174
0.981118
0.999671
0.668986
0.531544
0.795256
0.846195
0.799931
0.612717
0.782067
0.294152
0.682983
0.99921
0.696225
0.280815
0.915934
0.444959
0.757192
0.58346
0.58648
0.999628
0.720369
0.881614
0.330355
0.749663
0.277668
0.87032
0.819199
0.406096
0.867654
0.612647
0.573062
0.332463
0.262454
0.699723
0.399359
0.639648
0.404099
0.899835
0.201805
0.265674
0.215487
0.766803
0.70185
0.99997
0.387087
0.368561
0.921812
0.343722
0.403838
0.996024
0.249638
0.695108
0.99618
0.743293
0.465937
0.380698
0.749578
0.969886
0.512213
0.92829
0.446967
0.960543
0.919258
0.364157
0.483852
0.206869
0.999686
0.755846
0.30312
0.822072
0.864056
0.999852
0.809326
0.664246
0.46671
0.445166
0.719965
0.419883
0.213269
0.888366
0.929772
0.230225
0.996993
0.702297
0.7841
0.868564
0.786311
0.633976
0.841342
0.336464
0.565971
0.906644
0.543699
0.218478
0.676941
0.207486
0.677362
0.260716
0.657645
0.486066
0.627972
0.581922
0.727842
0.429567
0.85707
0.391483
0.999992
0.842085
0.31636
0.833139
0.794534
0.681121
0.823099
0.818567
0.720153
0.754515
0.838185
0.788576
0.238431
0.806301
0.256933
0.298013
0.58771
0.776843
0.394649
0.34025
0.277202
0.864825
0.915233
0.709365
0.513356
0.771987
0.856892
0.57416
0.442055
0.996759
0.908675
0.513738
0.28093
0.837133
0.503864
0.520749
0.288341
0.344909
0.84043
0.215436
0.982107
0.256928
0.657674
0.68395
0.714491
0.700874
0.787299
0.646784
0.383832
0.956941
0.362102
0.906328
0.563214
0.737612
0.864205
0.776989
0.923079
0.394451
0.736737
0.883411
0.996422
0.663063
0.665757
0.719226
0.644467
0.58825
0.773431
0.802304
0.728956
0.895592
0.434509
0.536573
0.997007
0.313637
0.815014
0.759007
0.767665
0.459592
0.2581
0.871485
0.586094
0.280067
0.790339
0.558728
0.991909
0.818349
0.824046
0.274567
0.592872
0.608923
0.629487
0.812689
0.702385
0.997001
0.566265
0.758036
0.502504
0.787225
0.936442
0.845275
0.775958
0.357045
0.216613
0.825152
0.899998
0.936707
0.571519
0.833418
0.362794
0.7345
0.612787
0.662155
0.783503
0.732731
0.840935
0.30391
0.690617
0.692559
0.22051
0.615603
0.436376
0.747997
0.49625
0.205363
0.573656
0.375127
0.881418
0.919676
0.512414
0.605995
0.863521
0.278842
0.803583
0.800595
0.62537
0.852253
0.285523
0.569515
0.230426
0.748338
0.999742
0.227203
0.986545
0.54417
0.772636
0.678711
0.85994
0.853052
0.751075
0.677999
0.613173
0.302824
0.665781
0.332146
0.99912
0.347954
0.264831
0.901572
0.850464
0.222943
0.558702
0.666149
0.665638
0.784361
0.643571
0.277578
0.326108
0.661704
0.257828
0.84988
0.553975
0.320146
0.637783
0.688457
0.755535
0.473282
0.698015
0.794739
0.754938
0.275399
0.393711
0.940159
0.578654
0.219842
0.999647
0.725455
0.303714
0.300355
0.216608
