0.705611
0.928589
0.50004
0.340519
0.608618
0.900705
0.683992
0.336505
0.482845
0.290636
0.935605
0.704512
0.870626
0.641007
0.469934
0.510576
0.547262
0.388166
0.54826
0.299114
0.375964
0.685033
0.230675
0.72622
0.683357
0.497414
0.847824
0.23222
0.323888
0.999577
0.825181
0.992212
0.421211
0.390751
0.562843
0.434508
0.997804
0.330793
0.995198
0.999969
0.289391
0.220168
0.799941
0.824774
0.988406
0.815069
0.242372
0.532188
0.943711
0.238361
0.813879
0.359943
0.789406
0.526109
0.2369
0.777767
0.342602
0.567145
0.428458
0.679241
0.423836
0.707685
0.637745
0.573462
0.791452
0.877814
0.957072
0.308935
0.540426
0.992207
0.241974
0.857003
0.566086
0.303427
0.5597
0.621713
0.212338
0.562958
0.578621
0.791927
0.799795
0.810316
0.299266
0.626985
0.715153
0.322387
0.702879
0.605473
0.609357
0.882051
0.876851
0.31224
0.464646
0.704082
0.874176
0.638885
0.996122
0.748649
0.202409
0.812496
0.734485
0.348049
0.796168
0.542248
0.221465
0.328899
0.431366
0.393541
0.740504
0.878768
0.309715
0.631774
0.842557
0.529727
0.486047
0.787662
0.285768
0.939491
0.662243
0.749951
0.33537
0.378414
0.500226
0.827434
0.220374
0.74133
0.787422
0.357135
0.393488
0.991779
0.872923
0.996781
0.252755
0.229418
0.801555
0.785518
0.817782
0.237077
0.481244
0.826585
0.735225
0.239782
0.998728
0.387681
0.984992
0.537974
0.205566
0.232724
0.47297
0.341799
0.799988
0.51289
0.428082
0.883942
0.396222
0.928655
0.80959
0.550906
0.882036
0.92224
0.79012
0.690694
0.60086
0.60172
0.401363
0.213505
0.666061
0.418204
0.825196
0.399917
0.864919
0.859287
0.973099
0.658446
0.839211
0.796478
0.367252
0.405032
0.57475
0.725667
0.698506
0.99632
0.630449
0.695578
0.998347
0.853234
0.403096
0.775728
0.587471
0.696057
0.874544
0.538964
0.547748
0.999643
0.477031
0.827993
0.385599
0.864348
0.368591
0.38649
0.25954
0.343234
0.841445
0.349206
0.258697
0.515703
0.779881
0.709281
0.204657
0.52973
0.349132
0.86779
0.267959
0.927738
0.517853
0.999534
0.570062
0.7589
0.80237
0.997045
0.601375
0.750596
0.818181
0.795437
0.656565
0.989384
0.790989
0.221143
0.99824
0.857145
0.874306
0.845919
0.211971
0.961545
0.345147
0.999631
0.983731
0.493598
0.687295
0.716421
0.83669
0.644784
0.478552
0.569915
0.836057
0.333596
0.450638
0.84403
0.304081
0.998909
0.478694
0.606224
0.232012
0.809983
0.461879
0.409258
0.997002
0.999735
0.787814
0.500308
0.999961
0.999449
0.697869
0.251477
0.996792
0.653506
0.827747
0.646393
0.569066
0.850925
0.814156
0.675507
0.702099
0.562674
0.967268
0.497185
0.372442
0.358156
0.538595
0.429245
0.800043
0.704617
0.499959
0.822717
0.599662
0.66672
0.75249
0.838141
0.537538
0.692314
0.436007
0.832854
0.881654
0.718516
0.667826
0.702324
0.627172
0.365393
0.69559
0.407394
0.993802
0.875288
0.65624
0.868892
0.388301
0.750169
0.747363
0.567905
0.812136
0.814459
0.226522
0.841791
0.561491
0.838138
0.309926
0.692546
0.351132
0.568122
0.728668
0.647769
0.344864
0.460022
0.600477
0.843912
0.926469
0.798661
0.504075
0.603406
0.551593
0.997763
0.793553
0.998087
0.242715
0.674835
0.319776
0.800839
0.874639
0.998579
0.247778
0.754718
0.35995
0.678971
0.363776
0.437333
0.756332
0.727168
0.334835
0.620482
0.798913
0.29499
0.672646
0.497854
0.81488
0.86775
0.903503
0.59499
0.999989
0.214934
0.853203
0.265003
0.856442
0.760575
0.549006
0.436982
0.208997
0.803976
0.587012
0.814265
0.568426
0.739794
0.637286
0.447754
0.978845
0.532328
0.591447
0.488611
0.690518
0.498114
0.499168
0.62283
0.507351
0.4465
0.276853
0.845062
0.39177
0.955721
0.55145
0.45541
0.423418
0.466002
0.738407
0.734585
0.251616
0.622332
0.333493
0.393432
0.5969
0.43355
0.73943
0.85193
0.618155
0.899629
0.434337
0.701006
0.784248
0.482593
0.783951
0.206062
0.781419
0.999734
0.605842
0.762277
0.294046
0.989872
0.362865
0.499904
0.572443
0.671265
0.422542
0.876437
0.878575
0.572393
0.555874
0.811933
0.86642
0.884809
0.507546
0.763494
0.79237
0.764353
0.480552
0.321427
0.498367
0.677764
0.656626
0.812621
0.269489
0.744307
0.716889
0.992882
0.817917
0.416137
0.209946
0.432075
0.299076
0.353591
0.668047
0.51239
0.318649
0.555257
0.346902
0.728091
0.704222
0.518507
0.210369
0.222164
0.693596
0.571375
0.908663
0.999814
0.462957
0.907251
0.541271
0.999913
0.354127
0.397034
0.444901
0.857964
0.524215
0.275721
0.295984
0.439023
0.477292
0.552832
0.402864
0.96517
0.696094
0.27881
0.909894
0.380536
0.458763
0.906608
0.538832
0.449397
0.204942
0.993577
0.201669
0.86646
0.663275
0.807084
0.448025
0.501715
0.286107
0.334283
0.725048
0.943867
0.388198
0.392931
0.997409
0.347382
0.346441
0.323624
0.666536
0.869757
0.660228
0.772906
0.998685
0.760751
0.661033
0.665441
0.580508
0.625707
0.833364
0.402563
0.512823
0.826228
0.372979
0.21266
0.583115
0.331332
0.623872
0.506577
0.310483
0.375717
0.453361
0.585398
0.285709
0.236682
0.812186
0.41165
0.563557
0.99809
0.515228
0.856964
0.876501
0.399125
0.220427
0.361293
0.465141
0.532107
0.25687
0.998487
0.32253
0.606701
0.794232
0.801041
0.638395
0.36336
0.241328
0.701452
0.362677
0.289571
0.211632
0.841382
0.399517
0.628135
0.621828
0.274235
0.852599
0.722931
0.696242
0.524224
0.633209
0.805402
0.272071
0.844159
0.521169
0.777815
0.365713
0.928584
0.577509
0.89976
0.535228
0.759608
0.795548
0.88642
0.500006
0.907642
0.909879
0.814595
0.6058
0.940231
0.538224
0.847793
0.309701
0.436879
0.221679
0.788087
0.64045
0.999077
0.666446
0.363717
0.247555
0.725783
0.209688
0.844502
0.749808
0.799341
0.994667
0.579428
0.984364
0.454732
0.894234
0.666763
0.742324
0.487569
0.37879
0.82216
0.9281
0.968661
0.584155
0.928918
0.998555
0.832942
0.715041
0.487344
0.724639
0.222838
0.714173
0.834724
0.776358
0.88164
0.38812
0.879281
0.681953
0.261307
0.278993
0.384876
0.9386
0.278232
0.266929
0.349217
0.571842
0.249965
0.211539
0.999915
0.234485
0.820548
0.430025
0.885967
0.533047
0.723425
0.818846
0.528726
0.899726
0.479004
0.819207
0.542615
0.600562
0.395263
0.771617
0.216061
0.37219
0.832384
0.760771
0.629382
0.437776
0.786821
0.814393
0.486018
0.854936
0.779555
0.587609
0.819257
0.568635
0.998252
0.254852
0.860405
0.827906
0.419094
0.343287
0.382461
0.741572
0.712418
0.797758
0.395019
0.518835
0.740266
0.997351
0.503066
0.365524
0.614782
0.33055
0.768541
0.237211
0.554711
0.567147
0.664025
0.343281
0.999687
0.733834
0.90944
0.825418
0.504434
0.654304
0.542186
0.789058
0.66494
0.408811
0.227633
0.733829
0.855357
0.74007
0.287015
0.243196
0.685722
0.61228
0.482217
0.833629
0.777741
0.274205
0.588679
0.68898
0.485413
0.235786
0.635618
0.340348
0.210647
0.999715
0.318735
0.467027
0.297618
0.291495
0.328363
0.999796
0.769525
0.458519
0.286995
0.628028
0.714603
0.522978
0.400236
0.453537
0.863405
0.796367
0.786897
0.856569
0.587148
0.856258
0.268427
0.993662
0.863788
0.215954
0.84664
0.371726
0.642657
0.944668
0.99916
0.82448
0.695765
0.330098
0.669909
0.897061
0.429575
0.996256
0.92131
0.212087
0.295944
0.236391
0.862685
0.921254
0.761383
0.990054
0.379545
0.998162
0.31867
0.871247
0.371259
0.372277
0.493195
0.70863
0.236032
0.213725
0.742334
0.623175
0.226664
0.597589
0.660155
0.306891
0.480736
0.823458
0.510334
0.361236
0.523999
0.874836
0.434733
0.723268
0.392265
0.227725
0.621655
0.803965
0.526246
0.488929
0.901106
0.624674
0.223601
0.520399
0.567844
0.721961
0.457452
0.490306
0.796507
0.498878
0.920998
0.269666
0.497248
0.271385
0.486896
0.854357
0.74685
0.999526
0.572097
0.475359
0.551497
0.249871
0.202289
0.501596
0.996242
0.83086
0.647572
0.331207
0.918778
0.24762
0.390081
0.851785
0.767673
0.678116
0.697379
0.992843
0.715512
0.203417
0.318721
0.647101
0.459326
0.70439
0.223983
0.382037
0.240467
0.586692
0.231548
0.934395
0.696571
0.484613
0.35483
0.275143
0.797252
0.441099
0.390955
0.660162
0.530763
0.315132
0.481269
0.560181
0.748383
0.803624
0.874278
0.532359
0.816472
0.595814
0.749955
0.811692
0.219131
0.796089
0.569649
0.730314
0.816855
0.512101
0.899259
0.830766
0.848627
0.377176
0.879553
0.271314
0.747363
0.420054
0.596639
0.494995
0.551263
0.629172
0.794697
0.333246
0.666903
0.877433
0.856143
0.204629
0.243236
0.844965
0.744819
0.931129
0.750019
0.831874
0.971494
0.800783
0.629874
0.255671
0.300325
0.55741
0.927037
0.555732
0.659028
0.856807
0.600391
0.370028
0.83513
0.323208
0.798454
0.270357
0.368335
0.55595
0.664742
0.875933
0.442087
0.312076
0.571786
0.527652
0.959514
0.759781
0.500228
0.653953
0.757466
0.539969
0.266591
0.360178
0.257104
0.874765
0.623825
0.329746
0.200764
0.41552
0.469155
0.89157
0.713275
0.570943
0.239788
0.510424
0.396922
0.638502
0.38803
0.553549
0.562458
0.77067
0.85234
0.238029
0.430753
0.487015
0.841469
0.841732
0.666473
0.531232
0.387386
0.307741
0.611605
0.644266
0.998272
0.635371
0.854034
0.783221
0.597953
0.771475
0.996449
0.41759
0.681714
0.591591
0.46469
0.626069
0.999991
0.304186
0.5
0.468267
0.704221
0.500201
0.365117
0.755678
0.847311
0.599178
0.771991
0.768989
0.459504
0.410261
0.225747
0.999951
0.863078
0.826265
0.571393
0.69652
0.71463
0.252827
0.211988
0.368056
0.856393
0.312955
0.286598
0.778707
0.241385
0.694381
0.685596
0.864793
0.999964
0.786975
0.23281
0.436771
0.595569
0.866604
0.481102
0.678838
0.750727
0.698011
0.247471
0.281197
0.218182
0.666672
0.749337
0.598033
0.282926
0.744822
0.200475
0.999136
0.804121
0.435825
0.864449
0.720535
0.233357
0.697396
0.205674
0.890289
0.945302
0.339206
0.999838
0.8562
0.401414
0.599399
0.986901
0.675219
0.996389
0.234418
0.242621
0.232112
0.554576
0.292003
0.78538
0.799277
0.439398
0.489661
0.226958
0.647102
0.482439
0.266697
0.80006
0.995732
0.591354
0.902713
0.647079
0.865892
0.655241
0.708027
0.996256
0.277818
0.995852
0.425538
0.641072
0.69883
0.82361
0.748947
0.457303
0.814416
0.334648
0.872608
0.763158
0.88297
0.801212
0.270451
0.539842
0.653603
0.646893
0.671408
0.265793
0.857395
0.300609
0.217675
0.498386
0.995259
0.996202
0.440197
0.993019
0.857494
0.607488
0.58009
0.56306
0.416607
0.417165
0.99845
0.489411
0.632769
0.576954
0.358715
0.60704
0.718431
0.900973
0.815747
0.245101
0.535784
0.636824
0.473422
0.762591
0.994739
0.653411
0.202689
0.445153
0.890884
0.386018
0.97819
0.840216
0.459014
0.773962
0.648562
0.457541
0.839714
0.597186
0.471491
0.675061
0.757844
0.254633
0.999957
0.887699
0.405026
0.317473
0.596463
0.892662
0.66554
0.319895
0.457843
0.618445
0.839103
0.499043
0.507399
0.435524
0.742849
0.863114
0.286306
0.544027
0.491852
0.622025
0.870875
0.257774
0.857002
0.674282
0.3594
0.564704
0.400203
0.459405
0.82468
0.993495
0.244277
0.999865
0.3317
0.353632
0.544952
0.766982
0.99979
0.278733
0.670365
0.987481
0.470043
0.698001
0.262688
0.476551
0.510229
0.551587
0.706303
0.484495
0.507873
0.722069
0.798341
0.416943
0.785645
0.329617
0.690727
0.515996
0.625911
0.795172
0.317695
0.784043
0.697179
0.346832
0.99987
0.785484
0.630115
0.289533
0.910442
0.491208
0.290617
0.51425
0.788789
0.287746
0.834881
0.859372
0.874233
0.61542
0.605159
0.798499
0.651847
0.6135
0.35772
0.219563
0.364406
0.481699
0.744248
0.424855
0.473014
0.831885
0.407803
0.775312
0.933483
0.811249
0.463934
0.693803
0.716279
0.54264
0.536338
0.65019
0.874864
0.269233
0.439099
0.815355
0.814135
0.639625
0.936754
0.596118
0.881777
0.94164
0.216039
0.85529
0.991477
0.322349
0.684734
0.254432
0.267786
0.452284
0.244973
0.36591
0.234043
0.877372
0.888046
0.735652
0.243366
0.993789
0.963132
0.812897
0.544969
0.594648
0.376505
0.729327
0.462331
0.346558
0.425939
0.785366
0.606698
0.415256
0.765131
0.914855
0.928972
0.360482
0.449103
0.520918
0.274549
0.800649
0.855487
0.217548
0.705311
0.695428
0.596668
0.498734
0.319044
0.426033
0.799914
0.302841
0.361345
0.809577
0.845102
0.646484
0.991407
0.430554
0.724518
0.466706
0.868599
0.797692
0.216396
0.836111
0.51881
0.386043
0.333355
0.660363
0.818737
0.467059
0.820237
0.995908
0.743595
0.294055
0.996833
0.919231
0.980771
0.737833
0.927853
0.300569
0.435247
0.365471
0.677927
0.869315
0.845578
0.472625
0.735174
0.840186
0.396646
0.897065
0.762242
0.799701
0.49172
0.770197
0.585953
0.962476
0.417161
0.999824
0.999846
0.998443
0.538308
0.453673
0.816707
0.837897
0.408529
0.999959
0.4019
0.502556
0.223696
0.559115
0.573055
0.708945
0.264838
0.408508
0.420296
0.544858
0.307109
0.247341
0.430659
0.929207
0.714518
0.209952
0.713615
0.972192
0.733061
0.709717
0.999665
0.925915
0.34573
0.844667
0.852651
0.379423
0.628074
0.938956
0.66662
0.361881
0.92659
0.284207
0.472035
0.376103
0.56426
0.929627
0.31259
0.621282
0.584252
0.993906
0.696402
0.616158
0.488366
0.331434
0.392649
0.454546
0.656919
0.643253
0.774771
0.213303
0.471816
0.769162
0.740629
0.419306
0.704891
0.994682
0.310916
0.516844
0.457515
0.391216
0.364998
0.399842
0.248996
0.481354
0.493622
0.515233
0.797983
0.713725
0.663424
0.747686
0.941605
0.577224
0.501432
0.527459
0.565654
0.78806
0.954173
0.323619
0.350202
0.996884
0.752748
0.715584
0.778737
0.997348
0.511787
0.757394
0.992685
0.728292
0.780607
0.333561
0.331488
0.947946
0.357197
0.364157
0.818797
0.643164
0.666007
0.354542
0.502302
0.496782
0.554146
0.357613
0.997648
0.339541
0.710173
0.424781
0.565415
0.297061
0.592891
0.848251
0.439628
0.338511
0.34172
0.567923
0.2371
0.935801
0.697154
0.902959
0.852335
0.88161
0.939899
0.799009
0.22334
0.381711
0.986544
0.730512
0.486823
0.243902
0.509612
0.930108
0.532749
0.987451
0.621443
0.61626
0.994707
0.646322
0.396632
0.384686
0.788892
0.858792
0.406765
0.999823
0.236749
0.997108
0.873451
0.668716
0.888881
0.243805
0.890875
0.612858
0.705763
0.264316
0.614976
0.762613
0.434093
0.363068
0.41654
0.264964
0.310502
0.989442
0.912087
0.664821
0.371037
0.433962
0.680496
0.61172
0.202272
0.764607
0.66615
0.353892
0.611412
0.22272
0.273661
0.811249
0.829204
0.742974
0.57276
0.470993
0.767043
0.780691
0.960875
0.644394
0.337012
0.702368
0.336149
0.687827
0.362109
0.848439
0.427216
0.873566
0.721319
0.29132
0.338429
0.881306
0.898967
0.725842
0.823429
0.999921
0.229147
0.405377
0.500036
0.832682
0.256548
0.805261
0.268091
0.237904
0.872554
0.39358
0.990136
0.816067
0.728888
0.696843
0.884032
0.85812
0.307706
0.931393
0.577672
0.349518
0.521765
0.376497
0.465122
0.797169
0.64575
0.825204
0.555623
0.987842
0.839247
0.5379
0.406027
0.913817
0.905451
0.726772
0.548899
0.874895
0.500691
0.957936
0.530216
0.714274
0.882633
0.215381
0.703607
0.79739
0.88714
0.507364
0.546716
0.408931
0.650308
0.80102
0.665558
0.619109
0.906168
0.970368
0.516595
0.643705
0.570898
0.612282
0.486657
0.237059
0.747403
0.769509
0.864413
0.573826
0.80017
0.391063
0.579043
0.978163
0.457064
0.236575
0.615197
0.448225
0.339721
0.975472
0.590306
0.699277
0.37521
0.88818
0.231463
0.887611
0.425792
0.969711
0.211541
0.237236
0.593002
0.80015
0.426121
0.689005
0.562678
0.591418
0.874096
0.282579
0.575106
0.624276
0.472973
0.683685
0.263031
0.329399
0.416989
0.834243
0.365229
0.906001
0.245128
0.763088
0.790607
0.862352
0.225842
0.974338
0.522664
0.242752
0.785647
0.815736
0.857136
0.813267
0.885278
0.468767
0.856705
0.998353
0.765485
0.795785
0.998957
0.22222
0.375159
0.315613
0.355226
0.811677
0.312854
0.999578
0.411899
0.556601
0.765155
0.773592
0.370882
0.851526
0.702333
0.518516
0.751678
0.849996
0.651535
0.227146
0.633172
0.991489
0.442527
0.657042
0.268077
0.81871
0.843419
0.97264
0.359081
0.859968
0.866446
0.901372
0.34991
0.739004
0.684255
0.999084
0.696851
0.835322
0.652356
0.989004
0.529864
0.583499
0.580679
0.818549
0.314183
0.25891
0.236465
0.571806
0.758988
0.700448
0.479691
0.910426
0.914212
0.857142
0.204597
0.598029
0.283034
0.657762
0.972933
0.998978
0.875022
0.384374
0.497616
0.990559
0.876378
0.980557
0.858818
0.245248
0.355553
0.286372
0.498179
0.92813
0.737547
0.606527
0.382941
0.9977
0.824376
0.582231
0.643109
0.999393
0.938181
0.822313
0.70541
0.791951
0.670725
0.700318
0.674588
0.226516
0.899777
0.797134
0.812407
0.28724
0.679578
0.229519
0.282876
0.936094
0.45959
0.875431
0.263502
0.772832
0.928747
0.763206
0.612024
0.205293
0.551478
0.716084
0.87162
0.486083
0.77719
0.829568
0.393322
0.746763
0.845537
0.52974
0.313879
0.30176
0.750045
0.303021
0.999999
0.599919
0.867857
0.363275
0.62785
0.242579
0.516572
0.653787
0.995822
0.223514
0.334128
0.336015
0.997346
0.549834
0.708371
0.801086
0.460516
0.57366
0.512438
0.652871
0.828278
0.245412
0.46607
0.89905
0.904035
0.216081
0.22365
0.804199
0.532568
0.484072
0.595856
0.398097
0.444107
0.557693
0.600001
0.688
0.799307
0.778349
0.761234
0.273611
0.758966
0.681732
0.20492
0.541059
0.526871
0.51512
0.800001
0.649971
0.67913
0.875534
0.471782
0.792496
0.719281
0.551497
0.627251
0.208384
0.454131
0.73446
0.922256
0.882159
0.237926
0.61402
0.644643
0.822626
0.716676
0.699979
0.594232
0.813252
0.541504
0.799408
0.999934
0.281352
0.740694
0.772771
0.916616
0.97205
0.258876
0.497136
0.638129
0.775798
0.926973
0.765732
0.830408
0.71205
0.448869
0.765709
0.94742
0.685936
0.720712
0.574756
0.545468
0.664366
0.714041
0.999516
0.78371
0.744326
0.850323
0.785614
0.993348
0.721988
0.588218
0.610062
0.810316
0.751708
0.55869
0.861579
0.897947
0.615652
0.876916
0.997307
0.592861
0.284384
0.723023
0.609322
0.824145
0.629788
0.857144
0.925507
0.303196
0.80049
0.618212
0.698475
0.713552
0.661657
0.211612
0.715375
0.515131
0.586753
0.204308
0.610465
0.22864
0.347265
0.555481
0.927224
0.484431
0.932755
0.594182
0.26259
0.700754
0.721121
0.890922
0.523909
0.375665
0.395989
0.297749
0.622819
0.809088
0.298771
0.439401
0.75163
0.436385
0.715751
0.699434
0.99862
0.264315
0.504367
0.312471
0.548828
0.756266
0.589445
0.996646
0.466412
0.691916
0.855764
0.683921
0.253287
0.458391
0.259648
0.539399
0.21681
0.666589
0.342714
0.852965
0.635332
0.760384
0.403149
0.577956
0.446236
0.880237
0.605092
0.848075
0.364691
0.437832
0.999936
0.4669
0.84972
0.861095
0.904459
0.647884
0.753566
0.681878
0.52817
0.90352
0.517202
0.999519
0.564116
0.912313
0.930198
0.748016
0.602615
0.477619
0.622361
0.985229
0.856032
0.850751
0.262601
0.828764
0.769393
0.500543
0.65601
0.321439
0.272529
0.874716
0.613276
0.65205
0.412035
0.40084
0.344259
0.999845
0.968087
0.570588
0.448955
0.291752
0.832122
0.805457
0.691695
0.856117
0.641081
0.473169
0.622463
0.27295
0.287756
0.21447
0.99861
0.764944
0.245281
0.281662
0.291568
0.812737
0.589351
0.40949
0.68131
0.269093
0.221137
0.783836
0.518444
0.476158
0.622863
0.410035
0.636174
0.24405
0.666635
0.28842
0.826814
0.998545
0.549699
0.33444
0.719615
0.8625
0.796759
0.328535
0.707558
0.429026
0.87115
0.857303
0.761123
0.735347
0.846088
0.366004
0.719008
0.999753
0.507982
0.859922
0.530626
0.93681
0.240347
0.614977
0.80796
0.866161
0.927699
0.919123
0.499937
0.705783
0.689357
0.431126
0.70508
0.232955
0.851494
0.777947
0.687274
0.564644
0.444226
0.400726
0.906271
0.997801
0.36008
0.540426
0.932119
0.278447
0.368449
0.897451
0.251277
0.829912
0.77667
0.647036
0.761074
0.823644
0.243663
0.666531
0.937029
0.863514
0.779768
0.315518
0.795556
0.933249
0.533046
0.285998
0.812032
0.880027
0.275078
0.649289
0.353518
0.32928
0.455904
0.490474
0.453619
0.450549
0.298691
0.89667
0.611289
0.798793
0.824308
0.739274
0.997696
0.432955
0.798816
0.741621
0.59483
0.499046
0.682766
0.412464
0.469584
0.310223
0.720634
0.416544
0.831256
0.467159
0.7894
0.378171
0.994583
0.387835
0.51901
0.639343
0.862322
0.784773
0.634765
0.730286
0.925752
0.340376
0.766444
0.991741
0.888589
0.243067
0.785916
0.213721
0.671994
0.831438
0.408622
0.387703
0.710743
0.39763
0.578429
0.923805
0.507812
0.964991
0.31869
0.20032
0.498299
0.663641
0.997052
0.748567
0.997542
0.700342
0.76724
0.574951
0.778659
0.203067
0.390338
0.338066
0.954402
0.986507
0.736258
0.987875
0.998221
0.23087
0.823437
0.203571
0.389535
0.693771
0.466791
0.819188
0.425581
0.979372
0.259999
0.728887
0.719354
0.346646
0.300074
0.888621
0.99252
0.97562
0.765606
0.926327
0.748792
0.801993
0.742071
0.48148
0.500653
0.771836
0.687478
0.859255
0.928753
0.946206
0.692126
0.428288
0.865709
0.415137
0.376161
0.787245
0.549902
0.812196
0.242462
0.68636
0.527838
0.727128
0.841826
0.37868
0.889877
0.999013
0.439702
0.53406
0.475562
0.428504
0.923206
0.436029
0.865592
0.908138
0.714305
0.775415
0.277109
0.254227
0.790398
0.338693
0.828596
0.750054
0.289829
0.602022
0.513641
0.334009
0.664771
0.613382
0.432872
0.846455
0.258068
0.428771
0.204966
0.297542
0.990254
0.61985
0.996313
0.577012
0.605311
0.427491
0.778608
0.74997
0.672124
0.735608
0.2369
0.664968
0.765995
0.470239
0.649973
0.875499
0.758853
0.789542
0.531216
0.77888
0.277744
0.627053
0.74564
0.854412
0.702924
0.9028
0.826542
0.878826
0.998556
0.777764
0.845546
0.740687
0.999755
0.668258
0.665363
0.81421
0.600262
0.924742
0.621099
0.435986
0.826119
0.618259
0.993359
0.645751
0.763138
0.561543
0.84407
0.288231
0.240804
0.603119
0.312989
0.674817
0.499634
0.43419
0.43842
0.548899
0.237959
0.994598
0.829463
0.439355
0.571164
0.68572
0.884116
0.544886
0.37773
0.851713
0.265399
0.504449
0.725988
0.985832
0.378983
0.327494
0.699428
0.441162
0.399054
0.874768
0.697319
0.696555
0.728919
0.544688
0.455491
0.726699
0.964083
0.404841
0.203033
0.260755
0.785499
0.612754
0.519267
0.529545
0.308862
0.212247
0.995105
0.460854
0.542295
0.764563
0.539984
0.255316
0.997344
0.69566
0.888773
0.623068
0.5067
0.46091
0.833335
0.65173
0.999903
0.820414
0.61764
0.561905
0.818766
0.367315
0.384442
0.889702
0.453644
0.547215
0.390174
0.679015
0.222883
0.757513
0.769286
0.643305
0.996622
0.997316
0.721916
0.807447
0.704909
0.859866
0.223532
0.762194
0.276574
0.669131
0.580265
0.701422
0.730103
0.340956
0.778167
0.595744
0.268012
0.311269
0.617681
0.992938
0.836915
0.363856
0.330776
0.840967
0.260615
0.573695
0.740318
0.751199
0.789736
0.307329
0.418695
0.999806
0.695823
0.752904
0.52424
0.829041
0.620087
0.993943
0.63234
0.994882
0.357136
0.508664
0.386805
0.601325
0.849592
0.687209
0.444475
0.559121
0.356255
0.3474
0.52403
0.713487
0.867761
0.920992
0.871281
0.991164
0.707909
0.626355
0.556176
0.993414
0.6428
0.912607
0.728702
0.867085
0.774013
0.475975
0.679515
0.563994
0.299263
0.715985
0.673835
0.798837
0.447917
0.779889
0.915079
0.432345
0.843913
0.573647
0.739126
0.878182
0.238329
0.768793
0.443697
0.912721
0.510033
0.298644
0.625676
0.236808
0.972406
0.315544
0.509648
0.833257
0.727393
0.999443
0.930979
0.457742
0.762428
0.245803
0.264364
0.611935
0.24056
0.913102
0.864043
0.999607
0.838507
0.999291
0.712817
0.508075
0.851867
0.46198
0.652011
0.810987
0.768746
0.605929
0.270608
0.99876
0.233914
0.542187
0.63415
0.676623
0.476297
0.258742
0.739982
0.314874
0.999364
0.763523
0.279933
0.784696
0.855449
0.936193
0.429728
0.799145
0.99312
0.908652
0.996702
0.920375
0.20263
0.440901
0.667537
0.517336
0.721931
0.763467
0.299097
0.833563
0.889222
0.915291
0.870953
0.628462
0.458392
0.999543
0.931115
0.681548
0.785005
0.364905
0.799462
0.291459
0.643896
0.75165
0.999039
0.723367
0.440038
0.316803
0.999246
0.529229
0.799493
0.317096
0.705582
0.994906
0.483404
0.485512
0.971852
0.784649
0.800001
0.229307
0.30635
0.664732
0.686751
0.624956
0.438813
0.335658
0.571042
0.472867
0.927818
0.745711
0.64272
0.773276
0.75256
0.767111
0.817062
0.87905
0.998895
0.419427
0.393561
0.203937
0.222355
0.781062
0.633354
0.737972
0.668594
0.246462
0.738551
0.488424
0.964281
0.327208
0.696531
0.228625
0.646566
0.611354
0.732924
0.350101
0.523989
0.220075
0.366335
0.272298
0.881824
0.927365
0.407237
0.285098
0.713837
0.713987
0.820993
0.624635
0.727924
0.343636
0.597055
0.919961
0.843606
0.235839
0.776506
0.416789
0.257572
0.259032
0.773515
0.862516
0.306355
0.2018
0.720908
0.310386
0.789516
0.273894
0.999598
0.346808
0.313524
0.381498
0.599877
0.715012
0.812419
0.268367
0.899583
0.790654
0.279999
0.462682
0.675221
0.737388
0.753665
0.999326
0.787776
0.624206
0.985286
0.765751
0.273862
0.326948
0.630162
0.599826
0.997109
0.855778
0.666456
0.570227
0.825379
0.48068
0.712684
0.747356
0.496974
0.42933
0.412692
0.555094
0.817352
0.949897
0.919317
0.333758
0.746722
0.867485
0.439471
0.596939
0.309978
0.98663
0.77145
0.827975
0.467254
0.533432
0.413624
0.799017
0.856511
0.749794
0.273894
0.215081
0.662775
0.439001
0.80064
0.988937
0.443166
0.258164
0.309973
0.628337
0.668181
0.650489
0.785635
0.842515
0.710615
0.578108
0.62046
0.810567
0.856751
0.998434
0.893308
0.871191
0.99302
0.706535
0.698834
0.988194
0.709849
0.781703
0.406782
0.999662
0.54033
0.836389
0.836458
0.928832
0.999731
0.998799
0.563447
0.435596
0.807222
0.999718
0.260434
0.708022
0.703658
0.80965
0.480552
0.570166
0.287351
0.683037
0.792772
0.457284
0.853073
0.616854
0.712566
0.524987
0.440437
0.79514
0.999816
0.862801
0.846327
0.768685
0.452518
0.296732
0.311412
0.710666
0.469149
0.218406
0.626515
0.763131
0.849876
0.407536
0.305326
0.719659
0.937104
0.53956
0.272049
0.530032
0.516079
0.897476
0.847189
0.904163
0.400617
0.827744
0.703951
0.999453
0.233245
0.992381
0.563873
0.659933
0.578607
0.750006
0.653327
0.57294
0.319709
0.262401
0.550234
0.999914
0.455219
0.79133
0.652033
0.874812
0.999508
0.630741
0.721486
0.812925
0.474662
0.930806
0.484274
0.228691
0.989629
0.758286
0.622772
0.251446
0.696718
0.981764
0.785252
0.73744
0.870715
0.962018
0.878896
0.788581
0.765332
0.617438
0.527035
0.696269
0.960003
0.665461
0.972843
0.959743
0.387417
0.929096
0.881425
0.268556
0.999252
0.899896
0.285243
0.733036
0.69474
0.665353
0.916426
0.750473
0.786498
0.449901
0.334791
0.998857
0.820546
0.880435
0.697592
0.603974
0.743391
0.852014
0.236254
0.999585
0.886104
0.918098
0.318334
0.470139
0.216614
0.211053
0.72057
0.82864
0.851874
0.57031
0.59221
0.809828
0.462726
0.641099
0.876845
0.869114
0.200419
0.806629
0.718213
0.915841
0.657328
0.889765
0.974207
0.705801
0.469507
0.606604
0.223357
0.827385
0.527781
0.62205
0.273558
0.876398
0.863064
0.908381
0.814807
0.276559
0.632171
0.970892
0.781812
0.408415
0.690102
0.778981
0.817676
0.786187
0.975684
0.68941
0.669791
0.773358
0.752365
0.654383
0.437019
0.821769
0.781127
0.65694
0.863155
0.99455
0.697374
0.910404
0.304151
0.874193
0.528966
0.750723
0.55921
0.40623
0.397587
0.533058
0.307673
0.875629
0.946354
0.959755
0.828888
0.668016
0.723799
0.537587
0.568222
0.320104
0.503054
0.510271
0.807663
0.441219
0.249081
0.232526
0.628965
0.622925
0.859045
0.376999
0.570252
0.830422
0.212258
0.763649
0.628108
0.818258
0.999922
0.774547
0.762837
0.665431
0.517161
0.929563
0.794606
0.700361
0.398082
0.808903
0.913565
0.865347
0.99982
0.605886
0.365207
0.923051
0.807707
0.601946
0.283181
0.898265
0.871919
0.544832
0.246082
0.4769
0.29428
0.588661
0.467065
0.749514
0.495805
0.911151
0.538191
0.855476
0.400148
0.839916
0.448677
0.684669
0.682529
0.311113
0.787431
0.612193
0.995353
0.719705
0.469433
0.285788
0.735164
0.652606
0.884539
0.687483
0.804058
0.788551
0.857101
0.829725
0.520235
0.893664
0.25509
0.922858
0.822402
0.851771
0.510175
0.603299
0.610827
0.73368
0.552646
0.301148
0.283194
0.981942
0.348292
0.369933
0.75283
0.29571
0.729613
0.769255
0.970602
0.993107
0.733622
0.229318
0.74304
0.43889
0.96156
0.858787
0.899887
0.618244
0.862761
0.74966
0.573678
0.972032
0.615429
0.21202
0.565004
0.97796
0.80103
0.749538
0.348023
0.517228
0.524846
0.414318
0.857345
0.581965
0.226871
0.881609
0.844554
0.914033
0.906193
0.325441
0.865144
0.468998
0.522736
0.972612
0.818158
0.691604
0.285563
0.912399
0.301354
0.30673
0.581769
0.664983
0.666975
0.606803
0.799606
0.74823
0.699552
0.618086
0.242745
0.428825
0.274706
0.570427
0.455288
0.328942
0.430285
0.920309
0.511891
0.666032
0.461853
0.739698
0.864808
0.440767
0.478458
0.825611
0.262232
0.849535
0.501799
0.817801
0.305864
0.277725
0.275028
0.833208
0.337612
0.44951
0.536444
0.583954
0.308156
0.7598
0.99898
0.734943
0.998345
0.998823
0.313629
0.62906
0.994647
0.863735
0.499674
0.666422
0.752091
0.92915
0.916468
0.347483
0.285883
0.622724
0.41165
0.353327
0.549616
0.663725
0.749893
0.419326
0.238908
0.500262
0.783776
0.713881
0.717243
0.600925
0.580712
0.442187
0.855554
0.736134
0.999293
0.217086
0.689543
0.463626
0.927706
0.33691
0.242159
0.85754
0.76203
0.996024
0.932836
0.573807
0.994232
0.702409
0.678585
0.44442
0.506611
0.874819
0.418417
0.551767
0.371545
0.462267
0.655068
0.849401
0.353959
0.873974
0.849078
0.237416
0.485017
0.737963
0.332915
0.915982
0.810443
0.64889
0.999927
0.707609
0.600361
0.319932
0.373438
0.999458
0.44128
0.659753
0.999398
0.925706
0.688527
0.757502
0.288044
0.292873
0.477979
0.302683
0.441717
0.999541
0.806443
0.760897
0.99887
0.908459
0.769231
0.240143
0.330332
0.485034
0.431116
0.604162
0.666653
0.572069
0.829751
0.5259
0.659873
0.401811
0.980294
0.833164
0.245808
0.874874
0.930519
0.42778
0.589088
0.732117
0.654505
0.803295
0.687511
0.94982
0.480586
0.268961
0.972151
0.483265
0.828668
0.427264
0.525924
0.85582
0.706707
0.237272
0.666705
0.715093
0.344643
0.401358
0.221453
0.577509
0.279925
0.223845
0.902452
0.599252
0.698636
0.333191
0.713764
0.286717
0.494416
0.851135
0.65855
0.756423
0.599818
0.896291
0.570748
0.39779
0.481235
0.920092
0.857235
0.598067
0.567663
0.29797
0.493569
0.787727
0.763203
0.293486
0.969066
0.891128
0.448537
0.500253
0.847025
0.220999
0.731738
0.775749
0.240608
0.744017
0.267282
0.910781
0.587628
0.875172
0.230513
0.570456
0.637417
0.271278
0.280935
0.663963
0.867984
0.806062
0.599024
0.916574
0.28965
0.655289
0.587725
0.449592
0.215273
0.346934
0.867722
0.8644
0.645572
0.655317
0.860453
0.722394
0.273742
0.771072
0.478746
0.999946
0.394736
0.686761
0.256082
0.650025
0.514781
0.64395
0.856976
0.47962
0.422269
0.715716
0.766047
0.829089
0.683725
0.540488
0.277454
0.45095
0.345138
0.810418
0.405842
0.830061
0.582536
0.998428
0.296647
0.325757
0.665746
0.283072
0.962589
0.612284
0.997668
0.605539
0.344455
0.363648
0.918297
0.498778
0.686645
0.582868
0.272375
0.809013
0.770479
0.701892
0.751603
0.698642
0.581589
0.584063
0.81634
0.842844
0.699019
0.749889
0.604756
0.922024
0.252377
0.512923
0.822725
0.818114
0.254253
0.798588
0.674582
0.845151
0.729106
0.799702
0.312154
0.999162
0.737583
0.574749
0.922949
0.424347
0.32118
0.747957
0.208304
0.846946
0.338511
0.667805
0.364542
0.287898
0.53679
0.936706
0.979931
0.555303
0.530583
0.346808
0.840185
0.785259
0.338942
0.999309
0.921007
0.536727
0.917231
0.982974
0.899983
0.882349
0.984383
0.921225
0.996503
0.439413
0.583069
0.228049
0.683171
0.326114
0.623303
0.747317
0.608467
0.813109
0.420391
0.571344
0.437968
0.226079
0.647067
0.275011
0.43317
0.961207
0.74953
0.264335
0.278395
0.9064
0.548376
0.261836
0.340619
0.947699
0.999444
0.644157
0.257675
0.218765
0.247518
0.596476
0.380278
0.574324
0.928621
0.692006
0.531667
0.370883
0.205469
0.633363
0.591991
0.7797
0.240955
0.868452
0.817314
0.383054
0.723409
0.556278
0.355216
0.707574
0.325175
0.698852
0.659852
0.443685
0.777231
0.671838
0.851368
0.23969
0.738217
0.333406
0.851264
0.217648
0.674
0.709951
0.820926
0.792637
0.813014
0.685307
0.716842
0.750437
0.323846
0.344049
0.752462
0.494084
0.266166
0.660414
0.447751
0.38019
0.349607
0.864718
0.576532
0.648132
0.579693
0.89975
0.581946
0.864697
0.794924
0.878956
0.253389
0.26183
0.202752
0.2131
0.23123
0.686107
0.740215
0.773805
0.999988
0.869815
0.730571
0.775364
0.429507
0.789616
0.634996
0.51067
0.832143
0.29836
0.792628
0.255699
0.572716
0.299308
0.254651
0.596011
0.52675
0.420622
0.854369
0.697771
0.680005
0.503041
0.909721
0.360225
0.877655
0.88973
0.881437
0.673552
0.665395
0.750661
0.411038
0.651615
0.727487
0.669763
0.326151
0.544912
0.277601
0.708343
0.352928
0.586865
0.868973
0.858324
0.785767
0.336592
0.516394
0.996142
0.363493
0.30043
0.852632
0.726964
0.348386
0.988025
0.816219
0.63885
0.999872
0.666062
0.368564
0.87281
0.601335
0.609573
0.782033
0.720063
0.256073
0.78034
0.21867
0.88842
0.715766
0.571291
0.847787
0.661634
0.303588
0.40557
0.331391
0.860751
0.32832
0.667457
0.32983
0.627764
0.466195
0.357846
0.200607
0.304759
0.221413
0.832148
0.324136
0.583764
0.824777
0.929466
0.984094
0.290587
0.292219
0.570594
0.932309
0.321778
0.935577
0.999839
0.42632
0.834147
0.672493
0.843781
0.720469
0.749894
0.90656
0.9167
0.398326
0.429491
0.873532
0.749836
0.82104
0.800231
0.701047
0.99997
0.812508
0.67192
0.860383
0.981967
0.996803
0.99656
0.236643
0.857415
0.394431
0.316929
0.999677
0.25457
0.390596
0.39555
0.750525
0.304487
0.277421
0.823067
0.411046
0.749651
0.931971
0.492384
0.708226
0.68596
0.83682
0.955834
0.79981
0.857101
0.523567
0.82186
0.899041
0.276265
0.398697
0.239664
0.61107
0.795556
0.814023
0.383467
0.999944
0.635118
0.539625
0.363092
0.997427
0.872255
0.883273
0.899386
0.410367
0.999617
0.483566
0.90153
0.452285
0.597962
0.999957
0.772
0.768009
0.783086
0.28618
0.660998
0.887989
0.736271
0.673611
0.317552
0.213748
0.679955
0.77935
0.586966
0.714384
0.384737
0.752658
0.616298
0.574346
0.994517
0.906728
0.782027
0.725218
0.561172
0.622249
0.729569
0.571423
0.267736
0.200511
0.679299
0.918479
0.99969
0.857139
0.649765
0.789541
0.800137
0.458235
0.329622
0.447327
0.939942
0.603416
0.607005
0.618941
0.6997
0.898809
0.908888
0.319136
0.212532
0.876
0.735535
0.916427
0.236786
0.234784
0.80053
0.999935
0.833305
0.943169
0.395428
0.490144
0.504379
0.997957
0.833724
0.386317
0.928379
0.658647
0.572097
0.938215
0.802597
0.709749
0.777671
0.831756
0.574758
0.657928
0.87908
0.455221
0.421274
0.290098
0.856906
0.506919
0.813923
0.406426
0.247369
0.413003
0.9114
0.396425
0.696309
0.581582
0.545871
0.397931
0.557508
0.264134
0.76625
0.993837
0.618207
0.474289
0.316995
0.936815
0.384689
0.571233
0.401909
0.87278
0.87436
0.497435
0.28222
0.862171
0.276401
0.651513
0.720926
0.840927
0.707144
0.503212
0.75693
0.252205
0.666507
0.28232
0.833246
0.999995
0.578522
0.255494
0.831694
0.315993
0.218606
0.535721
0.28732
0.800277
0.783341
0.936209
0.396049
0.666815
0.589334
0.728148
0.923141
0.392117
0.722248
0.540204
0.236375
0.862824
0.775632
0.547254
0.842487
0.997811
0.361352
0.315278
0.23613
0.248747
0.633918
0.561049
0.798128
0.749612
0.996824
0.672846
0.819493
0.858695
0.802304
0.26755
0.740246
0.357892
0.222658
0.383344
0.705397
0.991745
0.999625
0.524826
0.405835
0.39306
0.717171
0.243289
0.651701
0.888966
0.266155
0.987463
0.830498
0.51363
0.567261
0.473816
0.762624
0.784558
0.978445
0.416905
0.347335
0.760568
0.669691
0.260645
0.406405
0.822317
0.745293
0.508809
0.874172
0.750223
0.336022
0.412201
0.895557
0.325392
0.423838
0.649022
0.548899
0.218724
0.667381
0.511739
0.297571
0.380236
0.57775
0.658471
0.258019
0.38005
0.691522
0.286486
0.2369
0.675301
0.77681
0.682546
0.574288
0.57438
0.704988
0.59591
0.749927
0.481196
0.998559
0.993837
0.368671
0.664642
0.453194
0.940367
0.623662
0.934131
0.875
0.381468
0.616695
0.9885
0.37578
0.773545
0.560001
0.482894
0.999775
0.810851
0.684398
0.319056
0.373526
0.524515
0.748587
0.627963
0.791477
0.303456
0.752158
0.750015
0.219289
0.83659
0.287907
0.888928
0.61242
0.565507
0.933004
0.662993
0.971951
0.381166
0.239451
0.594108
0.508041
0.783892
0.251412
0.720963
0.999972
0.312731
0.878377
0.229471
0.814589
0.777781
0.465594
0.68956
0.953823
0.70264
0.788998
0.664406
0.759761
0.249499
0.782632
0.680072
0.696756
0.46635
0.826064
0.368585
0.500283
0.988273
0.760992
0.726553
0.947015
0.963524
0.30297
0.411754
0.361892
0.715388
0.35028
0.66655
0.644411
0.605768
0.726469
0.239481
0.493837
0.799795
0.529994
0.458882
0.860804
0.814382
0.773389
0.915026
0.312724
0.756222
0.75151
0.635814
0.263477
0.576147
0.700264
0.529768
0.330611
0.99782
0.366278
0.99503
0.552363
0.2468
0.929999
0.544834
0.385713
0.268229
0.35276
0.555035
0.999509
0.625192
0.995325
0.645269
0.577989
0.608321
0.201528
0.2129
0.350594
0.732137
0.721189
0.507631
0.882139
0.316794
0.450279
0.856632
0.83303
0.774588
0.632747
0.650659
0.657237
0.932503
0.816869
0.49986
0.729206
0.733031
0.736398
0.267199
0.776592
0.42835
0.796605
0.833236
0.858783
0.69104
0.374353
0.2834
0.895104
0.999946
0.851707
0.764883
0.818591
0.387912
0.464325
0.353405
0.427406
0.364197
0.849639
0.730206
0.803803
0.681399
0.810501
0.892621
0.433088
0.884521
0.624054
0.533653
0.713786
0.638526
0.512217
0.726725
0.763314
0.293878
0.709752
0.90826
0.292743
0.611749
0.532617
0.584302
0.415302
0.833086
0.283851
0.933167
0.681793
0.449312
0.774235
0.908946
0.490334
0.829769
0.801564
0.436044
0.999925
0.269201
0.253926
0.666352
0.790283
0.681192
0.971118
0.988011
0.699855
0.749039
0.265259
0.837496
0.560174
0.931074
0.57025
0.916078
0.964493
0.635575
0.917805
0.219856
0.568232
0.261796
0.604221
0.994571
0.864616
0.833594
0.51172
0.872949
0.61871
0.869852
0.99999
0.816545
0.256535
0.410518
0.829715
0.413874
0.277785
0.620247
0.585758
0.2521
0.997261
0.44762
0.448149
0.463678
0.811797
0.636456
0.364497
0.217222
0.373038
0.663766
0.7904
0.764257
0.568363
0.748048
0.873971
0.335264
0.449215
0.525981
0.527369
0.680239
0.821481
0.799657
0.206774
0.707157
0.285308
0.907146
0.559834
0.650132
0.538093
0.614763
0.821632
0.698494
0.283097
0.73352
0.845906
0.456062
0.771664
0.512199
0.853775
0.228522
0.865403
0.806306
0.31882
0.798077
0.828584
0.734615
0.539262
0.794436
0.981565
0.792216
0.327118
0.933754
0.767707
0.717365
0.250156
0.676789
0.882631
0.331718
0.598426
0.557806
0.731129
0.815288
0.396952
0.833267
0.756231
0.863973
0.358039
0.74363
0.674687
0.600622
0.671241
0.62536
0.690076
0.400573
0.84851
0.621021
0.833939
0.33819
0.522174
0.217697
0.795703
0.709923
0.686758
0.964781
0.996724
0.805831
0.291343
0.790955
0.85693
0.591791
0.688989
0.701171
0.941111
0.873758
0.745889
0.599997
0.801709
0.608729
0.213669
0.739635
0.301728
0.521385
0.620914
0.317059
0.89764
0.497642
0.725402
0.424472
0.718115
0.844512
0.804032
0.85439
0.929367
0.796559
0.757303
0.275715
0.338759
0.549762
0.577968
0.841673
0.413295
0.999745
0.847055
0.740382
0.999979
0.978776
0.237666
0.786407
0.799136
0.874859
0.313032
0.908138
0.405032
0.906119
0.759413
0.355424
0.999918
0.490654
0.484301
0.595023
0.888777
0.318927
0.542118
0.539268
0.231627
0.724558
0.604569
0.744094
0.331807
0.999237
0.665982
0.610183
0.839998
0.218466
0.814609
0.453495
0.763795
0.665683
0.735207
0.971572
0.67598
0.535019
0.513392
0.99983
0.285657
0.737056
0.313154
0.586695
0.932017
0.531458
0.563748
0.518772
0.779195
0.665417
0.997768
0.855122
0.224043
0.248302
0.505344
0.322257
0.256453
0.278392
0.69295
0.817839
0.973463
0.5509
0.617693
0.202114
0.258804
0.722524
0.627189
0.392897
0.465437
0.639887
0.333353
0.796976
0.948502
0.33621
0.568866
0.227843
0.927141
0.535089
0.938129
0.801238
0.779008
0.618744
0.388749
0.441266
0.446576
0.992103
0.746438
0.435557
0.793676
0.60034
0.4527
0.27618
0.919786
0.8186
0.813591
0.501799
0.967094
0.427388
0.216043
0.653789
0.316474
0.791258
0.833291
0.993756
0.712553
0.797306
0.713525
0.999985
0.999959
0.86119
0.260491
0.748138
0.824889
0.503065
0.50765
0.24391
0.475522
0.689413
0.563507
0.89837
0.390009
0.778044
0.486082
0.490353
0.916265
0.838374
0.846035
0.303756
0.873871
0.258851
0.55742
0.682244
0.764561
0.784023
0.216154
0.454504
0.240174
0.765855
0.583103
0.846428
0.748216
0.579853
0.892008
0.713734
0.455445
0.996244
0.857673
0.558106
0.329439
0.212735
0.30939
0.332228
0.207431
0.832036
0.802919
0.496227
0.908602
0.495858
0.696275
0.996367
0.585419
0.5506
0.299863
0.750058
0.373889
0.941955
0.805353
0.412985
0.84511
0.617551
0.824265
0.642583
0.571593
0.349289
0.209721
0.832748
0.599129
0.849446
0.723587
0.229836
0.389235
0.770372
0.698942
0.828129
0.739984
0.636677
0.475718
0.651844
0.623789
0.203916
0.874897
0.625002
0.56037
0.688348
0.924807
0.700801
0.904971
0.220305
0.421811
0.998974
0.687105
0.92819
0.368262
0.427855
0.672175
0.247321
0.588375
0.789528
0.539784
0.672449
0.554438
0.244498
0.649781
0.596525
0.357905
0.291771
0.371678
0.275217
0.785864
0.631525
0.372655
0.861787
0.703672
0.525329
0.718414
0.733214
0.989368
0.713166
0.842345
0.281355
0.771936
0.43746
0.302451
0.671316
0.741573
0.581155
0.66126
0.660649
0.442649
0.209943
0.991651
0.668874
0.992217
0.779501
0.903183
0.208347
0.748948
0.811991
0.415198
0.833361
0.952932
0.410503
0.899893
0.735835
0.213363
0.226447
0.382764
0.857005
0.809911
0.207973
0.524243
0.998814
0.455686
0.604683
0.883754
0.206346
0.469186
0.430998
0.657077
0.685695
0.587191
0.363111
0.785812
0.731079
0.864002
0.234561
0.296934
0.658009
0.711701
0.613838
0.749795
0.416328
0.828791
0.399622
0.253258
0.357648
0.297243
0.308589
0.403375
0.998624
0.844154
0.428914
0.841183
0.819954
0.464306
0.842929
0.829553
0.769997
0.996178
0.871436
0.697442
0.717798
0.489428
0.896403
0.738902
0.966993
0.602776
0.915653
0.829361
0.646893
0.949321
0.246475
0.710077
0.761814
0.71505
0.363842
0.834998
0.664367
0.81078
0.773704
0.516116
0.509204
0.5528
0.583331
0.801789
0.763818
0.794581
0.991155
0.227964
0.281556
0.312254
0.557471
0.767324
0.453551
0.956279
0.26528
0.833211
0.410179
0.563041
0.351036
0.87169
0.426956
0.599982
0.545442
0.564505
0.659381
0.866361
0.398353
0.84415
0.814826
0.288524
0.289508
0.675192
0.279711
0.492728
0.322901
0.821859
0.211892
0.392791
0.798977
0.69706
0.718177
0.999883
0.223648
0.406036
0.734504
0.907027
0.614316
0.235311
0.608611
0.560228
0.99992
0.738358
0.648407
0.998997
0.329229
0.635711
0.877552
0.404268
0.899452
0.845587
0.68575
0.33668
0.330624
0.33318
0.449782
0.805132
0.336631
0.330459
0.208488
0.218875
0.668587
0.800012
0.735865
0.219275
0.438994
0.827987
0.288257
0.772252
0.999591
0.900539
0.629468
0.2872
0.586299
0.27482
0.224925
0.735875
0.691951
0.851192
0.813164
0.998029
0.664289
0.999016
0.783948
0.832411
0.981791
0.55027
0.271316
0.397611
0.356679
0.823632
0.500753
0.655396
0.692597
0.958224
0.800582
0.332283
0.637035
0.722128
0.755273
0.815775
0.999316
0.844216
0.934049
0.825028
0.606735
0.69968
0.30024
0.298055
0.434163
0.728429
0.588321
0.538433
0.841528
0.790956
0.466287
0.312165
0.927492
0.604238
0.712009
0.999928
0.755187
0.919678
0.615771
0.379955
0.88229
0.375892
0.867153
0.554185
0.874939
0.916407
0.241078
0.828497
0.266664
0.650215
0.389603
0.360605
0.428672
0.279161
0.82434
0.83693
0.456983
0.495229
0.549156
0.311819
0.331961
0.29153
0.403609
0.397993
0.643063
0.404819
0.542987
0.540664
0.533522
0.783567
0.538989
0.733022
0.718446
0.823711
0.528418
0.275849
0.610391
0.226712
0.225407
0.699757
0.209902
0.997565
0.297199
0.347891
0.466066
0.537956
0.627697
0.349073
0.452996
0.555759
0.605302
0.516647
0.908928
0.500564
0.355838
0.986404
0.788359
0.501483
0.350478
0.397803
0.44284
0.862311
0.728783
0.233662
0.556907
0.889096
0.735851
0.866744
0.529905
0.499962
0.994139
0.829862
0.503273
0.411216
0.484034
0.871935
0.217268
0.807535
0.836131
0.52776
0.411365
0.989119
0.500025
0.227454
0.417806
0.993779
0.210218
0.831363
0.436007
0.81463
0.444789
0.732326
0.418714
0.75921
0.79952
0.404112
0.531025
0.365775
0.908784
0.49574
0.292826
0.866875
0.370583
0.374496
0.230031
0.725938
0.776699
0.994917
0.733694
0.40144
0.896784
0.768932
0.666221
0.45631
0.641351
0.448478
0.603822
0.922104
0.999918
0.984618
0.616552
0.785704
0.85633
0.957465
0.952195
0.778169
0.873665
0.776617
0.350558
0.484215
0.349912
0.72524
0.772975
0.617253
0.998956
0.423244
0.522917
0.928326
0.955934
0.21088
0.827808
0.939335
0.874579
0.576598
0.559508
0.727722
0.245532
0.628981
0.986693
0.988655
0.571126
0.99775
0.722311
0.288022
0.713733
0.217901
0.998224
0.790233
0.231986
0.659517
0.759539
0.391541
0.866744
0.775715
0.334293
0.885234
0.746515
0.326096
0.526206
0.570536
0.837188
0.799013
0.373266
0.92837
0.832191
0.695824
0.510893
0.984868
0.255278
0.300627
0.471446
0.667013
0.242465
0.576341
0.841283
0.874798
0.471137
0.359713
0.21006
0.786624
0.507003
0.33179
0.469051
0.889341
0.792588
0.590049
0.777651
0.739995
0.883579
0.999942
0.564609
0.884011
0.562555
0.993672
0.655441
0.32901
0.249115
0.895366
0.654519
0.765501
0.350973
0.317554
0.774049
0.330044
0.765038
0.502829
0.873676
0.342551
0.812355
0.416469
0.857543
0.777214
0.70084
0.525719
0.451088
0.220345
0.727292
0.599696
0.401391
0.304902
0.5829
0.40468
0.99508
0.51693
0.267589
0.255522
0.279952
0.512831
0.781362
0.560454
0.205853
0.725794
0.583487
0.814109
0.612505
0.346913
0.668737
0.809606
0.481601
0.544956
0.298417
0.593268
0.786667
0.60481
0.969966
0.785627
0.920203
0.418243
0.583843
0.548758
0.72781
0.699749
0.861686
0.500506
0.639114
0.860612
0.822252
0.926907
0.305636
0.908579
0.272669
0.479949
0.413375
0.430024
0.326084
0.909276
0.681059
0.63862
0.332033
0.831751
0.621468
0.241479
0.488078
0.423123
0.753511
0.618772
0.893125
0.44389
0.946376
0.864304
0.252014
0.920972
0.583877
0.526443
0.640971
0.721381
0.725927
0.283632
0.391283
0.863756
0.241141
0.241355
0.98292
0.866323
0.217536
0.880085
0.885405
0.785617
0.552336
0.408618
0.870736
0.652517
0.51085
0.605925
0.874373
0.88104
0.42468
0.86287
0.827447
0.999424
0.766743
0.776825
0.860397
0.887012
0.332409
0.655012
0.402858
0.399625
0.45403
0.540673
0.380405
0.855774
0.881762
0.417462
0.208854
0.483726
0.347996
0.550686
0.718794
0.613333
0.360906
0.763125
0.417009
0.886526
0.279491
0.286555
0.35875
0.957713
0.313107
0.509121
0.363874
0.818865
0.663303
0.833248
0.472293
0.833306
0.77635
0.651213
0.256202
0.999992
0.392787
0.322148
0.404821
0.247482
0.370103
0.676837
0.817928
0.735424
0.253433
0.605644
0.81785
0.850506
0.928427
0.866558
0.243047
0.436539
0.582793
0.286796
0.465376
0.445858
0.627845
0.769571
0.891912
0.939624
0.712317
0.475029
0.906274
0.670462
0.518301
0.669604
0.648154
0.239462
0.994702
0.808535
0.505206
0.444344
0.726249
0.752014
0.307554
0.793233
0.2673
0.249801
0.897625
0.215123
0.732346
0.800796
0.322201
0.655072
0.310077
0.561925
0.887088
0.833655
0.681839
0.892426
0.53607
0.229129
0.799451
0.583685
0.994302
0.992272
0.616514
0.665888
0.516521
0.978655
0.66058
0.912736
0.223546
0.240886
0.909414
0.932356
0.37516
0.657135
0.54157
0.533598
0.89863
0.444762
0.896738
0.73975
0.464792
0.548537
0.799577
0.330917
0.70022
0.711003
0.746653
0.857118
0.817928
0.662909
0.927504
0.72182
0.90121
0.816473
0.860197
0.86366
0.276888
0.237237
0.896708
0.807677
0.352822
0.241799
0.779292
0.269187
0.480048
0.591827
0.568437
0.556484
0.444292
0.597528
0.871846
0.31967
0.284012
0.886648
0.319937
0.333373
0.679898
0.469772
0.40499
0.836768
0.887109
0.318418
0.569208
0.512576
0.702785
0.864967
0.89266
0.525725
0.5808
0.758666
0.802667
0.457289
0.711603
0.853173
0.300172
0.833874
0.508646
0.783806
0.369662
0.522023
0.932119
0.736329
0.756415
0.640745
0.999288
0.822188
0.870737
0.764075
0.378109
0.853379
0.719381
0.889278
0.789394
0.868748
0.678954
0.642947
0.562853
0.9969
0.768451
0.242825
0.999863
0.529026
0.715956
0.684636
0.366022
0.265641
0.74647
0.651622
0.252201
0.800011
0.729608
0.483285
0.946852
0.824453
0.925758
0.224829
0.999941
0.337576
0.821936
0.797173
0.54221
0.86784
0.750473
0.558412
0.500595
0.456766
0.730699
0.714953
0.692573
0.265189
0.219966
0.881921
0.432078
0.519425
0.515467
0.771509
0.709228
0.901896
0.370175
0.895044
0.227156
0.794777
0.530067
0.420984
0.639353
0.394068
0.244913
0.499146
0.410365
0.394447
0.709047
0.748999
0.999672
0.271467
0.320904
0.857221
0.72079
0.697263
0.244805
0.80605
0.854527
0.914939
0.754941
0.758739
0.575357
0.874182
0.268252
0.765007
0.954942
0.452223
0.492854
0.20241
0.529412
0.799414
0.451598
0.989139
0.577069
0.398873
0.910756
0.340419
0.827126
0.962124
0.907608
0.3417
0.407833
0.357914
0.499282
0.83441
0.693706
0.418999
0.997461
0.520258
0.896782
0.230979
0.838658
0.333166
0.223157
0.622191
0.93194
0.667187
0.489319
0.742937
0.927801
0.384362
0.234496
0.830487
0.60941
0.3898
0.250985
0.741028
0.937338
0.917256
0.759361
0.207199
0.451159
0.752217
0.832899
0.856929
0.603391
0.992462
0.744912
0.241151
0.285961
0.494228
0.818351
0.422315
0.667878
0.500009
0.528522
0.876603
0.229145
0.691722
0.829583
0.450567
0.543057
0.750412
0.322462
0.682462
0.251227
0.86081
0.411273
0.87874
0.775202
0.877443
0.225258
0.944708
0.382413
0.736799
0.545515
0.292716
0.714491
0.759876
0.347389
0.965076
0.445998
0.212505
0.854588
0.865908
0.285022
0.704345
0.535457
0.869905
0.503573
0.683612
0.20679
0.429915
0.80965
0.669484
0.918727
0.585097
0.789441
0.260588
0.248917
0.333884
0.521737
0.29206
0.708989
0.581743
0.712965
0.518927
0.821953
0.22151
0.831635
0.58883
0.715644
0.303416
0.640566
0.725352
0.368296
0.667685
0.315059
0.509824
0.529554
0.81151
0.753966
0.91835
0.461764
0.820209
0.657316
0.818761
0.279714
0.784648
0.392134
0.874932
0.585362
0.400806
0.858224
0.392257
0.638891
0.916799
0.453361
0.48862
0.739319
0.808045
0.67501
0.592223
0.32751
0.821005
0.278989
0.455126
0.210904
0.987137
0.833382
0.616606
0.333626
0.999649
0.816505
0.727466
0.636399
0.599124
0.792521
0.935327
0.674559
0.467424
0.796907
0.525622
0.608662
0.382448
0.352593
0.860372
0.782767
0.720757
0.705322
0.488109
0.799827
0.878486
0.349348
0.806181
0.798832
0.901488
0.425491
0.830302
0.370742
0.305055
0.976181
0.800008
0.264917
0.319722
0.405747
0.384844
0.857138
0.655816
0.652172
0.202552
0.455645
0.610426
0.971778
0.390028
0.483382
0.737159
0.728494
0.288361
0.856988
0.89398
0.206368
0.601194
0.717871
0.474771
0.253882
0.443442
0.347312
0.223566
0.201009
0.444359
0.722648
0.838218
0.875688
0.993401
0.717301
0.751986
0.662985
0.996848
0.408186
0.322864
0.775078
0.935361
0.553375
0.995999
0.44159
0.381929
0.695053
0.205313
0.806003
0.999368
0.667946
0.579224
0.619867
0.242276
0.769094
0.835311
0.405029
0.932712
0.756848
0.999413
0.687283
0.47029
0.539179
0.317248
0.809619
0.989433
0.466739
0.854856
0.671398
0.863668
0.989527
0.812697
0.795534
0.767961
0.649223
0.27436
0.89804
0.486948
0.522811
0.452335
0.749841
0.491791
0.983003
0.427108
0.999871
0.217441
0.211969
0.205234
0.771685
0.518074
0.831517
0.231171
0.460302
0.39414
0.327652
0.565681
0.797258
0.886133
0.640031
0.785742
0.784163
0.850496
0.310586
0.421196
0.715658
0.833829
0.400524
0.997292
0.999843
0.705406
0.840246
0.2328
0.226682
0.298537
0.523129
0.418893
0.804759
0.400554
0.382874
0.560434
0.228137
0.517414
0.502065
0.590463
0.587876
0.803356
0.358441
0.494098
0.819071
0.778457
0.556099
0.576615
0.24881
0.541627
0.647109
0.857157
0.842328
0.999325
0.377422
0.489203
0.250299
0.824687
0.647732
0.566461
0.773707
0.905795
0.634057
0.573444
0.872335
0.264522
0.926421
0.500337
0.511934
0.933764
0.799911
0.334741
0.585097
0.531989
0.36349
0.695706
0.666011
0.296876
0.928374
0.884315
0.24075
0.58822
0.931184
0.647041
0.708915
0.414246
0.333663
0.206877
0.635683
0.999816
0.882351
0.255881
0.991986
0.369106
0.441349
0.217469
0.648256
0.885429
0.754538
0.678571
0.778852
0.99986
0.822723
0.999608
0.820094
0.414155
0.487697
0.936889
0.793069
0.286239
0.269406
0.328293
0.604051
0.750444
0.705366
0.670026
0.865068
0.832999
0.450821
0.862354
0.229452
0.748695
0.269414
0.856205
0.833235
0.780272
0.716581
0.906776
0.821754
0.442304
0.685393
0.651686
0.529487
0.37162
0.730081
0.404587
0.856682
0.428982
0.317904
0.26592
0.466274
0.254409
0.533325
0.714695
0.553521
0.452491
0.749293
0.372518
0.407253
0.744649
0.40776
0.210082
0.638688
0.877662
0.345092
0.941557
0.904453
0.349986
0.863703
0.226407
0.767747
0.49784
0.8977
0.863321
0.481638
0.66085
0.235162
0.314694
0.308763
0.221526
0.813445
0.757983
0.621183
0.881246
0.567115
0.237399
0.578038
0.3185
0.247693
0.219777
0.255498
0.763783
0.982483
0.340033
0.543774
0.465556
0.754606
0.777537
0.259548
0.674017
0.802448
0.812461
0.999648
0.270534
0.928907
0.571858
0.828019
0.326221
0.385062
0.673501
0.711842
0.805469
0.907933
0.533484
0.649573
0.225035
0.774692
0.608342
0.813122
0.293757
0.602425
0.845945
0.393038
0.54124
0.999869
0.999963
0.334564
0.235393
0.857239
0.776173
0.333325
0.34487
0.587437
0.655274
0.349526
0.433433
0.336628
0.699551
0.777349
0.756556
0.206567
0.834284
0.574447
0.538724
0.231462
0.851912
0.496857
0.647077
0.39868
0.854527
0.459478
0.759626
0.608517
0.722372
0.222414
0.727212
0.565168
0.442077
0.309452
0.764545
0.950317
0.824552
0.424608
0.313634
0.873185
0.522159
0.999381
0.496289
0.447442
0.999583
0.471388
0.789579
0.744656
0.666402
0.342855
0.997392
0.745999
0.999115
0.705231
0.335949
0.201588
0.468746
0.999047
0.604602
0.467214
0.219914
0.989905
0.34285
0.85005
0.630804
0.504291
0.99959
0.751246
0.661945
0.315013
0.647944
0.255105
0.486634
0.564067
0.866022
0.328954
0.479619
0.434018
0.626879
0.987558
0.606086
0.201022
0.31399
0.395507
0.369631
0.732656
0.603834
0.333093
0.511489
0.726446
0.751344
0.32007
0.723388
0.449049
0.998891
0.793905
0.787341
0.998178
0.998114
0.833241
0.575562
0.968713
0.925409
0.307096
0.243061
0.610845
0.540388
0.289259
0.235216
0.264053
0.935354
0.336917
0.705023
0.476785
0.77919
0.400782
0.878899
0.823849
0.202178
0.799674
0.739068
0.929127
0.765464
0.78473
0.401472
0.87285
0.810062
0.817294
0.899933
0.573563
0.801944
0.540575
0.945696
0.982477
0.811099
0.703661
0.252119
0.254336
0.887911
0.806892
0.648349
0.892087
0.995504
0.825706
0.55364
0.279132
0.454774
0.46016
0.539713
0.543375
0.8589
0.910379
0.995541
0.669679
0.312897
0.59654
0.587169
0.879498
0.456649
0.717829
0.31661
0.878188
0.322527
0.877279
0.922694
0.721959
0.812605
0.359254
0.29557
0.48682
0.342943
0.475973
0.830875
0.999921
0.268878
0.563622
0.353572
0.884228
0.991555
0.660382
0.483265
0.304047
0.923056
0.229172
0.443946
0.386806
0.928738
0.329432
0.749591
0.922307
0.841354
0.303422
0.602685
0.805641
0.380357
0.440707
0.863093
0.87386
0.345044
0.336774
0.362241
0.868346
0.781087
0.230251
0.965816
0.233352
0.558215
0.674372
0.513561
0.549671
0.569713
0.826839
0.528729
0.590312
0.350098
0.901424
0.903752
0.908866
0.748988
0.425167
0.52462
0.872658
0.98166
0.85862
0.850029
0.754978
0.239128
0.584675
0.494613
0.823376
0.383599
0.247042
0.467841
0.675315
0.542112
0.233751
0.399309
0.807887
0.623778
0.747721
0.927289
0.257955
0.718435
0.898545
0.736754
0.389938
0.214019
0.607353
0.856474
0.461027
0.334167
0.499158
0.609884
0.295985
0.60433
0.275171
0.263572
0.287174
0.856975
0.807372
0.939908
0.778764
0.459039
0.516675
0.587834
0.875701
0.697044
0.646586
0.667471
0.824762
0.871385
0.416482
0.984999
0.362393
0.704916
0.99238
0.33555
0.787766
0.678824
0.336274
0.792088
0.611078
0.820354
0.999285
0.283435
0.276612
0.999604
0.201412
0.756507
0.979228
0.992249
0.353514
0.786503
0.309177
0.318394
0.928462
0.880803
0.679786
0.597542
0.211519
0.370128
0.976359
0.30804
0.794038
0.544073
0.759771
0.64571
0.559133
0.204323
0.696624
0.583057
0.781331
0.812415
0.616422
0.733688
0.999384
0.824663
0.495727
0.397056
0.999803
0.872871
0.456236
0.700953
0.888158
0.578308
0.382673
0.508571
0.494282
0.743728
0.378858
0.678236
0.342561
0.846677
0.438086
0.368781
0.855899
0.403727
0.416031
0.356322
0.305051
0.215448
0.833365
0.698206
0.676484
0.293336
0.880568
0.284851
0.333307
0.997966
0.85709
0.327912
0.858471
0.783946
0.299977
0.22702
0.449837
0.55987
0.222007
0.847379
0.232846
0.75975
0.69869
0.251009
0.866895
0.303488
0.930932
0.796347
0.672505
0.216593
0.926709
0.298889
0.806073
0.289566
0.720891
0.464374
0.815357
0.915742
0.998155
0.916975
0.644205
0.320657
0.78897
0.866161
0.785818
0.338809
0.360157
0.330689
0.573234
0.505638
0.364371
0.908789
0.893604
0.640554
0.783581
0.387336
0.751842
0.632217
0.84251
0.36952
0.335728
0.435939
0.616181
0.467157
0.797139
0.973661
0.753709
0.615526
0.484313
0.816162
0.353343
0.785145
0.379463
0.854982
0.567315
0.685085
0.458112
0.652457
0.281241
0.387944
0.712077
0.493824
0.857338
0.634672
0.557924
0.937353
0.263389
0.73848
0.311325
0.711255
0.571812
0.433361
0.351755
0.22119
0.906087
0.420797
0.456135
0.855097
0.457753
0.803491
0.714277
0.595782
0.739186
0.999974
0.71443
0.785697
0.238387
0.347702
0.92853
0.344761
0.260876
0.98253
0.428879
0.997466
0.563601
0.443421
0.597029
0.351145
0.741631
0.866496
0.206919
0.988784
0.905743
0.747681
0.352593
0.932802
0.799517
0.995678
0.826214
0.668593
0.999779
0.664311
0.23632
0.55545
0.787017
0.611231
0.499856
0.617917
0.501962
0.301274
0.216953
0.820439
0.661
0.875358
0.738213
0.210538
0.62937
0.456795
0.331792
0.803552
0.962548
0.200882
0.842869
0.956008
0.470997
0.598558
0.583294
0.669604
0.47939
0.718763
0.281408
0.589752
0.841125
0.876383
0.315081
0.469897
0.851044
0.653342
0.271484
0.895088
0.658413
0.399794
0.272862
0.497837
0.352202
0.606006
0.249825
0.866417
0.552648
0.770376
0.256627
0.867315
0.653546
0.376815
0.270211
0.635564
0.818103
0.308819
0.63451
0.855635
0.999024
0.394824
0.988348
0.821122
0.436512
0.202945
0.733205
0.458249
0.327331
0.763142
0.749929
0.660019
0.844382
0.354923
0.632529
0.871657
0.208251
0.259215
0.43525
0.206845
0.915602
0.790356
0.56981
0.611677
0.847256
0.811108
0.631581
0.320393
0.74651
0.587978
0.863024
0.284682
0.659568
0.81902
0.683729
0.753075
0.650803
1
0.400045
0.749177
0.998066
0.240331
0.593114
0.998281
0.716572
0.414781
0.998099
0.902475
0.631313
0.897138
0.662801
0.998264
0.341586
0.980213
0.588581
0.997826
0.361297
0.683869
0.821253
0.5345
0.84518
0.863002
0.570954
0.7266
0.985359
0.613078
0.834083
0.748512
0.866426
0.75439
0.732334
0.909097
0.511856
0.99997
0.833501
0.659831
0.202127
0.78409
0.993218
0.888399
0.307809
0.350132
0.689796
0.831779
0.491808
0.652863
0.582016
0.254987
0.328891
0.254768
0.87945
0.88232
0.832973
0.542858
0.655983
0.908183
0.366335
0.886138
0.429703
0.553884
0.382682
0.985372
0.207541
0.913663
0.965914
0.573618
0.843567
0.537599
0.736031
0.892371
0.71087
0.733184
0.670191
0.450559
0.80043
0.757394
0.6231
0.392482
0.663976
0.795327
0.613615
0.500239
0.90261
0.479296
0.796462
0.839561
0.361171
0.570851
0.291193
0.459023
0.999966
0.323208
0.462045
0.274942
0.209625
0.786968
0.434042
0.928254
0.919228
0.782308
0.519046
0.74402
0.850123
0.963905
0.458259
0.850537
0.666689
0.356394
0.406063
0.756176
0.50096
0.607461
0.498697
0.425395
0.241434
0.99974
0.775454
0.804343
0.602641
0.601584
0.999888
0.78884
0.516265
0.65728
0.765798
0.788517
0.624283
0.541272
0.658909
0.908094
0.45207
0.655639
0.716042
0.271212
0.902444
0.780853
0.857061
0.357481
0.756523
0.871031
0.739977
0.865107
0.913977
0.711646
0.388665
0.802925
0.666702
0.914003
0.750492
0.967983
0.232702
0.201283
0.855917
0.522762
0.347029
0.472612
0.501173
0.756564
0.308919
0.271495
0.826492
0.200577
0.536955
0.263355
0.209154
0.345523
0.698113
0.369444
0.711637
0.744959
0.57467
0.6559
0.476403
0.801413
0.72676
0.309334
0.593639
0.975817
0.573281
0.246034
0.778287
0.984522
0.74463
0.85253
0.347758
0.641824
0.425453
0.467125
0.931809
0.77301
0.454387
0.551236
0.768023
0.559887
0.925523
0.857042
0.461543
0.507958
0.588355
0.655815
0.881171
0.673312
0.764749
0.998744
0.666615
0.592371
0.688765
0.967499
0.789446
0.333648
0.512657
0.995646
0.224683
0.612592
0.846849
0.681225
0.471909
0.8063
0.311777
0.629738
0.667812
0.877706
0.871541
0.299513
0.748963
0.928502
0.774119
0.318429
0.705479
0.667377
0.630041
0.431905
0.899348
0.778849
0.261059
0.686423
0.979909
0.367515
0.479955
0.492584
0.907927
0.999846
0.605457
0.857206
0.89606
0.398534
0.535115
0.729408
0.933594
0.728172
0.67254
0.806948
0.544081
0.332863
0.86228
0.565257
0.783071
0.388753
0.202519
0.822234
0.219488
0.999597
0.697444
0.288566
0.735531
0.260767
0.368166
0.363242
0.939303
0.212509
0.840266
0.736491
0.776689
0.21677
0.499995
0.930002
0.899097
0.405452
0.642287
0.75588
0.584514
0.640179
0.237071
0.445201
0.679306
0.477684
0.29604
0.789294
0.928349
0.854158
0.383041
0.990886
0.67294
0.587391
0.704704
0.785491
0.906283
0.349406
0.999074
0.75096
0.254162
0.497324
0.427785
0.271095
0.778578
0.376493
0.455199
0.304021
0.32017
0.599216
0.783955
0.375014
0.875093
0.833517
0.900027
0.670567
0.76781
0.352573
0.790699
0.399082
0.989565
0.95585
0.215977
0.302378
0.980836
0.608016
0.704424
0.890462
0.937151
0.766893
0.25146
0.483901
0.714304
0.857711
0.796928
0.357983
0.205571
0.749683
0.465842
0.971262
0.890397
0.749915
0.212034
0.854129
0.800781
0.39463
0.699029
0.950515
0.91675
0.842507
0.911843
0.543491
0.605767
0.727947
0.832017
0.724361
0.989113
0.568249
0.275903
0.553451
0.360829
0.388357
0.888297
0.265415
0.747246
0.603111
0.370728
0.213566
0.999961
0.946541
0.220367
0.828139
0.641097
0.696872
0.60783
0.635323
0.245982
0.987403
0.87758
0.482637
0.59843
0.602913
0.885587
0.660817
0.386261
0.499564
0.731081
0.981434
0.879042
0.439117
0.520021
0.394091
0.55305
0.901246
0.818974
0.999563
0.506503
0.806556
0.833674
0.599104
0.659559
0.228256
0.265324
0.263719
0.821145
0.389806
0.716201
0.46353
0.550171
0.9085
0.738059
0.798273
0.643602
0.999325
0.687348
0.541145
0.317059
0.645133
0.333231
0.58893
0.599837
0.688293
0.99389
0.887846
0.712359
0.265581
0.807707
0.999967
0.829259
0.926671
0.68731
0.828605
0.516374
0.44014
0.705882
0.238993
0.279401
0.206298
0.518712
0.822487
0.823534
0.451922
0.714315
0.211901
0.240093
0.271639
0.589127
0.219785
0.78414
0.881092
0.317561
0.257739
0.215523
0.625095
0.40898
0.207667
0.865502
0.299785
0.773149
0.543987
0.662609
0.230562
0.770928
0.911261
0.777494
0.659519
0.593855
0.738633
0.618129
0.683059
0.746208
0.565003
0.443078
0.304228
0.517046
0.888114
0.264277
0.880107
0.606719
0.324104
0.420457
0.936065
0.245128
0.476274
0.383182
0.798854
0.800033
0.433353
0.553462
0.827203
0.323137
0.37324
0.836848
0.848048
0.642696
0.891014
0.851191
0.310135
0.387338
0.205407
0.865791
0.349517
0.585685
0.612871
0.638903
0.812941
0.751587
0.614874
0.834422
0.750619
0.570124
0.741493
0.211484
0.290177
0.369979
0.64089
0.40357
0.653896
0.291871
0.293482
0.758118
0.499531
0.665012
0.8978
0.470515
0.466607
0.678657
0.721396
0.759404
0.268357
0.648915
0.286719
0.433407
0.744152
0.590592
0.56717
0.286733
0.273729
0.282998
0.742721
0.665522
0.889776
0.254227
0.874406
0.700115
0.999398
0.290414
0.495539
0.986315
0.439126
0.237765
0.434778
0.786098
0.769384
0.952374
0.311623
0.298296
0.877201
0.844555
0.352041
0.386898
0.858325
0.361266
0.992593
0.783758
0.677496
0.856848
0.573961
0.928319
0.722696
0.32336
0.434053
0.302923
0.355807
0.232387
0.875215
0.361847
0.467374
0.458306
0.883609
0.231421
0.531409
0.827317
0.201733
0.362706
0.647713
0.796063
0.603856
0.826702
0.610194
0.833345
0.206508
0.861578
0.859579
0.579993
0.503762
0.293087
0.290689
0.546725
0.667154
0.927652
0.516411
0.306827
0.986777
0.211299
0.799794
0.206606
0.700496
0.752964
0.867797
0.635261
0.947621
0.63747
0.699905
0.280039
0.525494
0.540892
0.402261
0.810776
0.917736
0.428224
0.3364
0.799666
0.798846
0.717513
0.86654
0.692087
0.623767
0.69924
0.851667
0.627347
0.600086
0.870004
0.720406
0.755719
0.882275
0.997779
0.322599
0.334569
0.632401
0.805163
0.851596
0.433894
0.454871
0.843663
0.639569
0.497765
0.520421
0.288564
0.371792
0.281433
0.226348
0.345126
0.610235
0.671903
0.234123
0.404268
0.769531
0.32417
0.830331
0.551688
0.857151
0.889677
0.43987
0.694882
0.999311
0.799985
0.347987
0.739894
0.76144
0.40035
0.861129
0.802139
0.299312
0.669405
0.741595
0.930554
0.352161
0.267863
0.630427
0.857308
0.495813
0.842166
0.679302
0.510834
0.3342
0.779728
0.383465
0.394021
0.833171
0.793524
0.253614
0.590219
0.663522
0.697989
0.545284
0.447832
0.600304
0.568082
0.826281
0.316058
0.398353
0.206041
0.317059
0.670188
0.287625
0.714153
0.349295
0.419991
0.392443
0.321594
0.859927
0.987567
0.832204
0.925582
0.511935
0.252585
0.538682
0.754288
0.500117
0.667597
0.854308
0.796008
0.797564
0.779649
0.370141
0.696956
0.626758
0.747765
0.989234
0.762268
0.590648
0.218579
0.551153
0.708981
0.542433
0.46797
0.511418
0.268526
0.287601
0.547492
0.918934
0.228933
0.729298
0.202971
0.866184
0.743185
0.429159
0.996392
0.363894
0.913687
0.526121
0.282391
0.818128
0.585335
0.338771
0.797357
0.687605
0.517328
0.697317
0.235009
0.934472
0.299406
0.996161
0.502309
0.66586
0.37435
0.548885
0.998666
0.715445
0.222213
0.709687
0.530649
0.725559
0.418843
0.637017
0.58627
0.845851
0.387653
0.223137
0.664923
0.846691
0.629294
0.8834
0.824685
0.693331
0.798837
0.879433
0.815236
0.629655
0.30694
0.237219
0.857264
0.225707
0.668965
0.336506
0.864133
0.867526
0.717037
0.345429
0.989291
0.933279
0.326776
0.376001
0.282285
0.855958
0.832803
0.547005
0.804547
0.298739
0.998586
0.464752
0.768794
0.388138
0.361185
0.233833
0.263867
0.422836
0.272935
0.532687
0.779852
0.259392
0.701089
0.902164
0.20121
0.374792
0.271744
0.895819
0.355979
0.99774
0.623471
0.81268
0.982137
0.346199
0.867349
0.435284
0.795375
0.304746
0.713307
0.833648
0.837735
0.550766
0.425928
0.243098
0.977125
0.632048
0.851477
0.20845
0.320502
0.493515
0.768641
0.817333
0.667253
0.540034
0.471464
0.711042
0.682092
0.709189
0.391496
0.690742
0.911374
0.882059
0.796836
0.800329
0.350219
0.953198
0.624645
0.855878
0.378377
0.604952
0.372928
0.666032
0.571344
0.787643
0.712806
0.784428
0.601446
0.714063
0.713869
0.228736
0.754077
0.667943
0.510142
0.999896
0.567616
0.638286
0.500199
0.444699
0.324273
0.651277
0.405702
0.279298
0.81392
0.833962
0.370029
0.630047
0.869991
0.572393
0.86614
0.994128
0.726607
0.442716
0.998532
0.694751
0.873178
0.997693
0.546561
0.653726
0.408387
0.279009
0.383664
0.693619
0.502498
0.998479
0.770152
0.304985
0.556511
0.60527
0.641712
0.673545
0.611767
0.222421
0.935112
0.974275
0.257362
0.872056
0.498429
0.334946
0.389253
0.777802
0.336655
0.713315
0.776139
0.880256
0.988857
0.6812
0.905379
0.923067
0.48738
0.9714
0.750644
0.216768
0.970499
0.792292
0.999761
0.61826
0.22189
0.406574
0.836812
0.217812
0.491501
0.801158
0.771817
0.466879
0.992458
0.819892
0.829139
0.738324
0.995046
0.712521
0.586926
0.848279
0.972954
0.750702
0.817622
0.707109
0.847277
0.730456
0.818076
0.411186
0.823486
0.463478
0.526327
0.826231
0.807371
0.230796
0.999425
0.672533
0.656903
0.646457
0.854956
0.821293
0.244171
0.769557
0.893874
0.566135
0.7692
0.556663
0.223468
0.716167
0.38506
0.503116
0.672431
0.398649
0.667749
0.700235
0.784014
0.64472
0.320372
0.832254
0.317076
0.485303
0.297074
0.371015
0.615252
0.768875
0.225458
0.342657
0.922977
0.711207
0.236747
0.831739
0.998657
0.896824
0.514828
0.20548
0.719333
0.850306
0.464787
0.864731
0.833164
0.238301
0.728225
0.245848
0.344791
0.204698
0.534744
0.996834
0.847516
0.392378
0.740055
0.379187
0.303163
0.885076
0.48512
0.772489
0.688227
0.499519
0.825072
0.994403
0.604246
0.578499
0.46211
0.57154
0.564349
0.431712
0.87508
0.442232
0.21896
0.539161
0.911907
0.324967
0.309466
0.367965
0.507315
0.63247
0.761077
0.728397
0.785756
0.830507
0.702678
0.629227
0.890994
0.444595
0.527599
0.572491
0.999823
0.913871
0.977876
0.964077
0.494426
0.859732
0.251733
0.571374
0.346452
0.257479
0.740449
0.46131
0.994002
0.777751
0.956592
0.791584
0.846839
0.447262
0.500764
0.556259
0.457842
0.210925
0.216803
0.659881
0.753942
0.83645
0.205464
0.597792
0.632104
0.661311
0.297578
0.226086
0.531663
0.759019
0.67794
0.394621
0.990822
0.982025
0.318539
0.735862
0.349734
0.602393
0.806787
0.832538
0.251752
0.898128
0.998391
0.407061
0.242464
0.337081
0.247263
0.887056
0.505991
0.342781
0.887632
0.312396
0.877251
0.582322
0.216944
0.591427
0.966646
0.625633
0.249881
0.798354
0.563506
0.489721
0.797195
0.571284
0.888727
0.420479
0.450209
0.494854
0.821377
0.776666
0.915001
0.656192
0.787595
0.701682
0.508247
0.303418
0.234651
0.211434
0.63432
0.415853
0.776362
0.455601
0.365843
0.637399
0.255831
0.994379
0.989432
0.237158
0.900608
0.873292
0.757705
0.565574
0.99945
0.435026
0.297895
0.642456
0.258346
0.290734
0.565153
0.218487
0.829817
0.619445
0.997204
0.968807
0.50082
0.623618
0.525191
0.765432
0.395127
0.960461
0.22799
0.661926
0.439924
0.489911
0.81803
0.485092
0.92864
0.660674
0.271603
0.477295
0.217905
0.802029
0.359515
0.933258
0.343406
0.936575
0.918909
0.989579
0.863766
0.700391
0.772291
0.727139
0.997698
0.743155
0.37816
0.557572
0.792019
0.721329
0.400037
0.835355
0.711171
0.698812
0.79748
0.798312
0.303912
0.884334
0.783916
0.669341
0.364965
0.867917
0.683202
0.499654
0.664979
0.496226
0.889555
0.492611
0.292229
0.522415
0.701547
0.799377
0.424316
0.583587
0.455362
0.857145
0.768824
0.389923
0.670427
0.483016
0.603356
0.740871
0.242144
0.885688
0.862047
0.620067
0.448091
0.253277
0.365135
0.872775
0.391819
0.901561
0.471629
0.319892
0.689542
0.656086
0.500003
0.705921
0.323843
0.477992
0.81202
0.887448
0.538237
0.668742
0.453042
0.333334
0.803213
0.794114
0.532104
0.388509
0.530771
0.798452
0.307725
0.873772
0.237618
0.975714
0.850261
0.99992
0.575173
0.999919
0.273576
0.798576
0.382552
0.609338
0.588385
0.331157
0.874361
0.641879
0.436236
0.200717
0.23537
0.507732
0.63267
0.800384
0.248156
0.697043
0.99838
0.477496
0.760374
0.58656
0.887401
0.307305
0.693132
0.47723
0.492742
0.397366
0.754636
0.499985
0.292475
0.741287
0.800867
0.618941
0.764202
0.66727
0.842581
0.784341
0.234624
0.981819
0.864495
0.447715
0.40254
0.553468
0.503401
0.564604
0.308038
0.554748
0.452568
0.637305
0.866779
0.258798
0.999973
0.997166
0.362201
0.794584
0.203487
0.675731
0.840575
0.633939
0.324209
0.306955
0.841191
0.873142
0.459255
0.845665
0.772899
0.811911
0.769081
0.24638
0.396987
0.876038
0.812632
0.909681
0.999713
0.818616
0.298292
0.886777
0.874749
0.911954
0.227924
0.688413
0.500711
0.857237
0.713605
0.257989
0.21579
0.389833
0.984139
0.37162
0.476827
0.606498
0.504499
0.615682
0.745817
0.526199
0.464518
0.923039
0.262885
0.634309
0.573289
0.243699
0.663699
0.213234
0.444796
0.874979
0.532955
0.796794
0.805037
0.917416
0.721941
0.804385
0.867967
0.880203
0.234927
0.876311
0.816472
0.826986
0.308569
0.897232
0.997105
0.532244
0.874547
0.716383
0.558723
0.496378
0.862823
0.556343
0.233942
0.347615
0.999225
0.584044
0.884724
0.651121
0.66665
0.61179
0.39035
0.47043
0.699098
0.807873
0.343144
0.614183
0.69472
0.962524
0.529475
0.418599
0.276155
0.909774
0.435822
0.681333
0.571047
0.733121
0.36171
0.315077
0.772184
0.587605
0.857167
0.220143
0.763954
0.409688
0.63927
0.612049
0.837441
0.662658
0.825801
0.265546
0.416321
0.878104
0.640857
0.823974
0.758184
0.998568
0.673132
0.635274
0.99664
0.999365
0.450098
0.900017
0.986706
0.901442
0.461592
0.941195
0.443954
0.37094
0.998841
0.935743
0.268521
0.48391
0.591929
0.264462
0.242507
0.22021
0.824177
0.600004
0.697321
0.999877
0.734077
0.212842
0.702941
0.439185
0.893977
0.566988
0.90429
0.748325
0.850122
0.539455
0.890497
0.308708
0.26978
0.228237
0.518068
0.425318
0.406451
0.788248
0.452026
0.866735
0.823354
0.423851
0.995168
0.410584
0.773969
0.261955
0.671962
0.653744
0.794839
0.599149
0.248309
0.85691
0.92684
0.72881
0.998816
0.205527
0.754597
0.677501
0.74931
0.280663
0.715799
0.978459
0.404533
0.386843
0.329966
0.889625
0.994018
0.773881
0.325396
0.815885
0.532232
0.5621
0.728851
0.57161
0.497466
0.638258
0.775823
0.867027
0.345298
0.974854
0.3173
0.917956
0.530737
0.704608
0.642466
0.783421
0.406504
0.639319
0.628029
0.872987
0.741152
0.545468
0.644436
0.502776
0.734657
0.761845
0.366298
0.656922
0.453551
0.293983
0.777635
0.928536
0.200923
0.908753
0.820438
0.997323
0.470318
0.665342
0.824579
0.208678
0.273154
0.631942
0.881932
0.795769
0.745163
0.814721
0.880944
0.319229
0.372156
0.768923
0.327787
0.737339
0.99817
0.211135
0.934375
0.804168
