0.320497
0.384231
0.366311
0.808349
0.579163
0.813911
0.832743
0.837451
0.426643
0.641626
0.384076
0.53596
0.489542
0.284064
0.856871
0.999566
0.585049
0.918567
0.735969
0.998447
0.782195
0.279966
0.635688
0.49458
0.784312
0.76927
0.301944
0.998285
0.605004
0.445671
0.594936
0.828058
0.793882
0.395611
0.249534
0.293614
0.451651
0.514944
0.887042
0.775981
0.707313
0.943387
0.891826
0.543396
0.642618
0.554477
0.230798
0.824346
0.551244
0.836613
0.266563
0.390311
0.270464
0.770572
0.770267
0.611808
0.570231
0.869364
0.703178
0.268565
0.293182
0.763953
0.815906
0.457308
0.313505
0.807712
0.920716
0.999301
0.893722
0.858362
0.708618
0.815606
0.67125
0.999291
0.914151
0.263825
0.999783
0.854801
0.404374
0.608845
0.691368
0.719293
0.675982
0.219276
0.54586
0.880134
0.704432
0.567418
0.865653
0.490506
0.715019
0.841695
0.916494
0.828204
0.254608
0.37484
0.402032
0.247943
0.403099
0.445314
0.287329
0.749269
0.249129
0.771468
0.833289
0.998735
0.570814
0.422747
0.767884
0.334733
0.263266
0.799672
0.867537
0.869865
0.776347
0.247362
0.683826
0.323707
0.85867
0.881205
0.363252
0.411052
0.926845
0.681495
0.219021
0.761315
0.856694
0.979461
0.418879
0.930873
0.999848
0.807376
0.873968
0.785638
0.303995
0.683139
0.999787
0.421896
0.409841
0.914554
0.722468
0.383147
0.608971
0.652064
0.887365
0.71425
0.624945
0.28165
0.632767
0.779815
0.857242
0.947641
0.372547
0.738777
0.828731
0.398397
0.443262
0.809501
0.849288
0.333301
0.52758
0.233662
0.423259
0.394906
0.990202
0.883535
0.661066
0.865206
0.747482
0.742666
0.273814
0.245162
0.870737
0.444888
0.998946
0.750973
0.727415
0.654284
0.780911
0.50495
0.769281
0.703007
0.934673
0.559151
0.402834
0.764847
0.273481
0.440577
0.570337
0.271076
0.387063
0.548238
0.610634
0.569615
0.457671
0.373182
0.569044
0.775544
0.813316
0.846626
0.433056
0.730153
0.601676
0.20719
0.462395
0.844811
0.605754
0.99916
0.671233
0.784096
0.324327
0.990535
0.999856
0.803514
0.310964
0.846244
0.693146
0.515853
0.674785
0.233267
0.802685
0.310006
0.430881
0.881209
0.51885
0.507152
0.7868
0.742246
0.375979
0.44446
0.871231
0.54504
0.233123
0.249966
0.209524
0.2754
0.696998
0.719293
0.557212
0.48655
0.880469
0.24184
0.897927
0.765302
0.933441
0.704304
0.235504
0.309192
0.661653
0.287018
0.217154
0.888407
0.755301
0.598777
0.34966
0.392167
0.37209
0.727742
0.221926
0.472605
0.498413
0.201325
0.595624
0.616993
0.737329
0.772781
0.951784
0.489111
0.631942
0.882621
0.839378
0.388549
0.809355
0.656093
0.402784
0.865801
0.644878
0.281683
0.798437
0.200717
0.467456
0.853299
0.227454
0.99801
0.610264
0.353827
0.571213
0.377156
0.630471
0.786778
0.782207
0.362203
0.80025
0.594355
0.246262
0.621365
0.26995
0.998233
0.623741
0.235581
0.3925
0.799391
0.494698
0.709837
0.83434
0.348306
0.67698
0.467523
0.249395
0.530512
0.896982
0.824032
0.929984
0.791931
0.23693
0.516041
0.609903
0.299434
0.397363
0.505401
0.886155
0.213101
0.733073
0.274978
0.932476
0.545673
0.554223
0.846834
0.936466
0.896602
0.355805
0.529395
0.932192
0.706218
0.856874
0.732841
0.497383
0.979528
0.855473
0.35263
0.752862
0.795788
0.679438
0.996137
0.53587
0.505922
0.442227
0.368893
0.953513
0.833256
0.545947
0.475196
0.553666
0.995046
0.826459
0.505301
0.600297
0.280105
0.234252
0.622846
0.515147
0.815874
0.996829
0.387708
0.993846
0.813877
0.20772
0.795845
0.871441
0.279985
0.761684
0.76419
0.758414
0.334422
0.920536
0.598516
0.691675
0.673464
0.857863
0.772643
0.915225
0.857869
0.543928
0.667079
0.218139
0.383268
0.819639
0.857777
0.422561
0.407966
0.460885
0.669047
0.785134
0.969702
0.380897
0.800673
0.783348
0.681946
0.923699
0.539256
0.754799
0.378386
0.540614
0.499797
0.516009
0.4053
0.835306
0.787846
0.635605
0.33961
0.912611
0.539765
0.839873
0.71827
0.908668
0.286509
0.86635
0.387822
0.999877
0.557252
0.714053
0.291975
0.429703
0.374649
0.755942
0.884854
0.446653
0.48411
0.272534
0.619529
0.46812
0.265697
0.597518
0.910126
0.975866
0.868637
0.886783
0.841288
0.625188
0.639098
0.428849
0.692033
0.799711
0.874084
0.219819
0.934674
0.690399
0.254315
0.271828
0.640463
0.71964
0.466948
0.874768
0.818708
0.600244
0.646785
0.312846
0.90001
0.25384
0.929749
0.218088
0.246527
0.909046
0.384165
0.474568
0.78327
0.395948
0.411114
0.997799
0.555959
0.724519
0.599362
0.464815
0.663521
0.592993
0.712728
0.258431
0.707737
0.294429
0.346468
0.202488
0.853788
0.222191
0.399791
0.418825
0.250804
0.752364
0.875215
0.253034
0.615539
0.721088
0.245716
0.488374
0.293691
0.447756
0.763735
0.927227
0.838351
0.763884
0.611623
0.430757
0.339893
0.624828
0.419565
0.485101
0.771926
0.881732
0.280808
0.495449
0.857057
0.605475
0.701106
0.428253
0.928461
0.593825
0.996288
0.799355
0.207298
0.3916
0.417673
0.985226
0.617645
0.928184
0.745516
0.213401
0.676824
0.645951
0.794086
0.55974
0.788386
0.258552
0.799864
0.699638
0.238037
0.791305
0.723116
0.866672
0.841136
0.400339
0.999725
0.340588
0.381925
0.26297
0.84668
0.784198
0.999908
0.222267
0.402245
0.823473
0.470999
0.845391
0.357091
0.50822
0.768055
0.992963
0.803499
0.874916
0.79391
0.242914
0.996775
0.236484
0.780507
0.457963
0.498647
0.531843
0.48408
0.955561
0.234004
0.454778
0.609396
0.749469
0.972955
0.864628
0.97846
0.512578
0.827626
0.664241
0.72535
0.428975
0.992034
0.288156
0.356521
0.703855
0.461753
0.818543
0.336687
0.844008
0.227541
0.210509
0.997488
0.637085
0.590697
0.214002
0.579174
0.405316
0.722694
0.377312
0.632056
0.277465
0.287325
0.989984
0.238116
0.506425
0.991598
0.225873
0.832154
0.607684
0.473433
0.254712
0.246411
0.492765
0.228232
0.660134
0.584897
0.694954
0.318631
0.890989
0.551292
0.202439
0.39583
0.935009
0.417583
0.224476
0.55024
0.449946
0.285656
0.865368
0.800937
0.659322
0.903152
0.860781
0.261172
0.247699
0.43582
0.65411
0.389046
0.900084
0.919434
0.859546
0.810828
0.93676
0.518281
0.89246
0.619895
0.203754
0.36286
0.87319
0.867039
0.860842
0.33311
0.525917
0.409375
0.39521
0.622306
0.579891
0.585539
0.767406
0.780855
0.899124
0.998424
0.952379
0.702121
0.294431
0.431631
0.53435
0.35982
0.40316
0.527746
0.888117
0.706246
0.566799
0.397521
0.416306
0.594634
0.661934
0.8168
0.91434
0.965413
0.500088
0.453647
0.380191
0.979473
0.59414
0.621818
0.427422
0.74984
0.398417
0.526646
0.232795
0.773913
0.484563
0.515177
0.257347
0.244775
0.50472
0.746411
0.270699
0.877939
0.999385
0.931951
0.277791
0.801486
0.499126
0.764741
0.331705
0.254477
0.627449
0.788162
0.786018
0.88216
0.406399
0.666554
0.547874
0.922942
0.667225
0.789403
0.528374
0.211645
0.737675
0.996615
0.651017
0.418665
0.301065
0.200685
0.250306
0.834225
0.361352
0.488815
0.37204
0.794767
0.691245
0.801274
0.733877
0.568922
0.690219
0.49267
0.227165
0.987219
0.80061
0.319784
0.800533
0.391279
0.447334
0.915644
0.500526
0.90396
0.277184
0.708265
0.588393
0.858435
0.787404
0.747931
0.429331
0.741607
0.785377
0.257899
0.291821
0.671919
0.82023
0.85055
0.770557
0.594839
0.245937
0.668715
0.660632
0.761322
0.479864
0.482244
0.836549
0.459922
0.689942
0.234226
0.834069
0.791442
0.524539
0.79109
0.277937
0.666638
0.824524
0.861939
0.686844
0.840107
0.209765
0.91646
0.580362
0.691348
0.829604
0.331971
0.599973
0.558365
0.256034
0.764688
0.924602
0.642929
0.731985
0.800005
0.343387
0.798517
0.72568
0.998516
0.998421
0.301017
0.22012
0.883876
0.713959
0.208819
0.888115
0.562044
0.347757
0.281156
0.771565
0.315651
0.670739
0.847684
0.439402
0.929456
0.310466
0.355107
0.881109
0.789404
0.856634
0.208718
0.33466
0.52452
0.634456
0.69844
0.793964
0.375116
0.995842
0.851708
0.615189
0.49785
0.815962
0.985185
0.413638
0.865834
0.579559
0.403042
0.813621
0.636241
0.29933
0.238812
0.457653
0.389715
0.359412
0.908579
0.718997
0.305698
0.333016
0.2355
0.746421
0.662964
0.893616
0.741971
0.594605
0.250537
0.416449
0.833825
0.998952
0.557944
0.617933
0.604185
0.854784
0.203204
0.531979
0.999584
0.561315
0.334487
0.545612
0.909099
0.790007
0.990599
0.378642
0.829753
0.999265
0.276045
0.363969
0.203802
0.450675
0.254101
0.716942
0.481651
0.527013
0.453963
0.495908
0.978425
0.79417
0.62999
0.942315
0.241739
0.26101
0.681803
0.465351
0.850614
0.847224
0.768167
0.482476
0.435901
0.736696
0.621624
0.834105
0.817731
0.841579
0.993516
0.863909
0.703916
0.569812
0.999285
0.644742
0.606627
0.335678
0.702974
0.949389
0.856751
0.93273
0.574437
0.474895
0.745994
0.217949
0.317402
0.785607
0.565613
0.688636
0.998807
0.915649
0.99653
0.866386
0.997588
0.323819
0.917235
0.228406
0.856497
0.775752
0.626858
0.671933
0.865175
0.715731
0.515001
0.6132
0.648412
0.260699
0.570991
0.997936
0.365203
0.349357
0.535988
0.609595
0.832869
0.22271
0.287859
0.418351
0.489513
0.502692
0.9273
0.718483
0.759927
0.553623
0.23126
0.721111
0.238211
0.381802
0.875046
0.999354
0.718421
0.416866
0.403434
0.28016
0.434658
0.365918
0.549842
0.871066
0.45702
0.601802
0.970407
0.611714
0.647162
0.882365
0.85528
0.219101
0.623893
0.322054
0.999847
0.256123
0.441639
0.383748
0.898407
0.23225
0.923433
0.983531
0.710004
0.789418
0.999183
0.814733
0.571302
0.665644
0.436797
0.799303
0.538438
0.25248
0.887239
0.747207
0.680918
0.454978
0.580863
0.655418
0.723209
0.368321
0.343583
0.820092
0.999959
0.533373
0.351507
0.78915
0.443302
0.736705
0.224155
0.696783
0.5762
0.761891
0.317804
0.622844
0.341473
0.749653
0.713186
0.444272
0.998969
0.487969
0.683351
0.78534
0.295532
0.552925
0.777692
0.6079
0.397878
0.828204
0.782748
0.576643
0.275808
0.668236
0.237449
0.697267
0.700548
0.225331
0.482094
0.76006
0.799917
0.904157
0.325209
0.455395
0.423494
0.278587
0.679253
0.49909
0.914756
0.269033
0.642073
0.761546
0.58974
0.77261
0.872609
0.826371
0.788551
0.501321
0.858857
0.509682
0.234165
0.311189
0.986351
0.29581
0.997033
0.800118
0.690463
0.890541
0.466528
0.656368
0.864192
0.998432
0.466278
0.480964
0.829801
0.764036
0.538196
0.388416
0.667887
0.9426
0.483425
0.852298
0.717599
0.366957
0.856829
0.33218
0.423783
0.339893
0.922268
0.792131
0.28949
0.798884
0.60687
0.816631
0.843582
0.585617
0.588405
0.644354
0.461921
0.230606
0.209703
0.4469
0.361038
0.473865
0.778934
0.222875
0.322846
0.501351
0.870859
0.450027
0.679291
0.743576
0.475944
0.249471
0.802021
0.42472
0.840604
0.352925
0.33704
0.202428
0.320402
0.603195
0.743933
0.420969
0.714665
0.766705
0.876388
0.841209
0.703959
0.595173
0.598826
0.775761
0.240113
0.899753
0.972437
0.482069
0.374805
0.78709
0.228298
0.762601
0.796053
0.777768
0.922591
0.995987
0.642153
0.463192
0.978096
0.525165
0.426962
0.910274
0.649278
0.700801
0.824042
0.355428
0.666062
0.637904
0.879792
0.237736
0.623229
0.764762
0.496211
0.27357
0.296537
0.401629
0.946384
0.493172
0.812571
0.726174
0.500486
0.739345
0.37165
0.40848
0.385863
0.838352
0.519006
0.25525
0.999879
0.850485
0.309293
0.536199
0.722202
0.567361
0.998447
0.797015
0.960326
0.678994
0.433605
0.9999
0.537023
0.310284
0.320145
0.422427
0.997892
0.654598
0.550855
0.342461
0.69184
0.714144
0.997332
0.812953
0.900722
0.501764
0.961177
0.870041
0.861347
0.771954
0.409799
0.600384
0.545434
0.648287
0.833121
0.262549
0.201747
0.656638
0.582299
0.334224
0.963133
0.994861
0.756176
0.471944
0.999008
0.351509
0.847826
0.856437
0.647924
0.336946
0.881953
0.844119
0.500036
0.594724
0.418632
0.818344
0.729688
0.761684
0.492525
0.42042
0.509232
0.582113
0.6709
0.845798
0.645446
0.454119
0.398282
0.844289
0.795413
0.357874
0.216607
0.764309
0.654239
0.618696
0.2529
0.860195
0.522258
0.209051
0.998897
0.881604
0.515028
0.374509
0.98974
0.210469
0.776311
0.249785
0.800461
0.481739
0.688353
0.682466
0.710565
0.619868
0.583743
0.814933
0.315191
0.623628
0.803036
0.57134
0.875366
0.600139
0.795657
0.993874
0.867844
0.379106
0.23419
0.246226
0.88495
0.249237
0.261958
0.438127
0.55836
0.214012
0.36856
0.328251
0.887121
0.769935
0.237714
0.923848
0.404723
0.955181
0.998645
0.817268
0.659963
0.811331
0.70108
0.650406
0.803668
0.912139
0.443
0.728768
0.392174
0.653604
0.361753
0.880587
0.357881
0.625619
0.882199
0.476165
0.769375
0.682333
0.656329
0.536474
0.984493
0.80724
0.639528
0.418169
0.998341
0.238045
0.366918
0.661237
0.623872
0.833227
0.299215
0.789674
0.687341
0.328977
0.551368
0.223523
0.653602
0.75838
0.530009
0.461713
0.735964
0.605246
0.831568
0.921118
0.308413
0.863986
0.367361
0.999228
0.518827
0.205295
0.974963
0.820594
0.500368
0.874245
0.751947
0.714531
0.69944
0.707891
0.606346
0.281669
0.803773
0.586078
0.575247
0.696897
0.763867
0.529053
0.67122
0.904544
0.302031
0.661879
0.890654
0.78893
0.722688
0.493111
0.833242
0.659246
0.716236
0.626494
0.918898
0.355658
0.774809
0.706019
0.858159
0.226691
0.409994
0.401921
0.867733
0.48551
0.595687
0.471903
0.65542
0.400778
0.999888
0.202392
0.594586
0.725572
0.390412
0.612782
0.413574
0.546813
0.751029
0.845643
0.838074
0.92983
0.68396
0.865625
0.477111
0.443876
0.73877
0.569821
0.328178
0.312885
0.874646
0.639957
0.482317
0.271835
0.264363
0.232565
0.928947
0.854162
0.813816
0.725291
0.808877
0.999223
0.745529
0.270693
0.456521
0.784411
0.76709
0.532477
0.342512
0.449499
0.641147
0.991974
0.608167
0.295984
0.836761
0.809314
0.964994
0.925832
0.275987
0.518846
0.730318
0.335392
0.765013
0.326819
0.750595
0.803488
0.723151
0.510831
0.642841
0.87264
0.69886
0.548324
0.668099
0.249082
0.345796
0.967495
0.842472
0.676417
0.217611
0.285412
0.431606
0.824879
0.968265
0.925282
0.321288
0.652756
0.473975
0.27456
0.343006
0.998361
0.363914
0.386464
0.509947
0.996245
0.710687
0.562438
0.409818
0.766524
0.997701
0.343768
0.370928
0.579642
0.857039
0.229413
0.899663
0.800083
0.999104
0.86928
0.950078
0.367494
0.807685
0.900775
0.507925
0.550847
0.400163
0.330565
0.41131
0.230164
0.76857
0.875246
0.591069
0.577845
0.632298
0.999935
0.763577
0.686237
0.924142
0.874846
0.8438
0.74268
0.266726
0.737245
0.509262
0.835277
0.999567
0.765416
0.501581
0.578116
0.881016
0.877982
0.660811
0.646173
0.69212
0.554426
0.661058
0.536449
0.544591
0.740158
0.644906
0.683675
0.50378
0.335614
0.829813
0.261439
0.880987
0.707613
0.809913
0.410399
0.225281
0.32121
0.478067
0.399394
0.571305
0.795532
0.274142
0.748831
0.431287
0.685672
0.853347
0.530326
0.618581
0.244729
0.430669
0.576251
0.718537
0.919309
0.286578
0.810481
0.909613
0.581479
0.380076
0.720271
0.200404
0.470231
0.727343
0.513837
0.799736
0.714299
0.55758
0.456985
0.422716
0.899558
0.706387
0.328635
0.200829
0.240018
0.798095
0.819183
0.838159
0.619784
0.341066
0.437248
0.259197
0.899333
0.586259
0.676213
0.537554
0.318744
0.707808
0.888924
0.422501
0.256349
0.481286
0.810524
0.240726
0.248156
0.204336
0.453025
0.874617
0.669596
0.696674
0.934462
0.481718
0.498005
0.582746
0.215287
0.537188
0.498206
0.806058
0.209196
0.68704
0.300059
0.927878
0.660025
0.410622
0.86004
0.642126
0.774487
0.78582
0.633612
0.834779
0.219164
0.810745
0.800765
0.968043
0.501037
0.875454
0.502596
0.368959
0.865759
0.865672
0.994743
0.843487
0.857534
0.314306
0.790983
0.208002
0.475687
0.335798
0.283776
0.225891
0.333267
0.238843
0.315955
0.749923
0.817551
0.764422
0.292332
0.810875
0.846316
0.273545
0.885868
0.518727
0.317131
0.856666
0.538864
0.410345
0.60369
0.429262
0.466449
0.925365
0.303177
0.999936
0.922654
0.309107
0.407702
0.512102
0.491722
0.69365
0.629228
0.748404
0.595188
0.252432
0.542415
0.254454
0.854335
0.923225
0.486602
0.709988
0.587364
0.854443
0.900755
0.84273
0.364173
0.220605
0.675438
0.85622
0.83921
0.357799
0.870003
0.99951
0.649585
0.637642
0.999311
0.561466
0.427071
0.774176
0.687559
0.386323
0.56983
0.759981
0.631819
0.845936
0.37183
0.556723
0.768093
0.787645
0.777834
0.92746
0.85529
0.40133
0.448035
0.500334
0.458243
0.81194
0.537165
0.986092
0.824463
0.660784
0.854986
0.366087
0.825846
0.521476
0.924917
0.235421
0.786159
0.659868
0.915933
0.898956
0.231167
0.45281
0.260917
0.854044
0.403733
0.622169
0.999182
0.77443
0.762427
0.699035
0.459065
0.702483
0.783493
0.213124
0.988722
0.659133
0.823593
0.785966
0.748442
0.376505
0.332794
0.724904
0.851879
0.320714
0.998594
0.592835
0.845687
0.375316
0.362052
0.549389
0.743859
0.552094
0.266306
0.676044
0.396322
0.428907
0.858972
0.877537
0.739974
0.770043
0.481302
0.787056
0.638217
0.681918
0.389191
0.787699
0.410506
0.922674
0.775764
0.273736
0.570644
0.310759
0.877331
0.994531
0.765633
0.777429
0.987817
0.324443
0.31039
0.980821
0.233723
0.501145
0.55581
0.999991
0.670626
0.777678
0.707561
0.473776
0.998728
0.939318
0.40839
0.693309
0.204581
0.650243
0.765768
0.528921
0.801342
0.584258
0.295178
0.632535
0.998926
0.891201
0.399388
0.30389
0.876594
0.981985
0.392026
0.702592
0.76925
0.218843
0.436396
0.348179
0.801699
0.5765
0.732065
0.715785
0.717391
0.940987
0.830687
0.21009
0.928017
0.642506
0.812343
0.841272
0.749296
0.663017
0.532738
0.349176
0.22865
0.651865
0.29595
0.636525
0.978893
0.769277
0.221523
0.221513
0.560957
0.619856
0.694646
0.981552
0.332425
0.706213
0.581424
0.675371
0.825339
0.232881
0.286054
0.671917
0.251958
0.662358
0.679991
0.880962
0.942197
0.928595
0.577656
0.857147
0.766191
0.624382
0.340522
0.444847
0.664051
0.4787
0.599906
0.801012
0.441626
0.485383
0.418667
0.271361
0.206701
0.385244
0.473113
0.554317
0.823385
0.456632
0.999423
0.324616
0.476987
0.795234
0.968215
0.422677
0.996789
0.214669
0.99244
0.846922
0.666644
0.636384
0.741062
0.788483
0.998683
0.220336
0.356858
0.617746
0.565149
0.916522
0.662948
0.921915
0.458312
0.721672
0.282866
0.758999
0.885352
0.848608
0.752194
0.743023
0.347038
0.792566
0.704454
0.899393
0.849013
0.814857
0.593372
0.803315
0.555832
0.272834
0.789816
0.734121
0.265441
0.563922
0.358871
0.691323
0.992291
0.928526
0.901108
0.759554
0.285819
0.513306
0.45903
0.25687
0.844687
0.888671
0.977194
0.804275
0.998249
0.828011
0.447815
0.222403
0.789654
0.486289
0.870761
0.869423
0.693773
0.773208
0.79394
0.708977
0.353108
0.26399
0.651979
0.664908
0.221466
0.858118
0.506511
0.782573
0.721839
0.695924
0.997238
0.662743
0.893507
0.996911
0.783612
0.278163
0.219687
0.953718
0.958023
0.256342
0.609495
0.620942
0.742702
0.928542
0.340772
0.739101
0.226278
0.625467
0.999695
0.78373
0.666009
0.927919
0.908768
0.732847
0.83247
0.874607
0.994031
0.832541
0.711879
0.382925
0.421252
0.937893
0.799855
0.472522
0.345941
0.793962
0.750116
0.3936
0.83574
0.73606
0.698403
0.450852
0.401579
0.302537
0.898658
0.563241
0.855669
0.417068
0.625274
0.570742
0.856695
0.326492
0.648097
0.846067
0.679855
0.334701
0.256162
0.998962
0.79838
0.54543
0.845789
0.328132
0.743432
0.302395
0.487903
0.857715
0.865452
0.995808
0.259209
0.514776
0.414555
0.454773
0.888278
0.429406
0.685295
0.612935
0.873428
0.642757
0.998667
0.282069
0.799614
0.457722
0.448514
0.793005
0.887829
0.743876
0.368959
0.618568
0.60772
0.815887
0.263522
0.867942
0.732301
0.256103
0.338593
0.934266
0.744948
0.810394
0.326418
0.548111
0.8184
0.237651
0.278145
0.823027
0.665539
0.751272
0.487093
0.901337
0.860473
0.395416
0.930731
0.749611
0.539454
0.629423
0.805402
0.668989
0.823877
0.700477
0.39942
0.444521
0.386585
0.382763
0.201156
0.930628
0.657945
0.538938
0.653817
0.699746
0.600308
0.689454
0.401904
0.620439
0.480612
0.386674
0.555742
0.752627
0.38034
0.204758
0.619992
0.535874
0.678782
0.915064
0.647451
0.694641
0.871111
0.664827
0.607543
0.825822
0.841936
0.897318
0.996175
0.405955
0.718379
0.749963
0.666466
0.236181
0.40058
0.637197
0.78064
0.682283
0.393734
0.950632
0.833863
0.452219
0.421226
0.330419
0.637149
0.214344
0.853333
0.477657
0.798827
0.220433
0.879588
0.797086
0.75547
0.797534
0.812513
0.604098
0.261343
0.779177
0.706375
0.749527
0.372208
0.835886
0.971544
0.991603
0.778587
0.998636
0.718844
0.614729
0.79303
0.594565
0.876081
0.799805
0.20464
0.35532
0.375017
0.787392
0.67231
0.83573
0.824588
0.229756
0.713897
0.551886
0.592014
0.988822
0.840117
0.352842
0.213541
0.430131
0.810451
0.715092
0.923132
0.896004
0.700738
0.779782
0.352344
0.750013
0.78221
0.819031
0.494307
0.295338
0.267858
0.627657
0.693739
0.454608
0.733399
0.77209
0.287533
0.749409
0.872677
0.683299
0.527991
0.337475
0.669895
0.378032
0.251998
0.881718
0.602382
0.617651
0.861409
0.493998
0.222844
0.333621
0.30098
0.819952
0.529646
0.786322
0.221644
0.515063
0.994938
0.882836
0.547312
0.870723
0.244748
0.295055
0.722589
0.520555
0.631937
0.561644
0.456355
0.313752
0.933004
0.775786
0.662045
0.302945
0.464038
0.214642
0.867727
0.628558
0.867294
0.749288
0.69689
0.534679
0.911726
0.585283
0.762479
0.43285
0.655234
0.922868
0.8709
0.635561
0.868709
0.825202
0.776155
0.788676
0.816076
0.695465
0.32979
0.598445
0.208773
0.368085
0.770839
0.641506
0.266141
0.350917
0.662218
0.803439
0.797083
0.869608
0.312433
0.787723
0.806783
0.805997
0.816136
0.595307
0.359688
0.857132
0.926808
0.342077
0.999645
0.866404
0.628927
0.486651
0.521954
0.408065
0.924253
0.833101
0.236082
0.998429
0.860973
0.809658
0.814589
0.378355
0.699313
0.263866
0.27018
0.620408
0.403234
0.327712
0.350051
0.888723
0.672744
0.680717
0.866741
0.753787
0.861848
0.823686
0.99981
0.440402
0.509109
0.23841
0.86503
0.299584
0.997007
0.69283
0.239524
0.632689
0.557047
0.587602
0.822801
0.908545
0.238378
0.843357
0.552884
0.50001
0.525587
0.267465
0.888658
0.225608
0.778167
0.990103
0.423999
0.998753
0.592878
0.799276
0.257669
0.61232
0.899072
0.435728
0.201449
0.464453
0.53557
0.788597
0.560775
0.793655
0.401195
0.787443
0.850834
0.27182
0.534429
0.421328
0.977667
0.925146
0.900733
0.781548
0.99522
0.681912
0.755086
0.726143
0.56752
0.674614
0.48242
0.811354
0.601414
0.457173
0.245374
0.788003
0.272118
0.39487
0.985307
0.997625
0.776518
0.510348
0.816346
0.617523
0.828895
0.472205
0.856377
0.40572
0.989478
0.997613
0.850598
0.217789
0.64092
0.854294
0.358269
0.725246
0.5881
0.297607
0.631179
0.615496
0.881191
0.851845
0.621248
0.597506
0.295543
0.25266
0.36271
0.250614
0.210565
0.786717
0.621634
0.329608
0.636347
0.285994
0.293284
0.425573
0.322982
0.704211
0.84564
0.53337
0.211585
0.315515
0.410141
0.63641
0.928585
0.795676
0.613764
0.498786
0.70838
0.206967
0.710673
0.374599
0.398573
0.898198
0.474409
0.756436
0.705732
0.702016
0.997976
0.89864
0.990686
0.682838
0.548894
0.54125
0.683168
0.698094
0.842255
0.625154
0.421579
0.698692
0.73482
0.53047
0.371534
0.492922
0.46021
0.366758
0.346107
0.474799
0.951941
0.628918
0.619135
0.749829
0.244838
0.27992
0.498051
0.250162
0.854842
0.628753
0.925725
0.832938
0.611352
0.212043
0.860395
0.373746
0.998306
0.89579
0.999417
0.822625
0.830127
0.252266
0.915654
0.462468
0.549948
0.804466
0.342262
0.997825
0.686252
0.225698
0.859429
0.560025
0.909267
0.852718
0.667669
0.844852
0.999865
0.544058
0.55478
0.585104
0.476581
0.246404
0.744279
0.927472
0.237916
0.414102
0.940062
0.216375
0.420283
0.999978
0.343225
0.213449
0.749171
0.857612
0.808651
0.668635
0.873124
0.38824
0.763119
0.478935
0.553875
0.80784
0.563675
0.742438
0.499462
0.749699
0.933106
0.55496
0.863215
0.708368
0.613285
0.228697
0.577304
0.540342
0.571173
0.399654
0.230248
0.838994
0.69619
0.613629
0.5847
0.807986
0.551443
0.99922
0.235322
0.496112
0.694079
0.82932
0.951098
0.959762
0.804059
0.482087
0.999005
0.857995
0.338358
0.22793
0.602478
0.559632
0.571444
0.233039
0.617171
0.99769
0.850653
0.521925
1
0.562826
0.794012
0.864676
0.300234
0.690627
0.548147
0.268651
0.572347
0.677002
0.638505
0.751256
0.757903
0.358553
0.663447
0.804597
0.818245
0.40953
0.666462
0.461328
0.291954
0.430437
0.457082
0.425763
0.852302
0.30153
0.609356
0.291619
0.866167
0.938867
0.707537
0.621985
0.507792
0.429327
0.672078
0.536597
0.813936
0.654892
0.793948
0.882319
0.78855
0.289244
0.524949
0.983917
0.240521
0.757619
0.755811
0.870821
0.274599
0.216636
0.996009
0.880808
0.921008
0.600905
0.999562
0.200704
0.575722
0.716534
0.629802
0.996168
0.727302
0.695988
0.235138
0.83506
0.245281
0.852258
0.334184
0.295097
0.88592
0.857879
0.809011
0.868354
0.509584
0.399061
0.571206
0.426921
0.213418
0.667681
0.552372
0.842066
0.623593
0.74895
0.507202
0.39478
0.755555
0.242382
0.210426
0.390921
0.709508
0.79663
0.410287
0.844954
0.927217
0.437898
0.866592
0.6659
0.529416
0.48691
0.212706
0.880155
0.33425
0.386307
0.93622
0.44919
0.229901
0.612158
0.371635
0.916869
0.999693
0.815946
0.568578
0.801989
0.469062
0.737959
0.492064
0.921884
0.534797
0.696721
0.709394
0.715316
0.994183
0.223151
0.730412
0.503747
0.499992
0.705315
0.499284
0.407089
0.576668
0.602941
0.996113
0.361366
0.533235
0.255856
0.985056
0.426231
0.76486
0.903292
0.445603
0.521677
0.786407
0.410096
0.207286
0.728741
0.700938
0.833098
0.975452
0.208416
0.286108
0.817483
0.817196
0.665297
0.433935
0.253134
0.219604
0.577856
0.624901
0.500632
0.852119
0.833454
0.695705
0.987531
0.342481
0.37077
0.218207
0.275794
0.786258
0.601819
0.738589
0.813823
0.372691
0.458267
0.895513
0.742755
0.711484
0.598424
0.474857
0.540119
0.298918
0.837686
0.579783
0.461929
0.302355
0.856786
0.899893
0.816704
0.208994
0.360668
0.427156
0.579933
0.394808
0.220119
0.562218
0.523798
0.535916
0.899817
0.216424
0.474584
0.872526
0.999506
0.734347
0.964567
0.281013
0.775283
0.892889
0.380075
0.973365
0.379729
0.412443
0.814388
0.997031
0.754671
0.793193
0.274291
0.820938
0.772908
0.640859
0.414628
0.334621
0.472052
0.906052
0.313938
0.296288
0.505434
0.474957
0.857087
0.759324
0.755441
0.407425
0.218126
0.64581
0.436806
0.805188
0.656417
0.553555
0.464522
0.857968
0.872605
0.577282
0.583151
0.901179
0.549237
0.280479
0.831309
0.875049
0.330007
0.421968
0.998749
0.624528
0.489266
0.200656
0.524629
0.930237
0.824434
0.325703
0.437548
0.811138
0.266846
0.874511
0.596188
0.922604
0.245221
0.856597
0.433484
0.49995
0.666729
0.279015
0.999493
0.251981
0.815264
0.925101
0.873526
0.747674
0.817167
0.704613
0.262359
0.323187
0.264725
0.397245
0.873422
0.449683
0.42585
0.785716
0.742731
0.998727
0.768512
0.25527
0.731171
0.33364
0.610916
0.842135
0.52646
0.738952
0.999448
0.850096
0.351217
0.681793
0.550672
0.815503
0.718966
0.201887
0.766157
0.328257
0.562517
0.451132
0.622105
0.801932
0.41565
0.799449
0.992296
0.730911
0.297552
0.339893
0.666499
0.999114
0.815283
0.553492
0.56823
0.665811
0.646104
0.589007
0.960272
0.62762
0.33712
0.81822
0.435796
0.423266
0.400629
0.810583
0.844009
0.786024
0.21362
0.666566
0.42025
0.857567
0.930453
0.326228
0.54243
0.720212
0.640829
0.235281
0.934398
0.462779
0.588581
0.633408
0.749004
0.648494
0.797981
0.576621
0.999773
0.279075
0.235112
0.323897
0.279645
0.36059
0.258662
0.605268
0.227107
0.831999
0.88172
0.934294
0.720138
0.628086
0.227979
0.24279
0.830261
0.925554
0.860691
0.618962
0.338318
0.958189
0.795642
0.538763
0.326758
0.572677
0.305637
0.81801
0.242258
0.82043
0.84812
0.683054
0.999994
0.749886
0.57541
0.924009
0.392301
0.346685
0.714258
0.855431
0.797487
0.421088
0.839183
0.399997
0.290733
0.822461
0.229514
0.628832
0.661702
0.91425
0.856557
0.754026
0.343035
0.856763
0.817669
0.286214
0.65671
0.977717
0.428888
0.725918
0.755327
0.288009
0.281414
1
0.283177
0.957415
0.243301
0.93815
0.846825
0.447503
0.551508
0.393748
0.390429
0.441265
0.999112
0.772331
0.501674
0.203587
0.229005
0.868716
0.352326
0.800398
0.752411
0.253579
0.851875
0.558289
0.221868
0.999966
0.736316
0.217127
0.928468
0.647336
0.879596
0.538152
0.926819
0.804975
0.652681
0.609272
0.701811
0.830567
0.7882
0.999019
0.623957
0.583315
0.220054
0.943962
0.885286
0.273815
0.522584
0.657382
0.759629
0.697888
0.461942
0.416327
0.998755
0.276157
0.289291
0.794093
0.46756
0.860974
0.704976
0.236154
0.599695
0.744425
0.834788
0.287497
0.375003
0.49815
0.300472
0.449605
0.436685
0.658199
0.200818
0.731157
0.742354
0.439038
0.849226
0.67793
0.68177
0.510638
0.662509
0.69069
0.240768
0.398628
0.798818
0.731124
0.665564
0.880108
0.86481
0.506555
0.67075
0.336754
0.93773
0.657908
0.770747
0.907978
0.518657
0.732013
0.854378
0.259682
0.752698
0.441199
0.820867
0.517076
0.477252
0.66675
0.224843
0.783556
0.725751
0.520947
0.302472
0.310986
0.334389
0.990587
0.638488
0.301387
0.479467
0.315017
0.88525
0.764558
0.821734
0.456431
0.215817
0.954674
0.430796
0.826569
0.858586
0.653359
0.9835
0.874953
0.802522
0.512704
0.87257
0.753018
0.464676
0.690691
0.814435
0.394841
0.41637
0.909147
0.23195
0.66667
0.788152
0.65046
0.438722
0.854515
0.393157
0.9996
0.827648
0.616463
0.735836
0.997422
0.851246
0.67095
0.603608
0.856822
0.882431
0.614041
0.542357
0.711951
0.599949
0.515465
0.803958
0.402553
0.217619
0.236773
0.675381
0.791334
0.746258
0.618963
0.537452
0.772858
0.811479
0.77577
0.533429
0.845783
0.318421
0.248701
0.896887
0.802628
0.359936
0.796053
0.577894
0.733591
0.678235
0.673913
0.733001
0.340294
0.830952
0.639617
0.826586
0.425825
0.726184
0.997432
0.499722
0.874759
0.41816
0.516782
0.441968
0.419515
0.75096
0.576855
0.999734
0.376317
0.778882
0.654571
0.266369
0.83331
0.333235
0.205927
0.999912
0.331521
0.211544
0.418392
0.352081
0.956058
0.675557
0.497134
0.828264
0.828788
0.312464
0.205296
0.557655
0.404446
0.248875
0.69418
0.399143
0.25161
0.657555
0.748995
0.856634
0.389758
0.650976
0.81274
0.578486
0.336895
0.83724
0.594163
0.280109
0.63814
0.893234
0.339521
0.998063
0.6744
0.82111
0.201104
0.595147
0.723582
0.826708
0.866403
0.799133
0.552164
0.902754
0.380671
0.701827
0.554184
0.637155
0.685955
0.909062
0.376684
0.779411
0.251327
0.546809
0.999742
0.699945
0.692284
0.382442
0.240307
0.391465
0.768903
0.751281
0.663637
0.745023
0.270668
0.34279
0.219958
0.525027
0.71566
0.745421
0.998996
0.998772
0.881179
0.574752
0.804496
0.217025
0.484545
0.620648
0.535479
0.219469
0.212467
0.782112
0.658983
0.70338
0.392931
0.978456
0.938823
0.382338
0.468947
0.488838
0.560125
0.802543
0.659143
0.996837
0.746994
0.624599
0.21041
0.479805
0.747302
0.854066
0.233893
0.725147
0.469776
0.329882
0.615296
0.304646
0.775418
0.855653
0.823952
0.799095
0.742257
0.344017
0.878853
0.996698
0.379902
0.999435
0.663287
0.451164
0.765317
0.688745
0.245507
0.573672
0.52732
0.882817
0.78721
0.884101
0.816328
0.880909
0.834729
0.820627
0.688399
0.883569
0.23347
0.494904
0.913223
0.710017
0.756091
0.995979
0.67029
0.458735
0.749054
0.792397
0.574345
0.328714
0.658302
0.783611
0.439412
0.749006
0.826937
0.896612
0.771355
0.505301
0.400595
0.247352
0.505349
0.91772
0.792999
0.998074
0.499414
0.216897
0.218042
0.8483
0.808959
0.288454
0.876452
0.426758
0.812659
0.75521
0.3957
0.426729
0.484119
0.461313
0.211139
0.586639
0.999976
0.390998
0.614725
0.855739
0.822141
0.468357
0.86379
0.949973
0.501646
0.45898
0.662052
0.788064
0.75794
0.98657
0.231497
0.73736
0.238884
0.530931
0.329163
0.675395
0.758827
0.259413
0.912673
0.442125
0.922248
0.553597
0.724191
0.275178
0.36574
0.601658
0.818157
0.508484
0.888079
0.376902
0.901432
0.998822
0.294271
0.209113
0.289866
0.485031
0.548269
0.757683
0.378583
0.334926
0.20744
0.39487
0.999838
0.227682
0.571653
0.996106
0.803232
0.579865
0.869721
0.467345
0.920691
0.597841
0.857091
0.999483
0.600041
0.404703
0.874569
0.482095
0.929884
0.308269
0.531543
0.790651
0.216033
0.915164
0.864433
0.949417
0.287759
0.579313
0.869109
0.566926
0.265023
0.73334
0.79215
0.330875
0.560841
0.999263
0.916113
0.684364
0.88187
0.714199
0.499754
0.237551
0.255891
0.476467
0.516942
0.688812
0.454185
0.995598
0.695323
0.606291
0.888753
0.643846
0.24274
0.240918
0.28683
0.220225
0.851805
0.799447
0.486785
0.460422
0.264432
0.277138
0.25109
0.667221
0.264984
0.750041
0.286685
0.620417
0.790466
0.656844
0.260078
0.278572
0.265633
0.673881
0.651437
0.901301
0.749218
0.697276
0.30491
0.918858
0.992404
0.585903
0.434753
0.699701
0.751321
0.556727
0.554074
0.741761
0.76684
0.882045
0.250086
0.799596
0.776411
0.307685
0.397047
0.847051
0.862539
0.407574
0.801146
0.23743
0.832879
0.64213
0.256861
0.873049
0.802669
0.886455
0.638417
0.863545
0.443434
0.795078
0.307316
0.324645
0.820885
0.319053
0.739265
0.218236
0.285397
0.993537
0.935422
0.415747
0.493688
0.899671
0.619272
0.729884
0.659319
0.499029
0.285623
0.809157
0.984752
0.59269
0.497914
0.245834
0.688826
0.489015
0.643356
0.76315
0.371226
0.50052
0.752202
0.727585
0.248191
0.935745
0.524027
0.234621
0.85872
0.869223
0.867831
0.661464
0.656721
0.609028
0.614492
0.621972
0.685394
0.816833
0.35352
0.886712
0.702211
0.328348
0.854428
0.997713
0.362516
0.699351
0.925441
0.411862
0.32404
0.464982
0.463852
0.493973
0.79163
0.815754
0.766837
0.266803
0.4128
0.758565
0.994846
0.606481
0.215403
0.515426
0.799804
0.496898
0.777787
0.326236
0.509994
0.996536
0.456332
0.716575
0.236294
0.578793
0.201374
0.847173
0.857218
0.795217
0.995663
0.694799
0.30422
0.599813
0.203286
0.294487
0.364594
0.298489
0.296751
0.336605
0.755966
0.779516
0.754435
0.995073
0.863714
0.589744
0.606148
0.288075
0.606614
0.863048
0.769725
0.907213
0.768946
0.999867
0.664215
0.830865
0.344252
0.257217
0.25244
0.599045
0.936576
0.586989
0.791245
0.813303
0.761428
0.759283
0.999983
0.587994
0.994577
0.644034
0.243432
0.787019
0.706584
0.48841
0.426809
0.383884
0.39554
0.870656
0.697243
0.215837
0.265825
0.332774
0.424884
0.467042
0.738664
0.691934
0.922095
0.918672
0.845143
0.809787
0.956627
0.211961
0.424387
0.480299
0.733737
0.219349
0.36348
0.800559
0.663944
0.89573
0.417093
0.734474
0.288369
0.748069
0.665665
0.666809
0.72978
0.339459
0.354512
0.241949
0.928951
0.715239
0.700883
0.668799
0.865595
0.66668
0.450404
0.474117
0.980602
0.709484
0.729771
0.811996
0.904724
0.653497
0.907139
0.667848
0.8549
0.984518
0.291155
0.328205
0.973611
0.45285
0.67758
0.989653
0.286192
0.29299
0.829958
0.840387
0.642071
0.789135
0.888694
0.305452
0.888843
0.599526
0.823201
0.591849
0.811201
0.520691
0.914575
0.659018
0.210048
0.618405
0.891669
0.846779
0.9994
0.874705
0.667815
0.866168
0.83562
0.786675
0.772826
0.854358
0.801891
0.554001
0.7883
0.903127
0.634797
0.339984
0.875475
0.80311
0.764966
0.335538
0.267611
0.254833
0.349732
0.466861
0.322318
0.803291
0.881904
0.826251
0.868659
0.851342
0.818697
0.88503
0.274264
0.903706
0.705265
0.279953
0.338617
0.374504
0.877641
0.793714
0.859572
0.785484
0.273114
0.721553
0.786072
0.883077
0.428571
0.834255
0.489691
0.716393
0.533392
0.256523
0.598093
0.333304
0.816973
0.833471
0.421162
0.712613
0.391237
0.214663
0.592641
0.83615
0.269741
0.81791
0.668133
0.91365
0.476333
0.533629
0.648487
0.592559
0.354518
0.615809
0.663856
0.847022
0.986429
0.402166
0.588552
0.736172
0.533078
0.832462
0.727827
0.748313
0.900183
0.494763
0.38162
0.939754
0.684588
0.376706
0.717102
0.224555
0.245037
0.283488
0.801799
0.536964
0.358776
0.99819
0.734748
0.571367
0.604577
0.459354
0.614105
0.298051
0.856562
0.368001
0.274285
0.756711
0.631313
0.572025
0.857184
0.889594
0.428321
0.333178
0.570833
0.745191
0.846736
0.868641
0.20326
0.812034
0.312542
0.352789
0.938611
0.898849
0.842262
0.748879
0.820687
0.315194
0.62795
0.867101
0.456505
0.555471
0.763241
0.686879
0.568035
0.612875
0.789183
0.876179
0.787332
0.994621
0.426744
0.796264
0.340124
0.775602
0.67108
0.646189
0.339229
0.359823
0.889097
0.32683
0.642244
0.517271
0.746508
0.791149
0.248639
0.998947
0.759449
0.319214
0.739882
0.493915
0.490594
0.50372
0.874824
0.639758
0.285776
0.822375
0.56053
0.461746
0.703367
0.59973
0.313413
0.598869
0.575321
0.875274
0.340887
0.717095
0.375147
0.83152
0.706477
0.507042
0.428375
0.665513
0.951951
0.971584
0.854007
0.410743
0.263885
0.64887
0.43328
0.37347
0.387585
0.383445
0.999283
0.299484
0.756652
0.478791
0.730191
0.966023
0.651457
0.937132
0.513781
0.385212
0.92745
0.694854
0.553883
0.977013
0.843117
0.801023
0.594422
0.980426
0.758688
0.777871
0.882016
0.903875
0.999646
0.643636
0.439837
0.460706
0.71711
0.92119
0.899649
0.897426
0.832196
0.801381
0.694216
0.31371
0.708265
0.8748
0.443141
0.892642
0.228192
0.288557
0.990511
0.414188
0.555251
0.522651
0.416776
0.914536
0.665124
0.759544
0.933226
0.454065
0.363621
0.908699
0.842619
0.724775
0.908416
0.714498
0.600626
0.750863
0.318175
0.389095
0.359633
0.918974
0.453331
0.432695
0.865178
0.428557
0.256494
0.803035
0.333346
0.221182
0.577783
0.806219
0.546104
0.433141
0.602464
0.203897
0.753401
0.452802
0.77999
0.363383
0.302851
0.405785
0.875078
0.271489
0.877596
0.712609
0.3188
0.230043
0.916063
0.991966
0.563567
0.879523
0.307439
0.725709
0.709825
0.250018
0.420314
0.331423
0.867034
0.813491
0.353074
0.269124
0.546992
0.659614
0.227007
0.231328
0.999366
0.240152
0.487515
0.658017
0.5736
0.265415
0.979489
0.799773
0.474093
0.82746
0.696335
0.772278
0.296619
0.47105
0.211034
0.384359
0.227321
0.992568
0.549461
0.640616
0.892641
0.642837
0.832758
0.579573
0.744204
0.356235
0.716633
0.602158
0.452953
0.982657
0.725573
0.646432
0.497919
0.670392
0.791977
0.751259
0.407247
0.865256
0.936794
0.477001
0.809142
0.641166
0.2161
0.680898
0.875862
0.479314
0.366876
0.253778
0.383426
0.205724
0.999041
0.84178
0.992505
0.491003
0.822206
0.362494
0.338532
0.526746
0.695866
0.998923
0.587893
0.787666
0.452676
0.819307
0.246042
0.875397
0.750421
0.695567
0.678054
0.666584
0.364721
0.470199
0.874928
0.778965
0.429903
0.338435
0.347515
0.499275
0.766224
0.719942
0.69124
0.265537
0.352981
0.215391
0.789795
0.869757
0.511875
0.558092
0.805482
0.59248
0.256788
0.828535
0.268105
0.631803
0.799447
0.444677
0.975399
0.914606
0.347324
0.899707
0.704897
0.74417
0.758447
0.863073
0.352188
0.459162
0.642224
0.593327
0.999493
0.379118
0.264952
0.823405
0.708817
0.213831
0.267124
0.22102
0.234387
0.457384
0.7139
0.831086
0.933334
0.855402
0.219119
0.737424
0.634257
0.7754
0.393831
0.874892
0.562491
0.518657
0.887529
0.485492
0.551803
0.852734
0.994209
0.833321
0.303101
0.55219
0.579529
0.607119
0.305561
0.594671
0.259174
0.629444
0.434131
0.711995
0.544401
0.512106
0.303065
0.82153
0.779698
0.576528
0.394362
0.251753
0.241043
0.935793
0.264609
0.822878
0.334423
0.449846
0.714278
0.621612
0.313907
0.438062
0.764017
0.888703
0.775135
0.883707
0.773555
0.457368
0.511994
0.457909
0.242223
0.44544
0.326366
0.99773
0.623571
0.892499
0.812452
0.401677
0.422457
0.525661
0.253991
0.438792
0.772533
0.312369
0.304996
0.990984
0.831725
0.853908
0.453598
0.716046
0.410773
0.742889
0.838476
0.298002
0.492459
0.900658
0.455658
0.864813
0.370708
0.83047
0.91399
0.472382
0.549979
0.888221
0.249984
0.321825
0.519163
0.68411
0.630668
0.867968
0.238392
0.396752
0.844114
0.234067
0.664897
0.465106
0.534312
0.954978
0.785126
0.836765
0.712411
0.486979
0.761392
0.318046
0.994324
0.847332
0.527385
0.828626
0.924648
0.662624
0.552665
0.898487
0.551567
0.852372
0.326164
0.935881
0.656111
0.615502
0.357725
0.610404
0.880145
0.221853
0.745438
0.561109
0.817194
0.432765
0.243351
0.536912
0.798533
0.609542
0.976548
0.784679
0.492491
0.741718
0.864722
0.906122
0.630121
0.818332
0.619562
0.720258
0.359174
0.817995
0.597552
0.411979
0.264179
0.858229
0.527704
0.876197
0.619437
0.507778
0.345245
0.229604
0.792042
0.273938
0.59382
0.726833
0.270072
0.331666
0.289155
0.880736
0.218123
0.44354
0.881896
0.317806
0.800121
0.88708
0.626767
0.997097
0.409525
0.453597
0.751772
0.814843
0.797679
0.922257
0.760773
0.918379
0.627461
0.324149
0.324532
0.655408
0.738944
0.937563
0.238576
0.49769
0.247305
0.860454
0.405891
0.832246
0.391549
0.494349
0.685544
0.365483
0.667801
0.762792
0.292774
0.748457
0.311211
0.227113
0.986815
0.874438
0.758945
0.385237
0.206117
0.29798
0.759324
0.711845
0.844571
0.287114
0.867555
0.558961
0.714353
0.874578
0.832497
0.741087
0.226441
0.565401
0.285138
0.205708
0.872165
0.324404
0.750021
0.542234
0.578095
0.509315
0.666853
0.867559
0.857257
0.214808
0.740646
0.309972
0.999995
0.621847
0.633317
0.397993
0.922955
0.261711
0.235708
0.869092
0.531476
0.683965
0.528455
0.863748
0.654452
0.682855
0.77531
0.799935
0.309935
0.923125
0.550955
0.235253
0.818036
0.988581
0.612727
0.287594
0.66587
0.382011
0.233267
0.21712
0.307227
0.568637
0.371742
0.788351
0.317643
0.537265
0.658145
0.350514
0.876795
0.974676
0.314078
0.604802
0.715936
0.999182
0.927856
0.682574
0.86998
0.338703
0.825454
0.258285
0.37321
0.97422
0.342538
0.829023
0.231134
0.376027
0.782342
0.584999
0.498146
0.708661
0.448025
0.792246
0.820592
0.459714
0.352938
0.892645
0.614142
0.583286
0.790372
0.283586
0.747448
0.747922
0.232732
0.718363
0.80069
0.558185
0.266904
0.41393
0.928228
0.598266
0.796053
0.466782
0.761141
0.241686
0.323068
0.713576
0.907345
0.489436
0.207202
0.888701
0.582472
0.829495
0.532581
0.586577
0.670516
0.642698
0.75861
0.467772
0.36288
0.903892
0.744615
0.461432
0.920149
0.44378
0.7479
0.858651
0.442271
0.852687
0.999032
0.579559
0.473528
0.745948
0.489926
0.428297
0.714451
0.798476
0.264742
0.999925
0.560959
0.838181
0.239109
0.217934
0.795364
0.769933
0.794368
0.21628
0.871218
0.213201
0.776858
0.489035
0.420128
0.585366
0.67363
0.837608
0.245415
0.877016
0.855304
0.749482
0.789325
0.678082
0.562541
0.919385
0.961367
0.814831
0.483786
0.260678
0.778859
0.523244
0.476472
0.393621
0.800259
0.997865
0.590185
0.536003
0.693835
0.417847
0.818188
0.521487
0.729008
0.875029
0.800506
0.999756
0.669841
0.82246
0.997736
0.265368
0.794432
0.458984
0.843876
0.656024
0.230757
0.799867
0.305428
0.996613
0.601744
0.818185
0.491919
0.799566
0.609581
0.614201
0.435554
0.998451
0.917556
0.638604
0.421499
0.871578
0.615206
0.361958
0.296334
0.872334
0.769225
0.8271
0.584827
0.718453
0.916121
0.466075
0.63207
0.83879
0.784686
0.930597
0.27333
0.60861
0.47218
0.279814
0.829745
0.438835
0.759359
0.577438
0.771831
0.842581
0.747512
0.20617
0.241343
0.520142
0.28744
0.969012
0.648082
0.366387
0.709233
0.590652
0.661149
0.402109
0.409418
0.651844
0.425423
0.307374
0.841716
0.871874
0.669647
0.763668
0.849828
0.363149
0.58295
0.784903
0.520776
0.413532
0.919362
0.99721
0.620358
0.970442
0.301208
0.853124
0.915338
0.662245
0.731384
0.633942
0.490373
0.321638
0.61827
0.900405
0.464215
0.822359
0.832028
0.771768
0.209196
0.292991
0.834998
0.760817
0.918397
0.574388
0.325053
0.667132
0.976943
0.278149
0.89883
0.439656
0.926545
0.336033
0.204825
0.204759
0.999899
0.787405
0.338853
0.926346
0.284664
0.722551
0.749469
0.857169
0.75158
0.502385
0.777726
0.409111
0.714177
0.407193
0.932357
0.856532
0.674068
0.302363
0.873346
0.610418
0.999846
0.992834
0.822492
0.443453
0.437929
0.833656
0.275454
0.425448
0.845943
0.695868
0.714754
0.600891
0.438919
0.20972
0.962371
0.265215
0.348504
0.99855
0.489532
0.217948
0.338187
0.995513
0.790532
0.800547
0.998768
0.823341
0.993222
0.516158
0.822968
0.466051
0.656289
0.713193
0.998463
0.411664
0.880638
0.312719
0.901353
0.703252
0.303545
0.252772
0.888088
0.378651
0.910565
0.392366
0.886014
0.768742
0.902134
0.7458
0.936087
0.400646
0.562587
0.25136
0.821571
0.699139
0.600138
0.951788
0.476424
0.298456
0.5571
0.273515
0.641036
0.232587
0.550821
0.874871
0.667105
0.706363
0.854876
0.212018
0.24066
0.662665
0.772931
0.766682
0.439866
0.77748
0.242795
0.381216
0.790845
0.326827
0.482119
0.842108
0.403831
0.638497
0.724452
0.356813
0.289578
0.999785
0.6556
0.998931
0.732108
0.999936
0.925235
0.929296
0.778508
0.814074
0.310284
0.775472
0.455961
0.611644
0.706674
0.728202
0.803769
0.624846
0.725579
0.81148
0.74098
0.342938
0.819409
0.626059
0.618867
0.804066
0.388375
0.245257
0.496859
0.245163
0.803951
0.301554
0.293106
0.515045
0.853823
0.780497
0.398944
0.509245
0.262631
0.76458
0.442697
0.998323
0.608978
0.661525
0.750052
0.209113
0.856643
0.237481
0.863954
0.71265
0.812476
0.823869
0.431323
0.584012
0.602272
0.511229
0.663201
0.803549
0.329278
0.337171
0.728219
0.768133
0.814104
0.501661
0.824098
0.783542
0.320296
0.993224
0.70236
0.76109
0.78302
0.994118
0.388153
0.688037
0.887324
0.681129
0.99517
0.777524
0.995003
0.492157
0.920493
0.292442
0.24861
0.443651
0.518932
0.725326
0.460156
0.560786
0.952936
0.205104
0.859636
0.831464
0.71985
0.790805
0.254376
0.783064
0.304869
0.664982
0.91655
0.899733
0.999842
0.993464
0.417123
0.265391
0.272439
0.719879
0.545927
0.332213
0.736172
0.746335
0.406718
0.611316
0.831303
0.845929
0.32397
0.301355
0.859632
0.874431
0.844068
0.400258
0.348303
0.273517
0.928282
0.595662
0.999979
0.890793
0.995563
0.280537
0.317638
0.714881
0.690856
0.342485
0.454418
0.524474
0.347466
0.798609
0.869546
0.845956
0.912082
0.585248
0.333333
0.777186
0.54779
0.828613
0.988195
0.521576
0.332537
0.314002
0.269812
0.441608
0.750065
0.949447
0.715526
0.795862
0.244703
0.645701
0.273872
0.338918
0.833969
0.364322
0.666287
0.430905
0.998392
0.613615
0.667153
0.493905
0.832017
0.319047
0.661962
0.718301
0.421228
0.864155
0.895496
0.730652
0.443042
0.657627
0.785788
0.330031
0.453109
0.345608
0.511936
0.709916
0.623135
0.866284
0.201852
0.222095
0.769504
0.699721
0.583855
0.700361
0.784618
0.571408
0.686713
0.674781
0.890098
0.994349
0.264738
0.578147
0.998627
0.534527
0.846971
0.607995
0.639974
0.211259
0.857126
0.249506
0.385755
0.945483
0.799669
0.567207
0.874883
0.828945
0.715051
0.796053
0.556219
0.735232
0.99887
0.819901
0.252603
0.799788
0.374268
0.545565
0.609954
0.324323
0.495545
0.980994
0.445034
0.54939
0.995862
0.44379
0.770969
0.999344
0.250233
0.672537
0.735473
0.382891
0.391224
0.721164
0.265839
0.661883
0.999258
0.673894
0.866396
0.496062
0.41315
0.388746
0.936383
0.321851
0.403384
0.38969
0.654796
0.936467
0.269681
0.237535
0.682992
0.80098
0.546191
0.270954
0.615699
0.673392
0.935111
0.490213
0.737795
0.593243
0.824946
0.694088
0.816991
0.341523
0.69398
0.888901
0.688877
0.302505
0.999459
0.474557
0.299466
0.21545
0.262344
0.418364
0.235821
0.255556
0.472607
0.599778
0.898525
0.535024
0.909516
0.341165
0.794405
0.58466
0.235809
0.240675
0.864961
0.999812
0.774255
0.430322
0.868507
0.665664
0.74606
0.468511
0.892976
0.871675
0.428616
0.520364
0.733348
0.817901
0.768514
0.800352
0.988692
0.874898
0.721576
0.99909
0.548007
0.552931
0.626574
0.986394
0.617459
0.673377
0.79893
0.276013
0.533502
0.630739
0.554627
0.252883
0.205985
0.622397
0.904536
0.92864
0.582524
0.390185
0.998154
0.857325
0.587478
0.241968
0.371322
0.218844
0.986885
0.929479
0.626927
0.931143
0.655035
0.797657
0.489526
0.384325
0.705886
0.231969
0.982284
0.377264
0.314113
0.341696
0.834378
0.376331
0.775583
0.251999
0.996991
0.707177
0.748674
0.441093
0.280447
0.335866
0.510639
0.248749
0.879019
0.70743
0.815109
0.738846
0.38355
0.31649
0.574346
0.555751
0.812566
0.727821
0.200229
0.476655
0.759775
0.582173
0.833297
0.230867
0.928379
0.89685
0.433478
0.566983
0.508252
0.997779
0.325212
0.999729
0.261666
0.850912
0.548488
0.651896
0.999956
0.232918
0.31099
0.556121
0.993524
0.999106
0.600385
0.453872
0.645783
0.954708
0.774656
0.359098
0.560671
0.82881
0.282459
0.755432
0.688458
0.3062
0.434814
0.886866
0.261903
0.531444
0.92852
0.810458
0.912416
0.574699
0.985014
0.80813
0.336022
0.67177
0.829732
0.912857
0.857454
0.386516
0.709859
0.628869
0.999915
0.825169
0.767913
0.501881
0.221291
0.660808
0.635635
0.803444
0.743584
0.549305
0.252406
0.785733
0.520534
0.20756
0.396978
0.475437
0.750188
0.525496
0.500474
0.567565
0.34735
0.495794
0.607619
0.822564
0.52534
0.886122
0.79999
0.74819
0.508997
0.566327
0.711597
0.426008
0.714184
0.376177
0.287894
0.555874
0.472516
0.999328
0.599903
0.999895
0.594097
0.636989
0.994923
0.365436
0.908164
0.614172
0.492129
0.766592
0.894161
0.208322
0.471992
0.654492
0.710304
0.444095
0.844218
0.859396
0.375692
0.3947
0.299396
0.46775
0.928414
0.701975
0.619155
0.99875
0.822236
0.970286
0.232361
0.818459
0.864995
0.750901
0.795955
0.336879
0.492569
0.93743
0.377282
0.594303
0.375842
0.620211
0.825633
0.557203
0.245844
0.40377
0.470826
0.495926
0.282229
0.438387
0.851085
0.60345
0.720475
0.875069
0.715008
0.335191
0.271633
0.329793
0.469944
0.224072
0.887066
0.337131
0.746453
0.978098
0.565254
0.761838
0.656169
0.890897
0.698905
0.683527
0.348843
0.715363
0.682627
0.288499
0.974707
0.360324
0.419801
0.798753
0.356263
0.642821
0.681427
0.327066
0.99242
0.686807
0.673824
0.60382
0.240145
0.585401
0.442199
0.230158
0.556668
0.575057
0.777739
0.507425
0.310379
0.933387
0.560051
0.806061
0.336623
0.645503
0.575978
0.378511
0.350399
0.638932
0.713516
0.539856
0.46147
0.998557
0.359227
0.532424
0.628843
0.801053
0.964648
0.662864
0.851454
0.363204
0.61656
0.901575
0.659065
0.778683
0.666703
0.569102
0.929923
0.239545
0.997894
0.857198
0.425351
0.499566
0.939198
0.858247
0.629686
0.284651
0.416727
0.211508
0.433349
0.201922
0.502477
0.454972
0.640522
0.703136
0.552852
0.87646
0.875159
0.241425
0.92312
0.719549
0.398793
0.632931
0.760093
0.681144
0.849302
0.330668
0.248587
0.378096
0.905386
0.884891
0.279478
0.426904
0.584445
0.999661
0.695911
0.833199
0.616091
0.630889
0.496763
0.837337
0.413235
0.81287
0.991614
0.422879
0.661679
0.557913
0.800021
0.341844
0.590976
0.524068
0.880234
0.610995
0.281377
0.32741
0.999932
0.72981
0.649412
0.805973
0.866105
0.681258
0.66628
0.693226
0.83162
0.732892
0.888328
0.985325
0.305543
0.785603
0.816961
0.843386
0.237895
0.704491
0.394309
0.536097
0.35363
0.562189
0.829733
0.467375
0.723971
0.553653
0.765463
0.340603
0.410965
0.402874
0.408723
0.6587
0.717009
0.664095
0.264271
0.862963
0.390741
0.250525
0.687653
0.371655
0.617525
0.874036
0.31995
0.475333
0.693108
0.693248
0.387398
0.57292
0.263034
0.419182
0.705987
0.299644
0.330629
0.914127
0.204809
0.485608
0.999737
0.833142
0.977898
0.37574
0.998327
0.312716
0.618515
0.938304
0.65071
0.305936
0.917681
0.99538
0.604672
0.614851
0.688029
0.584119
0.84046
0.591841
0.707379
0.63462
0.391687
0.978576
0.510028
0.307827
0.767417
0.452391
0.778973
0.620847
0.671359
0.711316
0.75883
0.617471
0.596196
0.324178
0.648003
0.490223
0.449899
0.362826
0.787715
0.79983
0.759524
0.884708
0.400005
0.598933
0.27711
0.65667
0.855381
0.795664
0.998504
0.491719
0.898164
0.856433
0.710518
0.71299
0.873576
0.283607
0.699845
0.999825
0.26077
0.711587
0.560928
0.335119
0.340323
0.562408
0.673812
0.636248
0.463031
0.522221
0.937732
0.599567
0.67619
0.284804
0.448624
0.812737
0.708412
0.926704
0.75355
0.643575
0.773729
0.999907
0.83043
0.59713
0.667854
0.963844
0.993978
0.340679
0.256828
0.775736
0.484955
0.409538
0.306467
0.451726
0.270854
0.688398
0.645187
0.347481
0.355529
0.610652
0.27688
0.789069
0.329039
0.844031
0.230816
0.227497
0.60112
0.331905
0.303741
0.881137
0.528759
0.662252
0.410255
0.213275
0.639426
0.506629
0.852856
0.254496
0.273049
0.999397
0.364218
0.520664
0.216958
0.699286
0.695008
0.798918
0.720792
0.255487
0.400057
0.985969
0.91334
0.308251
0.339392
0.721073
0.780697
0.742191
0.253097
0.999915
0.39247
0.872825
0.384326
0.23773
0.771408
0.413778
0.570742
0.65302
0.632722
0.217002
0.502654
0.814671
0.780115
0.526874
0.266261
0.748335
0.25166
0.702349
0.84723
0.544877
0.886482
0.246678
0.830989
0.444182
0.622959
0.231736
0.853382
0.636303
0.650793
0.414703
0.876773
0.596425
0.878603
0.76595
0.401262
0.866737
0.685614
0.840634
0.91196
0.83053
0.777406
0.758359
0.920386
0.892972
0.312197
0.728053
0.996504
0.9971
0.991816
0.701815
0.497966
0.818425
0.528192
0.890343
0.499551
0.422393
0.437722
0.353603
0.7528
0.414983
0.273956
0.793777
0.668358
0.350516
0.694008
0.833237
0.538064
0.816412
0.807524
0.266556
0.999687
0.611296
0.311377
0.370812
0.378693
0.537876
0.848847
0.6647
0.998948
0.444726
0.514899
0.533359
0.597467
0.599815
0.679639
0.745888
0.838897
0.799669
0.463511
0.253843
0.295115
0.422139
0.825236
0.829107
0.945975
0.476931
0.750324
0.578388
0.639363
0.375602
0.556695
0.86108
0.657234
0.321905
0.467382
0.657011
0.874603
0.999742
0.513898
0.240059
0.696779
0.265546
0.683783
0.9245
0.275616
0.696972
0.862349
0.55686
0.465142
0.998176
0.232681
0.909423
0.829183
0.301803
0.695282
0.473371
0.677251
0.99905
0.851743
0.856853
0.206999
0.650249
0.991161
0.998644
0.703307
0.361196
0.625457
0.536485
0.202861
0.314669
0.244843
0.714245
0.93521
0.780502
0.738817
0.325824
0.2501
0.845123
0.591343
0.765396
0.999934
0.533308
0.874722
0.928847
0.998021
0.649024
0.69803
0.551749
0.661979
0.842255
0.643023
0.23292
0.524733
0.562968
0.445097
0.749983
0.907636
0.709042
0.548467
0.547037
0.347468
0.431841
0.792003
0.66629
0.82406
0.922315
0.778045
0.97249
0.582177
0.301196
0.271345
0.379759
0.400606
0.28911
0.977063
0.394285
0.436618
0.9987
0.467651
0.763257
0.787146
0.823488
0.380574
0.797134
0.793423
0.917337
0.73286
0.541882
0.358773
0.372972
0.63749
0.978693
0.923243
0.658771
0.277699
0.922742
0.508813
0.362022
0.481806
0.346601
0.615164
0.660895
0.99773
0.998597
0.466421
0.499862
0.640901
0.445165
0.702843
0.774333
0.655581
0.413292
0.890568
0.832509
0.21033
0.704734
0.791611
0.589993
0.565923
0.467031
0.379649
0.344077
0.474774
0.771289
0.383748
0.810169
0.243276
0.609724
0.894247
0.646156
0.782225
0.564688
0.265758
0.805319
0.725261
0.923383
0.373064
0.665347
0.342918
0.295218
0.422622
0.995826
0.412915
0.725021
0.684942
0.992351
0.455191
0.999276
0.936054
0.381434
0.344222
0.292804
0.932942
0.890197
0.736555
0.982969
0.917954
0.877646
0.495353
0.99986
0.520627
0.304593
0.232147
0.784864
0.247548
0.925164
0.667269
0.535989
0.949569
0.221875
0.587226
0.868507
0.897759
0.703785
0.875994
0.515902
0.727474
0.356838
0.469128
0.591544
0.591021
0.413532
0.622469
0.999584
0.530618
0.523872
0.395938
0.996009
0.267611
0.284189
0.238297
0.668949
0.747925
0.595859
0.890745
0.858131
0.922811
0.380525
0.346295
0.400163
0.46535
0.779311
0.333524
0.803819
0.944209
0.216947
0.917681
0.518357
0.21846
0.313156
0.233256
0.215566
0.950606
0.783353
0.71988
0.553438
0.786916
0.940011
0.558815
0.599371
0.356168
0.392227
0.562499
0.420335
0.497625
0.25383
0.881337
0.781387
0.470534
0.989728
0.708683
0.22185
0.598604
0.999879
0.763014
0.916678
0.714829
0.439494
0.873556
0.272063
0.255591
0.550837
0.397949
0.235427
0.833257
0.937176
0.999411
0.870796
0.692303
0.391878
0.33134
0.875102
0.877124
0.347665
0.371863
0.240188
0.597249
0.856955
0.253521
0.823485
0.99967
0.259074
0.798778
0.224625
0.9917
0.260094
0.340717
0.682521
0.893152
0.751636
0.794526
0.937992
0.822795
0.526121
0.643399
0.676892
0.98981
0.425389
0.983205
0.927411
0.81307
0.392647
0.257265
0.276181
0.443995
0.70574
0.857577
0.78772
0.697135
0.800275
0.480024
0.770193
0.946671
0.355229
0.310147
0.809296
0.598944
0.499475
0.236414
0.28617
0.999216
0.408134
0.402189
0.620008
0.71811
0.372787
0.738523
0.499501
0.999828
0.940767
0.793178
0.516518
0.325868
0.470463
0.801002
0.511773
0.71953
0.974383
0.321446
0.516843
0.461545
0.765223
0.488392
0.976786
0.872036
0.392033
0.522111
0.995707
0.545388
0.420043
0.863024
0.812488
0.315819
0.576578
0.512572
0.976365
0.413244
0.499261
0.374346
0.205854
0.913128
0.600956
0.671525
0.22568
0.617791
0.449463
0.339617
0.848224
0.476476
0.209433
0.262686
0.887559
0.829107
0.451066
0.473786
0.914171
0.493199
0.226632
0.717053
0.599059
0.885911
0.299802
0.657835
0.42765
0.344695
0.784781
0.402875
0.803675
0.806744
0.873837
0.999723
0.413532
0.74572
0.356185
0.78694
0.67601
0.258956
0.227997
0.683634
0.87026
0.440197
0.347228
0.292443
0.838469
0.652446
0.920971
0.330568
0.519673
0.212677
0.719985
0.262613
0.911645
0.947996
0.715338
0.908674
0.7369
0.999968
0.334493
0.521408
0.85989
0.69376
0.846223
0.44759
0.707936
0.20166
0.469473
0.483127
0.412964
0.442382
0.69398
0.406224
0.333003
0.672692
0.915674
0.726117
