40.3747
26.2827
38.6353
37.3224
49.3817
33.7476
25.1999
41.0193
32.2043
-1.0
50.2106
-1.0
-1.0
50.5211
44.7399
-1.0
36.9948
47.3819
49.3215
-1.0
-1
41.5609
43.6651
-1.0
-1
31.1469
42.7751
-1.0
-1
-1.0
-1.0
41.4553
-1.0
-1.0
48.5237
47.2448
43.4874
-1.0
-1
36.4229
-1
-1.0
48.4633
34.415
29.7196
38.8795
-1.0
9.35934
17.2046
23.3571
35.2465
44.3416
33.5023
27.3569
23.2053
41.7085
33.7752
-1.0
-1
27.0984
48.7668
51.7394
44.7506
50.5155
44.8861
17.1886
37.0431
48.4945
-1.0
45.1695
44.2497
48.2879
-1
49.4498
-1.0
52.0641
38.3235
-1
35.09
-1
38.7812
37.9004
28.972
40.7772
-1.0
48.1261
21.713
-1.0
28.9007
48.8208
24.0757
-1.0
-1.0
-1.0
51.9848
-1.0
-1
51.0408
-1
-1.0
36.3198
36.4326
43.9741
-1
27.0898
11.8451
26.5398
-1.0
35.7205
12.443
24.0144
32.2406
45.9347
44.7195
39.8141
39.9464
13.1191
-1.0
33.2376
24.328
-1.0
-1.0
-1.0
36.2301
17.0342
-1.0
47.9745
43.1374
52.0977
-1.0
22.3616
15.9896
34.6396
40.7583
-1
46.1389
36.8429
29.0331
51.0094
-1.0
45.5795
26.6471
34.6518
-1.0
45.2497
-1.0
-1
-1
51.4501
52.0654
49.6894
-1.0
26.0995
18.2838
48.8933
46.5038
29.9198
45.9978
-1
38.9231
-1.0
28.9309
44.5258
41.2047
-1.0
-1
35.9869
-1.0
40.1872
-1.0
35.0711
-1.0
30.1732
27.5744
-1.0
39.4519
-1.0
-1.0
45.6086
34.3085
29.5486
26.6234
-1
-1.0
43.2251
-1.0
41.1774
12.6823
48.3812
16.2079
30.344
9.06066
34.2364
49.5715
-1.0
52.0879
35.3527
49.847
42.7396
-1
44.3738
-1
43.9248
24.4086
-1.0
16.937
-1.0
48.3512
40.7506
30.087
28.6243
45.1076
-1.0
28.0406
45.3702
39.5634
56.5271
6.19712
45.3732
49.5842
47.9007
-1.0
-1.0
-1.0
33.1824
-1.0
50.6464
-1.0
48.218
39.9705
30.2399
39.805
-1
38.8857
-1.0
26.9446
32.4582
11.4562
47.0975
14.1922
50.6257
29.8609
50.6478
39.7558
30.7904
-1.0
33.3096
46.8038
33.1515
33.9001
-1
-1
36.6183
20.1651
-1.0
21.5718
48.8189
25.4579
-1.0
38.8087
34.478
-1.0
39.8819
28.9039
39.8001
44.0636
-1.0
32.1394
-1.0
46.6587
46.0136
45.0373
37.2686
48.556
32.8516
-1.0
44.6714
-1
36.3835
32.2462
-1.0
-1
-1.0
23.5885
41.1232
-1.0
41.1469
-1
-1
-1.0
32.5978
-1
-1.0
47.6011
-1.0
39.4991
-1
31.7062
30.4641
46.9465
-1.0
31.782
38.0693
36.1418
-1.0
42.4696
-1.0
-1
45.4465
41.1107
-1.0
-1
29.5343
43.2242
49.571
32.7538
24.4434
20.4331
23.6724
39.6373
43.7627
47.1179
-1.0
40.8107
45.0108
-1.0
47.9212
33.783
-1.0
37.7886
-1
-1.0
-1.0
-1.0
46.4093
49.7172
-1.0
19.1312
-1.0
-1
38.7049
38.3715
36.6662
30.1355
37.9779
30.6427
49.5974
40.1717
33.805
28.2892
38.2471
40.2859
-1.0
49.5286
-1
54.4527
39.3619
11.8504
38.542
51.4561
42.9692
38.5071
25.1884
46.8927
-1.0
-1.0
29.5898
-1.0
-1
49.1963
-1
-1.0
24.653
48.5472
20.9747
52.8163
-1.0
-1.0
43.0349
38.6249
33.0487
-1.0
49.9938
27.0215
29.7696
26.5725
31.1139
27.0809
50.9035
45.795
-1.0
35.5779
47.225
24.6408
-1
37.8126
-1.0
38.7093
-1.0
39.3515
46.7381
49.9788
41.8435
50.1112
-1.0
-1
21.3177
46.8813
17.7412
25.1461
23.0592
42.3426
-1.0
-1
-1.0
29.7051
-1
-1
-1.0
-1.0
33.2988
46.4155
35.3569
40.7872
27.9843
40.1765
-1.0
41.3537
37.5034
-1.0
36.9123
19.6295
-1
30.1341
-1.0
13.2923
37.2852
-1
-1.0
22.5617
37.9553
-1.0
19.4873
48.2594
46.3597
29.2874
40.313
22.7537
37.3269
-1.0
38.6495
46.4121
41.5604
42.4328
36.9322
-1
15.1402
39.4112
-1
-1.0
44.2956
29.2516
40.6685
-1
34.9423
42.1445
45.1351
45.721
48.2499
41.6511
53.0914
42.8594
46.1222
36.0448
-1.0
33.0653
33.7862
35.0569
42.2378
19.439
32.9022
50.4021
26.9332
-1
43.7936
25.7072
-1
32.5482
48.1686
-1.0
33.2351
33.8429
31.5721
39.0003
-1.0
51.5662
37.6068
16.4873
41.1636
40.4663
49.0052
45.2539
42.4454
43.9066
39.2652
-1
-1.0
32.5737
42.815
19.8179
-1
30.1338
37.9583
-1.0
49.4612
18.1203
38.613
49.7166
-1.0
-1.0
37.3038
45.5228
-1.0
-1
50.0045
30.8862
-1.0
27.3957
47.1794
47.1304
-1
40.1421
39.7543
-1
33.9439
42.947
39.6039
47.4132
50.7434
-1.0
33.2448
-1
19.9366
46.5435
22.1921
-1.0
-1
-1.0
28.5008
30.288
-1.0
-1
33.2469
-1.0
-1.0
41.8026
52.2689
43.6917
46.3391
-1
-1
-1
42.1818
-1
13.9833
-1.0
50.525
45.6981
49.1204
-1.0
-1
50.113
37.375
-1
28.3477
21.7499
50.2078
44.9658
-1.0
35.3245
33.7282
-1
-1.0
18.1571
29.9703
51.1697
22.5723
35.3443
-1.0
37.2144
30.8114
-1
31.6433
21.7539
45.8508
48.6125
-1.0
-1
-1.0
41.9259
22.4083
-1.0
25.4539
-1
48.2724
46.8068
-1.0
25.5685
-1
52.3155
-1
42.1813
33.5193
-1
34.4474
6.30054
41.2329
39.44
42.0499
-1
47.1603
47.3712
-1.0
38.8024
-1
23.8163
24.5687
-1.0
30.9992
-1
51.37
51.0676
-1
19.5826
-1.0
25.5472
43.6761
53.1412
-1.0
-1
36.6814
41.4886
38.7524
38.1794
39.2825
-1.0
25.261
51.8367
18.5743
30.6945
-1.0
47.1668
-1.0
37.2528
6.96159
16.1629
-1.0
36.0334
5.62981
43.2402
36.5275
38.1853
27.2188
31.3794
43.4969
35.4044
33.1295
29.7583
35.536
-1.0
26.4669
33.9012
-1.0
41.5416
30.8526
51.2556
41.479
-1
22.7857
23.4434
50.6456
34.2957
45.4806
34.2932
-1
25.4922
24.8501
-1.0
41.9257
-1.0
-1
35.5261
-1
47.1819
54.8334
47.9714
42.6924
31.6077
41.3814
22.1723
21.6118
35.2801
35.525
-1
48.9817
42.4758
18.5662
50.0856
-1
-1.0
37.9444
13.5368
34.3558
39.2055
25.5392
26.2356
-1.0
-1.0
50.872
34.4249
41.7765
20.8712
-1
13.6888
29.9627
13.5071
-1.0
-1.0
27.7732
29.1295
49.5277
40.9264
36.8251
36.7826
45.79
42.8717
31.0836
43.9468
48.243
-1
31.3513
-1.0
41.8651
51.8066
26.1135
35.9309
49.2196
31.6798
-1.0
42.9439
38.1059
25.6192
21.4515
48.3239
42.3974
-1
36.4319
12.6321
22.5004
27.502
-1.0
19.4787
-1.0
36.9764
20.2744
-1.0
42.5961
-1.0
28.2608
16.2314
30.7385
42.3954
38.5664
50.6234
29.6412
25.0852
32.1877
22.6452
-1.0
22.7922
-1.0
-1
21.7342
27.6102
-1
23.4704
-1
32.2488
-1.0
27.5343
15.1217
-1
41.6164
-1.0
22.8494
23.9069
48.2034
43.7498
31.0632
-1.0
-1.0
47.9178
46.3632
16.5105
-1.0
47.6738
-1.0
48.2245
37.1061
41.3272
46.6539
45.787
-1
36.8262
34.0361
41.7144
23.2178
36.9413
-1.0
24.4691
31.2338
38.9603
26.9909
43.6525
48.7907
24.1516
27.954
-1.0
45.6693
45.534
-1
39.2718
25.3024
48.2768
43.1297
36.115
30.9378
-1.0
40.5337
12.0129
-1
30.8165
50.1944
39.1411
43.4475
33.4638
29.4849
48.7096
-1.0
46.1898
-1.0
36.0369
47.5963
44.013
51.1475
41.0231
-1
49.219
-1
-1.0
40.8344
38.3675
40.3246
40.653
49.8923
27.221
-1.0
-1.0
29.834
45.6468
51.0544
-1
-1.0
48.0822
30.0595
27.362
20.1993
48.672
-1.0
25.7865
43.7172
35.2817
44.2866
-1.0
23.5401
44.5108
33.2417
39.1827
49.7863
35.4272
30.2897
22.3329
52.2191
47.6866
-1.0
48.7041
50.6883
18.8652
24.4851
-1
-1
27.7284
24.2687
-1.0
37.9161
-1.0
-1
49.9429
40.8283
35.3735
23.5119
22.0034
47.8252
50.2345
47.3811
49.5911
-1.0
-1.0
-1
48.4318
-1
-1
-1.0
-1.0
12.8451
-1.0
42.8693
-1.0
25.8226
18.4974
28.6061
38.5896
41.7911
-1
37.3595
-1.0
38.1016
51.3105
48.2114
-1
-1.0
41.7514
-1.0
38.1243
-1.0
41.2426
-1.0
48.6869
40.1149
27.4659
-1
27.8566
-1
38.9877
-1
46.1575
25.899
17.4646
52.0804
31.2095
19.0294
23.8238
51.0398
27.4829
35.9474
50.9051
25.1157
-1
-1
41.2705
-1.0
-1
-1.0
-1.0
-1.0
46.5935
49.3212
39.9418
36.4118
24.3563
-1.0
48.1954
34.6859
39.8939
29.1271
17.0212
44.355
-1
31.5521
39.9313
-1.0
-1
25.7184
33.4161
-1.0
6.27941
-1
39.8376
36.2928
36.6073
27.3104
33.509
-1
44.3373
25.0551
47.3429
30.9941
-1.0
29.6046
35.4409
40.6958
46.3942
36.8206
44.5539
33.8664
-1
-1.0
45.0757
12.6557
-1
34.7561
-1
28.0596
-1
31.5929
35.489
-1.0
-1.0
-1.0
25.6954
-1.0
-1.0
45.7526
-1.0
39.8081
-1.0
26.3189
46.218
-1.0
-1.0
33.4933
42.4367
-1.0
-1.0
-1.0
-1.0
49.0625
-1
-1.0
30.6305
31.8198
41.4427
26.7473
36.0491
51.1069
40.3497
14.059
34.9467
33.3452
52.1046
51.2432
51.1369
-1
50.3824
46.2969
21.5055
49.5025
49.9641
51.0372
52.0537
39.789
36.9699
21.7574
-1
42.1061
33.5657
44.1059
41.9943
23.4292
48.2294
-1.0
45.0509
26.9333
22.6628
43.9974
-1
-1.0
-1.0
24.8666
37.1482
49.2223
17.4036
48.7313
46.8463
42.737
-1.0
50.7852
29.4243
39.0655
29.155
31.1733
23.3124
-1.0
43.6539
-1.0
49.0813
-1.0
43.7489
-1.0
38.1503
49.1028
-1.0
8.72472
40.0093
30.7438
39.1804
-1.0
-1.0
32.1994
47.2957
-1.0
46.8801
41.703
43.2565
33.6523
30.5624
-1.0
42.4347
-1
38.2579
-1.0
-1
44.1703
23.0277
38.0145
37.3461
-1
23.8145
50.3061
-1.0
-1
50.1621
29.9057
30.8072
51.7971
46.2452
45.8591
16.6308
48.6096
36.0422
15.6049
-1
-1.0
27.7153
24.5946
51.0744
-1
31.837
43.7797
24.4113
24.1383
25.6699
42.9782
-1
48.8738
32.7169
-1.0
48.2646
-1
47.6948
27.6248
16.8463
-1.0
40.3504
31.5334
-1
-1.0
28.477
42.8111
30.3843
-1.0
33.8196
-1.0
33.0233
30.2183
-1.0
44.5963
22.0159
45.6038
34.4379
45.2154
30.0159
-1.0
-1.0
40.1549
-1.0
-1.0
48.2278
19.9077
34.0986
-1.0
-1
-1.0
-1.0
30.0905
34.0594
43.4527
-1.0
-1.0
33.6837
27.715
-1
22.4065
21.992
45.432
-1.0
32.7259
43.8457
47.8063
-1.0
28.279
-1.0
41.2514
-1.0
19.9705
29.2287
-1.0
13.1326
28.0605
-1
48.0386
-1.0
43.5593
47.4236
-1.0
-1.0
-1.0
46.1881
46.1832
-1.0
50.17
49.3918
17.9103
46.4923
40.4477
44.3241
36.0412
-1.0
-1.0
38.5516
50.338
-1.0
38.8979
38.9091
-1
40.798
21.1262
-1.0
46.6446
32.7277
35.0103
20.2754
-1.0
-1.0
48.2412
-1.0
40.8227
-1
39.1885
44.0389
55.4676
40.2064
-1.0
44.513
36.9329
28.2444
-1.0
16.0941
32.2047
37.812
45.9729
-1.0
33.597
29.0286
-1.0
41.8524
-1.0
-1.0
-1.0
24.4519
35.1209
-1
31.7495
-1.0
-1.0
-1.0
28.496
48.5122
44.7543
36.0444
43.3784
-1
49.5368
-1.0
52.6737
38.1792
48.0421
48.4873
42.5163
-1.0
23.6995
39.5432
35.056
34.3712
-1.0
48.4439
41.9934
-1.0
44.2168
40.9426
42.1632
52.1024
-1
38.6036
40.6235
47.2186
-1
27.8558
50.536
-1.0
50.9245
-1.0
49.8162
22.9823
48.7221
50.3254
42.6214
37.2122
-1.0
41.5546
42.9628
34.4979
38.8972
28.3497
-1.0
35.2494
51.3698
28.9118
47.7189
49.1601
-1.0
-1
31.0154
32.9014
33.8958
-1.0
46.7064
31.7831
-1.0
39.3065
19.246
47.8108
50.2209
45.2182
40.5874
40.3344
46.5037
42.3494
15.7839
40.763
-1.0
-1.0
-1.0
47.2872
15.8325
18.1888
52.9367
-1.0
-1
51.9248
13.1807
39.1174
50.3466
41.2556
43.9009
47.3524
47.2675
43.2765
51.7569
48.2603
26.8966
26.9539
47.7578
47.2942
46.1893
-1.0
-1
-1
-1.0
18.5912
-1
-1.0
38.5972
-1.0
-1
42.6311
-1.0
46.2957
35.7811
-1.0
35.3414
-1
31.3316
38.2573
23.2292
50.2621
44.8816
32.5145
32.5242
33.8402
26.5736
38.298
-1
47.7677
35.0788
-1.0
46.4686
28.1148
40.7384
28.5628
32.4828
-1
22.709
20.184
-1.0
18.6302
18.5867
-1
20.2707
51.1529
-1.0
39.4311
40.7576
28.5207
28.4115
29.0213
18.7474
-1.0
48.2429
45.2277
36.2649
51.9184
47.9709
-1.0
43.7933
47.134
47.6754
20.1896
22.7911
-1.0
34.2041
27.7512
26.8698
40.1347
51.924
45.0952
-1.0
49.0895
35.2212
40.6334
31.9564
50.4807
40.3019
27.8542
-1
34.4301
29.4196
38.7002
-1
30.324
39.8883
38.257
-1
-1.0
20.5587
-1.0
31.1321
50.9119
13.9167
-1
34.042
43.0547
-1.0
48.5299
49.6641
39.3673
45.8686
50.39
47.1603
50.8334
26.7118
38.5902
34.5487
15.7112
52.0535
23.8044
-1
44.5967
27.4737
19.7729
44.7555
46.6065
34.6583
33.3077
-1.0
-1.0
42.6294
-1.0
-1
-1.0
-1
-1.0
8.49976
-1
-1
42.44
-1
39.9569
34.6937
-1.0
-1
49.2099
51.2336
46.5647
49.6448
44.5045
46.8241
42.6441
32.0937
-1.0
-1.0
-1
46.65
36.6916
41.2058
13.6788
-1.0
45.5111
40.003
-1.0
43.0615
-1.0
38.3807
41.3804
-1
-1.0
36.5268
28.7095
38.154
-1
21.9568
44.4021
32.8576
-1.0
14.0065
50.4537
-1.0
23.0621
50.0939
25.9805
26.218
40.8371
-1
43.4596
-1.0
51.0536
32.3135
43.2368
48.2638
43.6068
47.1174
-1.0
50.377
12.5507
-1
21.1678
43.02
15.6928
48.8752
34.8447
-1
28.789
-1.0
32.2964
23.6739
-1.0
20.5584
48.1749
50.536
-1.0
16.761
-1
38.6158
41.8399
26.7081
48.568
-1.0
42.4968
39.6405
51.8161
33.0263
-1
31.8451
-1.0
48.3272
31.2986
44.2494
-1.0
51.8787
38.8292
47.8704
42.6126
41.5944
37.8842
26.1938
48.1699
39.449
50.8221
31.6956
41.88
44.7562
42.5227
36.0
-1.0
-1.0
9.49326
33.5697
15.1505
29.0958
50.0481
29.6519
43.6901
44.9848
-1.0
41.956
24.1481
32.864
24.4054
48.6707
54.8476
-1
-1.0
-1
-1.0
29.5732
-1.0
48.9886
-1.0
-1.0
54.6625
28.6635
35.073
37.4412
37.886
26.0252
-1
49.6833
-1.0
-1.0
32.9304
40.5206
41.8687
-1
-1.0
-1.0
-1.0
36.9954
-1.0
-1.0
41.9999
11.8703
-1.0
38.265
48.5491
19.1522
-1.0
-1.0
30.3371
50.482
32.977
-1
-1.0
35.4391
-1
41.4351
-1
51.0494
41.2646
47.3823
49.7951
49.3549
41.9834
-1
39.9018
30.1507
37.7555
49.0225
-1.0
-1.0
34.5456
40.5243
14.9848
25.0813
37.8834
-1
-1.0
36.6989
45.9138
-1.0
51.06
-1
48.8412
41.9955
25.7695
45.2509
47.5
-1.0
-1
37.0422
27.0254
37.4854
42.7893
31.2728
21.4998
36.9481
-1
38.8194
47.5233
-1
23.8192
20.8158
37.3288
-1.0
26.758
50.1477
39.575
46.6618
54.1121
39.3623
29.651
34.3076
-1.0
-1.0
51.7048
45.822
28.9311
-1.0
43.317
22.5237
36.7866
51.2886
41.3769
-1.0
-1
-1.0
-1.0
47.2193
22.8266
29.8779
33.6184
-1.0
-1.0
-1.0
50.9327
36.0348
-1.0
32.2996
23.4681
-1.0
24.3045
52.1105
39.0134
40.6364
-1
45.3803
29.7054
-1.0
51.2001
17.2326
42.721
-1.0
49.7391
31.783
-1
36.5229
34.6416
-1.0
-1.0
33.8929
44.9816
-1.0
-1.0
36.7483
38.5127
-1.0
-1.0
44.1398
33.2182
-1
-1.0
31.5513
44.1087
36.7717
29.6653
41.9396
46.2306
-1
37.4499
-1.0
35.8271
50.1586
44.8799
35.8395
-1
-1.0
44.5395
50.877
42.0647
23.7399
13.3604
23.0536
-1
-1.0
16.9885
24.6503
40.0002
41.8879
39.972
41.4657
43.8884
34.2105
-1
-1
39.1685
39.9676
45.7976
40.3254
39.1101
33.8225
23.6294
-1.0
-1.0
-1
20.4835
-1.0
-1.0
-1.0
-1
-1.0
23.769
36.4418
18.7944
37.7979
-1
-1
14.1424
52.0607
-1.0
-1.0
34.7533
-1.0
18.5656
-1.0
-1.0
15.7477
50.2676
37.4404
-1
35.6153
-1.0
49.4926
30.8372
24.7089
33.3215
-1.0
46.8069
51.0556
-1.0
30.7487
51.1245
30.2965
37.9366
43.4183
15.2446
-1.0
26.9917
50.354
21.2757
-1.0
-1
31.7213
34.8385
49.4266
23.4894
-1.0
47.7914
36.9838
-1
-1
-1.0
-1.0
47.3178
35.0322
20.0416
-1.0
50.3807
48.7646
-1
25.6156
38.8777
-1
38.5312
-1.0
33.6472
42.2591
-1
20.2844
51.5665
28.2426
-1
41.8577
41.6362
24.0639
51.8973
46.9112
-1
-1.0
28.964
-1.0
-1
-1
-1.0
-1
-1
33.1359
-1.0
-1.0
41.6231
-1.0
36.4553
-1.0
48.2486
43.5509
49.2773
33.8852
30.3015
43.7806
45.535
38.6355
-1.0
39.2458
-1
24.3925
-1
-1.0
52.0476
39.0175
-1
-1.0
28.7854
50.6326
-1.0
28.2862
-1
-1.0
34.7006
-1
-1
41.5779
45.8016
-1
-1.0
-1.0
-1.0
28.3615
49.7143
19.3525
31.1517
40.01
-1.0
32.2065
46.1562
50.4766
18.055
14.4377
49.0054
30.5856
8.32928
44.4255
38.5632
-1.0
-1
43.5168
50.9347
45.9771
45.129
-1.0
34.1779
19.9451
-1.0
-1.0
19.5662
-1.0
-1
-1.0
-1
33.4615
32.0518
-1.0
47.7609
-1
23.6529
42.7689
-1.0
-1
49.087
36.0213
36.3792
-1
31.6692
51.6043
50.0597
28.8029
17.1247
18.6709
43.3266
22.7837
29.6259
41.6586
25.8825
52.3494
16.9098
35.0874
-1.0
49.1558
-1
30.1154
46.0763
30.0892
13.4654
45.8473
-1.0
48.6447
47.5129
51.9443
38.1691
46.9301
43.4989
30.2578
39.1836
42.213
43.0282
50.1313
22.996
-1.0
30.0662
-1
41.4371
44.7649
47.3538
18.6017
34.0253
-1.0
45.0864
37.3165
11.4802
-1.0
14.8465
37.6742
39.7624
-1
52.817
13.2807
28.8174
46.3697
-1.0
33.7033
35.6214
-1.0
47.2148
24.5162
31.4256
-1
-1
40.5282
-1
-1.0
35.0026
-1.0
-1
21.8343
30.6339
45.0858
39.0161
-1.0
46.9862
32.3665
-1.0
26.2598
42.145
-1.0
-1.0
-1.0
-1
36.3298
35.7695
-1
29.4992
-1
34.9916
51.851
39.6459
47.0598
13.5981
36.0843
40.6181
23.2239
26.4694
45.5198
41.8221
-1
46.6111
50.7979
39.4403
33.1814
-1.0
-1
28.9819
46.9862
31.8266
38.8739
42.005
18.2492
38.4923
30.0111
-1
36.1337
48.0231
41.9764
51.354
-1.0
-1.0
35.2341
41.9668
-1
35.3641
-1.0
48.9504
36.5306
-1
-1.0
20.7427
-1.0
30.1581
47.5987
-1.0
27.991
35.5746
47.6011
-1.0
-1.0
22.1407
-1
40.8709
44.2222
-1.0
48.6462
7.97305
-1.0
49.1389
20.8309
26.4114
-1.0
42.9081
27.8218
13.2915
40.0512
39.4466
39.288
-1
42.7765
41.7298
6.2028
14.3614
39.1506
43.4762
-1
38.2593
40.3306
18.5016
37.2022
28.8076
-1.0
19.1827
29.1851
-1
46.6676
37.6293
46.0711
40.0304
17.1009
49.5404
23.0244
43.0146
50.536
-1.0
18.5549
18.2615
47.3744
42.8886
36.0357
37.7033
37.3891
32.1673
30.6481
38.8365
-1.0
37.8293
-1.0
29.6973
-1
29.6268
-1.0
39.1455
38.6989
45.1675
17.1252
47.8212
40.2436
42.7103
47.7764
-1.0
-1.0
26.796
28.0593
35.4639
46.339
43.6057
30.6605
-1.0
-1.0
-1.0
43.644
43.1461
47.7117
-1.0
-1
37.6346
51.1807
41.2826
44.5046
29.4626
15.5978
-1
19.6306
48.2331
39.5734
36.3395
52.0397
44.7395
-1
35.2826
-1.0
42.4401
15.8487
36.2275
33.14
42.2256
38.4014
36.7376
32.3897
40.7073
43.3534
25.9989
-1.0
39.6587
-1.0
46.4912
34.6149
49.1859
25.3797
-1.0
21.6072
38.29
42.9213
30.1581
40.663
37.3967
40.8381
37.3107
42.484
-1.0
14.4942
-1.0
20.2413
33.8612
-1.0
-1.0
37.9787
-1.0
40.2113
35.9254
22.932
-1
35.1945
-1
42.223
51.0631
40.0575
-1.0
-1.0
18.8377
-1.0
47.5185
16.3955
30.7107
30.6177
54.1184
21.2486
-1
50.1957
9.7368
17.7504
-1.0
-1
27.3621
52.3141
-1.0
34.5864
-1.0
50.022
43.3075
51.618
-1.0
-1
-1.0
33.0678
-1.0
30.6932
30.9651
46.8077
43.1209
11.101
53.7079
-1.0
-1.0
29.6097
48.1529
45.5439
31.5745
52.3065
-1.0
36.8638
33.777
-1.0
-1.0
24.7401
-1
-1
32.5313
-1.0
27.4172
42.3256
35.3523
41.3352
26.652
-1
-1.0
49.4538
44.8938
38.3639
13.2443
41.9594
31.7563
30.3809
-1
-1.0
20.0186
-1.0
33.4294
17.3932
-1.0
27.6325
51.0687
13.7373
45.0847
38.9863
-1.0
30.8573
-1.0
-1.0
-1
18.6011
49.7198
-1
-1
32.6052
51.3523
-1
19.1543
28.7497
29.1855
42.6692
48.2166
40.9727
31.3837
26.2573
26.4168
32.045
31.261
-1.0
-1.0
52.2365
41.87
46.5942
-1.0
15.3607
-1.0
51.8924
34.5984
38.6891
27.7988
-1.0
36.3795
-1.0
-1.0
29.8256
34.5366
40.677
51.2541
-1
-1.0
-1.0
49.6265
-1.0
-1.0
39.2103
31.0654
-1.0
-1.0
47.8602
-1.0
-1
41.5935
25.126
-1.0
-1
50.186
-1.0
49.8136
32.1047
39.8676
-1.0
44.7675
28.803
12.8951
-1.0
-1.0
24.4946
19.776
36.1989
26.6113
23.8396
41.9471
-1.0
37.5789
-1.0
-1.0
45.1802
-1.0
-1.0
51.5973
39.7539
40.9348
13.6249
50.0349
49.6373
-1
30.6149
-1
14.9338
-1.0
-1
32.5861
47.2685
51.732
30.6272
36.9607
16.7171
23.207
40.4092
36.6221
-1.0
-1.0
48.9936
-1
37.8867
35.9123
28.4064
25.1182
39.2485
40.5902
-1.0
-1.0
41.875
25.5314
38.8061
-1
-1
44.7007
43.0815
-1.0
34.8878
15.6808
-1
51.7896
17.0607
42.3497
50.7139
37.9594
38.7586
47.4987
-1
19.6987
-1.0
21.4974
35.9309
46.4126
-1.0
35.5358
49.9063
-1.0
44.4798
41.2049
-1.0
-1.0
23.935
27.8871
45.3488
-1.0
27.39
-1.0
27.2027
26.1135
40.0191
43.2675
44.5903
-1.0
44.3462
51.2161
51.0338
35.8904
50.1198
-1.0
24.8537
-1
46.1768
46.4133
33.0408
10.0384
31.1853
30.9075
31.3971
24.727
-1.0
23.2547
30.3743
-1.0
44.3705
-1.0
44.0118
45.741
-1.0
41.1364
28.859
50.2246
44.731
27.3425
49.596
44.9191
42.795
22.0991
51.4593
-1
-1
48.2187
27.0615
-1.0
28.6644
34.7396
26.5742
36.607
32.4915
16.3199
33.6561
34.8641
13.4633
16.7896
46.7098
24.2575
39.9876
-1
32.7653
20.4766
36.654
-1.0
47.9422
51.8895
37.7878
27.7289
41.8991
35.3828
41.2204
32.0457
21.0963
36.6088
52.1758
49.2771
-1.0
32.3763
30.6002
46.6539
42.5435
-1.0
-1.0
35.3215
44.9622
37.4736
47.8398
26.7043
49.8159
-1
25.9652
47.8137
9.64562
-1
34.3332
49.5754
21.2809
46.1498
-1.0
37.0866
-1
46.9006
-1.0
29.8652
26.9521
-1.0
-1
20.1862
-1.0
42.9539
-1
-1.0
-1
29.8022
42.3622
-1
42.6375
45.4774
-1.0
48.2854
35.6025
25.4823
48.9578
39.2087
49.0719
46.9862
45.9371
53.1523
38.7591
50.3357
47.0311
-1
50.0786
48.245
43.2389
-1
44.5394
23.0366
-1.0
35.5593
9.30358
39.016
32.209
32.7686
21.2319
51.5557
-1.0
37.4536
19.3375
40.1683
52.1322
41.4299
-1.0
35.618
36.7518
36.9043
-1
23.0665
22.645
37.4234
46.2492
50.2155
-1.0
47.3409
38.7397
33.3227
44.467
40.3368
31.8758
46.6609
-1
39.4973
29.3739
48.6316
-1.0
34.7571
-1.0
14.8915
46.6951
30.0301
36.8542
52.281
49.3877
42.2916
32.6343
45.6114
-1.0
17.6731
33.8398
34.7309
41.3411
47.2522
50.5819
-1.0
44.2427
33.1134
34.1853
34.3077
-1.0
51.4333
49.549
-1.0
42.0815
41.0049
50.4488
44.5501
-1.0
48.5474
46.1873
40.6235
43.4077
18.606
48.8519
49.3321
17.7774
25.7545
-1.0
52.109
-1.0
43.5827
47.2193
-1.0
49.3253
39.0835
-1.0
41.9672
39.0081
43.3685
18.049
28.1041
50.596
52.2433
-1.0
-1.0
22.6968
44.0686
-1
-1.0
39.4913
43.2739
38.4478
-1.0
37.8653
-1.0
-1.0
48.1306
31.4649
41.9299
-1.0
41.2996
25.0651
51.6286
46.3319
26.6906
47.1225
51.3816
28.7755
35.305
51.7632
-1.0
35.3868
27.8042
-1.0
41.3587
51.7303
18.1415
50.811
24.7218
45.9555
-1.0
-1.0
38.4835
29.1699
24.4569
-1.0
3.82176
49.9174
-1.0
35.5483
46.7851
34.5184
28.7206
-1.0
-1.0
49.0177
31.0022
-1.0
29.7114
42.1886
-1.0
38.7579
22.4012
-1.0
45.4367
33.4034
44.9464
28.8256
35.2146
-1.0
46.0185
42.071
34.6759
26.9863
-1
37.69
51.4901
37.7221
13.9203
43.4229
31.3329
46.4476
47.2558
25.0787
42.1713
-1.0
18.9386
38.2815
-1.0
28.405
-1.0
14.6176
-1.0
39.1213
48.0528
21.5303
39.8518
-1.0
-1.0
-1.0
-1.0
33.6967
18.7459
-1.0
47.3811
-1.0
34.0533
32.9799
42.719
35.1834
21.7805
39.9672
43.1274
40.0231
49.3226
48.2968
32.8344
41.2674
43.6677
-1.0
38.504
43.4819
-1.0
31.6421
28.3572
-1.0
14.2581
40.4595
45.7992
-1.0
32.0501
23.4211
24.4786
-1.0
44.2989
48.5332
-1
26.1157
39.6007
-1.0
33.2727
-1.0
28.9039
-1
-1
40.5349
-1
48.6902
45.1843
30.1052
32.2835
-1
50.1877
-1
-1
32.5631
38.6724
25.8428
42.9028
23.2777
50.2137
-1
43.5898
-1.0
47.5733
-1.0
30.1881
17.2945
46.9469
34.3491
-1
42.5734
46.1979
48.1162
-1
25.4979
34.5217
38.4035
44.169
34.6526
36.7275
44.8172
34.9778
45.1254
-1.0
40.1792
-1.0
28.3885
26.3304
23.5333
-1.0
-1
-1
51.5402
28.0352
23.4357
40.4451
39.449
-1.0
40.6257
38.8827
-1
-1.0
-1.0
-1
44.6472
49.7459
-1.0
-1.0
34.281
51.2197
24.1663
-1
-1.0
21.6187
43.9906
-1
49.1909
52.1514
45.0047
30.5196
-1.0
53.7677
38.6087
-1
27.8426
-1.0
33.486
42.1282
-1
37.0738
32.334
-1
-1.0
37.4195
-1.0
30.9039
35.8311
38.2256
28.2651
34.3665
39.9615
46.8764
49.7305
44.2332
45.0653
38.2359
-1.0
-1
47.1629
31.4477
47.9846
30.5876
46.9523
40.8874
38.9033
-1.0
37.2666
48.4706
41.4353
46.6892
41.3077
40.3805
-1.0
-1.0
25.4227
50.4524
-1
36.5458
35.8463
52.3064
39.3973
49.3208
52.2484
-1
41.0285
30.9199
32.8093
-1
39.6643
-1
-1.0
51.9279
18.129
44.4035
48.8401
-1.0
26.0947
49.4507
-1.0
43.6113
44.4911
-1
40.1107
39.2816
-1.0
43.2959
38.0723
49.067
30.3655
35.6978
32.7857
49.5793
35.657
-1.0
-1
34.0991
33.2021
46.2909
17.3134
40.3499
31.7962
40.2865
49.2972
-1.0
-1.0
-1.0
50.3413
12.6885
-1.0
42.139
46.37
-1
41.215
40.7026
44.3098
37.9954
-1
-1
33.3325
21.0661
37.2815
40.4672
36.3965
48.7334
-1.0
-1.0
27.4231
36.6506
-1
39.3374
34.9838
39.3407
50.8685
14.7736
41.9628
-1.0
13.3268
48.9429
-1.0
45.5042
-1
47.4031
-1.0
26.2587
-1.0
39.962
25.857
-1.0
36.7873
23.2319
20.8926
36.6534
36.2874
28.2127
-1.0
36.3675
36.4117
-1.0
39.7519
25.5549
34.2341
25.0508
8.39457
47.5751
20.2526
-1.0
-1.0
40.5753
-1.0
17.1904
29.5493
34.1006
39.9546
51.0976
21.1226
34.9864
11.1577
38.7222
46.0109
-1.0
42.4788
-1.0
-1.0
44.4584
39.7785
-1.0
40.1226
37.0771
16.4159
39.3765
-1
-1
29.7716
47.5261
43.7341
42.648
50.6618
36.7947
50.018
-1.0
-1
32.9163
22.9011
34.1523
-1.0
-1
43.0683
35.3934
48.5914
44.3751
18.9784
27.7004
33.446
46.2446
50.5368
51.5375
-1.0
52.0605
43.7474
33.8051
33.9336
-1
-1
-1.0
-1.0
-1
51.2289
-1
-1.0
36.0163
15.2408
42.064
10.666
32.6474
27.0297
29.7445
-1
17.9757
-1
21.5598
-1.0
-1
34.5892
34.612
19.542
-1
37.1926
26.5314
39.573
-1
40.1129
-1.0
-1.0
-1.0
51.3978
42.5025
20.0767
9.00662
-1.0
50.1626
-1.0
42.8032
22.5626
-1
22.5894
15.1587
33.1803
22.3223
-1
15.1759
47.2579
17.8836
20.1698
47.3864
27.8559
38.2785
30.8586
40.7852
52.2131
46.1353
32.1333
22.5088
41.4186
40.9816
-1
-1.0
27.2139
12.7325
17.2871
-1.0
35.1391
-1.0
-1.0
22.9873
-1.0
-1.0
25.6493
39.589
18.0628
32.025
-1
-1.0
21.0718
38.6509
-1.0
49.1516
23.1261
-1
45.6721
31.0563
-1
49.8361
36.8888
-1
45.8271
35.1155
42.8578
47.7943
-1
48.4507
47.6773
-1
49.6437
-1.0
42.2465
23.6208
17.5459
45.972
49.7696
37.7348
49.143
49.6181
36.7625
-1
43.7232
42.3874
-1.0
-1
14.7268
40.728
20.6838
20.1325
27.6497
37.399
38.8397
-1
31.336
-1.0
-1.0
-1.0
48.9066
-1.0
-1
-1.0
-1.0
44.0835
15.2462
42.243
51.0138
37.4546
46.4037
50.4393
-1.0
35.8001
43.3838
39.8766
43.7147
47.4702
-1.0
51.2279
27.3372
-1.0
-1.0
48.5987
42.6583
24.6807
32.0007
46.0331
15.6716
-1.0
43.3503
36.2532
39.3844
28.3943
24.9611
-1.0
22.6527
43.8451
28.5613
-1
28.9817
-1
7.06855
37.2935
45.2515
35.8667
50.853
54.5606
39.7223
19.245
-1
32.6571
44.6085
17.7905
48.0493
-1
15.5783
36.2949
13.2977
-1.0
34.7863
-1.0
-1.0
-1
32.0795
-1.0
52.2093
39.2021
48.1069
42.7213
-1
22.0487
-1.0
32.424
-1.0
43.038
-1.0
37.0768
-1.0
34.4434
25.6568
47.791
-1
42.2703
38.7043
43.3869
-1
49.8361
-1.0
45.4367
50.6505
36.6458
50.8775
32.6255
46.1747
35.3111
-1
-1
38.1479
46.8443
43.4991
49.6173
45.5982
49.236
13.7425
-1.0
24.6531
20.7095
-1.0
29.6267
36.8766
35.8678
21.6535
49.0069
20.6439
-1.0
46.93
49.5245
37.4353
41.4781
44.7444
-1
41.1896
-1.0
34.925
-1
32.3123
30.2451
41.0707
45.1245
23.0544
36.7674
50.1201
-1.0
44.9213
34.577
-1
24.818
47.2816
-1.0
44.3583
17.3345
47.7965
30.2257
50.6275
40.9407
-1
51.218
46.4303
24.3584
38.0312
27.2755
-1
46.2833
-1.0
33.43
25.1188
-1.0
42.6148
51.9204
-1.0
21.5026
13.0217
-1
-1.0
51.9719
16.5463
49.4321
-1
34.3097
46.4784
41.8871
54.0968
47.5901
-1.0
-1.0
46.7375
29.0085
30.5314
36.4441
-1.0
45.5048
45.5517
-1
42.4178
42.6716
-1.0
32.8664
-1.0
-1
-1.0
23.2098
51.5456
24.6554
50.7838
-1.0
47.2607
51.7397
18.7959
27.7602
44.4921
17.6418
-1
-1.0
-1.0
51.7188
-1
-1
32.1264
33.3499
44.208
-1
34.1328
23.2018
-1.0
-1
49.7822
18.3005
47.4691
31.3975
50.7368
34.0424
29.7926
-1.0
39.609
-1.0
28.3008
-1.0
-1.0
43.822
51.3507
-1.0
23.8664
49.3315
44.0709
-1.0
-1
23.9026
42.8783
24.949
38.6814
-1.0
47.7273
13.7807
41.9685
32.9608
-1
31.8129
31.5194
22.047
-1.0
-1.0
32.9698
36.5707
-1.0
18.3623
52.5372
-1
40.2064
39.1228
-1.0
43.423
42.2181
-1.0
47.4044
39.2929
18.1381
38.6314
-1
41.0743
-1
-1
41.3871
-1.0
44.6753
-1.0
26.1109
42.0275
48.2741
20.6941
-1
44.1499
33.3128
36.9814
-1.0
31.8041
39.2765
39.4752
-1.0
-1
-1
34.4216
41.0711
-1
25.4601
43.3064
-1
-1.0
38.3118
28.4427
43.7086
-1.0
43.8967
29.2836
41.9632
49.2137
27.2859
49.4103
20.3163
-1.0
51.269
48.81
41.1195
38.3696
26.6196
42.1474
-1
-1.0
-1
-1
41.9557
29.928
40.0043
34.1784
37.702
-1.0
35.8832
25.8961
41.2421
52.1995
-1.0
42.3506
-1.0
42.6781
34.6025
27.5682
-1.0
33.7898
-1.0
52.2704
17.732
23.6844
44.732
44.5817
52.2208
36.9567
46.8688
43.2932
46.9114
-1
13.7811
50.5005
51.3102
30.3698
-1.0
45.0398
-1.0
22.4156
39.0702
13.5131
-1.0
-1.0
47.5278
37.0449
41.0025
-1
35.4049
-1.0
45.012
50.3486
-1.0
35.9244
46.3961
10.3949
26.6536
-1
25.6241
27.5592
28.0547
-1
-1
17.9365
34.901
25.3788
47.3811
28.8779
22.8748
-1.0
-1
23.1534
21.3093
-1.0
-1.0
-1
-1.0
37.6736
45.0255
46.0736
-1
49.9572
42.9223
40.5148
34.7587
30.3937
-1.0
44.5027
48.2361
41.5951
12.8886
-1.0
38.6231
32.9964
34.5417
47.5722
40.87
42.6464
41.1541
38.4142
-1
35.251
-1
31.0213
-1.0
-1.0
27.5148
