36.2317
84.4592
236.252
35.5278
84.0706
-155.624
-60.3992
-287.369
137.064
-43.7045
302.939
10.895
-238.804
51.4107
148.258
9.65229
52.75
-123.664
10.3203
28.8505
72.3609
55.2301
336.265
-61.9313
-156.009
156.222
56.4559
157.244
-98.1494
-23.0871
193.758
-90.6103
20.5421
58.086
-62.8813
-104.299
-31.8567
31.7771
-25.4607
320.639
-8.75374
-342.209
257.337
-23.3378
-34.3935
56.6085
229.055
-27.4351
-123.026
60.0393
96.6075
46.7838
125.182
-17.7453
177.819
-62.6694
22.9797
-136.135
17.9188
-15.3148
171.677
52.5965
-76.8736
-114.412
35.3024
52.0032
92.8852
-58.5779
166.372
-133.132
-80.6808
-25.5922
-73.757
104.773
187.843
-56.9262
274.875
16.5072
46.5328
-203.777
-45.9179
12.3034
-58.265
39.8205
25.0888
-32.3437
-30.2299
143.096
28.2077
228.822
53.7985
32.9943
-22.8242
9.15829
79.0324
63.3242
14.4593
92.5158
103.239
-18.106
16.1915
82.4939
190.731
-28.3762
26.6087
-31.1332
54.3864
168.897
127.901
72.3838
42.3877
-53.6736
-27.3798
62.1453
203.931
13.0927
37.87
-352.202
16.1248
-324.294
-72.6502
6.26603
-84.8753
17.4384
-25.1242
94.6068
63.2365
93.4693
-79.2008
-38.0492
183.567
69.3006
-110.738
4.71639
-44.3222
9.1958
-90.8402
-11.2061
-35.2731
-10.0619
27.4741
238.469
68.4266
206.559
18.3243
53.4626
-189.107
-254.523
152.652
-53.251
53.7814
42.371
-122.69
59.6999
-65.6725
33.8808
189.382
-73.2295
107.046
34.1735
130.727
4.3091
-191.912
-38.7761
-159.934
111.452
77.3679
-89.8673
-17.7202
173.261
104.189
46.5532
19.3264
110.574
152.396
-28.2612
33.8231
13.4861
-96.854
-327.355
14.8993
21.6783
-29.2212
40.1771
251.503
92.287
49.1739
-45.7176
-14.0979
78.8499
116.842
30.9423
11.0082
-26.7208
-27.9745
36.9258
-28.8595
-67.0713
277.203
43.1074
104.51
277.85
14.8443
246.912
41.8462
61.8095
-44.769
189.471
61.7078
76.1952
-197.061
90.4587
-171.821
23.0662
40.8488
27.9512
-14.4108
212.123
-31.6057
-70.6346
58.6271
-114.932
20.2764
57.0612
304.171
11.9999
-71.1697
79.9135
22.2096
-10.0246
-272.279
-25.591
51.7887
77.6452
66.6898
80.7473
-37.5621
-30.5459
3.70647
-68.8308
39.4096
35.8146
-5.8701
-9.40038
3.1835
-40.0414
-183.888
123.75
216.386
81.185
-43.9014
-25.2163
326.047
-11.733
57.6252
34.5323
18.6551
74.2362
-21.2911
-95.9318
-47.2515
209.442
-170.796
-126.709
124.251
-73.1136
-43.2898
58.2761
56.3271
-198.267
235.727
-69.7153
60.3893
279.295
-91.6282
38.547
67.1279
38.5339
16.9134
24.6783
26.3056
-31.4387
123.239
67.7485
-56.8766
-55.1058
-169.6
35.4826
-88.2842
40.1103
245.517
36.2621
25.1653
61.8203
214.013
-186.592
-95.684
79.1488
-163.19
84.7129
94.1498
324.073
-50.3142
-12.654
-21.0104
2.01553
-15.1755
-62.2734
-19.5499
41.1376
-116.187
54.6194
-13.8046
-22.9267
-142.059
-300.903
43.8135
-308.027
63.9949
-153.266
169.443
-48.1061
8.10148
147.043
47.0045
20.4229
58.1624
34.4404
43.6374
18.8339
351.848
-44.4516
-179.955
145.079
-57.4999
27.513
-31.8006
-80.4555
151.004
-79.2747
9.42879
13.5877
151.945
191.265
19.1381
11.5786
142.304
-26.6756
-18.8179
35.0591
135.267
15.5895
111.118
294.671
-217.049
83.2402
28.6335
35.1221
-34.5817
-109.92
137.688
40.2677
-28.9914
8.35786
26.1644
36.148
-144.688
113.965
-58.3202
45.7551
43.4774
-11.9314
321.256
174.72
62.6406
90.8939
132.305
-60.2915
67.4585
56.7297
-64.7131
196.674
24.3806
44.5192
31.4576
132.079
-38.8209
73.6896
68.8135
16.9515
6.47705
58.742
17.198
-22.5012
-94.4634
12.75
-85.0889
-111.888
-91.6286
172.852
-48.7552
-197.733
37.658
-46.2154
57.402
46.5179
65.6072
-172.406
146.823
285.139
-125.576
6.19392
-80.942
-30.1748
201.239
49.7173
-344.321
110.509
72.7421
104.276
-160.427
-161.427
15.8745
75.3628
284.293
49.6791
106.177
-3.26777
-59.2357
7.46538
-346.378
-90.3068
127.473
-103.212
16.2736
-10.6085
293.651
232.622
199.59
-3.56266
94.2964
62.1434
-60.5573
-162.869
-205.121
58.2731
75.248
65.158
-126.285
-22.1681
-28.297
24.3738
38.8806
73.4635
-40.0133
24.9707
180.521
118.403
-19.4996
196.758
2.04866
26.546
46.8081
-28.9312
-39.8175
34.7679
206.152
-10.966
7.64411
29.1561
-219.698
57.1678
22.7961
-61.97
41.7627
20.1701
-48.1264
45.6714
35.3229
56.2918
31.4459
-310.916
101.912
106.022
128.402
34.8932
118.158
115.764
-149.809
96.5285
64.1047
51.6916
61.5584
-72.6566
32.8214
-125.093
69.9016
23.1453
60.0597
-88.0036
-52.0383
-5.83262
52.5444
205.49
7.26669
96.3282
233.734
13.5011
9.97211
-125.592
67.1999
-19.4018
132.56
-9.06866
-100.455
76.6067
23.685
-58.1925
-6.38251
118.922
-29.9043
5.65998
28.0332
4.42786
-85.4432
-66.0362
89.6471
91.8441
-151.672
5.31901
352.108
-32.0398
10.402
26.4733
36.5778
53.4539
68.4639
193.09
111.96
340.15
-81.601
-295.836
76.3774
152.197
91.9502
-118.471
280.916
-162.103
-19.8051
-63.2228
57.3229
-181.32
-116.455
34.9883
183.925
50.9829
72.4451
69.6527
46.3886
38.2219
-91.7147
-33.823
225.186
-129.111
-32.0403
353.185
-59.5138
-23.0486
-313.489
-307.435
45.0746
57.0495
52.9468
25.9704
156.878
92.5612
28.24
-31.0637
219.911
-169.549
329.866
36.7971
-141.629
58.2446
-192.533
123.628
-33.0817
-44.4878
41.0955
95.3729
-102.277
-107.56
27.8183
-18.8992
19.6142
-102.776
273.284
-74.716
-21.636
123.152
-14.4446
-95.5208
151.78
50.6331
-231.56
-78.5035
98.0142
14.512
59.7101
27.9286
60.9213
-9.85972
-38.8573
52.243
66.2268
-19.1433
29.6561
-132.28
117.715
135.585
-111.121
-122.442
42.4322
125.222
-3.76195
-19.1491
33.5479
-11.9438
215.203
222.318
-62.7634
-150.068
27.112
126.291
89.4057
29.495
118.764
-95.5453
-24.3199
28.3165
64.1132
65.0631
11.5248
24.7589
-85.0173
-49.6827
87.8277
234.734
-39.9747
-117.703
27.0496
18.2748
-317.676
36.6024
37.1874
-74.1916
186.157
-114.642
97.3893
-13.3637
-215.334
-26.1739
-6.64825
-57.7992
-34.6751
11.3484
-43.7352
18.6061
55.6731
-41.5138
-96.0395
93.0398
41.9838
13.2875
-11.9805
8.63217
94.0298
-99.4375
33.9719
-75.4887
44.5802
115.081
-14.1031
-22.7327
-43.2344
-114.327
-7.6399
129.896
-41.7889
42.8522
-291.857
122.585
-41.8254
-21.6142
-44.4764
-10.373
-36.2461
-80.4677
195.583
47.7241
105.705
-12.985
-92.9921
31.3544
41.8687
35.0474
-192.044
188.938
-228.96
16.3941
296.876
28.0465
-106.166
89.9609
100.833
-179.277
-173.7
-85.4818
-13.9673
-48.3861
27.1672
-351.518
50.9682
34.0261
-50.3437
61.5134
-19.9092
205.57
14.2537
-42.3322
-97.0521
-28.1649
41.5007
93.8483
-105.745
11.9911
140.629
84.9129
-85.2244
-40.9166
80.3751
71.8739
6.87314
180.886
-19.1355
-116.074
-21.7278
46.8227
-342.134
-26.02
-6.97246
-199.209
40.6744
127.492
149.928
-115.473
-30.3573
-268.304
146.676
9.82068
27.7874
143.554
152.71
-34.6728
21.5693
-15.2257
-127.621
-22.4471
-125.777
26.9625
47.003
-211.342
-14.9851
118.863
-202.765
-49.8834
200.305
265.43
43.2481
43.0456
-79.6287
10.927
28.0955
-126.269
19.3947
-175.077
-116.969
-18.2383
-159.265
-335.97
45.655
-117.4
85.7512
-53.1774
-46.6409
15.5713
349.172
-56.0861
-38.9126
-181.423
-90.2296
158.009
10.679
81.7384
9.06623
129.221
-79.6003
-19.606
2.94517
-43.6208
-83.267
-37.9263
230.463
123.934
88.2819
84.2195
7.39657
-194.606
26.3282
33.4438
-25.5505
-53.5482
101.552
68.0493
-140.179
-160.029
86.9092
10.5242
34.4741
25.6776
87.0602
9.25403
-147.909
16.4659
141.159
174.027
65.0439
-110.608
325.079
-125.297
5.35291
93.9768
132.74
14.2525
137.353
36.1062
-126.401
45.2239
24.6303
-25.5686
52.9443
7.70919
-60.7882
89.9815
206.609
128.384
-4.40961
-26.1417
-151.374
-187.841
49.9012
153.993
168.003
-21.4089
77.6363
88.7002
4.48461
26.0018
63.7646
60.5389
-329.89
-31.7259
-110.842
230.364
-88.3678
-21.2301
-23.2834
107.112
-45.3915
-13.8334
44.1995
27.3649
147.369
-49.6951
38.3905
8.80508
16.9343
7.81665
-19.089
61.5354
95.0532
-52.9349
18.9069
270.565
127.709
40.2086
-28.7815
55.425
-321.64
100.096
34.0188
60.6224
-96.3875
21.2818
58.3935
-7.25742
20.9021
39.7542
-157.959
-101.3
192.073
19.2557
21.6788
45.4491
143.232
27.99
321.675
-284.592
-43.9755
14.1634
-246.292
-217.587
10.5224
-157.856
-48.6501
52.2633
-132.231
-109.273
26.6438
-62.1775
131.459
43.9822
-62.2668
292.312
-18.0671
-11.6221
29.8965
11.4598
107.842
26.8948
85.5872
97.1894
-30.2595
70.3125
-80.6692
-71.5552
-137.227
93.7107
224.139
-92.0532
140.184
156.307
201.83
-243.935
-15.1108
-38.131
83.6974
-29.0975
176.658
121.547
35.5219
167.948
-218.05
72.5303
-156.927
4.38648
32.9607
179.343
208.268
201.485
25.6381
46.7317
34.6018
26.0958
313.619
-5.81989
-14.4779
39.3888
51.9996
-25.6881
-64.914
224.676
58.2594
49.1696
-19.5662
36.8711
20.8442
-64.5183
-59.8871
-195.136
84.1375
-141.467
78.349
48.6841
86.0977
-53.6353
150.242
-128.215
-7.18838
11.6371
-37.306
31.624
-40.2707
60.0466
58.4281
-22.5172
26.925
-61.1594
346.169
113.494
-94.3727
-115.024
33.6216
-74.8518
-344.197
232.239
89.9585
30.0299
101.704
-110.039
-61.2538
21.5932
-14.0231
-231.059
85.9673
-84.3973
-160.002
152.293
214.222
79.6372
54.8901
-5.08543
9.39588
-273.655
-267.165
64.2746
55.5705
145.502
115.661
30.7243
12.7729
121.535
-62.2136
-86.567
-61.6702
56.4004
44.4613
-131.87
165.918
-219.142
54.1197
-98.9195
263.703
-221.945
-98.578
48.1513
95.8211
-40.3482
120.526
68.5701
12.9199
-81.1234
53.3597
42.6607
56.6445
24.7752
-27.1411
-53.2596
-62.8082
251.501
2.31348
309.702
-67.6758
-24.5484
-97.8316
50.3648
177.436
-60.2967
92.9114
-85.9958
130.404
-47.7792
100.207
72.7114
-75.2036
-89.6568
-83.4136
-53.999
-54.419
-11.2953
-51.0891
39.9152
17.9559
-35.7292
29.1195
14.4755
50.2531
-113.1
-240.9
-132.336
17.495
-47.9669
187.368
-19.5217
25.8795
72.1003
-118.728
-24.2496
-105.507
-121.002
-191.394
-39.7509
-167.65
53.4017
56.1177
96.0418
-246.301
-71.0558
-64.1693
77.741
-75.4557
-125.866
-47.7806
39.1121
-67.5917
-139.765
-15.5113
36.5511
45.7155
197.158
-142.152
35.3693
-48.6467
-104.919
128.473
43.9592
45.8042
40.6017
4.89879
82.1601
67.3667
-58.74
177.359
22.959
182.584
104.287
-63.1501
73.4368
75.9257
-57.9362
0.228402
95.9044
24.1787
71.1365
-83.3987
334.241
14.2987
-17.8706
133.273
43.6997
-88.2606
17.7435
41.1662
266.628
16.2213
106.814
21.7779
125.979
-33.5066
157.386
142.919
40.141
84.8956
22.0463
70.5737
227.423
-6.17915
5.90492
351.992
-50.8166
-35.4046
169.044
82.1301
126.873
290.711
-52.1871
14.3032
29.8617
70.4005
56.5481
-91.7458
-12.898
97.1305
11.6444
113.971
62.7145
69.5225
39.0394
74.0594
122.265
103.903
168.977
5.05551
110.657
59.8028
199.693
60.9749
119.573
1.02664
-10.8365
63.1448
15.1381
-25.8518
-328.128
156.491
221.706
-189.285
182.384
198.822
139.001
-27.0509
21.2608
38.4586
-84.9532
51.2611
83.5913
35.1028
-100.804
67.2331
224.406
78.603
-92.2691
212.935
-99.7232
183.64
69.6392
15.6002
-128.631
57.2967
-292.207
-154.596
37.264
53.8677
291.771
35.1586
35.2971
66.9278
243.014
38.6936
68.6866
106.654
54.9743
-42.7775
-58.1185
-93.6776
-35.1481
12.2425
-184.002
7.55983
-20.223
-76.3912
-42.0761
-46.6491
-87.755
-92.3244
65.6883
-14.1188
-9.27199
-93.0053
-131.937
-88.073
-157.043
203.686
121.874
12.1321
97.5717
69.9694
-120.447
-57.263
-47.8767
17.5656
214.94
75.9726
165.227
-27.0194
336.145
-5.63879
83.9208
27.4155
38.8717
-65.2676
87.5513
-203.684
36.3104
-77.3404
44.3879
-111.319
25.7484
-97.9782
33.4654
-65.6579
22.0451
14.421
138.616
47.159
163.148
206.655
308.818
132.59
-28.0412
197.349
47.7676
232.703
26.7974
18.3495
-43.7726
-35.9618
62.2758
-223.915
-7.7469
4.39275
154.879
101.314
46.6703
47.9016
192.586
46.0483
98.826
-75.0139
-87.7214
98.0089
145.403
32.9998
17.0896
-231.656
112.48
-33.5511
42.874
-91.461
-268.116
63.4757
-131.789
50.3857
16.2757
17.1522
-35.6307
43.9796
49.184
141.089
-119.764
54.3997
-81.372
-152.655
27.26
98.0436
-37.591
235.305
-106.788
248.135
55.5784
-340.844
35.8566
64.9604
54.2612
104.396
-11.1244
121.127
63.8318
53.4434
222.239
66.403
75.4191
-100.691
42.0793
22.2005
131.48
-76.9959
-67.6315
-15.5874
23.2673
-20.714
93.5904
115.617
-13.6397
72.2143
25.8199
55.458
26.0724
62.0836
21.5545
-39.6746
-68.0853
96.7629
330.944
126.297
-3.44366
-98.1342
21.8231
-56.3078
-80.7509
221.625
30.4718
34.2649
45.2632
43.5076
305.557
-308.269
37.2505
-127.765
-132.28
-81.7195
195.592
15.7331
-5.33123
-17.2695
-20.1951
130.381
247.987
57.902
7.14475
352.057
-76.4817
31.9204
41.3872
-113.348
33.2717
85.179
8.45344
57.7458
136.255
10.5967
74.4564
13.3197
77.3582
-262.701
320.239
-133.658
29.1291
329.613
8.28473
117.918
240.866
52.4534
-88.8937
87.6078
-209.646
-81.7114
34.9762
14.7023
128.057
-10.5351
-45.491
173.683
62.6838
22.8219
47.3315
-10.4711
-14.8045
-65.6184
27.1903
-87.6286
8.11572
-115.49
105.47
-4.35657
7.30869
-47.8706
-44.533
75.5959
54.3045
67.0507
80.3906
-116.656
29.8749
-52.3531
45.486
11.3784
-12.9651
-206.389
-145.165
343.311
27.5485
129.938
-82.8992
44.8235
99.2914
76.2774
-108.316
-164.087
-45.7889
30.9177
47.3162
96.8174
11.4187
93.9954
-24.6764
226.658
-95.6154
-25.9997
25.9895
8.1729
61.713
203.982
45.813
-221.192
-34.6256
224.735
-135.373
-115.284
-300.865
24.506
19.3832
11.9621
-352.046
73.6375
-31.4829
-158.087
19.1442
30.401
36.4234
-93.3948
24.6812
73.7796
68.2761
-13.6714
-89.624
147.324
-145.978
-110.772
80.0524
97.3614
-31.9838
-6.38729
31.4232
50.691
-19.2744
9.49215
13.1966
-85.9842
120.905
36.4568
134.71
-35.9967
54.2602
74.9492
43.1016
-91.461
-10.6915
31.3189
94.7083
-61.7597
61.2239
172.781
18.227
-21.0794
154.104
116.671
-252.525
7.9828
-21.1465
-33.9403
37.3433
129.508
-88.407
-352.045
160.46
-243.324
-224.299
18.4777
29.4077
-24.45
33.333
-205.048
28.3549
161.003
-9.40997
-22.873
186.621
-247.677
-7.50571
-103.66
-87.217
160.173
106.582
-11.7508
271.712
179.831
87.2611
130.361
22.8661
327.716
10.3781
19.3543
-60.7526
103.778
118.776
57.5594
94.2587
4.20732
-2.59692
-63.8256
46.8785
42.4212
74.3127
-10.5987
-19.1106
-3.0038
60.5173
-127.695
-72.8535
-192.89
-350.435
163.93
-12.4659
130.351
47.3094
-79.5552
-161.508
244.192
27.9008
46.0518
12.0478
29.34
35.4458
-32.8413
-68.8407
-79.0118
117.595
195.659
42.4992
37.6026
-66.027
38.2059
-102.566
-30.8629
26.8558
13.5743
71.4
22.502
125.492
-31.1999
-6.69948
13.8113
227.714
-29.0297
-124.979
-5.97376
47.9478
-91.8671
-88.2834
-63.4418
-138.759
94.0552
200.312
-62.4169
35.5824
10.6271
48.2256
273.275
188.236
-59.8089
-7.41717
-236.932
83.1037
82.3672
-118.312
-336.384
84.1847
-43.8671
-60.3043
143.971
16.3684
253.059
32.879
34.0777
18.0823
-180.455
-46.018
-340.843
43.7021
-42.1843
31.0999
49.7343
-35.5658
278.002
302.53
45.0154
24.9294
-118.144
-122.325
302.525
-16.0494
-57.3527
-204.062
-135.967
32.6566
128.376
-7.36159
170.469
91.7205
-64.5153
266.071
-61.4402
-102.835
13.6625
-176.96
22.3799
101.24
265.39
-12.9863
-80.606
95.6948
134.776
190.033
28.2091
-25.7582
96.4943
13.5494
-91.3296
79.0052
8.57745
103.943
14.6538
25.7508
-233.181
169.974
-96.8012
107.929
111.725
54.1216
30.248
349.93
-136.093
-67.4346
-351.636
103.455
-190.49
86.8371
33.9363
179.942
-36.5374
42.4693
-17.3979
-232.698
95.4429
116.262
127.753
-58.9439
118.246
243.274
284.014
17.1457
235.626
44.9722
105.659
-186.229
133.078
-158.562
-99.0054
17.424
59.9983
-90.9661
36.6945
50.5477
-11.9134
-184.508
97.3476
-91.3411
-178.993
-236.393
77.445
53.8927
29.9954
105.261
-79.0693
35.156
-87.7003
128.197
89.92
36.7268
-44.86
-114.803
77.6029
13.5987
-34.8056
-179.179
20.8479
-21.5177
16.1944
-145.108
345.811
93.3909
-39.3737
39.4293
-84.9969
92.9165
10.9105
161.063
38.1641
-20.2599
97.2473
40.058
273.392
-70.7125
-94.8797
-61.0361
-3.55811
56.8508
59.748
-35.8776
-80.6732
-31.2453
109.554
-240.778
88.8976
155.565
43.5543
84.0337
53.6019
26.9629
226.409
-144.259
206.073
-9.58742
-94.1942
-16.8031
-12.2468
36.9763
344.443
57.5409
-300.409
278.722
95.459
134.965
-22.761
-338.167
30.3296
38.1993
316.02
117.96
12.7495
38.3411
1.62973
106.976
23.0277
28.8326
-193.866
-125.225
-51.756
259.344
321.262
270.086
-347.5
271.973
155.221
29.7621
86.9669
130.809
140.52
-47.2473
34.0333
29.1474
-139.086
10.2382
309.18
-15.8404
17.4822
257.647
103.714
350.757
-3.99889
-15.9425
-19.3847
36.4589
123.138
72.3372
-65.7268
46.9244
86.1019
-31.7394
33.9003
239.407
-333.286
40.967
338.034
6.67479
109.371
13.9759
-162.003
262.815
258.488
119.923
-245.002
-54.1135
31.8141
-18.7238
-121.467
74.6295
-93.0902
28.6455
82.1957
27.0188
-57.9148
28.7827
14.5741
274.183
55.1648
-46.4395
24.8374
27.7115
93.0658
107.803
-146.834
68.9919
61.491
-129.214
160.139
-294.134
62.1316
56.5606
213.058
74.2928
-155.889
-90.0063
134.792
12.0052
253.089
-36.5071
25.5764
-22.2196
8.11033
-16.3048
28.7787
13.0848
39.7424
75.1534
23.4722
-20.6285
31.1906
-149.812
210.601
5.75575
119.362
176.369
107.76
288.105
126.118
49.3199
-48.0548
18.4048
127.667
12.9205
-35.5981
12.2146
43.1053
-23.2279
-32.9832
85.0429
35.0207
7.90505
35.2498
106.444
187.946
-141.091
18.4593
2.66464
-30.4006
76.0823
87.3845
-119.132
-270.082
23.0659
-190.38
-51.0342
17.7537
141.127
72.1771
232.522
56.3622
183.575
-13.2229
337.635
-129.725
63.053
125.11
238.621
53.3475
-42.3515
343.067
35.8887
-38.8413
98.562
31.0324
298.239
9.20743
-60.5821
192.469
45.704
164.339
103.979
184.435
-243.915
42.9536
-122.472
290.669
-40.5324
33.7709
121.327
-21.3314
-9.43696
29.0711
27.1896
91.7331
-109.36
-31.3264
-68.9406
220.037
112.583
5.14928
-195.915
-20.9726
116.689
-122.853
108.019
-72.5071
137.92
-84.1884
-17.4455
-14.6496
-100.208
41.43
267.643
-112.646
-121.815
-53.2158
-93.5726
66.8047
-299.521
56.7369
67.1792
-31.6766
15.4381
-22.7261
-37.8355
49.2513
111.354
28.5323
-28.122
255.194
-50.5336
-20.8733
133.561
-29.5874
180.846
115.406
-118.505
141.713
-22.3671
-44.354
-64.0786
-49.8305
44.9453
26.0473
-84.1495
-158.458
-151.449
-54.6049
-182.717
99.2752
-43.4441
44.4426
348.027
18.158
311.828
48.7335
-33.854
-21.0399
-152.865
30.6869
-69.1636
-44.9843
-46.0051
-45.7377
79.2943
82.7313
69.1122
36.9807
92.6995
38.1847
100.232
28.0711
-16.1522
-10.5715
-148.551
49.2251
13.4707
275.461
123.366
84.94
-26.1719
75.5386
38.2401
-167.033
-85.2382
142.179
122.844
167.158
-11.7083
-18.8549
-18.0496
-16.0349
-46.3772
-58.9536
-19.8282
-15.7553
-37.8901
-36.0154
-20.9131
-17.247
52.7631
-5.15405
-7.35932
-67.633
-320.232
44.8449
-39.1884
2.31023
-222.136
-26.1683
65.0477
245.737
-85.1158
197.34
137.847
102.255
76.949
32.4305
-14.0499
72.7013
59.3351
47.1973
-23.4433
4.12712
71.7982
54.8527
129.803
51.9338
-22.7155
17.2389
15.5923
-135.642
-197.362
-179.346
5.10757
-19.235
37.8767
61.955
10.2369
131.527
338.998
63.2619
55.9085
-32.6295
77.0111
-21.3352
66.345
88.2399
28.0189
218.999
-83.7891
-98.1602
-107.829
26.8148
53.5297
77.2964
13.9629
64.2631
-58.4236
52.6387
186.709
114.249
-31.3682
-72.1556
12.5698
25.8065
-29.6059
-303.648
-41.8354
93.9517
-215.774
108.971
-21.9684
125.177
12.579
96.1802
-57.5433
167.306
-194.848
-220.012
58.4512
-23.878
24.0721
94.8624
-23.4813
-107.084
97.7106
-40.3888
229.748
27.1377
-61.4671
-12.2552
276.507
59.2717
157.16
23.7442
69.5819
39.7671
54.5554
18.5028
83.4151
17.2929
-101.208
-151.229
205.717
154.068
-95.7457
-19.7365
9.86372
-29.3046
26.5632
136.59
59.6628
-38.2125
63.3942
-41.4792
37.3889
37.0404
190.432
61.9284
109.614
17.4668
86.5936
-79.2431
54.7648
-42.5711
-280.976
28.1215
58.5877
351.358
-74.7556
21.7568
-305.145
10.4295
-36.6464
-0.427611
-251.251
-27.6144
-181.469
-43.8788
148.842
-49.1625
68.0098
208.814
-45.6679
32.7689
-97.4646
-7.30602
67.6069
-201.694
32.4718
101.922
-321.23
155.963
209.405
13.4137
32.1924
-168.4
10.526
10.6931
40.0928
27.4646
-230.152
64.5754
-173.379
-107.628
-90.5174
-106.449
107.455
-36.3167
-111.213
145.674
87.8933
-10.4264
13.1368
34.1505
6.9736
75.6612
20.4517
23.0582
139.952
-42.091
143.952
-36.2865
38.8594
-32.758
72.8038
12.9733
156.875
-42.535
-171.322
-8.83075
68.3252
5.85487
-5.94961
116.354
6.61806
-108.757
-88.2341
137.45
205.457
244.626
-47.4478
17.0878
-224.969
89.2825
18.2992
-42.3526
113.473
-58.3599
22.6906
-81.175
144.356
-32.0908
41.2302
33.9972
-12.0817
56.6918
157.498
19.0749
237.225
-60.3831
312.537
32.9522
88.4868
43.4192
15.4265
-87.2848
-165.652
-136.914
-100.407
146.358
28.0616
-53.2062
-61.5036
-42.852
-247.071
10.412
22.0176
51.7465
-134.622
-185.808
195.455
-114.194
-17.8377
139.746
86.5036
62.808
-4.6711
-43.1093
344.287
65.3532
-39.2899
147.34
-69.886
88.8033
7.34879
-73.9555
-256.86
-166.846
7.32968
182.63
-30.082
239.651
10.9361
15.5913
-84.4052
85.2767
96.2963
-46.0413
76.9312
-112.037
13.3645
111.475
25.5563
-150.783
-30.3516
-188.886
-74.0316
-41.3672
-6.65632
-9.60359
184.173
174.184
-39.7553
16.5621
57.7701
-83.2619
-164.917
-78.6047
16.7524
-170.805
-269.166
14.8905
43.6506
-34.2641
43.9488
-58.952
344.215
36.3211
14.5368
128.342
5.74221
-71.2015
-95.195
-52.629
81.5443
-70.8813
-15.9137
99.8788
1.66095
160.632
-34.4096
-131.801
18.1252
-190.262
-131.568
163.914
-353.037
136.891
-42.8388
26.4304
-145.968
57.7661
37.9225
-9.06214
4.16252
81.5713
7.71739
-129.262
117.869
130.492
79.1754
-15.5871
30.2429
-79.4299
-36.9292
62.933
-322.051
86.3251
32.7698
86.905
78.4705
-95.9806
-303.385
-282.56
31.3374
-23.3964
53.6303
34.9449
45.4037
-50.3442
84.2326
-16.7094
11.84
7.99941
-136.233
298.831
6.11239
30.6744
-11.8369
40.9168
-5.08103
301.147
74.6807
-47.2409
52.9556
-174.9
24.0741
214.814
-9.77638
-150.052
91.1341
30.2793
167.942
-10.1439
144.017
81.5636
85.868
39.9825
-81.9819
-6.52629
219.019
32.7983
-48.366
90.9641
9.29837
-82.384
-42.7149
61.1595
23.4677
-80.1437
171.783
206.956
-71.2756
43.5699
-142.418
41.7017
168.68
-98.0866
31.0693
7.81619
26.5743
-54.0933
-17.8698
208.759
-133.091
254.557
-64.4206
-25.2883
21.9513
-101.699
137.75
13.7999
12.123
25.4805
189.233
-92.5877
36.9451
-133.854
-116.385
-41.37
60.9662
267.639
-11.2224
20.248
138.816
-309.173
164.426
-33.337
-19.413
29.9933
-33.976
139.678
84.7115
113.072
-124.75
140.614
180.901
-194.553
31.5879
-142.631
189.697
25.3108
-84.9777
-61
-109.096
-59.3931
49.157
-171.353
-52.4584
-4.95842
67.5313
-12.5407
20.619
2.88594
-71.7103
103.724
-233.799
12.0641
19.6694
85.677
-352.296
104.868
93.6169
73.1394
96.5004
62.0468
-123.442
-13.6297
-38.9809
-162.561
19.7296
145.466
-6.50671
-104.427
147.208
157.795
52.2827
42.8818
84.6562
29.0113
18.8316
30.3032
-44.2808
79.1691
-91.7122
56.9168
-212.14
-62.9055
181.889
162.33
-17.2302
-93.3051
101.767
-182.505
31.3078
20.1099
-64.9865
-15.4363
60.9881
-12.107
163.319
62.2084
31.3797
38.701
12.0365
103.382
271.863
42.898
134.045
-143.688
29.339
62.005
-45.3358
94.9021
160.749
21.279
255.887
-84.6893
-213.543
-36.842
12.9942
115.707
125.132
35.6883
10.5008
17.4472
99.3489
44.5402
-101.856
10.8272
-12.0795
-148.687
39.9737
-118.755
-43.5235
-139.03
28.3355
217.35
70.0135
81.3389
135.055
151.702
19.1938
28.82
29.8671
13.24
19.5448
61.8924
7.62335
56.2914
53.3552
-257.235
45.3867
30.8022
3.38605
9.94045
157.821
219.052
70.2069
-10.3386
-35.2546
55.3245
293.35
29.8725
-211.344
-14.0996
-121.65
-6.70585
52.5752
29.3907
-304.86
51.7787
39.6574
-26.2886
-50.468
-243.232
18.9636
-333.359
36.5925
-24.4789
322.346
-23.9657
32.1535
22.1859
-64.6079
12.4999
-46.1034
242.619
26.9917
-19.5337
29.3632
88.3823
185.872
37.5823
-5.19045
-124.849
-63.574
-47.0878
-80.3185
24.5526
346.946
-17.6086
4.10725
-231.608
43.9957
23.3554
8.54178
68.3568
-22.9694
83.3359
-21.8566
-42.3117
-24.274
6.22804
-49.0237
113.547
-181.674
29.1863
-81.5394
-254.942
94.5583
68.972
-130.064
-119.445
-19.5922
32.3976
-337.382
189.391
48.7003
99.141
10.1389
202.053
-37.2614
-21.1579
-288.537
49.9884
10.8395
44.2128
-346.394
-120.582
-37.3668
-118.466
42.8812
129.294
57.3436
112.525
58.2509
54.8691
-7.93833
-13.5957
55.4563
-60.9162
196.231
-210.132
39.4116
8.25188
-104.902
55.6642
192.064
-143.325
5.66151
-203.592
59.0558
42.7891
20.4528
-94.1182
297.909
100.125
79.3812
84.6087
189.175
188.396
-23.7656
27.7088
-203.54
96.1424
236.19
61.5684
-138.374
64.3315
-173.105
72.3314
-66.0775
-15.5737
51.2199
205.546
-62.4029
-34.3413
-80.9939
21.5871
-6.77337
-78.0885
37.6631
-127.925
-44.6707
11.3258
121.513
19.1523
55.3794
11.8634
142.385
102.617
18.1938
-28.9626
-24.3178
97.7661
171.177
-131.685
100.711
72.2494
100.872
34.3405
9.77775
14.2692
-54.8365
43.4371
-20.7481
-13.2908
41.7411
28.876
-271.443
-67.9996
12.4197
-75.1301
-57.2786
9.76933
38.2952
-21.9001
-12.2583
132.081
63.7059
92.9196
13.9016
-78.2639
123.932
56.0755
82.3115
40.3942
213.42
34.7222
27.4964
8.17908
68.7692
-158.352
96.2161
-258.55
14.0782
72.0252
7.14779
69.2982
-20.2163
136.48
17.3079
225.086
44.8208
23.0329
184.779
24.508
-94.5008
-9.94283
118.351
-164.45
-87.4497
113.732
-100.013
-82.7505
-73.1759
41.2687
-16.1585
-32.1646
103.662
317.003
33.8144
32.3702
165.828
-87.5863
250.744
32.3832
38.5455
15.6934
-80.5877
0.844931
29.9126
133.137
15.9285
-6.53447
-30.1749
26.1617
79.7478
-43.8645
34.6526
10.0152
130.378
104.649
-240.399
56.7981
144.896
23.376
-14.4146
215.581
-315.266
333.808
65.9446
-23.8664
62.3597
118.802
266.852
29.3004
75.8682
99.4342
232.652
-21.252
226.348
-26.7672
35.9843
47.7449
-29.5645
16.658
15.9308
-66.3159
55.6031
19.0347
-102.584
-75.8211
28.7164
46.7693
244.733
-33.6809
-90.2987
99.0793
-102.462
34.5627
12.2599
-115.894
239.074
-203.872
79.7448
-265.381
-33.4641
-25.037
100.124
-39.003
38.1916
-36.7552
-73.5476
32.8581
-24.2387
102.756
115.481
-26.3238
-178.699
221.377
209.131
70.8324
67.13
122.959
0.344962
44.5961
-86.6089
24.9549
89.748
-17.4313
260.586
-317.013
4.94816
19.8758
-10.9433
-40.2272
40.5546
202.909
-3.40262
236.56
-52.141
36.3751
15.5535
-32.1907
-195.919
222.052
68.8233
11.0502
-152.621
124.61
-25.5123
-196.215
26.4553
-247.37
31.249
88.8949
12.0754
127.611
139.281
-25.1687
-255.88
-69.8913
-109.692
-64.4829
-104.248
193.03
335.837
119.099
221.445
210.273
-107.689
11.1553
-66.0455
148.121
-16.1467
-76.8246
89.122
98.8039
65.3819
27.1629
28.3817
55.2973
287.29
-33.9341
-99.0984
7.39362
-194.733
23.2058
-84.1635
-38.9391
60.8089
52.0358
79.4979
14.915
37.1678
99.2355
-68.1692
35.5364
-59.6234
115.258
27.392
100.164
15.3753
-19.829
131.308
95.3242
58.4571
-20.91
10.3543
25.0627
104.387
67.1673
177.602
-83.1408
76.4722
100.008
100.056
32.0404
44.5245
-14.4398
52.6922
-59.3127
178.294
-159.052
80.9827
160.074
-21.3535
47.6114
-88.8722
-30.9563
99.4036
180.6
306.024
166.786
-119.253
-90.7069
10.394
-8.00929
201.982
-105.865
-117.904
-258.016
-85.8124
47.8583
294.123
125.886
-48.7762
34.6619
-17.3256
-35.0016
98.4295
-48.6662
34.3305
31.9705
117.907
62.0534
116.945
22.3157
-5.24734
68.1345
28.8642
-42.8551
-35.9844
278.74
21.4288
96.3464
74.4848
5.04373
-232.077
110.252
-7.41776
5.57232
-31.7442
19.0282
72.0218
26.0358
-184.719
-52.6296
26.5548
-27.5196
82.9578
196.259
91.6761
-11.3167
53.0007
171.251
113.412
38.6734
-145.96
64.1068
184.707
9.16216
68.6111
100.98
14.4099
-254.616
277.112
8.76891
24.9572
20.8501
329.772
55.7473
62.7295
13.1298
55.6739
156.726
13.2774
-233.884
-222.768
-20.6605
-11.9686
-73.364
-100.175
-90.663
154.898
36.8217
4.8866
-143.555
157.817
32.1971
31.0038
100.061
-187.104
47.8066
-269.441
28.5824
25.2398
257.88
20.6913
-78.6507
140.377
-19.9492
28.9325
147.489
112.887
-152.108
11.8836
62.5361
325.806
-17.3182
-148.309
87.5237
4.35678
65.9458
11.4431
44.9665
36.9462
68.0216
-46.0087
-114.45
71.5084
-72.4691
112.332
-41.7511
234.817
-11.2636
-32.1525
-170.22
179.611
-224.467
-47.9012
-11.449
-18.5021
86.9211
-311.354
327.013
86.9719
-33.7142
18.2556
-11.7064
34.4184
-221.896
-76.4078
93.5477
224.198
-89.3513
67.3584
8.85689
182.221
-74.2163
62.835
85.4605
-27.1823
67.2927
171.279
42.0128
28.3449
38.889
-60.0463
5.7471
109.373
79.3504
17.1355
25.3187
120.977
93.7848
116.381
5.71401
109.767
147.487
54.2034
352.252
-79.7795
19.5674
42.7858
18.5702
19.6524
-98.5077
24.0239
143.798
-72.996
-33.669
-27.0547
81.3143
68.9323
-17.4748
181.935
32.3316
-83.942
300.624
-71.0064
113.743
40.8525
7.71984
28.5649
27.6947
-86.5784
12.4862
56.1519
-2.78536
17.8537
-88.6704
-11.3498
-114.536
-197.961
64.7843
87.644
67.6858
-351.336
154.069
-22.7867
-51.7809
120.201
-67.3682
24.1791
-15.1827
147.06
22.1645
50.058
22.2956
29.4085
201.49
-77.2922
115.708
9.7912
33.7884
106.882
15.5401
124.889
10.4412
47.1691
36.881
-9.37556
24.7778
124.152
14.5053
49.9612
178.629
50.6999
36.6686
-206.619
-86.6418
68.691
53.5657
-44.196
-50.2159
-89.4276
-12.8211
85.7749
59.4582
106.306
-55.3178
-130.255
161.548
-37.8226
42.7429
90.9229
-3.65146
65.4802
131.119
147.075
63.3439
-10.364
67.9945
88.6454
236.594
166.663
-11.908
-12.5905
-26.9642
-19.0226
38.8976
86.728
-55.5174
-91.1073
102.788
-14.1276
-28.1893
-71.7247
57.0023
74.4562
-32.4496
75.7892
245.824
28.1636
85.6372
51.8771
177.477
-66.129
-352.115
51.7447
7.34846
-96.0227
-209.425
-354.226
7.69407
139.524
71.7317
158.201
53.4738
-295.947
-132.926
65.2837
60.0911
275.72
-109.18
64.1111
-97.5899
-143.452
307.256
352.267
61.1444
-89.7966
236.771
77.4975
9.92481
-24.4145
-53.9543
-189.988
167.183
150.396
45.1372
-26.6082
-14.4746
162.406
149.305
-127.449
-33.1376
253.138
40.0793
-349.297
-87.2354
137.956
351.534
-63.1169
25.9326
-83.3433
-55.8555
82.7507
30.5699
-156.506
198.884
-94.5985
97.6761
67.3303
64.694
100.885
21.2059
264.83
68.8095
51.8893
342.707
255.469
-69.2708
67.8089
351.161
28.8184
-85.1771
-164.506
147.027
13.5358
-174.902
-85.1219
109.91
77.7974
19.428
37.8531
-174.246
-29.7328
-104.292
16.2697
-13.8297
-317.169
163.158
25.8028
72.4242
88.3834
44.2716
-183.41
77.8347
-82.9398
14.8578
-5.29445
141.876
-224.157
10.7493
8.55707
-216.853
136.028
40.5603
35.5993
-211.848
-50.8902
-109.15
28.1233
3.65656
-14.5475
4.41297
156.874
146.614
4.06947
-41.9593
7.53731
-337.64
68.1344
105.383
-69.2613
148.706
12.5184
177.561
-47.4907
145.997
303.224
121.912
-102.008
118.001
-15.7719
14.4059
13.3683
-32.8456
182.996
175.227
-232.125
334.208
268.669
75.2095
21.8112
46.436
-113.587
-220.544
-157.586
-41.8782
189.1
-54.9812
101.341
26.3193
-83.5447
206.013
93.6738
98.6288
10.7925
34.1162
70.6339
89.6051
150.512
-73.969
-76.6998
23.9165
300.401
64.7738
-290.005
-7.77801
47.0639
-67.1352
-312.167
173.918
59.5038
31.3713
-9.10915
-27.0372
11.8148
-345.855
100.792
-275.469
-254.369
7.84915
144.487
-145.067
-18.9042
100.989
-319.574
26.6884
-138.897
-15.2719
-32.8165
-174.689
52.5256
-31.609
-150.734
32.6112
115.453
164.138
-351.999
-251.329
-23.4286
62.1283
115.084
129.606
101.698
54.8055
86.649
212.351
-113.469
226.273
70.8103
33.7234
5.91043
243.024
-14.926
27.901
-74.3028
18.9008
-160.855
219.72
49.0188
41.6452
-25.6333
-16.3952
53.8532
21.1976
16.318
2.0816
-66.5844
343.603
-35.7086
153.297
-111.322
110.456
226.451
62.7187
209.892
21.1097
31.1983
79.4787
-79.5632
58.2479
-232.51
-73.4029
44.175
-72.9232
-239.209
107.994
57.7594
-50.3073
135.017
-80.4086
151.395
-94.6265
63.2749
-71.2326
-258.965
3.86063
-82.7987
46.646
-49.1461
-68.6817
-81.0874
327.679
13.2085
88.1502
-212.735
114.984
52.9352
23.1658
24.0354
110.448
101.74
16.7836
50.4078
38.6044
16.4338
-330.058
-188.968
59.8007
67.6265
76.098
-94.6166
58.3386
-30.0908
15.145
-134.229
-27.2145
60.1629
55.6983
37.7946
19.6119
130.714
-221.08
-87.5587
-347.167
7.1357
-14.3285
325.843
50.1509
104.098
7.5453
3.05791
54.0051
48.0227
40.9546
28.6282
234.637
186.28
-192.689
73.2528
-228.372
-31.1389
19.0819
11.4167
-61.0333
14.5895
-109.894
17.0512
106.356
-85.779
218.628
-9.94044
-343.128
-95.6221
-128.24
32.3016
137.993
140.558
-94.8458
-15.859
76.1808
18.3961
22.1707
-47.8058
6.56979
285.888
-149.871
-168.044
15.9785
35.7006
-48.8164
-207.799
13.3471
25.177
-105.399
16.7326
-156.643
-180.383
122.258
56.6719
-10.3675
48.6254
25.3856
34.1637
29.2977
-331.929
-11.7861
48.4517
-145.353
18.1487
-105.37
167.125
23.0531
-305.259
104.147
321.756
109.406
187.788
55.3208
-131.832
-73.8159
188.081
12.713
85.2866
-38.9576
25.6856
-67.7114
-61.7767
122.802
162.669
118.429
85.2199
9.59683
24.5448
60.0997
-105.561
36.0953
346.846
-40.2385
5.33079
106.065
-168.032
101.803
67.3172
156.202
206.721
-90.6467
28.0117
86.8971
178.768
-126.826
22.0722
74.0299
-124.194
-177.024
107.706
30.9207
-58.3172
-313.533
-174.571
-28.5401
64.9909
-9.84476
201.146
64.2881
26.2963
98.5962
-34.326
-129.893
-174.614
232.329
-15.6548
14.6293
6.98249
55.4758
-15.0375
108.349
138.839
125.17
-44.8335
223.73
-55.0997
80.665
-11.8991
71.1358
-107.487
199.568
10.5171
-254.67
108.572
-49.7213
-13.8199
18.6061
-9.55676
37.7228
-96.7029
-49.1905
-10.6596
36.7092
19.0828
-111.853
53.25
10.1547
-108.428
-71.0206
240.92
22.7792
35.8644
96.2787
22.1111
73.889
-219.198
-72.1604
-9.53508
109.748
-4.99054
52.3203
-21.5605
79.3084
-58.5792
-147.536
118.293
-71.9376
-141.98
-129.13
152.64
-62.0824
321.774
-122.732
-17.6504
-18.7812
18.958
116.387
-46.192
-98.5675
176.16
-51.8391
30.7818
24.4786
114.473
-193.734
342.193
30.9989
25.3263
-50.9465
-26.5115
43.6391
11.8866
-86.8237
157.503
60.2231
135.983
35.8996
238.645
-333.477
28.6942
-35.7353
17.2117
115.276
-47.6806
92.2326
79.126
30.2408
-15.6977
17.2427
37.0605
221.099
-88.5935
-216.721
40.2558
93.0085
138.882
118.965
16.3219
96.5754
203.487
104.441
63.3112
-99.0863
124.488
129.227
71.4591
201.484
-28.576
24.9129
235.498
-55.5659
26.7217
-29.3666
122.223
85.1709
38.9977
17.4756
83.4184
189.42
-70.4034
-63.3293
-20.1496
-31.0586
-184.98
101.092
13.0165
55.2018
19.7478
-60.5591
86.664
137.707
140.758
26.95
177.108
8.82842
83.7215
100.496
71.1434
-30.9688
86.4323
-190.669
68.1464
41.4188
-244.936
20.9028
105.033
-71.2764
26.3749
118.31
193.036
54.7812
83.8311
77.4408
-234.518
22.2146
153.732
-25.6217
-21.2969
-33.8793
98.5789
156.167
52.7923
-20.211
263.317
-76.0404
-102.723
86.7516
-50.194
190.298
93.1622
-41.2092
-48.3031
-87.2389
62.6528
41.8548
-6.61128
-44.509
92.637
-20.0012
43.2342
-68.6862
-308.138
325.436
-39.8055
-58.4469
73.4628
55.4093
53.1676
-44.8758
40.4321
-17.5715
58.8125
69.2724
-95.4252
-50.1595
-49.6689
-24.4531
-93.901
51.364
-77.744
12.7442
169.087
-16.4604
-96.8104
217.031
95.369
9.40973
-6.243
33.307
199.337
-31.6997
9.75289
-31.2255
12.4694
-27.2509
190.335
310.074
-66.3129
92.3331
-25.3286
11.2402
156.118
-38.6158
67.2046
46.0139
14.5258
-27.3569
118.992
147.058
67.8341
-148.091
15.7394
34.9706
106.375
-27.5799
192.93
-46.7116
48.548
-46.5212
67.6933
65.1562
-6.49133
234.902
-121.456
112.548
134.965
16.1487
94.9525
27.7983
351.333
-199.115
53.1989
18.2336
15.7036
-192.153
-232.009
-42.2144
-85.3449
-10.9415
49.8646
-63.0685
33.0242
-83.2767
185.454
38.6382
207.39
30.2757
85.3459
-8.78095
9.00353
-23.3753
96.9638
8.63814
24.1919
-78.7094
36.2163
73.6476
10.377
-43.8356
195.609
56.0788
152.291
-70.2502
-111.132
-7.21204
31.7926
326.392
42.8686
-174.885
-156.311
73.379
49.2823
21.3813
179.371
28.7773
-19.9758
72.0854
180.114
-77.8526
36.5087
41.3924
13.6163
223.182
45.9143
-146.016
34.0467
18.3186
-78.5371
80.8042
45.3946
37.588
328.643
54.8404
-53.3245
40.4369
80.3875
-18.0172
-68.8115
46.2483
-54.2293
190.25
-165.979
9.09886
224.961
-52.395
114.999
-52.5185
-7.60386
-14.8745
-104.376
54.3149
-219.987
35.5406
67.6201
-67.582
120.59
71.6462
-111.33
-47.3374
73.0661
302.178
31.3998
37.3502
-67.6263
-134.479
-26.8567
136.186
19.5966
27.4142
-120.619
-6.64459
66.3904
-169.482
-161.865
-209.049
12.0318
-175.225
-34.0209
-59.5387
-19.5494
-31.2602
-13.1696
7.76246
37.7214
74.6713
240.506
49.2444
12.3259
-22.1673
-37.1255
-25.3654
73.3065
-82.6269
14.4179
24.0055
-261.18
13.3804
-5.18397
6.22347
-110.195
18.1526
-64.2773
27.3375
-71.3093
-53.6243
-28.6922
-2.57438
9.21977
118.983
18.346
-76.5727
-49.8199
-30.242
74.9823
-128.448
62.4543
-65.8085
8.1296
57.5323
-91.3736
-160.205
35.7548
68.0446
-112.951
141.63
46.2191
86.4981
31.4159
61.856
-40.4238
13.921
152.522
-56.6983
-293.935
-7.51955
-81.7946
16.2517
-68.6585
63.0048
152.134
-59.4188
54.2269
-126.82
86.6188
-97.5613
279.788
-41.1574
-53.774
23.9328
122.288
-81.8039
-40.7216
-43.6593
-43.1615
157.683
2.31946
94.2551
-57.4362
26.5167
70.6941
-8.98624
47.3153
-69.282
-188.88
67.3472
-37.7008
-17.7294
33.4359
-132.481
76.238
87.4931
7.49997
-67.8125
53.5756
78.5308
-56.9346
-205.463
-33.0959
13.7915
33.6343
149.516
75.4664
16.2086
6.04212
62.7492
14.1646
230.712
-67.0696
-45.4658
-120.82
154.867
18.2119
149.176
-325.7
21.9853
134.482
52.6824
84.4253
118.857
-142.826
-343.452
20.5382
-65.5389
29.0086
-205.52
184.814
53.1092
-22.0262
-86.2811
31.4368
-209.739
51.9928
-242.65
48.7744
23.5742
-88.8535
-66.7225
9.08311
-30.361
34.4267
43.0274
120.142
16.2728
-11.4356
-119.28
-234.013
21.5238
-41.1534
-210.906
24.5631
331.833
104.136
39.4038
101.897
-135.874
-22.117
86.8751
-95.4148
-20.1979
-13.709
56.8773
-99.7838
99.5321
-7.28173
49.8538
-49.3657
