1
1
505
548
51
55
573
590
647
64
688
696
701
740
741
742
840
845
845
846
887
923
925
925
958
958
991
1008
1010
1032
1045
102
105
1096
106
110
110
1139
1140
1140
114
1184
1206
1217
1218
1223
1238
1240
1287
1289
1290
1290
1297
1300
1304
1325
1351
1353
1358
1371
1373
1391
1392
1400
1433
1433
143
1487
151
1557
1564
1565
1591
1592
1663
1666
1762
1776
1810
1826
1828
1837
1838
1841
1847
1850
1858
1883
1884
1899
1919
1989
2036
2047
2052
2054
2059
2079
2079
2139
2144
2157
2157
2168
2186
2200
2201
2217
2225
2231
2281
2282
2290
2309
2330
2331
2333
2336
2339
2340
231
234
2360
2367
2368
2391
2391
2393
239
2401
2402
2409
2426
2429
2446
2481
2483
2485
2517
2521
2521
2543
2586
2586
2588
2590
2608
2609
2610
2611
2637
2648
2668
2670
2677
2678
2680
2700
269
2720
2744
2765
2785
2802
2811
2812
2813
2826
2829
2864
2894
2901
2905
2930
2940
2991
2992
3006
3009
3010
3028
3045
3058
3105
3109
3144
3214
3215
3218
3223
3244
3261
3262
3307
3309
3313
3315
3324
3331
3350
3371
3375
3381
3383
3383
3403
3415
3418
3418
3423
3462
3465
3467
3471
3472
3501
3506
3510
3526
3552
3554
3567
3571
3580
3589
3610
3638
3659
3662
3663
3665
3676
3676
3694
3737
3756
3780
3792
3795
3796
3798
3799
3802
3848
384
3852
3856
3909
3911
3926
3926
3933
3934
391
391
37
38
38
4003
4005
4062
4076
4081
4083
4083
4111
4115
4126
4145
4152
4166
4170
4173
4177
4203
4216
4217
4218
4251
4262
428
429
4350
4361
4370
4377
4381
4387
4401
442
444
4451
4454
4469
4483
4493
4494
4503
4515
4531
4532
4537
4575
4586
4597
457
4610
4631
4658
4662
4665
4757
4763
4769
4786
4805
4805
4808
4820
4822
4831
4840
4852
4854
4866
4884
4884
4908
4916
4920
4926
4931
4977
4978
4982
4995
4995
3096
3098
2634
489
3305
362
363
365
2990
3398
3399
526
527
528
2117
2621
2625
1203
673
3815
2173
2173
3837
507
4207
1695
4302
2833
6
9
10
2976
4225
4225
4913
1142
3377
3237
201
202
4623
4624
4625
1583
3626
1503
1505
1038
1090
4425
1997
26
30
2730
2075
4524
2559
72
74
1926
2236
2452
1577
1578
2915
3487
4799
4800
4101
4012
3700
3001
3002
566
2658
3514
2721
2771
1192
1192
1442
4157
4212
4213
4214
3123
3768
66
1906
4322
3318
2617
2617
2619
2619
1124
1124
4340
585
585
4937
4938
4939
4411
4414
4193
2943
2944
1153
1154
2514
3806
3807
3874
1652
411
4527
2492
2645
1020
4291
4698
4700
4196
4200
4873
1242
1245
4278
4280
3988
3989
353
1796
1253
3944
3944
3944
185
3393
3394
926
3725
2442
3894
2869
4846
4847
4847
4848
2422
2424
2535
1071
1978
3710
599
3452
3454
3271
3273
1410
2228
4116
1330
988
988
989
676
680
1101
1105
892
4429
4430
2102
2103
1734
1734
4354
4652
4450
3703
1213
378
4726
2562
3067
3068
3199
407
3257
4268
898
899
3365
3948
3949
2122
3482
4706
4708
1751
2417
187
189
1804
4281
3830
447
3156
3159
3160
3980
2733
2734
2461
1903
1904
246
1313
1314
2490
4096
1024
1025
2969
1659
1606
2069
1555
1555
801
2885
431
433
3916
1027
1027
1028
1029
3449
2351
966
4041
629
630
289
191
192
4069
4069
3592
3593
1083
2022
1942
1942
1942
1944
4895
252
3730
1879
2303
2390
2390
1523
754
1586
1590
3134
2935
2317
1722
2947
4570
3208
4677
1737
1740
3985
1891
1894
556
2265
3820
256
400
4049
3883
3867
3139
1479
389
370
281
283
285
2856
1932
4644
1643
3923
3924
4393
4954
4826
42
4399
2276
2277
2277
2277
2278
2279
871
3013
2759
2760
3558
4689
4296
2748
882
883
3991
1862
2691
4554
4165
551
553
16
2776
2776
2780
3831
2292
1532
1532
