-2.67337
88.7138
48.5269
280.152
-16.5656
159.88
-10.8036
123.791
-13.7711
74.9015
-6.89878
-151.099
65.8411
-100.57
17.8335
14.3011
35.1879
-73.9922
18.4438
37.7779
105.403
-86.4564
36.1912
41.3512
46.8242
-62.0465
-5.4991
138.835
15.6235
-17.4912
73.4067
-60.3251
9.66593
130.642
209.842
-28.892
107.136
107.274
52.3461
64.0377
-64.0778
-351.978
9.4492
8.79096
-252.023
-30.8305
124.55
66.1309
-82.8365
-71.9475
-16.2838
96.5378
8.7845
34.7387
-18.0662
118.852
-13.7244
-52.9771
345.642
-97.817
119.501
-17.058
-37.2304
44.8909
6.61238
28.1137
-16.5833
19.8268
63.5257
-49.8099
82.858
161.603
71.5156
161.43
46.6301
53.4532
31.3449
-26.5426
72.9783
30.3796
-87.2544
-37.6863
-26.2316
-28.5853
34.0557
24.0723
-9.88877
-8.70709
-258.289
-281.426
176.744
-296.103
67.4027
49.1771
-83.0096
71.9124
-85.3676
-122.837
331.936
55.5577
-113.08
107.202
-89.6033
192.692
-128.426
-244.899
233.243
-21.248
-90.1086
226.719
-10.1244
-306.552
336.968
197.962
48.6347
121.011
-98.5464
276.869
93.6601
17.0132
60.1035
-46.1181
211.195
50.1783
-39.7856
-25.1169
-67.0934
-243.544
-55.5679
9.41939
92.4764
85.3267
98.2233
-142.365
16.9164
62.2118
16.9554
19.6702
-33.7506
25.6483
104.806
23.259
225.41
58.128
35.3687
10.0476
-119.969
-6.92823
11.7456
75.9305
92.192
38.4592
119.283
-39.601
170.32
138.546
55.8204
-15.5445
-22.4439
65.6823
49.3617
-44.75
-79.233
-49.8136
69.4294
44.4836
-24.744
57.3743
-47.0953
32.715
-8.03535
-96.8182
250.856
-83.5225
21.9255
222.933
-96.901
56.8846
157.663
-97.6682
59.7855
87.9008
-213.911
-31.8384
-133.026
-88.8604
34.7893
119.36
60.537
-249.196
-56.28
296.625
-153.508
19.2882
-61.6162
-52.7474
11.1336
80.691
13.8216
-220.608
-134.092
-141.964
302.488
291.54
21.1046
-83.9846
31.0112
170.702
55.5167
-26.0149
339.24
89.5252
47.6347
-32.4207
71.3208
55.6768
-70.2158
70.0654
9.75918
24.0374
61.4177
30.8109
131.107
75.8542
52.4097
-26.7667
-17.0128
16.7404
84.601
107.949
-13.1429
-52.1752
-185.986
154.904
144.881
30.2607
82.5413
36.8271
-11.9256
342.559
-10.2504
-164.192
138.954
-51.4443
95.8482
46.35
-44.5173
96.7785
-49.5528
-91.8935
-8.30794
10.2714
-95.236
148.327
-60.8179
16.3905
-52.7782
42.0921
101.306
-47.3121
-67.9477
20.7859
85.9189
-78.8249
16.98
36.9117
59.3628
323.652
46.0702
193.499
215.28
14.1062
-56.7196
-47.5815
21.2958
168.722
171.325
37.0095
42.9846
-27.7645
49.5326
58.226
-124.406
81.094
108.912
-46.7615
6.34736
43.6389
-186.215
-64.1247
-26.8777
154.508
-71.9858
8.50981
113.418
-89.2412
66.8911
-31.4505
-67.3556
-151.722
68.6892
223.06
18.3086
96.5755
15.4448
92.5432
51.4633
-152.607
-146.031
281.014
348.397
-55.0746
29.4059
-168.94
101.248
21.9969
18.0425
90.7425
-78.7872
16.3898
98.2336
96.4196
65.59
38.8285
-104.131
200.839
8.4858
-15.5632
127.149
-54.6636
11.1369
70.9708
-202.003
-43.0258
46.4793
-13.9349
53.4592
-76.1917
139.047
-12.6263
-32.3466
280.551
47.8086
69.716
153.756
115.76
-63.1441
174.902
133.793
18.428
-8.89826
72.1168
61.5672
76.7384
-144.396
20.7512
-72.6885
118.933
-73.1409
-129.935
54.8237
-342.405
62.607
-221.142
16.6895
223.523
75.1884
129.579
-132.327
22.7054
74.4853
-13.5084
-162.169
47.7892
102.05
37.0564
-112.436
7.57957
265.082
-104.955
109.528
70.4668
23.0984
352.113
34.2806
248.336
-49.5583
6.78036
38.3754
22.7876
43.5631
79.4325
13.7257
18.2806
35.4053
124.494
65.9888
127.025
-140.654
92.7634
81.773
39.8752
-21.619
-71.7595
-36.2416
-11.2926
-29.503
20.2841
63.6976
-175.085
243.626
-98.4064
90.8844
66.9145
62.8679
49.6044
20.1094
-90.8537
-166.285
14.2181
-52.2091
105.753
-289.581
-224.811
20.3236
-138.268
6.84775
-144.746
70.8521
16.8939
2.43765
87.6662
257.939
125.789
36.3872
-40.7382
42.855
55.6656
186.666
111.094
78.248
25.0462
306.348
-137.892
26.1984
16.8711
-61.2994
-153.23
38.2021
10.2766
-62.6624
28.8146
23.6247
75.7128
-255.679
28.4571
20.3062
108.321
96.2261
61.6179
-42.7634
321.605
188.943
117.336
-4.75382
26.5852
80.5065
6.04281
41.2678
70.2328
-77.2413
-179.11
-163.661
59.694
72.9734
102.075
60.1913
-29.5515
-15.1922
-28.9534
55.1539
106.96
-12.4402
83.3125
134.007
-74.0417
31.6252
43.9077
15.3548
-44.0435
-119.069
30.2305
49.5584
-51.2491
-111.646
20.2697
-32.0008
-24.6079
-17.7158
57.3786
-43.1109
184.932
11.8541
-285.162
185.355
17.918
-16.5047
-105.364
18.6147
90.8351
4.28722
-102.247
66.9438
55.7536
-56.8978
28.7131
-17.5832
48.1415
-10.3196
127.607
-65.1128
124.742
-151.645
-155.253
114.345
196.386
26.8777
-223.915
125.655
235.84
-112.652
-48.1813
22.28
-17.137
86.4608
-173.171
-210.366
147.041
82.9897
42.3638
-52.8151
87.7418
69.9104
28.3046
-269.287
220.794
45.6511
83.2186
-54.2142
-49.7752
77.6635
31.8623
30.9227
299.961
141.685
58.3016
-72.3202
134.577
52.152
31.96
-13.4747
137.671
-46.8782
157.336
102.511
26.214
119.717
23.5502
39.7975
-44.3389
-131.615
18.5786
46.992
30.798
-63.9683
-121.254
38.0259
26.6385
93.3993
299.251
-32.7214
102.269
66.56
110.263
30.4402
64.3847
29.2706
-71.284
-109.842
-78.2548
118.265
23.1756
71.6858
-109.382
16.2462
28.028
205.843
21.8123
-141.21
99.1278
36.2848
79.2844
216.852
-33.8601
112.594
50.5316
190.197
39.8943
-60.7539
1.88644
58.8855
23.5705
121.968
-333.095
14.5125
108.43
4.32409
130.27
-29.2452
-347.472
280.426
43.6551
100.097
-13.9675
71.3111
244.62
260.91
57.3746
16.7278
-51.3509
80.8796
-14.331
135.83
43.472
-16.6846
96.528
132.31
117.025
-137.881
36.7931
61.2658
-312.038
150.554
179.041
9.21588
-161.162
-57.6566
127.306
89.7727
14.9891
-54.8646
40.8889
41.6697
193.507
-97.3341
97.9741
196.972
-24.8785
-164.189
-9.84146
191.958
-64.089
52.89
55.7367
67.1322
-82.8105
-11.1686
125.175
51.7359
148.726
171.188
47.9966
71.0543
72.0293
39.4653
23.2125
39.8633
38.1875
96.0296
39.7135
2.4565
7.72238
155.861
34.5058
121.934
-71.797
-102
173.96
-180.18
-106.042
-23.5176
-184.271
18.4207
41.4575
116.067
3.10665
261.43
321.835
30.2294
14.1359
-53.5095
-8.99136
-182.015
25.2731
182.261
-179.2
60.3545
-85.3571
-213.086
-31.7619
-36.2779
22.368
-85.2679
-74.6074
-96.1459
127.478
80.2267
-155.7
-105.692
-32.7479
71.64
45.1417
195.231
57.6025
75.9144
-37.1782
45.5452
67.331
65.6149
-154.352
4.63561
-23.1011
226.453
7.22452
58.8092
90.578
-162.297
26.8383
-145.489
41.0339
32.8278
94.2891
15.5258
46.1564
-38.1324
-54.2653
-67.8306
64.5602
70.4378
-36.6145
21.2091
-139.179
-58.7313
106.081
92.9321
23.9956
-47.2561
54.237
6.75422
15.6222
21.0999
130.044
52.5841
58.8102
-55.82
-56.5387
22.2396
-15.397
42.1271
78.5493
60.5291
149.699
63.3266
48.2097
170.86
-108.171
116.686
11.6906
206.217
136.717
38.5712
117.583
81.4711
53.2241
30.5321
33.8996
-51.9042
158.051
141.252
43.538
-19.5565
57.6787
34.9769
-43.8288
133.962
13.0379
-16.1628
-338.796
-58.0509
40.888
-38.4319
194.337
40.4764
-7.94267
-8.38359
59.4412
231.237
-97.574
-95.6968
10.7945
22.9705
69.3192
-58.0987
41.4032
-262.87
171.126
151.926
-15.5425
89.6412
54.3583
18.4656
-159.511
-58.2774
-93.769
344.122
-331.311
64.066
-154.11
107.596
-11.2224
23.4788
121.943
-257.086
69.5221
16.0641
-155.378
147.159
108.612
55.5435
-166.99
-21.044
14.8359
-29.2364
139.324
-27.1994
-70.2951
-177.304
62.8061
14.6514
-54.4805
-52.2062
-103.883
-257.276
-112.391
23.2658
119.883
76.3713
5.1567
127.235
221.768
-342.449
71.0111
43.3993
57.8161
17.2607
115.2
-44.1932
-59.8253
20.7485
24.2792
55.8941
97.5202
-23.7388
-55.7562
15.0194
25.5446
126.981
-57.2741
-290.394
14.7902
-63.2019
47.6433
136.186
34.8205
-11.398
41.3903
-203.058
70.2508
-90.677
19.2795
70.3827
22.0395
-7.7793
-23.4125
15.8997
8.65742
39.3447
39.184
30.0571
-4.52293
43.0835
88.1393
-191.001
-203.844
88.6477
22.506
23.3354
-190.276
57.213
-44.2233
48.7655
81.8459
50.2587
20.7166
-59.3118
-352.245
22.4681
-296.864
-245.888
66.9582
253.777
18.6824
87.1463
-139.032
-48.6159
91.6464
128.701
22.6671
71.0861
-30.5824
47.4808
223.957
-81.2117
12.4795
298.143
287.568
-339.42
136.32
-106.211
251.552
33.3407
53.5328
55.6244
18.2285
165.371
-49.4585
-66.5437
115.543
-50.5128
36.2097
-62.7272
120.387
148.729
172.591
-154.311
132.506
51.4538
18.7121
107.708
32.6412
95.7208
217.562
-147.662
57.0856
13.4298
158.875
299.594
72.524
258.085
93.6171
-172.162
113.41
-72.1371
118.025
7.30132
245.636
125.613
-22.2718
6.94484
351.67
52.4096
-29.0439
-240.111
72.8312
-31.7439
-24.1786
-175.488
-90.3255
36.3866
19.2375
-4.18479
-130.312
56.9212
-78.4741
-16.0459
-101.051
39.1066
77.8188
132.97
-340.312
67.8108
8.17542
11.6841
98.1489
20.4104
106.253
-46.8213
348.656
-9.86702
35.9951
80.6376
64.8825
10.0184
38.2025
16.8172
95.2185
36.2463
164.178
-111.997
-40.9638
-26.6629
16.0899
71.6604
-55.5117
48.6841
-202.91
329.425
23.254
-184.062
40.8142
150.356
70.6204
58.5623
29.5026
-93.4755
178.796
-191.843
38.1199
-87.0475
-21.3685
117.231
55.9406
10.7038
59.6019
82.104
217.078
-186.322
8.42815
72.2244
-49.5109
205.715
313.722
217.963
40.0093
16.1259
76.705
-45.0483
46.5589
-9.70022
95.6501
-20.1728
303.682
1.87534
244.619
260.17
115.442
102.358
-159.561
-104.176
47.508
-189.512
153.37
-22.966
135.866
46.3479
3.71015
85.9183
-64.0895
267.795
17.118
-326.51
-71.8577
68.6312
-352.676
-44.3693
-73.0289
309.549
70.5877
5.17301
-34.3679
49.3939
-16.4588
-29.5114
30.3922
86.5995
6.13965
37.2402
69.7155
253.044
62.2667
196.518
158.529
13.2052
-146.387
-200.092
28.5291
-101.436
-32.7234
-128.394
-178.674
-92.6006
21.7582
6.51512
-23.6483
80.7441
61.5622
-341.945
-22.3316
71.2985
17.2034
297.839
82.2382
132.733
36.5303
-123.148
57.5711
-50.9901
-216.584
52.095
36.0276
349.98
14.7417
320.958
317.117
95.1669
51.6379
88.6013
9.9816
38.2896
107.069
-38.0493
-106.582
53.6484
319.745
-35.0314
-88.1666
49.2788
25.6086
-262.997
147.563
17.2869
-242.503
-12.8337
-41.4021
307.005
-19.1377
7.80823
189.351
-174.953
108.398
-42.8335
-49.432
-144.462
-9.28111
18.1238
58.0253
18.1356
42.4986
248.997
89.0595
-11.7084
-114.119
76.2719
40.4815
107.173
184.949
-45.6839
78.8966
-18.0175
143.33
-62.0291
65.2123
-26.2314
-18.4389
19.7428
30.1208
-65.4115
-42.2741
-67.7385
34.2647
-22.1028
15.6179
-54.5349
17.1119
-87.2928
10.1233
29.8179
8.44393
-21.9614
161.305
-57.6152
244.945
175.015
5.67167
123.412
17.7652
-148.339
-97.0522
-22.4804
103.947
84.3447
33.8098
-130.348
-260.45
-30.6031
-17.4853
55.1883
-13.2306
-86.2738
13.92
-26.9169
78.8732
-131.635
-79.3169
216.237
-232.23
-62.9183
59.738
-126.084
137.435
-343.052
187.849
57.5694
93.2736
40.3077
40.8703
18.9783
-234.914
-63.9525
-7.61145
68.9559
-60.4123
332.332
93.1692
119.84
12.0414
-201.595
56.2869
42.6625
134.18
40.7331
12.254
116.9
-21.7002
43.752
74.7064
47.3263
-192.449
53.651
105.746
17.988
57.7135
145.072
-33.2225
303.725
-215.018
-93.5516
86.5064
-72.175
271.816
101.222
55.4605
-43.7642
241.106
22.7496
5.67121
-14.2242
26.4661
69.6004
122.067
175.487
63.327
41.1776
63.6297
274.98
155.664
85.4924
174.716
72.3165
179.146
241.95
164.34
60.0105
57.6923
12.0657
66.6174
66.9461
70.2138
-88.6201
12.6349
-254.616
-162.474
26.4347
-78.9699
30.018
129.065
16.2043
-41.7943
243.488
-295.207
98.2051
184.268
-72.4424
11.6026
80.5631
-196.346
-121.523
-92.5104
154.282
244.796
-53.2235
25.1566
38.1693
60.2213
-73.3928
-122.27
-21.0471
50.4947
214.027
7.63122
-28.3721
5.18645
-10.8166
-77.0826
140.637
51.1238
70.0955
29.737
289.495
102.924
29.684
76.7346
-207.673
171.11
53.3008
93.8741
103.428
-4.79486
181.41
44.5995
29.5766
44.5899
-84.2041
27.2191
-17.0257
59.854
-158.437
55.1709
117.765
58.7264
167.206
131.446
25.1071
-4.46375
107.208
-152.035
7.25687
-64.7231
59.7622
80.1634
60.0019
-16.1769
18.765
143.132
-37.9802
23.4364
51.596
-84.5148
174.309
20.5818
111.999
19.6615
132.663
55.9699
206.968
-28.8676
26.2451
12.3076
-27.736
130.958
-142.431
28.7431
-40.8349
21.1847
17.2462
13.4662
46.1759
-296.575
98.9013
30.6978
86.4623
25.2446
-180.41
114.119
58.6244
53.0089
141.328
75.7314
-9.6882
-38.841
-117.419
-273.572
90.3338
64.0021
39.2715
256.721
54.1289
54.3058
-77.7829
277.642
332.455
-28.2183
14.3628
-11.488
-80.8872
36.3763
91.5389
-44.6585
36.5278
83.9943
35.877
9.04733
-36.2911
324.065
15.4216
140.409
30.8426
-7.94591
54.1291
19.4623
117.33
-15.5689
-64.1929
148.781
23.5549
262.145
-163.006
249.236
65.7624
31.8182
13.8316
27.213
-61.4203
126.266
81.975
122.719
37.4674
74.403
-198.236
48.6866
-9.64412
-40.4306
54.9979
140.789
33.1137
-74.1591
-41.0208
39.755
-8.32672
170.981
247.738
-50.6027
-308.968
16.675
123.649
-164.424
-24.0125
79.0425
52.3519
-351.941
-36.5444
-74.1749
-37.561
41.1801
-254.077
23.2206
-154.303
42.2932
-71.2477
87.6006
-20.8126
82.611
70.4641
64.2165
-81.9079
66.5596
57.5928
-77.4586
102.898
78.8563
125.653
250.882
4.01034
-117.655
-133.012
-8.47936
83.7948
122.786
111.079
-10.4154
-171.304
-73.7905
-31.4247
-9.93177
110.631
-308.041
-49.7027
45.6477
-12.2522
103.789
85.0124
-17.6656
-28.568
51.9388
-10.0823
-297.273
26.7766
22.7472
144.745
21.7824
-105.591
69.0328
10.2289
162.696
-22.0275
11.4352
27.3769
-93.919
-45.5149
97.5226
-252.331
-43.9226
-14.5037
88.0086
-14.4662
67.3575
58.9503
-79.4655
19.5718
14.0737
52.6336
-27.5986
30.9468
-92.8035
19.9277
53.4136
-4.06152
67.6952
32.3546
69.4755
43.4176
28.8515
56.1912
17.0321
52.8909
-29.2388
112.816
33.0054
-75.19
84.8509
12.5344
89.0407
-343.679
28.8823
40.6672
42.9852
93.1682
48.0447
-296.701
11.385
-308.449
16.8218
-193.437
105.161
-115.732
40.7699
65.5033
-88.8
254.318
27.7424
66.1498
-11.0944
64.3974
-104.198
244.084
-201.487
86.2513
122.616
79.9137
127.251
-9.53873
161.111
26.8918
31.9804
-144.701
187.007
-12.7342
26.0291
-31.231
-25.8809
212.287
-20.4511
71.998
-176.935
176.098
70.3791
45.6918
30.7252
43.6305
-89.0399
208.932
51.9785
28.1344
-97.7108
69.4586
86.0664
256.475
73.172
131.18
72.6779
-63.3502
30.4751
-234.811
-19.0442
150.709
171.309
72.3843
78.2718
27.5445
-64.1652
130.987
334.861
28.5621
26.6209
89.1106
12.6878
9.02736
-170.31
-136.747
8.38221
59.987
-32.8068
-117.327
114.129
-13.3105
-177.547
56.4
83.2214
19.2475
158.371
207.254
-12.0479
89.5949
3.70317
48.8941
-53.5283
-156.219
107.337
9.25978
58.3257
24.2872
161.714
-30.017
-269.63
-7.72136
-33.9949
81.3223
8.97899
-35.1954
339.518
-18.9761
52.2541
-186.414
-64.4129
-94.2573
240.98
-306.907
45.982
9.40265
226.565
87.4519
-25.1484
12.6422
51.5987
-53.8384
77.4375
-130.803
19.8749
58.5343
26.22
-347.595
25.3917
-52.6457
128.13
-23.1106
-9.52223
79.353
-181.124
-39.0276
-48.8147
165.278
149.811
11.7596
267.875
-169.349
97.149
-67.0819
153.397
12.831
100.689
-67.4892
-22.3994
15.4875
13.5564
-70.65
-45.1105
-18.6411
-71.9326
134.277
13.5484
48.4371
-181.923
234.571
9.72814
-60.05
205.532
-22.0232
-45.4892
-98.6101
55.5718
42.8581
221.547
-28.7034
150.084
-33.6617
-42.1584
94.2253
-76.17
-14.2929
-49.0828
78.6719
158.826
115.012
183.389
-6.74024
185.613
41.0149
-167.648
-138.275
41.773
93.1309
-328.886
105.528
-57.6825
127.331
52.1642
-18.5075
-32.8503
-208.986
32.5885
-55.1962
335.485
-82.3508
114.891
43.5814
45.6481
19.988
19.3538
150.992
-55.1411
11.2164
-1.31631
-156.602
-207.37
43.2988
-32.6921
281.784
-98.111
170.778
-28.9323
-147.747
149.506
161.386
151.201
122.704
42.7331
-191.344
51.2145
-64.3073
102.864
-32.1626
60.7142
25.8909
160.069
-120.406
-7.87865
49.9812
-214.933
121.64
56.1715
-10.5081
58.187
104.789
35.482
8.88775
16.5877
20.1787
-290.277
38.7478
324.646
19.5006
-51.5676
50.5997
59.1735
-262.884
69.0428
218.522
-99.5704
-37.4821
16.5008
334.369
-93.0375
-273.556
140.777
-63.9276
46.8351
124.554
-6.07195
-88.4275
162.645
34.2284
97.2861
-25.3071
-87.4542
27.9452
-41.6555
29.4758
-27.168
-151.451
-102.433
-284.035
31.4948
190.957
-12.6148
-68.0103
11.0763
9.91498
16.8707
-24.9321
-158.052
-13.5264
77.7116
-93.307
15.6912
36.8731
-140.827
-232.518
-19.9684
-88.6983
88.2672
34.1982
15.3244
-22.7137
161.992
-86.573
71.7729
53.0586
4.23829
56.9511
54.8833
-44.9866
-49.2671
71.5658
35.6953
-53.6386
-79.2519
107.669
-79.8461
146.88
22.4468
12.6796
169.964
-20.6487
-45.5397
-54.8385
158.456
71.2854
17.9359
33.4223
-166.776
98.7489
-215.958
-12.1217
-51.4666
-79.529
32.4587
35.457
-79.6571
17.0751
21.5365
119.255
12.5157
123.777
124.364
-308.646
30.0692
-51.7918
126.054
26.5928
33.1643
-146.56
68.1974
56.93
-122.426
338.805
-53.9079
23.9432
15.962
102.708
-170.16
-125.066
174.189
-45.004
65.4117
-301.451
62.6206
-71.6875
27.1757
95.4445
10.7775
68.1609
54.6547
-85.6627
-234.186
17.8429
51.9096
-299.806
40.4554
267.509
250.508
122.404
72.0243
33.3404
-105.14
-85.7616
-195.326
-41.1063
-99.3905
99.2496
-80.7846
30.5076
116.523
129.565
63.0703
-25.2738
14.7123
-89.6499
22.4358
-123.406
17.7981
-34.0967
3.70646
-194.554
-60.3077
46.1837
-125.593
294.255
78.7292
273.081
-70.1311
93.9139
-12.546
43.7868
12.5633
-14.7863
35.3183
47.9674
39.6646
156.133
62.3108
-304.756
68.7775
-47.4078
97.9507
110.98
84.8894
-126.565
-16.2835
71.7918
-294.267
15.7807
11.1659
10.0243
-147.318
-149.076
144.601
57.9471
44.1738
-137.94
-190.354
31.8194
-41.9586
-224.812
-63.929
-49.1032
-64.7814
284.403
-201.008
36.3819
-343.826
116.696
-95.8573
-34.1937
-46.739
92.3864
56.4277
106.157
208.844
17.4702
-39.5964
64.324
36.96
153.388
82.4714
-66.0623
33.6329
20.2501
-110.049
-133.006
-8.17438
-60.877
37.3821
-33.7288
32.5112
28.7877
118.37
167.278
101.34
-123.695
173.369
43.1083
112.462
-46.0832
47.2238
-95.8706
-193.198
56.2044
45.5652
76.6437
-5.9333
153.966
7.27002
112.349
26.4281
-165.644
4.61344
195.007
160.595
21.0975
-53.5949
38.7907
333.001
-213.765
106.857
-221.747
99.9351
129.432
21.2563
-139.953
-5.05216
197.918
-30.846
25.874
184.967
-72.0174
133.46
-74.0827
-13.2809
221.225
11.2174
-88.0417
-98.4213
84.6729
77.4154
-75.3906
170.792
41.2965
16.9779
19.5885
-352.492
229.902
297.836
30.5164
-80.653
98.7113
-185.955
-301.741
-70.1356
10.801
12.1906
-32.8617
63.5084
-26.1605
95.0946
43.8438
104.221
20.7075
21.6359
5.70294
-40.8357
-157.657
17.0103
67.9239
81.059
10.6235
59.9474
95.4122
106.204
145.095
-216.301
193.278
329.982
106.92
187.964
-4.25099
17.2096
40.1677
174.403
-44.1916
17.2174
61.7728
128.158
-46.9788
-117.462
-58.3603
106.822
-72.9407
97.9568
-14.0896
-5.37981
226.634
16.6054
42.2028
-27.7754
189.516
-53.3374
139.616
72.5107
-21.3147
113.989
196.225
10.1739
64.0095
41.0479
-88.1953
-17.931
19.1373
-132.2
-4.68705
-215.323
36.433
13.8455
87.1343
-238.846
147.157
-55.1269
-29.626
25.5115
-11.4099
-227.551
134.763
-80.4474
-235.522
29.9004
25.5434
-45.2348
-62.8155
-144.002
-183.31
-4.70941
61.7842
91.2852
23.5439
0.857188
-9.45711
-110.82
40.8494
-20.1382
269.959
172.949
53.4683
-264.879
58.4459
66.1439
-67.0082
153.218
-78.5661
15.0086
217.083
116.136
221.346
-135.776
-170.187
-100.456
56.2137
24.4815
89.837
-40.7674
107.642
25.1816
229.481
-61.7938
76.0463
-58.0756
220.106
-116.101
251.242
4.72496
110.84
19.1923
32.7935
-74.2687
29.2483
334.451
111.956
-164.673
-53.7785
-127.565
119.001
14.162
-67.0906
-121.054
115.551
11.6436
323.33
58.6459
75.9632
86.7971
-57.388
36.6054
71.9733
25.6874
-37.003
16.3361
37.5579
-6.24401
164.499
46.8624
0.220718
-19.6811
-159.758
-302.558
-112.382
-14.1389
-22.6206
149.155
5.03532
29.1094
113.111
-32.5711
87.422
-87.2265
-153.275
15.1079
19.8493
-27.9069
107.128
-151.58
102.675
-9.38772
214.914
86.5638
-176.011
191.677
89.4349
181.708
12.6983
118.759
-180.692
11.2853
59.3769
-55.0476
-88.767
268.412
-48.4708
182.626
-86.9845
-1.86497
-106.915
13.878
32.0762
23.4462
47.7981
13.9506
78.747
39.8141
333.07
36.2124
68.1169
30.6442
-13.4342
-258.411
327.957
306.874
189.801
-55.1712
30.0474
64.2931
116.314
96.0878
-43.7977
76.3783
23.3068
-78.8215
23.2668
-160.608
12.6672
-104.021
90.9678
-66.2157
-92.1364
65.1869
-6.7307
71.8575
203.28
56.0127
100.305
160.122
229.368
4.54528
211.213
156.685
-12.5527
107.845
90.7917
40.5321
-88.9081
38.7072
-182.238
-43.125
-24.3967
74.0714
125.922
25.8738
-136.614
-176.394
16.5023
-82.8513
17.461
36.6606
80.9854
-88.6337
-10.6204
262.641
200.529
27.5186
91.9488
56.7725
83.4758
25.547
14.5145
-89.78
-10.9163
110.952
19.9166
100.977
56.1981
70.3512
14.1195
-90.4988
21.8069
-81.0697
-63.6476
-79.3064
23.2483
226.409
56.8742
304.481
-151.76
-8.28464
-239.824
140.313
-257.599
25.7175
32.654
63.0022
-144.662
76.9675
-33.084
114.918
-113.384
-70.3344
76.8034
138.919
212.583
-65.631
-183.332
94.716
351.729
-162.871
13.4316
-188.321
264.308
-151.484
-112.975
-17.6139
146.591
270.277
11.3936
-152.074
38.6459
234.47
-156.961
150.204
143.195
-28.1714
61.1541
48.3701
-39.1406
103.484
-140.374
311.219
146.952
39.2119
-55.4435
25.94
5.77193
-74.1302
8.45834
335.495
-5.0157
-208.942
-68.2266
38.0554
15.4004
62.9844
19.7153
10.42
74.4442
138.61
60.9183
212.599
-42.1347
291.621
88.2621
39.8772
-107.23
-46.915
45.4583
9.45282
-93.5514
337.982
153.969
-95.6498
-75.3933
55.7644
35.5019
115.711
153.986
47.5263
-84.5029
58.9786
-73.5997
-81.1175
255.058
184.49
-164.454
69.1016
96.0722
-96.3256
-166.29
6.14665
54.0759
225.12
13.6835
336.309
4.74705
155.501
52.0855
-4.84647
25.2662
90.4284
213.186
83.0162
7.69815
-200.979
65.7769
121.056
200.667
-329.87
32.7574
-24.9758
48.5783
34.8096
-81.8515
123.027
46.2844
236.964
96.0428
103.224
68.859
-47.8939
132.647
-30.5514
48.4128
-36.9298
-8.35569
157.496
-155.343
3.33479
33.6216
-10.9983
-162.778
147.729
45.7681
114.613
-37.1277
22.9642
59.4339
37.8204
128.793
8.4064
-67.9286
19.5832
-7.2029
-37.4152
29.5334
13.036
27.4027
-162.403
-54.0244
24.4809
2.54556
-344.938
-92.6665
-57.1849
-165.356
9.787
154.752
-29.7096
122.642
73.7061
59.5087
-102.521
-12.8881
2.58795
4.3325
89.8871
207.765
-9.89582
100.218
-44.5008
-26.7998
-121.641
-22.1775
81.6199
-49.5926
-24.313
146.066
-44.5286
81.673
247.062
118.962
80.3676
66.3213
-12.4293
-118.979
48.5852
-132.283
73.4512
77.9098
340.589
55.9856
77.8002
41.6576
7.66413
123.258
-22.0243
-142.284
-12.915
207.892
66.2975
-52.9988
-5.21236
148.365
-60.8545
27.8039
191.459
-57.1877
258.361
58.6244
48.511
-163.928
91.3796
96.8817
223.115
-20.2129
234.035
34.4537
69.2423
-29.2299
43.3205
79.2835
-56.0755
-226.78
6.04223
64.7609
-100.035
-51.1401
12.3937
-59.3539
110.628
137.778
186.441
81.0211
168.883
126.215
136.027
19.7297
48.292
33.0524
117.388
-352.129
56.642
-36.678
301.564
96.3071
-22.2511
62.581
313.263
45.5289
38.4296
80.7823
-68.2734
27.1963
205.341
-125.561
60.8408
-31.6978
-10.6418
47.9817
-48.0786
-161.319
20.8692
-43.32
-138.672
-35.7476
42.0283
-107.944
23.0599
58.4046
87.3688
33.8502
33.0189
-322.452
146.523
-137.571
-77.8023
-28.5817
-8.98261
48.4646
-58.4298
-55.9151
131.197
36.0825
57.9965
10.7071
-16.3047
50.1998
31.3567
11.0736
-101.167
-245.297
-35.3013
-11.2438
-107.225
-26.0479
-135.626
-117.251
23.6178
-134.277
-34.1105
95.818
35.9617
112.075
320.129
-200.315
-17.7888
-45.9428
16.2856
96.0238
-121.598
86.4082
116.386
59.0564
16.5038
28.9244
62.1384
252.239
23.9259
-38.4346
206.185
-34.1748
268.252
8.73599
-211.253
-83.0055
-7.11485
-185.177
124.754
-68.8762
38.7522
188.188
189.757
26.6053
88.162
29.309
174.608
18.523
179.174
34.9143
160.279
-29.7147
12.0612
144.234
-331.509
-91.9693
-49.9257
31.6694
33.8637
14.6932
-0.897997
-129.805
44.0111
-175.352
-8.13184
62.9087
-107.614
18.0546
15.8832
221.974
82.8921
-11.3494
-16.8498
51.2395
221.527
-30.3184
21.3701
51.0498
64.3274
61.4851
145.937
-69.7422
-332.63
-227.516
-4.89427
16.7094
65.925
-43.3541
45.7672
331.899
-36.9248
154.273
-8.46938
69.7001
160.376
-9.14719
128.47
-134.292
38.7309
13.0176
141.833
148.991
3.07373
93.6071
-141.487
8.53524
91.5313
-4.99945
-47.5034
92.2731
64.6341
3.00265
30.5678
-71.013
66.6985
352.361
-330.353
-24.3367
45.9544
48.3056
-21.8853
-20.061
25.351
-45.9187
-66.022
-130.007
57.0922
-109.508
-121.617
284.266
-48.1908
-31.2492
96.2201
71.9965
31.7705
-128.314
71.2507
-115.142
282.509
-59.7138
283.929
-127.552
24.1826
188.197
-58.0546
-66.665
74.5759
95.3479
30.1092
-30.4302
40.0352
172.986
130.336
159.6
40.9494
124.376
48.5604
-63.6491
-185.697
42.4372
122.223
-54.068
31.0292
-64.8174
28.6751
70.054
75.4198
-209.98
47.0488
206.771
6.48914
103.572
-120.29
-128.654
42.9794
38.467
-142.39
15.3083
-38.3019
32.0104
154.019
-94.7387
149.863
115.859
227.896
-200.446
200.528
26.6244
-29.7143
88.6963
47.4465
-78.4231
50.1983
323.716
-66.2573
-9.72984
288.462
72.7556
34.6889
-129.768
176.166
-234.367
146.776
93.131
68.7077
63.2531
146.163
-169.391
161.114
45.6351
-15.1926
16.6803
-10.4394
76.4469
16.7309
39.5584
59.8688
80.6016
-18.0429
132.393
85.8489
113.832
-63.4934
7.75471
-11.0531
324.873
50.7229
-188.488
-76.2916
-66.0139
202.215
219.635
14.0042
-63.9314
-10.1379
-91.7602
199.11
-123.081
-42.6655
-136.332
-210.549
-31.9525
72.0041
-16.4096
-40.3762
-3.2919
49.2006
174.344
9.94824
-49.7257
241.708
6.42135
11.5362
183.896
14.3985
-48.9893
54.0779
293.383
21.5532
119.848
216.227
-12.3296
33.7848
-12.3538
43.9325
21.8522
84.8797
31.6588
146.021
12.9127
-144.383
38.6036
-295.361
292.995
123.538
156.654
-72.7074
-292.499
155.795
-76.0899
-146.734
-102.727
28.7087
94.1132
-101.164
109.286
86.9429
53.7462
77.7602
71.5604
23.9459
52.134
171.373
34.699
193.215
128.43
111.255
37.7981
4.14701
221.324
-86.7541
-87.5637
-149.293
97.7982
8.30317
33.415
12.4562
210.678
141.809
74.1315
-142.577
154.711
-27.8915
-34.2614
1.97154
55.8983
-265.503
-178.355
144.191
-70.9503
-14.8876
89.2805
121.097
-52.0365
-58.0759
-196.196
210.421
22.9139
-156.278
-93.2394
7.334
141.825
237.875
16.6367
-110.6
-9.98091
107.26
-85.265
-52.3601
338.735
-13.8112
-7.3729
37.6799
56.3104
44.9003
214.166
-17.9391
106.275
-63.5987
-36.9909
50.7373
291.197
288.233
-345.39
160.982
53.7938
-107.65
98.3618
19.7459
-77.7635
158.041
31.0397
-22.2787
-210.8
-16.6701
8.88616
37.8425
10.5483
346.599
144.424
97.4957
-16.8764
40.1109
-339.441
7.54879
51.8819
136.476
37.2423
12.8579
-33.7326
341.905
-49.6686
-126.023
-235.628
13.6069
-162.33
-27.33
110.56
60.3377
-18.2771
-14.5347
27.6829
67.0151
-6.5086
14.408
-100.706
142.839
133.64
-218.494
-217.653
46.8078
67.129
-11.0655
291.642
65.2633
-9.9541
-73.5206
198.027
97.2566
230.722
112.939
182.206
43.8614
48.3092
-26.8478
26.2809
-13.2349
161.44
90.617
-54.3738
-242.52
283.899
70.0361
93.4067
43.6295
105.917
202.947
178.987
77.4117
7.93956
20.9072
39.6941
-131.298
146.754
-57.7969
60.311
236.771
43.0436
236.311
62.7241
114.015
134.867
80.8135
8.34833
19.9283
35.8495
59.3904
17.1054
58.1188
-14.2703
-206.07
-46.165
179.852
46.3104
-57.9269
8.56296
-37.8991
52.1393
-10.6647
38.3629
69.3758
298.837
17.3666
47.0536
-15.4322
-12.3972
120.52
-21.3693
56.1031
88.7802
-177.805
83.4639
-23.7827
27.0491
-50.047
95.8306
-10.3858
-112.544
-53.2574
-36.4499
-14.7643
-187.185
-33.4347
99.6897
181.003
113.062
-72.1871
-78.7691
-194.679
41.8154
-209.85
24.4954
-151.814
-75.9745
43.6778
86.9228
-135.303
-30.6699
83.0552
19.7429
-66.3973
45.0772
-34.2398
8.92375
130.819
98.5391
97.0432
-35.7757
-62.0511
123.248
-186.596
-34.5017
152.101
50.082
-107.934
35.5406
11.1734
34.527
-17.3298
143.541
261.516
61.5658
188.856
8.74154
-11.9946
209.555
14.5813
-21.0996
162.935
9.06159
-192.694
9.84137
-163.131
167.614
15.9187
-65.9569
165.795
-28.4385
83.5961
-14.0596
-28.4427
-98.986
40.4419
286.15
97.3306
44.6977
9.40243
-24.6309
23.3954
-7.44007
58.3522
44.2999
114.161
12.4758
11.0944
26.7898
11.8018
-63.7404
7.88598
-55.6515
115.972
351.973
171.288
172.869
106.274
-48.3498
58.3147
-14.1596
130.941
-88.7157
81.6755
131.169
-71.2871
34.6187
98.353
150.781
46.8521
141.224
18.4982
41.149
49.0471
-42.5829
-34.7668
348.755
-21.7177
73.9
68.1052
23.854
-30.9106
-75.278
-81.2303
-2.92804
34.4085
-252.197
233.433
114.831
52.6016
-190.973
151.036
67.591
65.3556
57.0669
113.255
52.4374
-23.1602
127.258
-329.529
76.8389
4.93945
-48.9155
21.3659
103.022
-20.6724
-18.9029
71.487
-108.275
3.72452
-110.058
-33.1872
-22.6212
30.5386
-106.437
59.9062
64.689
62.0005
173.352
50.3292
78.5349
-35.7435
64.5399
-9.37218
79.034
14.5973
145.448
281.924
56.1689
17.1324
-84.2839
49.054
9.29143
-101.609
284.738
92.5898
154.302
-289.836
40.2309
15.7188
141.669
30.1555
31.0532
-140.411
31.2026
41.6969
-97.8569
47.1174
-39.4651
-25.228
-70.2688
-90.3396
91.9281
-94.2299
-284.25
-106.493
289.769
-47.6991
125.503
14.6109
143.292
-350.783
-10.2175
17.6785
26.5344
-26.5138
72.1862
-268.777
11.4917
262.617
-42.9274
-61.5266
57.122
14.5015
-226.219
63.3695
39.5145
11.473
71.1593
96.3026
80.3581
-43.2083
107.269
-72.2271
70.1898
94.1085
-10.0002
327.225
-132.783
-142.67
45.7705
-52.1105
-14.439
-65.9926
7.01257
145.883
-102.729
89.6701
-246.379
255.536
-12.7739
93.2304
156.877
152.562
134.562
-42.0724
-49.4142
4.43387
31.2148
-137.396
10.223
-46.8578
-342.424
-83.3509
245.21
45.7129
65.5964
79.9384
-23.1143
11.3159
181.779
106.584
24.7025
125.627
40.3251
-32.2196
-79.3843
125.107
116.389
91.8425
209.75
92.8928
27.4636
-28.511
-27.7914
-24.5598
-57.5014
-19.6375
-33.7754
62.2305
-348.985
44.5129
181.849
-26.1418
-87.729
-144.841
77.5738
-115
114.079
-6.82778
15.2419
76.4681
-30.7961
52.048
-5.24619
-157.456
-150.489
56.1793
-41.0554
-46.6185
8.12872
-51.4821
-199.253
90.2847
-121.006
222.035
74.8213
-13.8057
35.3241
10.5599
308
-65.2274
-17.1562
-351.458
-41.6755
43.8124
207.564
-28.7397
115.876
50.2333
83.9492
17.6406
-83.9659
228.545
40.4164
-38.8502
151.656
64.1118
-73.4207
120.546
74.7221
-5.7147
-101.239
-73.4263
93.6643
17.9695
328.657
-115.778
-34.662
53.6781
-56.8798
-21.8255
206.436
-148.957
-124.794
-311.489
-123.221
-139.576
-26.128
-285.51
10.6282
36.0715
218.862
-66.79
3.53699
18.0745
-79.5925
179.363
30.8991
71.1839
-190.792
37.6769
-149.314
77.1357
2.42439
-52.8354
-31.6363
-209.388
-81.533
114.078
269.418
-37.315
59.7084
-65.4361
184.774
-9.31942
-38.2052
119.27
89.8231
27.4084
131.64
-72.54
-45.1497
-16.8425
35.9777
151.739
54.7874
329.478
70.902
-48.2138
51.9857
101.551
45.909
-45.8522
-61.0409
8.49309
139.965
-120.618
-37.4762
72.1098
84.3572
12.8923
41.8273
5.1219
13.5735
32.791
147.408
130.386
34.6162
4.92188
11.204
200.638
22.9103
51.3708
64.3362
-51.2579
126.33
-328.371
-87.5829
73.9734
45.5844
26.2822
43.2201
-123.362
-40.077
66.1486
166.055
-45.5639
-9.19044
22.346
226.528
-95.6345
48.2076
-24.8589
207.111
226.581
56.6477
22.1525
-41.6239
42.2563
31.5193
171.617
71.2132
95.7623
35.7336
5.0884
27.0976
-233.633
108.443
-205.363
104.823
141.943
-112.255
20.4345
-76.071
-165.395
55.7699
-15.6472
-134.654
49.2319
-60.4492
130.158
27.0257
-230.061
140.983
7.4882
61.1287
-10.2514
94.8327
-182.953
5.15475
-142.895
-46.0428
41.415
125.848
-57.5074
9.49483
17.0223
-39.2302
51.2975
158.864
11.0084
15.2096
105.84
-157.607
55.9885
12.8029
33.8568
75.3015
-33.5187
-73.0951
114.115
67.4384
-47.3034
17.1273
-70.6709
-87.7856
101.783
151.847
111.074
-131.726
-82.591
-44.2288
18.8365
269.233
65.2465
-11.8949
49.8409
-5.0404
-9.44721
-22.7741
47.7328
119.903
52.1216
-59.2993
-122.585
-84.2316
-177.603
-247.037
171.033
5.48412
125.37
5.31607
55.9441
-95.1198
-56.144
-100.442
229.631
306.069
53.1562
29.666
62.6376
127.833
-351.74
-106.964
227.103
342.359
77.9889
22.3113
172.483
91.0528
211.574
-46.9406
221.45
42.8892
29.7514
-224.296
18.897
288.684
43.9964
-15.7336
-237.387
-100.446
72.3545
71.282
200.901
313.488
-188.538
-67.9069
-41.0794
-238.878
78.3235
35.5282
10.2983
48.1089
114.543
-146.725
144.472
10.8162
141.425
270.134
5.30528
-23.5309
-119.272
-25.0551
61.7943
223.186
167.848
151.14
21.8325
89.9242
6.74944
118.709
15.1029
10.0479
-146.021
92.8306
62.3716
-43.4104
304.645
34.4768
121.067
-166.933
100.294
-183.405
44.7725
102.436
-31.6868
-130.353
42.0701
-95.8684
-20.8706
43.5088
-15.1136
13.4138
-79.8284
289.522
-52.9268
130.221
55.9185
56.8805
-71.6089
23.8354
36.6209
-75.7858
19.443
84.6693
39.4583
39.4868
-34.9763
163.748
125.173
-24.1996
33.7207
-110.11
-83.0163
-45.1177
-37.1836
126.776
-87.8472
-26.3804
137.169
44.0974
88.8469
297.477
-30.0473
117.362
28.6822
-57.1987
-29.5779
-127.117
-215.528
-131.216
182.303
138.185
-209.844
187.455
19.266
145.422
-13.6713
-22.6706
9.30183
101.193
30.4963
-15.3051
-9.85665
-173.866
88.7392
153.249
306.285
-65.7825
19.5699
-75.933
203.326
-208.049
98.0773
-58.6525
-20.2281
-118.205
119.049
34.0283
-29.452
28.733
254.115
147.703
-85.0909
-57.0109
-199.752
34.782
43.9925
-104.254
268.276
-244.348
-11.0632
-93.7658
263.954
-121.129
178.712
69.7384
-40.5416
-90.2086
-55.9892
-240.799
8.71287
-90.212
24.5377
49.4051
36.0723
61.3619
14.001
262.977
13.827
-45.8264
37.0282
45.9638
156.162
-66.1018
-45.8781
-23.0667
-16.0288
269.908
11.6856
78.0242
137.568
66.3444
-52.3963
-104.221
-70.8311
229.01
-81.1637
-5.82447
75.7138
-21.5976
-21.2817
25.5724
116.943
-34.4567
311.449
146.612
144.294
76.5527
84.1437
171.581
23.7329
-143.924
-203.261
-75.0636
14.2461
-34.8512
-326.086
-114.55
103.649
195.007
26.5141
93.3416
31.4615
-330.581
-99.3028
47.2764
23.2428
-63.1749
-29.7263
54.7067
-106.216
-32.8845
56.4024
90.5569
-54.0853
81.9694
-53.3671
61.3886
28.2512
86.5011
63.0033
-60.381
-160.713
10.7861
-118.354
-265.235
94.5667
208.851
120.14
-215.641
54.1352
65.94
171.223
196.059
102.438
144.95
16.439
171.323
236.875
43.5543
-202.724
42.6588
70.4759
275.589
45.0601
-130.53
82.2109
32.4799
-52.1975
33.9558
-61.9431
-12.9242
117.221
-89.4923
-122.665
-73.6421
-24.378
68.3891
57.1762
149.449
16.1892
-74.1747
57.4524
18.7723
75.0784
13.6123
25.8167
-237.391
12.6991
48.9414
12.718
21.6893
132.462
-44.152
13.1027
97.1782
138.758
95.987
-65.3079
-23.6195
236.77
130.071
-27.8868
152.067
15.4404
-94.6736
-156.39
-137.567
166.703
12.2826
17.9627
13.7045
-197.253
158.747
168.934
50.0227
6.45355
183.567
31.1113
-11.3627
71.3608
28.9821
-213.192
-125.978
-183.848
-42.0791
61.8231
-47.8639
-131.84
214.697
156.334
29.3296
-44.0454
173.395
-36.9133
-43.5785
-43.0072
63.7776
126.232
-77.1429
47.1255
60.8833
-74.0567
-50.7632
227.993
-14.7763
144.355
-33.8397
-131.568
18.5519
120.131
27.6681
12.4851
-34.2441
9.00578
-24.5689
14.6689
15.9201
7.87714
94.4785
-71.9812
-39.8069
62.6929
312.393
67.6119
107.409
-7.64818
-59.5334
159.375
76.6961
47.2633
-42.9664
-97.0616
-103.773
283.799
-183.592
-25.8455
352.435
18.3363
43.6723
275.635
-205.673
10.5945
-99.0222
6.91706
63.4809
-21.9545
8.6817
31.5336
-53.6168
123.496
62.632
-14.9473
159.384
7.34804
19.3283
-112.285
60.6825
9.68832
163.361
306.935
198.928
78.0502
141.641
-192.248
-13.7527
-7.4217
12.6503
99.5803
-9.54278
32.0181
102.4
28.7865
-88.016
-250.313
142.189
-52.5445
31.2294
35.0848
98.4321
-142.272
131.706
20.9762
65.8311
17.6101
-151.929
-134.461
-326.347
4.00638
108.066
322.953
2.84602
22.6519
-30.4209
276.975
-64.5726
43.7841
112.934
-94.1144
201.757
-114.341
119.322
44.6119
-144.332
33.9701
39.9856
90.9489
12.8302
29.6586
-273.857
-31.4669
73.3558
-31.5006
115.073
-163.735
15.6205
0.662525
-296.085
-88.2103
24.3363
28.3625
14.8667
-26.7219
68.4825
84.1589
50.0532
-100.405
81.9973
-19.6533
36.2558
-67.5667
138.835
144.729
17.9249
153.759
27.1571
-51.7566
-45.4485
51.5118
15.9786
41.56
35.1453
39.5316
-38.2597
-89.8862
76.817
82.0311
32.9831
43.5162
68.5194
-43.5325
188.15
115.187
19.3789
-27.1513
52.8706
-18.1161
26.0551
8.37778
-21.3661
-66.9353
16.643
-32.5564
30.1422
116
-208.812
52.1585
-159.928
-226.305
55.2689
-6.79364
12.0992
40.6336
14.9608
-13.5766
54.2597
-91.0523
24.5424
165.378
-5.95049
130.95
7.89978
179.667
-97.7952
103.329
-214.011
-57.4302
15.6895
341.032
-68.9408
-24.5987
-32.6875
322.808
78.8223
-20.6383
286.353
-51.4096
35.2033
-4.99264
-26.9362
7.04557
97.8548
28.4047
38.5565
22.9886
38.0345
46.1237
-62.996
33.7118
20.1619
8.97822
40.2226
30.6528
-14.717
-44.9333
122.618
-50.6355
95.5363
-259.216
29.3206
19.8742
-28.5858
-168.571
284.477
16.6459
-186.462
-54.1645
-25.4903
81.7603
-337.107
290.421
281.115
-52.9343
144.405
103.448
139.734
113.128
-19.0845
251.225
-39.3388
114.159
295.581
20.0159
56.0034
-70.1413
-144.931
-32.4042
233.867
-57.7423
322.339
24.6861
62.6286
-65.2692
52.9903
352.006
89.5977
100.821
25.2825
13.5363
65.321
159.824
-250.535
-35.6673
-19.9747
38.8518
-56.9026
-51.7209
11.8807
104.468
-291.568
157.052
22.2813
-130.505
105.592
12.4002
10.1701
172.506
10.9354
142.432
13.3843
139.802
80.3435
71.1176
-18.9422
93.9147
-76.6235
-179.569
-67.6795
110.62
83.9029
-230.084
-90.245
-58.1626
72.3797
-66.5993
19.4335
146.598
14.5809
12.3979
17.24
112.181
-140.623
53.749
-29.7236
38.5175
-74.9677
211.269
145.256
-88.7921
-10.0977
26.3968
7.27754
47.4308
64.4214
-30.2409
-34.6305
-17.2961
-65.1955
9.39255
67.0574
228.734
97.8115
-84.8452
17.8583
-65.2169
-19.0631
38.0239
-12.7461
75.5113
58.7202
40.4589
-73.041
25.3225
74.6803
56.6662
83.3856
-62.4194
102.986
12.5728
186.411
-178.688
48.6432
4.42441
-48.7475
34.2287
-74.819
52.7499
121.247
20.1281
11.1763
76.3618
-352.477
118.188
180.232
-12.0877
33.7499
-73.8745
-112.375
253.086
-59.0193
-40.0075
32.6837
90.6943
-58.3502
