456
316
102
103
770
1239
513
503
311
6
181
183
184
185
751
754
241
245
328
298
299
1511
1631
1633
86
86
87
87
221
223
876
876
130
1458
92
95
2677
1369
2575
949
2169
423
226
227
228
229
276
396
371
210
787
789
23
852
403
497
898
899
899
1364
2861
1081
1590
832
562
564
1392
1394
2313
42
1381
1382
2883
2883
1483
1483
1483
604
1892
1894
626
918
918
920
2161
1639
1525
2193
2194
2234
1176
1144
1991
1992
1020
362
363
1316
857
670
670
1559
1641
1672
2553
2554
2591
2591
113
114
1577
1580
599
600
556
558
14
1946
2431
2432
1371
1374
771
2453
708
2116
2119
2120
2120
636
639
2366
2369
804
805
1549
1549
2254
2136
823
1856
1768
1352
1352
1354
3679
3680
4757
1775
1104
2496
2498
3081
3085
581
583
584
2212
2214
3782
2901
2902
2903
2904
4052
5097
5098
5098
5100
2509
2510
2301
2305
1810
3601
2483
2484
2484
2485
3129
3129
3940
5051
5054
5055
895
2562
1276
1279
1280
3972
3972
171
1062
1064
2114
2957
3149
1160
610
4026
4415
4415
3008
4551
4555
1396
178
3386
3854
1726
3687
3688
785
2979
997
1406
165
3143
691
2218
3068
3069
3069
2670
2653
2655
6398
6399
3607
3607
3609
4287
979
979
979
2556
2556
2846
4566
4838
5545
5545
3668
6188
1233
4293
3716
3716
3716
3716
3720
5207
5210
1568
1569
3073
3075
2127
2129
5175
4486
5749
2649
3682
3683
3684
3439
2681
1140
2712
2713
4671
4674
4674
2899
4762
1668
3698
3700
3691
3541
3545
4367
3550
5222
5850
662
664
665
7162
2622
2624
2624
5085
2206
2043
2044
5653
5655
3253
4068
4068
4069
5425
5396
5398
4301
4303
4305
5112
2535
2535
6626
6626
6626
6576
3064
3368
3369
3551
3552
3555
1721
7062
7063
7063
6237
6238
6238
656
658
660
4146
6276
6278
6280
416
2767
2768
2769
3992
2135
838
5777
5780
4140
5156
4251
5592
5593
4260
6790
6790
3378
5909
7713
6338
6344
6345
5128
5130
5922
687
1829
5305
6608
3576
7613
6072
6074
6543
6791
6791
6794
6145
5781
5784
4584
6549
2541
2544
2544
3406
3408
3410
1206
1209
1209
5028
5030
4172
4174
4695
7269
1799
4971
6455
911
914
1527
1527
8309
3107
5938
7789
4825
6116
6116
7845
6052
6053
6053
6054
5235
7518
7519
7519
7519
6253
5879
5893
8849
8849
1815
6803
6804
1840
5102
5102
5103
5105
6104
3533
3534
3535
6389
6390
3741
7628
7628
6714
4967
8928
6779
6780
6733
6734
8362
5726
6061
6621
5344
5602
5676
5565
991
993
5251
5254
6085
6085
2948
3623
7333
7334
4543
4439
7536
7111
5822
5825
5795
4362
6891
6892
6892
6895
4977
4509
6748
4735
7406
9435
7352
6009
6946
6947
4617
6481
5566
5587
5588
3733
6371
7106
7412
7412
4772
4775
7648
7649
6323
6325
5933
5933
5935
3646
3648
4667
7387
7636
7636
5599
8819
8616
5698
5699
7201
6211
6813
6813
6814
7396
7397
5131
7879
5917
5917
3935
3935
7457
7458
7458
9047
8674
1444
1444
1445
5037
5624
9957
5282
8888
7573
7214
4153
4705
4886
4889
2364
2365
8289
3600
9963
9967
3820
4050
4050
3618
5864
8476
8479
6965
9296
10754
5868
5869
5869
5742
7265
7309
8738
8738
8739
10023
7275
8605
5176
5178
8878
7316
7686
7513
8922
8924
9846
9847
8217
8220
7793
7795
10853
7564
9267
9268
9269
7131
8517
8520
6312
10997
8625
9438
4877
4879
4353
4354
8498
8940
6471
6473
6474
6475
4322
4325
5339
9264
8302
8304
6287
7667
8074
6823
10355
8460
8460
8541
7981
7981
7982
7983
7984
2276
9006
9009
9123
8606
8761
8761
8764
9447
9447
9423
9423
7278
7278
7279
7280
7818
7820
6852
9072
7336
7336
7339
6919
10101
11411
11413
11414
11019
11019
11039
9678
9678
9271
9273
9274
10411
11338
11339
8645
2442
7442
9505
10324
10759
11172
11173
11139
11139
5738
5740
10134
9880
11748
12008
12008
12010
8586
7782
7782
7784
9975
8495
9032
7013
7014
6687
11738
6428
7004
10628
1571
9394
11914
9622
8148
8149
9809
9810
8110
12201
12203
12203
8872
8873
6442
6444
8732
9586
9165
4081
5226
5230
5230
11255
11447
11448
6227
6694
6695
8864
11292
11295
11295
9406
9407
9408
6224
10098
11928
10570
11107
11107
11954
11955
10898
9977
9978
9915
9915
8682
5902
5902
7760
4749
12128
3041
3044
5662
11126
11127
8719
6672
6672
10432
10433
7974
12331
12332
12332
11163
9281
9285
9922
9259
9260
9528
8744
9289
9290
5681
5684
11093
9718
8226
8227
8229
8857
8858
8859
11526
11530
4308
4310
13023
11457
11458
11459
11641
11643
5881
5883
11351
11352
10284
7892
7892
7893
10456
10457
10458
12941
12942
12944
12945
10943
10944
9920
11868
8092
11512
11513
10619
8413
8415
11957
12883
12884
9645
11131
11666
11669
11670
8371
8371
10429
10430
10773
11432
11433
7923
7924
9236
9239
9240
11454
11455
11053
4201
4202
4202
9986
9987
9989
10488
10490
8038
8325
10664
11196
11994
10309
8045
10724
10356
10360
11981
13053
13055
11771
11775
9992
9992
9995
4885
12589
12517
12518
11063
11296
11227
11227
12277
12280
12395
10921
10202
11398
12285
11918
11592
11592
11593
11594
11595
13515
13018
13020
13020
13576
10524
11271
11273
9420
12702
12703
12951
12287
12290
13094
12932
12934
8829
8830
3841
10826
10827
10829
10829
10938
14419
9323
12576
12578
14264
11193
11193
11238
11239
12857
12858
13317
13319
11910
11387
11389
4380
11828
11830
9303
9304
12819
14259
13104
13105
13267
13268
13269
13270
9312
9315
13912
9106
9109
9110
15276
11650
10514
10514
14308
14308
14310
13458
13116
13116
12566
12568
13207
7455
14184
8751
13146
12779
13404
12629
12527
12722
7055
13532
13533
12239
11786
10735
13338
13340
13340
15112
12607
9691
9691
13639
13639
12231
12233
12926
14932
14934
6972
6973
7447
7449
11857
11859
13806
13808
13756
12616
13788
13441
13441
14058
14058
14059
15264
13611
13612
13614
13432
9187
14201
14203
14205
13028
14052
14052
12696
12699
14466
14466
14469
10766
9556
15767
15769
15769
15482
14986
14989
14989
14990
9862
16286
16289
13713
13714
11862
13003
13203
10093
12515
11841
11843
12823
13386
11403
11403
14024
12341
13853
13139
14064
14171
13171
13007
16097
15116
12775
12753
12895
13781
13782
13784
12562
12563
13166
11258
11259
8167
8169
12802
12804
12804
14285
14089
14089
14089
13647
13649
13649
16468
16469
16395
16794
10656
15869
14103
10902
11833
15627
15627
14412
14560
15093
7096
15826
15827
13706
10986
12538
12328
12329
12097
10364
13499
13503
13503
10651
9934
15581
15583
13107
13110
15181
11707
16523
16524
16524
16525
12833
12835
14772
14772
16966
16967
9937
9939
14345
16889
15296
15298
15299
15376
15380
14148
14148
14149
15167
15760
15677
12044
15138
16894
10954
14472
11803
11805
11805
14153
14154
14155
15512
15514
15514
15846
15847
15518
15518
15520
12693
12694
13163
13165
14187
14188
16726
16727
5992
15089
12798
15702
15703
14081
14082
14389
11712
12613
17282
15286
16559
14159
15342
16274
13559
13559
14207
14209
14210
14210
15979
15980
16797
15284
15923
15798
15799
15256
12897
10450
12546
16417
16418
13813
10671
10675
14391
14646
14650
11213
15053
15054
15055
14814
14814
14815
12996
12998
16707
16709
17962
15028
11702
16121
14381
14383
14385
16647
16016
15479
16833
16834
15507
15507
15510
14731
17679
13013
13015
15235
14348
14350
16858
17470
7193
18002
15135
15691
16656
16659
17991
17992
17993
12541
12543
12544
12199
15022
14269
14816
14817
15229
14780
17872
14522
14447
14450
12992
12995
17087
17087
17054
15156
14332
14333
17841
17842
17845
15914
16006
16010
15410
15572
14657
17831
17833
17835
15897
12048
17106
17107
17107
16606
16610
16496
16109
14634
15750
15750
13126
13128
12123
12125
17972
17973
17213
15375
18661
18663
18664
16855
15543
16612
14314
13072
13072
15903
13182
13182
13182
16162
11101
11104
16570
17021
17025
16667
17967
17967
17968
15953
16322
16322
14354
14355
14355
15956
15960
18009
18010
18423
18424
18424
17391
17392
17393
17395
14376
14378
14379
11331
11331
11334
11335
17364
13341
13344
18150
17005
16103
17151
17154
16531
16532
16534
17986
17987
17989
17989
13988
13988
16143
16145
16078
16080
12429
18180
17402
17404
18091
18091
18094
15333
15333
17354
16429
16430
15966
15966
19062
18386
18390
14947
14948
14948
14950
12116
12117
15660
17344
17334
17684
15309
18556
14138
14138
16091
16093
18861
18865
16543
16062
18972
16551
16553
16553
13678
14163
14164
13288
14109
14110
18321
18322
18272
18272
18274
18275
14007
14008
14008
14008
14751
14753
14754
19151
15655
14488
11499
17547
17548
17548
17548
17550
18880
13295
18258
14758
14760
18231
18233
15836
18541
17847
17850
17850
18270
17702
17704
17705
13890
15454
15454
17803
17805
18970
18726
18728
18730
18228
17376
17376
17382
17384
17385
16173
16880
16575
19086
19089
19159
17787
17789
17139
17139
18113
18113
19564
18455
18646
18647
18648
11329
15146
18588
18589
18590
17840
18391
18392
14821
14823
14823
14824
14511
14512
14514
15388
17226
17229
17229
19181
19182
19182
19286
19288
19288
18859
18860
18860
16579
18621
18884
15815
13309
15753
17502
17502
19523
19525
18794
15889
17906
17907
19396
19399
19399
19400
20004
14690
18988
19797
19799
14001
18852
18852
15791
15917
18249
18684
18685
17823
15293
15294
15295
18820
18396
13506
13509
13510
18207
18207
19179
17566
17570
18118
18120
19986
18956
18958
20971
18191
19296
18906
18910
19444
19445
19719
18213
18214
15973
20148
19657
20266
20268
19803
19803
19804
19741
19745
19191
19192
19195
18805
21557
14622
14623
14625
20350
19574
17918
20257
18936
19785
18476
18476
18478
20612
20615
21652
17536
18463
15561
16031
20527
16356
16359
16360
21611
21612
20376
20377
20379
18319
18320
18796
18797
18798
18800
18800
20441
20444
20445
19872
19874
21096
22933
22933
22935
20371
20373
20161
20162
17851
17853
17854
21199
21200
21834
20323
18098
20281
20282
20284
21994
21493
21493
21493
19732
19735
20214
20214
19762
19762
19763
19765
17452
17454
16661
16664
20676
20679
20680
20683
20685
16118
16120
19887
18917
18918
16921
16924
16925
22175
19425
22611
22611
22613
22613
22614
23224
23225
20689
20690
18602
18603
19342
19344
20717
19591
18911
22716
22717
17893
21040
21551
21748
21749
20092
20094
20094
22970
19843
20892
20832
20833
20537
20156
20156
20158
18739
20699
20452
20454
17368
22502
21138
19251
20663
21069
20464
20464
21252
21254
21255
16703
16705
19962
19963
19964
19964
23094
21080
21902
21903
22963
22965
22965
22965
20827
20827
21741
22893
19546
21126
19973
18136
17667
21324
21325
20111
21456
21459
23191
22663
22664
20651
23196
20457
20458
19478
19479
19479
19689
19689
21361
21363
19409
19096
19100
21226
21226
17118
22257
18790
22592
22594
20940
23185
23096
23096
23099
23100
21648
23173
23174
20497
20497
20497
20500
23549
21549
20574
20210
20844
20845
21693
21694
21694
22314
21264
21635
20017
22856
21483
22617
22618
22618
22618
22499
22123
22125
20931
20934
20935
20603
20603
20108
21976
21977
21978
21161
21161
21161
21162
21165
23180
23180
22342
23487
23206
23208
19899
22837
22838
22839
21441
21444
17588
17589
17589
23131
21594
22981
23065
22086
20906
20906
21728
18489
18778
18780
24939
21641
22566
22570
22570
21690
23235
23235
24930
24086
23303
19806
24384
22457
22457
22458
20367
20367
20368
23582
23584
24136
21519
21520
22166
22168
20242
24779
21683
21004
21181
21183
22100
21166
21168
19284
22986
22990
21572
21575
20708
20986
22078
22079
22756
22758
21286
21287
21290
21273
22811
24636
20446
20447
23882
23882
23883
23884
23885
21461
21462
20015
21636
21637
24696
20021
20021
22808
22809
23399
21339
21340
21340
22275
24871
22745
24763
24764
24764
24232
18403
18404
24244
23594
23321
23324
23701
23701
22993
22994
22114
23051
23449
23450
20521
20525
24731
24732
22746
24397
24400
23046
23049
24676
19665
21422
23778
23780
20642
24324
24259
20816
22269
22270
24858
22182
22183
24236
24757
24757
24759
23038
23735
24488
24547
20811
24724
24984
21785
24247
24632
24634
23128
23129
23306
23310
24520
23977
23980
21959
21960
24558
22829
24147
24150
22433
22433
20878
20880
23080
24729
23648
23649
23650
22401
22427
24344
24392
24394
24836
24839
24839
21233
21233
21234
24529
24530
24916
19135
24736
24739
24740
24107
24108
24109
24913
20490
20231
20234
20235
23929
23497
23498
21672
21675
23970
23951
24291
24291
24292
23330
23290
23290
23342
21596
21600
24421
24423
22289
22290
22886
22890
22669
24309
24309
24541
24541
23335
20962
23041
23042
23045
24587
21709
24910
24794
24794
24114
23781
23782
23784
23785
24899
24657
24658
23587
22422
23356
23360
22411
22414
24226
24229
24843
24817
24820
24049
22060
22587
22588
24212
24212
22321
22323
23802
23805
23666
23668
23668
24057
24058
24060
21530
22692
22692
22694
24055
19932
19935
23608
23609
22491
23362
23656
23154
22362
22363
23033
14907
14908
10809
5145
13235
16052
7431
7434
7435
24622
24622
24623
2261
2264
1242
1242
15790
15790
5695
16398
451
12321
12324
12389
12389
12390
13036
13036
9177
10006
10007
24125
22584
1678
10123
14810
20134
21395
19668
19669
19669
6925
477
479
22789
22790
717
10112
10113
20141
16778
19531
19532
19535
24497
24498
24500
14916
14920
14920
1927
21862
21863
21865
1737
8918
8920
8504
1681
15318
11146
15019
11305
3862
3864
1212
20393
17699
3507
3508
8427
16787
16788
19320
19320
4356
4359
4360
4360
4578
24375
960
960
16450
9562
9562
9565
21000
15986
15988
1126
1128
8713
17161
20278
17298
11683
13156
13158
13160
6863
10120
1418
1420
1116
4996
4996
4997
18239
17027
17030
5358
21661
21663
21663
22600
22600
21370
11721
11723
11725
10178
8758
8760
15221
15222
16331
16334
16335
11242
5429
2877
2879
14278
21752
21754
8416
2583
9252
9254
18639
18640
7329
7330
19168
19170
14915
12876
12876
10474
19613
16621
16625
13041
13041
20730
1649
1650
7721
7724
20471
8367
5475
5475
5475
19354
2186
17937
17937
17938
17939
17940
19404
19404
9536
9537
9539
5688
5688
13748
3373
24851
24851
24852
24854
9052
9054
4077
4077
1760
15615
5236
20479
14968
14969
23770
17456
17457
5315
21346
21346
13582
13584
19957
7737
13801
14857
14858
4942
4945
24199
1024
11566
11567
11568
6098
17896
17898
16157
16159
1749
14397
14398
20862
20865
2221
1042
1045
10543
10076
10079
9672
22537
5981
5984
9784
2172
23798
6153
20595
3116
5468
18596
18599
18600
19085
9427
9427
9429
11324
13602
13605
20622
20624
20624
20625
21307
21310
4248
20791
20792
20795
3927
3930
2450
10291
10291
10292
7584
8584
23084
12252
3967
3969
3217
10437
11767
9333
4390
19363
19363
14482
8562
8562
17806
17807
17807
6199
1333
3556
367
367
369
369
10892
10894
10894
22974
6033
6035
6013
6014
14018
12986
12989
15822
16457
16458
3814
7996
20439
2093
14552
8382
5807
7226
7229
1015
17722
17722
17725
18197
18197
19936
19938
19324
19324
15558
15727
11947
5950
9941
9944
9945
21610
1069
1070
1350
13621
18591
4788
19827
7047
7047
7049
9797
9799
12806
12806
12809
570
15356
7683
23612
23614
19771
7105
14071
5819
351
353
354
15392
15393
10371
10373
10374
23298
23300
580
7741
7742
4278
4280
12441
12445
20412
20415
21972
21972
24070
5089
21468
13226
19420
24781
8474
16406
16407
16256
2297
2297
2298
22896
22900
5656
5658
1776
10028
942
12758
4550
15106
15109
5402
5405
12853
18018
18019
18020
20046
7073
4424
18841
18845
1038
1039
19393
1981
1984
16154
8270
4994
17196
14495
19702
14247
19790
17827
17830
17371
17375
13586
13587
2618
6412
6412
6413
6413
6414
6414
16303
20100
21659
16696
16700
12870
21156
13240
2147
2150
15204
15204
19120
13194
23011
23013
11635
13657
13659
13659
13659
13659
16047
4218
13702
723
723
724
19998
884
14696
14698
8249
7888
2039
19301
20821
16235
10600
18251
8011
6247
11855
24477
24477
11306
13264
13265
13265
17602
8555
13272
16999
21326
21326
21329
6500
6500
20803
24367
8141
8143
8143
20980
5626
5627
5629
2792
2795
9231
9232
9235
19007
19008
10716
10718
10720
24296
4908
4910
262
24538
6329
7631
7632
14651
14655
1542
1543
9629
9629
2062
2063
4661
4662
4664
10611
10611
10615
5012
16005
8345
21778
11501
10053
10055
16864
3529
3530
9532
8334
8335
8335
3751
3293
3295
14574
14574
14596
14596
14504
5322
23562
24131
19969
442
11034
13764
14639
18064
20674
20675
23270
4221
1087
1088
4238
17360
131
132
132
132
3346
3347
3349
3350
15803
18276
18278
18278
13396
19949
8059
16329
14726
14729
3655
5371
7954
7954
17044
17045
1051
1052
1052
1053
14670
1496
13834
13835
3443
18456
18456
18459
13751
13754
1491
1495
6568
4301
4301
4481
9470
20076
20077
20079
13798
13798
13798
13799
13799
24316
16113
16115
5498
2197
2197
1979
18055
15740
22068
3227
24683
20927
33
33
34
14232
14232
14233
2068
21087
18633
18633
21937
14601
15711
15711
15713
2374
22265
13061
13062
13064
13335
17146
17148
17150
15494
15494
15495
13891
17859
8725
18656
18657
18657
18658
302
777
2381
2384
2385
2385
22646
22647
14079
10831
22834
21678
309
310
15439
4525
3446
3446
3448
18710
1034
23367
12603
12710
23136
19723
14374
14374
14374
14375
2641
157
24796
24799
2032
2035
7832
9611
20101
4936
4937
4939
7482
9811
9811
9814
9181
3921
10443
8967
7032
7033
6439
273
274
275
275
116
17815
17815
22285
22285
22285
16126
16129
16129
20264
8292
1196
1199
4558
4560
10579
9340
18924
2006
2009
2009
12862
12864
3317
3318
20629
21215
16620
19276
19277
18375
9856
17692
18929
18832
431
432
10991
10995
18189
3163
21124
4720
10501
13493
6807
6807
2081
2085
21537
21539
7761
7762
7762
11931
11932
11932
11934
12962
23912
13717
13718
23557
15324
15325
9772
9773
9775
17654
17655
17655
2408
20435
9065
9065
12336
16530
9078
9079
1337
1340
10606
10609
10610
23021
23021
23025
22227
15314
21941
21944
9166
9169
9170
2709
10585
11159
11160
11160
15540
17208
4206
4206
12242
12245
21854
13574
13574
13575
20236
10493
2438
9696
8837
8839
8840
1873
4492
23851
20223
20225
11751
24767
11537
11540
16605
20381
20385
5844
9506
9509
13631
4752
4754
1605
11676
11677
22307
17650
3158
3160
1162
21543
21544
21544
21544
16756
10693
19031
19032
12433
12435
22531
7663
7665
9709
9709
11370
4801
4802
4804
3191
3192
18553
18553
18555
1507
12106
12107
12108
8793
8795
8795
7374
22292
18077
3258
3259
3260
1910
8171
19682
21210
19606
19610
21006
19851
1027
1027
1028
22143
6090
14531
17113
17113
11552
1289
1290
1258
3740
23757
23757
23757
16768
8284
828
23006
23007
24348
24349
24350
13304
3205
22956
22957
20390
1229
1229
14302
20887
20723
15689
6494
14853
11439
22734
22734
21711
5705
24029
9383
22508
19073
5558
5559
20468
20470
20470
12781
931
5927
5927
5929
7402
13874
8984
3305
7093
7095
13567
13569
3868
18073
23443
9513
12162
9592
13721
5758
3673
13214
19551
19552
19553
19555
3017
3019
7042
7045
14891
3166
3167
3170
8212
14846
14849
14850
21797
21797
4162
4163
12717
12717
12649
12174
10978
15449
5331
20116
20120
10984
4892
4894
16308
16310
4340
16378
17267
17268
1823
4245
23901
683
12711
12714
12714
16176
8814
13542
13543
21816
21820
21820
15398
15400
15400
20427
20430
9151
18692
18693
23110
1700
13859
2462
2462
2465
14692
14693
14693
14694
14695
14695
10496
10496
10499
2722
7987
7990
5951
15619
15619
11507
11509
1186
18281
23090
20883
4091
792
792
12466
14609
471
12559
8126
3329
3329
3330
5979
19232
19597
19599
18225
6596
6597
6598
21092
17522
19146
19147
17431
15646
15650
7117
7120
18103
18105
23572
14956
1581
15212
15214
16089
2351
2355
16252
19002
20631
22482
22483
2944
5108
988
10109
4036
4037
19220
22453
22454
22455
10301
10302
10305
358
6391
6392
15532
15535
14928
14928
10233
19129
23936
524
22526
22529
22529
21218
16950
16950
16950
18121
1531
2971
2972
16926
12177
6486
6490
15336
15338
15339
21621
21622
489
4934
5852
5854
15568
22443
14460
2142
2144
20032
20034
20035
108
110
12269
12270
12270
8440
8440
9131
9133
9133
22116
22116
22119
235
21024
21024
18848
18850
18772
18773
22796
13553
13553
1439
908
15083
15085
21918
24566
24567
24569
21205
20416
21112
21113
22823
14292
23146
3750
144
17533
20576
20578
20579
20580
13979
13980
18531
18532
18534
15831
15832
10820
18381
18382
18385
23896
6121
6121
2742
2745
18564
1686
1690
1945
10556
10556
6017
6018
6018
12971
12974
15105
22480
23786
23786
13661
21186
21189
1480
6992
8557
15422
15425
11072
11075
10507
10509
13056
13057
8748
8749
15126
15128
15129
10516
11544
1931
24442
24444
24521
24522
463
23811
23812
23814
23815
492
1264
7158
7159
7160
15040
7130
18714
19501
19502
19504
1966
9481
9482
3958
15059
7421
7424
7425
7425
10624
9353
11784
887
889
7900
3237
3238
9067
21793
21794
14673
21153
16248
18347
19866
19870
19870
7542
18109
22330
24647
9441
6887
6888
15121
15124
6613
5581
16581
17782
16920
17996
17997
18000
6001
8468
9291
9293
9294
2626
6267
6269
952
954
4612
4614
24328
24330
13956
13956
13956
16038
21191
21194
8547
8548
8549
8550
6446
6449
10150
24923
1626
1627
21266
21266
21268
21270
21270
20061
10587
10588
10590
10066
10068
6161
6165
1876
1880
13241
6355
18511
14993
17316
17318
17318
17320
22624
23512
1302
1305
6194
15938
8311
22420
14228
122
123
124
125
24901
24903
20316
20317
6410
12473
12474
4608
20541
6681
6683
6684
16594
21839
16181
16181
16184
16184
4075
4595
7070
256
257
259
6502
12087
12087
6181
11470
4863
5503
1711
20178
20180
9681
9683
9685
6572
6573
6574
2923
16189
24747
9525
9137
4697
4698
14336
14340
23671
23672
9902
652
654
5047
9208
12658
23696
4916
5384
18963
1966
21734
8569
4187
2608
18448
18449
411
412
13446
13449
13450
13923
14832
14834
14835
20227
20229
20230
11963
12673
4375
12029
928
928
9606
9606
9610
1009
23889
23889
10381
10383
6527
4179
6309
5041
5041
18576
18579
19908
19908
2421
2425
16318
3121
17123
15818
17169
2840
6350
24128
24130
24130
1888
3724
10050
23467
24946
24947
2806
2807
2808
2809
2227
2230
18887
14095
13536
13537
13537
13539
13539
19261
5798
481
19227
11846
11847
11847
5531
1657
19052
19054
19055
5492
5495
15733
20059
20060
24616
24617
24617
24618
24426
7813
7814
7815
23717
10668
8992
9581
14886
5547
5548
21696
21698
21700
7680
4102
13598
13600
13600
3456
6000
526
15661
17560
21117
21118
1653
9041
9043
9045
3661
3665
13468
13469
15910
6304
19538
19540
5612
21400
21400
7532
7535
6077
6078
6078
6080
24508
24509
9245
20836
20839
22211
18145
2932
2933
6668
6593
6594
6595
3357
3358
1835
1835
1835
10183
10183
10185
12506
12506
15382
21929
11348
11350
20072
10920
24143
11637
11639
9576
9576
9577
3454
19041
19041
19041
17347
5306
4297
11057
11059
6533
6534
6535
2356
467
470
22336
22337
22338
3171
22853
11699
3704
11968
11970
17755
23067
18471
18473
18474
11942
11942
11945
22801
22543
22545
5264
7427
10787
10788
7208
7209
17687
17689
15154
23311
23311
23707
23710
4706
4708
4708
2752
2523
6927
22370
19078
10416
10418
10419
746
7496
2548
2549
2550
4227
7296
7296
7297
11262
18642
18645
5537
3289
16978
16242
23722
23725
4781
4783
4784
10173
24187
24189
20554
1847
1848
1848
1849
2326
6837
6839
24571
15622
15623
15625
4640
23395
9983
9985
6207
6210
13217
13218
13219
283
4001
4001
20027
20030
13475
12622
12624
12625
4311
9546
9547
24402
24404
18090
14678
14679
13769
24275
24034
23143
23145
10211
10211
10211
10212
10214
10215
10215
12417
12420
23164
23164
6561
6562
16381
16385
11099
13607
13608
19432
14766
15707
15707
5518
5519
10648
10947
10948
14611
6468
4777
4778
21343
2691
2693
19671
19671
21906
6356
6358
2698
10803
8102
19891
20781
20781
5523
8380
8380
14746
14748
14749
13437
13439
13683
17126
17129
19453
19454
19455
11840
6416
6416
6417
23925
9156
11757
10264
2152
2154
7586
7590
22602
17445
1308
1310
1310
17923
9996
9997
9998
9998
20993
12261
14901
6167
3488
3489
1923
3222
16681
16682
16685
13284
5378
4433
4433
14626
14627
8778
23986
23987
6828
4730
6764
6765
24387
24705
4626
4629
4630
12032
8445
10042
3772
12766
6401
6401
6403
9686
9687
9688
15071
15071
21881
21883
21885
23020
10689
20959
11078
7567
19436
19438
8098
8098
8099
8100
8100
10154
22700
5168
5168
5169
321
11576
11578
10931
10934
10935
23715
21238
21239
23340
3872
8432
8433
8435
22192
13347
13350
22977
9248
10230
20701
22769
11902
11903
9357
9359
20912
20915
17037
17038
17039
22398
1284
15997
15999
16000
16000
13729
742
12228
24412
24414
2457
2459
2459
21048
7140
20970
9603
19919
10280
18572
3585
23908
23909
19306
19308
19309
19310
16361
24755
24755
24755
24823
17616
17616
17617
17618
17618
17619
10237
7377
7379
21401
21401
21402
21404
21405
7548
11343
11343
10275
9016
22950
1405
10957
10958
19863
19864
5633
5635
5837
17248
17248
17250
1430
981
982
983
985
5787
5790
17172
7869
24061
10345
6725
633
635
23005
12166
12170
12170
21020
18733
9887
21496
21497
21498
21500
2891
2895
5390
24889
24890
5710
22755
24601
21258
17186
17188
744
18866
18866
18867
17245
18626
18626
18627
1706
13351
13353
190
11381
11384
17518
17518
17520
12643
12645
4419
3628
4008
4010
17291
17291
17292
23946
23950
9518
9518
21041
21042
21045
6585
15641
15644
8934
8935
22334
1411
1414
6131
8401
8403
18996
18998
19000
19000
5418
5418
12316
2291
2292
2294
20618
19587
19587
11598
18569
5298
24786
24789
20875
22722
9146
9148
816
816
5117
8138
18751
17156
17159
19680
19680
19680
1270
9875
12091
12091
23755
18307
18308
18310
22780
15636
16149
2029
24287
8973
11925
1701
2707
2708
3756
3758
14951
14952
14954
12746
5804
11630
17719
763
764
765
8451
8454
8455
13417
17203
17204
2378
24447
16952
16953
16909
12872
10914
14041
14043
19336
14178
14179
14976
22849
22849
6148
12158
24772
24773
16740
5666
5669
3336
3337
3339
3339
3340
22103
14049
16772
16775
26
16958
16960
12133
12135
14321
2501
2502
2505
4596
4596
8161
8163
15765
6841
2967
2970
1695
22640
1021
1023
17437
17437
7080
3595
10288
14271
17047
17047
218
220
7393
14133
