232.735
381.092
232.631
306.278
297.39
123.037
384.862
0.0505128
307.236
29.6029
429.332
284.956
98.3419
134.347
9.78264
324.771
0.607818
301.415
297.935
0.338012
303.477
378.327
114.114
462.279
461.876
430.164
278.617
150.732
100.311
360.194
83.4455
368.751
201.379
310.037
345.444
260.064
462.291
216.782
303.657
122.373
323.136
253.644
309.682
232.563
69.7481
382.853
31.8792
204.145
446.495
454.392
382.339
364.396
233.051
352.15
341.237
0.824414
390.94
461.401
437.445
404.54
291.225
457.286
348.826
86.6191
321.432
149.325
462.854
189.742
136.753
200.514
206.051
136.593
286.56
56.265
142.383
325.818
273.746
218.131
166.994
432.768
429.543
335.66
462.125
300.386
10.3391
244.893
405.36
235.881
334.749
-0.0868547
164.092
298.472
305.64
67.4508
287.131
134.61
358.748
153.634
299.04
375.228
411.191
299.589
245.004
410.737
210.528
340.952
363.801
462.025
448.528
91.4113
227.988
431.956
349.064
0.201006
426.586
462.483
451.289
340.746
462.8
213.81
229.118
164.583
17.2858
171.645
289.815
209.027
325.434
334.987
300.927
406.966
0.235274
326.617
462.366
17.5839
117.178
269.999
260.461
178.378
402.579
61.8927
88.444
301.688
317.083
142.441
368.686
261.504
376.046
435.679
308.215
19.1066
387.043
293.883
312.987
216.344
30.5134
312.599
267.686
281.467
334.643
368.132
370.953
278.255
462.638
462.113
217.074
0.274886
240.338
399.999
462.243
217.961
461.923
370.124
462.231
308.286
192.123
173.645
226.061
186.315
331.665
72.1792
259.533
462.148
0.200967
324.314
152.561
395.451
339.285
190.011
136.407
338.078
0.269078
64.4604
282.387
389.692
291.986
320.236
75.013
201.845
317.065
462.327
169.32
145.691
233.585
375.567
216.884
462.136
53.0401
252.404
199.922
200.485
22.5983
163.812
242.958
96.447
117.571
390.553
336.531
462.04
300.357
315.507
89.9169
462.15
0.442015
213.675
375.415
380.764
388.706
384.372
36.5923
368.898
398.336
462.101
311.953
49.5268
178.894
292.973
462.357
199.521
338.219
263.346
389.488
187.157
264.718
462.293
0.147743
251.328
345.238
21.8983
462.406
217.68
463.58
-0.0706561
423.268
0.204662
462.478
278.94
462.008
462.419
462.202
308.351
173.626
244.715
374.307
271.716
129.634
420.806
6.12536
441.741
45.9795
377.243
145.877
2.15872
258.476
235.234
50.1822
234.127
0.105329
411.058
10.861
332.188
0.300598
150.055
380.435
99.6747
61.0878
308.409
277.132
462.081
462.465
332.654
363.911
398.376
214.169
183.848
165.067
315.144
135.126
293.22
183.562
349.417
213.976
426.837
392.657
53.9013
310.041
375.096
46.5483
222.882
234.252
107.131
269.861
5.80137
287.683
461.64
68.837
229.947
418.474
219.544
214.72
155.563
343.176
264.542
462.166
444.448
248.198
297.141
128.783
324.725
137.146
462.132
461.336
296.445
271.196
335.641
6.4828
293.334
309.768
462.005
169.376
418.794
462.096
439.454
181.087
346.535
118.04
462.076
462.403
0.352872
102.601
192.521
65.4334
461.949
330.358
10.6215
189.779
254.847
331.555
352.475
333.296
206.867
462.203
261.631
462.181
147.964
351.605
0.0766644
99.2564
137.121
283.674
117.701
222.552
462.421
338.182
322.646
44.3014
219.395
462.4
318.289
198.873
359.06
1.33473
462.329
413.259
462.394
377.728
257.092
451.999
-0.24011
66.3671
461.772
439.313
193.471
300.57
163.842
343.447
462.472
445.117
456.523
0.831737
130.58
462.081
1.00401
408.016
0.238165
361.842
462.295
202.768
0.541897
11.3163
457.693
461.563
233.614
462.119
340.345
288.895
282.407
377.375
283.599
294.874
462.14
300.685
61.8233
321.183
0.527842
164.663
351.578
356.685
302.875
462.062
286.964
116.677
252.923
456.168
361.655
462.245
358.321
377.849
388.738
341.998
47.35
100.417
179.048
138.184
146.692
448.905
377.519
426.088
138.442
275.729
271.707
368.95
270.304
350.259
77.5028
310.764
176.694
191.057
406.989
252.838
0.118335
390.126
150.305
365.323
379.2
283.423
59.5181
112.545
461.98
32.0079
163.412
345.122
58.0194
148.861
320.776
462.327
152.427
462.45
288.107
272.68
351.11
241.114
371.269
261.02
372.619
462.075
286.874
448.937
194.731
225.844
461.985
26.0058
235.288
5.98937
462.254
227.153
186.419
207.995
370.241
397.417
164.651
283.479
137.409
253.226
193.074
254.418
216.801
413.448
198.044
55.6094
448.273
428.139
403.655
365.773
0.303778
356.23
461.966
298.312
163.873
462.298
440.428
12.673
277.019
174.414
315.265
216.197
462.285
250.037
42.5817
0.549521
376.173
313.191
390.676
274.194
384.804
456.001
395.002
25.7608
338.801
266.475
130.132
462.181
177.71
330.904
323.335
91.2631
0.485813
461.815
273.643
300.576
263.6
132.018
360.807
160.921
360.383
303.179
146.869
298.027
227.716
88.2099
120.11
439.718
82.8952
258.999
119.184
461.989
50.6226
138.721
405.629
248.236
343.547
413.019
81.6159
241.503
88.4168
344.503
238.127
462.059
335.258
462.126
183.003
273.441
462.079
0.0147667
349.04
161.418
208.444
71.0792
340.252
254.319
462.229
124.171
70.696
232.91
368.266
461.126
371.646
3.01292
273.881
263.089
433.05
461.952
461.06
27.4344
462.308
155.825
462.087
196.386
268.568
424.064
38.9838
167.642
250.435
96.7005
422.755
184.547
4.87733
420.44
296.857
462.121
300.745
462.268
102.618
262.165
377.345
363.852
461.796
167.614
317.425
407.576
146.522
332.531
100.708
248.406
191.942
315.286
232.255
462.43
0.168923
295.138
232.991
236.005
353.526
279.053
238.557
462.124
372.555
441.047
453.314
462.362
0.0893365
347.781
224.958
462.199
-0.177457
272.951
454.811
403.034
443.537
82.2879
462.217
371.507
289.462
430.179
51.5618
240.998
374.449
290.044
74.0942
370.669
273.121
62.5784
197
223.905
199.255
336.493
241.359
270.987
130.254
106.27
55.4579
41.6295
222.689
53.1066
203.538
1.74492
462.108
462.568
352.593
428.083
339.253
397.201
244.663
33.7214
131.71
462.085
184.417
391.335
288.525
383.447
395.596
443.831
223.146
251.518
358.658
322.926
330.264
77.2284
280.263
309.353
376.966
341.896
462.331
397.596
114.032
379.554
416.936
388.597
449.728
354.509
462.252
65.2026
61.8829
394.904
462.294
371.471
418.908
316.681
166.313
77.0598
136.17
51.8144
0.247977
0.412038
462.192
129.172
170.566
241.655
0.58127
179.234
98.1436
358.31
223.195
317.965
0.245654
326.968
462.19
308.945
0.51392
366.553
60.5523
139.009
462.176
321.129
179.707
232.585
284.562
289.56
362.357
15.193
462.012
9.80477
413.21
0.202488
89.3992
414.444
310.624
89.2604
264.867
399.326
356.145
243.1
462.065
197.617
290.88
462.068
256.434
243.294
452.771
0.369672
209.656
225.713
362.161
5.015
259.283
62.6123
160.96
462.425
462.239
408.726
229.703
327.48
281.093
122.705
406.375
317.955
194.68
155.153
145.435
461.835
462.077
462.076
201.479
461.709
227.125
80.6997
279.73
462.27
392.096
462.285
320.315
461.668
462.052
403.111
330.027
431.026
0.476828
245.314
328.238
308.927
0.237838
441.474
274.07
444.62
455.958
59.449
359.789
462.245
328.829
436.786
462.117
407.022
187.895
462.219
362.463
75.672
429.567
364.835
317.387
0.33809
406.17
370.823
390.335
329.655
319.21
381.624
0.0262229
296.629
109.349
255.693
462.41
422.239
249.806
436.241
456.967
453.058
292.885
462.306
158.264
-0.090949
136.041
357.463
349.006
438.666
438.028
57.5718
91.0308
301.888
462.152
461.728
90.8727
6.77205
209.197
376.724
285.762
184.913
461.721
157.061
191.048
147.605
200.282
98.8979
149.34
461.658
0.270868
232.746
380.147
136.273
447.297
362.234
230.036
350.772
462.326
396.77
266.12
462.391
317.319
286.528
462.174
172.247
221.438
233.233
254.583
294.728
198.497
68.8778
246.845
341.945
335.717
286.968
462.306
255.508
431.085
401.335
296.314
440.93
223.408
36.8062
208.44
262.203
61.1881
348.805
294.408
232.334
303.334
325.286
229.076
194.478
104.244
-0.0799374
461.934
293.77
438.459
391.647
353.424
370.064
372.759
292.501
181.328
149.716
72.8837
0.510742
225.422
72.1555
402.967
0.232813
462.255
230.284
282.568
399.744
19.1673
365.371
342.284
373.868
326.81
372.289
37.3324
377.488
109.135
340.761
462.109
340.38
232.527
364.446
311.401
462.304
143.498
208.832
447.674
239.228
5.06176
85.0798
69.4033
330.65
462.235
252.993
125.936
167.246
360.306
71.4749
428.461
462.411
345.866
142.287
310.092
95.039
252.911
194.817
399.275
446.229
264.333
303.159
383.242
396.177
419.348
286.958
278.635
249.551
317.904
453.809
293.898
363.945
235.668
121.133
140.121
428.475
0.128889
317.546
335.685
269.717
220.479
146.96
462.071
462.337
462.063
69.8401
357.445
338.797
386.305
156.233
309.571
400.061
226.01
168.026
144.547
142.664
328.515
0.542568
356.808
260.338
279.587
152.611
330.682
41.5246
60.9379
199.176
0.560652
167.097
251.654
33.7408
219.936
210.388
372.844
97.5333
135.235
379.977
0.315413
435
437.308
183.046
417.149
53.9042
411.388
327.736
378.504
238.684
354.41
180.793
274.634
276.362
49.6542
417.459
167.048
351.814
339.802
45.5176
362.018
100.707
325.274
414.943
125.284
402.587
196.682
113.498
462.348
395.002
125.996
-0.0583837
398.263
307.305
429.239
274.033
364.39
137.14
315.117
233.093
462.221
229.74
268.229
169.176
462.069
301.571
398.517
286.394
297.001
258.186
201.016
174.257
22.2382
421.594
392.217
245.363
298.476
255.761
302.97
268.645
317.836
154.766
361.703
326.856
10.4454
316.341
6.23055
191.775
295.122
182.185
117.745
255.647
156.548
74.3927
379.782
450.261
184.253
82.0307
306.535
30.8708
367.988
368.359
140.223
126.385
245.216
462.234
179.377
147.888
26.1324
437.088
372.234
66.0614
401.059
58.6635
305.769
160.304
167.281
348.796
104.016
426.683
462.26
393.749
162.967
290.624
168.354
174.69
162.033
443.562
462.344
281.391
412.656
305.826
461.908
355.466
279.532
298.244
335.284
324.445
462.214
384.401
282.534
221.275
462.231
402.628
72.177
367.49
280.72
462.402
122.937
122.088
71.3351
368.244
371.196
195.035
128.034
347.629
95.1589
232.538
313.403
134.065
126.319
296.297
277.984
101.092
40.8941
211.473
218.064
327.752
45.7456
462.285
280.441
4.64802
56.8711
428.261
431.792
146.081
462.329
53.984
462.241
88.7267
324.13
247.635
256.069
383.252
151.545
370.262
226.937
357.692
116.693
249.933
328.148
462.039
129.184
314.794
175.383
462.498
264.081
373.284
276.103
359.312
462.345
462.441
211.216
462.178
262.179
251.703
436.445
329.315
132.702
232.193
462.246
386.674
244.621
273.693
376.584
462.463
353.001
416.384
91.3112
134.235
300.313
263.293
1.0987
329.261
324.537
462.309
316.311
462.087
30.3837
446.854
0.273443
441.972
462.445
141.091
260.424
223.264
298.297
253.724
328.299
330.461
376.921
291.088
129.856
389.756
162.1
462.401
402.476
271.642
360.495
0.357639
462.382
348.944
236.779
374.298
101.238
431.707
212.336
429.683
168.948
284.636
415.117
416.069
371.716
381.751
38.8526
327.539
0.377852
411.774
345.082
179.886
324.371
41.6538
213.492
462.247
103.064
49.6947
131.993
281.461
253.017
430.503
98.5792
78.3342
259.627
263.212
451.137
444.833
300.663
461.509
174.907
415.285
455.294
398.572
408.303
449.449
165.124
339.913
430.581
345.327
232.527
263.246
244.15
232.209
257.443
35.766
265.825
349.431
156.288
237.152
354.693
10.9669
-0.591706
369.912
367.26
357.478
27.4799
214.94
316.287
462.425
309.174
191.607
431.522
460.983
255.55
323.867
159.411
122.655
1.2359
461.779
67.3803
180.025
277.772
408.223
462.405
299.805
250.412
126.369
232.232
296.01
0.430547
376.346
288.43
0.277766
462.096
21.3883
462.333
306.657
399.824
361.741
139.127
239.311
347.981
35.2001
461.524
24.8734
306.038
272.64
284.392
363.81
354.304
47.5039
245.62
36.0121
240.526
357.108
80.3921
301.568
308.544
446.689
257.784
110.513
166.222
313.389
462.044
363.881
268.496
113.571
366.558
155.142
382.252
323.481
199.714
445.104
196.375
462.333
258.254
288.118
233.327
428.748
409.441
333.54
157.929
279.238
425.771
462.656
360.41
101.754
322.515
450.296
7.67606
154.134
0.7679
0.166511
462.019
177.024
0.410525
107.36
288.798
187.422
214.18
144.725
0.141312
45.1934
433.358
18.6651
430.177
329.302
353.89
161.707
143.26
367.079
53.0783
199.173
462.112
25.2935
1.18804
49.4722
419.261
195.289
146.924
211.739
232.493
308.336
219.859
232.243
0.399747
362.964
461.538
1.17215
342.238
109.882
377.275
462.325
440.102
346.139
278.79
-0.286445
244.48
186.84
363.401
126.112
382.952
161.72
454.849
356.839
82.743
364.072
408.949
360.879
455.589
348.039
416.634
285.808
265.83
296.786
4.93382
356.64
373.009
414.418
454.83
117.411
200.816
29.0626
462.262
61.3897
143.921
-0.149834
395.791
135.285
451.569
176.7
269.957
425.582
261.54
462.212
306.869
372.309
204.253
374.524
410.642
462.102
279.73
47.7019
171.81
462.342
406.205
326.75
353.267
304.53
345.886
223.678
355.631
250.603
341.156
287.689
49.4788
343.482
435.5
206.586
420.656
392.229
460.978
131.698
96.373
150.025
354.238
415.11
149.197
198.01
462.304
275.114
122.969
2.9298
399.015
368.562
299.299
300.134
299.415
120.141
182.531
131.9
185.925
269.726
59.2086
353.837
206.627
270.906
151.234
412.382
0.817873
391.303
280.37
41.0128
462.067
347.906
0.384079
0.353729
462.038
247.062
347.482
109.926
53.7355
1.89171
187.425
196.42
131.638
322.454
254.23
255.005
345.111
246.258
193.191
27.458
445.065
-1.61134
441.738
121.239
205.05
364.953
255.95
371.254
138.019
16.5366
305.52
192.776
89.9792
344.535
105.471
185.869
0.218107
462.128
10.2041
381.875
438.999
350.975
308.126
388.661
248.012
324.149
282.782
360.568
460.62
258.256
395.442
25.1714
272.161
461.918
462.543
249.906
174.579
414.66
246.309
328.736
357.994
178.182
96.8775
462.273
461.468
265.622
184.29
43.8586
239.375
165.081
162.701
374.713
38.3388
449.003
62.646
462.045
419.862
417.134
406.436
417.339
120.34
462.068
294.34
155.646
1.3165
178.785
0.0854817
462.018
378.274
236.375
358.529
218.482
433.107
232.639
312.316
214.649
126.74
386.776
249.048
385.686
0.114938
84.2139
95.6898
202.923
98.4288
300.977
369.022
342.391
386.89
340.695
0.13392
285.642
301.491
405.958
127.362
216.721
108.44
16.814
454.527
268.124
302.738
138.472
182.472
309.536
462.274
181.023
412.179
462.23
276.972
422.08
322.645
190.243
180.235
462.443
371.065
462.223
333.412
269.509
125.74
424.58
437.57
161.544
462.289
102.22
260.545
145.988
461.722
194.815
232.368
292.358
324.789
449.032
107.481
326.003
283.704
462.234
162.941
351.409
427.48
247.138
445.054
369.695
340.174
0.676727
443.69
232.557
226.231
462.071
462.331
304.772
195.869
278.504
432.976
0.502037
321.05
309.617
-0.207945
380.855
462.332
149.497
210.414
344.569
184.971
461.942
0.143378
46.6636
293.311
210.733
66.1838
140.41
296.411
462.58
203.235
395.229
370.282
117.241
161.014
0.0517128
118.643
134.997
360.061
451.567
462.406
427.265
322.275
238.721
267.999
289.947
242.296
195.541
284.728
384.782
438.014
342.852
384.351
266.603
375.763
137.418
305.094
322.714
1.41909
42.0523
256.719
462.889
232.117
307.401
120.476
4.69616
362.091
123.346
396.904
74.5821
273.191
461.535
253.955
239.668
367.998
290.894
462.098
132.878
462.322
454.837
127.52
306.878
297.6
0.983112
402.206
122.982
235.047
342.331
227.168
461.997
348.836
280.321
86.9514
138.332
446.755
390.959
350.685
360.004
400.702
441.501
450.303
257.862
232.541
150.923
109.762
417.833
229.4
9.50828
368.002
67.0142
95.4558
51.7522
139.887
276.471
462.105
6.75886
284.686
0.101197
427.812
287.899
156.993
462.314
-0.0679278
245.335
413.99
183.731
455.752
257.243
8.1907
358.027
270.85
295.517
43.126
0.928973
1.25753
97.9226
105.482
375.762
238.672
290.185
306.87
462.23
423.262
52.8716
442.167
181.359
439.949
447.621
-0.102777
396.086
462.109
413.861
199.365
141.682
294.586
139.992
248.274
0.155029
287.775
0.240589
335.179
141.358
462.034
371.175
216.069
308.466
462.007
350.283
177.914
200.5
450.088
80.2734
287.902
293.254
95.3239
221.481
0.302067
151.309
267.093
461.794
0.40116
12.7776
36.3835
234.794
214.082
252.761
120.347
425.377
315.976
383.494
170.068
112.366
297.807
48.5242
13.8654
388.075
461.591
294.497
0.830747
375.025
462.24
462.169
9.1979
210.573
460.576
332.743
-0.0645043
462.287
110.481
182.401
396.327
210.354
-0.0289038
395.051
194.456
0.67467
289.648
356.245
0.700174
374.853
16.2176
462.229
0.136349
232.198
322.976
189.453
275.864
462.243
462.082
353.889
425.99
413.279
232.315
401.985
294.998
364.946
461.88
39.7694
462.3
337.497
355.12
357.426
253.09
301.031
384.748
432.204
303.081
462.009
68.9074
282.483
462.029
462.189
197.099
433.108
332.919
0.505235
302.044
136.455
343.824
271.162
229.096
304.53
195.293
191.186
277.135
181.384
322.982
61.9801
170.173
46.6573
248.875
244.552
338.304
263.854
0.0789042
114.839
238.224
454.634
197.857
462.622
216.29
207.284
462.337
215.67
186.074
462.378
271.477
272.876
334.165
360.88
283.106
352.62
296.243
216.275
325.991
90.8692
7.442
351.202
153.514
129.301
69.0578
389.378
34.8616
0.0619393
136.075
332.056
444.007
453.724
371.817
461.856
317.78
350.637
208.432
161.492
285.13
238.538
133.098
178.402
375.493
348.626
246.81
308.055
386.346
462.235
0.451371
461.692
462.098
174.594
276.603
261.839
292.973
457.893
459.608
191.455
199.46
267.457
118.887
105.703
311.534
461.952
461.771
98.5772
334.422
342.747
448.907
175.06
377.419
35.8014
462.067
104.379
407.91
462.182
447.169
150.238
72.1065
401.656
432.049
62.9503
123.834
173.44
151.189
45.1279
322.887
462.128
231.728
384.073
177.005
351.472
108.328
57.3383
289.511
362.171
222.59
194.602
288.493
351.672
421.723
56.6959
461.724
445.363
173.142
39.1511
306.121
320.123
458.505
64.223
127.846
461.892
459.38
398.808
461.536
462.344
91.1929
310.64
462.378
264.874
366.65
460.973
333.689
462.027
382.544
462.086
124.491
240.053
260.879
249.968
334.897
102.254
306.943
249.725
409.349
295.793
42.4828
273.346
23.8643
339.065
271.686
234.743
299.914
242.436
347.555
50.7766
327.133
182.984
260.5
131.255
457.403
82.2926
36.007
300.87
332.459
254.415
119.84
259.807
228.763
462.474
257.861
92.9626
305.517
338.186
462.35
185.509
48.6693
203.189
250.095
70.3909
245.312
30.1823
307.378
335.546
462.438
313.002
302.183
364.021
4.82193
183.824
192.175
437.351
218.222
262.068
387.779
429.461
455.724
265.478
339.985
310.967
462.049
49.417
462.335
318.573
159.8
350.143
462.482
114.843
204.353
233.117
99.9883
402.589
51.107
360.366
80.1612
6.2882
372.878
179.162
423.112
7.46702
133.559
462.024
319.348
218.087
232.613
106.35
412.731
156.922
303.358
0.56308
263.704
358.161
130.502
-0.00619793
374.35
146.827
150.64
355.817
212.063
148.074
461.767
356.739
243.522
163.765
393.544
160.779
322.87
85.8763
304.48
237.299
200.917
209.618
0.498361
299.667
167.844
330.637
355.968
316.365
462.417
315.801
276.887
1.73971
289.796
59.2755
332.477
288.545
382.45
235.59
130.587
218.673
461.633
1.65959
330.538
365.221
433.833
268.875
411.413
404.87
238.776
216.444
275.228
319.27
462.103
461.812
413.319
429.266
232.068
146.567
285.467
337.132
161.566
232.81
171.595
396.663
263.118
461.933
65.0751
332.712
259.868
299.289
127.091
233.351
367.649
30.239
164.52
276.853
181.428
224.797
217.751
340.135
179.932
408.954
212.386
0.614289
5.24145
274.87
462.166
275.323
0.127616
384.873
462.353
165.361
217.469
61.9118
215.681
384.305
113.268
213.206
232.462
188.901
415.374
462.436
462.084
419.649
421.24
118.239
298.564
451.048
195.829
425.17
205.023
0.564505
70.9961
5.48298
268.171
166.115
33.1737
181.477
462.4
342.644
461.836
276.988
452.347
390.257
414.636
222.092
15.9841
198.778
387.748
435.618
241.559
141.113
320.029
74.3816
242.852
219.844
264.83
448.152
117.391
335.377
365.924
250.757
462.161
361.114
289.283
169.339
197.616
353.323
0.647193
188.081
70.8943
170.607
383.77
323.767
199.215
405.813
303.142
444.054
439.928
24.9339
26.8716
83.9917
448.08
278.516
461.557
272.496
296.169
0.338809
160.406
164.689
462.05
359.578
308.454
115.386
452.806
344.18
412.842
0.258319
261.676
436.996
351.92
317.962
205.328
253.804
317.749
401.367
75.4662
292.134
209.638
382.873
364.335
268.126
348.846
242.795
386.819
383.013
442.889
359.633
462.032
212.287
173.147
21.571
299.961
295.632
360.817
403.32
291.393
-0.485005
342.268
295.449
135.558
201.925
336.465
461.755
460.543
296.331
0.249495
310.113
189.971
193.25
438.191
344.871
139.702
165.139
367.88
78.5384
108.005
444.464
370.896
156.565
248.473
0.352963
388.185
247.005
3.94943
293.74
323.486
249.977
223.359
0.129589
411.111
246.278
303.916
133.941
347.486
462.139
216.446
391.263
327.588
372.372
280.455
277.479
391.544
133.057
251.13
315.005
388.98
379.494
246.236
138.373
120.435
0.192446
200.386
462.215
459.404
0.0639385
318.677
301.989
357.845
386.923
385.886
257.955
93.1447
462.108
313.397
80.8814
283.954
173.887
111.277
273.645
278.352
387.66
324.021
240.465
462.187
331.437
447.975
313.954
401.026
353.922
462.111
162.362
213.811
189.767
11.465
97.6879
338.91
457.284
361.246
179.566
276.898
384.828
207.471
256.799
382.968
462.125
229.571
299.928
423.909
346.173
164.385
397.087
192.321
257.25
371.491
325.835
0.0182085
180.46
65.0604
111.8
462.247
225.192
205.364
462.123
53.8549
100.103
232.562
451.497
239.854
99.7749
462.405
301.963
121.207
64.4189
289.154
461.751
348.061
182.094
174.382
260.582
183.408
317.62
419.537
453.303
226.949
264.973
343.85
331.09
177.732
232.971
244.439
171.518
87.7164
84.2001
172.738
88.3085
462.453
67.9612
208.657
181.585
32.4599
343.285
291.329
323.067
293.745
358.78
225.253
160.82
371.814
-0.158358
145.784
83.5816
70.5144
136.155
311.525
411.547
280.921
149.081
3.97607
131.791
163.575
351.314
220.166
212.144
205.944
35.4429
17.7775
95.5314
443.759
250.845
406.205
159.539
361.649
344.199
427.2
422.978
50.5379
2.89108
234.381
173.377
0.4909
2.1074
462.019
212.149
211.928
447.084
348.362
219.207
280.798
132.014
197.032
92.062
258.55
199.952
273.706
232.555
199.256
238.593
275.985
339.948
325.851
290.14
0.262679
350.404
343.277
362.007
283.331
368.028
252.495
244.767
0.299114
219.867
257.042
301.342
124.825
264.088
9.32245
207.196
190.681
428.868
91.3527
198.141
462.278
285.573
462.08
165.157
322.795
181.136
213.43
249.034
252.862
326.694
168.967
115.213
358.02
75.8575
37.4386
214.257
345.976
387.347
462.201
293.021
313.022
290.656
462.082
252.425
449.146
115.5
113.084
0.339473
459.662
420.052
339.441
227.845
462.536
362.009
306.919
410.597
43.2256
302.414
125.609
357.085
32.2489
337.251
91.9977
2.01741
462.53
310.216
57.5669
384.904
187.155
353.68
77.2266
433.695
381.319
441.885
364.244
257.822
74.4287
427.603
159.188
219.958
161.764
263.584
462.057
110.697
381.837
127.363
152.664
461.9
296.18
438.753
380.337
259.284
246.532
368.124
462.294
222.276
135.086
190.696
255.102
335.26
335.689
212.097
153.841
455.818
458.271
461.92
143.649
285.962
377.718
407.793
220.197
295.847
405.683
110.092
234.251
461.593
284.467
279.539
394.131
217.117
48.6567
350.373
324.034
263.011
29.4371
462.363
417.797
32.1751
176.921
210.447
251.918
54.014
317.488
0.526558
0.464381
317.243
51.2946
407.714
417.877
461.426
103.047
281.986
299.551
243.122
33.358
198.577
179.357
424.323
137.2
0.00846946
157.576
460.478
0.135483
328.894
369.999
344.527
133.28
342.072
462.322
296.897
233.047
309.83
232.648
359.844
278.092
240.288
462.027
257.465
311.279
124.094
18.8054
66.0058
294.826
336.746
353.201
446.75
233.393
416.066
6.28098
378.62
202.967
246.585
108.929
462.57
177.602
171.062
0.356244
438.305
71.9626
288.092
403.477
235.204
383.183
190.596
162.265
403.014
232.507
69.2098
319.345
247.493
345.996
369.007
416.888
240.204
462.254
124.255
445.425
241.62
263.761
3.06106
342.839
200.591
462.327
204.036
366.873
221.29
197.201
163.852
136.612
145.781
462.161
220.273
416.335
223.487
424.98
196.148
13.5624
462.556
175.643
283.329
249.081
209.372
138.23
106.724
0.457413
407.761
211.301
307.809
217.335
155.293
137.94
454.034
428.781
324.82
167.113
107.917
326.319
271.7
461.875
163.576
-0.365167
119.065
366.623
0.35253
4.10136
141.118
101.995
79.1758
116.487
462.71
0.209243
57.1658
110.727
379.272
410.164
0.0212946
5.35422
215.565
274.382
395.949
338.822
284.347
255.741
462.586
137.023
54.4912
-0.319204
406.802
462.225
393.198
462.034
0.322951
89.7214
28.36
204.303
282.024
221.233
127.746
303.154
300.945
45.8348
294.048
19.6521
209.627
361.898
359.969
80.0545
237.101
373.793
462.499
309.222
95.9271
286.555
278.148
102.567
306.746
415.698
318.866
172.748
2.22571
317.255
305.132
54.4521
335.835
462.324
400.763
462.243
461.46
368.891
11.9231
379.849
164.696
143.682
0.757859
317.991
208.358
6.10749
216.275
228.841
305.637
251.322
462.474
414.702
200.841
145.048
42.9052
55.5716
461.742
290.378
275.717
382.179
256.741
337.267
462.39
0.46071
462.195
251.372
407.521
462.058
364.138
462.423
462.497
414.994
462.168
182.134
281.686
214.233
462.125
448.566
198.863
0.00482648
250.566
75.4308
427.727
116.576
204.188
461.786
462.127
247.825
75.0598
192.657
457.081
453.94
99.6699
390.201
462.061
338.459
211.848
112.868
265.834
462.226
259.326
242.751
402.963
0.37607
320.096
372.046
367.937
205.626
232.769
58.3755
261.214
378.134
298.206
147.159
0.227711
382.916
390.76
462.354
420.444
458.44
0.589829
328.392
310.294
144.139
108.611
461.783
347.16
381.358
462.355
461.707
40.1992
78.7558
344.779
309.882
145.897
266.194
462.508
345.271
241.812
462.346
132.193
193.021
462.364
327.175
114.412
437.388
381.568
104.002
267.376
301.638
287.25
395.81
95.8863
339.253
358.108
268.314
144.157
81.1419
331.617
335.85
178.255
137.562
180.787
9.98509
164.96
462.171
266.472
313.226
287.21
365.514
251.181
135.011
164.207
457.938
271.229
307.027
39.0659
89.0394
1.37992
424.698
78.3842
461.442
462.416
51.9874
0.340982
32.493
402.657
332.67
368.42
451.094
292.643
250.514
339.955
40.13
426.794
462.324
461.279
221.387
281.959
106.902
116.916
328.327
268.454
129.084
462.402
204.919
240.479
0.395952
461.527
240.315
173.74
278.645
172.884
410.739
219.379
369.471
187.92
316.325
283.101
401.345
214.746
267.391
172.007
197.771
96.8018
331.926
320.315
459.128
303.856
252.371
391.561
462.426
131.998
462.066
220.417
0.418325
250.727
228.208
160.311
424.44
122.466
378.451
435.307
334.371
303.536
462.269
424.674
368.869
389.204
462.294
312.564
342.661
375.909
235.355
461.605
296.765
92.4038
440.504
281.731
64.6747
151.873
253.637
462.387
280.932
432.862
348.386
440.608
153.417
181.712
253.017
198.34
318.581
451.514
338.027
0.360158
290.204
339.899
462.34
284.868
242.043
254.776
210.614
112.914
462.365
137.673
462.302
119.868
354.753
329.643
291.018
282.459
462.107
267.611
412.275
462.224
0.833977
272.01
29.1458
462.616
83.4876
360.013
413.442
43.3151
368.253
429.192
277.403
19.3488
204.537
184.476
203.627
376.615
163.537
356.919
387.93
154.472
91.4689
210.845
259.162
186.028
45.9735
412.897
342.531
43.0845
95.3814
317.895
362.423
281.439
461.728
357.588
156.526
232.994
105.916
324.472
169.249
188.74
324.004
290.997
25.2032
462.03
462.105
238.747
90.5858
350.832
45.8789
394.589
130.098
267.438
214.365
167.282
80.8004
0.066843
159.942
0.653874
153.947
369.055
264.009
407.789
452.843
164.502
283.498
432.423
377.539
250.472
253.151
138.022
398.523
284.816
462.125
24.7721
232.513
267.539
97.5181
180.704
86.5374
238.53
384.763
462.222
184.961
265.702
193.272
462.054
299.615
4.22831
462.101
265.735
425.519
0.19027
69.8826
273.724
123.802
359.614
264.922
82.6926
241.317
433.986
461.591
320.213
177.581
416.503
159.886
334.719
324.19
269.095
409.062
290.777
193.084
462.362
416.942
313.196
279.997
369.649
181.715
202.781
431.797
236.717
308.87
305.228
462.214
405.235
232.509
461.985
374.935
129.119
376.718
381.767
379.891
413.723
267.048
223.287
-0.222627
303.654
330.411
196.491
318.669
462.456
462.255
120.97
199.327
183.396
462.475
462.031
65.4128
360.62
99.9223
185.383
3.15099
462.285
343.577
406.613
334.265
377.15
462.358
223.813
462.16
68.8354
204.773
0.196213
48.3871
259.667
119.317
334.68
66.9164
292.125
284.747
182.412
269.822
200.23
197.027
123.721
235.76
356.59
344.963
248.508
209.934
296.238
86.372
409.395
319.343
364.497
232.2
304.142
462.301
461.977
147.342
127.382
14.0267
322.987
385.138
388.087
311.959
231.019
120.797
377.295
401.236
403.586
179.715
335.874
389.185
421.223
5.94297
298.362
63.7769
462.236
335.526
369.057
462.342
68.4439
358.484
0.280663
457.709
359.936
48.9176
305.19
216.418
362.451
261.104
113.903
131.146
462.06
395.871
376.775
163.132
445.004
233.115
213.431
297.275
171.855
272.991
389.104
302.823
0.443714
232.514
249.409
138.766
409.869
232.755
320.06
220.406
269.44
462.384
300.474
82.1464
266.634
419.284
462.415
316.38
345.044
242.388
462.149
429.996
150.304
461.467
462.357
351.885
462.305
396.516
283.642
359.204
106.151
141.602
368.541
430.344
124.106
155.685
288.705
370.796
287.773
182.986
307.8
260.117
12.3664
344.379
462.064
326.414
263.355
149.16
359.68
300.736
462.139
161.019
167.192
102.15
104.081
165.211
367.216
203.083
124.173
318.722
271.374
352.228
317.037
222.393
188.94
178.288
334.283
149.497
374.572
256.831
203.402
42.0069
262.058
243.669
437
261.741
439.886
299.629
175.915
102.27
-0.205801
351.358
232.601
282.201
288.734
462.319
324.008
268.204
421.704
380.096
326.094
374.443
294.533
198.884
461.726
246.162
234.377
295.264
233.094
190.46
462.033
20.0764
332.196
462.318
325.012
229.955
0.426147
417.106
0.573045
79.1505
309.937
114.112
115.295
267.612
213.144
149.627
307.476
234.253
462.026
310.035
302.957
324.038
94.6777
462.1
0.381468
288.995
371.94
417.365
124.195
238.499
454.967
81.8172
461.972
462.306
140.541
371.212
2.94305
46.8253
143.598
394.414
89.0156
377.039
96.4874
86.4842
353.121
370.931
323.726
255.552
46.5099
64.6835
120.899
162.592
462.312
348.754
251.999
153.271
265.84
402.79
461.907
405.069
241.114
278.301
291.919
63.8275
213.458
438.136
340.925
275.659
138.286
133.79
415.534
436.633
98.2943
40.0793
324.846
376.766
462.292
367.702
321.348
253.301
307.34
0.133551
346.269
462.223
143.443
327.942
354.486
218.226
232.405
428.113
260.238
81.9923
461.503
462.126
195.567
38.0172
365.2
346.47
1.36306
262.981
462.101
402.456
406.35
179.545
76.0984
212.111
135.663
366.207
139.699
52.3256
412.281
149.504
186.472
292.602
141.635
118.985
369.553
262.229
462.076
462.238
113.286
392.325
163.965
407.637
379.737
123.311
162.9
434.53
188.484
168.877
386.852
462.081
462.364
103.118
356.059
312.602
281.443
363.928
55.1156
439.058
344.487
285.551
284.468
454.328
363.759
151.654
230.171
0.343344
304.256
336.771
3.57921
218.799
264.987
55.4257
74.9815
124.041
462.023
271.809
310.275
74.2154
265.234
404.985
444.218
0.394479
54.4123
399.062
438.418
111.075
370.262
23.0043
38.2056
49.0905
462.64
268.215
394.335
5.34215
323.698
357.595
340.837
410.111
460.554
403.49
389.423
222.266
462.099
427.179
273.153
438.086
424.05
459.131
297.262
205.623
79.0415
462.348
107.847
293.42
148.367
421.343
112.849
332.74
49.0993
152.568
462.322
367.033
462.239
379.671
351.228
1.01321
194.331
461.915
93.2617
104.116
425.739
461.86
374.517
1.28956
416.7
263.794
426.173
348.488
462.071
369.36
338.23
232.245
160.176
462.298
162.173
462.474
355.534
411.735
369.912
339.764
333.881
463.575
377.417
462.425
394.168
57.8686
135.045
273.861
31.8649
277.114
278.618
370.25
448.868
225.497
457.718
194.109
201.892
462.205
401.22
328.033
286.992
220.517
183.134
196.096
310.607
267.953
462.227
159.652
247.673
113.51
162.586
330.851
132.043
257.877
224.377
381.999
163.026
336.105
137.765
267.902
0.0601904
219.269
330.181
8.26675
322.41
359.975
351.854
420.955
180.193
462.481
420.718
462.508
337.378
462.163
204.371
0.339627
272.316
275.13
416.749
384.456
142.358
274.814
89.4013
242.665
306.97
218.632
353.04
461.662
424.388
330.727
308.295
102.708
0.325434
300.084
400.679
383.239
232.855
433.985
26.6184
273.14
384.708
363.87
309.784
337.901
312.178
33.9487
371.187
443.24
286.928
0.0883279
274.645
363.052
377.771
-43.0001
33.0053
266.786
257.473
369.285
449.655
383.927
157.715
17.3943
276.145
286.798
461.67
78.5343
332.43
416.184
290.487
459.978
462.095
296.728
317.54
222.686
462.336
-0.323554
346.362
297.103
197.402
96.1214
0.26004
0.658476
0.366961
94.1022
233.034
178.452
316.479
152.175
210.873
62.7112
330.847
316.151
114.528
98.4543
-0.270994
117.487
104.34
361.096
329.135
328.053
462.262
258.834
174.075
19.8098
383.93
272.614
113.52
87.3425
260.179
287.285
69.3411
462.218
461.878
327.11
426.474
245.912
462.2
436.948
332.107
420.399
407.218
408.908
462.102
259.576
283.524
261.902
362.192
77.6966
236.838
39.9335
265.679
462.365
148.973
256.68
461.845
75.6982
259.681
462.107
118.5
159.533
0.574855
306.336
244.624
190.266
412.305
317.632
352.846
208.569
302.014
237.832
439.34
407.836
311.416
270.78
339.197
433.475
192.511
332.518
84.7813
462.099
106.525
98.8549
334.181
300.244
432.241
421.303
125.375
143.935
335.578
449.887
340.315
369.125
421.251
36.3764
62.3986
195.733
437.432
442.73
461.991
172.39
254.882
434.494
396.732
86.6108
448.952
200.413
0.0341893
201.238
364.229
241.537
462.264
289.196
343.243
131.104
39.7992
283.857
434.574
129.831
373.419
135.844
426.089
139.331
461.977
305.984
247.851
233.086
314.262
99.7344
462.048
390.655
461.56
445.541
335.679
78.0682
358.403
296.708
335.349
276.945
72.1777
366.929
0.245415
232.431
84.9674
0.362772
195.915
0.289772
428.657
342.634
105.647
451.495
-0.0686147
170.259
312.626
42.3638
182.168
387.416
9.49123
177.266
390.175
361.83
368.875
223.202
358.008
98.3045
462.416
243.221
87.955
144.773
462.243
381.429
181.361
268.351
351.252
106.318
232.289
6.58257
272.585
232.914
462.306
462.416
462.35
262.841
124.346
309.169
409.973
357.983
178.374
1.15267
446.003
411.502
369.8
105.109
32.3085
462.341
184.607
462.759
462.504
354.892
253.968
385.96
121.082
293.511
4.789
202.566
134.86
201.819
450.626
89.2952
292.026
360.895
245.367
0.157464
274.842
462.372
163.915
462.16
-0.541119
15.2989
252.485
199.02
462.491
299.358
204.376
220.501
0.402251
371.995
41.4845
329.1
250.746
462.012
424.696
245.084
232.321
402.023
232.299
462.38
286.471
237.66
212.703
348.695
462.171
353.222
329.92
258.118
214.076
37.1567
386.962
221.616
6.77742
288.973
15.4108
230.262
108.75
295.008
87.1996
71.359
382.925
461.863
207.529
402.8
66.2187
232.448
343.459
278.389
289.822
429.911
0.186472
262.178
326.838
106.047
430.427
91.3025
91.3812
419.886
184.895
435.428
150.828
301.312
398.338
423.304
452.09
232.543
257.985
214.33
184.548
191.246
256.346
462.378
462.298
85.9665
116.684
48.1277
462.382
311.463
0.118436
158.631
462.074
332.97
462.302
402.08
11.6425
361.855
216.779
83.6793
462.225
205.913
216.649
389.173
462.338
355.296
426.629
359.034
224.801
266.547
84.8332
416.283
211.389
405.854
41.1251
236.082
1.04727
439.508
374.863
88.7515
457.278
252.406
282.078
179.766
356.857
397.807
462.811
461.735
281.435
99.3317
0.318234
193.926
0.522026
462.332
152.152
266.32
132.934
355.165
259.689
299.963
448.058
192.663
236.083
338.331
247.881
305.788
78.4664
362.324
215.913
462.081
113.037
192.232
20.6279
423.148
100.497
1.9338
174.045
378.845
167.175
456.533
439.845
418.44
385.29
386.662
153.695
460.914
420.385
27.5794
226.068
1.64773
461.832
462.261
383.1
238.683
344.464
462.275
96.6502
462.299
182.608
462.095
145.713
183.006
268.007
229.001
191.764
211.417
317.942
181.332
93.9032
105.604
419.856
132.473
291.117
296.299
268.569
4.28768
118.23
388.639
55.6792
132.253
274.724
48.7675
289.45
46.8829
351.411
293.784
461.877
461.976
462.173
408.288
200.233
346.123
142.593
461.775
433.803
286.218
90.9394
221.974
462.229
115.354
273.796
377.71
120.195
50.4559
135.919
276.818
311.818
244.952
447.097
4.89258
49.3237
182.544
356.396
0.770816
175.099
270.921
197.48
462.17
271.252
416.506
417.168
235.323
0.111839
460.808
195.675
29.9779
5.68037
51.4902
93.326
147.958
117.643
325.856
372.38
462.209
300.331
273.164
306.705
444.891
218.592
271.477
290.567
303.248
462.538
