369.581
157.164
510.354
54.6806
521.68
172.382
283.711
316.369
282.8
184.875
440.691
292.082
335.04
172.367
31.2547
268.245
107.468
65.2828
255.341
128.165
464.913
139.034
427.689
433.388
163.171
121.797
287.575
468.081
144.258
90.2727
66.8129
334.574
284.009
366.451
244.469
354.015
92.3405
146.647
404.257
78.6145
31.8143
98.0635
191.566
287.16
374.431
55.6766
158.031
40.1502
477.913
379.407
39.6967
428.655
390.455
88.2089
225.442
371.063
132.614
70.7509
316.67
87.3205
327.943
142.723
180.114
394.032
439.088
87.6241
309.06
256.694
192.767
287.148
150.815
255.309
379.732
463.256
62.2452
294.756
374.176
250.395
34.5439
380.973
437.174
382.501
391.238
145.135
427.328
384.072
344.172
224.621
267.569
284.337
346.562
443.771
111.286
508.001
114.619
229.194
282.801
108.183
234.827
301.652
202.808
244.033
228.031
160.678
318.913
385.315
511.143
205.76
293.278
284.566
422.748
280.172
422.773
127.356
42.596
468.368
445.185
307.23
409.357
277.1
137.789
275.333
251.048
195.087
117.231
431.619
112.923
179.264
46.8205
111.787
108.995
347.822
123.251
243.707
94.4534
180.14
224.436
445.54
351.445
221.384
106.956
279.453
249.547
88.0843
378.515
140.8
166.778
88.7583
403.234
259.903
39.2174
50.0421
190.429
208.344
113.129
167.918
265.783
40.6275
141.775
297.169
159.506
301.447
275.828
373.406
241.032
153.912
498.478
350.648
332.17
109.921
77.3136
435.401
258.188
117.496
48.7355
35.3603
116.295
168.698
72.8818
50.0588
471.142
282.629
184.803
58.6549
337.378
264.206
155.036
367.014
114.712
300.593
279.88
538.511
400.786
397.387
68.2841
282.479
486.545
272.879
150.453
45.2412
377.85
455.529
183.467
397.763
444.148
185.825
81.4407
241.967
453.03
189.819
336.535
279.459
46.4921
531.787
300.37
165.882
468.319
103.468
102.136
209.229
246.707
370.075
203.984
217.237
377.238
361.643
340.783
370.774
503.111
156.168
204.14
174.287
304.984
236.004
355.16
62.0102
454.105
426.453
406.073
349.288
58.0239
435.421
286.359
80.1884
126.3
53.4649
42.2458
461.239
85.3568
244.489
97.7906
356.56
363.569
268.922
159.631
461.985
282.099
546.664
119.065
259.361
452.433
312.535
478.012
301.67
464.459
288.772
256.463
247.811
126.11
225.286
79.6607
426.682
199.243
314.166
183.476
228.483
302.427
319.903
149.501
242.155
246.836
139.593
456.412
199.924
304.413
386.894
221.935
293.054
113.374
62.0574
540.192
111.558
344.507
512.785
213.363
465.814
83.0406
324.977
70.1961
483.058
269.479
40.3329
353.519
430.708
448.491
427.952
257.245
140.177
335.777
162.108
99.4479
248.6
239.04
463.758
339.446
443.275
305.761
367.505
303.962
151.919
319.918
178.746
41.6328
321.753
396.113
486.905
228.799
180.398
207.797
259.914
246.055
202.394
242.941
54.0794
391.229
140.003
332.176
180.973
304.474
195.519
169.613
351.96
33.168
51.1308
48.713
426.365
132.771
242.642
413.544
295.505
57.2163
65.4284
252.136
102.408
277.932
303.529
61.3957
363.641
157.828
63.174
117.473
305.255
119.181
274.124
194.671
317.835
124.922
158.185
72.1403
322.333
526.255
205.773
173.095
507.026
331.032
318.652
142.827
62.7146
32.4203
166.918
504.325
402.181
40.9985
90.2767
324.103
385.847
362.52
386.788
57.9455
254.798
196.85
311.359
241.925
463.146
44.2254
215.262
255.366
242.014
163.178
58.9141
94.3983
229.601
226.977
268.157
342.714
129.811
95.8523
246.009
228.095
325.647
58.56
118.804
54.0098
181.999
433.225
301.664
360.021
317
69.6894
152.699
38.3826
433.946
155.373
147.619
299.848
337.105
430.766
311.447
340.154
66.9005
100.634
241.833
345.404
121.728
454.202
177.712
193.375
101.898
139.837
66.089
430.195
108.861
178.525
279.193
262.051
41.3461
355.555
348.384
331.65
70.9182
342.008
326.908
241.989
132.132
233.516
136.354
159.023
296.379
145.314
461.986
37.2563
332.215
42.2143
264.804
373.609
433.057
392.312
178.162
237.333
188.49
228.404
356.805
103.879
286.191
178.858
291.987
228.159
186.766
249.479
393.365
341.679
51.459
362.575
484.358
107.586
363.434
316.915
271.125
71.9686
232.729
204.684
41.7892
198.472
211.525
269.073
346.829
113.117
407.639
433.891
241.861
168.874
305.709
172.773
565.433
164.082
184.319
205.201
237.782
548.109
133.645
122.026
397.235
183.355
322.46
60.1293
205.06
180.522
39.3556
382.089
338.035
61.7892
181.987
367.454
333.681
429.215
59.682
179.9
302.8
376.489
78.413
297.347
47.2739
382.846
310.093
321.594
192.428
69.1485
118.601
286.145
471.935
107.1
144.394
276.685
257.532
202.14
382.488
492.874
67.3535
170.659
479.805
163.068
242.111
264.931
343.31
168.216
83.4525
421.853
114.914
423.327
323.124
254.997
273.401
299.229
126.941
170.564
30.032
471.661
457.262
385.928
348.391
127.849
291.019
157.516
249.517
355.323
127.85
488.919
98.8815
304.352
235.075
420.128
43.7185
54.8124
95.5423
267.799
397.711
357.193
299.328
178.15
173.679
336.637
373.613
188.878
120.888
363.99
246.66
521.915
504.17
78.2507
302.442
464.6
451.738
256.879
143.667
115.252
49.1407
418.767
249.047
45.4707
326.858
316.407
341.974
491.344
108.639
380.819
82.9201
61.8043
226.533
205.156
52.8318
489.75
269.526
481.803
407.844
86.0289
35.3266
285.938
310.99
421.089
150.44
70.0295
291.905
249.614
249.797
211.404
258.504
131.135
323.603
322.031
86.2826
275.654
189.77
32.0623
279.885
194.629
422.017
54.3576
92.8659
488.484
72.8923
119.865
169.085
274.699
390.141
463.684
245.962
231.712
168.793
219.785
108.978
96.9331
289.881
295.043
194.135
276.45
54.6175
290.307
33.9224
120.662
251.662
360.699
82.5963
312.158
271.424
238.149
365.033
231.372
438.959
184.854
355.164
299.951
82.863
254.47
44.1936
353.128
267.002
439.913
294.816
147.238
117.142
362.951
167.059
80.2351
324.668
497.767
268.748
317.011
305.136
434.123
301.609
373.71
275.189
110.735
394.967
360.066
242.565
98.4414
290.291
106.292
349.07
392.458
103.978
290.767
158.679
206.644
126.435
164.653
364.112
247.186
429.535
272.263
158.564
37.6407
391.077
203.826
212.702
453.816
139.395
431.99
351.089
395.108
139.258
244.877
366.968
323.187
51.4515
268.282
380.7
304.54
194.179
424.02
284.331
197.226
58.0998
329.659
227.032
67.7785
369.791
403.054
363.591
114.358
277.354
418.635
339.333
496.363
116.65
208.483
282.566
469.096
240.477
565.164
171.938
429.141
481.711
157.183
330.395
36.3855
411.715
271.184
283.11
222.479
182.929
104.39
300.385
308.787
201.985
483.529
333.817
327.307
276.349
293.458
207.829
128.405
313.587
108.157
71.6937
357.075
38.6758
146.177
332.127
187.214
266.591
387.141
409.3
103.76
353.222
128.745
419.465
84.3555
338.038
37.7804
56.5255
285.717
73.4175
137.415
312.172
319.303
30.4791
391.142
290.145
455.909
319.95
66.8623
306.254
152.814
443.702
311.747
411.795
269.973
101.062
258.533
187.174
39.0225
353.649
423.248
279.944
223.38
292.279
167.885
90.527
311.006
150.236
167.119
36.8781
301.633
275.635
62.3018
425.227
83.5187
291.625
248.357
267.136
128.602
310.797
333.23
435.39
212.917
152.03
206.588
326.397
101.785
162.897
116.146
136.446
111.98
235.782
119.506
505.572
232.789
376.639
100.85
384.807
190.06
283.951
343.108
155.168
427.291
228.699
530.469
341.713
79.7845
514.514
257.508
415.526
223.723
55.4148
436.183
187.322
358.716
54.1124
309.084
159.122
363.187
415.508
166.816
316.863
207.235
141.065
31.9483
274.455
211.826
454.958
490.643
378.437
191.244
193.651
212.717
90.0208
203.47
373.834
179.609
354.341
208.028
86.9958
119.302
238.669
75.4583
280.47
295.567
416.817
303.641
355.449
112.264
474.806
276.225
319.523
371.415
260.875
89.5261
30.5464
42.8419
159.257
239.905
82.7708
41.8135
324.89
68.1744
488.942
245.391
58.5887
481.919
396.779
96.3519
233.966
208.624
163.213
443.846
135.197
415.263
177.783
442.165
129.349
289.094
310.284
137.625
167.56
118.265
296.974
330.935
129.547
83.8231
118.601
379.813
188.097
517.557
374.568
31.2124
44.2086
141.84
336.77
282.171
383.792
56.4388
181.065
89.3746
298.728
513.674
253.161
108.774
433.998
159.026
96.3204
119.254
106.032
43.4181
30.9762
362.803
219.978
238.84
452.859
370.274
462.86
168.791
96.5152
113.872
152.611
226.385
72.0346
459.813
445.813
307.155
364.605
301.115
134.217
151.79
369.004
512.007
387.519
204.016
166.093
354.792
34.8594
327.342
74.6796
500.023
153.873
309.015
234.32
319.19
195.019
170.077
258.954
73.6803
131.308
37.4327
365.813
38.1634
549.302
360.925
164.402
311.215
161.314
63.8206
323.965
141.972
161.532
69.374
130.04
320.522
116.123
314.687
541.186
209.238
67.8524
68.0879
456.906
369.535
304.442
166.062
69.6068
208.43
152.409
352.282
284.309
105.133
220.075
369.98
220.265
459.59
538.757
355.565
389.534
212.511
458.651
454.047
199.57
98.231
478.127
462.36
474.693
180.377
185.458
369.496
311.332
209.283
120.926
278.866
111.654
262.677
151.81
345.205
143.08
241.566
288.046
80.3502
270.352
232.835
371.235
424.324
139.791
337.245
397.358
167.925
75.5822
302.508
126.062
411.116
334.414
86.9499
93.218
165.814
335.943
518.817
142.738
90.1964
101.71
47.7831
405.1
144.142
327.372
234.679
47.035
486.492
234.765
420.481
147.454
312.199
391.531
182.035
181.858
167.044
186.973
328.633
145.651
118.594
503.006
254.233
280.403
61.1396
225.857
81.5646
266.457
399.011
471.434
78.401
107.239
165.215
262.482
178.914
194.187
179.63
32.6642
152.473
227.631
36.1652
81.8217
225.454
134.982
192.388
274.035
468.833
496.894
397.669
261.355
162.326
140.585
289.278
114.63
219.766
251.803
248.146
122.361
400.507
341.845
492.74
264.877
258.148
440.105
305.882
382.031
137.61
97.6753
67.8003
292.671
97.1974
470.615
44.4463
109.015
347.945
120.743
306.203
161.015
300.55
298.87
106.042
270.165
62.1873
402.851
204.856
349.271
180.177
98.8282
451.9
255.286
485.415
424.39
31.1288
409.338
425.766
351.641
68.5581
62.3636
112.823
129.691
97.4972
524.699
145.869
189.6
61.4598
195.056
195.539
228.525
280.619
32.6115
349.694
58.1021
204.25
87.3209
94.9987
219.171
198.281
325.308
49.5188
168.368
395.266
122.946
443.249
254.852
272.54
86.5165
349.424
283.257
321.637
404.274
112.385
105.132
289.215
350.152
182.391
372.754
431.21
70.2874
219.661
357.701
356.24
298.952
418.459
167.066
49.9086
268.074
174.028
126.682
47.2821
116.611
398.408
136.593
214.876
116.211
317.244
310.242
314.406
57.4069
309.642
133.842
37.8876
292.113
130.174
376.013
335.679
85.924
125.974
235.377
519.534
397.977
186.091
202.67
326.187
449.647
65.5082
155.22
401.636
195.68
218.521
252.318
35.3224
336.587
172.854
547.037
509.821
129.39
102.261
162.423
485.69
301.918
109.571
85.6897
97.9485
182.344
396.658
197.333
58.625
175.921
114.446
310.21
365.205
414.148
347.203
97.7713
50.1708
219.188
213.444
105.602
66.5272
381.373
227.014
179.846
143.956
112.262
251.314
53.9588
57.4703
486.095
345.49
97.3993
241.765
46.6605
429.91
331.297
289.577
41.2478
347.227
55.5377
362.505
370.109
206.312
127.138
268.574
109.709
136.238
249.777
162.579
217.951
65.1273
353.213
62.07
336.511
172.551
280.893
421.882
216.73
280.944
413.852
308.257
142.941
60.9712
99.8953
311.727
345.644
150.854
202.378
190.574
443.505
283.19
33.4618
207.33
292.77
270.058
226.798
137.67
353.208
155.494
164.771
210.911
134.029
50.8333
66.8113
233.563
269.621
105.686
480.356
215.483
258.965
315.793
54.8052
349.48
277.489
327.154
197.298
258.87
170.967
367.222
141.57
137.037
155.389
59.9355
341.833
315.822
464.106
402.235
289.793
216.261
432.934
511.453
392.155
326.226
137.799
42.168
510.534
317.296
119.889
131.351
97.974
167.404
171.403
317.725
225.803
407.395
281.168
471.211
42.0666
475.553
46.3584
455.912
290.586
296.291
493.96
156.495
325.236
122.351
44.2854
312.969
90.6033
101.667
350.475
344.918
131.43
177.039
251.029
111.513
150.053
273.415
147.414
455.947
141.983
137.829
255.222
318.645
318.47
217.021
419.416
145.126
30.4742
157.719
211.521
179.408
108.878
407.371
65.1378
387.052
367.597
514.104
363.604
79.357
167.143
369.738
268.422
412.609
285.806
59.3173
136.51
328.034
204.235
222.408
259.535
30.9169
348.25
132.5
67.7138
211.156
288.273
36.6247
369.519
316.809
336.767
119.457
318.635
364.519
107.062
366.525
358.877
135.655
310.058
453.257
280.889
277.235
411.246
502.991
419.575
213.53
503.344
48.884
505.655
155.059
108.738
192.639
160.655
307
102.689
422.646
266.99
407.491
354.516
373.091
394.45
52.5722
312.404
324.072
277.179
153.758
422.26
455.147
116.874
297.233
272.669
202.655
373.052
455.703
380.884
159.6
171.579
188.11
352.744
303.504
464.991
282.661
315.986
323.677
229.315
119.367
107.498
512.468
318.478
331.897
317.998
157.705
232.691
322.878
111.075
211.695
87.573
244.74
147.812
100.27
517.974
421.543
149.353
55.7839
123.723
370.901
337.812
252.038
270.94
173.524
133.381
246.232
165.696
223.498
174.196
139.095
316.412
372.382
177.794
211.211
318.089
410.737
362.992
230.662
520.125
167.48
276.989
192.308
149.23
371.012
66.3578
164.721
421.351
136.971
302.581
128.931
130.942
282.139
88.5848
113.635
300.454
453.754
158.786
121.716
284.512
116.82
185.549
269.51
342.48
370.621
189.603
86.5459
164.542
54.0011
260.937
133.555
463.38
125.838
189.988
307.29
370.687
152.36
316.962
211.938
57.3043
275.233
364.597
399.554
229.2
253.892
282.191
260.223
279.544
376.356
470.841
39.9418
104.726
249.764
473.872
250.68
39.1476
101.322
147.328
200.502
256.671
154.394
86.7308
105.453
187.184
58.2489
154.277
129.786
415.824
403.73
190.655
187.596
395.228
331.597
339.273
404.965
185.472
204.089
47.5417
87.4584
337.77
278.631
440.856
373.408
117.002
120.971
81.1116
36.4531
31.6559
343.968
156.648
296.881
326.313
422.158
456.756
140.124
94.5686
102.655
287.007
263.057
108.608
40.5031
69.9427
165.976
373.289
125.383
212.556
123.838
61.8794
457.255
399.581
298.139
376.357
61.7412
87.3176
285.34
153.778
214.206
501.276
471.514
199.159
265.265
267.408
144.846
242.64
252.227
296.237
346.739
393.963
476.786
70.3346
297.933
259.316
130.518
152.189
97.8122
65.4911
93.9321
107.017
227.597
473.116
229.112
280.021
93.2005
279.333
81.9213
120.806
290.941
431.982
71.6956
211.319
73.3862
146.038
202.304
175.507
111.809
538.194
294.789
175.554
239.23
86.4186
124.766
488.228
261.05
56.6028
365.98
469.671
249.302
310.127
307.763
396.298
280.189
446.394
138.65
345.47
253.601
182.419
543.618
279.448
152.214
54.3533
132.367
432.038
79.9132
366.306
91.0658
480.94
134.304
60.7948
370.775
183.45
427.708
203.989
105.871
366.18
354.432
51.5122
337.043
44.1672
361.484
133.981
503.867
148.555
95.7257
249.76
59.3081
232.974
357.281
181.136
392.536
450.747
65.4758
476.637
42.1334
525.522
159.646
111.223
315.824
390.868
111.873
360.406
72.9428
230.723
478.584
34.1061
297.989
99.9601
97.0066
371.859
313.572
474.144
73.371
60.2641
316.007
104.891
444.316
60.7504
80.0881
387.359
137.626
109.175
115.475
247.876
324.338
230.027
404.886
285.167
423.515
282.371
215.279
538.594
134.569
97.6742
241.919
330.538
317.254
347.479
375.05
257.181
227.544
31.839
154.251
371.427
443.35
146.294
86.5758
64.3821
179.753
202.684
495.786
129.681
242.059
363.846
239.371
238.901
343.02
231.038
119.934
340.864
317.873
309.808
45.2602
357.349
134.971
154.806
156.221
407.569
358.585
498.983
214.275
384.506
262.981
68.2529
61.0863
202.495
394.545
240.302
63.0454
55.4272
140.463
94.6103
409.867
98.3447
177.39
271.133
373.532
129.672
112.352
116.871
128.311
285.105
42.0998
177.554
144.512
81.7036
401.017
39.8345
212.325
321.97
172.979
117.353
107.731
125.613
443.816
82.2261
89.995
183.565
295.285
427.134
203.971
162.547
198.595
78.7154
75.8733
98.4885
68.1034
373.544
148.128
478.119
214.518
126.843
274.759
205.85
349
203.347
245.635
336.759
554.96
359.191
73.5891
479.325
445.613
249.083
287.23
148.879
217.628
396.901
286.76
219.126
50.9733
502.637
424.357
239.848
32.0997
386.76
400.971
271.864
238.614
230.585
102.491
156.289
157.119
159.866
190.409
250.582
271.633
375.372
257.414
46.8797
31.3624
551.996
66.224
215.72
487.428
160.724
113.166
34.2155
76.5399
403.254
296.503
167.821
356.068
328.612
374.4
416.5
260.89
475.302
215.077
479.547
214.619
333.581
222.356
58.1699
363.138
113.967
200.308
402.997
423.6
180.494
193.723
150.834
267.019
363.387
353.935
243.938
291.674
360.296
357.549
330.493
309.576
168.406
419.447
105.578
490.67
153.539
281.985
161.713
556.644
246.468
339.007
330.392
148.242
245.577
220.624
188.547
466.83
247.562
360.727
107.953
316.833
126.971
250.807
463.135
301.879
143.096
273.475
416.046
221.031
517.534
217.155
441.343
286.426
63.3181
83.391
40.0625
203.449
278.74
183.53
375.433
404.702
206.671
371.017
490.652
434.26
328.339
167.324
341.634
131.89
431.615
184.341
301.923
384.749
549.992
30.2222
513.859
124.036
177.298
525.43
296.202
267.047
281.066
140.137
114.345
305.545
443.133
132.929
448.068
169.89
104.625
262.513
393.48
337.586
166.627
163.294
279.613
187.676
93.9243
86.7925
494.363
86.7951
273.476
325.461
445.851
357.634
372.883
200.245
286.056
269.329
224.05
312.987
451.942
55.073
214.276
318.179
338.227
340.195
113.686
359.281
177.247
278.603
150.892
320.98
294.224
237.348
315.133
106.242
37.1127
34.6956
271.786
431.315
151.278
323.37
195.44
319.078
100.283
334.901
253.108
411.62
112.538
182.446
322.242
277.113
393.379
396.176
290.725
282.84
104.568
130.392
54.8834
281.04
33.6629
422.868
177.36
209.285
338.189
176.246
228.329
120.15
147.15
68.7051
72.6221
191.708
427.962
94.3632
40.7932
431.55
196.352
499.384
487.142
243.586
87.9595
148.593
456.842
332.589
320.87
299.186
312.861
461.024
441.591
34.9683
322.862
455.151
440.084
348.38
289.94
266.882
30.0059
346.378
206.762
330.13
306.07
294.704
61.5846
283.754
105.022
173.658
265.912
270.753
279.888
205.84
218.66
201.511
282.672
105.195
467.03
145.324
44.2034
137.258
138.9
261.595
275.272
45.414
331.045
136.611
255.616
59.9465
85.7538
461.907
75.8621
250.997
240.194
446.98
106.5
393.997
197.727
293.683
207.555
126.19
201.086
350.51
407.222
280.154
328.994
95.1052
351.565
305.762
519.288
376.977
350.649
74.8524
214.194
362.671
153.225
178.121
483.514
333.781
307.434
231.031
224.755
478.175
275.709
444.844
299.41
254.289
205.991
304.834
243.052
359.673
412.422
297.047
199.189
400.837
216.95
488.998
333.853
103.842
196.093
316.339
343.75
203.223
423.53
232.488
478.359
367.033
155.467
129.688
173.967
151.349
385.383
335.908
311.352
322.857
457.061
113.673
500.303
183.479
375.198
452.135
127.098
392.245
76.1548
56.6023
224.276
106.173
110.051
58.3057
263.892
432.035
277.139
191.585
221.059
155.985
114.511
176.493
396.434
294.294
175.605
80.8211
146.583
291.131
275.314
398.672
412.571
440.249
117.682
329.958
309.508
436.046
319.427
35.7818
206.359
395.924
91.8376
428.292
360.978
162.192
285.356
102.287
148.413
343.279
278.588
423.231
236.341
196.336
61.6447
146.604
298.959
49.3345
376.867
246.456
260.491
183.847
139.6
55.3012
67.8471
377.483
246.871
419.421
337.8
520.23
164.279
189.892
300.747
124.091
336.028
112.501
205.22
221.352
225.539
56.7914
159.484
290.454
110.37
360.497
214.492
200.104
327.291
205.548
75.1432
348.398
284.929
207.043
40.0122
190.275
397.2
181.211
117.696
355.341
365.659
71.7611
346.016
220.497
41.4395
299.435
177.73
95.8453
73.7381
298.163
247.279
168.566
485.555
488.264
87.2851
259.09
428.063
454.604
314.029
80.5693
221.035
128.666
305.68
535.295
82.6328
43.8088
47.7139
182.575
264.779
89.512
275.613
158.457
428.739
42.8093
187.88
79.9958
123.274
278.899
446.856
134.285
61.4781
101.167
165.989
41.6385
415.574
366.894
260.892
393.285
277.932
520.71
387.952
262.589
307.036
320.393
401.84
201.325
137.631
368.345
116.226
196.835
265.916
348.633
429.864
422.038
109.19
320.691
210.262
467.923
187.087
416.39
410.945
494.499
373.672
172.474
394.326
112.691
76.3203
121.602
328.901
111.8
525.237
166.816
267.427
45.226
395.907
148.199
274.491
145.13
95.5072
177.014
470.267
312.304
58.6012
202.459
487.956
42.4286
174.299
235.295
412.187
90.9353
108.536
268.805
89.6246
94.1131
263.926
57.5276
240.146
512.898
462.306
204.113
493.649
416.354
115.058
106.377
49.309
52.1404
421.737
108.051
203.087
265.385
365.499
449.617
353.878
409.107
274.139
412.497
65.1667
363.769
258.4
241.41
274.02
57.4587
131.229
246.368
260.018
432.482
142.457
245.663
423.957
305.798
278.939
91.7223
46.0352
312.754
338.554
409.547
252.738
158.366
396.816
65.8784
155.01
272.574
241.732
235.884
98.0651
42.5932
295.868
413.622
268.707
142.54
145.552
303.622
461.28
478.049
55.8879
118.501
430.028
460.953
102.665
69.1079
231.246
335.744
311.837
360.6
166.476
392.781
53.8327
209.319
381.637
168.047
131.43
112.179
330.446
379.425
82.7299
230.047
234.652
158.464
286.734
277.742
334.544
306.254
442.613
76.9147
214.408
433.047
217.233
334.633
92.8669
280.426
253.671
500.765
44.6176
228.781
185.301
167.359
388.372
375.99
390.629
335.047
228.384
202.627
400.366
309.218
347.669
275.392
90.7238
405.54
422.065
286.19
334.286
314.655
389.129
259.96
37.0916
80.5366
307.439
158.448
127.546
185.228
340.237
479.05
522.196
271.222
214.858
245.412
370.456
189.39
102.469
210.756
201.3
151.919
254.627
296.595
134.616
126.56
195.807
189.002
300.847
195.288
145.165
87.4416
450.628
412.876
93.6928
385.515
100.741
152.625
81.8051
149.146
321.086
253.928
132.742
152.733
302.054
74.5053
236.243
74.9457
59.1497
79.1876
194.389
218.859
310.359
456.152
40.0766
57.4452
48.6679
387.465
389.871
335.985
227.15
208.851
458.464
448.355
137.627
312.977
92.0821
131.27
253.622
286.813
70.0334
289.812
304.614
136.12
41.2446
175.473
246.267
275.264
229.416
351.556
169.822
284.017
278.442
284.181
322.111
199.387
69.7676
367.461
455.426
217.337
440.478
41.6955
46.5489
396.598
404.05
106.562
314.423
153.593
259.353
33.0962
345.282
275.125
94.2777
39.5269
464.424
416.132
99.9016
175.298
176.224
146.311
353.549
191.516
438.141
276.258
255.903
190.304
38.3731
219.246
97.5291
38.03
330.326
85.6267
353.641
232.351
440.147
375.205
376.048
436.723
286.092
488.73
266.629
126.394
178.769
300.985
226.616
167.666
138.518
423.513
405.266
56.5283
170.153
353.127
459.566
297.284
548.406
210.545
203.04
489.248
105.575
150.604
268.749
242.091
105.858
393.24
65.1254
254.124
450.536
124.205
255.048
207.242
362.086
59.2353
149.774
399.112
291.742
327.241
161.367
397.319
89.429
305.63
387.029
483.105
318.758
112.406
268.693
263.579
182.738
127.46
106.847
172.28
496.631
113.523
246.569
305.998
215.839
318.529
60.1953
202.466
282.616
120.196
327.342
424.346
396.611
41.2858
93.3793
85.1081
456.879
193.544
42.6063
88.2073
307.556
228.829
209
226.155
60.2998
204.969
128.501
209.667
164.531
206.234
373.67
143.122
143.597
333.955
334.326
383.75
418.206
349.667
122.815
243.071
330.225
258.344
213.919
300.703
253.562
73.0161
338.634
132.267
300.646
119.517
228.741
456.636
190.326
56.145
412.605
499.816
64.9293
270.272
186.841
175.297
68.703
104.575
228.757
385.23
172.933
100.275
156.689
410.876
241.589
189.2
264.301
399.074
197.453
162.663
125.608
321.605
275.581
330.204
485.827
440.693
290.933
289.818
284.859
280.947
511.03
324.016
155.715
319.804
85.5286
154.989
131.039
281.804
104.088
516.059
413.828
420.522
349.469
112.967
562.408
439.353
85.5323
131.426
42.7118
396.242
30.8871
339.367
45.7839
477.105
374.214
476.92
175.788
303.728
165.219
40.7883
61.097
414.429
101
63.848
54.5751
208.067
159.31
268.987
405.595
272.255
143.847
395.613
480.353
54.099
354.599
73.8001
381.415
514.679
326.223
53.0942
178.334
147.018
277.088
318.839
414.416
239.573
222.745
186.616
66.5011
275.528
293.837
307.126
61.6234
169.152
288.004
405.655
312.994
157.054
81.733
419.802
67.9928
490.661
297.821
297.437
158.231
123.469
56.3182
238.153
114.953
38.0004
53.1718
59.9563
250.63
275.926
90.1218
461.001
168.321
117.313
30.2574
262.92
405.511
324.354
476.865
308.4
353.216
155.065
492.582
218.243
46.7238
300.372
247.949
109.239
313.21
446.414
373.886
303.227
468.954
418.991
356.964
169.079
494.299
114.413
153.811
439.346
79.3876
33.6196
307.295
222.526
333.532
60.5704
255.522
68.8787
115.302
217.263
46.6974
237.079
188.987
74.8454
113.618
290.714
194.386
151.425
219.962
118.869
99.6537
195.875
202.615
484.862
389.094
85.4926
374.246
59.1909
75.4777
511.301
246.791
355.406
120.562
87.7277
215.602
419.048
161.286
274.575
406.214
402.547
303.921
88.3065
112.362
462.896
381.478
326.881
89.0902
409.599
239.976
69.0527
350.512
258.886
325.74
389.054
100.577
356.979
318.932
156.671
195.157
192.016
196.425
197.077
169.697
82.2848
344.704
160.361
373.826
211.223
286.176
144.721
250.528
191.449
340.379
446.983
502.32
223.139
119.279
223.787
324.073
200.886
436.781
475.354
280.901
199.857
532.109
183.308
60.8974
50.9749
217.552
358.973
337.856
347.009
299.101
244.246
193.79
430.307
303.738
295.716
417.056
78.2996
78.5324
336.107
202.258
495.494
350.703
188.36
68.6464
410.835
373.5
37.5149
162.273
92.0726
161.777
485.691
228.87
362.243
338.091
170.015
364.596
499.513
173.729
545.097
408.054
473.151
165.68
97.7258
361.731
372.783
67.7048
442.359
242.4
96.741
269.388
239.953
30.164
264.462
278.132
287.744
41.1576
389.042
123.384
381.33
255.524
138.519
418.518
252.784
273.641
350.298
422.958
313.066
317.991
48.0536
273.787
131.214
267.739
168.959
260.685
449.469
276.801
140.677
134.417
260.03
74.1401
87.1066
215.032
178.569
158.185
260.428
362.751
247.073
216.134
114.572
85.2704
349.385
414.283
354.787
129.142
293.193
150.853
138.139
377.204
91.6463
366.743
292.093
350.602
104.275
358.01
395.201
330.776
176.998
301.026
372.502
445.483
258.694
101.472
60.8357
138.415
334.474
60.5796
504.391
465.673
463.144
306.347
537.188
94.8349
271.896
373.663
341.383
66.793
220.503
136.579
86.6385
97.6876
85.5339
265.392
75.8194
306.604
211.569
75.8381
400.597
149.975
472.765
100.881
138.265
394.984
45.6505
291.313
522.772
314.389
241.218
148.3
361.654
344.495
474.738
123.753
151.523
137.855
33.1991
140.823
366.265
189.913
153.622
245.442
530.048
306.431
378.156
34.1093
137.015
434.959
494.502
287.005
322.973
393.826
105.565
43.5353
62.3175
394.266
325.719
365.88
175.74
438.305
371.34
520.173
180.802
103.473
115.28
122.85
201.212
164.05
131.312
462.561
345.479
313.527
442.026
356.076
386.877
71.094
193.348
156.729
177.5
357.073
195.596
356.182
450.209
451.147
182.227
226.547
111.217
245.577
367.282
104.864
187.252
122.233
256.125
380.201
404.577
178.479
32.9993
348.669
250.02
489.227
137.087
309.039
48.1215
92.9722
513.17
476.072
167.358
471.267
69.6896
435.452
283.333
192.371
156.554
397.532
141.394
332.953
281.016
285.222
148.093
176.5
163.663
32.4772
31.6495
318.011
85.7547
119.589
381.886
356.298
408.74
35.6949
361.96
225.492
298.471
30.2061
104.583
269.06
296.281
407.876
79.2703
335.881
276.426
442.11
505.499
223.494
417.194
380.03
107.326
347.087
69.7562
54.0156
189.116
70.5679
33.7145
302.29
432.586
120.074
100.874
405.44
84.3085
64.5311
42.1684
377.097
443.429
304.243
261.331
119.649
36.3172
104.916
53.1204
248.767
379.419
525.354
482.144
348.728
122.214
122.826
207.398
215.031
516.977
107.051
162.014
269.335
327.462
109.26
398.861
272.024
100.761
330.652
108.557
101.998
290.137
438.025
116.763
164.217
290.913
143.366
386.678
104.365
307.654
38.9374
249.166
316.484
115.8
54.4216
387.944
504.379
388.985
437.21
372.37
439.282
304.838
312.606
106.149
130.88
255.912
183.946
131.479
281.564
291.221
39.8878
240.109
249.891
468.124
66.864
66.248
203.281
202.874
283.992
130.517
213.288
317.619
140.623
75.7284
281.29
345.561
481.31
188.611
307.333
84.4668
409.842
189.308
264.676
347.081
38.0624
31.1443
238.041
124.572
477.424
55.9218
83.9069
254.953
475.285
197.392
418.58
308.034
120.694
86.1177
390.505
270.231
414.261
143.022
261.307
156.27
42.1929
145.631
222.176
136.559
523.191
185.836
345.811
328.212
71.3412
185.229
30.791
160.96
223.502
263.43
111.847
55.2576
170.141
85.3483
99.5831
336.62
171.552
62.9342
292.11
83.1333
328.618
96.4473
227.365
94.9534
359.861
217.125
230.952
243.801
104.328
33.1949
246.375
73.3437
375.811
322.102
72.8608
309.794
173.489
66.9839
164.328
145.506
174.729
331.482
343.97
176.78
428.791
234.91
389.816
190.974
38.302
123.186
162.466
449.536
352.963
407.089
271.685
371.015
466.392
217.66
319.043
482.607
272.556
248.278
230.64
153.139
289.452
455.925
218.695
280.998
82.4719
61.475
395.31
352.556
208.848
129.765
326.904
274.647
210.077
417.727
365.16
286.88
168.677
36.0512
416.756
169.58
396.121
125.838
399.049
433.601
146.184
321.851
293.579
376.39
362.256
266.518
328.737
265.206
254.374
311.771
183.771
282.034
309.183
323.407
403.928
116.579
211.898
385.303
251.674
364.886
122.608
224.602
306.774
485.001
279.015
502.48
31.0919
124.379
76.51
340.792
458.478
136.005
92.7587
71.411
144.712
142.544
75.7109
62.0164
148.855
120.333
420.687
184.755
36.2539
101.882
372.731
119.527
421.846
411.101
269.433
273.008
304.129
398.282
397.954
87.6069
384.632
347.732
266.192
277.642
66.3139
35.4728
276.802
363.068
158.169
208.246
88.9279
489.997
308.9
124.393
386.175
170.049
234.757
195.239
449.348
83.6851
184.522
479.318
350.866
76.5372
487.914
39.4592
509.467
300.674
159.454
129.147
44.4836
60.5851
295.611
61.0767
450.022
404.153
316.762
136.767
261.279
102.51
209.243
336.836
456.837
247.87
283.457
194.755
511.81
350.729
329.849
86.6948
339.396
331.667
99.5553
118.229
479.136
408.966
388.649
292.428
405.063
382.965
237.799
425.306
432.459
319.267
247.699
87.0652
300.973
313.642
110.314
99.8668
71.1244
364.379
60.9508
305.874
450.962
366.118
283.243
278.293
418.015
89.6674
256.142
418.976
166.607
319.291
413.84
243.625
348.349
254.229
275.341
215.139
382.785
353.056
135.185
495.405
63.3015
139.708
176.533
70.4061
259.376
496.96
297.021
238.915
377.234
203.112
117.421
72.9796
465.65
307.538
187.387
184.33
119.663
216.389
479.874
423.833
266.797
345.089
340.28
383.082
92.463
226.59
343.178
185.432
122.44
334.438
296.375
32.6892
313.62
294.505
386.012
298.533
478.897
157.797
319.652
243.801
64.7499
424.506
333.421
334.9
481.96
49.4372
316.257
392.053
314.09
195.107
448.337
36.6948
124.188
79.2622
314.974
104.247
298.004
137.525
202.667
305.47
449.14
62.7703
240.634
500.248
150.924
237.582
268.751
318.82
83.5074
321.328
208.812
223.656
345.6
490.32
83.9601
120.246
78.7329
294.032
135.241
360.456
91.6387
356.692
155.558
211.579
178.095
52.5988
128.329
69.0719
221.292
261.781
368.489
217.879
324.49
247.458
76.4776
316.33
245.584
81.7892
197.579
280.393
151.885
213.071
402.267
410.07
96.0608
85.4188
359.215
262.984
256.927
91.1742
401.291
228.446
408.464
66.8499
252.012
258.584
168.965
375.182
237.443
296.635
268.501
154.541
108.139
289.257
85.791
32.5866
154.325
303.495
74.9685
294.24
302.897
158.109
370.793
232.818
280.842
68.4602
108.699
81.2646
197.867
305.845
200.874
252.261
157.499
94.3629
388.149
117.745
49.7043
182.504
354.527
59.574
145.181
484.586
74.0536
136.039
48.0923
242.608
254.895
367.267
185.535
73.3861
54.8715
341.863
397.486
47.3619
267.048
59.4284
58.7416
243.59
152.295
187.035
410.69
402.752
151.406
202.755
149.122
42.4888
327.098
247.71
145.762
267.803
86.9744
44.3843
196.295
450.228
85.4656
323.6
319.247
303.602
90.9495
349.432
124.367
251.591
404.79
222.773
231.369
192.254
238.901
343.571
316.091
138.671
368.885
226.343
136.861
234.824
263.055
397.157
95.9699
339.531
45.9563
352.03
434.428
92.3807
30.4741
351.05
269.621
202.283
275.236
163.749
123.103
292.652
62.9174
265.05
64.2524
225.489
216.001
59.1119
200.923
269.981
430.757
33.3724
288.207
354.014
65.7777
60.8515
98.6468
304.166
527.801
471.06
102.898
333.668
365.249
166.835
165.042
337.914
150.345
219.72
93.7561
364.469
307.91
286.302
392.474
40.7336
299.867
398.583
150.666
230.226
361.965
264.024
62.5559
157.252
223.56
58.986
321.824
230.15
113.132
518.18
322.229
373.617
244.855
285.052
41.9618
256.103
320.541
240.688
292.636
172.66
105.766
190.482
223.369
331.187
395.957
342.03
340.014
471.811
128.913
35.372
116.814
246.872
465.584
229.132
308.534
276.807
195.407
265.329
64.9391
251.259
325.272
35.7612
362.847
466.617
106.683
344.316
51.2997
229.564
535.225
271.873
576.551
274.836
236.771
149.459
211.648
323.465
49.284
447.908
172.297
150.27
477.522
415.714
131.535
128.168
70.5207
139.911
146.681
201.897
348.174
321.039
120.583
196.292
186.39
142.7
363.352
239.076
152.593
215.095
331.541
199.342
113.456
314.028
35.5338
361.824
143.188
137.967
142.714
139.292
403.512
47.7751
221.383
126.093
223.745
416.588
278.468
245.28
45.5676
316.314
478.29
404.439
150.61
253.503
41.993
290.298
70.1452
358.419
186.393
277.395
379.191
159.638
204.916
273.671
169.44
112.932
92.7635
191.717
46.5826
427.734
39.2408
119.365
171.818
42.6767
436.076
183.754
407.213
468.81
485.243
331.704
235.456
174.977
105.698
124.612
231.732
375.111
75.5355
242.154
254.54
404.575
229.172
279.928
64.8902
168.841
115.793
178.068
193.208
468.071
291.77
151.962
225.762
192.932
121.984
213.901
234.722
292.672
444.068
275.673
83.018
227.921
238.45
256.546
341.419
440.957
48.2523
428.699
251.851
230.87
195.61
350.457
63.8178
235.339
201.699
142.487
154.959
96.9582
122.233
57.2311
250.99
419.33
371.32
185.788
86.0029
409.726
315.201
180.768
431.321
462.484
377.321
155.98
93.6653
411.681
38.3646
337.199
277.414
36.9894
45.3725
105.865
413.738
256.625
223.96
437.474
159.302
55.2245
347.623
301.569
264.056
254.602
105.843
204.292
136.501
53.0889
55.1335
340.248
221.628
392.092
501.489
235.049
325.566
31.0829
246.943
515.011
477.588
108.577
262.488
196.324
109.275
103.546
388.597
299.903
74.0682
430.488
167.729
337.688
385.693
218.18
127.044
435.825
289.321
179.809
143.837
108.332
250.859
182.545
77.1756
118.297
346.988
503.964
282.592
462.544
257.607
55.2479
221.581
482.853
179.292
446.255
118.282
53.6781
190.213
115.384
199.858
79.9463
263.498
296.474
269.398
468.055
77.5682
352.152
51.1452
235.179
292.577
365.789
323.01
194.627
352.505
332.077
369.581
306.154
46.1452
485.019
226.136
424.35
464.357
301.051
58.6099
214.497
353.994
176.145
234.182
215.612
143.473
50.3209
114.614
502.872
92.7945
193.4
206.42
425.168
114.437
253.596
346.973
479.098
383.408
148.274
510.294
416.033
419.774
439.906
109.477
248.977
33.853
504.494
525.178
501.384
158.764
368.375
62.1617
167.849
89.9463
280.306
59.6438
201.74
473.254
91.3051
224.568
30.2801
318.775
218.463
67.0988
304.823
376.206
177.581
215.944
167.823
166.152
403.754
288.581
391.599
97.1097
245.379
134.608
398.093
360.465
352.768
493.748
234.279
262.411
40.4991
339.964
207.749
187.142
129.671
175.838
370.641
299.549
395.086
310.807
95.584
88.2721
454.105
334.508
504.687
38.0421
431.42
298.886
54.2252
261.591
279.912
232.689
357.085
313.511
177.714
84.6557
41.0592
352.979
112.636
79.1829
428.49
127.947
281.179
419.802
159.805
211.323
112.189
463.361
129.164
45.3173
277.656
204.59
95.3864
345.618
67.9134
169.033
325.407
360.383
211.932
271.908
82.1414
427.948
61.6496
87.3113
291.768
103.467
378.486
209.817
268.438
397.601
75.3455
117.449
85.5714
394.537
85.6774
177.779
450.744
374.124
315.995
156.276
355.841
483.347
122.831
187.524
48.433
333.866
287.155
97.0574
214.973
276.375
312.854
81.1166
280.663
297.754
366.121
121.034
89.0275
327.709
433.61
522.229
174.498
359.074
153.55
91.2502
40.7271
382.61
119.321
187.253
460.682
496.287
148.705
559.686
255.131
417.597
121.583
300.155
408.39
283.307
71.7804
88.7539
290.615
211.331
447.837
59.9469
199.772
196.283
160.396
403.885
81.5261
90.896
171.54
350.722
144.949
318.704
322.289
472.57
123.797
311.941
508.027
72.2661
33.4558
382.164
384.989
310.468
330.309
80.3449
183.373
184.436
487.282
44.1697
214.18
232.57
286.491
139.974
355.542
516.159
65.636
59.1989
386.693
149.79
305.254
233.714
149.281
315.738
343.743
435.229
408.493
311.019
176.047
130.977
93.1836
68.1688
198.084
62.5538
239.597
42.032
473.433
225.329
288.864
127.033
152.495
287.681
198.474
92.9009
406.537
204.387
112.342
306.137
169.764
54.6204
71.4312
96.2648
274.563
426.284
304.101
183.841
99.7632
282.958
124.897
261.207
384.351
324.66
171.01
187.088
348.084
430.202
389.668
339.233
156.161
144.686
269.896
375.1
387.11
61.5286
398.531
92.8863
90.2207
121.038
220.289
381.516
354.87
58.4378
368.031
155.738
202.849
285.164
521.552
304.534
191.932
253.486
202.199
228.823
258.352
154.733
420.392
174.608
169.249
357.941
87.9143
261.477
517.976
64.8711
171.234
211.142
357.652
332.415
105.984
187.425
273.44
554.453
31.6894
293.883
441.821
394.835
238.326
360.699
221.63
265.3
138.32
419.53
131.002
407.432
78.3215
35.645
119.683
69.2064
143.359
275.899
405.242
142.96
157.62
474.338
472.153
311.954
312.037
438.276
95.8975
420.996
138.932
317.707
221.89
288.97
233.665
326.378
253.189
32.9054
269.715
457.705
251.872
280.892
31.3884
97.1139
403.486
196.431
313.424
292.12
265.298
155.722
205.93
258.735
136.313
51.0133
229.251
30.5275
245.582
232.471
336.128
211.129
375.947
38.5121
244.166
280.142
192.215
81.5625
67.774
106.304
147.896
110.186
272.492
111.529
355.051
118.713
298.158
285.228
144.694
32.174
36.6382
75.5502
298.94
510.362
191.787
367.28
308.343
233.826
321.658
356.015
343.909
129.749
389.126
35.7895
45.7386
35.6381
50.4177
448.772
325.117
348.412
285.54
120.895
218.999
88.7267
150.635
203.992
344.586
169.486
379.022
270.773
538.885
241.099
43.2658
283.281
79.4479
101.224
166.999
454.302
32.9175
355.028
80.6063
136.017
220.8
171.771
138.22
455.227
275.528
397.269
299.139
341.175
173.281
99.5179
362.054
72.8804
220.791
408.378
100.346
30.3373
122.352
113.557
310.898
434.322
114.55
359.898
314.685
405.464
66.3151
423.58
193.581
337.36
397.556
35.5618
155.524
308.399
386.556
155.253
148.342
269.083
307.632
142.612
336.976
183.899
377.283
218.082
361.346
283.352
51.8469
188.592
133.178
306.248
354.222
194.586
99.0609
244.737
67.7673
80.0954
418.788
271.06
265.715
500.081
31.1578
197.868
317.578
309.392
312.15
453.788
262.73
129.98
201.071
345.156
210.693
286.605
84.5295
64.2747
257.447
145.654
49.7972
477.45
241.802
135.68
369.701
344.335
211.985
413.507
263.843
79.7171
157.56
363.855
460.696
218.785
475.996
149.875
223.054
300.422
87.6342
286.911
236.796
108.736
111.279
500.43
321.389
264.993
294.886
283.063
317.203
377.879
375.025
408.788
420.432
202.114
271.129
421.64
402.866
220.9
45.9385
272.408
299.105
378.402
338.147
306.307
237.856
274.078
213.475
136.648
76.6621
453.758
246.639
455.904
32.9456
324.722
373.487
417.93
307.666
356.39
337.922
195.154
44.308
353.446
357.377
452.175
169.356
369.96
247.928
396.801
34.9182
173.703
337.817
350.994
105.624
106.344
427.962
41.0867
330.48
179.166
295.036
313.045
282.462
297.308
194.444
328.288
275.842
300.3
376.913
144.698
533.296
426.81
48.7017
37.0888
40.5951
141.992
325.914
252.015
354.777
243.198
351.821
70.1874
452.236
181.496
276.494
134.519
195.19
42.2326
408.805
358.464
158.682
54.1721
278.016
186.523
93.7076
393.177
314.341
411.598
400.509
92.2808
437.685
154.404
232.919
175.032
44.5718
193.4
89.6782
424.185
221.439
325.954
450.843
327.961
225.21
112.478
128.141
238.642
235.384
47.2243
312.901
53.1527
105.068
367.471
248.701
157.361
32.3285
176.827
315.61
326.09
423.41
242.912
222.359
62.4411
42.7491
235.485
269.553
209.202
46.117
252.353
179.832
328.509
287.367
389.346
443.397
567.551
80.7211
260.389
109.972
334.145
430.542
62.0942
354.564
92.3855
90.4927
50.968
378.672
244.866
138.649
197.38
85.6444
62.9134
284.03
307.491
252.364
188.991
243.587
153.112
88.898
159.984
407.853
171.472
482.133
308.574
297.454
310.767
245.127
395.923
364.854
233.989
472.524
289.71
357.676
64.0755
55.2486
409.371
262.935
517.792
93.5483
95.1172
272.292
169.239
172.263
258.873
340.53
371.344
141.941
437.803
383.208
34.2788
102.909
136.859
83.2385
286.557
430.523
45.6984
242.978
35.3759
477.459
256.052
104.646
165.398
429.028
448.418
407.99
114.865
149.698
61.5723
241.987
356.492
125.708
211.159
35.3056
243.967
281.179
79.0042
119.552
44.4458
399.039
52.7355
78.5249
49.799
75.602
165.448
394.6
525.158
162.777
139.554
331.542
364.62
59.0786
152.13
331.44
207.315
190.965
329.375
350.234
307.421
346.271
514.109
294.918
384.669
125.589
126.652
69.5373
210.324
430.062
373.055
257.952
106
162.896
139.362
392.164
251.126
190.374
162.616
287.24
312.882
500.935
352.351
261.46
171.868
223.79
157.737
284.108
453.526
370.558
117.6
479.613
274.405
443.163
133.618
232.203
365.254
36.6303
423.465
87.1554
355.946
269.843
381.046
55.8476
150.58
164.658
107.011
262.139
306.171
316.785
268.086
340.907
72.7521
249.585
96.2629
152.912
60.6776
432.898
217.478
412.986
119.971
194.311
202.095
69.4675
231.983
236.427
259.598
152.799
101.047
299.292
171.285
299.939
236.628
325.69
192.202
434.539
315.87
367.594
474.322
478.756
265.982
277.099
383.114
445.754
63.9107
243.153
82.2214
275.982
82.4547
500.983
215.415
171.739
260.965
197.631
193.658
436.63
302.137
231.339
283.989
248.01
218.932
51.8943
254.188
119.458
151.37
461.266
443.024
99.7563
328.582
203.917
188.912
276.701
174.456
42.6617
207.08
293.706
97.7606
201.646
271.57
238.566
487.566
290.762
392.826
89.579
337.004
309.225
402.618
62.636
358.1
406.426
242.645
139.948
436.991
210.514
85.8035
257.901
92.2752
88.5045
97.2836
103.041
189.128
54.9355
502.643
93.4193
316.277
167.765
233.832
222.578
217.853
80.6415
475.263
277.865
107.618
286.848
34.9717
96.7502
94.3325
302.927
337.349
221.452
153.852
363.544
233.641
55.4371
44.2459
223.355
312.833
157.455
122.699
253.36
307.22
272.422
173.003
316.509
438.927
172.189
258.036
66.497
264.447
73.6165
388.742
398.118
57.8455
176.615
317.917
419.689
430.906
142.389
191.17
32.1986
268.438
115.474
223.922
261.617
203.617
274.838
336.825
30.4951
223.287
150.134
273.257
204.154
199.603
306.303
307.976
480.743
282.103
505.929
51.8101
484.199
384.235
309.217
347.099
359.145
363.712
203.833
30.0934
40.3728
507.3
114.796
441.652
