51.7716
325.892
475.688
97.8621
93.8769
327.865
186.542
312.515
445.768
131.08
64.9127
422.536
55.2403
168.641
234.986
302.112
133.251
257.152
333.038
415.688
150.89
164.926
424.35
61.5662
129.488
340.301
53.8706
268.118
322.865
259.483
268.896
69.6376
247.787
145.28
44.6649
69.7834
126.114
376.473
302.972
235.377
130.631
413.683
371.738
138.623
49.9143
98.998
266.31
277.643
318.717
130.413
161.714
394.634
336.04
230.163
167.542
51.0533
513.09
543.455
195.823
432.055
266.867
411.269
218.239
245.23
165.823
246.271
214.625
263.743
378.017
41.5318
213.446
269.182
69.2063
158.282
506.813
281.252
220.724
326.143
292.597
219.041
265.569
120.193
294.632
275.922
233.769
229.29
445.392
299.362
91.7282
127.839
141.851
316.198
67.3713
43.7777
30.3919
287.105
199.038
304.762
259.32
447.121
206.645
133.025
221.842
39.5212
160.23
385.023
419.047
383.571
388.748
70.9597
292.424
319.528
270.239
65.9891
322.069
148.276
97.0416
121.33
181.282
206.58
442.111
199.648
386.579
47.3358
350.896
46.7199
273.895
93.0838
89.3045
37.4754
374.155
450.294
322.304
540.899
324.481
412.119
413.197
290.517
340.089
362.593
373.098
198.988
105.419
354.92
167.273
170.133
376.147
80.2817
232.5
275.468
286.255
257.404
292.113
245.701
80.761
77.9631
141.403
461.162
425.897
343.001
435.174
397.797
317.911
413.32
298.161
82.562
339.22
280.485
153.839
57.8518
267.816
421.064
96.1334
116.925
406.053
346.547
52.2147
149.992
276.212
84.9016
493.582
239.407
69.1452
400.771
181.628
31.0691
105.493
311.03
520.815
133.278
74.1382
180.088
151.582
246.065
101.597
262.975
463.237
279.247
68.7869
271.641
33.0775
393.462
508.607
36.5874
382.799
40.5348
196.271
513.323
394.32
286.643
389.079
264.342
36.3763
118.605
432.981
183.797
351.648
41.6588
296.887
419.407
201.509
363.77
135.863
190.63
51.3952
418.921
179.374
194.915
76.9994
152.471
406.378
108.584
131.072
330.126
216.942
248.341
259.518
251.495
346.924
352.043
49.4862
434.576
136.11
113.013
214.018
40.7946
329.125
122.431
48.4625
417.527
136.576
140.543
299.702
153.898
332.291
261.419
326.541
49.4957
196.617
324.668
496.717
342.647
349.461
275.648
344.853
162.666
64.1429
54.0773
269.76
395.567
115.042
124.234
195.455
104.737
149.344
62.8192
487.886
303.99
162.124
314.203
389.852
111.594
363.59
463.264
161.944
301.232
234.245
362.688
489.917
482.071
296.498
503.262
197.392
66.3609
87.5634
453.926
404.995
128.394
219.453
75.033
178.968
119.364
225.332
81.0004
37.9728
220.213
474.966
153.917
211.628
40.5836
248.176
452.31
402.594
80.0581
89.0627
299.405
31.8548
78.1476
113.652
49.9587
146.365
226.921
535.254
68.4324
449.897
53.4
412.347
172.996
269.939
236.291
333.653
464.874
229.002
296.637
74.5745
268.642
57.7477
67.5661
139.665
202.635
508.817
279.165
306.282
387.987
163.285
426.626
370.016
272.676
471.992
75.1267
325.529
149.334
245.929
347.389
210.409
77.8569
289.767
363.407
81.1278
254.302
461.218
176.861
316.634
388.765
361.849
287.32
465.965
118.023
193.925
385.362
411.827
544.784
119.302
232.723
68.5656
443.694
207.921
315.789
411.154
261.465
479.51
428.192
42.9048
257.187
280.077
426.86
41.0445
519.095
476.167
303.397
53.1602
313.751
434.245
192.905
430.686
178.031
345.6
419.634
250.516
206.962
46.8356
130.574
403.938
309.925
255.556
108.118
482.669
115.78
57.5233
99.4164
483.832
34.1293
187.976
351.928
274.06
165.978
378.139
39.9076
175.121
152.095
136.014
412.022
392.584
251.969
320.243
223.534
113.394
373.125
82.0404
476.386
243.671
301.489
339.296
233.884
314.199
214.103
126.569
482.258
279.979
127.862
109.331
107.097
407.926
441.004
305.313
203.676
51.9662
174.127
131
87.5591
416.987
98.9717
201.695
228.96
89.3564
106.887
454.107
200.98
441.649
316.269
164.204
356.874
392.038
152.449
196.964
273.159
160.653
222.344
512.759
238.301
88.896
379.609
78.5603
182.884
290.776
165.076
141.803
184.401
434.646
452.312
352.894
272.83
118.059
150.323
418.312
394.757
394.077
229.292
406.821
416.465
287.51
304.476
102.297
237.642
31.9628
407.258
352.729
90.2354
342.207
567.99
112.645
381.754
139.002
485.086
253.492
487.348
49.1732
243.684
404.652
65.2743
279.853
110.23
253.906
109.705
351.868
364.684
129.259
89.9417
174.525
465.233
443.918
91.5742
97.0098
357.757
393.38
380.093
182.314
432.103
208.172
252.32
83.3934
254.368
193.648
189.691
311.087
91.1943
383.858
272.786
413.246
355.021
386.709
305.06
426.458
32.9181
496.666
98.2086
495.259
167.88
40.3855
332.145
126.907
104.893
256.176
75.0107
203.802
201.372
258.144
317.747
448.813
462.073
217.796
397.216
79.0445
113.355
128.174
211.181
368.693
461.21
101.012
448.586
98.9963
400.638
415.141
345.336
217.035
467.301
47.6078
160.937
451.969
220.661
122.999
415.874
263.426
340.628
314.935
395.79
341.72
118.323
269.916
441.718
555.784
76.6929
383.638
221.998
260.17
322.706
512.146
327.707
114.429
156.365
101.556
93.5609
90.8418
240.407
65.9197
155.636
385.491
152.796
556.11
309.725
156.156
74.3866
216.194
447.838
112.666
110.703
312.741
106.206
85.3163
272.697
365.68
141.049
148.592
367.056
54.589
531.59
128.981
65.0378
311.752
143.42
346.281
90.7543
420.404
472.364
331.781
60.2702
191.239
82.8044
181.026
284.185
145.881
385.043
397.382
383.137
485.496
321.435
284.023
519.281
121.531
343.865
515.923
157.219
340.67
308.364
155.182
369.582
237.654
294.758
39.2056
196.632
380.674
104.429
70.5001
69.493
278.517
423.052
90.7192
464.691
48.0708
92.9537
319.983
446.647
73.5917
86.0027
138.572
443.494
432.125
349.477
425.027
254.642
492.284
42.9098
138.844
166.429
166.432
294.214
407.007
313.559
304.196
93.6157
82.9842
315.162
149.797
39.3602
434.595
384.797
512.982
324.877
65.0289
392.349
115.04
374.644
202.152
362.414
301.24
411.664
209.935
258.79
464.19
153.521
242.796
168.604
163.067
168.304
97.474
34.2019
232.557
390.958
159.682
108.551
404.794
344.036
432.122
168.85
129.062
210.394
69.8126
376.798
45.3493
278.086
259.454
104.052
192.148
204.707
332.402
146.449
191.234
330.226
325.968
50.3675
250.449
327.519
333.12
280.894
173.973
199.772
137.975
105.813
321.189
330.942
80.2602
425.156
407.439
309.432
406.864
451.601
65.3135
179.666
171.349
150.618
52.0978
363.942
301.273
270.915
400.319
101.031
130.006
45.3238
247.274
475.082
548.275
110.939
386.174
411.283
99.8615
219.039
218.692
285.95
202.679
110.636
101.763
115.684
306.499
59.3219
163.596
209.382
267.995
71.0737
157.959
346.825
104.784
451.479
524.416
163.822
150.021
306.937
215.651
350.691
223.833
543.787
242.041
137.153
179.103
107.774
321.525
226.028
363.96
276.952
106.766
361.029
104.69
43.0676
198.24
109.882
476.124
351.585
432.161
55.2503
152.499
167.437
357.497
272.07
363.495
36.7849
265.26
295.428
120.213
270.413
127.505
274.955
540.964
151.03
349.015
238.099
367.413
390.793
258.545
374.691
249.18
387.222
313.247
80.461
107.338
159.297
213.695
99.1555
355.115
311.599
461.417
417.049
135.697
171.674
283.616
68.4851
97.2403
136.041
123.979
252.399
326.946
105.327
257.489
443.86
231.228
109.889
37.325
447.614
135.392
346.313
215.981
225.253
469.633
63.0475
316.874
207.128
477.097
197.139
366.386
117.039
81.2094
295.286
117.292
502.203
217.402
123.378
157.161
328.092
380.26
161.188
269.488
355.548
104.236
271.84
457.401
503.655
179.443
266.582
37.6434
52.3045
400.748
111.367
92.6791
426.121
258.05
490.402
344.353
408.556
154.794
144.413
248.056
291.296
177.822
305.439
106.284
160.161
397.637
195.737
466.214
191.419
95.0882
349.846
103.683
32.7121
86.3789
345.272
418.306
263.814
148.367
178.814
316.704
515.719
180.882
410.161
53.5285
200.886
252.796
447.514
52.6336
346.547
129.942
90.0339
63.4864
33.6647
169.257
384.271
384.339
99.9185
432.723
54.676
55.3475
113.651
252.708
339.009
388.559
324.461
313.98
225.54
91.8152
76.2782
53.4102
441.692
194.699
391.559
250.155
243.835
59.8001
263.947
344.46
343.729
310.842
395.561
439.372
194.501
296.198
526.803
201.65
466.521
346.6
464.219
291.471
412.987
98.1108
92.5483
251.406
543.583
119.803
46.2607
309.062
359.896
346.192
63.2977
257.964
80.322
351.695
363.595
406.933
431.87
159.635
65.089
429.741
342.33
265.51
199.709
76.5955
44.2932
405.752
340.836
327.49
318.901
40.7732
420.225
451.998
202.231
433.523
205.248
37.6374
123.143
83.0238
517.11
403.976
197.513
108.742
386.263
145.319
244.82
176.228
33.6607
480.285
270.359
241.664
441.689
409.245
468.753
232.576
219.849
324.501
93.0643
122.078
434.316
74.1126
96.7786
204.691
185.714
195.476
58.0841
300.368
331.153
217.124
190.299
274.112
240.727
460.919
335.551
241.108
552.273
78.0298
220.863
339.914
95.0602
309.359
74.2179
92.6178
143.653
120.925
162.164
60.9042
144.588
129.743
119.856
155.885
34.464
255.212
215.74
66.2042
356.654
273.182
35.2176
258.779
337.007
448.751
289.964
80.5515
242.381
388.539
405.976
241.968
141.972
501.545
282.288
251.633
307.39
150.035
94.0707
359.298
398.075
123.208
65.0621
345.845
110.309
235.942
195.437
69.6701
177.6
438.157
241.384
116.762
48.3916
406.115
483.289
83.9325
438.241
122.401
98.0966
493.809
277.872
85.3531
196.139
273.036
137.596
259.082
281.558
209.361
103.869
80.0328
270.808
414.89
249.721
454.544
57.5319
488.016
178.759
239.353
194.045
238.1
380.284
36.3795
141.206
31.5608
387.459
82.7238
421.519
358.198
449.584
439.088
243.185
299.139
171.216
84.2153
524.492
439.933
244.951
40.4792
291.98
140.535
526.898
154.996
34.709
207.26
228.337
257.083
259.734
176.99
89.8886
45.5659
302.564
476.889
39.9258
82.8016
283.519
108.393
312
151.713
529.772
257.331
421.744
191.457
270.184
450.988
415.893
56.4478
428.883
136.859
289.57
93.414
296.241
56.2606
377.033
228.517
338.411
102.241
517.367
383.82
211.315
171.942
185.9
235.69
348.832
497.157
71.0717
46.7061
180.708
91.8477
252.301
158.471
87.626
103.254
392.052
53.8166
97.605
210.171
421.279
237.327
178.669
496.01
71.2831
134.421
426.882
531.344
467.667
347.837
144.071
58.3143
155.758
34.3334
251.942
275.021
315.744
270.39
277.766
129.165
105.246
103.282
205.51
42.1721
52.8895
447.177
58.7777
281.686
43.0753
126.452
187.832
146.394
410.153
66.5987
274.482
206.134
306.458
533.754
282.079
89.9564
101.988
109.275
83.2684
477.38
377.925
541.805
243.17
197.932
304.742
348.575
308.695
106.528
184.2
238.589
188.127
282.666
162.466
188.869
117.631
526.841
99.4233
323.509
303.153
31.4223
36.8837
336.377
114.358
88.1951
139.273
296.19
181.998
266.127
538.437
146.756
54.917
149.207
278.595
338.366
132.734
290.944
404.985
449.784
218.224
327.293
105.797
348.568
99.7235
305.517
268.728
205.313
89.4157
215.897
195.997
89.8682
217.98
55.6131
396.1
203.808
433.719
218.613
158.032
436.1
33.697
274.186
91.2695
143.885
151.72
52.6345
174.262
274.473
499.248
227.492
441.342
333.146
232.833
411.952
334.179
68.5365
250.561
340.879
161.485
138.1
358.402
87.0661
306.282
233.37
185.904
48.2144
355.426
142.05
201.972
216.437
44.6712
408.45
274.165
367.643
64.2208
387.795
335.006
166.945
158.061
261.754
340.453
298.756
196.759
209.547
335.834
303.522
399.876
125.252
442.557
262.815
464.245
139.78
57.8584
41.413
267.466
330.992
110.926
324.387
276.695
78.1514
214.613
290.895
426.925
167.182
153.097
402.634
108.367
420.905
189.518
97.1189
84.6562
244.305
404.215
30.2324
246.994
53.3933
431.338
116.672
204.313
325.341
259.743
261.211
382.006
204.278
505.739
356.755
280.373
380.496
57.3029
38.7463
80.2621
166.172
255.543
393.349
74.4006
225.472
70.3605
513.218
189.183
275.074
248.597
206.468
106.674
498.784
526.915
471.788
38.569
220.737
258.022
368.971
83.774
310.875
329.353
171.068
325.85
330.565
227.715
269.728
149.91
210.054
464.118
169.509
285.19
216.032
90.083
460.854
333.699
345.016
129.808
334.383
187.439
217.73
410.543
257.516
262.226
420.091
285.524
500.674
213.957
541.013
332.986
73.3811
220.372
460.61
265.654
273.187
231.737
134.927
98.4241
366.802
42.6342
148.232
397.637
340.812
484.858
329.067
153.625
219.073
337.631
385.903
175.286
237.753
390.85
43.5421
460.298
423.924
453.996
230.947
133.61
138.733
388.561
158.919
180.23
156.034
300.537
151.235
154.357
308.154
200.201
450.553
268.831
300.658
365.368
104.793
187.027
393.508
128.282
186.462
71.2344
93.7836
174.989
416.064
469.078
116.061
469.949
398.063
133.91
229.353
229.252
358.135
358.195
367.107
293.874
370.476
341.324
350.605
119.228
258.16
123.186
541.187
329.084
309.123
235.534
332.87
85.4956
417.105
301.132
395.852
263.244
223.403
434.996
177.364
120.647
160.627
387.648
382.092
486.681
195.624
302.289
218.753
193.836
548.578
476.328
490.502
351.36
252.635
328.613
196.816
349.77
157.999
479.591
222.416
83.4085
326.6
419.411
51.4762
328.215
350.886
42.7143
473.608
245.837
190.299
147.805
197.496
241.347
244.381
135.038
140.037
357.872
159.775
112.359
170.822
298.788
262.47
381.476
104.536
528.624
138.165
141.242
188.67
34.5176
263.904
60.9574
287.725
105.544
280.728
202.903
498.219
50.3188
242.069
233.103
234.723
312.375
450.01
478.119
111.574
169.513
329.903
295.404
135.4
463.916
379.746
93.2429
85.4623
209.079
255.65
318.596
128.851
100.233
352.139
298.476
372.352
443.688
116.171
475.173
41.4013
281.988
226.546
300.905
50.9807
458.934
133.705
182.854
363.708
47.8029
426.201
294.835
33.2932
328.818
269.144
291.684
55.7777
353.701
90.1732
151.042
252.309
39.752
199.336
101.894
207.023
60.3812
141.511
182.61
341.782
205.013
257.378
376.041
368.157
42.4386
125.638
216.18
206.03
376.224
348.789
340.695
115.747
194.226
223.753
240.76
114.581
185.835
31.9008
75.238
199.402
111.72
131.295
454.763
461.684
313.685
439.709
195.346
43.2092
79.2901
362.515
53.9646
161.496
386.966
280.257
280.142
122.528
209.024
128.667
521.998
155.322
165.225
120.161
77.9012
205.607
88.0628
385.655
345.067
104.552
242.453
231.595
148.196
196.835
122.311
367.074
45.7939
364.225
123.152
399.008
294.268
90.8032
251.813
226.949
461.944
443.113
117.062
140.123
57.0671
109.946
167.271
217.355
209.809
50.9293
440.302
85.9169
64.8481
44.5887
167.593
198.73
46.5669
79.2527
288.838
81.0414
353.575
91.3851
217.501
116.014
237.851
122.517
223.308
138.077
262.029
246.472
364.642
119.009
339.537
286.423
287.843
331.472
376.409
214.255
36.2625
320.334
176.613
326.748
347.122
123.675
473.397
212.836
330.377
316.158
125.428
281.708
192.484
400.97
144.595
94.5325
80.1861
183.611
380.092
113.711
211.896
391.293
199.886
176.657
84.6726
487.493
75.6691
415.494
255.044
81.9654
307.844
82.5479
355.318
194.027
248.358
138.069
259.382
212.526
487.841
189.254
85.362
264.536
94.3342
34.4677
234.647
512.859
338.464
75.0253
60.2524
32.0275
267.203
121.301
245.249
34.0193
189.915
219.914
185.128
101.822
379.161
391.402
73.4774
374.257
159.276
218.921
251.44
43.8154
320.463
302.042
196.77
114.612
166.112
377.957
135.444
197.997
290.561
427.81
168.81
67.9342
462.115
366.607
281.68
375.983
242.831
451.474
404.329
288.502
34.9327
100.695
257.042
503.475
150.23
189.211
347.559
161.457
64.1452
123.162
442.928
312.957
145.742
352.408
187.46
35.2293
230.533
104.926
418.264
249.546
136.981
314.868
221.921
86.5655
423.268
70.2103
128.678
318.272
468.594
83.4989
445.378
124.71
459.866
77.5878
185.347
62.1124
63.9093
293.614
268.212
381.018
244.36
185.385
216.078
331.487
508.635
43.3273
78.3144
457.576
318.882
493.379
174.685
283.739
469.633
439.248
72.2669
184.644
336.45
203.317
216.302
471.829
256.624
408.255
97.3349
200.459
64.4781
232.51
141.528
468.643
320.67
312.477
281.902
351.154
168.01
504.733
486.835
185.648
331.774
317.607
103.088
418.534
130.51
346.486
255.457
325.747
251.877
172.51
235.697
78.617
282.239
69.3637
351.887
162.763
372.765
260.057
248.165
411.79
40.0405
78.1393
488.942
339.757
290.571
130.549
132.213
40.1205
143.375
416.286
208.342
442.921
453.416
502.084
298.394
193.659
310.836
290.425
313.556
300.859
297.367
230.189
175.647
290.747
163.518
248.636
177.741
193.91
91.3027
127.94
382.553
155.052
185.734
372.283
226.37
259.497
298.63
183.537
256.93
424.67
346.141
235.631
117.132
190.574
426.348
376.643
119.003
153.546
448.206
88.988
189.392
325.605
143.822
265.585
316.086
348.519
355.762
74.3033
263.859
343.885
516.354
101.193
103.684
99.8182
284.418
95.5841
45.3406
97.7774
60.8377
108.325
43.2208
359.505
75.9652
278.408
302.609
472.693
330.059
283.9
42.1924
351.724
343.617
54.473
383.749
90.2633
141.025
221.187
41.7074
156.35
187.694
64.1113
421.956
390.119
104.082
174.986
63.4054
157.556
320.754
96.6922
289.338
480.657
149.23
187.554
268.011
211.49
327.834
416.393
128.839
323.895
88.6717
163.761
31.8666
162.072
433.417
80.011
329.133
340.711
112.439
445.374
475.154
410.524
385.661
96.0264
152.036
236.204
306.758
266.472
316.936
273.195
272.671
117.649
36.5133
50.0557
392.451
423.278
456.573
313.715
284.978
236.603
66.9577
94.4418
270.173
198.43
349.178
485.721
287.744
199.976
39.1686
383.573
328.869
324.894
171.677
101.396
221.042
305.384
249.088
95.993
428.55
244.214
113.528
65.3617
283.596
407.371
334.434
192.396
303.026
419.096
31.7975
405.707
450.25
316.185
106.944
361.246
315.565
207.414
529.151
289.398
333.591
285.851
107.558
376.541
119.035
135.423
208.351
193.711
459.906
69.7654
452.617
268.232
380.95
301.059
307.243
487.691
67.1761
453.14
335.552
228.287
254.894
34.3348
152.602
304.272
321.898
294.512
375.842
53.2045
175.211
284.929
363.667
220.595
168.088
466.846
130.404
191.891
48.4686
293.575
364.179
419.588
152.103
125.577
101.946
103.727
121.99
51.8396
526.054
81.8699
233.087
250.299
120.641
315.666
229.519
478.477
454.732
169.237
45.2778
415.329
368.792
136.269
32.2772
36.6372
291.232
324.59
491.456
209.57
66.3022
300.904
269.417
317.579
217.265
418.078
189.777
306.774
112.406
257.489
298.579
99.2547
140.598
97.6339
240.321
83.8459
320.044
421.702
327.223
71.0023
243.508
309.412
444.554
65.9854
404.701
81.7611
306.556
356.163
260.804
91.7212
267.068
503.441
88.6302
328.825
201.569
378.036
190.045
235.99
288.506
203.558
393.915
192.952
343.606
285.676
156.362
234.235
353.791
117.458
98.6508
37.9182
43.5771
308.03
277.408
458.103
308.157
416.968
338.865
270.311
381.786
30.5328
226.36
103.162
393.856
366.337
40.0477
184.142
245.288
148.955
134.033
64.5357
74.8299
216.112
35.7132
372.318
381.427
367.335
73.8661
159.856
121.157
353.599
31.8132
496.724
84.763
213.892
546.863
54.2528
197.677
478.465
251.315
411.914
72.2392
344.304
326.161
128.202
182.901
403.163
228.892
246.989
106.076
227.367
249.156
400.544
40.7528
437.395
86.9705
91.264
500.788
387.823
207.508
507.334
407.347
56.9688
64.7237
117.032
387.818
451.337
208.396
78.5868
158.809
172.303
160.678
316.171
485.326
366.256
434.122
274.713
54.5359
144.089
294.486
356.083
200.669
372.527
161.217
215.212
432.721
315.474
401.152
373.831
459.561
149.115
232.68
86.8236
46.0853
126.268
201.269
281.473
329.545
75.1236
51.1364
283.803
447.251
187.838
204.183
77.183
152.025
349.393
52.2815
90.179
204.407
268.884
156.923
231.056
260.205
135.233
478.184
224.154
286.268
310.16
282.883
34.5846
275.615
142.76
76.3718
91.395
202.922
226.5
359.941
522.829
249.144
376.692
478.093
149.138
225.141
76.3555
348.831
500.138
370.251
401.959
282.567
439.587
132.976
327.681
579.101
156.06
247.1
393.372
229.233
319.955
103.128
267.613
203.974
134.772
36.377
385.679
343.519
255.603
105.588
379.626
163.825
41.5713
374.256
468.168
352.363
65.817
510.465
74.5711
332.201
83.7504
230.44
343.236
161.122
215.974
537.193
126.919
151.427
224.06
55.5809
92.7249
387.892
287.724
136.812
417.368
214.128
72.0488
383.085
179.775
253.71
236.444
77.5173
140.143
226.539
202.937
76.6228
491.467
456.904
343.191
251.014
67.3748
158.347
266.967
313.414
136.75
396.63
197.397
391.406
336.698
60.1479
79.4129
376.572
245.905
246.328
293.49
547.115
131.414
162.612
344.432
281.621
195.422
461.601
310.35
452.165
358.957
419.263
152.431
157.504
438.014
261.632
275.091
179.978
241.457
115.609
445.298
398.871
479.797
286.338
51.5301
480.651
265.602
111.94
362.91
106.795
214.532
428.394
427.088
459.371
144.359
68.5914
93.688
73.5822
259.825
137.807
263.375
224.049
396.807
356.292
269.908
392.365
82.2621
67.0202
216.274
367.921
184.859
163.102
154.694
275.173
185.294
134.978
329.711
191.83
277.835
250.598
163.211
326.181
241.288
316.165
170.232
207.405
205.553
435.478
240.285
158.682
180.109
387.276
537.794
404.918
414.911
370.598
34.8156
325.672
49.6086
33.8883
76.8281
379.695
149.559
276.696
37.7759
269.074
115.372
326.19
467.778
209.527
134.581
228.365
290.761
380.005
290.296
290.112
427.486
266.123
154.67
53.5035
252.925
75.7823
61.7605
315.201
354.846
289.472
235.555
454.432
391.35
68.2462
228.966
221.377
203.68
181.758
345.626
356.633
169.496
398.365
291.142
229.44
260.181
448.713
348.864
267.118
85.2496
236.442
255.944
150.675
150.044
101.511
144.018
496.491
150.642
406.58
44.1035
222.896
116.964
247.529
324.83
387.333
129.398
68.0185
109.1
117.851
320.452
83.2763
233.338
34.3446
335.22
134.562
399.363
141.582
443.192
137.517
438.521
92.8123
139.752
97.2558
113.288
264.474
106.978
428.659
297.618
309.063
398.044
179.006
464.799
223.215
65.2472
138.819
170.813
420.759
296.457
154.893
351.182
236.131
396.488
152.115
90.6398
61.0116
75.6935
381.222
60.3815
416.335
405.237
294.301
238.95
215.362
225.074
232.242
175.285
391.863
149.703
512.954
312.738
303.139
76.321
300.639
346.125
99.3777
210.936
388.647
255.746
288.025
231.145
83.9193
80.042
361.191
377.931
320.528
279.26
346.366
442.431
236.895
416.567
141.819
96.7142
45.3008
277.608
384.446
431.315
549.488
318.613
65.5622
415.772
70.5892
433.007
136.535
219.873
63.2328
259.304
330.288
389.541
478.091
408.052
39.5985
422.012
260.729
308.607
129.715
86.952
73.6671
465.382
92.5486
272.277
353.404
479.279
141.632
111.071
504.375
62.2937
86.4253
413.79
34.9374
95.2817
72.8546
450.571
506.58
388.665
191.481
32.766
327.251
380.338
275.772
305.341
84.7045
211.361
236.44
154.25
52.912
87.8505
295.921
236.366
173.899
401.199
382.617
408.798
109.905
82.1296
390.237
170.851
404.344
256.5
63.5031
417.736
237.272
423.095
80.6674
275.513
320.268
148.352
159.595
408.816
68.228
33.8799
349.299
227.947
182.489
342.474
156.577
66.8601
107.522
367.021
174.092
60.6175
163.414
461.074
340.848
248.906
292.227
526.58
175.679
238.396
206.652
60.5321
197.622
120.978
65.3154
128.682
289.834
151.877
373.658
141.663
200.985
468.939
79.7974
250.466
323.616
205.556
84.2137
397.56
337.053
457.753
166.784
315.401
319.731
419.321
496.344
477.656
63.6597
127.498
222.899
256.341
200.77
282.447
210.886
196.945
207.452
113.908
144.505
34.5682
218.923
70.8558
177.193
371.439
55.8089
362.743
81.4302
214.287
350.347
225.429
192.277
177.945
313.992
336.132
283.596
466.299
40.4322
234.975
359.033
477.669
113.876
329.024
177.831
455.467
171.965
487.578
187.036
56.0652
217.536
476.75
338.783
107.516
108.681
377.246
324.476
181.132
182.119
294.985
64.6267
329.392
223.527
420.887
382.649
292.364
217.561
222.675
342.279
485.699
360.518
540.036
181.173
495.059
354.648
304.113
358.167
63.9911
31.6266
463.985
421.265
109.503
244.706
277.381
238.076
334.965
201.466
464.569
251.462
100.35
338.331
403.363
110.779
161.102
56.2312
245.911
257.754
189.74
86.6206
55.233
172.681
303.334
220.225
73.1599
289.634
120.272
339.117
415.671
359.519
151.13
399.067
40.7118
105.687
131.645
161.066
109.267
67.7855
108.793
330.305
149.812
56.3872
76.2043
175.25
196.1
300.186
106.976
295.179
277.308
52.1521
67.2119
180.254
453.897
370.718
276.967
124.302
416.181
446.515
276.753
186.109
226.676
202.888
256.82
421.272
320.287
103.146
259.797
157.173
128.199
115.257
348.389
556.304
68.823
401.713
232.611
50.1424
241.473
381.193
312.287
168.559
133.266
114.333
98.2514
297.651
77.6616
405.001
195.806
274.988
129.771
158.848
248.903
180.607
287.763
356.125
428.28
203.939
319.293
248.999
447.52
257.279
55.6856
166.176
231.671
233.395
368.042
248.342
248.241
251.61
309.817
126.467
395.829
121.164
194.482
255.476
530.992
248.809
434.693
440.285
520.123
302.145
286.21
273.673
474.086
317.34
381.285
270.893
189.535
446.754
35.5131
161.751
83.6955
214.149
479.719
118.686
138.336
256.107
305.697
353.758
152.78
299.172
318.733
406.922
80.5984
358.643
353.262
252.821
62.7021
185.157
46.5671
268.931
89.6314
270.801
316.189
99.2242
109.588
316.625
76.7042
369.137
363.485
68.5138
65.2828
284.591
530.9
424.638
149.457
466.875
116.116
32.5184
340.129
165.288
157.278
134.006
399.301
49.4905
163.613
423.004
235.407
177.376
327.027
400.094
110.895
473.222
290.056
239.941
400.334
295.279
353.182
327.209
278.333
426.238
229.441
394.974
304.757
367.13
441.962
64.0526
472.563
247.535
360.419
42.8867
327.143
153.008
240.894
118.869
33.5441
160.784
188.736
295.248
40.579
265.57
146.88
149.594
306.273
95.7874
441.935
107.141
376.135
77.3953
336.215
234.761
205.493
415.661
153.23
374.303
67.908
393.729
234.425
168.424
348.397
315.623
297.046
40.9564
263.236
104.576
284.364
487.531
82.434
207.938
365.639
81.3919
200.51
326.566
489.429
141.187
514.419
277.285
322.009
346.16
157.192
100.144
266.764
365.42
241.669
69.6994
56.1746
272.42
363.385
188.568
231.162
225.91
210.889
350.512
345.771
154.642
39.2323
348.297
358.259
381.514
40.6338
292.753
155.949
468.354
439.458
242.755
286.691
347.853
40.638
465.123
90.726
244.549
248.684
155.07
306.441
289.403
226.116
50.288
192.204
158.516
110.488
227.97
224.831
319.396
72.2423
212.047
323.57
175.34
68.1152
130.719
185.793
210.916
307.034
57.6209
236.711
258.267
326.489
247.292
217.836
239.382
501.193
340.744
63.801
380.303
424.275
67.7683
43.6476
353.944
86.1047
76.4718
560.967
488.703
318.43
159.106
454.412
319.254
414.258
236.597
355.03
99.2617
197.816
274.815
294.865
548.43
272.311
431.337
464.178
276.851
304.929
97.3241
270.137
231.399
145.331
519.601
117.721
280.864
250.23
432.807
458.397
390.922
277.582
339.953
94.1568
270.456
239.759
195.975
48.9146
214.808
178.872
322.328
153.807
355.322
341.597
212.41
286.033
311.039
207.786
158.384
323.802
204.614
227.948
30.335
281.502
250.837
118.982
66.1714
56.8071
270.051
114.909
187.89
340.082
374.472
88.7179
247.223
340.771
50.1396
234.819
512.869
273.938
261.439
353.602
313.959
241.62
514.329
405.191
232.914
318.977
216.366
395.65
374.676
434.773
114.802
493.298
96.4437
372.589
412.17
215.082
172.691
352.015
135.592
174.195
219.329
467.982
42.5842
435.186
187.137
95.9989
60.7599
80.7333
77.5419
132.47
173.074
56.0533
283.667
115.478
185.497
239.822
167.004
252.944
246.796
265.2
193.06
543.576
50.2534
158.322
279.611
385.229
96.2597
44.9057
387.221
68.1562
215.074
532.458
520.37
317.054
363.85
383.408
116.826
409.977
129.725
114.689
144.508
280.759
252.243
40.5616
227.023
253.314
147.04
528.336
425.841
116.278
80.1418
139.488
348.452
196.052
248.636
397.904
192.77
46.6767
77.7979
126.82
427.519
152.772
201.021
65.1273
144.966
275.477
231.219
492.38
88.5867
224.273
481.928
337.173
432.994
204.608
73.2249
454.527
307.146
289.168
339.787
144.882
316.646
73.0164
385.549
545.022
390.096
60.7516
381.591
311.548
89.229
396.161
248.252
185.31
309.634
206.8
64.8869
32.806
167.285
164.057
496.09
191.972
131.631
378.539
99.2137
282.145
52.0929
78.7255
236.956
128.571
435.747
250.971
195.438
120.231
391.605
102.553
306.354
162.243
382.964
291.652
159.114
311.667
435.1
43.9081
274.535
111.239
258.079
203.101
274.785
285.778
275.416
345.82
296.566
67.2888
514.221
129.787
261.222
280.93
469.625
304.192
341.787
319.306
46.2699
53.7204
248.596
71.0282
202.015
99.1086
332.256
377.48
224.429
471.972
315.716
224.777
290.227
292.584
375.922
151.323
319.682
115.776
374.163
42.529
348.694
155.441
382.945
371.091
528.378
118.28
387.82
245.146
76.5961
257.191
505.777
151.423
81.6062
348.453
437.714
417.317
456.623
410.058
312.469
108.927
31.4678
550.707
134.708
292.459
160.871
438.699
62.4652
58.0859
298.091
421.61
113.112
446.184
423.06
58.5835
430.821
182.329
129.949
466.776
344.961
370.263
82.2409
245.719
218.215
452.309
342.015
195.312
364.504
308.351
336.795
558.289
305.44
271.149
52.3119
138.516
193.829
386.837
356.164
198.765
224.417
43.442
320.667
311.979
67.8277
178.554
446.328
391.019
473.669
235.277
281.44
232.45
379.796
65.9098
325.552
89.4367
140.917
200.297
55.6525
248.074
107.563
123.615
395.756
369.936
96.0246
110.75
34.6827
488.527
169.451
81.9282
67.1199
80.7648
52.1047
112.224
114.97
249.189
308.77
88.1097
422.484
352.445
39.9529
304.171
228.632
444.166
282.386
152.804
225.772
340.708
235.984
329.184
77.465
68.6017
165.145
185.9
206.305
65.5816
184.786
208.356
212.718
45.2827
127.383
51.5985
171.832
150.35
352.372
386.69
142.198
172.98
251.643
295.302
314.64
173.805
84.7483
145.095
235.496
348.266
204.056
431.42
35.0896
72.3598
238.265
407.132
123.559
65.6958
41.2919
266.512
275.803
375.742
113.075
439.842
331.39
161.106
54.5794
153.831
30.9188
232.087
174.703
203.695
89.1157
428.112
262.743
222.661
170.717
314.235
44.7095
291.094
262.448
493.402
131.304
48.3802
246.493
115.532
260.463
393.064
93.6671
181.022
260.757
463.517
77.6575
434.019
272.617
30.7184
87.4796
113.74
229.454
169.847
123.272
268.662
433.874
216.887
393.532
255.573
182.817
404.367
148.176
344.344
68.3161
36.2596
136.765
159.809
150.972
89.6244
304.395
155.06
279.265
455.705
192.14
324.23
360.554
163.269
426.083
275.6
268.644
517.316
386.39
181.513
355.325
340.287
165.687
254.294
392.443
100.796
63.2225
126.465
54.7961
183.916
438.953
101.03
437.19
280.066
252.494
211.29
147.381
524.931
74.478
36.6768
83.1819
284.115
420.012
159.12
192.675
284.092
101.625
294.868
191.548
245.605
358.295
104.537
472.03
399.413
204.269
61.5649
524.672
88.3301
294.489
363.161
363.006
422.238
346.168
454.134
390.343
94.2397
293.475
117.6
308.782
442.57
59.0473
84.5081
393.185
101.522
323.084
174.283
341.424
135.049
252.57
111.628
46.5768
287.93
375.05
224.517
371.63
39.7171
138.952
113.731
95.5344
414.429
307.237
235.85
494.767
294.436
277.093
315.7
377.193
293.527
267.857
101.782
98.6307
197.568
244.725
76.1333
51.2929
460.883
120.67
137.623
105.131
192.667
71.9005
199.045
380.203
165.207
315.376
263.294
54.3282
435.168
360.336
115.224
328.055
232.637
107.21
278.291
439.892
102.987
180.559
266.396
322.555
194.065
74.441
83.6154
334.427
327.072
198.725
308.982
125.637
103.355
131.09
478.355
57.8193
146.641
176.848
205.974
134.593
136.536
183.934
276.711
49.6942
291.884
122.545
299.995
89.2043
412.211
436.001
286.705
372.004
108.187
164.51
57.5411
325.005
113.073
390.251
290.559
153.697
247.76
208.768
103.188
34.8386
272.461
153.301
207.889
402.46
159.153
233.821
105.706
32.1411
456.995
331.066
65.5024
307.266
104.58
132.605
155.135
104.253
207.943
116.818
112.354
292.823
281.261
305.337
169.766
204.135
108.336
285.811
132.013
59.285
260.719
283.043
250.943
221.004
393.098
98.0204
149.799
517.653
385.316
437.226
66.1764
232.748
176.187
152.402
272.159
292.25
546.28
268.057
445.813
105.006
328.139
256.727
141.926
152.57
190.898
152.058
377.521
81.8298
133.626
221.274
85.139
130.885
356.911
65.5262
106.204
183.265
252.132
403.32
92.2857
389.148
487.349
320.361
321.055
59.9793
140.294
232.707
174.595
494.761
413.025
200.109
251.697
265.61
67.4908
360.491
426.878
141.723
133.194
252.582
34.9201
257.28
270.715
213.272
113.122
31.0601
406.434
368.716
349.886
168.668
65.7609
133.085
86.6237
37.9479
237.873
215.965
235.288
72.0096
36.6876
51.8826
31.0473
530.735
195.135
129.442
158.547
239.271
472.142
123.738
55.2509
174.031
480.736
197.928
338.017
259.579
150.921
84.1516
308.998
171.501
244.575
262.599
118.547
232.29
100.659
322.006
267.513
133.785
428.543
460.632
241.99
161.297
339.02
449.284
356.894
229.359
254.411
232.04
135.118
265.061
61.851
386.284
365.255
419.606
66.4438
130.533
374.879
420.396
485.699
123.763
233.666
55.5071
292.126
192.703
144.654
462.343
65.8776
316.901
161.389
102.02
103.699
193.418
394.927
290.036
38.5658
471.238
455.581
257.011
125.042
345.965
391.874
338.587
67.5823
502.918
346.868
312.332
325.973
198.502
113.622
122.836
264.554
458.075
448.282
413.447
178.136
321.537
243.522
247.433
114.219
138.304
380.731
337.203
292.066
123.016
118.416
271.859
61.4097
376.204
278.44
162.934
64.4445
213.95
91.2145
70.7269
102.604
321.155
271.86
360.735
404.695
375.477
208.284
255.302
244.979
107.814
112.221
119.562
376.024
82.3377
546.311
231.328
90.8116
39.1794
46.7626
458.707
338.961
71.6475
60.6543
295.306
39.181
82.6642
358.717
178.023
505.85
191.736
334.182
293.568
218.321
352.897
117.7
205.596
368.347
393.585
99.8575
140.452
344.177
221.626
51.9153
454.252
63.0144
348.314
255.843
439.649
239.057
191.351
189.952
342.069
371.61
79.8454
313.637
450.326
455.774
113.326
247.897
39.3845
296.793
121.65
361.062
53.3193
394.305
36.1189
397.158
432.734
205.142
445.377
53.4491
376.214
311.749
92.2031
397.989
99.8764
172.555
341.193
429.064
360.733
346.951
83.0176
66.3873
218.781
362.015
338.992
247.914
184.328
523.102
173.972
319.902
265.117
252.267
81.5921
249.656
176.977
165.654
53.9333
234.583
378.216
312.452
287.681
201.548
354.919
101.967
104.906
269.856
187.682
312.651
35.2757
196.336
398.678
85.5883
382.815
276.022
117.693
127.768
335.721
399.947
321.546
202.4
263.738
140.566
285.667
71.638
190.906
338.308
250.867
185.471
366.954
147.13
182.352
355.087
413.221
30.9791
71.8023
380.2
89.6507
277.596
409.696
352.964
111.645
322.95
368.377
90.1207
62.9873
61.9297
350.502
288.214
296.885
297.616
280.831
289.318
234.566
283.878
411.618
350.763
243.435
306.794
407.313
366.646
364.074
312.084
247.842
430.733
288.191
75.8038
354.328
164.897
384.044
291.478
370.048
379.586
280.081
77.8484
243.309
375.814
31.9417
344.974
166.748
37.7465
427.83
190.398
220.73
287.63
271.441
334.699
216.203
262.54
365.088
192.816
46.2841
205.846
50.1086
152.246
45.7844
232.751
162.382
166.248
357.803
241.636
208.433
308.212
31.6968
233.962
110.306
115.142
70.8047
218.899
234.458
222.634
165.31
113.695
121.664
160.894
336.323
228.501
429.245
373.832
270.142
66.8799
297.921
369.177
304.061
157.19
151.884
94.622
344.308
132.618
94.4286
82.9295
236.495
142.171
152.4
276.596
250.443
496.748
61.8491
171.465
232.588
115.421
77.2139
168.342
435.666
268.676
541.489
273.316
323.049
69.7654
323.168
326.989
76.4986
536.36
394.523
70.9678
90.6004
205.153
230.35
427.889
342.033
322.228
102.415
361.834
279.651
217.267
321.979
402.036
505.022
152.054
371.268
156.735
458.768
250.465
402.727
361.393
499.826
174.201
42.2388
208.679
59.7984
124.938
214.668
70.9307
354.612
229.685
206.086
322.562
369.943
268.268
414.112
220.285
388.1
401.882
452.358
340.345
150.372
395.079
513.71
195.674
236.724
195.306
265.156
208.693
272.223
230.969
374.519
276.128
350.592
401.852
115.685
141.047
174.527
46.4663
272.798
181.056
332.662
203.51
251.957
349.26
73.9445
195.079
267.611
217.936
391.642
144.296
263.202
135.593
44.7306
175.582
347.544
545.091
54.1489
177.113
418.699
183.073
329.029
459.462
96.0082
559.39
238.139
400.941
152.758
380.19
126.316
63.6128
74.8292
286.697
506.399
184.032
252.533
178.216
470.602
287.36
450.23
118.442
275.922
221.143
111.812
313.583
174.905
362.403
224.308
204.595
185.296
321.12
71.1542
396.138
458.974
274.447
295.315
407.374
75.0432
78.5667
122.03
166.096
337.945
388.193
194.618
441.428
160.654
276.704
450.538
264.438
39.1977
63.34
98.1918
417.341
199.355
305.433
331.642
187.372
283.266
365.368
167.715
51.5538
154.935
124.046
47.6758
262.45
337.715
302.625
221.253
72.5944
196.843
335.29
340.382
135.178
326.95
285.531
114.88
357.925
226.205
437.158
303.883
157.887
224.347
468.573
52.9485
273.564
383.917
30.0003
448.143
371.716
144.185
471.681
33.0658
183.272
198.571
304.829
287.825
343.683
32.2932
461.511
400.941
64.8311
391.067
342.704
331.729
358.072
82.3657
206.041
390.309
61.2629
356.719
94.6712
224.229
339.987
135.137
392.875
265.735
381.716
499.632
53.4039
353.181
282.302
465.877
344.053
354.612
139.778
372.401
118.158
195.326
312.442
314.255
247.891
287.68
172.903
48.418
269.31
203.132
139.94
56.396
134.021
521.928
355.054
417.445
246.723
172.936
184.19
37.17
231.769
294.97
460.222
456.231
66.3596
58.2037
437.563
102.627
425.245
65.825
503.733
117.88
383.929
143.598
335.665
108.076
247.358
50.6186
473.748
347.522
115.732
289.31
180.783
257.913
60.6262
450.446
196.467
142.374
326.714
517.296
53.7841
304.584
226.845
296.747
318.076
290.811
265.134
445.315
184.306
252.998
110.074
137.689
398.094
356.838
40.0902
421.924
69.6883
430.859
245.825
401.417
124.168
214.073
85.9742
177.428
243.755
375.366
405.811
102.085
197.999
111.339
197.052
161.553
306.194
172.952
380.121
441.731
235.865
206.357
154.004
109.164
80.3014
328.09
145.336
408.582
402.122
276.407
41.591
390.549
88.9272
268.343
382.924
398.554
449.829
84.375
115.565
319.675
167.988
208.589
142.766
495.612
58.6321
128.649
354.809
193.056
178.898
283.012
137.488
469.495
493.636
140.422
229.6
372.504
144.445
223.065
373.454
213.389
179.06
331.059
451.276
46.4382
361.352
40.7004
48.958
116.439
50.3944
318.581
163.289
469.5
225.6
432.056
374.118
289.165
242.66
155.351
108.236
341.091
293.756
72.0698
258.728
221.869
153.315
301.161
112.83
298.53
353.375
386.854
294.037
265.133
395.902
284.459
289.012
246.081
52.1811
274.091
199.539
286.628
414.391
391.37
84.6874
237.883
420.484
269.238
198.048
122.468
242.301
32.9169
138.7
201.019
84.8875
529.128
269.202
444.178
259.613
321.31
226.749
95.5056
136.05
153.211
317.273
231.756
409.998
112.059
51.5478
180.65
127.303
92.1852
48.7576
102.174
377.942
111.361
127.505
217.292
451.881
141.926
107.716
386.061
337.046
120.31
258.936
49.71
108.209
128.157
178.421
279.544
84.4058
167.204
71.4209
493.142
433.732
258.824
321.231
481.993
549.73
96.4656
383.3
249.819
235.551
357.004
309.522
423.428
48.7766
352.439
134.581
206.326
322.976
466.509
37.6027
340.309
73.1772
103.471
340.243
384.444
263.196
188.192
139.591
394.264
62.3615
150.365
168.996
89.2198
357.46
406.694
544.009
342.82
56.2016
153.538
132.524
238.821
288.662
255.865
144.811
125.116
227.172
253.841
211.414
425.402
423.29
407.84
56.0248
221.245
477.549
180.792
136.072
91.9443
508.943
366.956
121.202
328.062
196.237
429.05
170.684
286.384
242.514
119.424
224.347
193.691
302.346
159.371
506.775
190.423
123.256
404.882
59.6695
264.716
289.715
164.862
235.529
65.7414
45.5741
315.325
319.977
130.645
381.831
257.957
182.111
131.638
415.863
162.476
288.118
216.432
96.6765
482.55
127.017
424.154
205.458
341.964
278.5
196.753
92.0439
52.4583
140.964
393.176
237.189
208.307
156.227
214.057
217.136
390.766
403.345
63.2534
201.773
31.3638
181.767
245.298
355.124
122.741
473.108
150.856
389.852
178.46
201.043
361.725
36.6114
444.07
197.66
185.667
362.674
430.687
104.372
291.218
119.505
194.241
189.434
201.809
333.51
141.041
521.697
144.657
111.142
123.517
490.899
123.344
118.971
447.344
141.048
79.8388
289.935
255.933
116.639
239.908
34.5757
150.473
325.761
343.601
68.4541
378.798
31.0572
526.349
96.8307
518.2
364.389
107.964
142.061
350.69
337.501
246.022
51.9514
195.29
205.467
243.319
86.0246
101.049
46.4718
418.152
138.76
74.5162
305.57
229.346
206.63
70.5425
55.2267
164.32
425.996
400.405
174.213
355.63
362.915
131.419
325.304
140.322
436.011
197.069
198.435
345.157
150.634
225.085
408.951
220.478
265.962
188.855
71.3501
68.0616
194.566
205.136
111.363
377.631
111.862
290.682
47.7034
267.659
284.684
149.171
355.638
123.51
229.361
258.098
234.747
312.723
280.967
415.274
196.501
480.684
311.654
120.819
279.547
345.556
489.119
34.2976
176.813
263.511
463.216
443.239
301.558
291.751
390.679
281.666
414.521
245.829
179.123
393.632
174.82
66.0461
360.015
256.313
329.138
427.288
122.046
209.009
353.295
361.557
31.637
482.789
93.7841
436.764
277.057
347.008
357.746
467.286
263.545
378.8
31.2109
199.082
100.118
32.0276
269.263
449.975
228.026
331.895
117.467
439.396
265.634
536.591
114.579
482.333
408.709
38.2174
136.468
63.004
167.63
402.967
153.969
51.6775
101.194
229.992
462.891
86.4525
56.9274
260.841
287.488
71.0844
284.152
215.521
297.488
373.676
240.023
137.588
41.3935
270.669
297.319
155.061
314.362
415.339
187.293
341.597
326.554
210.971
342.606
477.1
69.1476
332.216
344.943
394.891
99.2487
261.095
293.705
113.52
56.3356
454.439
205.628
209.996
151.622
67.6468
422.557
138.101
108.041
502.423
168.922
325.769
215.257
153.899
91.9679
295.855
434.909
68.7994
131.934
367.812
306.412
34.4615
43.4661
212.844
106.688
206.5
470.843
336.377
133.342
465.567
104.66
81.4144
200.366
147.091
349.38
306.332
337.831
334.593
185.665
94.8224
119.872
68.1071
350.09
116.764
337.499
180.901
75.699
108.941
541.745
123.59
119.3
158.666
221.487
146.442
237.633
41.7325
266.505
300.132
284.343
183.804
80.7303
353.616
439.843
104.121
295.798
471.898
158.428
291.175
127.508
78.6632
163.709
107.717
325.748
483.205
98.658
247.564
138.026
513.259
192.058
507.766
369.162
31.178
105.127
398.01
422.744
133.773
301.037
401.641
323.075
42.8011
78.5009
175.606
499.062
201.075
326.585
299.862
263.472
523.558
446.801
231.05
241.986
369.589
475.7
322.613
259.443
123.239
398.69
411.507
72.9773
292.946
340.898
445.446
432.654
246.826
309.59
379.572
168.197
160.815
54.466
54.8782
390.503
268.926
107.949
382.132
185.455
258.014
56.5312
65.0387
390.919
281.975
138.374
137.981
392.776
39.8886
116.131
45.2946
363.983
257.591
173.693
355.692
212.506
375.983
420.987
65.3102
370.682
323.479
443.76
193.802
285.264
352.639
223.68
355.904
103.966
264.015
527.138
201.418
106.598
215.265
246.851
184.278
391.694
296.279
152.893
345.429
344.376
101.665
123.525
144.221
338.797
250.045
148.284
71.1599
118.582
189.059
71.978
338.845
180.827
169.904
310.113
217.642
57.4305
359.342
207.635
391.176
181.762
459.926
273.126
52.4097
151.554
323.953
210.557
266.067
326.296
148.924
108.222
297.547
336.63
310.579
187.339
50.2601
54.12
234.369
406.538
338.543
388.84
186.206
279.207
160.647
46.6586
464.048
291.964
215.185
190.818
49.6771
235.866
303.541
124.666
120.032
270.44
110.763
411.403
59.7354
110.216
144.897
343.711
309.502
492.54
284.084
252.523
184.93
124.151
111.361
301.665
97.7185
265.321
37.5832
344.655
45.4255
442.674
116.942
256.412
480.811
49.1701
239.238
136.71
253.173
395.423
281.222
286.03
331.051
231.68
52.9533
260.898
143.868
347.189
61.2321
60.9069
415.986
56.3932
72.3705
207.244
310.23
483.763
175.766
89.0474
267.818
335.836
287.751
116.266
384.888
431.192
126.143
77.0106
38.8275
208.653
133.352
108.702
302.025
191.984
33.7973
149.318
486.064
234.747
483.275
111.073
356.91
246.129
324.093
267.482
448.954
132.963
407.534
75.8278
501.235
199.585
271.504
90.8516
41.2676
225.024
87.9405
252.146
464.33
264.903
198.543
354.874
370.266
72.6322
131.899
407.611
457.903
234.968
506.11
154.263
485.528
191.986
325.243
394.655
124.514
89.234
454.092
114.016
492.386
317.848
326.649
418.238
271.21
131.624
121.939
112.959
377.282
457.376
102.022
248.679
476.066
329.403
245.363
528.84
240.161
404.041
314.431
267.469
355.499
60.5825
267.488
303.231
304.645
336.155
95.4293
349.97
331.788
45.0994
46.3578
213.346
276.283
323.115
115.65
275.38
461.449
104.905
172.262
101.314
134.39
129.091
230.773
122.714
435.776
350.59
377.165
461.429
423.648
362.766
167.118
115.488
373.079
183.35
45.2704
300.736
188.792
227.581
108.074
171.567
198.631
394.493
44.2427
43.2034
285.349
272.532
110.108
235.355
425.438
468.55
268.499
150.753
41.2653
205.063
277.238
487.652
87.1522
250.763
86.7831
288.511
311.199
83.349
208.381
501.141
448.219
266.667
426.164
356.973
194.835
152.113
315.778
172.612
266.057
169.992
321.034
73.6683
360.592
307.752
345.634
540.663
215.484
360.549
302.236
359.158
420.33
253.363
330.251
99.615
161.747
156.581
113.3
336.677
154.279
257.5
177.41
337.79
159.028
298.526
190.31
111.707
445.171
188.277
64.9303
481.177
64.3408
443.932
349.007
106.282
54
236.645
59.945
444.796
289.258
116.923
348.736
309.667
138.4
297.384
90.1425
161.182
192.434
185.986
293.815
247.274
152.678
128.971
144.798
94.4795
114.281
105.864
121.672
36.3783
430.673
126.599
155.906
164.203
413.365
224.444
186.679
298.646
346.745
151.705
321.682
166.797
58.019
237.998
129.281
300.555
85.5297
180.032
232.526
184.417
502.95
148.662
405.021
72.7834
350.97
199.135
464.521
152.957
152.508
346.084
263.823
316.76
153.236
314.577
198.531
94.3367
62.42
228.335
304.879
218.775
121.807
64.1071
118.68
245.435
67.2766
134.777
457.986
123.828
293.476
254.263
265.049
105.443
102.67
314.587
239.423
56.4429
296.167
465.333
44.7745
364.848
163.848
44.0426
139.86
73.4106
182.035
81.5413
303.707
405.349
280.854
169.169
43.1675
66.0525
358.41
56.0992
97.4327
133.863
506.178
75.9477
271.162
479.394
246.664
87.2093
159.156
340.713
203.397
413.513
316.063
275.441
338.928
270.531
374.045
248.251
303.928
180.814
364.321
393.982
49.2433
278.127
532.334
145.857
405.587
77.802
332.28
37.2319
408.01
466.047
433.94
165.536
68.9649
103.32
310.444
81.7087
337.875
362.713
315.225
417.215
325.734
106.073
252.742
122.61
325.694
424.347
172.036
196.135
110.431
471.31
346.987
422.153
101.538
186.4
433.912
265.904
443.647
332.644
333.303
501.06
334.139
90.9863
207.089
274.316
416.738
234.885
266.988
226.793
323.903
120.69
287.598
382.071
73.3007
240.852
37.0518
424.723
98.0506
185.378
142.137
76.3373
125.566
50.0323
286.593
270.54
437.051
117.133
175.404
521.329
229.504
317.404
255.559
73.7354
52.348
300.663
510.012
429.165
44.2407
278.496
388.067
467.387
373.567
203.019
78.9347
115.42
320.132
347.158
266.363
88.8526
108.891
56.6188
281.153
262.001
379.411
93.8388
419.445
320.723
331.854
82.2882
404.823
107.588
558.638
38.5113
87.6492
461.501
455.34
312.843
348.302
279.881
118.66
195.773
387.989
398.613
482.39
114.481
141.537
279.878
268.69
337.588
288.286
122.72
243.011
341.255
497.393
241.514
69.4288
231.213
386.651
44.5744
424.226
108.154
324.476
35.1633
489.285
298.481
445.059
181.795
258.662
207.294
59.8479
442.143
85.8803
249.893
201.607
363.705
331.741
155.111
92.5249
301.579
334.528
364.519
111.329
222.426
441.233
274.358
512.823
279.559
217.725
251.529
79.286
154.945
377.198
370.336
485.481
248.958
106.337
239.617
304.871
375.407
148.351
58.6705
227.321
439.059
220.167
323.44
257.085
250.15
529.762
53.518
117.218
465.083
84.0331
326.372
291.857
272.521
263.459
239.117
98.2132
91.3783
356.177
39.4248
400.191
253.12
447.354
126.634
229.91
197.053
203.381
368.491
269.681
134.882
490.031
361.629
340.881
297.53
130.887
222.002
309.752
170.56
107.003
150.668
247.33
323.733
182.941
348.883
170.939
94.4675
376.994
268.189
344.928
53.6611
84.6498
66.3538
57.4021
186.306
73.3826
259.435
443.107
316.275
455.261
295.076
339.004
408.331
284.869
443.232
437.485
495.721
333.994
306.291
324.077
378.693
280.254
539.786
210.58
349.099
174.071
237.253
469.667
325.241
458.456
356.229
345.261
385.877
272.803
76.784
374.618
438.323
274.875
187.524
272.905
49.1591
455.505
185.628
372.572
277.961
325.907
84.4709
283.766
515.77
72.4199
345.278
294.092
80.6666
421.659
232.21
252.743
192.292
344.84
246.742
483.294
446.031
256.946
219.398
460.527
328.039
475.404
176.57
183.373
199.115
134.223
155.891
536.548
443.471
292.214
217.751
206.905
349.577
255.145
149.746
264.129
240.251
547.528
365.204
185.767
299.833
120.048
347.877
374.037
431.802
333.715
35.0017
161.452
136.07
264.547
74.5802
282.341
75.8631
379.927
36.7313
107.627
228.568
117.571
456.379
100.505
321.383
84.4135
281.862
267.674
150.431
428.582
414.478
192.52
69.6299
475.465
46.1226
120.854
392.3
271.744
248.276
299.731
418.711
503.711
326.678
248.033
166.933
245.07
209.75
52.8456
377.944
92.2943
394.466
269.721
431.784
445.698
105.759
219.571
145.115
294.302
113.478
501.05
37.5141
226.975
290.235
365.06
441.229
280.534
385.992
151.405
417.879
107.925
175.354
449.562
133.978
495.837
215.617
451.421
329.51
255.889
304.557
102.781
33.7105
32.6283
546.536
539.37
395.9
285.109
121.134
554.947
47.3748
87.6154
44.5361
365.797
228.128
218.352
249.4
539.313
452.608
355.702
157.573
53.8977
524.632
432.749
298.767
533.221
151.041
73.4189
347.302
315.671
386.695
224.917
245.573
64.4377
423.405
265.594
67.6365
444.44
265.001
145.466
285.735
184.661
75.5501
545.905
215.922
182.238
342.914
119.448
376.052
78.3486
84.1412
195.382
374.1
436.64
403.463
227.713
89.1399
370.113
61.5941
189.057
389.296
46.0952
247.566
405.551
492.718
116.279
222.228
296.36
46.8307
349.483
481.928
251.776
34.5391
231.586
174.921
454.014
77.9632
127.54
231.743
168.043
249.778
237.601
180.008
156.579
322.972
59.6046
258.374
222.532
351.704
218.815
116.07
489.167
41.0389
85.9029
58.9647
158.035
184.247
200.945
53.3394
83.4071
447.265
175.212
330.217
98.5793
107.059
202.351
99.7462
206.241
116.178
246.579
370.888
192.787
89.167
140.531
153.129
68.8772
203.583
79.2523
110.957
317.702
360.099
65.5754
201.832
475.987
537.848
385.308
281.247
141.175
241.168
254.207
338.489
462.312
331.228
440.805
172.518
323.214
219.298
330.116
170.099
266.855
477.593
285.139
33.7239
125.958
115.027
100.282
335.499
86.301
262.257
457.328
164.877
113.282
95.6522
250.093
275.772
350.361
338.115
360.624
426.855
44.5887
136.853
107.408
221.347
151.931
291.114
203.455
415.419
341.465
75.3838
387.248
325.663
242.147
144.567
258.426
373.938
416.664
315.895
187.995
218.936
363.054
104.18
101.964
381.204
287.41
110.668
376.802
94.983
182.936
279.399
121.547
358.355
559.244
444.865
326.254
423.273
362.273
436.792
359.803
111.79
252.462
222.993
290.958
209.741
544.183
32.6101
302.992
119.238
437.765
374.477
42.9625
228.639
94.9839
125.894
149.384
292.392
402.48
197.381
536.766
351.964
269.457
327.886
102.556
112.895
342.99
238.674
105.737
328.927
222.471
210.628
451.809
304.925
421.205
353.864
407.337
338.544
101.246
84.9642
506.162
237.079
386.892
48.8701
108.736
301.532
386.924
55.3548
369.042
157.549
79.8921
440.652
224.484
242.19
311.95
40.7983
237.508
328.374
125.738
96.461
81.671
377.025
222.555
37.6128
214.047
449.577
303.558
84.4387
253.85
380.073
273.718
398.19
319.66
333.828
48.4499
286.995
315.921
34.1859
102.36
424.904
75.2164
203.424
118.16
425.834
355.595
274.04
418.528
445.711
298.849
417.008
77.7714
365.623
81.0932
366.788
91.7675
458.497
177.852
108.072
201.886
43.4451
371.104
330.787
121.821
81.3405
371.996
395.097
96.5029
360.393
420.758
472.732
69.4051
246.965
475.369
249.687
176.28
175.566
425.697
364.799
122.482
211.817
228.785
151.204
142.054
489.124
366.966
75.3201
185.147
346.503
262.272
136.981
462.317
153.716
377.116
247.873
184.283
215.158
71.6149
152.197
101.261
337.621
40.3203
211.026
425.582
184.4
159.292
200.447
176.805
275.882
271.741
92.7575
210.235
255.218
277.679
249.509
70.9107
219.169
185.958
150.586
76.2918
260.046
236.714
481.02
461.854
167.549
194.966
298.352
451.007
91.2438
234.25
348.824
43.8004
70.1098
407.445
451.563
283.811
83.1889
71.0283
59.5027
258.443
261.736
395.787
92.2051
259.942
164.562
276.126
148.729
436.044
145.554
284.01
204.142
251.937
233.074
176.23
496.361
280.022
243.389
212.074
40.9806
74.5297
334.188
169.285
155.735
81.4608
73.1336
304.184
417.642
429.551
55.4003
92.1416
486.022
157.993
284.88
130.673
255.253
324.79
323.755
39.6954
194.793
432.164
256.624
225.083
212.735
148.143
64.4712
335.54
139.145
417.408
348.755
360.376
210.974
332.256
429.34
214.734
131.99
202.977
163.368
43.9021
104.747
387.917
286.569
392.231
156.683
264.74
130.684
62.2333
108.304
487.294
380.314
117.299
362.209
308.611
254.186
224.912
397.079
43.7822
408.614
258.896
270.846
371.026
264.743
203.542
283.61
156.848
192.037
118.589
263.944
62.3733
275.129
61.7725
564.96
232.026
321.562
520.367
39.0782
125.993
513.099
346.228
62.4909
63.4476
144.953
271.414
122.91
328.712
232.324
184.958
146.989
205.243
359.684
120.619
135.13
76.649
376.368
127.378
264.407
313.302
501.192
286.155
159.786
425.499
433.829
325.732
111.111
191.185
57.9149
335.148
516.68
119.491
286.991
377.338
328.703
65.9742
148.984
42.6991
522.349
318.872
186.362
418.158
371.367
227.215
453.155
169.846
288.977
481.435
306.071
407.894
236.476
573.7
193.323
181.91
218.67
351.606
354.773
141.267
203.957
403.973
489.447
395.795
39.2866
204.366
327.476
227.093
141.263
95.3499
67.18
140.62
45.3497
281.359
241.924
362.467
406.857
322.422
222.512
401.33
234.918
104.846
342.42
112.546
166.941
406.529
33.8248
284.737
73.0705
109.455
257.544
87.2314
554.699
158.283
208.172
457.225
208.32
227.767
324.062
36.0888
392.483
125.787
452.025
309.234
70.6416
356.641
357.501
146.546
437.689
400.498
40.6629
125.539
336.18
405.036
32.3049
278.378
221.61
495.388
347.368
197.478
87.4207
65.9092
189.183
415.727
275.668
341.254
203.026
311.65
240.176
131.622
228.725
89.58
70.3774
260.793
96.8035
428.026
392.709
272.454
335.758
383.29
86.614
431.154
42.6494
289.781
236.77
308.773
400.785
91.8814
97.248
280.972
318.199
242.275
343.291
189.724
56.3778
92.5832
225.755
213.845
121.232
36.6093
91.4855
118.89
455.662
367.806
204.443
548.515
300.123
77.4502
148.599
374.703
59.7349
248.421
165.487
326.149
423.122
95.4279
346.777
65.1378
164.712
425.658
267.768
154.78
62.9019
177.928
89.7603
261.676
98.7253
424.515
494.752
38.9917
309.25
72.4315
96.1212
115.548
357.919
31.2874
154.829
387.193
407.134
365.299
320.027
517.579
101.056
39.73
570.634
201.616
280.674
216.651
362.483
461.36
179.475
98.5736
48.5369
332.1
226.721
337.618
573.058
106.79
127.971
288.981
400.912
333.326
221.814
379.051
265.041
381.017
215.451
199.736
33.8284
340.914
405.154
268.737
62.9183
356.413
314.342
84.2884
465.378
276.604
214.015
209.862
142.742
46.0946
431.305
66.7033
417.242
386.463
47.5581
359.498
254.911
373.415
298.335
272.935
80.2095
212.187
114.554
490.684
244.043
36.4057
342.409
250.528
161.238
110.722
275.889
336.875
123.694
357.151
80.0186
255.871
146.156
324.487
215.229
415.082
75.6086
256.586
251.8
132.519
109.547
