281.39
254.157
379.432
258.203
155.109
249.144
303.436
344.135
314.188
261.789
170.671
190.16
271.459
152.479
203.664
124.785
185.615
303.237
431.833
337.842
177.672
125.19
242.288
383.337
200.449
202.163
73.4681
82.8541
395.337
302.599
344.902
73.0713
361.621
311.03
389.078
311.46
211.088
190.002
30.2627
232.567
215.349
391.933
261.339
301.181
167.545
108.289
371.694
372.991
247.672
218.292
234.484
80.5464
310.811
352.782
383.69
332.18
307.101
406.475
307.599
278.124
173.89
423.132
412.363
374.077
371.605
251.755
376.11
135.523
155.617
417.074
298.209
288.247
426.881
159.45
194.216
428.466
117.558
81.4228
380.539
359.947
175.29
428.127
359.509
64.6781
405.276
37.9463
348.122
220.364
423.154
227.347
282.144
430.809
66.8616
248.978
241.242
273.367
288.728
148.033
386.451
117.618
109.659
254.893
298.838
168.602
423.891
426.712
396.592
155.096
425.258
402.666
281.074
345.139
88.9743
409.261
90.8624
93.169
361.938
130.277
131.845
342.483
384.306
32.0246
62.8551
305.596
275.028
356.067
346.355
177.284
148.274
426.718
238.659
54.616
429.419
402.297
397.502
234.129
216.872
364.637
422.957
37.6289
172.175
79.3745
176.21
317.849
334.235
197.625
113.976
420.237
309.088
368.29
95.2552
266.662
34.6364
345.534
402.014
37.7969
309.996
251.865
295.647
419.613
396.513
166.712
177.383
252.812
117.905
278.901
241.066
249.877
48.7617
427.296
354.371
125.03
278.249
419.263
79.2435
108.53
202.282
313.994
189.456
31.6234
238.02
135.669
314.773
289.15
280.351
154.992
131.982
362.475
399.871
355.061
370.261
133.3
91.7921
216.953
336.489
184.898
241.179
194.583
282.563
427.482
227.535
235.905
294.742
301.232
271.074
142.753
99.193
239.187
308.052
35.5774
389.725
325.681
353.772
311.923
305.846
79.7019
222.139
257.493
321.376
248.232
269.971
122.703
321.702
301.287
394.699
416.971
208.979
305.132
141.048
305.055
380.463
110.932
169.789
30.2462
375.999
129.032
296.409
263.939
308.56
433.846
365.058
172.994
214.225
38.9883
400.896
70.2
422.211
54.6525
198.298
354.638
329.925
295.728
385
308.393
235.262
392.652
249.259
391.411
275.351
392.752
225.6
300.325
400.132
302.527
314.264
386.032
173.46
183.304
414.673
313.459
43.6627
393.64
417.245
319.414
414.403
429.077
110.492
317.511
349.88
144.157
426.238
195.997
227.277
355.193
315.871
114.543
147.677
313.076
90.1588
295.578
400.089
419.493
166.531
334.853
170.631
372.81
340.61
268.469
116.315
318.435
260.884
346.36
332.916
264.121
364.305
294.132
273.12
302.68
233.083
319.057
199.194
221.963
172.871
116.572
96.8883
305.929
266.186
303.528
385.422
217.092
313.483
411.273
186.328
359.464
393.54
416.969
55.9319
368.48
380.143
380.092
432.046
58.6178
197.021
405.405
363.596
123.21
410.993
83.7869
356.564
138.745
269.696
319.658
314.973
42.2113
247.12
291.866
318.504
243.111
411.482
233.867
416.721
236.353
351.921
381.312
108.617
67.6641
44.7962
131.164
188.045
160.693
176.162
412.829
359.159
303.308
321.021
276.172
103.43
372.463
314.124
430.503
212.099
340.172
426.578
277.762
262.429
418.524
70.4812
313.507
388.811
409.017
431.506
78.4433
62.631
100.817
118.975
163.656
105.699
351.164
243.759
176.222
266.613
34.8815
321.937
190.865
284.806
288.768
43.2464
104.958
153.674
266.474
191.789
317.413
210.59
247.255
245.668
346.937
404.667
72.0894
367.461
130.477
267.893
235.716
401.328
173.556
430.048
434.868
244.859
370.58
374.816
338.909
276.995
60.307
420.189
94.3858
315.213
360.459
234.819
335.631
238.922
304.875
393.179
82.9906
401.134
196.963
433.139
64.4589
286.879
150.469
378.235
363.614
343.838
78.3065
387.277
372.836
63.9117
105.368
325.921
432.54
34.2374
181.389
192.687
419.989
372.163
371.892
360.198
414.463
287.281
385.141
336.396
144.84
292.974
418.198
351.816
332.076
393.074
258.386
237.711
191.822
349.453
349.61
349.106
201.06
208.993
421.709
339.704
142.178
415.923
270.215
91.6667
55.6909
59.9253
130.389
281.972
424.843
259.87
75.8322
111.968
130.296
302.515
319.122
396.313
314.082
394.734
287.03
419.56
191.261
291.047
429.227
317.887
99.7234
400.546
161.479
130.202
383.511
92.5106
118.951
91.0867
88.5344
333.207
35.1298
199.224
196.841
375.332
384.36
86.6443
399.983
343.081
344.239
61.3093
320.628
213.036
244.977
335.162
236.051
280.938
73.5615
315.063
117.532
69.169
194.162
240.505
385.968
132.772
302.222
388.994
73.4826
284.588
424.082
235.87
423.658
403.958
157.231
240.205
272.288
359.229
316.728
219.604
361.673
362.174
344.613
404.88
108.791
406.918
148.259
138.33
232.369
223.808
349.754
379.032
131.925
255.082
272.539
144.717
276.142
76.0487
384.965
140.862
321.672
269.36
74.3415
399.286
238.492
304.289
284.555
127.286
74.5963
357.17
271.9
295.287
272.916
46.3582
74.6304
90.6006
404.809
257.553
175.42
49.0241
198.091
76.3467
276.368
415.692
349.65
333.748
385.199
125.854
125.507
296.206
119.615
302.231
383.399
265.438
333.608
311.754
390.036
307.776
400.527
370.802
373.454
273.607
320.285
356.475
371.608
130.645
242.998
375.527
251.523
307.877
91.7221
297.999
287.396
355.635
78.2612
430.189
220.6
302.12
390.472
329.111
357.881
232.397
203.298
138.638
68.1839
201.822
377.335
256.872
223.526
407.105
326.525
394.578
129.827
366.94
313.388
189.135
422.384
247.093
415.442
421.937
89.9613
421.023
217.604
160.379
73.4651
331.351
36.5818
314.164
407.259
48.2851
154.492
423.108
293.277
408.917
102.647
379.056
304.303
194.585
129.826
215.737
326.787
265.219
77.9922
337.786
134.395
379.555
232.258
379.318
305.122
332.105
330.722
404.97
265.226
392.443
202.57
262.707
232.419
175.077
317.43
389.646
373.937
236.158
105.175
375.735
186.938
73.2462
405.909
74.2384
142.156
270.939
390.595
376.37
371.617
344.158
401.914
383.822
309.2
192.917
136.531
295.115
421.263
309.307
85.3206
374.844
366.932
277.143
232.426
250.918
419.329
251.438
429.447
391.25
311.712
82.5127
403.919
308.461
340.893
430.438
232.634
364.198
398.515
245.505
400.085
335.89
373.157
237.645
329.493
244.468
347.669
371.827
368.853
337.051
268.029
297.414
337.144
172.451
100.322
349.233
421.473
48.6424
164.659
92.6708
157.46
282.135
381.933
417.386
170.624
326.68
313
238.583
389.01
100.85
45.1304
381.647
256.868
421.114
333.469
206.587
251.519
328.615
301.767
127.945
275.495
368.323
430.502
216.741
344.348
354.888
270.259
221.031
256.197
259.049
305.281
408.885
330.307
367.552
291.563
227.753
82.1185
369.338
178.508
300.278
180.688
193.418
433.604
244.032
423.83
366.68
418.03
110.645
164.361
403.09
381.81
339.263
312.52
238.771
112.794
352.878
173.646
404.11
294.958
217.874
193.357
107.658
249.972
312.24
184.148
101.071
325.044
323.641
290.019
340.364
210.918
428.792
138.099
54.6132
209.864
353.48
346.306
353.194
346.588
319.905
200.907
326.678
139.962
96.3649
261.09
320.315
167.313
358.31
169.223
297.465
352.196
372.925
317.603
138.705
258.042
272.375
58.1386
306.771
233.534
266.654
315.775
408.315
185.171
281.883
275.073
289.18
232.303
417.689
169.651
146.541
56.5207
204.429
386.481
321.883
384.331
410.577
148.17
259.97
255.623
123.139
152.559
54.851
310.079
392.726
279.272
234.396
72.5211
246.006
350.668
304.592
198.266
359.723
416.092
310.513
263.126
69.7974
340.133
66.2531
386.256
362.024
297.218
171.17
107.697
422.37
89.2927
360.261
47.6717
102.036
405.919
245.371
378.639
336.943
77.2282
80.2521
174.131
175.992
67.7305
184.525
119.568
227.908
92.4723
221.81
343.654
283.136
404.564
41.6137
59.5289
216.245
219.588
140.784
371.314
313.519
134.204
206.816
377.758
356.965
199.164
308.915
340.637
205.115
313.63
362.683
384.753
299.735
194.789
411.288
420.074
232.322
291.298
101.858
313.944
273.875
284.215
383.943
268.625
343.222
343.605
383.521
384.582
338.335
72.7487
326.006
201.886
355.869
372.79
353.539
176.768
425.696
194.123
347.732
383.971
300.063
101.358
51.8831
239.969
343.597
239.255
349.22
328.507
394.534
276.871
411.694
375.181
368.51
329.456
301.92
392.974
349.508
353.815
68.9299
338.272
376.119
87.2023
166.266
189.476
141.029
299.854
133.722
301.709
433.459
302.927
405.54
267.177
162.709
95.5495
318.935
284.082
402.956
297.706
348.652
255.132
393.366
317.991
59.538
101.102
419.54
364.623
426.12
260.767
66.3331
251.785
404.82
91.128
282.186
409.022
375.446
160.051
203.755
345.74
234.49
288.424
182.288
411.421
329.465
226.132
165.146
75.6616
367.522
343.389
379.719
293.289
422.343
419.702
283.185
364.782
372.879
389.695
133.353
433.547
155.331
91.5693
325.969
356.064
268.802
361.307
317.059
181.391
386.494
323.508
336.755
410.598
75.1238
282.05
196.383
331.178
419.312
393.228
414.074
418.695
232.727
325.632
155.491
353.071
199.485
244.841
280.91
376.147
134.059
144.834
282.981
187.067
276.979
140.441
111.549
148.27
243.575
353.233
126.593
257.088
378.058
183.09
288.898
247.69
316.584
256.823
321.499
384.625
404.084
342.388
199.59
305.334
159.024
352.783
169.817
319.945
278.182
162.439
63.5432
313.853
255.508
315.455
297.52
285.297
232.265
291.516
276.748
245.985
276.265
233.803
216.768
310.947
433.301
281.76
310.543
48.5472
434.327
409.137
232.586
355.319
404.029
367.676
87.1445
425.637
191.568
380.07
308.678
290.304
387.879
308.168
355.898
328.149
152.808
243.887
390.6
363.335
168.368
293.304
99.4338
283.022
82.3309
30.7807
101.086
243.294
360.186
388.526
69.9562
135.149
355.329
261.616
377.419
399.287
332.55
312.023
45.1168
241.173
316.105
320.558
32.1008
318.771
131.639
343.135
310.142
45.8263
136.218
194.722
277.097
410.32
331.991
392.597
261.129
374.527
110.069
225.994
351.569
327.455
382.262
244.135
353.371
301.669
289.837
383.988
349.346
375.675
45.4392
210.016
298.753
326.845
384.591
298.898
173.846
40.5121
236.633
184.671
425.694
397.886
76.6462
257.886
220.834
156.752
135.73
313.366
250.033
362.692
397.271
34.458
32.1951
237.298
166.714
360.18
108.057
328.101
383.769
394.39
338.512
114.749
56.2142
423.993
76.9764
35.6999
121.342
111.826
141.698
298.759
327.574
332.685
175.021
353.214
160.025
364.295
356.347
346.415
344.23
350.097
382.911
379.919
71.8656
62.9936
103.418
428.477
339.693
271.503
409.783
340.183
294.691
395.987
175.821
403.667
317.385
346.85
116.754
389.135
335.337
183.332
64.0538
102.073
101.93
162.326
263.626
365.914
394.772
269.591
147.753
127.049
242.104
343.398
177.846
432.698
332.562
158.441
227.294
335.503
318.619
326.69
205.596
388.754
303.358
396.357
275.036
214.281
289.261
116.517
162.828
401.004
186.81
221.899
55.2133
32.4094
311.269
383.392
256.143
301.087
293.686
259.412
164.607
50.1329
365.063
287.887
237.83
360.633
361.547
385.778
124.831
34.4897
391.67
218.524
224.631
287.023
248.591
302.882
182.029
295.98
311.278
89.6531
38.7321
268.195
41.8019
82.9663
352.452
114.268
227.532
278.353
297.649
279.168
434.27
43.6869
160.205
420.736
406.314
243.15
425.582
389.215
161.038
241.377
296.593
266.639
330.452
404.65
350.389
96.2225
265.393
284.276
387.831
380.272
403.726
329.752
378.852
236.448
392.456
235.442
272.737
140.57
318.309
380.396
55.4835
294.35
119.807
433.249
306.175
280.477
316.423
155.606
250.499
432.951
208.109
147.756
356.027
146.787
203.075
141.681
355.835
306.603
290.851
211.473
284.814
386.984
276.528
214.446
349.236
368.342
352.454
242.173
394.996
285.389
349.284
335.683
245.985
121.43
288.706
347.003
308.558
337.283
203.3
267.683
371.968
306.169
351.293
290.326
361.194
122.566
375.536
317.45
115.846
415.787
264.52
383.122
325.039
312.03
224.805
317.257
79.3555
292.035
417.39
316.412
330.829
354.598
215.18
334.163
300.599
341.62
298.296
321.026
123.327
284.045
384.066
228.69
256.778
182.927
216.617
396.6
171.389
56.7721
238.592
277.643
357.932
285.68
386.065
42.091
36.0601
139.742
381.089
278.192
346.377
249.24
267.348
186.488
388.836
78.1564
414.553
45.7714
355.83
31.519
395.972
52.7005
406.624
423.985
116.808
139.877
354.759
93.2735
293.221
384.316
396.093
229.935
286.834
432
414.237
92.2891
240.801
228.662
95.3851
103.247
48.9125
265.773
211.863
244.844
232.535
209.335
156.829
237.012
52.3023
340.347
378.083
381.053
304.68
252.971
251.097
409.228
369.297
261.293
34.4569
422.857
263.415
318.257
319.086
146.928
205.091
212.384
361.125
175.533
308.241
86.0583
196.08
398.912
116.292
273.328
128.668
202.419
148.741
102.726
234.332
174.967
35.3177
287.542
57.8771
393.333
269.044
328.152
170.852
196.423
40.294
391.614
165.999
295.824
319.542
308.114
262.724
311.055
393.273
169.468
382.682
382.567
408.555
358.788
412.268
405.958
196.11
334.595
267.071
251.949
357.754
242.311
351.756
265.87
142.466
311.735
356.124
352.821
124.49
353.667
197.297
61.458
303.899
333.594
365.761
325.297
239.319
46.3079
218.138
256.897
289.543
118.05
216.518
143.973
154.665
193.768
294.134
122.918
249.542
387.87
152.376
340.331
155.152
365.035
422.739
266.297
36.2539
352.172
348.502
409.261
117.549
38.6472
243.136
246.307
239.293
406.637
37.8314
263.06
293.211
289.699
429.333
375.474
351.786
247.76
130.772
337.261
389.041
430.459
413.255
235.593
360.355
260.349
408.123
374.087
381.301
358.382
335.085
392.622
196.767
165.56
152.569
48.5496
304.495
343.138
237.527
321.498
169.422
320.404
281.149
87.0148
243.823
136.715
268.06
282.262
387.824
140.073
330.211
178.966
261.516
270.68
232.262
331.847
281.575
196.065
201.435
383.753
274.302
366.686
183.449
92.3624
42.454
106.081
262.563
312.097
326.94
132.164
425.001
404.963
161.21
58.0258
185.647
127.553
82.2816
401.514
131.799
121.075
269.783
117.017
172.064
284.49
193.244
410.532
139.077
422.829
340.292
308.937
329.88
287.812
117.27
370.73
350.495
228.027
347.39
289.419
250.886
134.711
301.459
301.203
75.5988
319.694
421.377
323.995
405.786
232.627
272.499
148.707
209.752
297.421
417.172
395.914
275.959
343.195
259.735
317.167
403.258
143.091
135.575
146.423
390.349
163.999
155.114
75.8048
295.721
426.535
282.601
423.783
338.99
200.211
356.37
206.464
86.051
176.193
253.139
178.681
32.6991
185.172
75.4089
333.641
383.305
357.027
261.052
180.301
202.557
336.179
318.967
398.172
256.159
58.3817
177.686
283.962
318.095
103.449
265.354
263.614
123.109
379.923
193.004
327.404
134.124
426.103
103.517
401.116
173.588
332.705
392.358
284.465
132.401
284.559
235.484
97.1432
229.934
261.037
332.789
217.706
316.834
432.94
56.0575
286.845
40.7893
347.48
251.878
49.3906
433.536
237.693
142.368
396.112
60.4337
233.032
157.241
427.993
283.549
403.389
62.0836
302.349
70.9616
161.344
318.288
275.278
383.929
372.243
167.71
70.5512
255.201
371.755
301.281
380.682
324.767
253.529
254.664
323.049
237.016
114.818
150.167
216.89
305.47
235.651
348.506
40.0366
69.4965
339.211
151.906
281.773
420.747
132.244
300.641
34.455
275.425
428.047
168.056
246.724
115.965
200.948
333.961
402.959
250.546
224.602
225.767
354.472
163.827
256.931
418.815
167.866
344.938
123.776
46.8706
155.252
324.919
143.233
146.774
259.591
239.798
394.075
361.386
432.295
60.6268
306.861
320.786
351.588
390.71
247.069
381.92
151.638
53.8316
265.005
357.746
315.581
354.112
316.455
299.187
361.577
177.52
108.015
99.8432
263.327
286.015
366.151
285.636
71.5962
310.64
359.66
114.615
357.905
298.145
337.701
130.446
295.256
252.317
310.281
277.275
400.47
408.347
327.334
247.617
167.577
310.401
64.6369
173.706
338.418
306.974
159.332
327.464
198.078
364.36
168.852
345.337
186.143
324.127
389.111
252.935
281.088
277.372
367.875
381.687
304.868
72.5547
212.653
182.817
308.808
110.774
396.586
354.593
170.935
353.947
339.121
406.101
183.182
67.0123
427.374
403.121
288.366
71.9323
345.695
41.7354
298.784
303.401
417.431
405.137
315.387
140.623
43.8305
367.856
409.243
352.865
278.322
322.566
303.308
376.673
164.293
264.006
253.651
305.964
136.307
176.75
269.546
85.4662
222.953
373.63
375.062
256.322
32.5969
121.379
85.1714
373.556
246.807
246.727
319.53
411.229
88.3362
339.051
169.636
397.887
420.933
362.86
355.51
122.16
371.253
129.149
358.512
423.14
398.699
73.5635
298.606
59.7482
196.426
242.656
387.141
140.041
275.891
298.192
80.2707
207.491
40.5065
286.405
246.084
351.257
391.275
210.092
53.6959
179.924
273.965
304.367
239.588
309.332
129.288
270.363
300.209
364.925
372.858
284.62
179.15
43.9044
359.215
104.573
112.135
294.438
209.392
125.802
108.324
245.762
200.291
119.541
168.787
430.504
414.318
138.743
147.436
338.68
306.625
107.906
260.209
215.707
320.285
179.828
242.476
367.829
288.039
189.401
340.9
382.248
225.62
107.357
96.7549
393.501
268.001
108.413
356.378
238.129
321.215
345.653
289.791
276.825
204.646
288.848
102.823
208.144
120.883
386.797
256.811
340.311
269.328
221.909
309.856
204.835
357.73
186.272
153.758
237.83
325.599
322.466
232.197
185.521
343.243
410.325
297.128
308.011
309.503
388.794
193.074
314.662
149.164
166.138
176.444
96.2017
264.543
333.548
177.412
336.364
405.147
295.584
274.246
317.445
374.762
66.2191
232.318
217.984
246.738
279.524
230.008
276.692
329.759
364.908
157.701
347.194
245.279
422.313
404.11
222.834
332.876
416.44
30.3562
342.863
395.425
237.505
365.242
138.151
361.59
372.247
303.231
286.589
299.249
286.056
224.219
366.634
220.643
95.504
125.419
298.667
416.186
150.32
272.83
62.6631
235.862
247.94
192.205
378.404
155.679
357.095
363.139
258.907
173.562
193.552
335.004
341.589
434.378
288.059
357.02
309.868
251.524
293.123
334.943
411.826
237.256
186.249
130.132
399.75
68.2117
81.0518
366.115
156.243
287.295
306.39
92.3105
309.908
271.965
170.076
140.856
239.855
63.4371
290.923
258.414
350.49
360.818
164.446
289.187
401.048
407.766
303.589
392.162
286.925
96.8305
219.388
213.409
265.244
220.678
427.598
271.357
308.805
81.9884
61.0862
308.088
366.55
324.486
147.148
266.61
274.629
298.799
300.446
406.886
391.009
392.559
388.029
158.104
390.055
300.777
296.264
157.5
42.2068
214.916
384.902
101.007
248.663
89.7229
184.084
357.938
299.967
212.52
277.273
338.672
251.871
252.074
431.659
359.532
329.944
56.3789
405.211
368.936
365.556
307.809
323.676
58.641
358.691
351.803
390.875
260.967
413.166
55.7709
339.429
325.278
419.298
239.967
380.966
177.071
261.089
397.4
291.535
399.63
269.051
121.172
281.038
101.523
117.591
167.886
236.004
59.7347
167.119
208.537
356.78
387.146
387.39
264.709
313.528
366.319
338.368
423.825
131.34
296.073
403.079
145.66
258.743
388.471
236.812
331.882
388.074
321.13
257.562
275.785
33.9563
292.745
338.347
55.5156
287.444
394.105
234.576
372.546
112.841
400.555
75.1247
127.371
388.156
239.763
344.922
263.871
264.426
93.741
163.065
176.548
226.953
402.329
341.55
94.2404
207.672
412.045
206.181
90.361
365.378
124.366
309.702
173.11
434.06
69.8542
340.81
145.017
116.702
197.19
405.374
371.947
374.809
87.6242
126.089
83.1419
121.127
432.225
126.127
222.23
345.33
294.395
119.774
312.079
299.182
326.568
43.0771
66.7115
137.551
307.498
105.563
47.2806
69.3464
254.62
360.697
393.247
178.623
184.127
365.442
302.501
316.131
294.874
56.9241
426.775
259.007
266.809
78.324
188.22
433.973
323.121
308.187
276.704
289.092
99.4816
314.245
357.318
258.149
336.468
72.0422
146.148
199.587
316.029
48.7705
247.608
415.583
182.572
228.628
38.4463
377.732
236.405
377.929
191.352
140.038
323.2
382.176
211.052
133.979
377.48
264.943
278.655
254.803
99.0257
130.238
393.497
421.188
72.3786
31.4059
72.0969
296.158
69.3297
89.4628
391.482
145.921
266.509
333.345
376.489
392.375
59.272
254.025
379.284
61.9222
286.672
239.236
233.6
228.644
145.342
276.873
362.548
314.999
351.948
146.581
428.798
111.853
118.435
311.847
278.666
282.01
155.394
173.698
428.654
349.286
316.62
135.354
271.483
264.818
227.323
308.226
278.315
288.693
297.652
368.806
429.567
327.734
122.81
416.742
166.845
289.691
390.738
305.094
361.824
338.587
186.055
348.597
318.339
336.96
164.388
59.6123
239.868
160.679
200.932
265.019
382.397
235.689
299.226
232.468
301.528
326.789
88.3046
233.359
35.892
364.189
381.548
254.12
144.3
240.396
323.651
293.152
233.298
425.902
189.535
268.341
174.332
157.349
32.9371
314.08
270.072
308.932
248.136
329.428
333.63
40.3953
275.172
315.059
340.181
328.721
113.188
432.867
153.725
400.102
281.242
273.079
317.281
306.465
414.387
340.257
36.1931
148.927
273.432
376.418
150.547
375.831
237.223
391.837
415.786
273.553
225.24
215.004
329.779
83.6881
85.6047
374.773
281.079
208.103
169.63
297.609
389.815
79.343
332.429
171.161
376.75
208.02
235.971
351.525
403.544
406.541
311.175
115.365
355.354
417.374
255.364
79.8671
79.6163
107.313
421.773
320.95
112.126
224.779
375.686
412.407
65.6238
283.412
307.059
301.14
283.615
382.684
81.7103
292.618
132.003
132.928
385.039
417.037
397.296
240.883
187.18
191.247
375.962
199.456
232.854
227.472
222.867
321.703
392.002
116.846
76.2184
232.859
323.664
295.488
312.582
33.2384
323.992
55.3307
341.174
93.8966
249.077
369.113
382.026
47.0396
308.491
253.653
258.097
311.531
357.33
354.502
207.166
305.252
175.185
245.968
255.497
308.088
378.672
76.049
222.945
425.641
393.087
278.97
158.822
401.577
215.065
98.5195
113.498
417.026
171.584
311.65
396.833
422.613
304.056
328.596
146.975
266.226
357.612
349.538
313.745
396.469
429.621
386.736
150.151
58.4953
378.959
281.903
282.927
291.32
313.258
209.35
345.626
324.614
418.713
336.968
66.5318
98.6597
389.787
69.1806
120.249
122.805
193.901
79.4456
218.309
390.033
380.387
119.942
387.631
352.668
154.193
351.927
233.89
375.576
211.812
279.023
290.581
368.556
105.332
79.5805
201.198
295.96
89.098
257.875
359.604
386.195
152.081
370.679
317.387
38.7766
35.5798
128.384
282.321
114.712
343.53
135.968
217.059
403.002
124.685
386.198
429.206
310.881
285.779
40.0798
131.091
422.94
310.175
332.403
215.983
266.711
428.858
169.658
333.066
42.5052
230.965
365.615
289.974
345.303
375.147
418.544
311.373
400.428
407.429
101.417
349.799
368.997
362.992
176.683
96.1252
422.846
324.501
223.475
361.245
120.66
164.023
205.616
37.5558
269.224
241.04
311.314
411.558
279.77
121.646
328.343
274.323
241.768
312.33
276.665
375.509
241.518
263.598
368.934
53.7319
276.475
421.376
198.424
321.202
58.3221
317.322
116.892
83.8107
43.0309
180.786
233.4
343.739
202.34
397.062
131.134
275.85
53.0293
197.894
407.667
421.49
316.991
302.137
301.017
245.508
87.3268
411.946
47.6479
200.755
58.493
113.41
305.663
304.782
151.058
249.513
198.927
367.917
434.353
426.213
188.75
343.668
382.332
117.167
63.8889
44.6167
250.501
325.805
359.442
266.912
296.844
325.647
385.234
402.284
111.942
417.003
309.384
314.398
160.96
74.2229
318.495
250.504
228.576
369.597
253.453
407.087
255.198
273.553
140.618
377.808
236.138
240.871
179.913
327.5
91.1449
142.441
403.465
332.082
265.032
277.284
423.163
378.146
158.437
393.185
44.9741
315.601
86.3909
329.45
362.257
156.738
284.518
340.865
159.763
391.899
345.939
395.4
238.44
300.222
300.63
180.563
310.888
366.356
320.002
358.71
338.213
299.026
322.56
50.9085
392.708
352.751
203.533
173.87
170.684
295.441
412.669
244.855
203.294
385.166
148.874
147.13
414.897
310.919
247.416
202.888
193.734
188.734
419.227
328.416
352.433
379.444
320.752
295.188
409.263
246.544
298.704
421.887
116.477
323.655
274.463
121.378
294.157
118.059
252.098
303.14
166.249
114.862
303.823
298.928
236.84
285.531
33.902
427.175
92.5837
350.892
205.339
205.897
226.532
359.945
153.042
287.473
186.053
171.992
306.355
249.38
38.8669
154.335
80.1723
396.33
209.92
162.711
252.882
329.135
286.781
167.349
250.476
386.152
335.54
246.115
262.108
82.9445
290.775
255.661
368.641
377.843
308.258
216.735
154.311
392.778
294.396
68.384
130.578
265.993
418.016
283.206
264.755
71.2964
390.833
201.948
331.013
429.516
307.657
239.04
35.5297
182.625
101.355
318.659
260.447
293.033
369.649
220.857
322.403
362.828
201.265
247.929
45.7255
343.019
367.064
338.867
429.801
423.905
338.015
394.328
259.332
188.884
291.014
380.443
394.639
268.07
346.358
337.469
292.97
154.652
423.367
129.099
271.262
155.425
401.871
292.267
407.073
149.832
178.3
297.556
178.996
331.896
300.604
49.7065
80.9234
402.99
387.947
348.444
405.747
71.1018
182.397
336.085
282.119
387.686
335.854
262.467
48.6103
146.373
337.16
354.497
269.948
271.265
80.4954
183.44
245.519
301.111
65.0833
293.355
420.149
31.267
107.524
426.928
286.479
414.266
158.012
198.3
343.929
170.228
296.441
355.2
312.724
274.675
91.2607
429.074
346.731
63.8123
232.534
117.259
386.76
267.09
144.546
261.65
434.275
243.079
205.97
427.43
434.756
407.655
62.5561
277.149
231.744
365.326
301.892
358.516
265.009
129.598
336.462
424.628
236.531
394.907
110.572
235.63
309.027
121.026
354.535
285.114
210.585
157.403
358.771
280.975
125.504
184.77
430.764
181.026
151.341
305.928
209.621
407.837
250.272
353.945
117.473
138.487
417.924
99.5055
258.088
155.635
420.038
250.226
33.3409
370.586
302.611
272.512
192.069
357.681
121.685
58.8922
344.917
274.809
211.975
358.725
270.558
328.205
253.446
209.507
350.451
373.923
317.743
363.773
333.36
136.508
88.2252
283.535
97.8749
268.909
86.7969
359.739
292.764
88.6235
338.966
258.459
304.19
401.952
382.525
77.1395
89.61
387.533
331.815
263.166
54.9806
367.11
298.798
316.768
88.3456
331.565
233.943
58.2768
84.7402
282.164
246.61
294.466
336.396
301.753
369.866
183.606
69.5066
359.1
314.482
366.169
240.043
34.1389
286.157
227.267
404.859
92.8291
302.582
247.601
288.766
139.115
306.358
392.292
102.134
297.514
316.496
130.078
294.752
144.427
91.0823
75.2082
366.962
389.296
240.202
156.884
339.629
289.378
227.122
277.636
315.379
132.418
300.147
111.401
417.042
408.245
155.009
328.919
370.346
238.183
182.062
333.465
161.651
164.27
246.054
280.992
230.265
346.726
313.128
265.728
266.783
319.894
281.247
382.992
381.081
242.397
103.458
209.998
232.241
102.801
393.069
297.441
428.067
294.188
193.337
81.0614
145.1
387.062
299.694
259.709
243.175
374.989
308.697
343.006
360.925
292.879
75.6815
430.115
119.733
159.865
380.007
291.161
346.722
196.657
90.6839
232.417
362.799
144.452
316.296
121.653
244.186
393.585
283.376
308.268
80.5583
332.094
367
408.01
161.159
149.28
263.876
262.682
227.62
401.941
31.354
396.763
168.264
239.375
97.8937
384.462
331.023
266.567
357.791
174.996
43.4717
135.232
115.69
244.531
399.196
263.98
308.919
269.94
273.956
315.646
421.991
151.571
135.032
238.715
422.718
192.661
254.364
172.016
199.253
368.258
269.155
345.601
127.405
143.64
85.1829
327.149
311.897
244.776
65.1722
348.472
191.166
104.934
272.128
390
393.503
183.331
355.85
349.091
421.436
401.01
263.431
285.684
327.875
325.878
416.425
256.389
162.389
104.175
305.051
325.911
192.186
254.378
264.874
408.211
289.766
392.868
80.1945
325.566
237.44
160.244
420.002
205.369
195.249
107.343
173.563
295.662
414.974
332.129
299.471
375.45
346.371
284.967
198.862
409.138
345.009
307.322
299.28
140.295
307.435
252.998
433.993
294.099
412.076
373.17
388.743
207.002
152.867
232.513
142.228
53.2831
257.815
112.576
418.386
162.907
334.215
183.497
337.453
347.064
217.177
402.328
367.352
398.169
34.2406
375.088
398.63
46.1494
72.2369
161.501
430.349
292.185
410.742
300.016
382.675
155.465
310.291
378.672
217.951
78.1733
271.308
313.736
138.559
120.986
356.419
186.475
352.936
423.302
306.459
298.825
298.879
386.369
159.808
84.1531
406.335
216.447
323.625
231.184
201.948
411.914
90.734
387.671
160.113
350.218
265.012
318.141
120.953
320.929
404.483
346.663
295.527
351.064
235.916
319.817
109.638
185.349
280.428
268.21
185.53
328.018
297.73
368.16
306.966
268.547
41.5553
264.221
211.258
336.11
148.347
298.142
210.46
146.069
283.805
334.989
158.92
118.959
426.222
329.86
335.611
303.207
383.336
362.034
268.176
432.619
349.794
283.232
114.915
142.247
109.148
433.886
178.936
398.401
277.144
344.495
357.557
324.757
68.9135
366.269
349.828
340.818
310.3
356.483
336.252
327.102
63.8388
253.123
265.732
315.712
218.865
140.508
422.507
69.4586
235.78
417.59
297.272
402.062
377.876
370.333
169.867
115.092
364.615
329.086
239.991
404.103
246.579
131.522
46.7533
197.15
434.171
354.16
97.5303
140.995
242.848
423.2
175.362
253.913
370.389
268.243
232.478
186.614
137.581
284.593
118.441
161.943
385.559
314.362
232.309
323.522
50.7065
59.7667
43.7285
170.291
346.027
343.855
297.346
316.251
422.593
359.868
259.564
364.312
314.404
372.426
283.8
356.459
403.971
264.374
162.46
223.249
407.371
339.247
162.832
422.837
262.758
76.9056
403.171
37.4877
160.111
144.558
198.45
299.62
347.802
174.928
205.417
418.279
92.678
324.349
374.706
180.536
65.3595
301.275
357.729
294.318
256.801
413.672
143.909
324.279
232.374
329.411
219.672
220.13
348.356
44.4841
328.993
53.4322
260.603
63.093
252.355
342.723
368.981
247.216
414.803
236.908
154.956
367.213
393.795
385.654
246.738
177.197
382.031
75.9839
426.046
330.917
375.705
382.557
330.452
186.865
173.447
124.818
275.249
367.193
291.892
74.1971
269.576
401.167
280.789
397.051
416.741
295.469
262.882
415.145
177.793
159.138
371.809
346.911
292.216
337.065
362.191
144.852
60.9035
253.253
166.797
349.558
211.622
138.745
412.941
346.002
368.462
365.22
61.4465
136.1
247.757
75.409
269.474
242.593
300.111
342.545
305.034
247.283
347.212
406.094
312.882
298.632
116.787
166.154
389.897
40.2469
159.227
208.767
100.693
380.409
195.827
228.317
339.115
371.869
208.15
249.216
248.685
431.151
273.778
242.798
344.675
294.528
372.462
424.746
382.86
415.826
389.341
200.137
342.912
127.708
356.685
357.39
358.874
197.929
208.959
248.652
284.768
359.826
405.169
321.373
202.861
328.046
395.899
153.372
201.816
59.3934
65.7455
135.029
235.763
238.726
290.092
331.008
186.087
58.2365
421.496
261.669
105.221
183.661
219.144
267.967
232.565
302.924
66.3232
158.705
211.972
257.76
308.362
266.617
294.926
53.0931
189.418
301.887
389.678
349.993
298.043
201.268
45.29
34.5669
229.317
411.448
202.529
186.227
381.306
111.996
383.863
245.245
384.512
298.397
379.921
195.057
127.965
121.34
145.251
390.92
237.024
164.315
204.101
349.392
409.986
194.206
163.67
292.45
342.066
276.235
339.12
102.773
284.274
160.589
201.088
198.337
301.379
188.808
304.509
321.753
238.924
241.029
389.653
389.023
396.787
361.129
416.563
372.51
284.18
308.471
359.577
342.639
399.709
116.216
173.254
397.936
107.183
293.019
83.5886
201.055
335.427
349.785
127.558
83.9682
264.891
332.001
34.2193
330.798
247.692
268.285
420.621
203.452
131.792
338.207
398.796
259.798
187.63
61.9924
432.158
59.6229
336.504
416.939
47.2999
140.175
286.365
263.421
405.284
304.584
330.63
385.883
341.94
165.133
271.833
241.272
271.303
310.841
114.805
62.7102
86.2555
378.72
394.768
357.428
91.3451
349.301
374.84
367.109
267.384
155.292
278.19
327.685
127.2
284.894
262.822
420.038
367.875
160.676
269.406
343.84
367.509
313.543
362.344
76.2968
244.124
180.332
201.002
228.71
256.526
79.3224
385.144
97.2912
434.988
303.241
295.315
325.236
366.815
173.509
343.246
345.383
276.916
381.973
94.7703
75.4806
250.769
370.337
322.109
247.909
298.52
59.6861
178.701
237.335
359.193
320.401
284.752
59.478
357.904
317.175
32.8883
410.85
258.59
30.6282
394.849
357.939
361.082
398.028
203.862
202.863
107.086
248.452
224.422
417.54
312.865
204.256
231.794
195.307
241.533
190.313
281.636
41.2455
346.217
211.795
269.383
112.743
281.825
353.011
416.637
286.228
379.364
355.899
324.988
310.275
139.153
370.166
55.259
235.976
408.899
383.391
284.92
164.651
272.128
421.699
332.55
336.338
336.772
166.02
49.1816
70.4931
281.126
346.315
227.478
389
267.378
429.444
75.9738
312.979
372.642
397.943
352.212
48.7044
235.481
315.335
378.306
45.8874
30.6149
163.802
129.803
245.619
248.256
53.1408
370.707
296.257
250.76
240.401
125.382
288.415
173.906
414.382
284.845
168.334
426.852
61.9571
184.008
378.601
135.747
111.757
357.866
416.525
177.737
313.255
366.584
56.8446
176.062
355.319
69.6479
380.178
329.37
315.926
133.667
259.364
379.398
134.089
159.792
327.456
406.648
111.91
288.629
344.393
350.085
113.209
316.371
265.431
259.436
193.992
61.9576
214.059
92.2685
69.7336
115.466
147.143
353.397
409.847
128.833
218.267
80.3639
136.669
227.22
184.901
433.576
321.386
345.733
309.554
421
414.812
361.107
385.442
284.389
353.214
147.583
162.521
201.497
395.299
347.581
357.75
368.433
362.851
338.29
261.426
270.144
271.178
134.739
121.261
356.926
305.466
93.3883
365.925
260.951
176.063
374.014
215.843
80.4773
427.673
50.5499
39.3167
385.492
357.11
312.226
267.195
88.929
379.717
254.984
140.83
322.345
285.48
327.541
113.011
190.028
90.4169
184.214
125.729
225.393
262.064
158.76
167.445
200.879
99.2588
250.735
78.3552
234.292
390.994
138.666
385.535
324.932
254.798
169.462
156.141
376.165
341.16
331.466
213.549
352.031
351.752
109.609
354.118
268.081
381.676
286.476
87.2986
225.946
364.089
223.669
411.886
224.274
250.629
432.669
431.069
226.386
325.467
398.15
396.489
401.557
423.788
230.001
254.227
223.069
426.577
338.313
356.156
424.25
89.2756
102.058
252.814
195.865
132.978
357.115
411.815
308.741
161.559
160.661
351.071
101.671
419.141
221.766
274.721
273.597
303
342.986
352.776
197.732
50.1018
400.571
320.429
260.226
353.471
261.913
289.967
337.37
364.523
379.758
46.4097
228.969
252.833
255.917
247.884
432.881
202.762
210.96
268.35
101.973
290.606
237.425
217.416
231.31
202.937
46.6843
424.118
383.157
272.385
405.658
348.091
419.064
90.4252
51.8591
65.0746
203.164
403.569
201.209
247.097
193.077
111.712
327.695
322.374
366.915
283.605
74.8034
396.651
289.996
289.158
428.425
400.273
362.367
365.011
341.164
416.434
360.834
233.336
250.245
275.569
327.4
137
181.759
41.1709
371.413
203.456
295.763
30.3307
352.525
103.85
67.4387
310.419
414.15
201.148
387.903
109.815
250.412
210.38
429.224
95.5957
105.61
399.403
274.635
404.206
416.22
245.612
213.875
143.917
242.391
179.996
332.543
280.073
304.015
340.701
287.051
358.472
203.906
76.3123
99.0178
183.531
356.792
183.524
130.3
212.286
283.653
360.666
175.979
276.694
99.442
155.172
372.959
411.12
288.991
256.553
169.844
93.9564
282.75
322.076
90.4805
398.675
249.76
382.949
309.588
44.5017
69.5237
326.772
372.229
316.457
299.776
401.067
319.677
92.7153
147.19
338.232
360.218
78.2225
176.306
329.105
311.499
78.4849
145.542
197.459
323.665
375.199
405.918
187.285
288.233
163.29
375.49
227.757
363.042
350.712
203.633
385.105
279.444
73.2162
183.808
43.7163
401.679
392.888
243.154
318.186
246.957
281.31
210.109
250.762
280.872
410.282
429.654
95.0905
213.177
374.47
212.555
217.861
419.027
420.36
358.669
361.775
286.275
395.649
97.6549
408.626
115.524
100.881
253.027
164.918
135.736
341.909
218.241
287.003
331.254
50.4613
336.488
263.868
226.314
241.779
165.007
83.1846
262.552
106.907
335.434
204.073
309
119.696
379.492
142.313
381.1
125.352
42.4311
416.266
162.396
245.319
139.579
320.569
405.998
327.459
342.484
345.789
59.4243
295.798
418.223
206.795
357.025
382.828
420.682
364.861
253.451
122.902
382.963
339.453
334.417
333.475
209.51
378.944
320.299
414.297
259.948
266.039
359.564
242.716
388.895
271.259
188.813
219.108
314.288
176.242
272.775
342.407
200.601
215.956
420.469
291.344
377.5
313.166
354.724
258.134
404.781
351.273
416.724
213.281
314.905
245.519
174.465
144.871
110.413
402.289
227.231
123.169
237.674
368.49
373.979
286.433
48.3774
65.9398
40.2687
370.545
253.079
83.064
430.556
221.464
165.386
382.558
305.383
188.592
353.85
311.446
140.603
370.583
280.536
254.038
360.195
385.683
320.756
262.288
249.366
262.488
415.545
31.5445
183.857
386.854
262.472
258.966
346.866
306.716
341.554
209.988
333.519
289.529
168.285
65.7992
112.628
104.541
109.918
319.246
320.93
274.535
194.288
56.7786
189.46
301.815
186.147
317.361
421.35
271.931
307.883
169.728
206.907
245.038
368.603
406.944
243.925
413.627
214.39
291.161
85.3077
37.6419
235.23
315.059
56.9857
405.659
213.308
341.851
152.399
135.841
293.144
147.318
143.741
90.5976
273.456
335.611
430.751
283.372
341.3
267.807
177.012
228.27
359.158
372.853
254.022
241.777
273.503
280.262
290.34
104.49
154.516
271.454
340.541
373.432
251.519
269.837
35.7273
163.174
428.072
181.258
193.936
139.247
286.506
30.7696
360.164
198.517
362.05
241.554
366.584
348.796
360.596
174.761
293.907
123.751
318.43
206.739
42.4893
186.966
280.742
202.59
404.013
373.737
361.073
305.719
300.814
218.318
243.564
417.786
326.41
300.026
325.471
327.037
155.213
211.669
207.711
202.291
407.255
220.905
260.917
208.266
59.1547
421.906
243.845
277.1
307.57
286.177
360.254
125.821
335.067
259.217
221.919
339.429
324.631
300.216
358.617
171.116
396.825
368.934
40.2163
294.958
185.108
138.715
112.568
369.923
287.213
57.4685
144.797
412.337
93.3154
234.641
360.294
276.629
407.965
69.3902
368.598
118.492
261.198
199.52
372.305
269.134
407.652
75.4389
80.6852
171.917
350.559
312.953
246.959
434.339
400.02
392.095
169.23
59.185
31.2792
90.8735
87.5671
291.822
309.488
242.354
267.281
31.0443
206.543
221.689
226.292
243.543
386.978
432.422
221.637
308.421
308.786
308.923
251.339
166.014
379.495
363.72
407.215
345.647
153.532
290.845
108.296
408.644
374.995
404.122
428.846
293.349
312.65
423.448
115.572
232.894
119.092
315.772
370.562
193.807
91.645
397.024
261.318
258.415
301.843
243.291
389.351
304.721
297.642
340.394
362.196
331.124
69.7589
270.269
128.854
380.883
343.26
133.063
411.273
285.99
243.789
148.753
303.675
325.848
340.685
82.3983
34.9188
349.08
152.382
420.026
398.087
72.8996
349.676
283.596
369.588
105.848
85.6122
378.417
358.309
434.906
396.54
346.886
271.037
387.754
262.987
95.5296
166.876
255.821
313.125
384.974
398.223
354.615
80.0092
346.543
398.84
73.4534
367.936
398.525
213.26
362.072
93.9655
308.155
316.469
309.471
397.137
370.65
139.191
283.926
429.103
148.915
159.356
357.793
32.9231
311.587
79.3916
233.599
88.0419
293.82
229.455
70.3995
293.249
380.903
258.009
415.396
43.8894
357.014
173.692
72.9041
123.983
128.229
371.271
74.024
307.624
361.494
369.206
303.78
208.547
209.717
258.463
291.073
142.421
337.539
115.622
268.415
126.346
259.548
82.6309
377.424
234.533
357.742
388.819
335.925
239.963
96.859
340.005
108.208
276.261
82.8577
398.027
240.606
173.453
283.371
390.595
95.3352
386.634
287.559
425.923
311.089
239.763
292.294
413.824
428.545
139.006
326.728
295.4
393.709
302.923
82.4113
360.747
42.3213
201.8
355.354
414.275
353.781
303.004
387.737
114.729
205.116
269.689
375.041
398.728
183.146
281.617
392.669
171.287
304.277
229.113
212.937
100.914
35.0131
293.121
77.2535
171.617
240.234
300.741
213.149
309.989
394.094
406.681
237.637
372.391
148.866
89.5894
292.687
151.44
136.585
320.587
32.5351
387.075
373.316
334.49
259.735
235.647
209.655
294.307
188.924
315.027
140.363
342.691
30.1928
305.637
251.508
377.798
385.598
354.955
80.2979
189.438
285.346
414.541
130.866
257.112
299.256
351.883
333.742
347.569
334.332
326.442
76.9622
263.106
311.66
269.775
244.346
95.7371
357.096
244.964
250.348
306.229
371.038
426.337
246.272
73.6424
402.258
334.679
239.572
276.877
316.785
351.195
139.431
154.819
43.4398
266.475
142.227
135.73
73.5152
404.168
179.039
433.703
340.14
200.137
423.178
387.122
174.385
232.099
271.865
262.017
421.152
348.443
380.493
348.657
287.316
162.782
283.558
324.874
250.887
289.785
232.304
275.075
363.827
408.066
360.119
410.392
219.568
210.582
183.837
127.424
146.083
224.655
406.159
400.366
378.797
249.669
268.205
169.068
243.457
286.563
313.274
140.747
340.623
418.053
273.302
36.2778
318.245
311.687
321.214
208.667
84.963
290.435
298.531
260.037
342.958
156.471
340.048
86.3215
326.192
363.908
423.179
324.254
392.13
361.805
224.85
399.851
375.192
142.32
343.694
262.437
123.558
397.571
364.372
283.057
248.46
433.62
405.964
304.054
242.307
319.901
286.14
422.169
300.681
374.192
433.258
432.956
244.007
290.041
433.119
160.948
187.151
303.185
362.365
74.5338
258.926
407.081
228.497
103.141
357.831
264.133
364.882
424.19
141.161
317.677
68.6431
230.059
372.084
228.438
282.701
296.493
192.407
366.841
414.572
245.039
65.6813
279.905
420.885
75.3171
303.655
393.947
326.436
234.172
336.644
239.282
306.226
421.771
150.642
118.911
292.703
81.184
359.651
332.45
193.475
333.593
294.429
248.307
274.459
224.913
237.246
293.024
186.294
424.641
232.509
407.056
136.633
249.096
116.435
150.289
394.566
93.3696
228.707
284.034
140.949
366.5
275.621
159.484
199.54
390.908
428.365
100.971
225.177
323.188
104.243
134.057
385.56
380.442
234.245
399.901
158.451
373.795
342.697
308.867
274.982
260.563
234.846
205.006
389.228
106.401
58.82
212.064
143.93
327.164
378.854
257.392
210.494
221.322
152.06
285.15
298.904
357.084
195.375
65.9595
347.839
164.478
58.1388
261.865
269.676
38.6687
143.254
255.67
67.2519
161.272
252.55
115.943
244.115
265.641
230.126
256.156
221.001
315.443
94.1687
198.609
351.065
423.182
387.371
294.243
305.459
73.8612
367.464
151.171
362.667
411.766
404.412
425.462
417.32
403.682
49.5605
67.4028
235.52
201.781
124.605
316.825
303.018
373.584
148.633
267.22
298.576
285.349
368.306
139.103
283.326
263.241
356.697
294.441
358.636
381.243
330.583
414.109
356.944
181.187
211.514
331.267
366.145
347.799
282.929
382.878
376.705
245.655
251.184
360.363
409.106
354.492
372.073
298.671
419.362
417.216
372.947
224.761
397.638
254.641
369.937
265.555
314.872
327.868
353.182
272.188
383.46
161.272
345.988
365.189
227.497
383.061
262.136
278.426
217.48
390.294
255.86
303.683
402.312
168.236
406.4
243.088
375.025
144.634
389.791
377.969
82.9999
281.243
390.757
365.98
310.055
108.128
181.407
70.5321
403.297
231.899
73.5801
287.682
378.571
121.729
196.874
123.813
140.594
252.942
248.867
147.842
249.465
168.729
348.281
257.694
298.361
367.545
60.1377
240.615
381.807
408.098
40.52
306.266
249.243
265.392
280.712
257.023
54.4959
404.16
419.665
261.636
402.142
170.643
117.005
252.823
344.889
218.673
337.203
416.568
289.468
425.394
288.603
340.188
258.887
139.918
358.237
211.438
304.47
193.153
399.385
229.795
391.99
79.7217
253.236
58.2573
405.625
120.403
90.161
237.296
401.902
300.535
254.862
387.147
357.133
271.67
205.54
224.262
410.163
333.47
53.8603
271.168
357.079
240.226
345.294
281.139
165.32
236.565
354.102
341.996
284.744
434.475
259.235
161.932
31.6596
380.534
377.703
284.661
414.12
351.647
108.254
290.821
83.6678
276.498
103.582
166.401
387.574
245.583
292.267
186.229
186.019
384.903
181.035
209.288
302.969
142.888
233.664
53.7883
181.367
272.045
253.968
46.3413
45.2619
112.76
270.852
408.273
305.265
403.563
409.64
288.892
349.537
390.793
239.548
281.855
315.784
406.221
168.512
257.443
318.881
225.515
343.543
340.57
210.635
97.8552
400.991
396.189
253.776
134.466
141.196
42.3499
60.9703
394.32
48.16
157.443
179.68
255.801
205.984
413.503
391.798
354.772
364.905
66.3189
291.883
174.677
31.0499
412.635
217.765
92.0484
70.8145
407.913
331.711
403.158
290.535
195.001
374.195
172.86
310.687
248.676
426.521
89.7911
375.628
415.418
215.383
308.232
343.974
198.712
194.729
365.673
158.005
152.771
50.7434
384.36
256.672
334.317
370.372
255.59
153.9
429.449
391.422
351.135
216.337
51.3192
361.449
380.724
49.9472
109.966
400.953
247.094
73.6294
405.13
373.745
425.546
86.9973
339.356
246.016
235.975
98.0078
290.708
393.021
320.271
300.002
433.735
223.986
375.878
349.591
173.203
242.266
411.916
320.744
163.53
246.171
328.781
101.895
354.554
189.785
128.822
155.051
103.546
288.999
137.713
186.331
62.8551
250.663
379.898
133.358
294.321
203.46
327.134
433.845
370.931
390.821
269.387
367.809
323.491
162.598
65.524
201.428
103.547
334.194
364.138
323.462
198.699
361.091
160.21
258.008
311.47
129.515
222.2
324.326
319.957
107.341
157.6
320.191
134.77
121.314
58.8645
291.495
187.322
83.5283
304.107
417.299
317.28
87.1756
377.944
393.199
326.951
379.922
160.481
144.735
321.636
238.048
220.384
72.7893
216.475
143.335
374.626
379.515
327.605
359.976
279.551
258.401
411.849
250.593
295.193
380.419
330.065
348.687
367.91
140.345
275.054
411.833
164.627
387.201
194.722
289.503
287.05
45.6888
367.212
275.709
270.799
114.911
58.3142
251.285
94.1128
366.159
282.479
258.739
362.636
300.88
329.961
326.538
176.574
103.406
91.4407
89.3994
59.1405
170.067
417.616
397.062
164.382
304.844
338.537
299.455
364.767
326.551
127.962
117.422
162.119
230.15
333.441
194.817
187.432
351.773
383.735
182.661
223.331
310.76
303.593
131.859
389.544
349.763
120.877
267.356
236.614
381.044
155.014
256.474
289.978
264.988
362.031
341.422
289.649
400.336
423.703
373.768
384.595
73.4157
225.803
395.773
239.874
140.137
346.921
262.274
376.591
376.8
185.237
243.714
333.947
393.398
271.166
296.376
432
195.418
431.202
168.813
386.818
184.053
339.864
265.36
366.612
338.189
351.238
89.6483
344.601
319.206
239.273
408.351
277.472
33.4096
126.647
199.709
272.8
317.069
399.091
292.779
302.621
104.454
394.632
272.1
407.76
375.095
389.551
61.222
350.907
267.93
332.946
180.962
350.371
345.816
415.137
299.241
280.502
249.361
302.451
73.6019
413.514
180.572
350.72
408.461
222.774
395.714
410.486
305.302
63.7816
403.19
86.509
264.827
40.178
404.132
233.414
245.578
99.4874
231.96
237.497
381.065
288.951
251.211
339.828
255.591
183.816
215.894
341.719
380.456
95.8276
259.238
167.755
241.436
339.756
32.2168
404.031
256.373
275.301
211.626
103.201
221.89
178.793
365.193
133.429
183.258
59.1211
399.59
244.807
141.924
232.137
141.236
404.333
277.084
251.028
316.704
287.253
155.609
84.7984
303.422
322.99
246.075
279.317
432.051
367.184
365.679
59.1001
188.967
119.979
373.816
235.02
44.9565
374.045
431.826
175.472
79.7147
425.94
181.473
115.808
212.03
283.567
340.06
40.796
131.003
418.708
430.148
366.91
40.2571
87.9753
249.98
353.091
386.384
307.613
65.7415
83.2407
428.77
299.072
51.9294
149.252
210.783
322.4
82.0967
225.919
394.864
242.872
137.473
71.0181
375.514
54.023
373.697
359.966
302.783
424.691
129.57
40.8198
190.103
226.265
360.199
254.197
187.503
118.325
145.565
222.494
354.607
145.601
334.356
222.724
143.675
155.675
434.126
434.683
120.093
243.47
297.167
363.812
294.164
81.7272
105.523
286.187
403.599
248.282
107.577
89.1627
203.442
45.3527
58.6575
222.688
416.197
335.567
386.274
245.557
429.42
60.4914
182.638
357.662
239.787
267.513
197.831
130.713
158.437
401.288
126.424
342.658
362.442
261.774
332.105
409.905
286.098
270.328
327.008
144.922
326.77
92.0211
253.99
425.044
167.326
46.7966
169.482
211.165
270.019
306.8
218.455
320.782
369.207
333.607
414.341
397.25
132.943
303.17
262.818
117.92
321.108
280.038
214.797
185.165
344.969
217.935
377.68
343.648
275.383
352.679
423.831
343.59
159.879
423.135
125.285
278.114
412.201
261.932
375.771
260.39
131.099
161.34
300.716
320.906
343.402
36.4566
171.79
405.172
316.82
295.836
174.363
433.255
91.8652
315.189
116.372
184.367
410.401
152.1
179.373
145.096
143.262
109.688
200.378
40.7595
85.447
400.136
410.662
381.236
184.905
399.865
240.441
298.645
