5
17
21
154
299
407
409
125
126
129
293
493
495
556
557
496
497
797
393
395
63
303
896
895
1239
459
467
34
1750
1514
1515
379
1521
1524
1639
1639
922
1561
1362
1906
807
15
1079
1656
1942
1943
1945
1938
1940
1940
1956
1956
1506
1506
1508
1814
368
1861
1863
1863
229
1998
1999
1896
2448
1494
2256
1962
1964
581
249
183
184
2704
150
1567
2968
1707
1709
1631
2799
822
1160
1431
1435
1882
1884
1885
2946
1082
1083
2285
1125
2186
2187
3226
3227
3752
3754
2206
1427
1427
1416
1419
3592
3593
3593
2809
2676
2677
2680
4189
4241
4243
4243
2582
2591
2592
2576
2215
3947
2732
3212
2814
3781
3234
3235
1446
3149
3149
4120
1277
1278
2155
1780
3153
3750
3777
1212
1886
1889
3222
3223
3872
169
1791
1792
3820
1173
3833
3835
3906
3909
4197
3786
2741
4158
4159
1095
2100
539
539
2942
4136
4138
2586
4203
1601
2194
3870
4266
1272
3043
3973
3974
1288
4346
4349
4406
4408
648
3801
3805
2307
187
3292
2568
4376
2881
2925
3575
4025
4431
4435
3286
2987
2988
4311
4313
4454
4494
363
4683
3104
4588
4646
4647
1995
4576
4047
4215
3371
3374
2706
4098
4098
4411
4414
2419
4219
5081
5083
3196
4030
4820
2372
2891
1218
2037
2038
4771
2058
2058
2060
4762
4894
3216
3416
3416
3418
3419
3420
3486
3488
4351
4863
4385
5173
5383
608
609
5163
5163
5165
3633
5756
5759
5759
4693
4694
3675
3675
3005
2294
4690
5606
2494
5290
2317
2317
2003
1763
1764
5386
5390
2962
5512
4305
2535
2984
3173
4843
5707
5415
5786
4744
4663
5056
5655
2498
5498
5499
5545
4668
969
969
5265
4828
5683
5579
3901
1111
5371
6351
6352
2997
3366
4306
4306
1546
1397
1313
1314
5942
5797
5800
3483
3484
4701
4703
6995
6459
3505
5821
5825
6644
6509
5736
2415
2432
5166
5907
5909
3183
3184
6432
5023
6533
6847
6849
744
745
3620
5555
5424
5425
3848
5627
1968
5026
5029
5249
6358
7077
7078
7079
4876
4878
3298
3300
7301
7058
7060
7060
6552
7225
6454
6858
6572
3321
7176
7179
6331
6867
4259
3277
6805
7352
3239
3240
6883
5981
6261
8003
6284
5196
5729
6118
6119
5645
6166
6168
6669
2273
6865
6865
6865
6685
5505
3426
7426
7639
7932
7334
3206
2041
5508
6330
6105
7646
6499
7092
7093
8194
4888
4888
4889
7786
5956
5980
6192
8259
6662
6663
6663
6922
8543
7869
7256
7257
5784
6594
6652
6655
3638
3640
7358
7309
6646
7945
7011
7011
5201
8277
8279
5858
8569
5661
6151
8464
8465
8043
8043
7873
6705
6705
8488
8488
4751
4751
2163
8868
8891
8893
8334
8913
5862
5865
8137
5467
5468
7389
7390
6222
8367
7106
7676
7679
8676
8410
8596
8597
2268
9083
9068
3676
3677
8608
8610
6771
7136
6277
6279
8226
3478
9524
9480
7415
6931
6934
8207
8207
8210
8732
9246
3038
8084
7716
7185
9035
9366
9370
7818
9118
9118
9851
7508
9216
9217
9220
8623
8109
8110
8287
7253
9184
10040
8797
8799
8327
7746
7747
7537
8534
8302
8243
10012
7338
10602
9562
5955
10104
6911
6914
10194
7688
9230
9362
8747
8748
7376
8744
9359
10717
10717
7992
7993
7994
8552
8553
7772
9053
9054
9054
10172
7858
7951
10214
7512
10002
8583
10546
10928
10929
10642
10644
9621
9193
10233
11328
11328
11046
9128
9130
11001
9160
9139
8505
9705
9141
11039
10414
11248
11250
9238
7442
7445
9891
9893
10018
10456
10458
10459
11395
8526
7783
10296
9970
10318
10140
10061
10063
10063
9982
10489
10490
8482
8483
10377
11448
11450
11033
11217
11217
11191
11117
11119
11088
8640
10024
11076
11079
11431
11644
8507
8768
9864
11497
6310
10998
10701
10702
11513
11515
10725
8646
11627
11627
11628
6461
10076
10077
10077
11637
10684
10850
11082
11083
9560
9380
10030
8698
7541
7543
10508
12013
12014
12014
7440
9168
11526
11529
7795
11111
11113
8472
11802
11256
7661
8371
8375
8962
11567
10851
10852
11742
11745
11852
8611
9835
10908
11761
11765
9871
12577
12578
12578
12579
12579
10916
10918
8654
12258
10007
10008
10009
9847
11295
11019
7886
10381
10382
12431
12673
12844
9679
11461
11465
12551
12553
11237
11240
11401
12601
10779
10780
13127
13129
9121
9775
13035
9351
9352
12956
12308
12713
12714
11353
12797
12797
12797
12792
12793
13337
12007
12007
12008
12462
12751
12753
10335
12814
12658
12658
12590
8823
11753
11381
8437
12689
11837
9036
9037
9038
9038
9040
9040
12482
12485
12485
13356
13359
12562
12565
13148
11428
11104
12556
10814
7244
13399
13562
12853
12854
12731
10276
10987
11844
12738
12738
12740
12429
12430
13371
13373
13701
13702
13203
12299
13656
13659
13138
13273
9590
13654
13654
11811
13403
13404
13218
12382
12383
14038
14233
13188
13023
12452
12380
12417
10975
13531
14133
9446
9447
9447
12860
11413
13566
12566
12567
12567
12567
14129
14130
13602
13380
13077
12221
12839
11677
9408
14246
12655
14532
14295
14209
14390
14544
13092
13093
11780
11780
13943
11673
11917
11920
14601
14044
14286
14288
14289
14237
14916
14920
13885
14591
13804
13632
13634
12613
13517
14731
13103
13105
14822
14696
14697
14698
11835
13527
13529
13478
13480
13995
13995
10934
13511
13512
15028
13918
14071
14075
11492
14099
14891
14891
14892
14926
14637
14637
14638
15187
15187
15189
15190
15052
15053
12932
12933
13840
14277
15148
15475
13597
15865
15865
8782
8785
14326
14329
14701
14703
14436
14438
15763
13848
13848
13849
16003
16005
14596
15967
15968
15291
15293
13880
15305
15894
15895
15171
15172
15173
14684
14685
15164
15386
15922
14961
14963
14965
15703
15705
13730
15660
15814
16234
13288
13289
13290
13424
16093
15581
15583
15434
15087
15176
14757
15517
15830
15614
15614
13746
13749
13384
15847
15848
13903
16121
16122
15327
14076
16482
15561
15562
16558
15539
15540
16860
15842
16875
16025
16447
16448
16449
15706
15013
15986
15987
15989
16672
11363
16223
16224
16653
16179
15728
16913
15212
15214
16907
16909
15369
16947
16101
16103
16105
14114
16506
16506
16543
14050
14050
16097
16015
16697
16869
16869
8934
14576
14579
14951
16244
9840
14960
16712
16731
16788
16275
17297
17300
17178
17161
17068
16725
17197
16748
17231
15958
15959
17291
17291
14986
16251
16253
16168
16170
17280
16648
17782
14520
16743
16864
16664
10188
16971
15838
17755
15995
14644
16505
17029
16521
11400
17485
16143
17698
17775
15324
15341
18042
16966
11897
17119
17120
17537
16933
15889
17586
16693
16695
18304
17364
17364
18423
17478
17509
17509
17510
16796
16796
15250
17408
17383
16813
16264
16265
10881
10885
17561
17562
17563
17564
18151
18155
17244
18430
17367
18209
17124
15646
18705
17780
17522
18102
16704
15439
18034
15980
18743
17157
18293
18165
18400
15973
15973
15160
18068
18391
18395
17871
15741
17956
16079
18797
18797
18798
17594
16561
16562
16445
18451
18455
18114
17993
17995
15008
18307
18308
18404
18404
18536
18537
16041
16042
18568
18500
19274
18473
18474
17444
15999
16000
15430
17596
17596
17817
17819
17838
17838
19527
16117
19583
19585
16587
17653
19139
18239
19276
19279
15757
18985
19014
16987
18856
18857
17359
17359
17738
18902
19694
19515
19626
18231
18234
18269
19033
19034
18783
18784
18785
18949
16772
19433
19434
18731
18731
18957
18958
18959
18959
19741
19742
19743
18822
19706
19709
18535
19045
18406
19828
19828
19604
19604
19169
18636
19028
18939
19867
19135
19907
18595
18841
18844
18980
19970
19472
18511
19210
19210
19177
19179
19180
18963
18486
18488
19259
19259
19260
18477
18324
19243
17686
19999
17649
18863
18863
19811
18144
19407
19459
19754
19563
19564
19875
19625
17894
16998
19090
18691
18693
18696
18281
18281
18283
18285
19507
19507
19990
18412
18413
19949
19950
19381
19384
19173
19696
19877
19787
16644
16976
6770
13697
1674
8386
7841
7845
10497
10259
7324
7324
5535
4713
4713
4713
4713
1685
133
134
6748
6748
5625
3943
3980
10302
11994
19072
7373
7375
19576
19578
19618
9518
11536
12264
8179
6216
6217
934
5474
17896
5561
5565
17926
17929
17930
18418
5828
5830
881
882
12894
10623
4725
19701
19703
19704
8871
18088
15127
18836
18838
9532
11657
16993
14885
9669
9669
18065
1785
6631
6635
16036
16037
10801
10804
10804
7452
18096
19822
19823
4975
5971
3654
19039
9272
9275
5336
5339
1912
13178
8196
813
7160
10118
17935
951
955
3791
3794
19282
8166
8169
1578
1579
1580
13589
14966
17095
12616
1188
18820
11979
14296
14297
18737
18738
27
27
30
3897
3900
2236
15071
15072
13543
13544
19348
19350
16204
12150
13616
11579
11580
3095
16032
3769
10577
10578
17100
4977
17996
17996
18000
13161
13164
13165
6976
6980
10205
13573
13575
5275
4072
9307
16344
3241
10371
10373
12622
18525
12084
19664
14315
15145
3537
14274
15792
4868
3360
9988
18374
18374
5380
5380
14753
14754
7235
15133
19216
19220
10760
15544
13808
13809
11906
11908
11908
11909
19586
19589
17195
18972
2026
17762
13197
17132
3115
9600
9600
12288
12288
12288
12290
2217
2218
2218
14159
18712
18714
19558
14468
5905
2716
2720
10897
10898
15192
11107
13072
13075
15714
9301
9302
9304
9305
2458
12112
19105
481
485
5890
513
6527
6527
14868
9687
3251
10492
9555
7586
7588
332
333
14453
13232
17014
3398
846
847
847
11757
11757
11941
8669
16942
8188
2024
1711
18955
11486
1454
13004
2109
2109
6424
3127
16487
2524
2525
5674
17101
18051
18052
18052
10122
10124
6605
1378
1380
8897
1304
1305
18082
18084
13174
11057
5066
3402
13342
12992
12993
12994
15621
15624
18716
18720
18720
12047
12581
12582
1586
2827
2829
6841
6842
11225
14181
11951
14730
9488
8236
8237
8239
15263
12881
12884
12885
15645
16006
16008
17217
2123
19631
19633
289
17767
17767
18721
1151
1152
1154
14711
14713
14715
14715
12703
12705
3610
8447
8448
12476
12476
9751
9751
8588
5850
6173
6175
8454
14741
8626
8626
8627
8628
3936
19181
19183
16603
1292
19882
19883
10479
4950
4441
4443
12128
8969
8970
13016
14228
3562
2801
7216
12151
12154
6675
327
328
16818
10591
12900
9959
5938
1350
13965
4824
17576
3192
3422
6430
357
17834
14187
14189
7627
7627
9815
6536
10246
10250
5212
16887
16888
9348
13043
7641
7641
12492
4654
4655
2332
2335
9296
9299
17812
18751
282
284
285
6348
6350
10647
3054
3054
3055
3055
6091
13894
13894
13894
753
754
9803
7564
19764
13329
4227
14384
14385
19888
19889
16917
13774
13775
18388
17016
19085
17328
7490
6908
6908
5208
2430
17270
2932
19003
19005
3202
3204
3205
14738
14740
18332
18333
2322
322
12978
12498
12499
6807
15245
17750
16534
10598
6690
9496
8394
100
7654
2353
13740
9652
16459
16459
769
1975
2339
11267
4846
4847
4849
9683
14094
16461
16461
12187
12190
5603
8358
4058
4058
7855
13792
13792
18447
11604
9821
17634
14588
14590
12302
207
9758
11632
4918
4919
19555
11799
1543
12059
159
1249
19097
3354
9291
9717
9718
802
804
9881
9883
9885
6239
5751
11338
6919
13852
13853
5657
18353
4037
8925
9919
14612
14615
15686
11554
15196
4470
17076
18046
2019
12358
5557
17203
1736
1738
701
703
704
15236
12867
10788
15667
3881
3882
3882
3884
3885
17639
16781
19532
19532
3757
3759
17433
11300
10347
10347
6586
6589
11290
4914
5833
9388
10197
12422
12423
13394
3650
8759
10861
10864
10864
3762
15500
9890
3520
1806
1806
1809
4581
1326
1329
8738
306
19805
9782
2138
16407
16407
658
1609
10867
10870
5315
1439
12195
15634
15635
19718
19719
7758
6386
1527
1527
17008
4717
4719
10158
11408
11408
18320
2326
2329
13537
13537
6482
6482
13067
15063
1443
1445
1321
1322
15365
8171
1384
12241
8500
12388
12389
4604
4604
4604
2006
17732
17734
17734
17735
18107
3569
5894
17152
7980
18491
18493
18943
19687
19690
18906
10426
10427
10429
984
11265
8540
9570
9570
7777
19863
13324
13324
13325
6897
12446
3798
3798
2422
2424
18520
8713
8714
14317
8247
10761
13610
10995
1622
19246
19249
2086
2086
14147
8070
17850
963
5445
4860
18150
3529
14441
14441
14443
6880
6880
2358
12051
5987
5987
1789
2759
5853
37
38
3108
5344
5345
5345
2453
2455
19390
2511
2514
13409
13409
9416
1017
19316
4281
4281
13062
17612
17613
17613
19370
8865
9132
14539
6343
16308
16308
8976
9816
3851
15056
7431
671
674
11168
7236
7238
18564
17386
17387
4937
7167
7170
8154
10135
1597
1598
1599
8306
8308
624
19293
13335
10425
3120
16753
16754
8142
2793
18926
18927
18930
10392
4121
2545
5432
5432
16020
12871
8267
11558
17222
17224
10266
10306
10308
2608
2610
1421
15915
15251
4051
3812
6617
4184
15872
15873
14558
11142
17856
13509
19296
19297
13475
6968
11372
11373
11375
9911
16825
15596
4107
4109
1039
1039
1984
1984
4343
18247
1032
1032
1032
16258
17137
17138
17140
977
12393
12395
1553
10953
3458
18431
3468
10146
1489
13170
7118
11958
15267
15267
15268
15270
15270
19666
16679
212
18612
14216
441
442
445
7806
7806
7807
16291
453
4557
8093
8095
13298
11013
11014
11014
16132
16135
5928
5929
7071
7071
7073
4461
4462
15716
7470
10745
3622
949
791
792
17665
2175
6396
9926
9930
8182
10873
10874
5700
2177
17339
16455
5266
5270
217
220
939
916
920
8685
4180
16192
16193
5134
5135
2843
2149
3072
13191
13194
6566
6568
6569
10152
7621
7623
18655
7656
7656
7657
12269
12269
8973
8974
8975
10829
10678
10680
17453
10503
6230
11241
11242
15025
404
5481
18601
18603
11349
16708
16710
14416
7403
17416
17416
19537
1269
4358
11688
11689
12632
10046
6564
6565
18506
6739
8983
3346
3348
7362
7365
10525
9507
9698
9698
14284
14285
12369
6243
6244
4883
12090
3546
19336
19337
2769
14656
14658
10667
3409
18219
15501
15502
15502
15504
12133
6742
6745
11126
11129
4836
4840
8852
13819
13820
2367
6076
2889
2889
4632
4633
15981
15985
2312
2315
6888
9526
9526
9528
620
10184
18254
18254
6520
5922
13823
7174
7175
16763
114
17046
101
10636
10637
10638
10640
18119
8040
6961
6964
1919
11771
8888
8890
17526
17526
17526
17528
8721
8722
4333
19108
6026
19844
17743
16331
18770
12139
3586
3587
13734
13735
5594
1831
1832
16656
5001
17883
1801
2280
2298
2300
1265
18633
10282
713
5996
5997
8148
8149
5156
10043
6338
14124
17025
75
1004
1858
17426
2264
19312
13427
13430
13430
15443
7461
8826
8829
7112
7115
7799
5774
6061
6062
6162
9311
5012
5014
4539
15050
1413
1414
1415
11948
5446
5447
18882
18883
7150
3303
16217
16219
10925
10736
10738
10740
11135
10220
8098
8100
11714
12628
12629
8030
17377
4209
4210
11211
11215
17052
6100
8994
11251
11252
11253
10888
19857
19859
9019
10237
10240
789
601
10614
13413
13414
8314
8458
3879
3065
10541
10542
12038
17916
17920
19832
12546
12548
12548
2380
5620
5571
6366
6369
6370
19048
9270
9270
15405
17322
7039
2693
2694
8135
16288
16290
19575
2751
2755
425
1235
1235
13706
9244
12591
12724
8910
19683
13687
11172
2839
18582
15570
776
14908
7828
5282
7848
4736
4738
4740
5403
12402
12405
7286
16937
16938
16939
16939
5712
8663
8665
6411
18617
10571
10574
17072
17074
1011
13316
13320
729
17990
17990
1464
11228
15899
17312
19544
12167
9797
18809
7316
7319
18788
18789
11452
7822
2232
2235
6945
19964
15620
13932
15226
12937
12938
12939
11613
11614
11614
11615
12573
13312
13313
13315
11283
11283
5142
11699
8952
4626
4501
4505
18038
18038
18916
18920
5256
5259
13431
11321
8222
19927
19596
9401
16330
12544
12436
12439
12440
13584
18459
2673
16358
16359
16770
5301
2833
4191
4194
14784
19798
19799
9112
14203
1251
6927
6930
8261
18376
4150
19122
6786
16066
15396
2101
6443
7026
7027
7027
241
242
244
244
244
245
9385
17547
17550
6031
6032
12973
5692
4317
4319
3364
14788
18173
18173
18174
18628
18016
18019
14632
14632
2846
2846
2850
15833
8691
18182
14862
14863
14864
14865
13638
10532
12756
12757
12760
14521
18681
877
18543
2784
17249
10517
10519
