0.587812
0.749969
0.984617
0.8332
0.857495
0.459712
0.505951
0.833333
0.40626
0.748628
0.832224
0.480545
0.999649
0.806725
0.99687
0.604715
0.550297
0.795588
0.742387
0.820184
0.419134
0.783585
0.769567
0.560772
0.406807
0.843504
0.889634
0.480882
0.995566
0.863387
0.878352
0.594558
0.749777
0.572333
0.719136
0.579177
0.520394
0.649961
0.824243
0.583521
0.779877
0.597697
0.999842
0.471006
0.826725
0.894221
0.966943
0.775267
0.57219
0.573491
0.64939
0.591174
0.859121
0.929923
0.956577
0.411355
0.950106
0.86943
0.445959
0.690954
0.422596
0.670703
0.887166
0.786405
0.996614
0.814091
0.579612
0.82323
0.934059
0.569067
0.735444
0.660249
0.724464
0.448617
0.98196
0.421627
0.639012
0.890638
0.558807
0.830663
0.727003
0.497196
0.598753
0.668457
0.527396
0.451186
0.530969
0.603764
0.472412
0.7857
0.449625
0.919168
0.478403
0.50789
0.732893
0.99984
0.822329
0.805517
0.849572
0.953705
0.61991
0.999086
0.569148
0.947921
0.549403
0.833275
0.46097
0.844946
0.742777
0.773225
0.709235
0.888801
0.65237
0.510437
0.663966
0.764885
0.714396
0.596234
0.460434
0.533846
0.549237
0.862436
0.707668
0.458477
0.941395
0.511019
0.798509
0.790912
0.459785
0.674704
0.667328
0.712253
0.507892
0.797127
0.901021
0.499249
0.847464
0.485727
0.521478
0.932279
0.71109
0.895234
0.869434
0.708564
0.653114
0.476213
0.498775
0.50468
0.447756
0.607887
0.500464
0.846882
0.675896
0.452367
0.751791
0.817078
0.876196
0.411091
0.61993
0.784911
0.675717
0.925939
0.863804
0.686327
0.617311
0.906889
0.932688
0.414507
0.902876
0.988743
0.409487
0.616069
0.91445
0.675194
0.76143
0.924628
0.845345
0.613914
0.844183
0.749251
0.42584
0.999187
0.500672
0.538966
0.993242
0.769465
0.899399
0.913908
0.760541
0.877088
0.592788
0.797636
0.833626
0.668707
0.667671
0.802014
0.492458
0.837437
0.710114
0.497635
0.722023
0.951083
0.861679
0.467625
0.575965
0.654741
0.761621
0.704939
0.749897
0.713291
0.424153
0.806659
0.928875
0.633766
0.599348
0.464408
0.743322
0.738082
0.492227
0.620189
0.556903
0.491123
0.532029
0.556799
0.708679
0.827801
0.773679
0.511912
0.5781
0.71158
0.899837
0.448085
0.894093
0.518583
0.402451
0.652686
0.687774
0.702931
0.571727
0.452795
0.99673
0.610107
0.553298
0.974266
0.900185
0.637588
0.776684
0.888652
0.501516
0.997846
0.863528
0.861347
0.402323
0.927813
0.845776
0.750477
0.79572
0.6852
0.687247
0.629533
0.863783
0.668115
0.879006
0.617082
0.756971
0.954629
0.99987
0.720624
0.856696
0.998604
0.40354
0.474092
0.400701
0.569885
0.791296
0.827906
0.52227
0.54168
0.857134
0.594429
0.72968
0.628019
0.554429
0.822637
0.877149
0.76433
0.980369
0.522399
0.727239
0.595388
0.473431
0.653881
0.775348
0.701214
0.849141
0.996603
0.562427
0.537255
0.746737
0.491534
0.795449
0.842634
0.470808
0.45001
0.707722
0.936635
0.82955
0.544528
0.816664
0.97952
0.937749
0.688987
0.511448
0.466302
0.971556
0.793767
0.87485
0.532807
0.856956
0.700338
0.996948
0.927224
0.62232
0.995441
0.417209
0.915567
0.549584
0.781866
0.539719
0.990152
0.528726
0.996947
0.987133
0.861677
0.957564
0.572309
0.997959
0.967284
0.81259
0.69525
0.81751
0.614053
0.632643
0.53362
0.762698
0.886107
0.708282
0.665579
0.499057
0.500206
0.851063
0.698894
0.462998
0.924576
0.81683
0.44086
0.866641
0.804956
0.799222
0.529999
0.528012
0.885309
0.78371
0.80868
0.811149
0.639324
0.944301
0.532249
0.935711
0.618169
0.860592
0.790764
0.758552
0.796487
0.868318
0.994477
0.644784
0.571685
0.807722
0.806564
0.807231
0.493707
0.830559
0.596813
0.628452
0.973664
0.970472
0.793687
0.577395
0.816942
0.487727
0.784916
0.788952
0.410479
0.614752
0.404259
0.878671
0.843206
0.854457
0.793243
0.528424
0.812448
0.729217
0.762226
0.645626
0.660948
0.64944
0.477633
0.659307
0.677502
0.92848
0.916013
0.709332
0.831636
0.999611
0.423341
0.984793
0.525834
0.746077
0.749869
0.72237
0.640699
0.787133
0.560335
0.498075
0.880265
0.68681
0.795413
0.791796
0.877558
0.995499
0.81001
0.594434
0.85802
0.849076
0.521966
0.542752
0.73309
0.604993
0.676412
0.978174
0.799704
0.629225
0.557681
0.691774
0.780814
0.587011
0.903682
0.804076
0.646328
0.999984
0.753058
0.812616
0.470359
0.630388
0.998846
0.789743
0.560653
0.963742
0.490174
0.7759
0.667493
0.664783
0.417685
0.843623
0.833942
0.994445
0.543161
0.544086
0.708646
0.427028
0.923537
0.863257
0.411965
0.999985
0.798352
0.833156
0.509774
0.57301
0.830166
0.7026
0.894584
0.825944
0.827142
0.458531
0.74115
0.885085
0.667756
0.999773
0.70436
0.54135
0.874996
0.805342
0.799892
0.69253
0.512707
0.83469
0.545353
0.779561
0.927704
0.661133
0.825265
0.993915
0.933318
0.526749
0.855787
0.402235
0.709423
0.705738
0.736606
0.522506
0.76339
0.781651
0.99877
0.880807
0.895313
0.578132
0.401947
0.785707
0.718551
0.800737
0.834826
0.698961
0.968112
0.909982
0.41231
0.812316
0.401218
0.887326
0.417003
0.438237
0.96957
0.525188
0.63884
0.911499
0.481449
0.69784
0.406003
0.539298
0.431294
0.999393
0.749733
0.747433
0.988747
0.778135
0.606548
0.883602
0.969998
0.937402
0.67649
0.997873
0.833656
0.499994
0.453786
0.71404
0.619373
0.757349
0.823166
0.732893
0.502361
0.865125
0.833144
0.641372
0.820588
0.647812
0.692805
0.833043
0.882298
0.457829
0.625078
0.99825
0.423302
0.497509
0.779083
0.82365
0.990166
0.505154
0.5341
0.45948
0.641602
0.814812
0.747199
0.833032
0.575183
0.666525
0.401887
0.864364
0.995642
0.531397
0.743219
0.749936
0.800222
0.880622
0.897072
0.748076
0.854211
0.873311
0.421594
0.944249
0.594449
0.657867
0.740463
0.847391
0.832823
0.80605
0.904234
0.548146
0.445476
0.999952
0.605066
0.861328
0.992004
0.815479
0.828777
0.751794
0.473269
0.808801
0.986899
0.506173
0.99985
0.899808
0.437657
0.633291
0.481638
0.446128
0.435915
0.666675
0.994849
0.816841
0.559286
0.570528
0.923535
0.739076
0.797162
0.540533
0.42048
0.553138
0.671119
0.636097
0.771727
0.875165
0.816559
0.780766
0.839122
0.776571
0.752071
0.825487
0.772233
0.489375
0.668925
0.931293
0.619549
0.7495
0.77219
0.500032
0.811806
0.833025
0.959125
0.86646
0.675764
0.578636
0.833182
0.536984
0.479503
0.591787
0.763229
0.504526
0.835373
0.466453
0.752491
0.709021
0.697423
0.568022
0.998356
0.949786
0.608088
0.806692
0.917237
0.837149
0.909994
0.691034
0.845414
0.589454
0.504551
0.497147
0.629162
0.704765
0.961537
0.832411
0.729012
0.790825
0.749927
0.781306
0.812551
0.525658
0.953763
0.913373
0.691375
0.575809
0.758699
0.927391
0.879608
0.990662
0.732395
0.685616
0.853831
0.9228
0.791103
0.779256
0.839133
0.687742
0.629121
0.479977
0.889613
0.41711
0.661995
0.501354
0.616416
0.774164
0.781403
0.688203
0.999722
0.435151
0.57897
0.935058
0.851951
0.856985
0.999409
0.70149
0.497725
0.947565
0.661818
0.597521
0.883506
0.538276
0.649684
0.747172
0.87514
0.809168
0.995513
0.556754
0.532989
0.823408
0.670992
0.804251
0.666518
0.401636
0.400663
0.796668
0.771802
0.822147
0.54086
0.51087
0.759361
0.675218
0.644042
0.666917
0.634561
0.995091
0.783631
0.729781
0.418586
0.565376
0.850846
0.761277
0.646065
0.943918
0.804001
0.833329
0.772768
0.47064
0.836383
0.56918
0.533773
0.603224
0.892453
0.805823
0.820532
0.444544
0.65809
0.512263
0.618828
0.713777
0.889523
0.463572
0.905219
0.571005
0.834807
0.921102
0.692162
0.529525
0.729525
0.667556
0.539004
0.918833
0.869309
0.851427
0.997278
0.66731
0.628952
0.646174
0.999271
0.598935
0.9928
0.533209
0.518813
0.726905
0.867684
0.79883
0.666625
0.594332
0.996524
0.642878
0.870187
0.513993
0.831334
0.819848
0.999774
0.675088
0.702098
0.404521
0.723472
0.734618
0.739168
0.805568
0.874665
0.846743
0.968769
0.633552
0.801874
0.46649
0.740218
0.414341
0.999999
0.750129
0.856377
0.921719
0.72844
0.666556
0.876852
0.727462
0.408362
0.491538
0.855646
0.929892
0.840266
0.711353
0.431535
0.444289
0.666464
0.61778
0.683017
0.999665
0.406027
0.778693
0.563115
0.802488
0.92388
0.87501
0.406655
0.921417
0.856558
0.937515
0.581095
0.49101
0.658419
0.555657
0.616664
0.634668
0.880454
0.799082
0.437848
0.88905
0.801659
0.753366
0.610639
0.999853
0.491633
0.642624
0.40236
0.604291
0.425068
0.901621
0.418207
0.965325
0.469254
0.568551
0.888847
0.800073
0.805976
0.531908
0.741582
0.99101
0.844116
0.856691
0.829954
0.622288
0.664319
0.855099
0.828343
0.467623
0.675621
0.757745
0.547296
0.500008
0.702521
0.675809
0.556813
0.408173
0.844424
0.501989
0.76348
0.880362
0.749361
0.801096
0.999888
0.880714
0.611361
0.749789
0.509415
0.954842
0.594609
0.480721
0.418381
0.414669
0.601165
0.793546
0.768115
0.583264
0.929901
0.993887
0.511789
0.542889
0.680737
0.650821
0.470312
0.649964
0.416665
0.999529
0.985388
0.880631
0.611159
0.554034
0.998968
0.424665
0.995873
0.587271
0.757251
0.811103
0.813983
0.724872
0.85361
0.64021
0.520394
0.760681
0.616862
0.906881
0.602341
0.689209
0.902457
0.570811
0.620459
0.540814
0.852864
0.900144
0.769855
0.445495
0.874995
0.880313
0.705293
0.611201
0.434399
0.74826
0.917527
0.99484
0.882783
0.903918
0.466984
0.826774
0.717044
0.561101
0.854907
0.684742
0.998719
0.894473
0.447834
0.734091
0.82531
0.860944
0.892557
0.625074
0.410486
0.80135
0.584942
0.466142
0.517863
0.409477
0.997808
0.529207
0.608668
0.802212
0.911133
0.83246
0.726138
0.998321
0.643941
0.690249
0.810014
0.687298
0.630413
0.843293
0.882635
0.57815
0.88808
0.690568
0.847127
0.478218
0.935837
0.84118
0.578212
0.885005
0.854312
0.808499
0.466234
0.494299
0.945586
0.706043
0.535845
0.752145
0.998045
0.832261
0.523475
0.69048
0.637935
0.811039
0.658948
0.620542
0.66928
0.865541
0.812603
0.609868
0.790275
0.998201
0.455537
0.714257
0.595157
0.674779
0.874733
0.711006
0.804667
0.855071
0.647196
0.573885
0.672012
0.777588
0.445941
0.424035
0.92261
0.916394
0.834186
0.471633
0.898672
0.62287
0.624624
0.570989
0.734761
0.853873
0.516225
0.787045
0.58879
0.801633
0.67844
0.40523
0.95846
0.874657
0.435649
0.585915
0.915649
0.666066
0.646007
0.750544
0.633356
0.810933
0.826862
0.632133
0.466122
0.776136
0.507567
0.753496
0.792506
0.991327
0.691234
0.60385
0.660673
0.460151
0.999919
0.999733
0.749109
0.6642
0.88902
0.747562
0.719888
0.996297
0.750162
0.999626
0.472843
0.882279
0.654803
0.973375
0.892226
0.924578
0.648525
0.571394
0.874742
0.875372
0.562843
0.891339
0.99894
0.553974
0.568902
0.973074
0.675893
0.741425
0.461887
0.502904
0.562215
0.720617
0.623582
0.579956
0.569502
0.791291
0.638659
0.777261
0.776976
0.633379
0.469348
0.733867
0.994452
0.578497
0.7261
0.63774
0.776349
0.768026
0.755755
0.454309
0.838052
0.527027
0.72873
0.810017
0.881323
0.524756
0.710498
0.831947
0.989556
0.752371
0.995187
0.706881
0.688263
0.577464
0.879173
0.529325
0.701328
0.576158
0.612415
0.780913
0.999741
0.782123
0.993451
0.854201
0.73094
0.997669
0.65503
0.568739
0.585511
0.731197
0.651636
0.487881
0.552762
0.565664
0.757574
0.510343
0.622749
0.739669
0.997192
0.816231
0.636298
0.74175
0.700282
0.991096
0.603678
0.600291
0.74233
0.62274
0.886354
0.829503
0.640732
0.904288
0.709504
0.928596
0.755103
0.999446
0.771383
0.911447
0.854144
0.74234
0.59957
0.927417
0.675869
0.658223
0.491094
0.871494
0.999835
0.999727
0.646073
0.730055
0.900227
0.556296
0.853204
0.910344
0.805495
0.913809
0.869544
0.436961
0.844047
0.475731
0.43191
0.567771
0.79395
0.822389
0.812047
0.4764
0.785888
0.647404
0.846396
0.79207
0.463984
0.595964
0.900002
0.524829
0.797817
0.469177
0.997131
0.874471
0.534073
0.816467
0.562645
0.440923
0.654327
0.771259
0.797553
0.799997
0.733955
0.636194
0.599869
0.818464
0.484048
0.817099
0.785446
0.576433
0.774751
0.43112
0.503635
0.864563
0.856194
0.831777
0.69106
0.79952
0.508627
0.916023
0.783776
0.956216
0.483121
0.675312
0.453437
0.642724
0.435784
0.736064
0.798643
0.800112
0.933196
0.86527
0.681826
0.580856
0.445928
0.645017
0.996035
0.916079
0.59759
0.982418
0.643214
0.682614
0.937468
0.507978
0.809585
0.830927
0.792635
0.67162
0.650051
0.843742
0.736741
0.823924
0.510691
0.434053
0.857872
0.760345
0.487901
0.8713
0.920529
0.554719
0.737486
0.792134
0.638493
0.987148
0.72081
0.465308
0.436099
0.985531
0.865371
0.501922
0.983013
0.468581
0.434421
0.892522
0.882866
0.440172
0.853283
0.530842
0.928003
0.770446
0.769026
0.68689
0.411011
0.999883
0.523407
0.693432
0.63018
0.80751
0.866492
0.567834
0.998291
0.843442
0.905038
0.979903
0.736946
0.873107
0.623529
0.816656
0.454672
0.745167
0.684571
0.474939
0.662317
0.854435
0.990291
0.800185
0.872578
0.797816
0.93472
0.583851
0.821058
0.834246
0.776995
0.999983
0.876539
0.663925
0.846772
0.69419
0.818889
0.999517
0.419212
0.716063
0.621003
0.775376
0.99985
0.999277
0.702888
0.867706
0.829311
0.707491
0.997284
0.607289
0.841842
0.445228
0.481922
0.784103
0.665963
0.653102
0.801865
0.851967
0.782806
0.635036
0.619885
0.911303
0.476181
0.498732
0.777823
0.999953
0.998913
0.540961
0.857334
0.412531
0.492341
0.639591
0.851171
0.555846
0.864847
0.913417
0.580266
0.725399
0.74879
0.662326
0.733307
0.614038
0.72213
0.830478
0.500442
0.681035
0.460645
0.519437
0.882935
0.638279
0.839187
0.472602
0.833037
0.641783
0.733505
0.67214
0.958492
0.873596
0.753016
0.849251
0.646888
0.482216
0.603042
0.698209
0.726788
0.586639
0.555594
0.82002
0.867872
0.400722
0.725795
0.416581
0.931486
0.843626
0.749385
0.457434
0.406464
0.520987
0.895101
0.783173
0.827129
0.459026
0.726618
0.779422
0.726503
0.748727
0.587061
0.688685
0.721995
0.748308
0.842871
0.982011
0.838215
0.533749
0.448596
0.450857
0.734094
0.785063
0.999717
0.555659
0.618953
0.798852
0.818565
0.888765
0.849386
0.568744
0.425158
0.455434
0.874578
0.548282
0.404963
0.635163
0.937087
0.469739
0.792115
0.474409
0.875017
0.749497
0.839668
0.857094
0.58819
0.435291
0.626359
0.707446
0.546208
0.664059
0.582961
0.805664
0.995048
0.964541
0.761075
0.975868
0.676797
0.797828
0.990795
0.874734
0.554577
0.9947
0.916636
0.80136
0.741171
0.956367
0.61658
0.557066
0.856969
0.626506
0.903046
0.469509
0.579221
0.790175
0.748822
0.85695
0.530626
0.553452
0.659905
0.735421
0.85425
0.888069
0.608533
0.687606
0.582106
0.873027
0.591587
0.694358
0.75081
0.48127
0.697109
0.567939
0.645726
0.439102
0.645185
0.67932
0.682214
0.738191
0.770025
0.777737
0.489827
0.467581
0.507702
0.897756
0.839399
0.963158
0.414616
0.747378
0.405006
0.998561
0.447616
0.772249
0.833767
0.443652
0.509308
0.886303
0.513978
0.420127
0.869695
0.961677
0.73465
0.995173
0.960449
0.62539
0.79399
0.734923
0.50637
0.788595
0.6939
0.941068
0.896088
0.860353
0.825826
0.833897
0.511779
0.814617
0.994656
0.930195
0.433229
0.658032
0.994596
0.625482
0.714973
0.786424
0.644343
0.811668
0.71779
0.998899
0.410801
0.881552
0.592049
0.894174
0.881595
0.58716
0.764678
0.817355
0.997936
0.477885
0.991347
0.523901
0.562324
0.631784
0.46135
0.944545
0.499612
0.750042
0.456271
0.982541
0.976608
0.857175
0.498424
0.832936
0.515514
0.574096
0.431891
0.729263
0.908293
0.825003
0.459079
0.452049
0.556191
0.631258
0.753735
0.800824
0.731441
0.401505
0.93581
0.888273
0.472587
0.4334
0.865557
0.596947
0.450814
0.873999
0.670706
0.83723
0.631405
0.518016
0.833919
0.833211
0.513593
0.701392
0.490999
0.420942
0.739914
0.436022
0.405621
0.461462
0.406559
0.568491
0.533305
0.721205
0.883471
0.863701
0.859829
0.762883
0.801836
0.898206
0.559864
0.683168
0.91869
0.619533
0.584145
0.817692
0.499362
0.423659
0.910105
0.532098
0.636413
0.709713
0.85711
0.760077
0.90665
0.626698
0.764434
0.810771
0.711065
0.934816
0.875112
0.624372
0.700388
0.499772
0.733859
0.769075
0.682429
0.87043
0.484569
0.698244
0.808038
0.943271
0.776982
0.748977
0.726462
0.736574
0.71453
0.599621
0.702403
0.772828
0.794236
0.727666
0.599515
0.848155
0.999983
0.687432
0.564249
0.817417
0.784372
0.950819
0.81555
0.480235
0.514991
0.93703
0.735787
0.625222
0.863814
0.604388
0.609272
0.808289
0.558436
0.780219
0.698814
0.586424
0.674721
0.955469
0.724201
0.874669
0.71036
0.420206
0.618445
0.663242
0.937685
0.560282
0.976667
0.615632
0.865381
0.971128
0.995241
0.618116
0.937997
0.626249
0.476766
0.813706
0.994184
0.47795
0.88588
0.858537
0.995416
0.515989
0.515905
0.874396
0.996805
0.827917
0.814702
0.749646
0.818722
0.688946
0.875282
0.874155
0.79894
0.800758
0.865257
0.562268
0.537567
0.651857
0.84606
0.630162
0.612253
0.800079
0.694351
0.621509
0.813272
0.796941
0.603207
0.413031
0.888885
0.840132
0.935454
0.513808
0.56443
0.64921
0.748574
0.55001
0.429858
0.931335
0.63402
0.797719
0.819135
0.875413
0.833609
0.694146
0.69916
0.611094
0.892296
0.688215
0.481136
0.802383
0.736548
0.503984
0.989333
0.52853
0.818831
0.677374
0.777641
0.856038
0.554114
0.640999
0.573508
0.850546
0.932914
0.565807
0.637641
0.836755
0.573238
0.667785
0.749528
0.796917
0.516469
0.726518
0.4688
0.403787
0.745979
0.867905
0.999518
0.494276
0.704081
0.927925
0.714089
0.80503
0.789705
0.806114
0.765348
0.44264
0.525323
0.401726
0.818663
0.673878
0.789784
0.967918
0.939157
0.626011
0.554373
0.678517
0.591158
0.550838
0.484109
0.708337
0.652067
0.407216
0.803586
0.61822
0.638748
0.713285
0.866846
0.732467
0.776986
0.512513
0.513246
0.521099
0.578636
0.654775
0.861086
0.921497
0.752108
0.837588
0.691432
0.52761
0.52629
0.786843
0.662028
0.747941
0.763125
0.992087
0.832696
0.588925
0.970419
0.94502
0.875152
0.721781
0.638726
0.64307
0.417284
0.852712
0.833303
0.734657
0.764045
0.81261
0.648804
0.742124
0.717214
0.79097
0.920098
0.781315
0.722606
0.968826
0.70003
0.841851
0.878186
0.712484
0.947175
0.695469
0.801216
0.923091
0.990288
0.783012
0.999833
0.830286
0.578966
0.448647
0.874721
0.522769
0.777509
0.746787
0.928362
0.667102
0.589931
0.929795
0.425461
0.544977
0.879595
0.770199
0.490272
0.997562
0.891818
0.861963
0.506719
0.50246
0.63765
0.497544
0.543666
0.466051
0.632771
0.708186
0.616543
0.782771
0.934201
0.570442
0.833321
0.619246
0.895603
0.89143
0.4507
0.773923
0.474596
0.782499
0.779878
0.767893
0.707036
0.822519
0.796262
0.969811
0.842173
0.645885
0.802273
0.672961
0.929277
0.913566
0.411452
0.846982
0.5903
0.777751
0.420591
0.767583
0.775058
0.805964
0.621346
0.832975
0.666991
0.776353
0.980863
0.643828
0.753519
0.50527
0.869608
0.999941
0.78748
0.616488
0.546764
0.727532
0.627134
0.82879
0.894268
0.488617
0.740864
0.437488
0.999947
0.822654
0.605651
0.632915
0.87765
0.61094
0.713833
0.67117
0.857145
0.85981
0.517804
0.461227
0.933476
0.932558
0.932796
0.525403
0.994243
0.790725
0.797791
0.489632
0.592161
0.665421
0.635331
0.61918
0.829424
0.851858
0.654531
0.454175
0.436322
0.999327
0.561955
0.636107
0.814301
0.864722
0.872219
0.623202
0.899174
0.714098
0.692225
0.676298
0.840777
0.732696
0.402775
0.597176
0.803251
0.763448
0.99841
0.947335
0.967692
0.883956
0.433999
0.776123
0.490406
0.681157
0.573095
0.932433
0.684005
0.874815
0.935487
0.472945
0.639565
0.588937
0.61077
0.633482
0.769864
0.859213
0.765434
0.897445
0.832254
0.785025
0.992367
0.748222
0.708966
0.758813
0.740267
0.405703
0.605249
0.857067
0.467891
0.900535
0.77928
0.689564
0.567149
0.674803
0.782407
0.515029
0.459052
0.692792
0.679056
0.678767
0.995741
0.591573
0.508719
0.769922
0.928222
0.999677
0.937121
0.696476
0.75992
0.916268
0.772368
0.714223
0.764231
0.550216
0.778158
0.507232
0.744883
0.998251
0.630613
0.416262
0.954214
0.714037
0.849841
0.998095
0.753559
0.813709
0.804289
0.87994
0.465438
0.795346
0.441153
0.926255
0.999985
0.753489
0.852299
0.702443
0.594028
0.52628
0.998657
0.791741
0.838945
0.586108
0.410741
0.843255
0.903981
0.429867
0.999493
0.595842
0.505893
0.790386
0.838923
0.756794
0.467497
0.617446
0.854916
0.828214
0.543683
0.499379
0.712235
0.950201
0.665983
0.425332
0.584069
0.48126
0.85585
0.648016
0.732992
0.926784
0.857243
0.600749
0.549418
0.875837
0.901761
0.814686
0.407488
0.564613
0.451253
0.91993
0.757451
0.727979
0.823346
0.800419
0.763423
0.835843
0.919997
0.414187
0.617692
0.748653
0.786723
0.516968
0.821552
0.998521
0.692913
0.898923
0.859839
0.669158
0.572843
0.768985
0.882435
0.569065
0.585184
0.714275
0.558197
0.831938
0.858638
0.830214
0.929008
0.903358
0.904001
0.49044
0.424409
0.928376
0.98506
0.470485
0.89259
0.668444
0.859587
0.990866
0.688133
0.916699
0.794168
0.761624
0.951707
0.76507
0.664539
0.80114
0.464338
0.823915
0.523089
0.801134
0.897988
0.722601
0.725471
0.996244
0.753404
0.999953
0.631606
0.759376
0.91607
0.931794
0.427809
0.56797
0.767461
0.567335
0.479181
0.425299
0.74482
0.535632
0.922194
0.487547
0.965907
0.426287
0.669341
0.732624
0.735535
0.583367
0.80003
0.77128
0.664635
0.999174
0.571055
0.560149
0.57288
0.774697
0.634464
0.865871
0.409701
0.463526
0.564393
0.611801
0.644202
0.866424
0.547678
0.738637
0.517363
0.627059
0.908728
0.83071
0.890358
0.664147
0.472671
0.445418
0.756518
0.802311
0.90555
0.667093
0.823739
0.775254
0.918297
0.503105
0.869262
0.990154
0.573106
0.77841
0.80807
0.537859
0.776448
0.832726
0.682201
0.510889
0.401161
0.806132
0.867808
0.703272
0.71391
0.81216
0.882517
0.553462
0.645005
0.833883
0.854446
0.600152
0.879889
0.500795
0.885245
0.696072
0.456049
0.990888
0.753112
0.737957
0.709941
0.781394
0.842801
0.787171
0.543336
0.795806
0.503711
0.664039
0.543296
0.523803
0.881178
0.746452
0.846812
0.674326
0.903697
0.864083
0.429464
0.873329
0.755088
0.754244
0.40525
0.443339
0.851944
0.725476
0.993846
0.799916
0.582287
0.712893
0.784865
0.642377
0.762583
0.68709
0.448095
0.492872
0.836642
0.98404
0.754697
0.578246
0.477337
0.855189
0.400125
0.607575
0.446153
0.465808
0.998866
0.411606
0.999543
0.797777
0.494402
0.481715
0.983977
0.548711
0.459009
0.999968
0.571011
0.668968
0.64882
0.571972
0.488041
0.912231
0.899735
0.791926
0.592945
0.928718
0.985816
0.811594
0.748343
0.502149
0.67504
0.728269
0.714278
0.969044
0.634648
0.586554
0.871248
0.49887
0.4032
0.851237
0.718569
0.911691
0.754192
0.778123
0.874236
0.795772
0.94265
0.709435
0.532333
0.412046
0.565703
0.780814
0.486656
0.563573
0.864664
0.654449
0.794131
0.632922
0.909646
0.837044
0.534498
0.862222
0.715463
0.980929
0.829
0.598729
0.617755
0.59879
0.572412
0.519011
0.713752
0.863111
0.755173
0.855206
0.839602
0.527788
0.474001
0.90312
0.676301
0.84731
0.656918
0.50827
0.832678
0.613629
0.95566
0.434464
0.934218
0.897093
0.866614
0.626875
0.757967
0.418706
0.592689
0.857021
0.866035
0.860347
0.904107
0.425272
0.449913
0.510284
0.773416
0.684326
0.636793
0.756435
0.648968
0.7223
0.59654
0.99841
0.474262
0.646773
0.766068
0.933144
0.998651
0.818708
0.999473
0.685316
0.870457
0.774022
0.996588
0.630819
0.999834
0.989164
0.624237
0.978384
0.771893
0.81875
0.871949
0.640775
0.60305
0.858676
0.880075
0.824361
0.714361
0.746884
0.654528
0.990367
0.456089
0.455817
0.736935
0.94028
0.799721
0.673485
0.857792
0.831906
0.745264
0.678774
0.874489
0.817587
0.938219
0.937551
0.652364
0.995587
0.833023
0.877237
0.913143
0.997322
0.943461
0.447012
0.748003
0.681817
0.743513
0.947108
0.514281
0.819699
0.812738
0.408138
0.746265
0.746842
0.999496
0.689084
0.850409
0.874283
0.60823
0.607642
0.771677
0.498901
0.623261
0.822812
0.476133
0.684959
0.421882
0.646276
0.439446
0.979045
0.820806
0.999683
0.777212
0.443673
0.998878
0.712217
0.81622
0.855687
0.532384
0.547314
0.856464
0.729505
0.563173
0.815782
0.845264
0.432247
0.502464
0.758917
0.747727
0.43061
0.845019
0.999925
0.676639
0.838475
0.863511
0.664499
0.871532
0.617818
0.822253
0.54727
0.999151
0.828596
0.707354
0.969494
0.46977
0.655155
0.80716
0.865332
0.666766
0.722083
0.733437
0.881728
0.857829
0.925327
0.401334
0.590155
0.457446
0.808257
0.729437
0.869684
0.713882
0.99999
0.732717
0.698689
0.823284
0.785967
0.479331
0.734489
0.820439
0.494993
0.854236
0.667648
0.605399
0.746808
0.798096
0.843125
0.44324
0.877437
0.880863
0.914347
0.873891
0.601585
0.765164
0.907602
0.479983
0.899734
0.591386
0.66191
0.402081
0.997482
0.815242
0.709421
0.997102
0.895422
0.874375
0.651583
0.445411
0.749922
0.753329
0.994388
0.779173
0.45317
0.847433
0.857835
0.907713
0.882605
0.540221
0.796923
0.473487
0.872452
0.930703
0.864083
0.765061
0.457447
0.589688
0.833107
0.92264
0.73232
0.7154
0.88331
0.568972
0.800003
0.498515
0.544055
0.922709
0.794043
0.739346
0.703594
0.617494
0.75679
0.510465
0.502155
0.895678
0.508431
0.957662
0.822204
0.522984
0.426491
0.595218
0.595218
0.749746
0.999067
0.757202
0.785744
0.432344
0.87807
0.5667
0.718387
0.547058
0.927607
0.574332
0.628645
0.99942
0.497132
0.624118
0.730613
0.961392
0.879591
0.995
0.866682
0.796664
