318.764
445.021
406.274
164.911
115.54
185.991
440.921
230.579
295.618
137.276
152.348
200.436
332.187
420.784
369.741
171.051
170.06
110.024
223.854
124.928
363.988
433.596
52.9937
137.149
353.05
234.635
49.6945
330.676
474.974
196.751
313.587
333.625
309.707
307.966
526.693
244.837
312.97
254.114
445.025
100.299
300.98
60.6864
227.975
124.267
494.658
159.475
306.808
406.164
348.787
200.559
324.226
291.425
292.64
202.674
387.109
125.813
348.356
214.089
66.9805
389.674
125.127
42.3275
217.797
216.918
251.299
55.2578
531.709
121.917
479.009
336.395
230.773
112.463
314.414
149.511
104.613
146.988
222.794
332.129
66.0409
456.858
192.507
248.074
279.567
132.227
150.567
304.865
205.343
433.169
366.962
176.783
76.0365
92.9497
438.281
