74.7905
76.0512
-85.5112
105.862
7.57821
233.089
20.3733
-146.585
34.228
17.7868
92.8708
8.7652
-180.36
-126.066
-262.972
172.893
127.148
-133.781
128.796
36.4195
18.9787
9.75302
110.307
-20.7298
98.731
106.384
23.3551
-51.7006
15.2666
280.722
46.9883
84.2763
-69.7075
42.6163
42.3366
10.1681
88.1003
-130.671
55.2106
-63.8333
51.672
16.7345
63.0968
-72.6113
48.6663
321.598
200.506
19.4147
51.4752
-7.25127
-58.1928
62.7969
46.9732
173.195
-57.2976
46.7479
72.0248
179.7
33.9482
-69.9117
66.4685
113.934
-21.0673
146.76
110.262
32.7987
14.8025
-47.2378
-183.949
-68.1902
93.8626
140.134
-277.71
21.535
173.094
-178.459
-87.2141
27.8593
-113.408
42.7326
-46.5848
-27.2001
-63.0166
-5.94328
-37.8801
10.3918
235.119
-151.789
148.372
68.5056
55.0691
-7.22835
50.6903
