23 33 43 24 34 44 25 35 45
41 51 61 42 52 62 43 53 63
102 112 122 103 113 123 104 114 124
16 26 36 17 27 37 18 28 38
37 47 57 38 48 58 39 49 59
5 15 25 6 16 26 7 17 27
1 11 21 2 12 22 3 13 23
95 105 115 96 106 116 97 107 117
4 14 24 5 15 25 6 16 26
6 16 26 7 17 27 8 18 28
26 36 46 27 37 47 28 38 48
5 15 25 6 16 26 7 17 27
83 93 103 84 94 104 85 95 105
82 92 102 83 93 103 84 94 104
122 132 142 123 133 143 124 134 144
56 66 76 57 67 77 58 68 78
16 26 36 17 27 37 18 28 38
107 117 127 108 118 128 109 119 129
55 65 75 56 66 76 57 67 77
16 26 36 17 27 37 18 28 38
33 43 53 34 44 54 35 45 55
51 61 71 52 62 72 53 63 73
47 57 67 48 58 68 49 59 69
106 116 126 107 117 127 108 118 128
43 53 63 44 54 64 45 55 65
25 35 45 26 36 46 27 37 47
17 27 37 18 28 38 19 29 39
83 93 103 84 94 104 85 95 105
31 41 51 32 42 52 33 43 53
15 25 35 16 26 36 17 27 37
13 23 33 14 24 34 15 25 35
23 33 43 24 34 44 25 35 45
103 113 123 104 114 124 105 115 125
43 53 63 44 54 64 45 55 65
40 50 60 41 51 61 42 52 62
14 24 34 15 25 35 16 26 36
13 23 33 14 24 34 15 25 35
84 94 104 85 95 105 86 96 106
31 41 51 32 42 52 33 43 53
87 97 107 88 98 108 89 99 109
54 64 74 55 65 75 56 66 76
57 67 77 58 68 78 59 69 79
5 15 25 6 16 26 7 17 27
86 96 106 87 97 107 88 98 108
0 10 20 1 11 21 2 12 22
56 66 76 57 67 77 58 68 78
23 33 43 24 34 44 25 35 45
2 12 22 3 13 23 4 14 24
3 13 23 4 14 24 5 15 25
95 105 115 96 106 116 97 107 117
93 103 113 94 104 114 95 105 115
4 14 24 5 15 25 6 16 26
14 24 34 15 25 35 16 26 36
5 15 25 6 16 26 7 17 27
82 92 102 83 93 103 84 94 104
6 16 26 7 17 27 8 18 28
43 53 63 44 54 64 45 55 65
25 35 45 26 36 46 27 37 47
57 67 77 58 68 78 59 69 79
82 92 102 83 93 103 84 94 104
6 16 26 7 17 27 8 18 28
57 67 77 58 68 78 59 69 79
85 95 105 86 96 106 87 97 107
55 65 75 56 66 76 57 67 77
34 44 54 35 45 55 36 46 56
37 47 57 38 48 58 39 49 59
10 20 30 11 21 31 12 22 32
97 107 117 98 108 118 99 109 119
101 111 121 102 112 122 103 113 123
93 103 113 94 104 114 95 105 115
55 65 75 56 66 76 57 67 77
27 37 47 28 38 48 29 39 49
83 93 103 84 94 104 85 95 105
46 56 66 47 57 67 48 58 68
37 47 57 38 48 58 39 49 59
86 96 106 87 97 107 88 98 108
105 115 125 106 116 126 107 117 127
43 53 63 44 54 64 45 55 65
87 97 107 88 98 108 89 99 109
11 21 31 12 22 32 13 23 33
85 95 105 86 96 106 87 97 107
94 104 114 95 105 115 96 106 116
94 104 114 95 105 115 96 106 116
106 116 126 107 117 127 108 118 128
96 106 116 97 107 117 98 108 118
34 44 54 35 45 55 36 46 56
55 65 75 56 66 76 57 67 77
91 101 111 92 102 112 93 103 113
12 22 32 13 23 33 14 24 34
16 26 36 17 27 37 18 28 38
7 17 27 8 18 28 9 19 29
87 97 107 88 98 108 89 99 109
41 51 61 42 52 62 43 53 63
