377.764
589.666
436.223
606.115
497.407
598.104
606.657
605.324
439.874
606.607
606.464
221.585
607.16
587.04
130.039
205.483
426.082
160.851
606.36
606.28
606.135
609.467
349.479
604.9
605.986
616.241
607.563
435.453
606.287
528.989
354.16
607.296
606.284
606.324
606.416
579.885
421.226
393.651
161.686
607.738
330.616
553.227
606.703
605.964
260.239
606.68
606.714
606.222
424.394
606.456
150.792
430.208
433.815
500.302
326.825
606.12
543.442
604.866
606.59
606.57
606.715
481.353
512.936
606.178
606
523.079
606.232
606.674
606.706
554.748
350.258
606.094
556.372
606.193
444.263
419.45
606.456
482.754
606.4
607.044
606.149
606.164
606.454
606.695
606.381
606.211
606.466
605.805
540.542
595.408
606.66
567.041
605.649
186.782
606.738
380.784
535.838
606.513
507.226
564.858
351.312
607.441
606.213
569.805
606.579
512.621
529.908
448.951
606.041
606.458
605.725
606.428
313.493
606.211
606.805
526.396
606.159
606.754
512.743
437.743
596.254
591.605
606.587
399.221
446.042
605.404
602.668
606.53
606.69
610.358
454.728
202.461
440.499
563.977
606.286
494.874
639.745
594.324
265.626
489.066
609.504
606.22
431.562
124.507
546.772
585.907
606.341
365.693
607.33
594.365
596.836
607.422
606.454
404.82
603.738
439.679
369.605
275.311
606.473
489.346
607.023
602.46
606.437
301.783
608.361
344.542
606.541
607.365
308.253
605.678
606.073
606.146
607.222
607.95
587.594
606.44
389.282
542.736
544.556
605.905
606.914
553.56
524.662
440.416
606.199
606.312
605.311
606.506
512.392
305.035
236.837
606.186
401.049
605.788
188.703
552.374
605.962
606.059
111.21
396.943
332.091
606.596
606.504
606.189
272.196
606.663
605.312
207.592
606.608
606.09
222.607
606.341
605.74
583.669
555.647
568.484
361.295
605.647
605.982
342.185
606.809
550.763
607.074
605.747
527.46
606.3
496.913
579.721
458.239
161.85
538.053
607.47
293.547
601.803
218.32
608.714
283.974
605.774
605.89
418.213
606.289
591.154
405.641
290.393
539.286
606.372
605.246
606.742
368.829
545.314
605.68
362.855
465.035
273.976
606.599
510.916
606.53
604.952
606.472
164.224
485.905
606.464
606.971
604.358
606.266
606.389
571.052
444.986
607.044
586.273
606.004
562.871
606.296
409.665
606.415
469.086
412.888
606.602
606.179
605.691
608.387
606.205
574.658
608.097
571.696
607.303
300.861
606.458
384.56
608.829
606.563
606.13
602.054
606.891
606.646
564.372
607.512
382.825
604.893
365.947
552.522
607.389
605.696
475.292
600.544
606.428
606.804
606.374
605.83
606.288
377.144
195.178
544.686
605.608
606.216
606.751
459.14
606.646
606.798
577.511
606.317
437.278
605.649
606.78
606.404
131.831
606.726
600.899
591.598
606.677
605.41
240.154
379.621
355.086
481.871
606.947
315.142
287.766
579.683
587.197
513.372
507.058
236.588
567.183
496.882
606.084
599.846
325.049
313.503
601.712
545.961
606.596
605.136
152.297
605.873
505.53
610.141
476.066
606.133
607.278
606.352
418.428
408.985
484.227
321.904
605.682
609.63
606.529
537.513
604.06
606.536
317.406
535.263
469.986
595.577
311.95
605.959
506.278
606.152
550.25
358.934
604.51
606.274
606.353
606.471
606.79
253.066
270.539
606.519
606.7
478.08
606.353
296.096
150.014
606.264
606.218
606.244
606.478
577.968
607.079
283.821
605.629
607.768
548.036
606.061
606.327
236.45
606.287
606.099
589.902
606.521
606.155
606.015
179.02
606.252
588.454
606.241
606.162
435.77
604.352
606.629
435.575
560.765
491.877
610.522
606.432
606.332
606.741
481.514
604.026
603.926
615.149
606.439
602.623
606.528
542.33
606.934
605.948
607.049
606.721
606.301
245.263
493.009
511.201
606.548
326.3
362.529
507.771
605.602
360.772
553.051
606.861
604.583
606.79
532.09
589.481
597.992
606.942
606.687
607.717
410.981
605.833
356.844
605.771
536.077
606.118
472.914
504.331
605.86
578.723
607.024
539.945
606.343
605.791
606.49
606.788
606.742
585.799
606.531
606.013
505.061
605.673
606.571
476.762
606.548
606.97
606.871
545.286
606.307
606.024
606.717
288.315
606.453
606.485
529.31
315.425
605.974
606.484
606.279
244.784
605.534
606.947
606.27
358.298
606.826
312.609
606.238
148.926
606.241
606.433
264.181
477.986
457.484
605.904
409.215
606.381
564.029
448.59
605.629
316.812
607.402
506.494
606.386
606.488
409.752
521.479
606.003
210.494
432.94
405.035
605.983
606.227
417.976
606.748
606.179
348.546
561.038
606.14
605.177
498.431
566.052
606.71
418.848
458.123
605.948
606.259
551.19
321.382
606.91
606.233
606.432
606.354
606.233
606.326
605.641
605.952
530.612
606.315
412.351
201.343
607.015
523.288
606.404
606.063
607.259
606.3
562.79
117.606
587.8
434.086
252.991
607.112
606.209
606.389
606.571
606.598
606.216
606.366
536
171.888
411.724
598.861
606.259
606.185
207.987
606.246
603.156
311.301
605.944
428.778
606.01
347.057
606.416
598.576
501.776
556.888
606.326
606.314
555.845
606.473
595.206
606.638
568.026
164.102
606.318
606.441
606.364
597.546
319.674
499.335
561.203
581.201
606.584
535.89
541.834
247.277
602.94
606.106
606.336
606.713
607.058
606.324
605.36
606.527
522.292
606.36
325.139
606.607
606.561
527.885
505.132
605.581
606.768
605.595
89.6588
564.138
513.799
606.154
606.728
462.27
606.508
606.78
606.597
386.389
503.128
606.777
606.239
308.787
486.581
411.793
508.993
535.761
487.002
607.117
426.058
558.003
606.472
606.637
606.491
606.596
606.754
606.853
325.979
452.743
455.877
607.088
606.561
593.679
513.453
606.284
606.718
606.353
565.851
605.628
512.523
534.047
427.291
421.639
479.459
606.301
561.49
486.247
605.853
606.69
573.099
606.212
606.699
606.376
120.011
482.702
529.374
606.167
606.477
606.568
394.709
607.067
444.847
183.999
564.193
604.429
589.053
606.202
606.434
400.362
315.946
551.512
605.902
606.454
606.226
597.091
606.631
607.216
605.512
174.685
606.827
613.205
605.694
605.44
606.351
606.151
605.702
606.374
583.085
606.597
606.262
606.631
606.033
606.455
357.208
607.174
606.707
597.933
125.515
571.49
487.472
605.584
552.42
510.912
606.305
439.502
606.366
339.198
607.216
419.653
606.798
425.658
606.867
605.826
182.39
596.346
606.376
372.954
184.268
349.306
504.435
606.285
606.316
462.446
575.753
249.505
607.101
606.139
553.916
606.412
404.679
317.158
583.362
605.759
606.293
324.468
307.738
426.283
600.499
583.276
606.738
606.274
607.139
606.163
606.471
606.554
460.067
554.424
605.837
606.794
606.521
294.158
606.156
606.273
606.354
606.956
606.482
607.082
608.085
606.045
417.459
351.986
605.812
607.268
606.008
589.733
607.132
445.657
606.562
606.641
440.049
400.935
606.635
606.931
183.328
591.514
517.902
558.294
605.869
420.159
606.877
424.558
522.411
606.619
606.478
605.424
576.548
606.006
484.362
606.358
606.725
416.168
603.49
236.157
229.549
606.505
606.459
483.219
450.035
606.754
347.87
574.543
184.714
514.869
245.414
601.318
604.371
606.422
605.568
539.436
417.927
606.312
600.315
606.629
552.254
388.561
366.466
606.635
606.361
481.578
605.865
606.564
606.149
606.372
606.265
538.406
606.126
475.515
520.645
570.862
406.087
606.334
128.006
608.22
225.217
605.988
606.553
605.897
565.16
363.48
359.544
606.185
356.309
605.84
605.857
591.067
605.816
606.754
488.852
533.061
576.945
605.651
596.151
518.844
361.154
605.528
605.966
606.425
301.883
605.944
355.418
606.729
606.187
564.621
606.96
606.767
566.331
532.009
503.259
606.501
608.573
103.11
607.394
289.573
605.622
606.709
606.507
606.646
606.219
547.29
429.91
159.363
478.282
606.583
325.787
605.548
606.254
606.268
606.93
605.772
604.618
606.571
606.433
401.543
600.146
520.908
605.921
371.976
605.834
241.069
433.183
556.843
604.227
606.613
350.675
606.364
605.809
547.214
573.999
603.348
322.679
603.846
262.24
606.356
397.081
606.108
606.281
380.153
606.463
600.239
606.245
606.628
606.354
506.9
606.294
334.758
537.117
467.822
606.587
586.65
606.224
387.991
535.397
321.935
606.666
460.305
451.911
461.352
606.064
606.752
599.767
505.894
606.689
436.964
606.373
606.96
449.581
558.03
606.345
276.636
606.181
606.716
606.974
324.045
369.852
606.457
606.311
606.428
630.953
579.073
606.441
603.267
487.86
606.824
606.875
553.505
605.928
513.698
606.321
497.203
573.169
439.805
462.39
614.11
605.491
606.007
593.356
608.371
607.145
606.408
607.8
444.037
605.713
497.319
356.866
463.752
606.607
311.378
606.591
606.272
606.263
570.047
606.866
606.786
465.035
606.697
606.376
606.678
178.066
396.198
287.413
606.477
606.688
495.758
607.382
536.795
605.583
556.177
606.42
590.671
607.471
120.309
606.409
415.609
505.886
297.987
563.225
606.703
473.977
579.954
441.151
504.449
502.947
462.679
378.443
246.813
555.013
606.37
598.132
606.066
605.02
605.841
386.037
498.604
260.334
588.652
544.235
605.961
501.9
606.272
606.501
606.241
480.639
606.103
606.824
273.06
370.853
377.592
482.715
606.049
606.514
606.471
606.435
606.722
605.972
606.495
606.432
606.256
605.716
586.991
606.464
607.014
606
606.375
606.402
606.121
605.71
606.506
572.217
541.205
460.725
607.49
611.01
606.575
491.804
606.811
603.784
463.361
606.368
606.383
285.03
606.539
526.444
604.945
607.097
606.211
420.183
606.623
606.654
570.768
606.258
308.463
169.644
606.38
365.348
286.517
415.023
470.189
131.317
243.846
580.824
406.43
561.177
606.575
604.712
525.031
481.23
606.984
565.176
606.328
605.783
376.178
481.171
554.013
606.72
424.889
607.071
372.912
606.381
458.902
498.674
478.318
606.605
330.984
606.641
470.64
605.89
606.458
606.433
366.181
606.407
472.112
463.498
551.815
513.458
285.757
284.17
606.693
604.915
607.053
597.992
606.583
452.515
592.671
407.184
606.257
524.528
606.398
606.218
606.737
570.529
254.035
606.31
606.258
606.186
402.682
606.191
606.261
606.266
607.2
341.15
606.308
370.602
375.238
606.68
608.366
548.001
566.967
604.514
606.635
605.948
224.667
499.592
303.886
451.911
605.754
606.326
606.791
606.553
591.062
525.102
550.664
425.4
429.606
597.078
606.485
605.885
561.819
606.954
605.952
606.638
605.744
147.474
605.682
106.057
528.213
600.256
606.148
581.326
607.287
606.03
578.263
438.757
606.256
605.861
269.443
606.21
606.62
607.032
459.638
501.894
606.302
605.628
156.088
606.158
555.693
605.85
606.028
606.603
606.873
460.588
606.038
606.601
606.342
582.404
566.707
607.699
506.359
329.39
606.162
179.004
606.721
606.425
599.641
322.327
298.922
167.001
606.71
591.353
605.28
570.368
604.157
606.422
380.066
581.986
605.786
370.392
605.454
580.127
558.759
606.36
606.259
240.207
456.921
657.732
442.737
606.607
594.509
606.721
606.275
606.854
543.047
600.132
537.219
606.04
475.98
529.607
457.729
454.907
407.356
535.027
508.535
606.475
607.28
605.78
372.038
162.345
606.57
606.907
606.571
606.119
325.456
605.926
237.005
330.863
606.601
605.316
363.529
605.092
230.751
605.334
606.488
606.431
556.885
606.112
606.271
535.51
606.484
597.995
605.93
605.599
606.811
606.117
606.836
608.875
605.984
108.216
606.618
583.837
240.918
558.56
601.639
606.411
606.427
595.178
459.907
607.768
606.084
423.429
295.369
606.967
566.389
607.139
606.315
605.991
202.932
606.387
606.076
444.884
586.25
441.957
609.848
575.397
606.195
606.989
461.306
606.317
586.043
332.67
606.897
607.669
607.313
606.237
605.807
167.239
606.627
281.448
400.435
306.012
600.956
362.506
606.737
596.314
403.065
606.427
606.097
606.654
605.968
557.617
604.525
555.214
482.387
569.401
245.567
595.931
398.947
610.318
297.241
416.039
606.172
606.101
606.112
533.582
607.247
607.95
606.142
606.224
389.408
606.745
605.587
606.513
606.134
288.444
605.934
606.654
606.621
606.79
605.727
606.296
606.385
347.08
541.462
596.69
580.613
606.232
605.892
284.558
476.15
569.851
606.293
604.365
454.135
606.056
281.961
590.004
396.496
247.349
186.424
253.214
604.045
606.991
239.488
606.539
387.84
606.69
575.188
606.494
606.304
583.369
601.843
444.562
606.147
604.255
606.023
604.134
280.199
606.361
531.124
606.205
468.21
606.901
606.482
606.859
605.975
217.645
606.547
606.5
412.063
605.393
605.78
400.297
302.407
459.405
607.234
391.552
407.857
172.055
606.579
510.78
606.268
597.018
597.198
601.451
605.804
302.216
401.941
553.06
596.27
576.03
557.554
607.163
406.594
606.646
605.992
606.571
222.867
606.534
458.06
491.84
606.139
409.225
606.755
484.775
606.419
606.872
500.53
606.155
606.457
545.318
365.809
270.977
606.178
598.685
266.205
605.944
608.456
387.727
606.615
605.889
607.202
313.344
513.036
168.118
606.36
606.157
606.23
607.667
608.008
393.982
606.699
533.085
593.602
593.03
606.166
463.602
604.995
322.126
441.93
605.789
606.415
557.603
606.035
604.833
365.725
606.878
606.751
606.317
606.378
607.712
204.746
606.255
472.238
606.404
607.529
602.054
605.998
656.77
407.555
610.056
605.603
606.196
169.316
606.339
316.161
399.337
606.362
468.189
581.858
606.751
606.265
491.169
263.286
601.73
606.767
606.645
605.943
606.348
512.542
432.575
606.216
607.187
606.041
606.177
544.533
535.85
466.255
605.841
605.907
407.957
448.094
606.573
596.957
334.234
587.584
606.485
528.952
606.313
606.289
236.764
605.676
606.339
606.38
606.6
589.884
606.001
605.814
605.923
606.338
316.634
606.799
376.953
606.594
355.493
606.548
386.017
303.538
605.98
241.286
569.614
513.242
606.274
605.848
604.633
249.179
575.254
606.808
337.014
513.363
594.442
606.929
605.649
140.33
605.656
606.363
606.699
380.461
606.111
528.516
607.27
607.216
414.596
606.352
417.54
491.869
605.93
578.284
605.704
132.058
606.774
606.145
605.844
595.131
445.75
423.18
606.282
602.976
366.492
606.585
556.389
605.897
529.45
606.641
490.379
581.465
606.488
581.707
606.829
484.447
605.788
180.945
606.165
420.89
465.053
264.018
254.642
602.734
606.17
568.574
606.347
313.689
557.454
387.53
247.792
606.258
600.452
606.512
582.585
606.585
410.175
606.356
606.019
605.661
606.25
594.055
607.117
364.29
325.703
513.307
325.408
607.368
356.459
325.205
221.799
606.367
606.27
461.877
342.68
604.977
605.976
606.432
606.745
236.279
603.48
217.545
518.898
609.365
606.582
604.521
606.144
603.792
591.451
557.605
606.469
606.699
606.559
606.321
404.497
606.478
606.205
606.706
605.498
606.48
480.318
606.94
348.033
458.402
606.822
607.812
310.907
606.841
606.489
606.586
606.666
606.687
606.175
607.36
554.911
594.044
606.68
393.065
359.099
345.522
342.958
539.206
607.583
606.263
545.209
607.054
416.232
249.235
606.298
606.965
597.697
491.376
606.369
606.294
606.502
446.764
479.659
606.915
240.021
558.892
583.73
606.326
605.148
547.45
134.227
471.761
610.285
606.635
546.882
606.617
606.431
606.081
589.555
556.164
578.474
536.635
581.491
570.636
293.719
591.815
597.517
564.24
606.919
606.571
572.91
250.587
373.938
606.238
114.51
595
520.679
606.303
601.99
431.833
606.408
607.032
565.611
595.969
292.1
606.59
606.092
194.785
496.236
606.248
487.632
485.618
606.445
606.545
443.801
607.141
523.507
388.725
216.008
606.921
322.192
572.961
606.124
605.574
482.985
518.745
606.475
565.954
606.277
583.503
606.293
607.349
610.136
606.37
606.995
585.296
606.165
592.249
398.224
565.172
560.892
566.248
606.526
429.711
153.498
606.765
537.441
397.885
605.75
282.271
606.622
230.713
605.729
585.458
604.95
298.05
606.364
606.155
525.286
601.039
606.377
606.536
605.351
379.695
606.55
606.33
606.159
606.029
192.478
590.769
602.896
605.785
607.042
606.184
412.796
606.381
520.283
606.684
448.587
606.781
606.461
605.39
529.305
606.769
601.877
110.279
531.35
606.336
569.623
504.018
457.036
567.942
606.412
494.724
93.5712
581.719
605.941
411.808
444.609
607.488
493.91
606.222
606.153
606.994
606.565
606.468
219.664
605.719
606.305
607.516
606.622
606.528
606.264
606.905
375.125
606.494
607.211
374.416
187.151
436.9
606.186
577.503
459.751
606.399
606.042
607.576
436.599
606.363
606.751
271.743
597.484
606.106
606.644
606.316
605.847
597.453
606.118
606.871
501.87
606.115
580.966
482.918
366.421
606.942
392.425
579.636
465.753
606.136
589.172
605.342
606.04
606.428
606.651
604.835
478.01
579.176
606.503
348.813
396.4
606.272
606.274
605.463
606.058
358.035
365.373
606.034
238.92
607.748
607.218
577.041
606.388
250.896
421.188
581.129
606.5
606.844
597.785
592.703
574.81
607.178
588.644
167.809
597.34
245.734
605.495
607.072
554.255
375.243
606.091
602.255
438.736
606.202
606.279
552.432
606.352
362.452
578.663
464.423
571.827
408.987
606.563
606.457
111.994
602.801
510.957
606.093
240.693
606.4
446.649
379.185
317.671
373.093
556.064
276.851
362.482
606.278
605.083
566.816
433.009
606.783
234.184
260.193
606.232
435.997
606.526
428.233
606.503
595.397
607.499
572.253
606.189
606.436
606.199
442.619
605.712
586.109
471.773
607.292
552.104
606.708
606.513
470.617
605.713
137.29
606.479
606.935
198.19
606.169
606.254
605.071
412.156
353.629
605.898
603.576
398.002
397.84
370.219
606.391
599.989
606.179
389.13
495.202
605.353
606.63
605.958
606.586
574.04
550.345
606.421
559.782
302.724
606.429
433.142
283.381
607.189
593.642
606.406
606.633
352.598
599.949
605.139
365.87
475.451
474.525
524.114
606.307
605.661
514.773
607.061
602.288
606.353
459.905
434.225
516.389
607.109
605.76
516.299
142.554
606.577
411.166
606.055
604.861
569.334
606.321
607.949
606.681
607.113
429.05
606.404
606.449
410.282
605.38
606.54
606.098
452.795
498.13
181.716
606.86
373.387
455.499
429.111
606.416
607.367
606.209
605.825
513.982
604.983
604.565
606.808
188.742
454.09
606.828
606.077
606.365
606.527
606.549
542.924
156.996
321.472
606.629
606.548
434.16
531.679
422.192
606.183
607.046
330.886
606.312
452.465
342.534
606.239
577.746
606.47
245.709
606.629
391.101
606.995
433.651
547.421
606.008
606.638
606.405
606.771
606.444
593.725
606.333
606.898
538.775
606.9
316.947
606.725
321.304
607.238
602.836
357.528
431.913
509.275
587.91
603.979
606.481
605.12
605.683
605.961
557.36
315.396
563.965
548.323
606.325
312.622
606.097
597.547
606.45
606.307
606.353
605.973
606.958
606.12
392.137
422.132
606.567
541.488
608.143
606.372
453.097
590.729
606.718
466.598
394.058
606.357
416.705
548.699
606.691
606.251
486.155
475.051
339.393
215.923
605.622
606.354
607.043
231.073
292.523
606.705
607.125
557.295
606.339
557.169
606.282
603.725
329.035
606.167
606.318
606.219
396.307
606.329
606.151
334.461
606.913
606.764
593.257
387.691
607.362
282.636
469.897
266.083
452.937
237.024
438.759
454.967
605.184
605.645
605.787
606.374
605.689
606.311
318.849
606.087
606.355
606.142
606.349
606.625
606.403
607.034
553.656
519.679
465.185
405.505
605.3
502.675
500.258
606.455
606.727
604.973
242.366
547.082
215.506
489.401
582.483
606.604
605.937
541.525
606.448
607.18
576.595
489.787
605.801
503.567
298.817
606.677
217.8
605.538
606.3
606.848
605.388
223.987
606.129
605.859
605.517
605.317
606.039
606.76
430.988
606.386
606.209
606.701
606.549
322.768
607.176
606.242
524.774
606.321
606.46
492.86
605.505
541.484
555.053
470.517
457.76
446.558
604.298
606.415
606.436
582.616
605.856
484.276
588.322
606.284
606.472
440.438
574.622
347.344
606.354
607.742
606.358
380.945
606.743
163.454
563.895
606.215
602.784
533.933
606.135
400.917
466.837
478.174
538.196
607.9
606.71
165.222
606.502
606.19
604.316
575.075
389.699
606.32
607.052
582.331
606.294
417.942
605.88
606.073
416.901
606.073
586.429
606.57
606.195
606.312
281.134
351.242
414.779
190.078
605.934
597.672
404.006
353.017
523.218
464.571
606.233
585.623
606.784
606.309
606.589
392.744
605.361
433.988
606.553
606.265
581.701
606.945
606.968
606.486
400.11
606.279
606.542
606.605
358.981
549.271
235.401
606.735
606.676
606.376
606.428
606.348
606.534
549.05
606.756
415.211
119.066
606.311
597.477
606.275
607.078
606.702
606.969
605.511
606.12
602.373
549.134
606.143
500.839
606.586
606.713
419.055
519.515
399.949
83.8533
604.214
532.406
480.737
582.706
606.232
607.198
497.493
359.63
377.873
606.525
606.225
507.426
523.234
431.507
606.603
606.171
536.451
487.409
606.173
605.415
606.69
606.15
606.237
407.935
606.399
606.166
605.737
606.449
606.328
482.569
599.804
605.774
606.282
330.828
607.557
606.291
606.263
414.249
605.742
317.528
606.913
606.4
606.812
214.015
395.556
510.336
606.717
525.333
606.139
303.438
606.409
606.026
390.481
606.149
605.743
607.198
605.883
592.727
607.332
275.017
607.786
522.97
596.731
605.656
606.844
606.707
385.674
421.092
576.126
467.858
607.947
606.544
606.421
571.792
306.07
524.05
576.356
606.807
570.988
606.38
495.962
376.193
526.176
338.732
605.872
606.377
606.3
589.673
607.314
200.902
334.713
606.065
373.843
247.83
606.263
584.207
150.693
606.856
406.436
606.616
608.842
605.912
359.009
607.053
598.812
606.823
490.257
806.943
606.09
606.726
481.755
315.18
476.769
604.287
606.76
606.434
606.937
329.493
193.658
594.815
498.706
350.424
394.303
606.118
606.605
554.163
605.83
606.029
567.49
291.077
371.801
606.005
606.811
606.379
264.477
605.918
605.185
519.163
605.891
487.186
602.359
606.526
315.958
606.596
606.52
337.313
603.87
605.769
588.305
510.683
507.721
606.604
606.114
606.128
606.76
591.041
606.17
469.73
374.269
605.68
606.392
304.151
424.661
604.771
603.853
606.574
575.965
606.793
587.676
447.083
604.451
606.557
607.636
606.378
606.913
606.295
605.554
606.393
606.412
344.425
606.186
607.495
239.616
605.252
481.259
606.418
499.41
565.43
605.918
605.799
266.947
390.914
472.493
606.63
605.606
583.034
606.243
526.181
606.023
533.164
519.918
422.886
504.344
606.374
574.197
606.482
606.747
592.839
393.975
606.703
606.097
606.787
605.767
606.069
272.439
606.768
606.141
606.155
591.418
508.985
415.886
606.83
531.369
605.681
382.452
429.58
606.533
311.128
607.369
607.364
606.439
606.188
606.021
535.87
228.649
606.362
606.621
602.391
607.321
539.772
605.705
483.302
606.424
606.483
503.867
196.425
467.657
606.489
606.755
492.215
606.602
606.373
598.513
538.116
607.944
607.584
604.665
472.005
451.24
606.387
358.966
564.455
606.625
598.924
563.876
606.115
392.028
491.706
482.414
607.063
606.348
605.872
501.372
577.5
605.95
400.091
498.665
595.347
486.422
300.674
604.164
434.072
605.879
481.279
488.604
606.218
605.971
606.733
350.15
606.417
471.787
558.947
609.905
589.698
183.254
606.171
500.898
546.327
607.08
606.215
607.216
607.157
606.483
606.752
606.769
171.952
345.923
563.161
500.232
606.675
606.182
570.104
606.09
352.133
397.283
490.891
246.238
583.797
606.341
498.119
254.401
606.724
472.163
301.544
604.756
607.394
606.43
606.949
606.385
606.415
606.242
606.548
298.551
608.463
509.425
606.233
606.828
554.196
599.624
606.293
606.257
261.196
607.573
273.314
606.958
605.56
607.144
592.348
264.631
605.421
379.698
607.263
590.13
325.908
360.35
606.033
475.145
606.181
607.363
592.11
302.862
606.45
605.908
567.623
606.562
606.326
606.34
218.894
606.152
399.465
399.662
393.321
606.741
606.003
288.798
484.162
607.306
604.684
195.193
396.697
606.474
294.458
405.42
325.817
608.902
606.599
478.097
131.65
606.221
606.428
211.309
606.572
607.01
606.421
309.334
531.185
573.673
603.647
606.435
607.172
477.625
606.758
406.777
606.618
252.508
540.903
606.199
605.459
601.867
342.021
607.069
605.86
607.042
606.972
605.946
606.537
417.992
606.277
606.582
605.581
606.243
606.032
489.413
606.565
606.769
612.094
298.113
606.288
263.945
606.501
589.914
585.577
597.478
606.127
366.253
606.737
605.951
606.805
532.821
461.677
463.903
512.488
606.83
606.187
601.256
539.676
576.472
606.582
399.065
606.364
478.714
590.061
364.887
606.388
606.585
606.24
381.647
435.906
389.206
190.192
454.446
547.642
430.691
606.539
606.43
366.5
381.261
604.624
329.369
606.748
606.831
606.198
604.345
593.541
606.389
586.169
606.813
286.007
606.11
606.44
605.431
446.961
606.099
578.651
612.347
605.583
607.386
606.79
607.534
606.778
606.201
370.536
604.446
524.94
141.599
606.529
570.679
606.747
606.136
606.577
607.033
606.191
606.804
607.316
606.223
586.974
606.82
587.06
566.29
548.402
524.085
606.562
606.31
572.332
511.917
606.184
607.453
605.781
607.262
606.657
606.188
598.925
180.518
453.645
514.324
606.382
606.464
289.002
288.991
606.315
453.674
592.965
605.878
605.787
452.096
425.389
533.365
575.27
532.174
606.618
311.511
417.273
445.533
607.194
594.55
606.435
337.626
606.2
83.6235
327.758
412.947
599.851
606.319
226.723
607.387
606.901
530.506
163.741
297.387
606.523
518.459
467.294
437.089
606.087
465.826
494.378
606.414
443.517
606.909
606.385
449.271
583.396
606.101
606.234
576.782
138.186
542.916
540.324
606.581
606.014
532.49
601.87
606.1
495.141
606.305
606.418
297.994
606.221
606.661
606.368
588.795
548.644
606.277
562.509
265.98
462.062
606.237
588.925
528.92
234.569
607.048
565.968
359.101
286.992
606.448
543.861
606.775
280.843
586.336
606.441
606.42
606.878
606.16
606.377
606.323
606.91
603.997
606.442
535.05
605.638
379.871
606.584
610.227
606.413
226.973
490.796
252.866
606.478
537.596
376.073
606.373
230.557
606.535
533.643
607.906
606.333
515.602
605.021
316.351
606.318
606.46
607.056
606.232
582.459
588.942
459.997
591.25
426.559
606.303
606.304
459.495
521.244
596.635
606.827
169.942
307.753
450.026
360.409
606.149
605.933
327.445
606.277
536.529
174.473
280.568
606.909
422.906
606.218
412.634
606.064
606.171
394.359
484.088
525.386
518.259
606.213
581.296
606.57
521.686
608.201
597.347
550.21
226.506
606.157
605.879
606.499
606.161
605.753
206.235
543.681
343.617
606.328
538.127
606.257
545.046
606.413
606.295
607.112
568.042
606.486
453.384
606.356
605.94
275.854
606.371
591.942
562.807
469.783
467.496
339.593
517.183
341.358
390.587
244.49
606.786
599.491
607.49
606.289
265.747
512.56
606.571
251.144
606.784
604.735
606.051
606.568
606.283
606.483
279.273
605.663
605.875
606.452
498.607
510.182
417.474
606.627
606.224
606.657
606.815
606.635
541.159
335.084
357.628
453.618
480.622
606.814
606.318
606.571
591.97
472.28
605.64
580.59
606.599
606.465
606.407
574.557
412.836
606.525
420.223
606.215
605.891
324.13
522.214
606.417
606.171
605.878
605.44
605.93
408.87
606.495
475.249
606.067
257.779
606.7
557.102
606.353
606.382
608.899
588.342
546.7
562.746
606.46
528.476
604.476
607.137
605.41
434.111
606.664
370.215
491.24
443.918
606.414
606.486
606.941
606.083
606.287
469.93
606.023
606.117
606.432
606.599
450.62
258.492
481.676
514.962
606.253
606.382
535.005
534.855
480.056
332.672
606.498
513.864
606.395
606.264
606.754
606.179
313.045
304.794
606.688
606.691
546.09
548.915
493.568
459.523
607.343
604.524
446.796
568.319
487.12
292.726
420.477
492.435
606.318
606.455
237.135
373.62
600.573
606.213
605.917
402.15
583.802
607.135
606.787
608.708
606.46
522.637
388.059
481.362
565.989
606.294
571.346
604.118
164.846
324.47
606.727
378.159
273.202
606.189
350.188
606.884
466.923
606.644
521.146
553.649
606.116
523.253
375.787
606.411
606.085
607.328
570.401
469.464
606.131
278.961
606.08
606.454
589.395
587.637
214.898
607.099
225.162
283.972
605.026
491.178
606.275
604.183
606.707
199.267
606.082
382.322
605.843
406.272
548.796
348.242
603.908
541.124
443.244
606.459
605.575
606.477
566.899
607.271
190.902
597.659
261.652
606.353
541.05
593.626
606.733
521.409
322.921
550.611
186.285
605.698
606.223
606.03
606.535
476.301
496.289
606.591
400.884
605.313
399.174
606.328
151.064
368.703
606.509
606.434
606.231
606.177
605.972
190.521
607.182
606.552
539.576
474.106
606.303
571.567
476.814
606.215
495.453
606.496
606.193
310.886
606.481
595.477
594.233
596.87
606.297
509.347
606.348
418.47
404.801
574.353
605.798
606.672
606.424
605.406
606.182
606.469
391.208
324.698
606.422
503.257
605.974
387.685
606.912
493.449
566.15
606.761
606.917
465.344
309.301
606.363
600.17
588.007
606.515
532.913
357.002
241.184
606.2
394.065
606.379
306.496
606.307
606.329
478.071
606.33
610.261
606.753
523.918
607.23
496.68
599.82
607.911
606.108
439.846
527.344
606.489
599.107
606.111
607.13
603.168
605.668
606.631
329.934
606.392
342.323
476.476
607.668
361.973
419.664
606.772
607.636
605.073
606.008
606.217
604.717
606.952
606.367
606.637
433.707
606.504
606.464
606.509
196.468
167.688
443.856
606.105
187.674
606.599
391.218
415.612
465.068
505.948
606.224
603.371
524.505
575.19
605.912
605.748
614.904
444.075
351.264
277.678
378.205
533.841
605.839
554.105
260.845
606
606.382
232.097
606.375
597.97
599.768
606.118
336.788
606.288
390.484
297.802
607.694
484.594
598.968
604.003
606.155
606.738
607.198
461.332
606.169
507.021
545.331
344.435
605.893
513.188
606.147
606.4
470.672
386.572
527.603
606.323
606.427
538.055
331.825
366.316
607.324
606.29
566.803
443.791
605.883
329.541
604.578
598.183
606.047
606.318
391.173
606.337
603.662
216.293
603.436
606.159
523.231
533.61
609.491
438.691
606.036
606.673
606.209
606.415
607.746
603.979
606.91
495.031
606.073
500.098
605.904
605.755
606.708
438.054
570.45
379.36
607.261
606.416
407.226
420.357
605.977
422.158
590.504
604.702
436.998
291.273
606.991
605.842
605.833
412.282
606.86
602.159
390.062
361.068
606.389
367.725
606.334
605.944
104.547
606.23
595.24
420.502
606.058
606.193
606.4
606.299
605.89
579.285
599.739
607.139
606.819
605.405
431.004
605.714
606.094
606.599
107.307
606.453
609.784
605.994
605.85
588.932
605.708
605.748
481.052
606.077
553.435
502.109
606.133
606.161
606.714
300.202
606.41
563.599
605.72
606.38
532.922
217.901
534.844
606.128
606.551
129.267
605.996
605.475
310.387
540.637
554.709
606.662
606.477
606.957
532.698
605.826
401.643
607.128
605.536
605.516
241.57
420.038
554.362
606.279
606.37
304.421
494.265
371.421
276.87
606.736
483.103
606.506
606.443
378.659
506.395
606.596
386.534
458.932
606.498
388.758
422.268
605.955
566.689
606.649
606.24
604.043
606.077
609.44
475.422
292.301
606.144
423.086
607.082
456.669
606.119
605.846
591.434
606.873
602.424
607.965
468.954
606.575
348.665
306.787
501.58
163.959
586.639
605.969
255.486
605.558
606.479
605.864
366.195
606.938
597.739
607.1
606.217
605.185
562.235
236.405
542.412
360.812
605.434
606.367
606.159
608.901
606.981
604.388
606.378
606.468
606.974
554.849
410.564
398.001
368.882
606.794
607.009
606.042
583.095
505.577
606.257
605.503
195.582
389.029
172.142
454.905
606.334
605.31
606.872
448.542
470.255
445.637
606.357
608.263
634.746
606.212
605.951
426.662
502.65
546.827
522.503
606.41
606.257
606.445
606.846
459.499
418.105
449.862
606.427
471.632
605.789
606.787
607.159
601.361
605.741
606.421
606.169
568.394
252.99
606.575
529.964
609.599
602.177
606.307
607.247
606.309
418.88
606.343
606.444
371.703
607.45
606.456
605.597
606.882
606.779
540.381
606.749
511.41
605.85
514.602
465.318
607.275
557.265
556.045
606.363
607.823
539.75
491.949
606.392
606.477
606.347
606.627
418.233
521.941
435.026
607.78
606.448
601.168
606.28
606.7
606.235
606.223
463.158
606.178
606.417
606.194
606.091
243.688
500.221
606.66
606.289
606.129
542.362
607.025
606.703
605.672
606.035
606.011
606.343
298.438
605.756
455.971
606.627
495.794
605.965
605.707
411.348
350.002
520.664
606.112
605.774
608.827
604.296
479.939
606.421
606.777
166.911
132.591
606.622
551.862
406.195
606.298
606.88
619.158
301.025
606.269
557.329
602.145
606.874
303.716
257.793
606.268
419.591
337.339
361.354
606.779
608.612
606.017
605.934
606.71
606.186
431.439
606.652
548.588
606.46
609.144
605.73
598.952
605.957
572.773
608.552
605.666
606.69
606.658
606.319
606.424
463.645
536.279
606.058
300.671
606.348
602.603
606.417
409.897
580.405
606.437
195.316
149.442
545.739
292.182
304.501
606.202
530.648
606.374
537.786
606.503
346.836
605.095
604.815
606.823
606.845
604.944
472.601
546.475
521.408
606.708
278.2
588.087
606.489
606.072
429.929
502.69
606.55
541.963
606.879
547.191
387.201
564.285
561.911
606.373
360.316
606.119
409.665
302.02
601.605
319.798
606.276
606.242
602.669
445.073
210.833
605.798
606.427
606.499
585.265
503.447
427.361
605.502
607.638
489.419
334.258
606.962
605.91
606.669
606.326
604.463
546.088
605.886
606.823
606.238
197.19
605.174
570.102
605.161
606.986
606.294
327.714
504.001
599.566
607.539
605.398
471.122
606.591
606.346
606.266
434.333
605.999
605.877
504.063
446.165
606.463
606.355
605.783
518.312
234.391
605.739
607.705
607.448
145.45
478.783
606.49
606.628
605.559
552.251
178.584
606.385
606.245
372.652
568.742
574.609
366.293
605.537
606.293
529.278
606.804
538.479
470.889
605.905
229.334
603.788
607.16
606.409
606.409
594.91
606.35
489.78
418.165
357.222
341.828
596.963
606.378
606.118
606.527
207.39
606.421
606.455
327.866
606.507
606.286
606.151
610.722
606.436
606.587
572.922
491.458
548.65
590.003
601.371
607.094
599.563
407.394
338.381
606.699
605.731
412.358
606.371
530.766
605.824
606.822
461.993
577.288
252.328
532.998
456.724
376.591
606.473
605.738
530.961
607.05
572.828
606.363
254.209
331.485
606.453
607.577
606.633
411.074
606.324
606.245
564.368
606.192
606.322
606.608
606.526
494.065
524.958
597.506
606.805
604.785
606.603
245.147
479.447
434.176
606.024
606.252
537.856
596.573
606.864
454.514
606.786
605.918
599.204
213.573
606.463
499.306
364.157
504.073
296.439
606.392
606.139
588.038
605.873
557.65
606.493
606.301
605.812
606.839
606.585
347.556
577.411
606.423
460.629
569.219
379.736
605.997
333.133
348.233
440.489
464.477
605.855
481.285
317.629
606.085
315.271
328.568
375.502
347.107
568.961
433.02
605.488
493.842
279.446
567.653
606.271
428.468
606.368
606.684
606.893
605.994
158.496
550.102
494.494
435.396
605.885
606.383
606.127
456.648
388.271
535.171
606.808
606.214
517.978
606.644
601.389
606.692
501.744
544.666
181.198
605.957
606.732
605.464
606.797
606.096
606.274
606.16
537.017
457.493
593.161
593.675
606.29
605.903
611.212
606.948
606.733
270.159
606.66
606.612
606.239
606.605
522.186
606.6
606.523
606.668
605.892
606.332
241.455
605.89
606.266
210.76
606.049
606.425
607.135
350.522
606.29
606.283
594.504
606.381
121.842
544.402
606.744
300.692
606.088
574.719
446.64
113.628
606.559
606.532
371.301
302.246
606.419
606.214
313.791
407.548
606.921
421.213
483.458
485.515
606.932
364.917
446.033
601.11
579.954
606.468
542.875
606.627
457.196
606.261
606.306
523.189
533.079
606.02
586.492
110.276
606.337
479.833
605.917
500.457
380.402
413.779
606.302
307.337
284.582
560.949
605.808
606.391
606.113
343.464
326.788
360.152
526.572
608.237
606.896
395.17
606.296
415.355
494.267
606.677
606.158
589.306
316.425
540.186
230.356
588.373
505.432
