2.96745
1.79514
1.03763
0.0258001
0.574996
0.810632
0.0852511
0.210043
5.75709
1.52353
0.629584
3.70547
1.0124
2.61098
-1.0
0.590435
0.588917
1.73362
3.2827
2.3023
2.57425
-1.0
0.558512
5.58555
1.14647
5.83695
1.10035
0.338822
3.82683
9.03764
1.06506
2.85354
2.36861
0.414184
2.85266
1.17996
0.472586
0.0463612
0.56564
0.39231
0.0533689
0.0856474
2.2462
0.738821
1.19937
3.47545
0.378507
4.40969
1.36174
0.407457
0.177317
0.802247
2.14707
0.12414
0.0818772
0.373482
0.0764514
1.0793
0.298415
0.177301
1.66188
2.37969
12.5107
2.55017
2.44691
0.624149
0.497943
0.0520045
3.44584
12.3419
6.41298
-1.0
0.754436
6.08803
1.29978
0.618639
3.1976
0.471855
4.50325
0.0762348
0.903382
0.753368
0.998421
0.805137
8.19314
0.287815
4.7928
2.04445
0.257935
0.379228
-1.0
0.254613
0.0456497
-1.0
0.277248
1.09177
3.31943
0.763072
0.22582
0.148481
8.01536
0.530386
0.802451
-1.0
0.229379
7.31733
0.987041
5.63031
0.153246
0.392863
0.157316
1.09985
1.1585
0.244275
0.660392
0.314296
-1.0
-1.0
0.670808
0.391217
0.194759
0.0778492
0.857131
0.105642
3.12501
0.587774
2.16239
0.543433
0.542457
1.38319
1.5571
1.11951
1.72965
0.896165
0.293822
1.3056
0.178112
0.983198
5.21635
0.697948
1.46696
1.86666
0.192122
-1.0
3.18381
0.539301
0.47988
0.134571
1.34743
1.74132
2.09442
1.73718
0.719035
0.0656232
0.419655
1.78759
0.887926
1.6863
0.0358588
0.194875
4.55968
2.20281
5.19225
0.672985
0.758868
0.778217
1.37267
3.70228
7.14116
3.98168
0.0456112
0.151791
1.86453
5.8955
0.297832
1.09766
1.22706
0.242597
0.607759
4.46047
0.319098
0.362236
3.20574
0.605996
0.993967
-1.0
0.73913
2.4993
1.59797
0.0752774
1.34708
0.253408
7.49252
0.699849
0.122688
0.409397
2.67663
3.33601
0.443331
1.81168
0.502768
-1.0
1.95577
4.60804
-1.0
3.22467
1.81428
4.42939
-1.0
0.208232
1.43654
0.93029
-1.0
0.839632
3.97849
1.49377
0.509511
0.517422
9.20504
0.683173
1.04255
0.248078
0.849322
1.09571
2.78148
0.607039
0.337645
1.83077
-1.0
4.12878
1.80122
0.503847
0.0762407
1.69054
0.262592
-1.0
3.05003
3.94926
1.53278
1.79903
1.95191
1.533
0.295543
0.282561
0.206664
1.89036
1.71069
2.17555
2.22841
0.208029
0.402248
3.87635
0.634388
0.0990042
2.75554
5.18231
0.823204
2.36273
0.241987
1.32112
0.829653
2.13728
0.949809
5.39418
1.40488
0.669331
0.389178
2.80555
0.397477
-1.0
0.0890943
0.366661
-1.0
-1.0
2.52562
0.216284
4.24095
6.61322
1.38237
4.32114
4.12952
-1.0
3.13967
0.932091
0.275915
1.38516
1.56543
1.17089
2.38513
-1.0
1.49489
1.59367
3.19258
0.0897913
5.2427
1.43459
6.01372
2.60466
-1.0
1.86585
1.30721
0.887743
7.09183
3.90678
2.22537
2.33984
6.85315
0.507838
0.996687
0.100717
0.332529
5.52065
1.2128
-1.0
0.841103
4.54762
0.727435
0.146155
1.99571
6.58361
1.27973
0.73591
3.3482
3.13144
-1.0
0.182581
1.40987
1.02586
2.66214
1.13145
1.24682
1.18759
0.0397567
-1.0
0.838975
2.27465
-1.0
0.411149
1.10538
5.1632
2.42672
2.82057
2.27846
1.23066
0.0492088
0.144448
0.318718
-1.0
0.0393696
4.22384
0.174443
2.74466
8.25682
0.305684
0.771926
6.73853
5.2331
0.764806
1.00106
-1.0
1.21584
1.76866
0.466381
1.19352
2.44063
1.23291
0.355158
-1.0
2.7742
1.88349
2.3339
0.383091
0.340646
2.48836
2.27799
4.61765
1.86582
3.08744
0.256436
1.88769
2.70117
1.28205
11.9416
0.93104
0.592526
0.572651
2.51656
2.9867
3.20498
0.833232
0.377566
1.35467
0.202644
0.764452
4.78999
0.359389
-1.0
2.03139
0.9981
0.074854
1.72939
7.32074
1.16919
0.495993
3.1097
1.52791
4.14218
0.860889
1.08644
3.19276
0.312187
-1.0
0.642716
1.16108
0.878355
0.107755
0.896516
3.00971
5.85494
0.399173
4.10237
0.89175
5.3953
3.56357
2.58946
2.45647
5.15954
3.06906
5.33049
0.523671
1.06668
3.19513
0.649489
-1.0
0.138395
-1.0
1.29803
0.556833
7.64832
-1.0
0.0674956
5.26195
0.839868
5.22422
2.77486
4.11158
2.03018
-1.0
1.26515
0.210676
0.783842
-1.0
-1.0
3.24592
-1.0
0.367252
1.88656
0.387035
1.32172
1.37906
0.443333
0.791351
0.281408
1.23502
3.00285
-1.0
0.256084
3.83446
1.92435
0.435106
-1.0
0.435167
9.60069
4.74162
-1.0
0.350346
3.82101
1.6173
3.13692
3.83873
1.1447
0.133758
2.55423
2.83572
2.2545
1.37282
0.186008
0.155196
1.73897
-1.0
0.197206
0.367001
5.58607
2.18907
0.11892
0.152731
0.0363249
3.9245
2.08092
0.632839
1.17253
7.71708
1.63048
0.329983
3.09641
0.195815
1.55531
1.76512
0.944561
1.29226
0.0998255
2.52111
0.581465
3.12097
1.34797
0.924113
0.242718
0.383502
-1.0
0.472381
0.327837
5.30364
0.950696
-1.0
0.88744
0.984418
1.45275
0.280089
0.837467
5.3527
0.797497
1.74774
0.0662936
4.65531
3.77222
3.93235
0.504448
1.02989
5.2137
-1.0
2.37706
-1.0
4.85083
0.156101
6.28464
6.68633
0.522971
2.04449
0.361829
1.09089
0.833227
9.4747
3.94762
0.95836
1.92085
0.102048
3.45461
-1.0
1.71981
1.39657
0.789528
2.23039
3.05451
2.28196
0.602026
3.03835
2.04282
5.72556
-1.0
0.278129
2.60614
0.60599
2.24954
5.46668
0.135182
2.42738
1.31813
8.27048
1.25252
0.595748
-1.0
2.78441
1.43967
3.56739
1.19766
0.806977
4.08305
2.03882
1.02508
4.98927
7.46159
0.226577
3.14441
0.731632
0.592662
3.80387
2.9234
0.368735
0.66652
0.398021
-1.0
5.99945
1.44431
4.33891
-1.0
0.458032
0.626523
0.12802
0.0629779
-1.0
0.720893
1.67961
2.29421
2.17975
5.89364
1.11508
2.49489
4.32399
1.0543
1.96934
8.47433
0.140108
2.05427
0.427
0.0540765
0.212105
2.25475
0.919353
0.122999
0.627112
1.70739
0.0898125
0.0983024
1.13835
0.0739452
0.586763
1.23793
3.91554
7.10661
0.173527
1.60811
-1.0
0.0332393
4.61557
0.978605
0.657371
1.36992
-1.0
3.57734
0.139879
1.90122
0.285105
1.16928
3.66829
0.0451604
2.86537
-1.0
1.474
0.267715
0.917945
0.716745
0.498318
9.35682
4.37071
-1.0
1.24811
3.37316
0.26676
2.66438
1.18587
1.49179
1.28557
1.45351
2.56386
1.98112
0.319587
1.65739
1.05839
0.190789
1.57723
0.230431
2.02214
1.90657
-1.0
1.63609
1.26724
0.572271
-1.0
2.41135
0.312752
0.759935
0.258092
0.541797
0.314416
-1.0
1.689
1.02767
2.10483
1.41946
-1.0
1.28755
4.49547
0.179571
0.782217
-1.0
0.266273
0.184565
0.474292
3.40782
-1.0
1.41032
4.09833
1.30394
0.495489
3.54314
0.344037
1.25232
2.67994
1.74937
1.38954
0.536804
0.137129
-1.0
0.19492
0.70197
1.50403
0.0535919
-1.0
5.67808
0.174272
9.60925
2.04518
3.29488
3.52951
0.708051
0.436263
0.881543
0.545447
-1.0
0.219287
0.265335
-1.0
0.395474
0.928246
0.875234
4.0167
6.48839
1.87881
0.132966
1.60768
1.66038
-1.0
3.24848
1.29883
3.38376
2.40395
8.23807
0.929343
-1.0
0.227752
0.636288
5.44227
2.11848
0.202812
1.33828
0.374404
11.7552
2.90373
-1.0
0.116324
1.71954
1.20037
4.15325
0.475696
0.13659
-1.0
1.87911
-1.0
0.156228
3.07231
0.851661
-1.0
0.251839
0.0650271
-1.0
-1.0
1.09328
0.402043
0.648242
0.817353
2.97775
1.38677
-1.0
0.415345
0.190389
0.634189
0.588436
1.67125
0.139925
-1.0
6.15737
1.41407
-1.0
1.29042
1.99963
3.66256
0.57886
0.224895
2.40742
-1.0
0.187231
1.01986
2.41668
0.826401
0.0513218
-1.0
1.45524
2.22388
-1.0
4.89934
0.242843
3.17848
2.29681
0.552318
5.80754
1.31228
9.8355
0.224475
1.06102
-1.0
2.64994
3.49322
0.195352
-1.0
1.81493
1.22531
0.481931
4.3201
4.80512
0.475661
1.15581
0.584456
1.41907
0.107021
0.230791
2.83517
1.34593
0.499799
0.367009
1.07613
0.142922
0.380016
3.35892
2.08319
0.0523852
2.63678
0.0810481
0.569486
0.529452
1.43325
0.0480068
0.789544
0.417106
-1.0
-1.0
1.28711
1.34916
0.0881096
-1.0
0.743494
-1.0
2.30962
5.79887
2.76256
1.39568
0.295292
1.94331
2.85627
2.01791
3.26629
2.46286
-1.0
0.231498
3.08188
5.15462
0.0445851
0.871922
0.112771
2.00413
7.62332
1.73346
-1.0
0.702176
0.634777
6.07515
1.67847
1.92376
1.71145
0.0656766
2.16288
1.96429
0.909903
0.0531267
3.19344
8.49468
0.755729
1.19993
6.01539
0.862818
0.194348
8.13497
1.3614
2.23819
0.532265
1.06949
0.759275
2.24539
-1.0
1.39735
3.20463
0.91992
0.21169
6.60371
1.3094
0.442155
0.175433
0.459536
2.08354
1.19203
0.224502
0.189136
-1.0
0.0300639
0.830181
3.20768
0.398597
-1.0
3.63905
-1.0
2.60367
1.37475
5.92541
2.47618
0.71661
0.855714
0.0601562
-1.0
1.48058
-1.0
7.26169
-1.0
-1.0
-1.0
0.569949
0.35703
0.286666
0.354421
1.83115
2.22995
2.66424
1.38914
-1.0
0.695127
0.340568
0.856836
3.76428
0.782538
1.35632
1.24487
2.46264
0.0456107
3.85144
0.854636
0.299324
2.5897
1.17819
0.133274
0.52907
2.37073
0.22683
1.17396
-1.0
0.952089
4.46307
0.571077
1.00155
6.9785
3.44248
20.1435
2.13026
2.74788
0.249844
0.577051
-1.0
2.58145
3.0942
1.62001
1.26115
4.31645
0.217417
2.18408
2.40352
-1.0
-1.0
3.81439
5.84301
0.248999
2.86745
2.15957
0.885261
0.668868
0.606547
6.23779
0.0834004
1.51743
0.790478
0.14061
1.22955
0.80138
2.14059
0.405788
0.621346
4.17843
3.91919
0.253887
0.802405
0.0903692
0.413345
0.924399
1.27513
1.05233
2.50054
0.0755973
0.828515
2.52858
1.70784
1.91504
0.153261
-1.0
0.646903
1.21233
1.84143
0.0624566
0.238173
3.79247
1.05012
3.30947
0.0305474
0.85409
1.74428
2.15069
3.01113
2.32509
5.19594
1.99701
0.71084
0.156494
0.717704
1.12478
2.73383
2.44685
0.25573
3.46154
0.125484
-1.0
2.28704
2.0037
5.98632
1.75907
0.990415
0.0871975
1.54207
0.491567
0.841109
0.957549
-1.0
0.86095
0.0811232
1.86207
0.19089
4.95236
1.99091
0.645559
9.15266
-1.0
5.55556
0.902496
0.426636
1.00159
0.25715
1.27178
0.811733
5.96759
2.32942
3.86398
3.13473
2.18515
0.424451
1.98481
-1.0
-1.0
0.238648
0.114701
0.162709
-1.0
-1.0
0.0796852
1.77208
4.12932
-1.0
1.11542
0.420576
0.332976
-1.0
3.64254
1.14768
2.40441
5.93913
0.164975
0.952708
0.0523581
0.689034
5.59746
5.22251
1.30738
2.42205
1.85397
0.328585
3.0532
0.16422
2.32157
0.979061
0.490796
7.7438
0.28185
0.44179
-1.0
0.978614
-1.0
1.4526
2.35054
2.12058
0.189321
-1.0
0.948241
0.626034
0.238164
1.26946
0.42348
6.14018
-1.0
0.0756502
2.23416
0.408385
-1.0
0.273264
0.101615
2.84489
2.49767
2.40063
5.17387
0.762485
1.85145
4.60903
0.324303
0.131192
0.0364157
2.37205
0.962112
0.355763
-1.0
1.78941
0.34617
0.170326
0.101992
1.23742
4.07031
-1.0
4.92395
1.20067
5.16622
-1.0
0.0469166
0.0728017
2.64031
2.74622
0.599071
0.559431
0.622914
1.87781
0.12172
2.68499
0.16325
1.12803
0.302782
4.53516
3.84144
1.44749
2.45041
0.911243
-1.0
1.9417
0.812979
1.38226
2.06615
2.69163
0.230888
0.366585
0.393704
0.508864
0.437347
1.26401
-1.0
1.87914
4.09453
0.301621
1.75597
1.4562
4.5626
1.05194
0.720645
0.0607879
0.290391
1.56563
2.62498
3.09139
0.585948
0.600442
6.1386
0.260499
0.561968
1.82625
-1.0
0.712091
0.468711
1.89014
1.54092
-1.0
-1.0
5.84365
8.88749
0.708414
0.307055
3.95066
0.532987
2.08685
1.17091
1.4943
0.835247
4.36946
0.650704
1.0621
1.23198
0.731719
0.209374
4.49943
4.4524
2.07153
1.54502
2.25127
0.677222
-1.0
0.0827012
1.90419
0.886925
4.4144
8.95308
0.058958
0.292355
3.20749
2.50838
0.398516
3.06578
-1.0
2.40458
1.10151
1.63142
3.70103
0.43053
3.70839
1.1303
1.56248
1.14207
4.56269
-1.0
15.6221
2.59247
6.58051
2.34416
4.897
0.125854
0.498627
1.1674
2.08797
1.34393
3.6763
0.0449335
3.9064
0.345643
-1.0
2.71572
-1.0
3.23103
0.766723
1.63556
0.972193
1.53966
-1.0
1.23318
3.71557
2.0184
4.30505
-1.0
3.60031
6.19044
0.457068
0.861383
0.0597922
2.83477
4.85287
3.54957
2.05879
0.164304
0.458084
0.388808
3.09307
0.239023
3.45846
1.79525
0.483972
0.300703
2.92808
0.102703
0.63259
0.984511
0.0363623
1.40687
0.330913
0.336263
0.455562
0.794609
2.40457
5.0565
2.14641
3.44786
0.858592
0.190775
3.08778
0.500544
-1.0
1.35603
1.05968
7.10008
3.21406
1.94246
0.47986
0.306703
1.2017
0.687584
1.17169
0.322023
3.50284
0.113536
0.419049
2.98152
1.82999
0.23814
1.53951
-1.0
1.58806
1.30022
1.2176
0.205361
0.873841
-1.0
-1.0
0.363182
2.08459
-1.0
2.74205
7.73875
0.162422
0.0910741
1.42989
3.87317
2.54921
-1.0
6.28391
4.13217
-1.0
4.11928
0.807172
0.768216
-1.0
0.77363
0.322753
1.32368
0.0845613
0.169733
0.730847
1.24866
1.40092
0.378644
3.46396
0.341127
2.87621
2.04212
0.480236
3.43329
11.736
0.832062
0.568175
2.67292
0.316168
-1.0
2.20698
1.40402
3.35424
1.40736
0.420695
0.3638
3.10818
15.2859
0.429803
0.757151
1.57863
0.443447
0.779518
0.867648
0.316407
0.456885
7.07505
0.0648854
1.32926
2.52973
1.31866
1.64592
1.50583
2.45768
4.48571
0.236156
0.147086
-1.0
4.94341
11.0113
0.412165
0.234684
0.289846
3.35532
3.50713
3.10453
7.04997
3.63919
1.15865
1.44374
4.66801
-1.0
3.84932
2.19565
-1.0
1.6879
0.659931
1.19206
2.19349
2.29354
0.180727
0.191969
0.236759
1.61021
1.16072
0.209014
-1.0
0.581483
4.06243
0.07729
3.86038
0.662764
1.19845
1.31181
1.30061
1.45018
0.519314
7.59705
2.87232
0.852485
-1.0
0.529997
3.37386
0.0904404
0.211961
3.04725
0.996898
5.93472
5.295
0.100225
2.05941
1.08115
2.70437
0.178845
0.693954
2.08973
1.52563
0.448675
0.484454
2.63618
0.0266281
0.434898
0.637052
1.84447
-1.0
4.38386
-1.0
0.842803
8.7898
0.111624
1.14048
0.845728
0.397181
4.2601
0.963057
-1.0
3.93952
4.33722
1.07865
3.18246
5.25396
-1.0
0.0933885
2.19144
0.11421
3.54899
0.321269
1.33285
6.04844
1.09228
0.885622
0.850003
2.11492
2.28567
2.80618
0.16727
4.10273
0.565488
1.14202
3.96476
3.13525
-1.0
-1.0
0.211628
0.2475
3.6473
1.45873
1.80952
3.27937
3.25514
4.22858
0.153883
0.118582
2.67541
-1.0
0.201783
1.84814
2.48023
0.111541
0.365327
1.32294
2.38166
0.722768
1.99653
0.743373
0.12265
0.488057
1.37283
2.78738
0.694532
1.49806
2.22773
1.33273
0.92532
0.165686
1.10608
8.06125
0.426751
0.70569
2.35786
4.71012
4.29217
-1.0
2.43081
5.13157
0.0872606
1.08094
1.99573
0.0723721
1.6369
1.10075
2.23948
0.246949
2.38003
0.732107
2.13856
0.0673999
1.16915
0.214636
8.30674
3.73867
1.60614
2.36581
0.0390552
3.08976
0.486521
2.79896
8.16218
0.8411
0.425051
0.364679
0.183673
0.805782
-1.0
1.6417
1.42894
1.29103
0.133733
0.428646
2.59559
0.048219
3.37567
2.24947
-1.0
1.16438
1.27511
1.34544
0.614429
0.331746
0.391344
0.493659
1.40078
9.93569
0.269505
0.60173
0.876975
0.238485
1.96549
1.62545
-1.0
0.164436
2.18542
-1.0
0.347386
0.141427
2.97494
1.38529
3.76854
0.116086
0.997099
-1.0
-1.0
0.31481
0.411591
0.365541
3.48795
-1.0
4.50001
4.51438
3.02048
1.18742
0.990522
0.459791
2.69798
0.689182
0.446927
0.174703
0.037847
10.9865
1.62394
1.94621
0.0745587
0.980368
1.01884
9.51552
3.62495
0.100523
0.680539
2.85111
0.295821
1.78317
0.0800679
1.70473
1.12886
1.14483
6.55719
-1.0
2.67464
0.830456
0.823058
3.60382
1.19381
0.104873
1.58392
1.32554
3.91622
4.75169
0.33331
9.03945
0.760668
1.49435
5.06303
2.77845
0.25801
6.90112
2.07921
1.23445
-1.0
0.505901
2.64115
1.80524
-1.0
1.68844
2.6771
-1.0
0.838898
0.344025
3.7781
0.48095
0.866764
0.575878
0.0659059
0.116454
0.747088
0.617054
0.407357
-1.0
0.838716
1.60602
0.181996
4.26492
0.253059
1.17507
0.826295
1.5291
0.732455
5.88998
2.32924
1.8991
2.55939
-1.0
0.515054
0.638784
2.49571
1.80183
0.538177
0.113429
0.328666
4.41037
-1.0
10.9446
2.99389
0.985363
8.36977
8.20599
3.30954
0.981452
0.560935
1.14255
1.36258
-1.0
0.692274
0.342116
3.35792
0.605163
0.694421
0.239554
0.0708482
0.110979
-1.0
4.89515
0.119066
-1.0
3.27678
7.64902
0.13896
4.05972
0.150601
0.293972
0.511801
3.16296
0.38962
0.268681
0.0406793
3.89798
5.90002
2.25575
0.436048
0.834559
0.690838
0.28926
5.82006
0.495514
0.260961
0.544663
0.528578
2.86677
0.414973
3.36547
1.24553
1.92478
0.481418
1.4693
3.49889
3.65924
0.433185
10.7076
0.206788
0.153648
-1.0
2.24956
4.26705
0.131578
0.8679
0.412226
5.36669
2.74323
0.141581
0.151295
0.274494
1.83426
5.46784
1.53157
0.167115
-1.0
-1.0
1.29658
6.94531
4.0743
2.17812
0.388128
0.175163
6.76848
2.55396
3.05221
0.327083
0.840619
0.18575
-1.0
0.201358
2.48677
0.217119
2.42267
2.65607
0.0956661
0.192452
1.10089
0.834666
6.04496
1.83366
1.22336
0.923219
0.186672
0.295029
-1.0
3.25148
-1.0
2.27164
-1.0
2.26371
0.757818
1.31462
-1.0
0.158131
0.129681
3.05518
-1.0
1.27871
0.270532
0.392979
1.85764
1.26208
0.157934
2.85966
1.45481
2.58285
-1.0
0.412577
2.74836
10.6592
2.79751
4.06808
-1.0
0.306842
1.78907
1.35258
2.50932
1.51652
2.31763
-1.0
1.04296
0.472591
3.48681
4.76384
0.0649407
0.733229
2.71129
2.7921
0.847355
1.68061
4.94909
8.53048
2.0562
1.31503
0.0514971
3.38586
0.259662
0.141252
4.35711
3.0599
0.248599
8.50125
1.80498
0.292851
1.33746
0.363428
0.686196
2.95156
-1.0
1.84752
2.00389
-1.0
0.0878955
2.09576
0.811793
-1.0
-1.0
0.172661
3.86837
6.0005
0.902657
0.0573444
-1.0
0.456674
12.3097
2.98475
3.35495
1.63991
2.34182
5.58067
0.844456
0.992828
-1.0
2.15377
9.4355
9.3391
3.73352
0.725287
