309.692
81.2563
65.4964
232.43
422.233
254.448
243.904
371.649
74.5453
166.783
337.774
342.406
328.673
113.275
262.703
45.0021
202.007
241.436
311.92
368.239
48.236
149.846
230.737
316.793
414.778
361.114
395.092
255.397
394.539
304.594
336.068
270.996
291.384
244.664
277.404
242.357
101.342
349.073
81.8179
308.819
228.107
104.742
57.5785
105.276
415.619
287.611
377.576
260.799
52.7461
74.8892
167.008
364.701
197.513
434.056
371.848
413.496
248.062
335.503
129.475
413.381
341.569
271.807
92.9945
431.502
309.094
271.448
429.446
267.411
291.059
254.431
429.44
132.652
228.528
334.668
390.137
226.679
357.226
322.425
326.828
227.334
349.438
359.977
137.632
219.686
44.6164
425.278
371.293
238.531
386.772
333.503
101.56
313.31
412.519
203.443
332.647
288.672
290.165
315.562
364
417.512
264.018
365.569
105.252
338.207
255.995
81.9266
371.607
390.779
226.364
303.453
303.432
257.018
394.793
310.111
56.2844
140.918
324.647
356.15
432.123
342.286
298.875
244.502
43.4509
168.216
334.6
233.829
407.428
207.291
246.142
327.26
279.678
61.7588
100.72
256.921
245.963
270.255
398.304
411.381
389.638
275.053
329.903
235.643
283.774
134.79
404.167
244.651
303.539
357.413
328.007
223.708
321.95
155.464
241.78
92.6694
272.673
430.845
354.169
401.017
387.231
402.39
102.783
383.899
417.307
418.601
249.31
268.47
36.1433
108.804
399.714
402.89
344.049
386.166
346.237
375.855
375.867
333.228
257.218
344.858
66.3985
252.68
166.693
174.767
260.957
273.532
99.2345
251.402
185.167
206.582
106.606
50.7105
202.433
348.026
309.25
339.394
260.511
41.1071
146.976
349.075
390.922
232.623
291.059
408.841
79.745
380.349
283.133
429.228
431.16
359.274
378.526
237.912
360.119
141.741
213.767
312.657
350.671
121.281
269.297
224.808
48.8535
397.548
372.991
202.013
332.349
267.176
222.076
322.637
73.7684
65.686
397.596
189.342
390.999
358.713
390.666
383.322
235.316
134.855
359.369
158.448
398.732
412.281
279.518
429.372
385.524
279.648
65.0742
306.41
308.333
108.701
255.409
305.366
384.413
416.855
342.181
94.3937
192.279
232.543
184.106
391.735
232.651
286.678
279.53
303.375
289.594
384.069
333.289
119.407
282.28
321.179
292.212
233.083
335.185
415.852
313.772
303.03
150.462
208.006
277.401
397.968
427.518
155.784
189.301
256.441
251.24
261.184
401.631
264.587
82.0525
310.127
371.625
373.369
366.66
256.207
344.191
427.583
31.0301
409.285
392.756
347.946
370.093
320.187
50.5435
97.9595
339.568
366.354
408.026
325.381
38.1873
303.651
350.271
198.714
300.608
427.142
434.147
242.904
279.429
302.422
325.231
297.048
260.582
118.823
30.9035
379.158
340.888
428.76
274.324
338.522
366.303
91.3482
96.1703
337.934
304.861
119.707
207.377
33.8137
304.176
117.574
370.948
210.943
65.0443
232.359
411.067
303.996
262.552
116.243
58.2625
232.325
269.806
398.705
267.99
338.119
137.32
283.65
250.945
403.714
302.914
309.545
280.5
246.308
265.328
193.568
166.758
344.542
271.793
429.234
387.244
189.403
375.602
327.095
386.966
338.394
186.743
327.751
76.5275
399.256
350.373
397.597
236.716
401.503
265.349
261.086
323.802
233.54
253.872
33.2471
132.793
125.712
224.659
338.479
286.859
318.488
340.283
406.976
404.174
135.303
348.982
322.822
269.814
309.643
363.37
68.3041
236.642
405.023
94.8216
216.073
386.599
186.943
324.696
386.666
200.768
401.38
216.862
261.773
333.766
430.483
300.385
114.06
294.565
261.705
414.052
311.273
109.871
303.643
343.361
410.765
132.606
223.335
359.631
278.13
162.325
59.7786
328.307
70.1733
287.477
293.482
320.574
377.504
319.19
143.715
56.7009
271.046
166.631
195.874
151.949
62.8889
299.515
375.541
400.534
319.861
135.726
276.222
206.803
426.519
161.857
183.218
238.338
86.2019
249.698
247.61
334.385
306.205
80.4349
159.731
254.329
432.233
310.214
386.209
322.403
174.796
49.5781
212.045
330.773
248.057
252.52
369.946
354.251
226.688
428.122
143.651
260.004
252.462
138.181
357.746
327.83
318.846
241.119
46.2842
218.364
139.682
335.945
342.52
329.078
422.299
184.901
396.709
292.308
327.809
175.845
347.779
347.614
359.045
341.741
341.258
391.584
222.394
145.345
344.382
211.53
323.512
65.9937
258.089
168.127
249.463
370.639
149.293
214.614
139.142
62.6847
287.434
367.58
306.935
346.989
301.085
320.024
124.591
269.281
202.221
153.505
56.219
195.753
395.496
360.754
248.042
342.969
429.951
221.066
218.291
208.694
299.356
99.1454
132.329
384.714
415.467
359.534
154.674
315.761
287.337
397.851
215.501
150.799
355.63
312.8
354.56
366.571
297.993
304.637
421.175
406.814
133.16
224.956
415.754
277.8
285.381
195.465
351.356
164.352
378.5
270.9
316.384
172.526
174.142
287.444
275.985
197.961
106.933
241.076
38.9872
317.51
395.347
415.98
225.319
417.862
127.996
167.366
190.053
133.041
343.296
373.762
390.59
334.616
402.094
430.647
196.087
209.155
419.577
83.0494
311.81
364.69
131.391
264.672
300.554
183.642
64.8153
371.24
411.547
185.429
391.548
226.441
429.648
397.649
245.132
316.397
147.983
324
306.002
116.11
264.121
372.008
385.827
271.584
184.908
406.324
379.189
260.917
427.263
38.0488
113.403
316.946
341.163
233.349
282.136
284.879
287.124
275.236
398.717
376.143
419.796
386.302
424.306
52.7248
348.211
248.503
304.685
253.461
420.962
54.8987
276.403
271.742
431.96
399.18
230.285
381.485
283.679
401.952
85.228
391.426
430.416
132.957
246.368
64.7379
307.404
55.9596
292.993
193.623
300.811
131.73
364.995
96.8667
274.212
156.469
235.915
335.092
432.421
412.024
303.704
373.632
201.73
246.728
153.193
99.1627
386.291
294.739
388.963
406.612
288.956
365.008
395.794
358.278
278.804
71.2914
384.559
388.418
125.058
282.263
357.967
252.839
356.954
166.904
207.14
186.874
78.4219
310.089
393.6
257.441
279.795
226.679
383.281
275.188
379.826
116.156
430.523
430.821
334.897
184.215
95.1512
349.915
295.193
104.844
404.931
251.115
220.668
310.017
207.571
404.652
295.142
92.3688
254.925
63.5451
252.678
187.376
276.93
73.6768
130.124
287.33
308.228
117.305
239.243
79.8178
182.646
288.775
109.517
409.438
413.004
295.762
274.408
165.75
403.273
160.121
375.773
131.789
281.047
329.215
168.758
269.454
78.8331
196.398
176.423
263.439
401.774
84.0306
380.21
403.977
296.423
91.2604
165.843
308.921
94.836
250.389
284.493
248.351
268.215
288.876
337.051
168.503
347.016
312.233
232.808
336.131
378.851
397.986
365.246
292.969
283.301
265.575
308.862
223.618
398.319
337.3
388.431
383.262
379
389.534
333.052
298.885
343.809
397.343
180.454
262.842
247.16
214.738
31.1701
335.944
207.438
398.319
46.2488
159.334
430.422
390.081
353.868
197.834
244.686
319.117
361.917
304.729
227.74
256.818
217.941
230.279
272.232
234.308
306.544
196.004
165.222
292.85
386.253
86.4063
163.87
252.852
303.983
259.069
272.068
126.714
361.098
49.7102
122.562
234.487
90.027
385.539
298.007
350.718
106.949
410.399
424.969
337.294
124.59
138.193
176.579
363.1
392.137
237.036
290.155
275.753
264.222
288.473
333.451
160.705
347.472
90.5847
282.739
269.15
363.252
258.636
332.867
154.38
236.482
168.315
418.974
247.635
46.8646
292.101
385.538
247.364
312.1
358.763
121.857
332.358
416.828
67.5802
80.1802
112.007
269.514
157.731
360.389
169.394
397.298
189.45
363.9
280.194
415.421
291.291
393.646
395.395
80.2965
402.888
235.731
349.184
253.63
181.977
393.842
64.9361
421.033
350.524
217.25
428.452
71.8402
186.242
250.788
313.218
400.631
380.282
191.51
155.089
302.147
53.62
357.884
208.191
117.568
120.071
87.0291
298.865
298.684
238.076
365.424
332.424
283.87
320.658
240.44
354.88
239.07
158.874
390.051
358.826
305.849
363.835
357.896
284.66
235.298
360.336
130.037
270.243
410.305
337.407
376.264
266.79
213.336
341.253
284.989
109.47
189.055
311.922
269.64
171.484
238.093
256.066
244.164
271.758
434.559
267.391
279.748
426.292
341.244
362.809
429.863
269.198
257.304
304.633
128.881
150.048
310.61
387.186
402.478
165.698
194.361
332.044
321.855
302.561
288.088
53.1682
137.77
399.356
327.745
106.772
399.062
119.251
307.705
368.766
251.424
274.663
274.694
97.2548
259.032
100.762
251.923
158.446
78.8746
109.733
170.38
278.78
230.188
204.107
366.845
323.99
313.717
165.232
283.127
298.416
278.575
301.921
281.512
106.942
358.065
162.969
63.7154
348.258
377.249
429.511
307.198
231.921
274.015
410.334
155.207
274.917
364.956
280.927
228.595
217.982
135.832
239.446
371.257
324.213
350.698
160.751
409.957
415.652
431.59
76.6785
387.865
293.771
340.405
284.663
368.057
402.356
345.505
79.1639
331.304
246.451
272.414
316.44
158.96
248.063
369.089
300.204
365.984
373.21
238.806
375.476
287.864
72.4056
61.5981
394.466
316.658
403.898
35.0159
347.823
399.483
255.031
167.596
263.37
109.071
328.061
94.6089
256.313
292.191
307.812
375.45
224.47
202.718
344.312
229.397
420.947
89.1835
69.9135
354.866
276.224
88.5398
401.057
424.558
125.433
51.7428
405.422
149.444
281.005
146.133
337.209
249.401
34.1437
354.44
356.398
310.223
385.3
420.201
244.02
373.514
73.7498
273.982
344.503
350.526
293.937
155.963
284.289
377.613
177.215
283.25
49.8325
408.891
183.341
261.901
252.927
344.413
334.562
335.096
237.482
168.848
132.833
376.023
153.824
261.355
234.29
348.867
318.291
313.237
345.553
274.197
378.446
268.83
124.918
279.685
262.975
360.961
412.688
265.633
257.34
306.964
317.525
118.755
246.679
269.482
371.265
343.683
317.578
292.515
308.004
72.2082
329.606
380.018
410.634
315.002
233.313
282.383
245.085
126.444
422.712
288.708
432.617
297.526
127.254
224.849
244.334
123.973
391.051
432.113
341.477
245.772
30.3993
307.158
400.809
249.895
375.264
64.996
340.222
155.838
35.8651
325.624
395.383
177.868
373.988
180.48
56.8874
107.589
319.99
240.745
251.875
368.495
352.56
402.548
266.018
157.693
229.918
280.296
392.158
323.234
190.044
268.754
155.422
383.478
165.578
201.176
362.212
399.857
186.419
134.741
339.387
340.364
275.904
367.075
336.081
287.884
408.319
432.55
129
341.664
297.84
263.06
261.59
310.904
129.161
336.591
336.244
412.229
388.733
50.2656
373.214
38.6924
409.833
349.466
241.631
365.279
339.378
420.295
102.109
90.3409
280.464
202.185
242.353
365.685
313.725
289.058
357.934
363.419
190.287
67.4006
359.283
241.859
227.522
313.252
347.257
244.209
351.625
288.993
351.755
139.796
380.514
434.676
433.612
284.751
416.85
188.962
386.87
247.878
395.724
147.919
290.937
310.722
58.1576
393.678
39.469
63.7273
434.128
158.571
360.989
171.034
342.451
324.486
150.133
227.852
408.773
411.535
264.527
54.3655
168.53
359.871
30.1594
316.816
98.6661
390.919
359.12
423.719
336.535
222.555
61.5389
302.222
372.74
366.305
260.138
229.482
288.271
204.295
330.749
253.371
281.176
341.19
345.362
240.901
249.757
259.385
332.374
342.235
123.972
256.403
361.966
297.136
232.481
175.897
400.267
136.944
352.679
399.089
346.211
200.759
381.047
419.586
302.303
142.237
141.42
322.558
275.828
424.969
121.738
258.931
338.731
42.0664
315.816
432.166
238.477
321.887
373.732
371.835
269.622
318.047
372.185
379.197
80.6089
314.482
96.9948
384.341
272.238
147.357
225.345
331.508
273.195
340.861
284.198
227.977
249.385
389.858
299.497
341.835
324.055
102.961
374.608
416.342
77.9762
313.713
232.983
247.851
416.063
346.34
375.185
319.494
351.668
209.376
51.0924
342.594
327.316
277.613
289.009
335.508
318.45
255.712
199.402
276.236
403.761
316.519
327.968
270.562
172.459
91.4161
106.504
289.655
200.582
226.502
187.847
32.9519
83.9493
386.593
425.917
208.577
32.0726
397.42
268.564
377.389
324.297
342.112
42.1935
134.481
189
268.832
411.404
281.679
258.981
247.009
388.132
383.222
411.95
106.162
58.7259
379.704
316.502
91.2133
392.275
287.928
433.843
186.996
69.6966
186.929
104.282
56.28
114.392
318.348
124.734
384.717
88.0605
394.62
274.744
161.078
404.029
315.423
74.9641
157.497
307.341
416.631
208.118
371.177
432.197
312.799
347.72
132.453
232.68
269.923
165.599
209.961
278.958
111.541
333.664
263.712
167.528
378.872
342.667
81.6353
400.126
133.964
50.0228
428.522
396.094
216.405
403.666
298.402
179.375
205.676
322.983
228.106
210.82
389.594
371.44
215.4
130.372
220.348
56.7594
383.607
393.742
258.167
354.701
206.609
283.261
336.8
364.516
350.372
78.395
385.698
228.091
244.399
149.119
251.153
218.16
263.423
80.2854
166.745
177.035
271.28
271.566
263.577
298.625
393.03
271.508
277.199
344.553
58.3917
243.506
290.454
371.449
421.625
408.464
291.851
421.365
419.545
349.481
374.123
323.076
145.658
240.898
169.752
271.435
149.075
433.347
426.847
113.085
413.631
396.916
331.414
332.365
306.082
149.913
299.369
196.876
50.4415
326.62
107.326
358.498
176.697
85.8431
367.807
236.96
95.4963
332.148
178.151
433.873
248.981
353
379.254
403.837
304.81
189.33
267.184
87.8744
317.91
251.364
87.9894
119.633
306.468
380.285
263.991
251.342
381.695
79.3877
300.034
313.772
89.6599
384.638
417.27
313.989
72.1443
71.7055
315.703
98.1644
314.52
395.309
307.83
106.167
287.015
252.111
199.469
311.685
94.0724
408.252
287.304
403.691
354.75
269.751
94.6318
402.797
297.13
236.586
355.399
224.279
382.493
230.14
239.457
368.775
284.018
430.895
341.603
411.743
311.075
142.832
139.651
161.305
346.543
147.127
200.681
234.598
325.747
156.875
135.825
171.27
238.681
140.434
360.726
265.215
258.311
224.369
368.67
173.173
405.951
93.7926
30.0419
404.093
302.258
424.287
264.741
310.716
312.741
53.6819
270.476
96.1731
308.507
389.093
343.922
203.468
302.534
66.9527
337.202
323.011
342.732
200.386
239.627
303.276
342.859
431.763
114.216
356.704
34.0114
116.8
381.845
198.815
243.346
289.704
269.134
197.398
199.375
66.2459
368.685
235.525
197.275
166.754
194.272
85.8778
129.795
380.496
334.964
52.9937
231.989
201.805
86.3952
280.348
352.569
340.048
242.539
426.249
342.456
329.343
258.98
383.789
266.401
298.63
299.879
274.013
395.732
179.265
166.359
71.7427
158.717
341.318
136.958
217.511
430.868
135.936
411.865
35.6526
303.678
318.388
364.388
271.68
281.914
215.48
285.426
37.5312
165.533
410.956
295.414
265.195
178.067
287.99
267.78
92.35
277.961
290.536
401.564
329.258
52.4512
106.535
106.677
377.306
276.334
378.268
411.778
409.541
412.912
80.0425
385.821
323.97
174.284
177.571
358.912
324.042
254.839
177.435
373.577
45.8776
293.709
353.67
296.176
274.223
285.294
257.325
191.918
142.156
155.696
405.57
300.544
370.98
385.074
374.464
96.7819
378.669
81.7504
344.475
400.485
296.261
253.249
69.58
339.204
317.422
268.883
396.932
352.845
306.322
220.045
281.373
353.865
304.562
114.429
144.751
389.01
336.593
376.504
270.245
82.2483
248.776
261.682
407.051
104.335
412.062
55.7447
109.088
408.617
348.365
400.788
156.306
104.54
207.383
294.826
394.118
176.82
162.101
399.919
363.299
277.518
252.918
274.288
236.601
256.693
406.349
323.516
312.002
264.237
414.892
77.492
430.333
52.0354
210.005
412.44
272.018
212.121
250.22
278.005
378.333
78.4752
371.298
362.118
380.142
58.9285
264.911
297.218
321.648
291.618
397.24
137.288
100.728
351.846
312.998
352.395
177.661
284.698
262.164
360.845
377.929
131.411
127.407
360.123
152.548
238.515
77.0441
389.992
324.47
98.5626
259.199
242.853
156.956
150.437
236.018
194.052
290.785
341.295
324.144
136.995
336.858
198.66
428.607
379.636
354.84
272.54
100.128
368.049
149.065
207.725
222.079
61.894
407.323
325.167
257.869
346.542
313.089
105.813
78.9913
243.693
358.216
433.4
282.449
145.574
418.349
129.32
40.6877
71.7167
294.598
290.171
382.365
171.499
419.445
147.878
415.896
319.221
293.057
372.71
382.031
209.558
428.236
210.971
120.243
268.277
323.939
95.7303
189.121
266.323
282.068
380.335
432.659
387.215
423.885
372.545
332.762
289.235
288.603
393.284
362.393
234.809
130.954
142.662
335.303
253.016
355.606
273.678
261.723
355.246
273.536
407.687
261.205
265.933
325.812
323.618
227.638
223.856
328.088
88.3767
403.121
34.4149
343.841
206.285
273.919
364.348
371.804
367.94
381.55
396.784
247.811
303.231
306.566
297.056
301.809
365.353
432.459
294.382
74.67
218.565
420.942
58.0089
297.71
339.417
166.527
256.85
340.388
270.491
334.772
302.386
217.229
226.241
223.142
408.359
204.713
362.066
199.045
229.788
384.161
124.806
320.251
248.029
149.382
365.302
349.507
385.813
129.986
348.524
362.721
416.935
243.368
189.097
48.4022
315.338
340.878
381.186
320.088
311.754
371.129
223.604
288.623
359.81
202.435
405.107
378.411
49.3427
197.894
104.401
222.558
360.575
217.08
330.241
396.459
358.369
223.118
344.029
193.98
158.948
254.092
233.847
382.523
251.645
407.488
153.972
79.0843
388.418
372.246
249.7
290.089
424.294
343.596
184.193
311.937
248.456
299.48
293.153
287.88
417.219
319.791
202.019
192.503
431.418
49.634
293.243
275.571
244.99
339.873
200.878
335.562
201.846
91.6292
343.881
310.946
319.441
414.595
223.944
385.303
200.681
147.095
173.584
374.429
339.852
196.127
132.432
396.728
402.385
178.359
52.4071
321.605
164.42
371.275
256.019
309.912
164.674
395.802
206.889
283.555
40.8675
187.347
302.623
184.312
303.597
56.0273
222.65
319.27
286.951
337.013
314.893
179.757
43.7776
270.041
233.13
124.71
111.688
108.174
429.848
392.144
281.215
252.104
271.752
398.876
183.461
338.119
355.18
367.19
132.035
416.526
394.021
375.546
313.02
45.888
162.973
407.332
379.957
398.063
427.427
217.555
292.143
233.974
365.118
129.685
344.643
325.941
357.113
331.118
372.694
389.494
378.188
256.124
266.33
403.451
161.368
278.771
77.1319
381.33
356.591
432.665
384.569
253.927
253.126
59.7513
293.098
101.143
245.441
144.219
418.5
139.02
119.643
339.461
353.401
248.884
314.264
260.667
251.706
232.309
262.274
222.792
229.878
190.051
191.168
201.737
400.728
286.455
116.852
429.696
309.384
415.89
251.714
315.441
326.959
335.764
263.589
287.508
273.597
280.094
379.338
319.395
268.59
354.822
378.887
303.184
355.406
221.156
181.592
396.901
329.374
194.764
205.956
336.114
255.069
162.791
162.273
294.095
130.641
318.223
286.897
259.614
308.222
116.916
288.777
430.873
276.357
381.675
126.346
299.887
199.217
243.741
68.9291
378.78
363.41
340.469
432.269
320.494
150.59
377.496
89.9405
317.461
98.3035
219.87
170.722
339.774
335.75
351.524
95.0418
264.232
175.556
338.309
212.327
273.31
376.347
360.438
300.839
111.107
399.648
101.663
300.831
260.36
278.233
337.709
371.77
422.649
94.0115
237.703
365.797
376.944
123.122
35.497
259.675
376.758
364.579
367.412
427.8
168.137
161.437
330.172
262.069
342.313
421.202
264.035
94.4076
398.557
324.871
398.852
293.787
64.8512
358.887
355.834
131.215
328.647
424.914
201.725
244.173
248.782
347.543
303.699
353.974
276.424
375.232
318.027
308.496
92.5819
122.58
369.417
262.524
50.0624
256.751
425.732
303.183
275.483
251.758
170.423
31.7495
423.979
403.143
49.0471
413.549
180.872
332.981
357.213
114.802
120.223
406.977
282.039
306.565
393.478
318.682
347.074
254.253
313.35
245.601
249.416
362.054
410.107
160.228
386.617
305.463
426.854
285.702
297.443
294.056
317.86
412.201
414.127
418.926
340.296
270.418
352.327
350.325
189.542
282.135
408.298
389.319
403.252
258.216
386.015
77.4938
357.591
395.367
266.617
405.5
350.597
297.387
210.293
103.246
395.126
366.38
107.585
123.87
260.251
320.337
397.823
308.304
142.28
46.4394
330.399
68.2175
168.938
427.076
379.629
376.713
116.77
249.38
185.427
125.902
421.798
257.212
116.344
64.0885
348.28
334.261
40.1143
430.414
409.157
251.759
316.921
157.298
137.973
230.5
32.1811
288.084
386.677
269.975
329.511
365.116
178.611
239.693
293.91
188.142
262.969
179.03
237.762
415.008
391.812
271.757
314.294
368.793
292.448
333.215
186.577
284.282
123.389
329.483
34.1053
426.895
235.399
299.776
146.386
215.8
113.897
242.525
198.156
363.84
84.0042
316.806
108.929
236.809
104.704
275.212
333.298
352.426
333.15
143.405
298.979
178.686
356.273
397.054
99.6723
254.57
392.461
342.926
112.617
228.623
302.269
119.511
262.074
291.818
41.6889
386.569
96.6664
316.393
212.304
367.791
48.0405
391.543
431.389
400.916
375.226
170.799
80.1271
108.962
374.538
315.673
308.2
314.698
343.776
327.047
370.919
419.129
291.538
77.8333
238.529
271.893
291.515
406.289
306.594
54.0651
337.37
203.807
405.364
250.102
203.797
225.727
208.19
142.918
130.553
251.632
322.008
400.995
350.342
314.778
113.924
274.406
432.041
68.4095
320.239
399.21
426.412
164.513
294.947
270.264
89.6715
381.721
258.277
174.771
419.484
101.748
85.025
256.842
281.322
342.409
315.648
288.654
120.717
228.43
121.314
328.971
372.405
264.144
241.82
312.134
238.388
424.118
144.673
434.263
218.712
244.454
270.867
240.141
403.538
174.966
252.86
315.537
345.244
131.794
277.584
75.2894
236.801
358.518
298.091
269.849
278.946
146.84
287.955
301.613
410.708
243.161
232.187
424.121
282.9
223.882
312.492
243.616
107.799
394.557
183.923
343.101
266.137
41.3551
342.917
164.56
268.578
293.079
169.538
429.077
343.5
314.609
412.837
291.103
364.732
217.902
201.501
270.717
145.6
224.129
318.096
296.767
260.726
210.147
88.38
248.72
128.836
401.858
201.311
142.218
197.355
257.445
217.268
88.5545
317.765
332.586
408.025
355.869
248.792
127.443
85.1423
415.921
332.006
342.179
387.185
293.707
288.534
328.524
139.732
310.384
244.213
328.894
58.5054
147.455
80.2854
72.7499
420.217
265.375
342.77
345.091
38.2292
415.466
278.346
72.9786
160.185
212.801
382.38
399.44
430.515
410.706
111.452
254.149
386.745
108.511
302.28
247.231
125.632
238.007
345.645
194.804
274.59
393.554
304.556
328.859
318.464
61.045
402.337
388.912
314.668
245.343
341.331
336.154
235.891
249.577
277.761
172.958
292.897
417.334
343.825
159.639
97.2008
243.384
257.841
270.72
315.862
414.429
275.935
293.197
268.209
242.869
309.05
166.757
320.402
232.975
293.376
148.479
288.455
180.029
232.115
328.44
32.0944
332.635
79.819
95.9881
302.669
320.564
380.952
52.1851
405.761
59.3346
117.388
379.366
32.9019
178.082
425.004
381.883
208.185
247.903
325.47
264.668
144.6
108.278
274.36
413.028
250.103
240.53
250.5
223.1
427.346
396.082
43.2549
318.294
422.471
151.126
294.844
369.189
361.866
350.774
381.119
335.594
88.1583
240.264
167.507
351.529
319.839
206.404
186.483
259.353
252.56
433.894
255.17
310.747
347.322
63.2769
247.434
411.739
309.113
429.147
302.621
400.656
345.87
352.058
404.974
407.814
88.1172
288.792
395.648
425.431
271.18
182.821
31.4771
234.698
200.324
254.812
118.53
319.846
320.307
420.366
434.116
280.712
309.272
334.267
102.257
55.1492
271.131
275.189
432.776
422.109
54.5876
282.927
314.279
196.772
254.076
348.634
300.523
123.632
60.9852
341.634
418.566
354.937
350.87
281.525
202.449
387.716
392.987
361.73
410.082
67.4029
240.259
303.871
244.685
360.269
134.73
61.2468
316.045
399.457
241.631
179.024
421.056
106.724
232.493
220.653
409.139
181.615
369.425
150.139
290.095
244.112
337.365
314.771
371.456
322.246
54.8128
380.056
277.392
210.327
142.615
147.402
283.076
198.03
368.156
213.789
248.475
251.068
318.65
130.564
263.795
288.501
385.721
264.099
428.299
272.326
327.444
390.89
143.772
407.63
334.014
396.003
430.984
111.681
334.592
143.354
187.316
190.721
227.416
302.695
88.2372
295.362
377.855
354.397
421.916
102.089
347.014
368.168
132.302
390.416
429.159
394.034
246.41
73.0004
192.111
324.209
124.171
177.061
153.06
264.719
50.7496
392.904
140.026
311.805
275.049
145.978
312.151
358.675
265.675
128.593
177.206
81.791
36.8459
139.641
434.094
392.927
240.235
408.469
187.258
285.135
314.517
124.879
239.692
360.952
283.598
383.87
371.557
321.93
321.218
304.679
299.119
323.934
345.673
240.177
427.73
298.675
177.297
388.825
259.391
67.7599
414.359
369.686
377.838
108.55
151.325
421.099
172.788
344.479
275.954
293.176
87.4185
74.8482
38.4254
424.658
400.449
385.155
361.604
252.877
423.898
219.506
257.877
90.2831
282.417
404.781
278.661
363.974
382.081
333.373
59.7003
327.924
289.836
349.464
399.587
184.701
61.992
123.64
428.335
173.213
410.308
322.633
384.77
337.217
344.133
119.642
399.477
287.698
371.996
288.237
132.282
160.125
430.362
235.34
143.356
51.2773
299.435
317.431
178.164
203.189
317.002
360.838
39.1338
147.432
64.4532
319.091
196.15
355.123
239.375
377.459
362.418
371.234
363.365
284.243
219.946
373.384
188.757
205.345
368.959
359.528
203.686
419.017
351.298
299.423
89.0582
309.774
332.527
409.63
80.3088
112.155
117.686
171.58
191.497
380.004
105.758
341.875
317.579
291.004
387.447
38.6899
113.089
374.761
385.185
252.875
93.6665
220.247
339.807
105.512
418.588
429.008
378.765
275.872
232.512
423.206
427.658
123.763
279.52
69.3214
406.144
421.028
379.706
304.181
98.8056
106.342
418.075
306.315
31.7926
64.834
265.725
188.722
117.137
114.048
45.5564
370.813
36.0923
62.7157
328.754
396.563
235.208
247.164
374.364
368.512
223.425
89.0786
400.319
357.499
375.98
319.178
256.949
431.929
179.137
340.21
282.847
211.961
390.882
30.7686
251.048
390.221
49.3642
150.486
43.2637
308.719
381.907
95.0553
283.497
349.759
291.754
66.0209
294.402
299.783
282.037
261.896
381.585
242.905
398.485
265.67
333.318
372.06
425.958
312.532
189.03
103.066
316.499
178.113
214.201
363.147
348.893
407.259
429.362
400.251
36.666
72.1097
174.835
308.378
300.222
305.354
363.606
54.2139
297.377
142.855
336.359
57.6764
255.962
250.225
333.449
268.423
293.451
65.2806
315.944
361.585
393.944
220.331
412.482
404.483
244.983
411.741
31.0247
165.726
235.814
142.377
367.891
54.3183
53.1138
361.58
66.0766
360.422
271.546
239.798
162.062
327.158
232.19
182.491
340.371
218.007
305.786
240.645
320.045
261.912
214.655
285.403
176.402
94.089
270.909
175.401
184.37
295.733
154.301
122.825
103.067
330.379
248.606
159.973
154.406
273.162
219.932
145.939
410.211
381.021
404.919
380.842
258.112
372.501
422.579
276.995
324.443
360.319
55.9359
269.431
430.003
311.066
149.35
309.034
411.811
209.28
279.267
33.8923
416.118
314.905
381.954
133.149
418.858
67.5306
319.528
363.022
268.701
358.122
313.897
400.984
407.489
280.249
277.081
314.116
320.458
65.1855
362.902
314.094
133.625
327.464
218.154
348.103
106.349
205.224
120.497
313.45
272.197
397.232
73.6046
293.024
258.722
322.676
208.493
254.896
217.095
296.689
379.896
348.235
291.731
227.379
362.573
238.897
340.564
407.728
69.3408
306.728
170.45
314.383
345.358
288.971
284.743
328.471
233.803
402.031
302.74
222.585
395.322
364.103
379.445
112.594
286
216.783
292.83
55.9061
173.929
264.264
423.965
252.319
388.989
353.68
159.428
175.707
290.732
124.709
340.734
370.7
312.788
319.097
171.013
239.488
238.361
368.659
249.964
261.84
378.847
241.754
323.531
272.101
302.702
122.599
300.939
415.291
288.828
103.259
296.457
395.748
104.242
62.0782
426.942
359.886
355.104
261.376
403.824
177.066
76.23
145.89
200.075
351.652
182.654
232.422
258.226
383.375
232.474
282.643
273.398
232.584
336.334
64.9901
243.009
408.907
389.652
281.543
59.0547
358.972
288.193
58.2686
104.579
204.789
380.741
342.727
385.013
78.2314
136.573
383.085
329.575
151.496
327.402
423.902
332.428
415.16
137.862
273.803
391.21
119.164
273.916
216.032
338.696
161.103
268.591
247.568
169.441
193.336
83.5749
290.659
406.917
300.896
376.602
324.766
72.4789
303.383
125.767
53.6143
137.962
417.417
48.678
109.938
64.2639
298.715
412.604
263.53
377.961
109.564
101.473
82.5635
263.861
162.656
313.931
295.905
337.49
256.23
108.097
284.243
114.879
385.515
143.535
419.219
375.195
39.966
430.005
159.403
433.587
338.816
30.5287
185.763
196.932
200.748
349.331
201.987
80.9128
215.902
133.105
70.8418
393.499
40.8255
414.026
137.007
169.803
388.478
137.029
273.342
298.596
44.3945
412.773
287.542
319.171
165.922
92.1476
292.95
265.224
94.0382
329.418
103.031
64.4653
165.397
409.185
419.198
117.654
68.1106
220.174
358.944
268.653
375.124
344.168
345.192
215.449
241.202
181.035
380.128
111.99
148.467
95.3608
89.751
242.85
53.6803
339.74
307.086
264.439
328.138
257.016
288.629
46.8511
63.3665
127.394
54.1728
219.544
45.251
224.33
286.222
377.09
305.815
111.814
421.05
430.722
306.09
313.966
279.882
265.29
280.702
240.881
268.983
283.877
305.145
236.535
321.816
165.929
263.647
266.055
100.991
46.5532
177.115
266.202
85.5905
310.657
149.997
238.645
257.257
239.833
366.3
338.671
405.75
322.017
172.298
249.269
48.9271
281.555
272.764
304.719
310.828
358.611
380.703
123.864
251.826
213.833
54.0528
111.111
199.907
407.4
404.835
249.454
193.609
350.347
353.06
370.002
382.742
178.052
408.59
198.631
119.536
241.734
257.914
117.093
332.043
395.458
75.7131
373.924
330.801
364.011
118.461
382.488
337.364
284.715
112.838
151.581
431.866
280.509
216.908
128.962
359.408
315.719
126.126
434.618
157.762
346.022
380.831
49.4944
303.934
233.47
248.699
195.031
274.873
360.631
297.468
400.685
201.83
49.2069
128.954
408.61
106.8
83.9511
271.175
287.544
384.231
66.3116
301.24
34.278
244.944
101.088
126.861
59.4502
140.239
32.107
155.787
324.013
203.464
294.606
167.72
393.542
295.618
352.67
399.255
227.714
260.564
64.8646
349.315
240.147
341.728
275.727
382.743
256.431
98.6072
255.36
325.822
286.379
323.941
281.944
153.224
48.0495
148.481
149.28
112.4
354.687
416.53
186.704
421.66
278.48
306.357
45.31
31.7092
48.3635
266.347
273.698
274.85
159.248
395.917
369.261
142.582
157.214
204.806
424.015
386.655
404.232
66.3742
294.342
300.484
289.596
385.649
131.2
81.4495
305.545
127.109
74.5472
213.45
331.504
165.606
220.504
366.068
431.231
187.307
176.645
318.561
383.541
219.177
235.697
387.031
322.547
379.542
230.194
348.951
420.169
305.207
309.282
119.48
284.631
69.0988
170.539
309.023
306.493
298.991
282.449
156.27
399.15
353.007
307.862
294.253
264.453
41.7841
194.056
292.15
356.972
269.637
384.516
360.686
374.698
363.994
330.155
304.476
250.783
60.5605
99.9612
413.684
328.284
172.384
384.092
125.68
286.475
262.641
296.725
329.207
415.176
227.677
211.973
434.248
324.273
244.911
370.465
128.862
402.97
328.006
275.854
401.166
179.392
338.351
293.813
252.734
392.131
339.358
110.335
388.297
306.04
247.889
321.067
404.872
320.286
186.165
291.174
406.425
285.64
282.972
237.596
416.382
306.059
340.118
252.031
319.593
138.147
256.044
134.966
57.5436
110.024
352.092
252.481
274.866
113.497
366.343
105.293
351.716
388.148
229.245
270.054
354.794
420.519
82.6857
232.609
333.337
355.783
321.71
413.203
73.8409
400.652
195.165
197.418
304.346
173.26
305.651
299.902
131.607
426.264
43.7869
374.618
280.272
284.226
327.889
96.084
304.979
201.764
63.4683
356.264
405.359
418.866
121.212
415.35
36.6878
222.331
86.9862
59.8813
391.509
123.559
129.146
397.13
361.342
346.558
300.677
225.942
418.816
352.863
299.471
102.216
143.545
377.456
293.353
289.638
132.549
172.377
383.089
399.501
344.085
162.214
271.897
79.2807
210.844
424.303
114.449
386.529
347.766
92.4124
335.664
275.635
288.968
231.435
360.531
382.014
398.322
90.0763
114.935
274.781
363.059
332.474
327.872
300.809
251.375
382.748
349.662
257.868
308.235
307.025
200.912
111.969
337.299
196.208
248.77
87.7021
224.026
112.455
275.646
216.482
265.171
410.99
211.388
100.687
280.533
187.099
139.856
253.002
99.0533
343.878
250.489
296.706
303.116
93.5886
384.179
328.866
159.866
336.732
61.952
230.851
278.652
299.55
294.304
253.738
417.386
115.713
399.296
298.215
397.203
336.41
150.828
326.189
243.161
276.5
295.139
317.85
306.134
433.724
156.375
340.049
379.91
175.448
48.7573
417.356
380.656
399.204
329.02
286.876
390.235
340.121
379.687
53.1731
143.051
414.291
408.715
392.892
309.877
388.961
354.656
301.963
86.4667
164.829
354.64
255.604
121.678
237.852
397.842
317.538
180.562
233.255
263.211
423.251
424.453
226.015
286.261
91.4855
237.97
158.904
45.9662
239.045
319.341
100.744
182.671
407.756
428.978
131.28
374.977
355.491
164.815
434.066
263.361
280.635
278.638
297.117
383.399
388.017
253.552
272.927
292.718
231.104
259.596
398.605
239.951
359.064
208.111
219.408
352.903
200.943
280.878
427.293
329.925
208.384
362.252
419.434
105.547
398.128
31.2354
390.243
277.149
298.898
100.356
170.787
90.1104
83.7042
341.836
417.444
374.093
53.0543
425.093
427.873
294.14
389.697
300.193
421.645
150.476
328.833
85.8486
331.36
312.129
292.546
191.186
360.13
320.656
408.787
381.983
125.869
281.44
419.633
277.175
294.382
94.6655
107.311
363.343
91.1861
79.4408
305.559
224.194
393.934
392.215
99.1701
173.094
359.651
331.671
220.574
201.193
194.821
155.679
270.203
249.23
224.695
433.576
299.198
396.52
351.643
350.604
58.431
37.3686
299.927
377.249
386.202
369.968
272.905
268.773
417.604
426.563
346.571
114.031
315.738
340.769
274.835
175.911
284.952
230.014
373.182
196.051
298.03
332.543
250.215
372.839
97.14
294.663
297.339
249.115
84.1969
349.302
341.513
288.97
364.363
428.277
121.884
225.647
401.084
273.802
203.852
403.1
390.596
430.34
89.2718
335.596
148.162
105.924
351.529
349.414
260.728
281.433
372.523
249.435
255.439
277.733
431.418
354.03
339.368
64.7838
358.157
113.936
233.296
422.566
349.584
412.168
255.513
128.115
273.988
158.27
283.478
315.045
418.942
428.388
241.282
201.176
249.315
223.099
325.555
58.2701
315.117
324.795
75.6235
272.106
50.772
360.052
161.136
304.627
426.52
315.064
332.171
327.138
248.618
113.139
71.6112
332.12
323.65
254.481
240.237
149.992
222.871
420.367
116.304
113.953
406.702
288.218
317.069
369.576
382.663
205.59
241.274
380.346
399.831
259.23
429.259
129.636
173.729
419.952
88.2728
400.542
310.714
83.8331
180.442
310.004
234.4
57.0605
387.385
339.871
384.852
105.779
173.464
245.399
354.325
83.8224
398.005
257.889
339.326
220.231
373.621
241.688
105.232
67.0996
84.1167
103.254
253.241
300.107
225.262
189.31
108.201
71.6082
74.5503
156.02
173.054
318.762
355.189
295.157
70.916
356.058
374.235
429.857
379.779
97.005
249.008
120.579
208.992
296.472
279.967
117.81
296.492
238.008
250.833
227.531
350.843
86.1054
306.961
70.884
317.686
55.6689
360.021
370.38
397.451
418.298
420.142
384.875
204.073
283.904
416.088
241.564
245.823
132.473
369.847
322.16
214.278
338.2
343.14
402.07
291.122
122.467
289.184
273.891
381.923
340.253
383.013
348.415
70.6724
49.2272
69.0472
394.716
143.745
405.691
344.899
49.9167
249.052
122.405
337.48
78.4988
263.158
75.2508
261.865
370.475
269.676
60.1248
55.3
293.407
233.923
295.498
398.967
171.261
259.12
324.801
164.011
382.027
359.466
336.677
412.879
406.387
375.317
324.426
52.3685
353.715
89.6458
340.371
255.025
428.599
189.157
341.265
289.297
405.278
76.5095
223.303
137.109
120.598
289.079
313.328
383.075
245.911
161.582
42.4937
340.927
189.893
275.768
274.8
131.583
258.96
309.995
308.174
370.332
397.95
122.049
146.943
299.813
138.366
368.013
381.547
276.764
94.4125
378.454
244.783
373.491
121.789
230.028
246.352
414.204
327.928
215.934
293.093
78.4807
422.266
162.979
52.5517
211.005
248.6
340.177
37.6834
216.112
417.918
237.029
155.961
256.005
398.27
304.783
120
321.647
300.414
300.011
284.373
208.929
270.692
373.562
369.768
408.732
86.4849
388.475
216.452
342.124
402.597
373.308
172.193
423.703
320.825
277.354
275.854
99.2016
323.018
406.474
378.536
253.97
391
60.2469
350.55
395.929
383.456
42.57
430.416
419.275
132.29
287.959
102.445
153.985
286.149
369.365
257.885
276.508
232.54
317.058
69.5461
410.012
368.875
340.726
398.067
303.711
157.146
412.668
346.146
311.227
327.019
331.109
319.143
205.822
36.457
322.755
401.002
426.557
262.349
396.32
397.053
287.531
405.485
368.007
290.928
273.152
327.81
272.892
409.516
254.661
148.722
334.336
339.148
387.748
402.175
353.22
231.891
270.732
355.943
362.34
317.232
352.957
418.786
393.732
343.136
110.679
408.572
118.175
398.316
325.155
398.355
389.602
193.601
348.241
164.029
268.131
337.976
207.678
395.147
330.034
258.931
157.798
102.929
164.533
289.434
314.706
68.7532
253.127
257.525
363.574
360.847
279.943
330.415
154.248
151.352
307.561
114.619
127.72
410.296
336.131
236.369
184.325
88.9832
270.832
335.468
305.585
282.421
30.4125
192.296
124.6
299.089
65.7215
431.734
176.659
179.274
169.502
264.882
53.1548
288.802
218.496
105.026
180.475
277.62
210.222
253.741
254.629
140.798
320.181
431.612
248.998
158.885
300.069
76.9903
160.844
319.456
414.451
292.827
219.641
361.716
271.061
366.464
269.645
229.85
294.692
422.786
289.733
82.7811
75.9043
89.5766
40.5292
328.714
73.0335
294.169
70.8618
396.685
393.772
292.169
102.207
224.467
381.172
245.364
168.512
297.696
428.824
367.009
281.697
324.327
37.7515
390.978
172.266
250.904
56.7645
126.131
334.944
394.786
362.966
380.312
306.068
59.3841
302.049
203.31
366.542
333.087
111.394
58.7782
426.28
283.449
212.604
360.218
431.889
77.39
369.216
413.974
310.327
400.132
238.079
102.682
323.654
279.637
112.682
183.228
166.518
260.579
373.793
218.761
58.3466
302.915
283.428
390.145
262.281
266.537
293.273
289.509
48.1493
348.047
404.858
345.439
342.493
415.006
188.537
347.874
322.308
244.005
387.878
108.944
319.42
340.507
422.64
315.149
413.638
