178.69
329.365
149.411
397.431
386.916
322.111
212.584
402.711
242.103
350.605
277.143
247.408
139.668
287.483
330.234
285.494
236.219
99.7404
336.175
120.309
307.139
309.666
287.618
69.0863
297.517
108.595
294.765
174.403
225.966
147.53
426.066
270.032
254.596
360.845
411.894
79.1441
71.6468
112.84
274.344
254.265
378.441
419.58
347.801
197.209
247.196
319.723
369.484
401.233
399.566
386.204
158.33
274.775
121.91
360.061
98.2634
70.274
420.283
424.03
390.838
432.309
59.6732
386.752
123.581
96.9762
85.7658
184.573
415.664
60.1188
425.663
272.091
237.936
265.155
261.43
266.302
411.867
166.068
395.418
279.368
168.29
368.902
193.169
336.187
278.071
286.721
83.0435
336.74
181.629
59.5616
320.425
238.323
411.99
357.48
256.759
368.304
372.365
408.487
265.577
41.6076
413.151
324.935
275.083
51.5446
396.198
335.783
380.085
244.305
379.672
353.383
277.29
270.648
202.759
398.61
394.408
328.672
143.029
289.791
427.211
401.674
207.582
55.8864
146.61
200.448
376.236
129.786
294.618
127.226
91.8194
414.981
382.127
159.416
262.361
191.051
401.844
284.622
235.439
85.4921
420.822
33.8375
274.001
305.458
276.693
179.763
311.191
61.3511
372.212
335.125
393.583
323.995
155.503
60.8086
385.017
194.033
277.318
391.789
408.797
239.016
142.142
243.443
124.711
368.945
189.998
339.066
181.124
157.818
152.885
320.214
255.976
357.74
218.698
285.902
325.491
405.112
137.792
343.552
303.282
92.0585
84.1021
156.366
341.566
176.068
171.659
305.25
131.06
381.373
352.864
32.2859
415.114
179.631
406.246
160.607
351.84
421.18
329.899
370.889
363.874
247.323
232.302
119.718
37.5222
361.132
273.128
261.811
246.418
324.591
268.286
306.804
330.03
89.8973
410.3
162.154
422.005
381.067
262.797
367.998
425.347
215.552
129.135
383.512
198.014
43.4876
265.188
33.6404
359.208
419.428
410.793
305.1
198.295
95.3419
311.341
251.527
175.14
241.626
430.986
347.921
248.242
312.832
115.89
330.138
236.032
256.153
350.519
256.179
140.649
384.736
323.692
413.957
292.64
280.777
398.897
429.576
301.618
291.498
383.826
424.389
252.8
86.1672
184.745
240.609
321.604
420.611
381.174
347.359
152.893
79.7174
347.162
275.579
342.632
330.5
139.507
98.2027
65.164
169.888
415.815
346.373
330.467
397.138
315.474
42.8758
362.287
357.864
125.012
409.79
74.4044
342.935
411.293
290.733
140.361
319.049
302.977
249.425
103.523
235.108
269.346
158.702
100.64
174.44
249.13
405.041
129.848
170.537
321.54
419.346
358.498
297.867
341.397
355.326
123.243
37.1423
366.288
249.121
77.7216
80.6261
367.228
356.555
199.891
324.981
309.922
290.57
253.908
160.878
264.708
49.8369
313.11
274.224
84.7204
36.9645
375.579
292.13
184.149
316.564
275.028
304.131
350.049
360.836
391.375
56.5355
125.43
74.234
367.322
301.391
294.726
189.208
373.949
314.919
384.169
326.314
325.069
317.537
367.104
183.795
284.962
130.226
375.566
151.719
394.969
142.602
315.446
111.838
413.526
119.425
100.257
354.421
71.3902
82.2953
112.599
324.965
227.723
368.729
302.492
227.04
309.284
207.845
370.622
83.2057
46.407
388.829
294.144
343.041
269.263
270.969
306.209
427.647
425.996
165.382
159.464
232.495
368.669
312.895
282.607
325.911
360.603
271.185
395.739
260.113
338.74
398.897
315.721
269.255
423.177
309.457
228.759
83.9157
416.133
290.238
162.378
410.751
105.452
427.645
264.936
271.809
261.591
386.052
243.901
134.845
323.825
44.5662
414.219
352.978
187.349
53.7212
244.215
388.836
396.218
109.096
100.074
363.06
191.923
176.384
407.522
374.53
135.218
279.249
306.08
368.539
166.969
277.969
274.394
376.629
248.597
430.396
150.59
186.293
430.113
92.0202
322.67
232.281
287.24
95.2264
287.504
241.488
210.663
309.035
418.73
319.104
58.9706
188.07
273.517
299.938
426.509
363.405
277.945
312.982
330.258
369.032
328.593
125.017
396.567
271.224
397.526
348.102
324.557
43.256
261.31
291.513
394.442
174.134
245.99
304.888
341.91
312.807
354.629
240.172
184.052
148.612
362.297
213.029
150.876
52.6416
282.985
296.302
249.449
430.048
367.236
431.171
402.038
307.702
171.302
371.68
41.3148
275.054
264.219
302.222
340.95
390.711
273.624
374.449
378.797
117.696
282.107
66.3085
359.745
235.049
433.44
416.126
152.634
313.247
235.435
426.739
277.363
268.805
328.256
265.074
274.792
368.807
333.348
355.839
285.787
163.042
365.954
39.3164
332.091
250.801
74.3554
282.956
308.334
141.464
286.511
92.3403
130.235
220.435
271.016
401.733
108.506
331.429
138.288
110.488
273.214
196.754
265.592
197.992
407.43
381.441
265.297
277.845
378.708
327.224
79.7647
137.268
91.7612
395.242
289.875
407.858
255.157
422.933
99.3204
363.515
343.161
347.637
347.505
266.622
420.701
259.241
288.736
322.01
253.079
363.831
325.07
360.274
130.511
169.629
215.621
265.077
185.709
405.107
272.344
334.873
62.4411
368.563
253.499
375.077
316.762
383.13
405.463
352.545
387.166
340.296
300.774
316.939
358.151
352.735
55.3819
329.098
312.304
431.427
208.183
98.8717
411.246
420.391
150.487
310.743
237.124
356.362
218.038
95.8718
268.502
296.969
273.673
315.397
415.229
361.807
61.6333
97.0297
278.088
371.529
390.89
271.453
390.965
289.157
340.092
121.104
304.535
404.909
330.944
135.843
286.491
147.801
355.901
233.592
267.866
411.426
261.473
111.15
260.224
79.6356
327.945
70.3115
246.504
69.0344
218.41
132.99
264.328
315.894
366.423
39.9097
95.9492
121.009
279.924
289.248
367.844
378.653
354.533
355.075
218.471
384.051
319.284
97.6434
242.067
353.284
101.941
213.944
352.598
325.821
169.292
240.144
379.755
398.335
107.037
362.985
203.899
355.461
346.638
103.224
189.896
353.789
359.154
287.807
246.772
75.3795
311.077
376.333
268.194
237.316
52.4104
101.657
232.621
137.669
146.237
50.7071
270.893
140.214
200.734
357.208
357.662
32.4937
370.094
383.725
224.378
350.767
330.502
139.595
110.259
140.216
346.071
329.068
133.084
149.403
373.456
185.288
415.024
375.163
45.9623
336.597
348.932
71.3104
282.484
247.208
182.805
349.425
105.459
290.336
268.252
369.786
323.482
323.369
397.389
297.41
243.857
274.749
47.9288
216.59
364.459
139.115
323.02
139.986
335.945
59.6873
280.51
41.64
428.878
236.217
158.308
30.5305
261.18
135.281
190.217
396.867
396.733
130.016
163.328
236.79
360.356
377.667
230.057
191.199
302.826
314.27
213.208
220.941
257.66
352.68
87.8389
368.691
125.951
311.59
184.92
53.6521
137.065
337.829
206.093
279.451
117.776
334.088
76.2106
256.091
273.149
146.389
42.8965
303.408
256.507
391.244
382.508
33.7673
341.576
163.867
177.54
36.3748
255.27
424.323
90.0656
371.188
304.599
163.818
431.313
153.172
120.39
300.032
169.498
341.369
334.024
329.33
311.675
373.195
254.642
157.433
88.7895
280.522
345.152
298.741
414.481
341.021
311.383
143.935
352.847
336.567
251.917
199.124
327.537
433.046
130.235
410.558
358.531
46.2062
274.081
300.434
323.902
429.469
67.6816
397.737
108.676
282.718
311.215
43.3305
192.568
142.633
204.354
365.737
355.646
269.478
376.826
61.4598
259.601
414.434
334.836
279.897
119.84
325.94
429.009
312.649
155.912
365.16
123.204
312.232
397.909
374.258
389.431
45.3656
85.5338
127.819
72.1191
350.863
368.907
403.768
243.118
310.161
375.148
418.78
283.59
421.11
207.479
42.6973
177.44
322.602
331.048
379.375
265.855
291.058
432.259
91.738
434.575
280.053
30.899
184.883
361.361
425.068
399.224
358.332
273.244
300.792
310.902
253.138
353.335
78.154
325.969
232.618
375.326
78.1131
423.787
409.022
249.28
261.551
218.63
258.122
407.663
410.919
417.05
59.7204
341.578
258.779
425.61
44.0281
414.527
370.981
268.518
184.805
360.449
74.4286
333.354
383.628
341.525
386.745
127.163
417.122
366.761
158.019
336.767
110.456
257.136
291.609
430.241
255.226
356.066
174.565
308.291
268.419
67.5481
344.009
325.431
214.579
377.222
397.304
402.689
46.1545
304.279
326.756
178.488
249.388
151.143
293.193
356.901
408.841
388.847
265.381
390.832
62.7624
331.813
413.709
77.2431
133.093
94.3984
281.243
89.7932
298.668
283.341
355.393
305.918
339.008
294.007
247.283
155.225
221.817
345.745
288.904
405.299
400.941
132.73
339.415
420.135
395.059
182.206
194.272
287.82
190.327
316.239
402.833
167.629
369.63
40.5134
150.075
432.337
336.485
232.571
380.674
326.037
369.484
257.918
409.342
405.317
290.937
139.438
335.124
426.793
326.758
297.034
186.501
236.821
50.0218
406.703
244.209
408.681
49.6196
291.282
335.143
149.569
30.1417
311.133
261.088
336.914
370.521
155.502
189.978
169.407
157.534
343.051
308.175
411.353
96.445
275.286
320.091
366.423
270.211
166.866
269.05
396.452
401.52
314.894
184.527
346.212
106.587
340.069
64.0612
50.9879
129.102
112.181
259.722
198.717
118.985
434.164
329.906
352.45
345.199
166.818
190.13
85.3839
382.381
45.868
407.952
400.356
312.91
299.008
164.251
191.733
241.831
345.543
250.245
78.8672
170.011
350.266
246.227
358.183
361.276
271.336
370.015
402.847
232.989
358.73
332.423
272.722
326.005
85.9704
173.641
378.784
256.125
328.276
268.725
339.16
403.275
413.123
302.89
352.356
263.621
122.486
61.5855
223.514
124.985
352.46
332.493
304.734
379.303
300.932
246.26
209.176
159.105
424.229
370.655
236.484
138.416
320.82
344.361
344.655
83.9731
102.787
205.224
37.37
363.968
172.328
163.335
251.973
265.5
380.92
428.999
204.568
213.242
252.131
87.6731
244.886
195.781
355.027
277.708
85.9393
56.7412
46.9819
64.0802
345.723
249.101
310.638
249.094
306.255
247.928
346.001
189.881
412.757
82.1245
342.533
68.7829
308.547
344.907
121.106
312.322
79.1872
60.0535
270.374
109.591
122.433
433.027
337.386
310.862
347.512
369.27
343.583
370.325
102.477
399.124
331.381
286.858
353.725
315.502
417.936
386.799
253.47
77.4126
291.202
312.783
242.703
433.871
180.301
164.71
120.618
176.957
247.332
304.434
251.757
92.3436
184.33
398.576
291.956
325.464
330.171
76.2322
404.76
264.928
313.863
163.386
381.972
375.513
183.951
118.96
309.518
151.261
212.283
282.07
410.739
350.039
234.332
290.216
266.734
370.352
387.9
290.729
322.11
428.316
93.7644
335.585
400.614
306.073
275.891
425.898
120.788
208.184
315.107
431.506
236.872
165.578
197.681
259.062
361.394
402.97
64.5417
100.784
265.033
324.902
365.913
240.135
269.588
393.992
124.061
261.092
420.557
406.477
315.627
405.302
404.624
286.132
119.936
257.595
431.953
319.559
303.886
99.5934
375.028
107.289
393.497
286.353
384.912
45.3894
354.445
119.798
190.527
309.5
413.639
304.276
252.011
302.725
187.163
353.143
211.255
206.345
286.696
365.597
92.8946
412.403
194.87
119.337
274.328
402.808
239.807
318.358
266.231
100.955
375.838
338.026
362.869
250.28
62.5196
366.845
345.943
352.035
390.318
311.497
289.779
289.75
357.861
264.354
328.502
365.2
297.149
114.667
149.197
217.415
398.347
301.371
249.383
423.083
351.726
159.5
229.997
377.317
46.8755
286.314
343.099
244.969
90.185
317.75
110.422
64.8605
350.837
353.002
329.417
252.545
332.004
252.22
373.749
253.7
380.202
327.401
336.296
116.472
374.414
96.8079
137.117
385.125
177.283
259.967
123.117
268.376
218.375
358.466
266.699
223.162
278.299
393.761
230.541
395.491
350.903
244.671
284.355
275.843
383.49
290.533
179.59
315.185
298.794
134.811
272.503
85.097
82.4574
204.729
367.598
397.804
382.177
123.046
311.964
217.837
326.471
327.232
320.951
291.201
245.322
312.124
148.341
418.841
305.047
432.091
322.998
331.743
55.4857
329.119
434.322
338.845
284.029
426.107
251.865
264.546
391.127
345.498
398.759
265.823
91.5036
371.105
430.714
315.853
367.284
381.698
61.0143
203.187
97.7832
353.224
264.17
101.67
101.018
368.169
361.187
220.544
312.085
330.397
213.357
190.816
333.729
287.118
154.084
425.078
155.183
241.477
112.341
391.704
307.818
154.002
291.952
105.103
250.557
210.819
389.107
426.473
193.24
252.558
265.147
338.862
313.789
150.316
183.287
33.3483
335.876
416.032
258.084
182.026
381.239
250.075
232.55
141.266
230.555
346.558
79.2691
322.123
361.716
277.022
80.9109
183.151
433.727
323.671
302.914
258.565
394.302
84.8563
154.272
382.078
374.527
304.678
404.866
345.68
174.477
428.564
355.243
38.7006
129.014
305.469
292.756
293.384
270.72
218.942
209.519
181.491
153.683
422.824
259.466
357.94
157.809
357.134
141.037
244.573
434.765
39.8422
389.514
334.145
284.264
279.883
322.14
146.854
239.642
127.068
76.9343
363.459
329.649
377.101
425.664
314.453
362.414
377.862
363.076
94.3623
228.866
255.433
157.468
400.239
318.65
334.313
169.335
403.05
385.661
394.338
398.73
107.098
399.902
161.824
395.426
256.225
277.881
383.526
392.56
320.329
371.649
268.058
370.715
75.871
395.361
32.8103
381.296
46.0107
185.216
379.66
241.139
295.202
280.799
187.038
390.091
348.071
289.937
383.582
346.387
326.248
392.588
408.09
286.772
339.513
104.554
214.898
296.95
396.926
243.437
339.415
389.853
373.972
320.974
306.338
238.44
386.521
303.024
376.598
193.061
277.104
307.533
248.436
333.213
293.386
186.381
428.299
378.559
334.428
318.9
429.814
307.809
195.212
123.114
281.461
67.0787
251.607
216.305
389.561
302.001
286.532
367.644
430.432
413.444
58.7093
368.769
396.106
169.838
232.559
270.183
45.8919
210.928
280.239
234.48
293.724
268.408
242.71
289.377
348.421
324.218
333.482
238.865
331.089
333.102
227.01
39.622
152.732
282.099
151.891
276.322
287.138
360.939
431.444
43.7936
62.4523
37.3813
265.012
166.5
147.206
134.603
411.714
263.498
320.972
347.354
262.368
170.039
392.794
218.652
376.754
346.783
415.968
82.6519
36.0354
132.254
81.059
186.288
358.615
302.995
290.511
379.42
407.994
284.295
110.416
255.597
347.507
51.3518
314.211
31.5939
261.935
337.513
147.559
296.927
300.858
199.091
160.165
354.297
383.604
325.992
197.397
346.896
430.003
404.562
242.479
405.446
336.518
117.928
237.573
232.701
112.926
241.26
420.174
304.175
323.85
367.538
311.185
65.1805
395.162
136.858
388.527
127.501
386.234
205.284
246.756
117.65
290.867
102.289
266.118
268.669
61.6401
374.665
331.684
276.772
252.806
329.363
387.359
414.53
216.383
229.084
362.617
312.111
346.74
295.115
314.946
366.155
366.433
290.215
232.604
299.265
73.0058
232.546
397.835
130.696
163.964
307.073
155.971
242.62
293.83
249.708
124.401
254.744
270.847
126.265
337.408
284.639
154.851
276.171
361.769
290.12
357.065
300.97
283.331
230.381
295.822
298.805
342.848
332.074
307.063
235.891
119.283
62.0754
426.15
69.5938
298.945
244.64
122.455
389.613
319.164
218.004
252.604
326.826
404.717
259.519
338.305
375.56
262.232
257.413
253.154
305.141
90.2838
126.661
345.187
313.292
310.685
338.266
199.846
158.023
371.102
242.994
195.821
217.955
358.815
422.038
156.929
204.363
278.75
367.291
261.689
192.675
170.902
198.307
289.717
248.101
312.909
314.938
418.52
296.594
276.997
351.293
425.099
349.262
114.544
254.379
236.488
337.258
146.974
62.6223
304.09
131.974
266.857
248.881
260.229
198.53
412.755
195.888
272.317
299.152
137.122
142.943
426.14
62.3903
272.075
278.865
343.065
361.193
410.708
86.9689
81.329
75.7176
43.8054
310.564
297.333
425.288
408.195
324.634
162.978
341.137
256.64
282.624
381.078
297.825
353.262
432.792
383.509
360.472
128.727
294.166
412.244
64.0036
265.671
374.038
431.159
157.91
139.981
90.7826
302.942
363.991
212.413
161.542
415.444
169.526
271.845
378.5
69.8823
276.775
131.24
258.12
119.372
424.703
388.41
384.396
364.339
246.913
58.5087
273.14
68.4123
246.345
340.807
411.441
355.839
283.071
267.995
174.832
297.753
90.6834
364.36
171.414
341.883
133.42
399.059
268.137
338.72
303.963
160.416
125.354
112.639
56.4584
310.623
365.345
252.436
118.437
224.564
313.877
339.497
407.182
110.902
362.25
225.124
388.968
293.568
290.804
349.963
63.8495
398.209
433.815
415.393
174.614
279.682
71.9805
171.919
117.715
176.917
399.357
345.363
419.473
194.564
179.463
294.921
132.227
343.041
156.512
316.837
399.956
270.688
212.371
183.524
73.1521
303.568
132.978
127.814
156.752
426.252
246.071
239.286
392.1
347.193
341.399
133.805
287.276
232.058
284.248
124
119.604
176.89
37.2724
331.785
134.148
297.545
377.365
258.804
279.523
242.439
128.717
167.682
291.291
246.688
309.394
249.965
186.007
245.799
329.15
323.888
259.899
388.138
322.041
382.443
251.095
208.755
186.191
362.317
248.347
371.733
266.005
137.088
359.164
310.59
161.238
249.472
294.058
282.442
431.086
211.872
377.495
365.913
284.098
381.989
137.841
203.774
119.565
125.566
388.486
368.618
263.369
188.703
329.882
163.758
154.651
115.899
428.621
307.678
402.991
170.685
270.344
212.736
270.028
415.251
174.139
333.704
55.266
125.561
346.773
234.443
422.082
218.231
215.086
258.927
357.955
434.588
390.935
98.6845
136.339
409.401
192.384
300.672
247.056
322.962
343.087
334.422
381.187
223.281
296.074
355.642
426.463
239.455
227.489
184.809
70.094
31.2388
338.651
78.7953
290.307
368.319
381.331
129.283
294.191
211.844
247.779
308.325
326.154
321.658
240.829
227.139
244.18
299.083
286.765
388.078
103.811
402.751
267.333
104.544
202.71
359.68
361.756
339.08
434.658
76.0256
240.783
346.292
320.469
287.054
160.996
292.27
248.28
300.064
31.0121
127.641
47.8144
191.206
283.779
297.912
418.613
90.753
418.962
405.505
95.8716
185.594
337.15
202.424
286.523
320.913
328.09
408.091
276.533
344.883
397.208
242.122
332.974
195.187
327.398
279
269.613
258.051
301.622
404.169
431.971
241.099
245.788
269.908
78.3169
165.618
252.595
261.362
173.055
280.19
263.586
31.0103
284.777
397.541
92.0209
195.439
141.553
206.456
323.467
230.098
395.759
353.862
288.109
297.562
135.302
285.49
298.57
234.26
253.276
350.008
96.3719
307.195
101.454
241.334
262.325
427.153
241.696
71.084
335.082
140.216
412.698
160.774
363.375
350.449
158.557
54.4314
315.147
184.777
420.719
324.329
395.719
31.1349
369.743
363.074
312.752
300.184
344.245
269.977
373.76
71.7238
73.9249
312.995
313.59
282.333
411.842
368.457
145.585
161.886
388.638
388.756
178.691
377.947
416.043
48.216
240.979
70.4413
277.928
154.102
284.983
123.895
409.024
297.006
256.542
108.95
292.78
203.123
165.366
187.827
369.21
386.058
405.557
415.817
272.795
262.932
32.4704
205.796
433.042
199.224
343.266
301.258
90.8842
391.399
79.6291
172.923
358.926
322.372
320.828
274.265
405.799
98.7891
408.441
354.181
72.0781
305.178
360.986
236.711
285.795
110.855
389.669
380.213
324.786
310.452
297.471
376.431
106.862
314.845
369.147
312.762
376.55
30.5622
206.483
285.574
270.677
424.006
90.2976
197.212
340.822
350.31
254.868
183.37
433.614
235.038
208.652
317.32
314.276
433.403
411.785
212.456
385.642
134.002
419.393
61.0694
392.877
340.568
144.893
109.223
305.619
218.258
121.155
392.579
273.924
377.757
395.702
432.34
310.009
293.004
424.937
336.054
365.011
79.1936
292.929
185.215
258.823
329.623
145.138
364.396
211.776
299.724
173.125
402.128
290.789
407.074
43.1117
311.662
256.94
65.4612
348.314
253.979
124.908
164.637
236.952
422.329
365.765
339.85
337.295
420.464
33.807
304.113
425.12
364.694
283.895
369.517
407.991
194.732
343.742
368.567
386.232
200.657
360.331
92.329
381.749
407.973
115.057
271.025
406.801
341.06
293.128
347.525
126.967
113.098
117.584
224.942
254.917
209.289
263.643
397.931
419.986
348.445
402.651
139.606
283.474
33.8382
212.382
258.502
278.569
110.028
313.679
315.491
240.891
134.917
312.667
425.879
380.411
151.94
408.469
272.045
329.08
102.383
79.663
330.001
139.007
379.735
267.611
179.076
354.029
389.657
239.924
250.952
349.663
306.589
59.8521
157.153
249.423
327.253
201.257
150.504
118.059
140.731
119.605
342.861
423.456
239.604
372.313
407.467
153.747
391.987
39.6589
243.601
284.133
256.288
167.084
165.072
87.9547
324.458
233.434
235.32
251.479
337.401
298.957
75.2556
329.793
229.536
211.671
187.544
424.244
102.74
92.1743
184.634
200.067
62.3427
189.229
126.81
373.866
375.841
305.705
371.034
296.836
188.548
364.761
272.134
320.086
72.22
354.321
417.025
84.146
320.097
63.1621
295.289
331.432
351.933
327.213
39.4103
370.536
299.707
376.628
182.441
416.823
71.7802
151.49
252.884
278.462
33.9945
157.136
268.906
276.554
324.876
427.593
374.697
240.826
169.815
252.317
81.628
379.881
434.47
312.19
262.879
256.349
343.107
320.846
254.808
179.976
323.988
76.1693
323.752
314.335
165.121
78.0563
199.38
288.402
414.143
200.519
267.348
248.712
186.148
281.368
348.744
221.704
362.013
327.361
121.039
293.798
307.617
414.297
397.88
302.667
302.64
411.487
356.304
217.749
253.91
346.4
241.469
264.332
352.49
359.646
172.074
405.596
317.109
405.46
301.721
253.333
237.608
284.888
381.534
372.258
187.074
244.95
239.452
376.658
259.594
77.4959
373.231
48.0954
328.217
356.872
309.725
284.829
356.124
385.45
385.449
97.8322
387.247
264.494
347.831
371.242
120.38
291.92
399.893
375.666
312.575
377.587
216.023
351.974
207.724
34.6204
368.714
401.759
394.231
418.503
325.935
172.929
311.739
389.512
257.187
346.438
138.544
240.036
329.827
420.516
348.436
382.169
242.997
152.493
411.838
158.266
363.763
341.093
394.562
309.294
364.98
328.29
372.563
370.563
289.29
408.014
408.15
245.93
381.986
146.767
265.106
292.095
242.141
77.0393
204.886
285.116
387.414
283.736
356.445
406.864
162.58
296.608
251.853
379.694
39.8554
173.175
335.201
111.863
258.841
272.251
254.45
405.184
390.715
297.133
274.848
381.292
320.694
284.939
263.45
392.545
234.134
131.843
336.576
289.664
85.4568
413.098
124.704
120.764
244.216
135.763
341.434
108.276
304.564
77.3926
272.538
298.922
92.7065
178.7
372.777
302.036
300.941
241.878
232.71
382.839
276.024
300.844
260.65
417.52
324.121
420.638
112.21
176.508
252.829
302.362
378.947
148.454
296.857
362.266
223.215
165.856
403.617
253.789
209.065
358.227
220.86
237.573
156.151
395.279
197.082
169.989
263.272
359.909
269.563
272.64
346.252
355.488
310.818
402.716
287.969
302.525
147.119
382.998
246.942
317.134
79.9412
419.886
340.157
350.129
328.109
357.109
399.317
380.022
242.979
325.912
334.927
