421.835
284.145
384.122
413.334
286.795
286.795
308.624
192.083
278.928
80.7895
381.27
314.455
328.101
328.101
335.927
393.457
400.264
176.421
147.301
311.615
323.598
384.505
332.091
348.636
228.274
228.274
362.903
303.392
244.331
369.313
392.341
231.928
325.87
370.904
105.302
413.815
311.046
394.028
328.897
314.608
206.166
257.027
293.009
96.1239
418.864
264.599
320.347
380.536
380.536
201.026
299.387
293.39
284.057
283.486
329.173
314.312
276.758
431.997
175.229
308.613
352.601
277.887
277.388
165.806
283.393
389.745
364.242
392.155
301.588
41.8396
335.848
434.493
170.026
386.179
246.379
333.969
387.324
61.9615
131.487
243.377
300.829
300.829
145.873
242.117
273.026
163.142
349.175
349.175
359.279
340.639
217.002
217.002
195.008
422.757
289.346
348.767
348.767
423.86
397.223
309.52
98.1574
98.1574
324.989
352.88
139.988
390.563
395.321
351.33
392.054
321.735
338.268
317.915
282.125
318.1
130.145
270.662
424.029
354.922
122.063
238.545
306.874
78.0869
78.0869
278.42
273.735
370.801
319.627
416.905
366.056
363.818
413.991
119.464
279.911
371.788
333.603
263.936
403.017
79.313
356.072
434.089
390.436
430.847
322.67
408.858
220.424
324.576
288.039
374.485
127.785
239.911
303.022
303.022
292.566
176.996
321.625
211.351
104.86
427.292
292.429
402.707
245.13
415.147
420.864
321.911
369.916
326.811
402.983
105.246
363.397
305.404
281.606
326.432
432.795
176.349
314.151
111.011
266.934
285.814
313.44
386.796
375.076
403.033
257.07
420.66
286.763
286.763
188.952
359.209
412.908
130.252
306.717
278.556
275.075
374.991
374.991
276.3
430.028
55.912
169.152
328.694
328.354
158.302
401.255
294.755
203.88
184.614
216.74
324.358
324.358
376.547
357.687
357.687
149.889
263.07
313.121
358.71
398.581
36.1382
377.647
300.604
30.8181
366.688
177.992
357.746
318.38
291.27
260.773
44.9375
305.109
330.755
109.447
365.241
350.263
249.842
210.902
210.902
370.288
370.288
255.923
380.948
312.475
339.306
359.267
241.698
346.453
124.511
124.511
390.686
294.665
325.609
150.769
278.02
186.344
250.093
311.79
377.641
317.597
273.349
405.622
43.372
171.543
171.537
203.799
84.0578
236.801
326.015
262.958
342.543
322
241.327
324.801
388.99
262.042
298.468
266.46
324.141
328.233
307.561
409.523
421.895
313.751
349.431
328.666
246.175
377.888
313.853
338.719
254.327
116.856
203.256
409.82
409.82
409.406
355.174
357.977
430.064
342.083
106.958
301.439
246.282
312.778
228.713
321.812
325.844
243.606
230.045
215.849
174.195
161.455
424.609
35.276
316.112
199.148
390.969
381.616
350.217
394.297
141.268
133.843
379.265
293.447
184.109
149.849
275.388
393.503
292.891
344.015
59.1029
204.647
380.153
285.997
391.804
306.166
344.027
357.319
360.792
319.777
432.856
331.7
378.604
232.533
388.23
259.161
421.03
433.542
110.01
215.153
387.49
326.383
391.81
366.866
308.31
394.323
420.712
272.927
281.075
353.337
239.238
336.52
280.912
274.348
283.558
319.858
327.861
363.736
383.753
341.571
334.291
408.044
351.208
334.625
346.995
353.386
363.408
392.618
310.488
433.739
32.985
393.776
257.239
280.458
333.656
385.382
348.552
351.972
306.86
315.282
262.017
416.247
346.537
397.5
279.972
152.341
256.901
336.921
378.973
311.522
161.993
320.615
253.514
349.018
369.795
417.45
329.09
406.065
358.065
280.901
315.518
331.29
311.148
253.112
253.112
375.764
189.985
270.846
304.196
288.282
394.977
232.309
333.866
333.866
217.328
219.411
356.59
362.928
342.944
394.136
386.63
343.725
223.475
312.117
432.8
386.912
386.912
403.884
380.611
333.732
334.618
275.933
417.715
411.01
197.768
415.365
38.8452
165.303
290.275
90.0379
306.121
277.252
277.252
277.195
277.195
425.842
108.067
183.801
370.01
281.972
342.595
268.829
349.782
368.063
419.432
328.417
349.528
301.958
364.548
191.164
359.549
302.455
376.287
311.652
401.933
364.553
360.164
298.704
386.946
254.659
220.192
340.451
354.813
319.395
296.953
411.074
432.646
269.601
363.681
239.314
286.205
187.37
228.988
379.944
350.515
249.168
349.672
319.661
186.65
331.889
318.471
385.786
287.933
384.408
384.408
372.817
79.459
80.1986
307.078
371.188
381.928
301.257
301.257
283.256
284.551
92.034
292.837
409.742
409.742
409.742
401.724
390.175
427.792
300.384
154.619
418.873
344.242
314.16
421.933
308.865
308.865
257.007
357.134
412.587
415.684
244.075
319.597
339.651
91.2999
295.704
389.443
417.368
220.527
284.904
383.519
398.081
341.448
164.056
268.501
290.892
140.323
423.119
339.506
382.58
401.948
248.38
254.925
114.859
290.18
390.349
367.528
345.31
170.626
192.124
362.57
349.433
349.433
319.014
166.728
375.941
286.913
434.81
392.784
66.0266
318.149
327.867
354.084
161.02
294.234
272.337
389.014
261.757
332.309
415.706
264.745
350.6
273.279
323.769
362.564
427.263
79.7213
283.571
299.812
299.812
322.892
322.892
72.9588
72.9588
301.819
301.819
372.708
251.207
401.51
367.652
292.035
356.517
78.6528
226.801
370.056
322.975
322.975
336.481
380.723
415.871
145.144
244.144
339.55
238.177
173.904
292.691
325.964
87.3225
382.809
383.304
283.186
361.201
282.127
236.568
293.651
392.208
242.572
430.4
348.805
348.805
274.201
339.136
330.61
324.427
315.759
393.381
380.834
263.963
379.371
109.942
109.942
213.154
360.086
371.231
240.463
240.463
307.128
89.6512
94.1127
353.23
280.868
356.29
391.148
390.186
358.055
239.474
282.71
176.82
389.501
274.997
330.939
310.929
304.599
156.323
315.863
315.863
131.244
393.55
276.005
169.017
319.893
316.234
98.9059
302.426
404.507
165.939
165.939
346.207
256.675
291.109
356.811
203.702
67.4346
147.697
331.712
416.474
413.853
246.696
343.36
299.237
340.971
218.031
292.916
327.543
276.678
251.145
336.565
434.662
379.94
400.534
403.639
403.639
367.705
295.69
410.633
332.285
249.686
254.39
335.781
374.32
393.675
300.3
304.804
284.273
103.547
103.547
338.437
338.437
208.636
245.383
416.49
416.49
385.187
359.24
303.869
303.869
349.301
338.728
337.159
328.371
340.072
340.072
233.122
401.914
330.249
155.698
367.11
261.975
315.094
366.579
299.062
299.062
315.262
356.346
120.64
125.94
308.192
420.472
318.847
366.728
346.915
346.843
186.281
401.225
132.915
410.329
389.99
352.159
355.727
349.048
402.311
290.74
358.58
309.496
232.98
314.442
242.774
283.385
186.905
299.392
332.604
332.604
239.744
321.949
398.939
302.193
328.193
413.068
263.646
243.016
375.678
274.795
340.076
401.568
294.305
360.477
198.492
251.26
288.724
363.896
404.17
305.676
378.857
134.244
285.575
206.809
206.809
67.9636
316.803
244.884
378.715
284.383
360.515
371.048
390.276
426.841
426.841
78.1573
339.751
131.226
413.382
398.364
279.352
248.357
411.876
412.543
361.9
361.734
382.759
294.274
132.027
106.03
364.823
422.49
422.49
282.588
283.544
321.793
336.903
302.105
395.957
415.6
308.208
328.078
422.86
337.839
216.589
339.967
410.661
80.9035
400.562
217.534
426.284
374.349
344.901
110.671
253.66
50.8604
394.807
131.357
337.066
423.754
357.955
219.596
47.6616
417.124
431.258
209.571
66.8349
340.811
364.635
81.9321
383.663
423.875
357.385
86.5548
302.372
158.665
182.124
293.844
293.844
257.794
378.614
416.167
392.09
394.685
212.39
212.39
334.199
352.899
307.056
293.712
311.456
349.64
334.408
175.027
367.092
395.587
386.024
271.619
271.619
87.4191
349.56
361.292
423.438
398.983
389.577
239.358
405.608
331.791
38.4315
38.4315
215.437
40.7084
330.283
405.609
397.555
374.817
138.881
363.392
332.169
343.331
389.995
314.939
311.568
324.697
198.762
340.269
340.269
52.0142
429.102
373.636
348.56
315.368
421.323
299.394
168.639
375.641
335.174
353.558
133.982
338.392
417.069
80.7559
321.514
341.765
153.379
255.778
425.589
292.673
109.327
407.382
260.095
260.095
354.167
73.9988
73.9988
126.979
119.177
426.425
381.362
397.369
374.975
232.929
163.962
372.461
421.281
414.225
307.024
266.23
282.685
293.928
394.513
239.931
346.524
358.86
358.86
247.474
353.889
120.422
332.501
381.804
285.92
332.963
332.963
342.006
329.009
413.794
395.392
345.89
154.549
139.596
181.251
302.532
328.901
325.8
404.13
350.181
350.181
328.914
397.28
416.817
325.245
269.233
311.631
349.745
300.195
365.901
365.901
369.709
372.017
328.692
364.383
349.288
376.316
221.799
255.649
176.526
85.6449
57.1417
237.232
412.015
166.065
166.065
268.789
382.531
295.933
355.003
319.823
308.448
367.741
384.126
371.035
313.982
296.077
412.168
429.945
242.61
220.242
242.258
297.921
292.457
400.016
323.056
249.674
323.428
368.851
182.365
355.093
236.863
331.418
107.701
223.098
314.886
348.922
429.931
31.5825
411.087
308.397
276.24
244.681
382.515
273.512
366.797
270.758
57.9375
330.292
163.295
163.295
380.47
296.847
375.726
375.725
322.866
422.323
340.943
296.807
418.843
418.843
287.692
222.038
397.245
333.537
358.491
293.512
244.017
253.786
298.534
276.267
276.267
428.141
399.115
181.819
394.144
321.13
100.649
374.184
298.262
397.482
217.853
122.024
81.5937
386.003
47.3
413.148
32.7538
231.83
395.668
395.668
277.7
117.937
241.611
366.118
413.393
380.485
315.371
184.376
374.226
295.621
342.027
327.467
394.259
394.259
152.202
178.473
366.057
198.896
433.153
84.6333
239.022
385.737
340.039
346.405
421.95
338.161
355.706
329.865
303.315
416.946
404.673
222.176
38.033
288.885
427.848
418.757
310.994
330.667
339.575
303.91
300.873
420.707
44.0019
94.187
424.456
62.2685
338.336
352.881
39.3926
304.031
182.923
429.695
357.569
409.693
397.344
97.2279
97.2279
116.655
384.669
149.613
337.236
174.912
318.46
313.957
383.775
406.273
347.781
347.781
38.3843
349.133
265.736
35.1292
283.31
314.117
202.331
333.824
362.449
75.7124
316.04
297.248
77.144
38.9149
100.048
74.5254
341.721
313.546
242.23
377.736
317.834
318.392
413.967
307.952
419.847
395.731
285.7
305.982
179.795
32.2544
331.579
252.004
271.699
148.326
84.4184
395.664
208.887
284.838
390.497
377.513
317.956
325.016
367.673
296.131
382.622
162.348
141.677
203.441
385.116
226.327
275.332
324.094
412.347
412.347
422.487
155.321
416.094
378.729
431.659
302.345
302.345
225.851
371.648
181.062
344.581
179.606
392.324
417.98
214.29
368.12
206.272
135.929
253.794
393.022
249.672
430.56
395.365
350.117
270.464
317.533
233.579
291.676
394.966
243.807
243.229
323.236
421.856
289.631
144.428
334.942
265.007
391.164
422.959
388.31
353.339
434.704
263.696
322.551
348.386
324.547
227.626
114.653
233.031
380.849
229.472
410.228
107.816
107.816
294.633
369.664
358.598
334.941
233.04
233.04
390.548
253.526
241.84
241.84
72.9433
275.816
391.188
263.174
127.145
419.461
364.757
329.641
317.401
232.747
325.353
390.556
314.106
265.752
165.43
392.109
381.957
367.924
367.924
259.461
399.57
348.668
331.434
293.918
303.541
305.844
410.718
425.151
368.405
334.374
334.374
326.188
98.3512
313.699
342.919
348.877
151.426
323.355
225.714
403.955
338.76
388.963
332.158
344.188
344.188
363.207
394.529
248.591
171.787
434.695
321.582
112.932
284.335
285.743
187.113
341.546
315.598
400.528
371.742
347.464
240.63
382.995
310.481
367.407
303.163
295.454
51.2396
240.627
277.614
418.253
392.471
327.974
234.111
317.053
328.176
139.522
392.08
340.775
303.551
318.348
414.334
383.389
282.794
434.7
410.057
69.1529
310.657
95.7649
288.746
348.492
302.582
400.213
265.574
279.931
361.448
274.577
274.577
340.747
340.747
386.277
215.142
395.962
252.125
315.535
342.777
371.702
100.284
407.943
316.113
270.083
270.083
227.895
386.613
126.374
381.972
418.613
203.735
307.364
401.913
349.902
356.664
196.948
379.054
314.899
388.823
393.116
320.463
238.445
422.698
330.874
319.336
110.677
330.24
159.924
199.476
244.02
186.188
303.978
267.054
323.104
389.785
46.9734
273.132
205.642
326.767
330.001
309.037
405.772
212.72
183.488
148.296
287.612
309.095
133.688
428.34
359.12
318.305
341.581
297.4
309.446
402.204
316.988
322.41
85.2694
194.795
65.3247
320.572
346.739
358.874
338.447
220.634
331.554
349.214
256.183
255.935
272.73
410.789
342.683
317.958
342.974
260.382
254.684
387.69
33.7849
403.325
371.886
203.845
300.575
298.612
426.939
180.647
394.142
163.581
339.149
372.295
291.413
276.609
413.053
85.5601
165.398
335.515
249.629
367.077
367.077
361.527
364.124
338.208
110.388
279.575
135.11
377.022
377.022
188.755
263.57
422.185
316.349
420.609
303.332
303.325
308.674
321.982
297
124.223
290.435
328.942
385.908
144.756
425.167
400.103
400.103
32.5771
357.631
429.54
337.824
339.309
300.878
200.858
426.7
313.711
314.959
276.156
280.185
325.057
284.378
285.595
118.548
369.226
326.622
325.688
336.431
362.152
353.469
280.933
280.933
152.407
317.537
243.163
249.243
289.859
325.604
251.742
272.714
286.547
352.398
234.212
356.248
401.26
335.642
267.664
374.169
316.733
316.733
399.761
162.257
306.324
264.697
144.592
141.895
329.96
274.367
339.339
268.566
333.268
368.5
427.441
296.9
256.964
256.964
269.817
394.766
312.975
323.532
295.237
177.67
292.252
427.238
209.004
246.229
159.941
373.133
373.133
380.752
143.696
294.837
364.084
180.443
349.045
288.908
199.214
398.215
373.289
398.458
367.793
166.341
350.228
292.387
286.91
373.093
393.307
348.224
348.224
374.664
244.031
244.031
216.053
275.922
361.624
382.568
382.568
348.888
346.437
355.205
105.767
105.767
170.597
363.453
327.05
329.261
108.368
376.027
346.77
89.1483
316.243
414.592
258.992
434.717
134.613
333.016
313.872
374.843
374.843
303.035
251.279
372.724
382.927
52.0764
255.249
420.119
415.907
381.909
103.903
243.695
432.71
432.71
337.148
303.065
63.8503
274.981
168.369
310.69
168.346
294.598
413.671
303.475
374.535
395.674
404.404
340.267
262.868
404.316
270.845
230.007
333.153
355.963
333.791
271.523
410.264
404.612
358.797
358.797
205.392
43.0104
390.641
345.877
331.4
303.339
416.252
336.825
314.114
310.466
296.316
234.498
393.894
280.767
363.746
256.058
153.303
267.259
402.589
324.13
184.528
335.616
207.273
319.688
341.35
372.74
247.007
289.458
52.1529
100.224
366.607
383.051
296.505
292.344
141.802
237.732
290.15
329.512
343.088
315.482
422.934
393.661
341.482
298.09
332.525
318.727
258.7
374.429
205.571
127.99
295.763
369.883
397.633
351.746
350.533
405.223
330.046
303.782
296.405
296.405
306.37
100.951
40.9994
393.798
393.798
156.398
403.997
225.196
359.076
386.793
250.987
322.753
293.3
312.103
352.797
392.983
360.451
360.451
383.659
383.659
383.664
383.664
98.7642
340.805
421.695
252.272
429.718
393.03
249.113
399.037
156.485
156.485
424.055
213.603
432.213
295.771
151.218
352.908
310.161
325.62
330.427
150.436
191.616
364.223
394.441
312.14
368.307
394.347
393.618
383.375
402.232
401.857
299.855
411.823
336.771
105.122
238.847
264.864
345.902
243.265
311.929
328.212
364.895
295.512
264.113
339.197
433.732
408.126
335.819
363.065
368.039
322.289
376.87
321.414
362.634
336.357
337.611
432.651
397.326
397.326
113.623
294.696
31.1815
258.868
271.263
271.263
357.432
319.602
386.678
173.248
243.483
312.124
263.658
324.831
223.309
305.256
347.919
274.849
239.063
234.723
83.7627
323.106
200.696
263.19
322.118
355.216
327.146
235.943
310.847
369.73
369.73
333.05
422.215
308.25
308.161
160.245
375.318
36.822
410.13
412.705
382.904
378.955
324.699
352.68
229.076
418.806
399.319
299.9
299.9
296.68
324.637
270.236
340.11
392.403
299.199
123.649
353.774
348.006
348.006
370.226
351.164
217.649
243.968
112.592
348.274
313.85
172.785
375.288
395.766
233.704
233.396
386.785
337.296
332.488
360.098
389.405
321.012
146.014
343.529
415.836
258.575
264.929
421.227
140.635
261.593
328.331
304.777
175.399
312.558
312.558
315.127
314.322
369.448
319.808
356.933
81.8867
307.066
384.099
316.649
131.554
314.643
370.553
321.5
311.628
345.092
345.092
334.385
332.854
303.866
391.354
410.907
313.898
379.209
379.209
370.527
327.271
328.861
328.861
346.201
395.315
321.517
362.816
387.964
407.782
325.35
325.35
112.925
418.577
319.287
276.346
361.509
357.74
317.432
317.432
87.1342
206.452
185.913
49.3729
300.598
300.598
353.4
48.1612
48.1612
335.868
212.6
212.6
324.998
163.616
224.335
385.455
410.146
306.229
370.575
377.214
329.41
333.853
183.777
319.165
425.803
425.803
301.143
340.688
133.167
404.584
140.171
340.602
344.183
232.495
344.382
367.909
284.61
284.61
374.843
386.985
304.204
373.69
318.246
403.667
310.756
310.756
302.46
376.535
275.134
111.112
299.924
239.883
385.222
229.204
283.198
306.422
134.458
392.18
74.0212
288.82
406.761
341.304
411.094
290.142
341.958
365.464
365.387
279.684
262.335
346.127
304.209
341.95
432.552
432.552
130.48
252.886
385.811
341.834
408.585
300.047
291.542
312.713
385.378
349.343
397.786
322.363
93.5969
201.748
372.543
286.302
293.87
345.971
350.75
277.898
363.145
409.661
347.818
321.395
385.527
337.5
167.491
393.259
286.061
286.061
312.716
312.716
326.735
373.486
421.871
352.596
335.706
271.894
165.874
301.151
318.736
419.255
356.643
34.6403
392.27
236.105
336.705
337.434
320.05
147.978
338.079
259.186
294.066
176.165
314.345
350.488
317.087
250.021
351.898
122.749
398.287
342.361
78.4099
302.104
425.863
385.525
332.115
353.517
353.517
342.803
433.164
312.524
255.262
354.888
340.922
424.39
302.649
431.325
380.927
415.456
208.628
366.048
348.106
301.605
292.095
397.012
300.055
104.05
372.953
364.527
330.394
378.789
337.958
215.7
432.456
268.641
218.138
296.283
105.237
320.896
204.297
416.578
219.38
383.485
257.922
322.915
179.352
335.184
95.0617
68.7242
35.5368
382.683
347.276
166.437
244.599
375.603
151.231
343.822
311.297
365.392
355.038
402.348
420.407
218.081
358.104
304.957
322.696
257.165
374.961
173.346
303.385
284.324
419.146
413.652
329.583
390.336
359.788
405.497
268.938
375.753
375.753
243.812
364.507
304.212
337.654
347.098
95.548
208.88
294.899
427.925
45.7569
395.651
259.479
191.707
399.753
119.634
119.634
429.626
257.538
215.173
215.173
414.224
410.397
352.376
393.038
385.441
374.914
339.27
376.654
253.182
361.614
233.899
194.878
322.666
282.11
267.896
235.343
415.486
262.201
357.731
220.039
425.913
321.496
321.495
290.994
282.181
387.457
431.273
236.777
262.684
60.6692
322.458
357.933
70.7927
361.203
407.185
347.222
386.339
298.284
417.637
332.704
381.757
46.4525
379.967
386.901
343.21
277.352
351.862
352.297
362.094
416.509
311.47
59.6929
335.045
258.227
370.875
271.1
364.846
91.2591
422.516
333.044
370.541
421.723
400.01
340.592
308.275
258.812
324.485
394.676
399.602
382.892
386.997
265.576
301.131
301.131
272.666
374.136
354.456
324.727
317.399
432.04
341.453
294.761
356.805
252.521
135.045
279.11
51.008
242.321
365.888
312.083
387.838
359.374
242.271
371.278
251.414
359.643
344.876
325.829
342.202
91.5884
336.518
338.488
351.191
418.546
367.028
201.525
395.326
364.681
297.444
247.505
389.875
389.875
391.599
290.398
389.946
257.339
405.824
344.4
225.665
414.073
371.773
425.809
394.261
345.624
323.299
374.137
303.443
249.753
249.753
312.622
304.658
195.568
335.654
335.654
94.2354
338.425
417.478
366.193
294.012
81.9415
378.711
116.369
328.509
356.492
268.532
54.3423
54.3423
334.919
374.708
404.925
312.767
390.194
120.677
388.678
178.355
386.467
329.459
353.753
355.929
345.714
321.513
262.396
400.524
329.042
428.091
393.375
413.881
222.716
277.749
385.996
271.349
334.582
257.711
338.337
131.899
347.09
211.573
344.841
287.511
355.303
33.0978
320.831
308.791
346.717
225.783
190.536
283.732
283.74
376.837
63.6724
95.1789
196.527
427.154
264.699
109.926
329.072
282.511
322.071
364.951
263.875
354.376
267.296
201.764
392.924
401.338
362.742
207.526
179.077
311.19
409.059
347.248
210.266
144.289
317.091
305
409.458
289.807
300.521
387.455
108.371
339.604
313.391
414.679
336.706
382.619
82.172
409.652
273.104
304.502
220.906
271.544
378.831
345.843
432.572
274.87
274.87
313.612
315.272
335.311
428.518
428.518
102.473
285.104
164.645
102.243
403.124
344.841
405.871
169.34
289.993
282.112
227.698
264.262
299.768
360.125
360.125
375.273
373.299
312.784
301.873
272.706
358.718
318.887
60.943
135.73
318.431
315.05
318.754
411.337
365.484
94.0441
133.32
314.092
368.436
293.583
354.052
372.978
249.099
369.818
356.955
258.697
303.466
325.772
287.625
351.276
351.062
357.619
319.749
203.821
256.978
387.752
329.957
262.536
248.113
274.492
294.14
138.24
138.779
318.608
345.491
132.513
188.38
188.38
309.751
434.322
303.17
89.6916
82.3099
308.599
195.825
260.305
312.547
312.547
424.107
284.744
370.278
364.54
312.89
315.36
430.617
340.628
281.374
253.5
223.741
303.577
414.43
419.47
412.851
275.662
360.018
291.974
212.024
281.43
428.974
344.282
365.672
361.243
294.153
294.825
291.718
232.379
269.33
292.641
378.007
409.776
326.894
180.893
405.641
337.9
429.167
349.825
252.222
252.222
379.704
292.159
296.756
348.953
337.184
295.997
346.605
356.54
282.352
371.03
356.888
225.167
284.797
314.593
183.007
383.139
266.426
266.426
307.261
303.467
330.752
174.395
66.6669
147.039
320.472
176.662
211.059
361.902
294.018
236.643
368.529
197.711
190.871
295.813
397.363
410.847
116.108
365.045
273.98
253.173
272.76
255.154
242.264
324.911
396.314
303.844
318.895
270.145
432.574
380.613
370.145
382.136
205.499
324.384
305.225
299.519
241.643
318.062
329.254
348.083
375.929
221.165
429.77
345.972
324.101
324.101
181.594
336.585
286.645
357.005
369.725
379.508
328.386
339.077
154.815
423.618
234.157
298.145
420.354
426.716
309.138
246.326
297.337
411.655
382.4
320.232
422.567
105.299
105.299
128.145
321.931
358.942
335.39
304.474
47.3737
423.468
351.23
351.23
320.85
320.85
195.228
307.31
292.872
349.31
381.851
350.382
371.833
359.636
330.081
77.8479
371.217
41.7798
363.885
321.518
159.608
100.859
308.791
395.077
433.142
306.96
179.939
99.0695
296.921
380.459
291.686
363.736
433.765
281.815
427.725
334.111
334.986
321.39
166.846
356.279
324.941
300.406
373.575
373.575
237.369
255.67
367.646
251.314
184.559
407.308
239.743
291.708
391.412
50.9945
317.137
400.144
400.144
381.481
183.508
413.442
417.536
393.533
334.76
259.408
259.408
193.347
193.347
339.624
153.568
319.526
306.369
424.117
205.378
62.9273
342.255
120.623
325.029
150.445
389.069
384
249.461
380.606
163.357
163.126
266.709
368.406
323.959
154.653
391.16
294.604
294.913
143.189
222.607
392.931
303.014
422.879
341.151
411.256
375.395
375.395
212.059
246.055
175.854
416.926
397.33
322.362
325.336
314.08
71.4631
269.115
314.075
398.588
406.827
335.105
347.091
347.091
422.63
66.6098
213.582
256.146
256.146
47.1132
111.542
322.913
421.703
338.475
174.672
414.07
252.404
317.19
344.847
309.346
371.968
355.349
340.94
224.546
254.079
368.685
145.837
340.711
333.011
298.432
385.458
339.487
185.927
427.83
308.776
308.776
322.572
352.213
275.606
195.864
382.866
260.064
233.074
280.728
364.219
421.907
331.511
309.978
317.409
409.763
309.412
255.068
278.52
192.823
245.759
365.348
389.693
222.692
316.986
281.133
112.155
378.402
362.055
245.874
205.539
381.871
294.919
294.593
404.389
179.315
396.243
395.71
398.655
268.928
119.669
208.344
149.632
110.116
48.4958
309.286
249.915
258.195
342.46
430.82
284.575
337.13
373.265
155.784
299.552
220.918
218.89
244.268
240.884
240.884
294.169
290.939
355.032
56.6551
430.424
374.988
180.96
134.594
134.594
314.637
294.411
217.436
294.296
429.157
431.536
116.052
398.77
183.587
337.828
340.298
415.809
284.788
347.321
349.695
214.037
235.338
386.633
382.055
331.421
281.726
236.07
301.916
317.81
289.953
372.275
293.857
361.891
311.163
387.216
354.585
309.222
232.474
157.042
392.171
306.452
247.498
149.983
339.42
327.155
376.251
307.985
404.01
398.513
106.446
271.74
389.897
412.533
293.296
417.211
297.081
357.225
424.418
377.449
317.475
266.023
423.258
242.03
417.58
417.58
272.768
308.44
310.667
156.056
384.653
109.079
367.394
397.282
411.64
111.653
252.796
282.376
293.542
190.1
382.994
395.483
278.033
310.745
431.36
381.017
373.044
204.176
352.326
411.457
291.182
373.693
394.982
319.546
68.6798
287.577
353.688
389.385
352.166
289.086
294.255
249.766
309.673
236.894
390.555
232.317
332.478
332.478
415.617
274.741
395.613
310.508
310.508
277.573
260.697
284.634
358.306
264.179
264.179
79.2565
282.243
389.137
350.915
425.305
356.879
260.672
353.315
346.013
299.425
312.208
377.122
304.693
233.611
366.559
407.602
303.566
400.48
354.329
429.329
429.329
229.005
229.005
239.696
139.102
321.181
233.21
303.399
229.891
346.943
273.9
368.815
320.767
328.685
159.352
386.45
388.826
368.131
343.649
343.649
295.264
84.8576
431.753
289.475
289.475
345.577
345.577
432.204
366.185
390.618
295.314
421.398
412.601
386.962
380.577
372.53
304.073
284.272
351.528
429.122
359.279
296.48
296.48
363.425
301.193
329.207
358.756
320.071
398.454
402.939
308.772
176.551
176.551
390.339
314.048
370.653
309.325
177.097
354.803
128.456
354.007
160.554
398.328
284.07
126.205
320.818
202.632
167.153
210.915
392.724
380.566
73.3892
415.164
411.392
196.136
328.852
388.536
328.888
262.36
352.468
344.955
402.676
402.676
294.287
361.262
355.029
311.481
185.798
416.688
115.095
357.468
310.42
391.703
394.984
394.984
400.049
416.151
355.891
428.238
274.341
155.602
350.73
60.4823
332.22
377.392
377.392
85.8478
325.044
395.574
225.12
236.112
264.061
361.336
174.271
386.178
275.992
333.326
256.882
308.848
397.724
304.852
373.603
175.174
347.616
367.611
357.376
364.067
332.773
257.104
257.104
139.966
372.141
302.861
302.861
325.772
351.557
364.075
364.075
344.802
103.909
209.571
422.038
236.479
384.442
312.775
214.71
240.854
374.094
392.529
408.275
306.858
297.32
244.245
315.51
325.217
275.165
308.262
310.846
427.488
426.605
374.73
295.364
326.871
277.606
384
348.739
397.673
332.462
152.902
422.199
341.75
229.03
316.413
324.425
415.953
266.183
300.976
424.185
340.149
298.544
298.743
378.029
414.194
324.886
324.886
307.361
391.351
274.369
360.599
426.802
312.748
303.001
262.074
46.6846
359.518
266.129
366.524
430.311
244.919
379.342
361.973
346.308
353.486
388.794
241.539
249.878
417.176
432.62
339.99
408.316
347.754
92.3196
337.893
327.902
108.34
373.36
286.442
317.923
92.2412
136.544
419.077
283.581
372.991
169.06
330.949
298.019
298.019
253.681
111.675
197.27
303.752
136.718
188.857
329.945
98.8764
301.749
313.033
379.124
368.305
265.208
344.317
209.264
309.638
309.638
41.654
300.122
372.535
294.642
44.1518
382.688
260.098
301.614
423.063
423.063
337.119
337.119
307.757
99.2429
155.57
361.861
372.994
287.187
239.068
270.061
409.416
366.095
430.526
373.951
404.391
330.811
285.854
394.161
270.186
288.688
193.108
371.523
353.259
109.562
373.798
410.997
291.416
366.343
315.498
231.686
137.786
156.436
275.666
323.04
328.501
100.89
182.976
191.168
328.906
408.291
292.267
164.426
403.582
318.533
209.198
353.97
261.39
400.019
125.628
322.967
383.639
363.511
387.813
348.435
287.204
257.667
378.668
140.455
196.665
255.774
306.139
360.141
414.986
354.329
346.505
193.788
330.615
327.201
399.065
88.127
399.433
184.837
184.837
334.993
221.982
199.594
194.461
307.714
339.818
339.818
309.768
309.768
46.0702
271.141
402.382
195.164
193.741
249.544
247.365
319.806
319.806
306.631
314.893
377.227
315.627
315.627
394.697
363.754
421.825
421.825
353.439
113.887
313.218
307.016
307.016
317.284
291.796
205.636
192.172
413.877
298.524
405.479
162.146
134.163
331.72
308.43
308.43
179.354
286.956
305.751
318.381
375.128
239.278
322.866
287.202
332.826
384.376
383.862
95.3852
241.423
319.766
386.41
272.327
286.921
263.785
263.785
347.405
273.775
299.645
335.561
390.177
122.232
347.143
279.479
262.392
410.635
322.733
369.135
347.733
303.231
350.595
336.464
336.464
279.023
122.19
372.553
364.435
317.938
327.021
96.6738
250.192
321.524
272.065
117.783
343.888
337.919
319.879
237.585
397.033
38.6475
402.584
336.882
362.928
382.726
377.315
142.855
251.32
351.642
298.988
415.682
348.931
399.65
292.084
375.988
272.682
250.282
341.488
287.761
428.115
339.175
352.529
365.656
328.075
111.059
352.448
366.079
173.976
47.9186
42.0236
332.778
308.675
282.762
374.399
275.293
298.011
255.403
323.513
416.443
239.977
264.062
319.308
330.412
306.23
96.8899
232.383
232.383
365.508
365.508
358.945
380.464
380.464
279.466
218.665
229.348
376.611
376.611
211.797
263.71
104.093
334.223
419.023
350.717
335.868
275.632
393.047
391.118
295.528
414.723
235.416
65.0565
65.0565
297.96
320.606
390.34
432.582
432.582
363.22
347.239
237.661
118.309
118.309
421.954
434.86
346.139
424.536
304.843
183.387
300.856
224.486
434.873
412.086
135.038
346.226
253.708
176.237
359.988
116.822
383.199
180.299
209.208
286.104
81.3027
62.5802
428.545
272.86
184.663
237.94
388.566
115.535
124.278
317.165
211.376
381.766
410.506
58.8957
159.653
368.449
368.449
238.252
232.245
232.245
232.245
282.65
226.658
218.972
316.322
360.688
155.308
343.7
307.232
366.018
355.644
60.063
229.934
433.733
200.602
427.547
376.373
384.716
384.716
51.305
313.102
389.977
212.59
378.147
80.455
329.164
260.919
260.919
359.812
76.6135
407.231
323.842
307.123
378.546
427.355
371.034
237.583
237.583
379.351
267.871
376.981
383.591
324.768
388.711
373.556
181.432
226.149
267.439
267.439
291.064
291.064
379.934
292.79
307.98
424.746
424.746
242.014
315.357
297.908
297.908
72.054
156.005
365.158
147.367
332.45
407.516
389.012
386.617
388.202
306.884
257.584
58.5027
330.838
277.092
387.054
332.908
369.856
369.856
356.456
159.283
134.15
190.349
362.72
362.72
358.44
316.21
316.21
244.001
244.001
290.42
32.6944
277.053
398.746
277.139
433.762
356.147
356.147
239.938
314.063
276.251
338.904
325.542
433.673
433.673
331.379
331.379
277.226
71.3684
196.848
40.916
371.065
345.316
390.761
390.941
322.946
352.776
56.1059
265.522
347.689
307.859
300.126
282.484
414.504
342.106
360.094
319.809
353.743
343.999
372.092
232.18
344.121
342.306
294.302
388.009
85.6473
386.503
386.503
167.627
298.918
310.845
361.171
235.56
72.721
313.753
246.194
408.63
388.811
405.653
392.321
353.81
313.786
375.546
355.253
338.244
278.528
235.592
366.938
286.268
332.685
219.985
109.76
357.442
275.288
186.931
365.385
76.5414
330.949
239.734
133.192
175.337
337.295
295.426
121.907
389.644
343.974
271.073
288.512
88.1932
88.1932
272.03
359.953
188.274
430.62
334.918
209.29
381.707
188.187
284.569
394.631
281.81
392.187
151.671
369.265
369.265
231.557
345.274
307.698
307.698
383.408
94.2898
152.548
73.9404
300.047
319.048
341.403
296.88
70.0946
76.7985
367.774
351.503
191.724
418.661
299.739
280.131
291.338
175.416
424.411
279.366
272.025
272.025
305.949
101.465
310.54
288.478
395.331
277.116
220.188
358.126
300.324
386.29
367.682
328.127
333.376
388.223
312.58
312.58
96.5322
356.701
159.664
44.638
122.092
237.991
338.139
112.35
365.736
297.231
424.461
421.819
247.711
158.991
202.549
356.544
355.158
303.725
261.211
377.88
197.443
197.443
331.443
287.686
311.807
364.298
434.038
134.358
277.198
410.433
268.608
357.763
302.825
224.235
252.415
314.951
312.249
402.879
373.304
319.941
269.102
81.7263
270.776
346.705
372.724
330.018
377.013
377.081
70.4055
332.56
386.123
423.289
287.053
359.513
292.453
267.296
408.907
233.392
429.993
381.689
386.86
279.676
331.508
405.983
171.861
385.129
298.8
428.405
381.622
296.958
264.875
385.073
346.71
298.858
352.395
275.03
260.175
239.709
154.767
284.715
284.715
262.14
127.16
377.039
310.075
349.528
298.385
341.766
245.516
245.516
352.592
433.247
433.247
281.822
255.818
394.671
411.28
318.681
420.673
423.581
292.146
417.296
417.296
358.576
362.516
432.121
364.1
346.57
322.995
252.26
300.855
432.585
297.35
394.045
64.6632
358.513
272.802
273.296
153.292
108.831
305.658
392.882
363.192
75.35
371.416
53.5032
299.559
287.244
262.817
409.387
306.653
306.653
144.984
327.02
401.06
296.989
347.395
233.024
413.329
289.762
376.402
352.275
376.863
349.314
393.731
85.8029
383.449
345.683
377.691
340.128
403.715
380.384
354.051
336.497
275.769
241.214
252.248
372.308
362.911
421.012
341.065
227.801
388.921
341.779
341.779
246.141
394.581
407.072
206.76
316.722
212.021
242.743
240.564
300.565
264.537
408.281
421.715
331.067
274.717
329.271
329.271
312.037
277.295
84.4916
359.077
194.619
146.489
87.7541
263.254
295.936
396.384
398.03
293.214
340.72
340.72
334.509
180.353
205.385
405.218
335.33
362.403
367.03
274.136
340.089
384.32
233.21
363.9
164.453
164.453
363.388
269.367
244.875
223.3
314.303
340.929
406.437
299.887
326.77
92.3467
303.662
355.041
295.363
328.566
265.674
298.922
253.801
330.112
275.675
353.775
334.976
326.385
405.377
231.306
45.9113
173.656
382.029
264.582
259.514
277.686
251.626
407.57
183.707
285.737
236.229
379.65
356.166
339.464
222.435
421.761
377.224
166.983
379.221
427.985
308.067
359.319
197.864
373.072
301.446
355.653
259.252
259.252
380.165
332.1
376.011
317.196
318.462
250.71
374.115
374.115
413.549
384.781
268.921
322.97
367.979
357.802
371.512
353.05
410.548
399.969
320.615
318.505
402.578
173.585
128.452
398.336
229.289
285.826
193.203
234.815
234.815
245.054
343.247
214.037
402.789
301.271
301.271
74.0728
176.877
420.327
349.707
109.254
306.95
372.5
311.083
311.083
430.617
66.7277
189.945
358.958
268.896
307.891
407.28
351.089
351.089
342.378
420.252
329.5
346.62
277.827
101.958
344.809
379.674
201.295
277.534
293.204
141.757
177.286
55.4287
308.869
308.8
74.7913
324.005
265.244
393.541
391.578
232.318
232.318
330.537
433.959
267.652
296.166
296.166
249.595
283.937
262.635
419.949
324.96
370.778
317.926
51.8548
430.821
416.328
217.364
119.624
308.349
297.966
75.8769
125.939
375.356
298.872
160.593
253.764
412.783
392.618
410.193
375.106
316.09
317.204
317.204
152.96
310.297
131.415
359.697
69.0684
123.427
40.8692
81.8889
341.746
270.38
431.425
364.153
109.755
267.8
331.936
331.936
389.216
407.593
302.797
173.506
52.0413
162.768
162.768
387.476
387.476
233.426
233.426
365.513
130.47
380.417
180.98
217.966
418.104
372.952
330.138
353.415
232.318
211.42
335.555
373.956
191.967
59.5463
302.919
196.723
360.185
60.4289
374.994
374.994
302.907
34.2498
339.937
339.937
346.106
372.329
151.789
248.484
393.527
342.054
237.896
216.773
247.603
317.054
425.908
269.674
409.537
272.073
407.094
196.704
184.339
300.116
376.117
380.947
320.461
282.557
282.557
315.022
394.937
293.547
362.891
226.551
319.171
330.092
355.666
419.662
311.039
332.646
162.628
58.8213
233.342
429.978
240.411
420.627
395.179
89.2473
329.211
317.44
356.646
258.221
252.277
261.803
185.361
335.126
86.8249
272.163
272.163
270.726
305.161
434.778
322.989
318.988
318.988
290.606
393.098
143.066
390.325
396.649
330.988
147.786
395.953
240.256
337.274
196.717
381.218
266.42
326.099
394.794
214.953
310.919
107.479
81.8907
388.838
433.371
326.368
406.98
406.98
315.697
311.639
289.048
289.048
265.848
331.061
420.118
188.383
303.351
322.866
312.999
87.6205
329.081
292.91
251.632
220.391
394.473
323.009
339.972
375.068
318.405
427.936
371.137
227.387
224.223
316.153
305.995
211.168
69.1728
330.543
407.694
303.852
350.786
272.999
375.132
224.91
308.689
176.697
414.547
149.048
401.366
338.964
269.241
311.178
311.695
273.116
378.207
358.43
393.298
393.298
150.831
296.099
153.574
371.19
125.884
311.21
284.12
418.374
246.826
421.745
198.23
300.853
337.762
387.46
132.619
415.823
384.044
419.04
343.61
343.61
42.0923
384.183
391.35
170.126
399.961
222.43
352.616
282.558
53.4123
345.594
300.357
283.111
307.751
398.935
297.354
226.642
147.995
369.897
42.6873
239.41
273.86
273.86
396.838
344.251
359.762
113.145
309.234
318.499
346.265
232.192
304.087
184.037
184.173
382.957
382.007
185.965
365.345
91.4873
408.67
108.407
385.358
322.902
352.581
368.527
386.759
77.3753
352.04
394.093
308.339
273.131
426.622
237.596
304.005
352.005
96.9921
138.518
241.436
87.6779
87.6779
330.092
283.145
378.575
382.655
382.655
258.148
388.575
374.577
334.519
328.207
303.178
352.123
173.165
302.041
306.982
198.647
198.647
192.241
281.025
321.045
375.9
358.242
256.322
300.135
300.135
224.299
345.199
315.432
368.273
247.202
259.682
388.718
418.098
183.899
331.2
301.964
214.127
352.199
158.73
361.942
378.822
324.84
224.514
353.409
270.511
414.34
413.895
413.895
395.08
348.747
241.062
393.541
426.982
311.771
204.683
357.115
358
404.103
305.911
290.271
429.035
333.26
101.02
233.386
358.005
358.005
316.478
318.912
262.273
397.098
358.67
118.864
343.233
343.233
343.233
303.831
303.831
416.514
385.822
256.621
256.621
377.745
292.492
386.61
192.347
351.36
314.37
309.544
318.419
310.231
212.809
214.182
292.846
89.0877
121.63
124.112
390.13
350.834
300.881
362.413
258.934
358.387
60.839
395.24
281.044
333.413
369.521
369.521
322.44
427.017
396.341
228.139
347.792
278.057
405.091
334.432
352.49
326.654
293.997
293.997
274.508
133.681
338.857
309.885
309.885
253.115
364.43
125.635
221.737
221.175
70.101
359.294
361.449
433.537
295.011
268.563
369.352
339.733
355.175
335.427
370.932
339.316
79.6445
277.412
345.641
360.931
312.589
52.9672
345.617
376.302
340.427
384.024
272.669
143.482
259.619
143.753
434.975
101.65
277.899
236.017
142.33
174.608
282.551
140.736
347.935
143.822
319.585
352.033
314.79
312.329
265.19
300.3
433.742
433.742
342.237
141.516
278.75
381.092
381.092
360.867
46.7831
46.7831
196.524
313.018
234.59
398.024
333.473
395.352
377.446
377.446
256.387
419.778
392.335
244.61
397.07
345.276
395.311
418.045
214.315
258.067
314.075
357.629
391.211
391.055
369.73
311.641
280.148
204.51
204.51
232.538
304.025
162.878
88.7829
255.885
333.148
314.598
372.708
182.888
412.48
272.071
393.942
312.787
302.026
358.539
248.1
378.091
378.091
82.4328
309.197
160.723
160.723
374.401
165.441
357.973
243.246
304.565
85.6628
365.821
342.121
236.765
334.297
307.827
216.95
307.427
288.056
284.154
160.873
275.953
371.754
281.033
360.979
344.692
245.888
291.161
401.925
278.425
112.438
355.118
370.94
370.94
172.413
356.322
413.464
413.464
416.078
338.333
245.71
373.285
231.647
231.647
216.008
423.2
318.428
428.813
333.893
151.742
151.742
350.153
309.453
302.666
259.366
368.351
335.963
323.461
323.461
127.616
330.023
178.028
391.73
343.151
301.509
300.447
392.748
361.317
346.948
382.291
430.873
264.476
87.0853
56.4007
337.651
300.436
335.178
263.485
334.881
305.89
395.996
170.933
397.452
239.525
420.349
314.328
244.55
211.032
135.655
232.758
341.207
354.293
387.812
397.113
342.465
416.537
357.353
387.216
158.244
319.715
363.804
292.667
265.501
265.501
416.19
110.651
345.885
372.62
250.439
104.137
52.4217
292.58
311.23
33.566
244.879
249.787
406.057
415.856
306.419
332.803
154.201
310.08
310.08
300.567
374.966
344.26
349.544
349.544
306.678
405.846
405.846
315.276
371.891
302.751
309.388
389.099
140.441
411.382
294.595
359.751
325.958
276.505
156.894
407.113
373.011
303.206
324.053
235.988
357.466
381.967
330.877
314.864
297.226
399.339
352.948
326.436
234.536
140.813
428.933
185.712
233.337
206.292
332.856
384.008
316.401
327.415
249.021
249.021
297.816
296.324
287.967
279.545
85.7501
299.208
299.856
90.176
262.131
306.979
343.703
405.645
333.148
130.304
176.559
410.145
192.169
309.751
211.956
300.399
317.355
247.066
162.843
165.926
368.014
199.561
64.1225
361.253
322.31
317.44
369.854
236.754
236.754
320.5
305.346
313.844
352.583
352.583
340.956
330.976
206.253
355.894
193.479
342.958
279.686
302.638
385.743
348.167
323.505
240.45
289.471
375.67
212.952
370.179
94.3756
340.751
372.362
347.086
347.086
164.473
382.332
293.028
267.181
362.859
293.601
427.609
211.241
355.911
327.198
421.798
337.571
353.385
194.112
245.675
256.491
233.189
264.096
324.157
257.873
269.697
416.992
408.634
166.771
228.224
198.766
364.515
395.007
368.545
114.777
326.428
240.656
364.707
374.469
387.358
312.804
350.705
217.39
373.184
240.898
419.511
419.511
390.684
126.906
126.906
322.088
321.599
353.923
295.118
399.975
405.434
339.784
340.518
270.39
170.122
333.304
119.914
278.699
420.155
378.351
363.15
116.744
425.31
269.092
340.374
253.706
374.705
251.425
317.256
353.465
290.203
41.3791
347.632
201.914
301.165
384.688
293.123
109.727
299.466
426.376
315.598
384.958
78.9589
353.52
413.426
106.414
79.5068
411.33
334.089
386.855
295.776
376.483
321.098
177.916
427.23
88.3796
358.555
267.573
153.09
345.089
397.471
412.64
405.224
282.175
320.878
306.04
305.348
194.795
337.304
286.896
248.209
154.24
206.951
178.79
355.222
321.219
122.242
422.014
307.417
257.08
320.702
320.702
260.854
419.84
339.054
339.054
106.832
167.309
167.309
413.185
378.781
392.346
77.8351
361.255
394.06
373.331
330.705
425.75
322.373
294.856
202.462
67.0298
381.86
253.737
294.387
328.573
323.424
69.3272
431.911
382.635
383.161
314.422
340.068
335.141
397.868
431.427
371.676
416.468
301.702
322.82
363.771
413.009
302.025
253.153
68.5547
378.052
345.676
302.551
308.458
303.577
316.118
378.786
360.658
310.847
417.957
401.357
35.3396
150.209
377.108
318.07
368.103
332.21
225.652
413.929
350.383
132.978
322.028
210.024
398.741
176.955
354.001
401.597
331.848
284.332
426.752
358.781
347.402
396.72
349.326
335.82
339.515
392.821
322.723
289.94
328.349
295.914
406.134
406.134
113.468
332.863
314.727
176.162
299.838
299.838
324.545
379.283
430.713
87.7403
409.93
324.918
422.289
346.581
275.645
48.8353
277.921
258.173
258.173
362.263
126.137
235.565
278.743
278.743
270.535
275.536
313.859
359.732
359.77
345.497
398.654
353.899
403.913
423.416
35.5587
186.536
108.973
307.022
301.51
290.364
201.797
201.797
236.305
269.006
68.084
385.906
38.9662
227.677
151.293
415.466
388.858
385.871
176.982
273.513
286.229
370.208
341.701
154.874
324.163
292.625
407.786
399.934
236.994
267.841
291.273
336.062
311.175
224.068
304.269
275.28
360.771
345.34
412.144
243.067
243.067
374.085
317.019
289.39
424.441
297.631
403.957
373.807
325.28
378.308
329.42
363.71
380.856
361.833
380.298
376.145
360.589
210.043
314.673
429.756
386.08
289.555
379.514
334.326
268.575
342.43
242.912
376.028
122.454
318.857
366.538
133.587
236.859
170.965
121.006
348.879
297.269
307.205
347.009
317.82
243.481
74.7151
349.335
419.252
394.995
394.995
421.449
421.449
362.543
368.249
306.595
434.478
179.34
419.926
269.45
289.605
208.374
262.686
266.661
131.273
174.6
427.107
279.443
370.409
357.12
274.771
343.023
260.643
105.209
130.71
354.238
265.84
321.725
315.749
239.879
79.1501
147.986
316.226
403.632
173.807
255.523
69.1333
330.219
355.713
220.609
409.935
412.634
345.64
131.673
224.705
80.5373
274.343
362.264
255.487
164.666
182.99
323.455
34.1609
422.732
260.683
434.982
362.729
207.988
311.626
187.966
354.727
417.906
245.645
294.613
74.3793
47.1684
372.803
387.398
245.819
350.025
239.728
130.662
264.05
334.291
328.887
415.945
180.018
345.591
122.97
205.094
320.852
342.428
208.077
293.023
307.919
323.587
294.586
147.221
132.953
163.041
286.64
199.845
57.5529
258.715
333.344
73.6732
336.695
287.149
278.32
411.728
411.728
411.728
327.931
408.27
155.331
243.703
243.703
270.935
344.204
203.286
129.871
347.523
369.544
233.667
308.054
413.744
413.744
378.978
112.459
334.789
320.041
297.659
195.602
429.651
217.594
217.594
217.594
293.429
315.285
371.099
418.168
416.772
217.459
310.698
57.7588
387.064
434.008
35.2333
270.079
369.984
356.953
392.718
263.468
314.039
204.541
378.112
381.306
380.512
330.082
322.563
253.739
253.739
383.591
382.431
313.017
327.93
298.59
48.243
338.388
147.99
399.329
204.716
274.238
344.163
392.239
420.686
420.686
295.172
313.518
432.504
406.624
406.52
295.1
292.18
228.024
300.535
345.591
339.003
168.649
354.96
150.418
375.678
432.143
362.323
265.183
247.133
280.312
290.157
274.427
148.241
248.833
255.43
325.725
301.491
379.538
340.184
301.545
232.372
72.8414
384.979
384.979
342.732
325.945
197.825
330.626
374.943
298.251
389.449
135.041
351.26
397.459
402.522
281.249
345.431
428.963
395.937
329.981
250.85
343.495
315.565
315.565
364.877
389.166
311.226
281.899
284.462
379.223
380.716
38.8049
191.33
303.189
303.189
350.328
410.665
206.14
206.14
320.131
351.114
368.912
370.854
377.555
294.831
294.783
282.003
370.381
372.24
310.556
93.6544
354.572
260.728
242.615
201.562
332.317
253.971
376.221
382.804
382.804
130.281
166.734
308.263
359.707
108.486
389.079
307.664
290.516
404.355
195.353
184.269
326.126
31.6306
391.862
91.3319
417.155
356.276
404.975
346.811
417.515
308.035
269.806
411.802
295.767
295.767
192.549
380.992
411.775
386.41
401.193
426.983
300.835
180.012
360.732
87.6492
347.08
291.324
225.478
225.478
347.725
417.397
301.034
272.674
342.676
316.412
180.126
406.138
158.417
433.722
414.26
190.893
397.362
411.585
151.242
195.887
279.914
147.478
239.401
239.401
260.099
283.621
313.561
313.561
179.969
395.139
148.619
347.116
347.116
307.021
251.459
385.468
292.276
384.754
118.249
156.216
75.7971
249.655
357.309
330.913
385.361
76.437
292.654
338.92
370.773
364.383
248.873
241.779
241.779
266.978
312.172
260.848
134.583
251.946
67.1106
276.497
298.873
349.561
296.15
208.44
419.244
98.6105
286.217
308.892
399.443
376.66
399.151
328.582
328.582
384.452
334.36
236.542
403.936
308.082
362.72
362.72
224.122
212.854
211.133
266.397
428.005
361.398
317.741
332.854
304.58
244.533
429.549
359.766
38.1053
354.524
369.867
312.367
312.367
54.3995
336.624
104.387
425.835
418.462
323.815
133.204
199.914
318.399
433.49
297.845
280.604
364.355
399.875
362.407
238.487
370.533
335.191
330.084
285.883
284.621
228.72
360.339
213.565
63.0957
136.079
351.299
360.645
236.258
371.878
183.611
183.611
360.73
433.528
414.794
315.523
399.509
399.509
387.987
387.987
174.038
326.208
398.814
356.192
348.944
415.953
362.037
338.528
344.613
205.877
336
275.519
326.03
272.591
391.974
67.5301
343.659
83.9678
247.666
247.666
247.666
193.804
313.184
362.089
336.486
285.59
345.267
341.115
190.305
364.132
321.531
366.325
289.426
289.426
343.628
379.41
317.458
372.65
345.545
427.729
415.816
257.376
37.5071
328.335
396.731
167.78
427.717
221.297
357.531
360.403
372.948
287.614
312.018
306.69
336.533
356.052
272.372
427.894
68.2754
359.965
426.425
299.673
389.872
415.042
352.798
399.64
369.681
299.253
290.547
86.667
331.315
331.315
345.851
333.436
86.3266
245.393
313.66
232.975
413.222
368.156
397.714
368.631
217.084
217.084
391.766
432.8
319.089
265.673
326.075
387.737
295.948
366.106
261.843
325.812
172.722
290.085
256.192
300.349
314.383
307.099
277.226
36.5183
294.11
249.801
322.936
322.936
341.707
248.794
424.717
53.1783
207.579
319.298
251.405
296.777
184.112
184.592
311.923
186.965
277.158
354.549
373.265
371.65
384.792
306.369
209.563
209.563
277.358
319.505
192.476
319.064
318.241
318.241
312.362
313.942
171.468
308.272
341.444
373.307
346.79
313.772
263.399
313.594
314.634
160.525
322.163
236.847
414.606
325.155
299.811
365.19
365.19
311.325
429.702
289.745
305.198
364.965
382.359
419.526
145.525
429.825
341.402
49.4112
293.409
318.646
313.369
377.356
377.356
388.707
304.734
381.912
381.912
353.519
70.6984
352.391
168.471
339.021
339.021
67.0623
434.423
385.471
313.509
245.204
331.872
299.499
411.666
383.875
374.322
318.963
150.745
407.642
352.52
123.267
412.506
400.452
257.473
415.987
415.987
395.439
339.209
236.485
370.316
278.059
357.28
289.882
314.957
407.315
335.15
52.1741
329.925
329.925
31.4574
332.389
351.509
355.094
399.535
367.282
372.554
353.307
261.906
330.274
393.013
399.814
405.607
365.439
299.426
299.426
130.016
130.016
37.6189
378.8
433.045
103.191
364.261
256.669
379.452
259.768
295.858
287.233
194.704
252.641
252.641
312.617
360.493
363.125
309.564
418.805
418.805
250.119
80.4676
166.749
299.915
335.865
224.139
297.687
127.091
314.368
227.549
405.479
370.95
258.9
101.687
270.416
318.397
351.684
88.6727
393.938
412.093
325.972
347.064
78.1387
235.045
329.609
375.616
404.071
372.394
378.02
138.394
279.892
285.852
340.784
279.942
293.661
377.354
35.6456
326.524
434.675
266.198
358.12
105.249
267.369
307.657
50.2357
346.657
264.973
389.496
296.772
379.015
407.084
394.24
350.115
374.241
372.357
192.278
293.719
325.014
418.863
231.96
357.429
262.076
363.04
295.303
360.69
312.48
282.353
257.912
307.87
307.87
304.692
280.656
339.024
236.761
317.309
258.203
258.215
331.989
331.954
142.455
232.834
367.44
281.788
281.788
275.076
366.372
397.058
396.541
408.28
433.198
433.198
306.728
336.882
298.137
298.137
345.056
304.341
278.177
288.032
232.368
306.008
338.68
411.162
380.547
347.748
96.9746
141.938
186.096
289.517
403.399
191.041
337.708
292.762
299.368
309.499
368.133
297.558
341.415
334.069
313.43
127.998
309.042
386.378
386.378
345.727
416.97
115.882
281.971
428.873
398.464
398.464
288.87
401.014
299.148
337.828
337.828
260.87
277.016
263.843
293.367
293.367
308.941
335.841
368.043
421.898
419.534
274.516
355.699
282.634
253.985
366.232
302.892
381.501
385.108
332.21
354.496
416.138
410.959
401.531
326.096
326.096
196.025
370.43
147.481
300.466
396.678
220.162
198.56
392.693
319.542
89.0427
349.049
336.126
367.581
110.024
379.558
321.366
319.17
261.601
401.373
401.373
315.935
349.667
429.431
260.849
396.722
185.374
351.99
431.661
361.656
339.094
365.092
269.486
369.36
71.5897
342.059
338.619
156.673
382.328
165.674
137.286
389.747
266.639
344.083
344.083
290.898
358.562
182.638
276.775
222.472
310.571
255.616
430.1
371.694
279.073
414.864
274.275
112.809
341.258
398.216
313.276
370.698
227.536
376.201
269.982
304.594
304.594
280.814
255.027
307.695
234.687
226.263
321.835
383.498
303.703
230.494
130.246
129.733
352.371
352.371
359.822
295.923
396.633
409.16
402.388
58.1469
339.335
362.162
316.471
331.231
330.947
250.413
350.366
406.163
380.061
393.883
396.414
289.217
274.948
54.3064
386.748
351.523
401.99
141.12
418.617
425.233
419.552
402.118
174.433
279.28
279.28
325.163
301.894
370.255
221.415
221.415
337.334
140.906
333.822
397.011
335.993
323.683
310.358
275.262
115.851
392.2
101.516
365.535
130.452
332.038
391.476
395.641
432.854
274.081
273.555
335.583
335.401
353.926
258.189
415.079
261.095
280.469
170.407
257.47
384.975
50.9646
269.655
318.845
417.84
306.082
364.786
99.725
336.431
235.26
143.132
307.256
404.27
241.814
382.897
273.859
374.269
391.969
345.64
346.971
377.749
295.165
303.453
369.306
321.105
372.931
408.72
408.72
316.751
403.73
403.73
128.203
328.118
322.833
359.03
314.576
405.655
385.014
386.805
402.92
295.924
345.562
365.288
394.112
314.904
369.302
205.402
131.919
380.852
220.945
363.33
373.414
227.218
269.5
396.908
329.202
245.774
407.783
410.405
342.621
171.694
36.1911
36.1911
285.981
430.837
85.6784
410.036
239.285
361.633
374.207
421.848
397.758
255.235
343.633
370.442
315.603
296.484
401.952
418.683
284.423
353.92
295.505
211.996
344.046
237.095
254.309
294.929
402.777
402.777
346.475
265.483
373.639
265.516
319.024
335.72
396.828
148.751
268.039
295.234
297.232
345.465
356.336
385.298
149.091
394.505
309.76
369.116
369.116
359.56
156.907
365.346
255.588
413.211
333.476
400.484
172.101
335.334
368.828
374.777
398.506
200.32
293.317
404.66
156.705
350.963
280.109
396.247
318.594
354.052
186.161
162.977
328.194
321.646
112.057
372.437
48.0625
284.046
401.65
310.07
362.71
411.533
351.752
164.64
155.696
393.456
373.656
373.658
383.578
383.903
416.886
352.179
385.994
280.932
280.932
374.444
238.373
117.469
426.004
244.536
267.868
248.794
77.3254
223.047
255.056
297.131
377.746
345.522
334.49
226.145
226.145
382.184
345.669
374.756
305.001
336.313
220.495
46.0919
375.577
382.732
317.817
231.647
399.871
106.054
404.053
374.343
183.465
274.37
321.177
333.29
179.025
263.859
99.9702
118.887
390.223
348.177
145.257
278.457
349.607
267.659
243.81
323.187
307.383
336.253
64.5097
88.5644
369.29
369.29
240.553
274.743
318.867
163.761
219.67
384.553
366.278
431.26
386.061
308.574
376.267
297.732
365.88
312.534
407.801
394.204
304.153
243.892
319.675
378.614
407.733
278.733
307.275
243.963
345.818
355.159
331.356
258.147
198.281
308.831
273.134
343.654
128.693
346.561
269.765
302.786
291.729
291.715
354.558
305.31
410.23
180.378
180.378
280.746
325.557
263.945
391.619
164.488
419.714
290.528
254.81
417.49
337.098
198.765
255.662
368.124
357.903
334.893
338.838
371.957
201.644
43.0333
214.011
396.289
336.177
265.806
306.987
406.767
107.597
284.749
325.918
371.564
242.438
425.021
205.329
355.224
60.6016
349.411
397.358
320.122
297.128
278.82
311.243
431.298
371.898
191.732
364.143
269.936
381.686
291.646
430.12
360.607
329.164
103.583
267.238
305.843
260.21
280.508
367.69
372.684
359.368
391.452
197.698
219.922
219.922
318.77
300.08
311.751
313.335
321.416
369.125
390.458
390.458
359.432
52.4143
289.427
341.061
384.107
426.52
342.001
70.6331
225.957
259.718
426.198
207.558
296.013
377.552
88.8626
69.6854
69.6854
247.759
247.759
295.04
57.3681
312.871
415.685
357.7
322.382
354.698
406.646
218.143
338.218
338.218
327.963
400.591
426.57
188.436
290.449
396.991
66.465
414.305
416.456
163.992
399.423
276.911
408.579
266.546
265.425
316.612
413.409
400.675
171.6
130.107
393.076
145.412
254.308
287.291
299.496
108.85
331.881
314.914
164.43
235.722
233.116
241.889
273.246
349.157
349.157
406.728
419.91
403.134
321.576
273.871
300.065
128.133
142.722
374.954
197.939
366.598
42.2104
311.132
166.055
147.067
386.65
395.858
386.848
277.029
431.91
254.726
213.723
314.005
347.821
322.761
119.611
337.981
305.884
342.181
384.275
240.602
347.901
388.85
319.103
272.008
406.443
348.743
333.16
233.828
233.828
338.054
396.672
426.299
426.299
391.411
375.262
342.644
409.741
310.941
309.287
350.284
247.554
247.554
188.619
407.321
407.321
332.668
366.571
260.698
367.29
303.247
367.89
269.235
425.982
385.734
330.498
330.498
381.197
346.78
353.493
264.151
249.753
300.546
371.689
346.08
124.125
85.423
336.122
179.829
331.602
191.686
233.324
306.282
214.169
393.948
200.854
379.793
410.491
413.444
341.298
222.762
388.691
393.04
322.787
322.787
292.772
300.61
211.187
341.4
387.264
387.264
350.857
264.784
360.7
396.573
281.008
339.705
339.705
414.401
256.333
151.597
149.892
271.879
166.991
166.991
329.045
329.045
329.045
363.736
423.898
363.961
374.179
376.273
276.236
243.929
376.163
292.669
300.188
277.407
351.373
299.535
303.227
280.384
325.26
359.7
389.092
313.647
313.647
235.906
235.906
346.771
206.234
224.779
321.3
258.462
303.216
242.242
265.571
432.082
75.7882
407.743
338.395
292.858
236.782
338.544
406.342
380.943
335.279
331.525
272.995
264.824
341.952
318.876
428.465
362.3
325.97
174.005
357.443
94.1887
37.3314
295.905
359.567
422.006
215.633
204.501
384.975
276.45
276.518
292.205
396.437
348.45
312.46
249.148
423.118
95.8808
376.008
303.286
269.456
269.456
340.533
341.972
376.225
203.653
179.008
354.195
256.685
359.313
177.029
245.517
325.473
262.516
324.256
321.025
351.3
348.517
348.057
362.823
292.623
228.973
282.902
392.73
214.093
178.765
308.269
308.269
327.636
241.266
280.036
335.879
405.939
405.939
335.099
288.665
252.37
267.741
143.875
259.64
371.675
231.347
383.563
252.068
320.043
385.67
276.922
270.239
398.592
398.264
426.64
147.089
232.656
182.092
280.851
311.959
284.671
187.812
207.544
54.2292
300.365
380.575
404.805
369.089
409.59
334.978
167.775
327.459
315.681
51.913
296.055
239.37
264.088
99.0022
295.614
317.175
415.35
337.028
57.5088
266.675
269.739
203.924
235.365
32.4965
94.9552
386.875
381.357
117.29
268.873
268.936
355.351
370.998
292.484
417.366
347.158
365.296
237.105
369.07
337.349
306.168
337.354
347.032
226.566
335.47
259.515
391.406
214.858
387.807
387.807
131.944
327.778
78.1725
405.796
433.394
355.405
277.119
329.334
83.4256
298.747
326.488
138.811
315.582
281.872
345.576
142.276
67.1183
340.504
253.015
371.272
420.906
365.476
382.409
384.27
397.553
345.438
415.059
292.586
406.037
300.55
372.418
308.843
247.907
370.263
340.58
369.134
306.692
279.964
345.942
288.055
403.276
394.488
151.144
411.149
50.9289
374.81
72.4045
278.374
376.222
268.867
294.664
311.025
400.551
252.204
373.106
101.748
300.962
334.533
151.509
263.844
357.977
250.113
82.0224
412.552
317.649
317.649
310.395
240.689
183.487
354.17
334.131
303.158
99.4638
369.553
388.578
249.52
349.593
381.908
432.143
293.592
365.856
333.021
276.492
301.631
408.762
267.604
337.505
280.148
342.205
346.421
375.911
371.773
414.609
347.48
372.25
340.852
417.353
190.292
394.58
153.38
290.488
374.038
371.798
331.9
334.595
202.737
298.195
298.195
120.744
118.846
305.469
315.9
306.126
306.126
173.615
339.53
327.118
329.184
416.854
341.931
318.971
420.366
330.812
48.9671
370.375
403.944
307.583
308.115
127.032
297.802
353.098
196.784
196.784
349.167
307.674
243.034
346.581
136.684
146.524
367.984
372.443
242.154
232.537
290.255
349.283
315.356
243.558
388.3
388.3
332.678
297.861
123.693
377.963
209.718
218.095
395.342
405.913
281.649
281.649
329.214
319.504
382.625
346.856
373.199
50.1082
271.571
431.931
278.933
290.901
290.894
287.79
381.482
289.991
333.602
302.001
113.047
113.047
232.651
344.483
386.136
369.571
369.571
369.571
369.571
240.791
290.992
419.033
318.837
279.756
274.362
358.712
406.505
145.309
315.245
99.1297
433.358
348.683
138.114
319.574
248.277
248.277
248.451
248.451
292.476
292.476
329.415
419.825
388.593
316.989
316.989
286.157
303.752
327.644
264.894
127.076
90.2726
344.187
410.517
367.53
87.4514
342.577
292.953
290.211
290.211
133.925
182.991
379.819
304.358
337.996
272.514
272.514
324.824
245.548
123.436
86.3261
392.668
308.759
277.437
373.589
240.006
257.963
367.603
382.159
408.433
345.36
355.706
400.321
204.623
185.908
366.227
366.227
134.108
311.64
325.175
320.934
170.091
170.091
317.983
72.8361
253.012
396.334
340.178
434.311
348.534
250.772
337.794
327.338
324.737
367.921
369.991
315.642
288.571
390.455
309.16
309.16
251.692
375.009
323.854
321.689
324.854
342.063
188.031
393.117
328.884
345.968
335.153
272.635
362.542
378.865
339.291
386.173
329.894
219.859
322.963
322.963
362.868
404.574
421.779
60.1703
381.314
354.497
372.221
362.664
325.488
320.71
242.066
186.508
319.933
401.632
375.065
336.887
265.996
265.996
367.433
253.126
209.94
261.267
364.723
274.311
434.067
262.289
128.288
196.687
385.499
321.974
262.598
262.598
321.146
262.036
212.429
369.187
72.8987
309.147
292.404
314.003
404.201
316.689
291.62
291.62
372.177
322.113
338.481
343.745
382.386
318.642
314.241
328.833
363.022
355.964
380.166
345.375
43.9979
108.631
387.374
341.75
374.866
289.328
290.238
178.261
332.871
364.731
416.993
269.406
301.72
326.724
90.8653
320.221
400.733
32.9736
285.67
346.072
117.653
373.323
331.586
283.472
291.256
366.782
254.53
241.05
282.553
282.553
352.314
321.947
91.4386
310.395
293.041
337.39
191.051
131.918
335.604
53.2418
125.728
336.271
287.726
206.215
380.026
293.789
199.893
238.753
223.381
334.548
296.341
330.773
328.798
347.742
103.267
108.836
302.489
315.284
177.754
371.895
371.895
331.722
425.599
397.163
312.931
325.761
267.491
432.349
398.917
313.484
286.947
277.65
422.394
256.862
323.317
337.547
109.503
352.6
388.782
272.256
399.495
399.495
403.252
386.342
321.297
53.9912
364.685
364.685
354.967
287.884
284.951
418.537
418.537
319.214
351.892
412.737
118.965
424.404
282.808
240.56
240.56
293.651
40.5984
412.174
406.996
406.996
381.718
296.943
386.961
354.095
311.778
286.454
356.25
255.015
370.975
211.223
421.588
296.727
387.391
318.751
395.108
359.976
430.768
263.872
162.031
246.803
419.237
232.031
375.104
219.049
423.503
258.759
390.963
337.527
337.527
232.535
267.235
360.797
403.678
383.253
344.526
63.346
274.42
298.687
402.827
119.568
375.702
346.74
278.118
241.666
373.666
303.73
325.843
367.552
388.217
231.855
351.196
351.196
418.8
318.465
232.552
157.925
404.465
191.964
249.63
371.331
428.506
142.946
405.253
427.826
345.692
349.105
346.105
150.102
348.451
410.738
410.738
297.006
386.142
296.368
396.173
298.614
269.469
246.061
134.536
243.061
319.52
92.226
323.846
161.707
265.485
330.527
278.444
367.825
339.085
336.103
245.327
282.623
302.171
302.171
235.8
404.102
404.102
336.805
411.81
365.293
249.635
420.078
407.619
269.038
351.549
313.156
138.077
337.136
311.025
401.548
311.228
363.357
381.595
106.256
378.285
378.285
338.478
311.143
413.235
405.635
117.934
388.272
396.809
351.415
366.781
400.015
410.793
331.622
390.764
198.283
232.668
343.839
40.2784
305.339
341.247
354.234
370.088
394.512
382.981
432.964
322.121
373.841
71.1116
385.328
347.385
347.385
339.164
79.1871
385.303
400.532
433.779
354.823
338.075
306.612
113.924
346.45
341.762
312.473
43.7552
62.2791
425.578
318.928
410.169
123.303
338.012
381.092
281.167
210.397
263.912
327.294
347.875
337.568
340.455
395.362
331.444
324.777
56.3498
133.6
69.605
368.78
332.39
335.379
147.195
292.144
364.147
43.0392
324.978
324.875
271.235
352.229
336.834
352.355
257.31
303.783
38.6089
363.204
55.6828
351.947
333.02
319.247
319.247
425.757
247.51
416.344
365.849
335.795
350.232
330.654
347.279
347.279
304.937
398.47
77.6003
273.694
279.367
419.397
404.697
332.291
410.223
389.146
417.95
251.342
251.342
315.459
186.64
288.473
314.843
201.666
230.012
230.012
276.909
248.162
354.716
340.423
317.379
383.83
307.451
275.117
296.693
321.391
380.126
313.456
384.157
377.158
107.404
374.741
158.691
159.739
407.191
82.1927
143.286
387.504
352.138
344.369
348.629
393.554
163.46
350.366
310.304
376.211
389.019
349.133
254.283
263.251
273.557
274.33
274.33
157.874
157.874
396.773
218.156
281.483
300.266
374.454
352.016
311.425
381.951
370.108
384.959
240.859
369.959
418.263
262.484
46.5372
239.427
338.66
426.755
202.495
375.198
139.052
349.374
261.129
262.382
411.676
93.9595
329.432
432.949
432.949
176.862
370.906
397.869
340.893
312.227
264.568
141.733
376.172
222.231
265.288
305.106
350.89
376.959
277.429
394.215
265.459
339.432
317.448
300.492
425.502
379.836
378.639
384.89
338.329
308.545
308.407
377.087
379.456
305.245
158.356
292.717
425.035
185.013
185.013
257.667
208.005
309.907
365.204
395.671
324.321
426.621
211.778
331.098
271.294
425.737
206.719
397.422
397.422
296.133
355.823
291.956
287.083
264.688
360.797
330.921
409.402
401.05
167.083
308.643
345.741
321.908
392.554
359.534
352.656
414.504
243.344
116.494
378.752
428.3
268.446
418.079
359.214
359.214
316.625
173.553
393.482
371.476
266.817
333.198
333.198
325.296
405.718
345.81
352.66
349.197
308.213
52.6137
312.857
46.9454
323.302
301.72
79.086
267.845
267.845
403.555
388.565
207.661
328.208
406.062
301.929
298.576
410.338
271.317
138.654
302.268
163.721
298.414
305.093
188.381
382.303
382.303
253.009
392.028
357.742
353.53
321.821
170.064
350.808
156.149
322.554
244.228
348.899
329.004
423.734
292.313
352.052
167.994
301.807
433.222
318.349
248.062
239.247
239.247
303.228
281.845
212.318
393.858
85.2561
238.646
356.196
321.752
302.121
220.994
424.685
286.608
69.1549
424.503
160.281
311.518
282.445
154.579
266.528
344.28
119.491
398.59
402.208
418.675
272.756
341.918
399.909
380.633
138.408
337.507
380.16
325.089
165.064
381.057
422.588
230.463
327.374
330.531
344.123
313.254
386.619
153
321.812
359.574
359.574
318.39
412.338
355.243
317.315
334.761
428.727
330.586
351.788
388.927
342.82
276.222
285.671
357.725
350.782
346.425
346.425
311.887
136.71
169.097
305.505
348.447
340.714
353.261
353.261
355.971
326.964
350.658
325.658
272.895
212.305
286.141
399.208
333.716
334.793
403.037
401.744
316.614
359.74
359.74
117.72
433.372
107.929
268.426
292.661
287.646
365.735
419.663
299.734
269.282
253.35
253.35
261.831
326.177
285.532
286.31
286.31
397.328
137.256
239.959
239.959
395.318
252.696
379.802
414.996
392.504
366.263
281.414
282.742
230.409
401.647
401.647
341.619
348.393
115.633
330.96
302.641
339.965
50.9313
306.191
367.981
399.03
351.541
411.529
330.357
330.357
360.477
280.644
245.014
311.56
311.56
376.642
409.659
409.659
100.321
208.623
352.497
355.152
345.78
234.164
41.2845
406.724
395.542
410.413
279.57
387.351
372.991
309.49
315.585
374.855
115.596
394.213
363.743
394.532
314.796
233.125
385.141
366.454
297.474
296.595
261.101
367.483
432.75
359.643
32.8409
418.621
260.148
374.457
101.147
373.118
368.532
411.95
336.548
340.918
431.437
177.843
350.068
366.105
296.165
296.165
210.942
294.436
253.591
211.421
267.27
420.069
365.787
342.651
229.741
380.287
166.75
166.75
306.724
428.525
162.528
336.645
334.755
391.373
397.766
323.083
359.928
339.594
434.883
395.008
373.631
373.631
434.799
370.859
116.53
116.53
156.507
90.2157
308.066
322.573
357.241
374.929
374.929
381.547
337.28
337.28
330.66
203.896
301.171
263.455
415.804
289.489
340.897
360.566
256.176
351.608
170.07
287.367
260.459
301.554
269.603
334.852
310.275
329.839
394.81
327.078
344.903
377.314
351.233
428.673
226.727
374.97
364.569
366.627
419.465
403.943
272.18
352.806
352.806
367.442
313.757
380.158
252.295
340.661
156.668
323.96
237.404
385.652
296.848
321.729
293.379
391.937
385.556
288.528
407.498
319.894
315.738
421.007
307.776
270.533
226.841
213.404
423.276
183.103
284.253
255.902
348.979
392.677
410.168
360.249
362.632
325.485
346.22
361.169
311.096
150.906
150.906
409.917
335.801
164.973
83.8395
343.731
422.811
304.648
377.268
30.9284
369.732
160.369
418.736
120.661
74.5294
316.588
63.2367
319.763
386.639
97.1805
33.1769
393.564
247.2
102.962
313.47
97.4904
355.487
303.804
303.804
217.78
325.193
329.781
299.492
269.737
370.93
232.296
398.533
344.67
162.755
316.14
392.751
290.482
290.482
290.482
336.012
251.362
301.99
301.99
257.233
369.873
311.091
311.091
261.727
361.735
367.397
169.486
424.331
187.363
340.107
258.03
299.999
413.117
421.082
333.63
325.547
236.731
358.965
322.597
332.393
318.809
192.765
41.4458
236.18
236.18
150.753
240.005
328.675
346.41
267.135
418.481
378.301
178.83
421.945
158.736
236.909
378.589
262.229
388.366
289.486
289.486
428.996
228.173
39.9661
307.423
317.764
217.753
311.196
130.256
318.888
430.296
323.011
308.45
347.618
423.045
75.5542
317.732
247.296
316.194
262.192
310.09
333.324
333.708
344.69
320.776
254.234
361.503
34.1622
344.784
281.863
116.684
224.091
414.77
295.039
389.342
385.745
103.207
357.496
324.479
365.684
261.956
78.5276
384.669
393.826
427.974
226.088
305.562
323.37
320.015
223.162
425.288
369.184
357.455
242.21
227.828
255.266
239.341
51.9793
402.855
352.621
318.786
354.459
301.388
356.465
319.955
312.762
299.346
412.709
434.932
283.923
135.892
387.692
311.999
348.116
382.688
382.688
251.312
251.312
253.041
282.632
266.534
327.9
100.201
100.201
241.387
251.749
62.3101
315.667
305.529
230.871
310.597
395.174
175.229
358.916
79.9215
89.5193
422.109
340.435
339.84
133.705
367.271
314.833
293.792
224.537
238.833
220.297
358.656
325.575
366.269
312.517
301.414
224.63
383.348
275.941
313.836
261.165
402.801
344.22
306.551
321.03
336.477
329.847
119.792
238.693
412.586
314.651
314.651
370.174
323.665
353.984
356.596
356.596
402.196
359.647
44.7805
338.759
329.279
337.149
384.471
245.441
316.965
324.624
242.57
385.492
256.696
256.351
127.503
330.291
404.458
374.196
333.803
345.027
70.4082
303.687
285.206
383.744
316.827
266.434
241.779
243.448
325.752
305.794
348.374
293.741
370.735
433.261
256.934
353.84
337.246
290.523
30.4227
388.3
357.203
312.485
234.582
70.6837
351.309
303.239
173.556
357.235
133.273
366.909
359.644
413.6
415.757
267.712
311.149
361.136
269.959
269.822
83.5384
172.397
427.157
293.908
194.267
344.125
181.126
143.716
143.716
278.143
399.335
316.605
310.236
349.925
349.671
322.633
276.071
312.043
238.022
389.218
307.944
346.122
359.138
359.138
304.69
390.992
216.83
350.249
246.896
386.294
327.187
340.477
232.262
296.831
268.419
348.139
240.438
409.745
59.6445
327.584
104.702
357.534
401.463
288.088
288.088
251.677
171.074
335.991
339.874
235.618
292.833
414.347
414.347
255.306
350.43
75.8584
312.814
415.722
331.175
275.308
275.308
386.043
386.043
323.424
96.6445
393.444
408.966
268.499
380.873
289.294
308.976
347.828
376.923
405.941
382.763
55.1621
55.1621
380.933
298.524
344.04
347.4
324.175
376.029
321.681
277.096
315.062
348.881
410.586
410.586
377.483
304.219
168.432
317.65
418.485
343.775
396.005
341.878
337.467
340.978
319.431
292.953
299.834
409.116
311.485
309.215
261.078
248.908
326.066
370.572
321.866
330.239
268.154
268.154
312.492
321.469
130.474
368.233
221.156
238.766
306.696
425.695
265.589
344.83
363.964
359.548
360.717
384.119
335.966
358.065
333.692
391.957
300.156
156.623
325.57
325.675
415.698
346.044
301.322
335.138
260.343
426.621
426.597
414.562
364.808
411.952
153.157
302.225
207.049
253.55
303.971
417.394
359.871
423.86
284.733
432.546
235.421
386.393
269.73
269.73
327.257
312.331
257.831
291.081
333.555
288.744
107.652
239.555
261.977
321.147
350.637
353.839
343.346
325.487
296.106
386.282
345.441
299.254
408.997
395.685
352.271
431.779
327.892
264.842
298.037
258.91
341.559
219.241
428.056
352.535
416.997
414.162
193.033
371.136
285.12
285.12
391.573
347.956
413.866
251.301
251.301
132.941
316.145
183.679
370.661
63.7693
316.972
336.522
336.522
128.401
373.6
135.168
309.082
379.462
426.377
334.286
341.401
341.401
170.835
260.634
158.386
332.483
281.28
32.1119
364.836
387.967
309.723
232.363
291.93
250.78
250.78
386.769
416.799
71.024
389.961
143.389
164.026
333.081
88.2404
322.178
262.197
415.608
264.678
380.369
369.435
361.953
311.556
181.077
413.957
282.407
272.92
179.74
176.331
285.7
426.446
354.673
332.077
429.779
392.04
238.377
306.438
381.624
315.353
315.353
342.202
340.426
333.546
369.682
387.702
349.3
347.464
38.9643
332.619
332.619
371.638
62.219
399.49
330.348
380.594
247.322
138.753
138.753
358.558
429.491
426.384
376.757
47.2683
251.674
374.302
101.32
355.422
354.724
334.731
411.817
293.343
370.931
227.352
279.604
403.88
404.876
144.502
290.668
313.697
294.587
431.113
386.97
71.5312
71.5312
374.431
339.393
397.874
321.535
396.729
240.95
304.924
304.924
172.672
418.988
301.534
301.534
346.984
239.478
410.447
350.166
291.283
383.477
413.382
298.093
346.673
349.675
364.817
270.174
302.009
366.296
255.249
250.504
327.559
190.305
326.516
272.824
356.979
212.799
381.061
215.635
334.567
253.059
244.893
354.914
391.381
372.336
318.532
403.213
394.732
95.1078
286.938
206.12
288.181
312.724
343.175
343.175
413.863
355.011
376.708
409.136
354.43
353.66
358.016
142.977
346.227
404.532
431.935
198.787
418.765
370.792
339.048
267.698
188.822
188.822
213.15
296.436
431.274
150.505
343.282
172.546
348.003
183.669
320.363
314.287
129.545
346.657
169.4
388.562
371.557
398.932
377.626
350.694
234.429
211.621
211.621
364.208
139.593
412.89
412.889
358.213
397.71
215.592
325.087
294.603
155.742
389.838
55.1693
346.863
396.944
367.901
365.216
422.581
289.757
357.612
372.787
283.993
325.53
351.07
398.475
410.144
316.703
224.817
256.354
143.7
396.392
325.764
219.173
298.734
219.409
213.351
304.317
295.256
334.032
233.391
97.492
312.555
374.646
243.26
288.192
47.8572
287.93
287.93
343.19
297.952
263.475
370.086
264.989
349.466
402.455
196.131
207.412
421.791
323.909
401.117
311.878
39.3367
304.163
382.53
100.679
429.318
409.1
304.679
402.126
306.638
350.002
333.061
306.69
53.3288
247.377
89.2423
95.4826
232.927
372.869
382.898
333.547
356.77
264.011
319.569
43.6911
357.881
376.883
354.821
320.559
148.853
280.127
343.599
268.372
235.14
274.278
345.476
327.665
194.234
186.333
128.817
290.297
327.832
206.546
406.677
301.2
283.762
360.42
135.333
101.105
148.558
192.378
358.394
88.3967
426.92
426.92
248.468
375.965
348.277
336.529
362.32
117.458
327.953
98.2339
243.627
243.627
321.025
136.308
339.548
339.548
182.49
126.973
248.062
114.671
114.671
382.08
430.571
377.964
377.964
110.8
344.559
324.279
293.06
381.246
336.12
277.312
381.802
426.206
186.077
359.262
359.262
332.712
429.313
388.522
357.876
383.298
342.069
323.869
376.905
316.956
329.203
333.939
420.626
385.124
354.624
428.3
395.789
285.757
133.305
232.103
295.172
374.363
360.669
349.199
394.351
80.1153
364.125
339.77
414.179
100.772
77.7992
415.719
103.282
432.271
275.508
313.525
432.671
324.19
66.4477
400.537
226.753
373.316
285.645
307.936
387.61
93.9848
317.593
410.521
380.912
358.365
207.007
387.287
423.381
268.03
309.978
368.316
328.308
328.308
358.785
362.396
344.132
329.537
356.171
341.603
415.778
375.667
375.667
329.462
434.476
269.049
313.431
319.819
260.591
260.591
358.988
306.91
303
320.672
397.22
261.221
321.061
276.01
382.476
367.018
327.496
317.499
161.921
384.41
328.223
419.301
332.055
332.055
389.045
313.758
336.115
415.794
412.479
394.892
403.131
403.131
282.296
424.731
302.104
362.251
332.328
347.228
176.075
376.306
384.546
314.236
314.236
399.887
388.09
388.09
235.762
156.402
351.664
400.936
278.528
287.386
294.921
294.921
408.819
397.427
397.427
347.686
374.775
381.374
209.73
354.672
352.978
276.336
232.43
287.739
254.985
304.514
382.948
407.13
376.713
346.696
249.425
415.58
292.837
41.3936
41.3936
309.648
334.808
221.07
387.914
403.297
135.729
269.658
93.4208
247.901
256.903
100.303
214.954
307.11
338.17
361.814
175.675
175.675
365.829
297.174
333.114
247.869
202.483
240.154
41.986
402.569
414.334
341.809
397.376
176.038
368.941
284.055
363.05
424.244
343.386
315.851
315.851
356.437
323.313
318.608
355.487
288.415
394.671
362.739
370.977
361.107
188.985
301.782
141.041
327.688
52.2473
408.678
52.1935
196.185
281.387
331.594
347.577
294.32
331.196
255.81
75.2383
352.273
158.197
179.037
263.752
295.195
177.403
318.174
314.538
305.315
310.101
310.101
335.447
402.365
315.863
369.722
320.779
311.079
339.443
355.976
283.674
247.246
346.217
265.58
297.448
355.011
174.91
227.041
370.548
381.237
406.075
220.009
343.2
388.961
374.463
348.617
267.227
276.232
380.457
165.242
312.768
424.659
324.403
299.839
299.839
164.42
361.275
106.768
155.146
44.083
398.415
354.545
326.523
426.907
328.528
72.2234
298.48
313.864
261.786
416.875
353.305
183.741
318.368
418.473
292.869
305.949
406.277
314.688
270.047
378.031
63.0627
362.165
112.9
389.832
272.091
336.144
344.131
252.637
378.683
90.376
429.093
250.884
261.075
112.674
365.28
358.443
99.9113
72.8927
379.221
328.629
238.63
281.281
315.467
383.739
350.725
349.98
222.172
365.915
349.551
348.899
266.029
320.941
340.923
340.923
364.906
323.231
344.977
430.946
318.065
353.62
380.42
380.42
371.449
413.53
272.096
258.74
258.74
59.5993
304.712
267.943
367.466
374.641
354.724
396.997
328.091
382.547
382.547
341.56
256.422
256.422
370.831
235.312
50.3059
406.543
309.598
320.566
427.827
82.8845
32.1076
413.525
314.79
342.167
338.107
298.825
275.098
366.801
269.785
345.981
241.635
338.338
375.009
401.163
46.5715
408.404
337.58
425.678
304.49
259.186
401.633
360.961
277.431
372.805
310.864
353.179
260.768
408.479
125.661
333.922
425.499
359.231
215.512
379.728
306.05
322.255
347.313
212.8
356.106
211.659
284.055
92.4578
282.498
244.631
281.729
281.729
208.079
405.814
339.643
331.085
153.088
164.659
325.167
328.26
377.228
369.08
176.9
399.493
292.16
193.837
279.437
407.468
363.048
209.066
431.496
46.1279
89.2155
58.8038
58.8038
264.578
358.055
359.779
210.132
349.438
407.107
307.381
360.04
233.629
368.697
289.982
251.969
214.585
386.882
402.362
412.848
311.833
311.833
311.832
311.832
314.633
277.263
304.188
356.158
241.117
128.03
128.03
163.129
289.335
185.434
369.42
357.181
427.29
179.206
373.024
408.048
412.938
240.943
432.496
55.547
97.0345
279.254
323.748
139.629
128.657
207.665
207.665
301.536
254.468
191.288
186.82
361.258
361.258
318.861
241.783
434.13
311.224
393.428
243.895
177.322
73.321
310.841
296.252
398.343
396.232
380.862
255.321
255.321
291.529
40.3857
292.414
356.205
411.787
162.133
122.19
122.19
330.887
227.036
431.676
311.679
249.229
91.8526
410.109
266.64
169.263
169.263
168.111
83.0568
242.277
242.277
325.355
140.455
248.523
181.348
88.3124
337.366
388.012
370.808
331.259
382.364
257.717
326.877
326.877
302.621
302.621
337.485
308.426
346.175
346.175
389.943
333.505
386.422
172.802
280.16
384.256
424.696
424.696
97.5709
358.808
254.65
376.711
191.404
256.087
284.031
116.003
237.014
133.446
331.734
281.382
282.022
282.022
323.64
427.751
255.372
356.075
356.075
296.542
84.9047
84.9047
284.934
365.837
316.017
77.5118
345.935
310.457
351.051
267.141
309.554
376.798
130.984
377.834
419.68
137.527
81.2423
356.77
411.653
427.936
427.936
358.732
337.705
240.472
372.331
262.323
159.321
335.656
281.916
375.878
69.7288
31.7164
347.04
251.02
357.44
387.453
39.8297
362.578
395.63
341.217
341.11
341.11
385.342
224.639
295.692
295.692
47.8591
376.284
278.4
269.791
155.915
391.558
340.23
401.022
275.937
275.937
262.574
403.322
327.039
52.0596
131.497
131.739
389.488
187.515
318.33
306.964
432.327
348.192
355.368
418.129
185.86
185.563
283.846
325.883
333.201
143.361
313.954
313.954
263.548
339.772
327.45
189.486
279.957
279.957
363.879
251.058
277.166
169.369
254.754
357.901
379.057
119.747
417.601
137.079
220.509
158.23
330.815
301.839
328.325
224.315
329.41
278.256
394.369
237.237
322.931
326.1
160.807
367.23
367.23
319.622
319.622
432.319
243.752
94.1633
411.003
40.6832
307.996
419.868
89.5911
288.822
288.822
116.762
340.983
271.823
403.983
141.936
381.887
381.887
192.956
262.87
261.849
377.606
160.543
216.637
314.363
402.495
402.495
346.406
335.486
396.362
337.659
340.808
315.531
358.794
177.328
177.328
387.737
307.597
302.31
247.708
395.763
296.814
345.895
345.895
45.758
311.349
296.385
232.43
310.362
309.815
365.482
344.867
344.867
192.245
183.82
304.886
96.6519
119.451
327.798
327.798
345.016
175.575
354.765
296.494
64.3168
336.363
336.363
319.452
355.026
232.139
232.139
232.769
389.631
371.494
84.4925
308.327
281.001
64.224
280.082
318.88
369.389
382.231
357.724
430.235
168.318
360.59
140.605
425.561
370.319
434.698
220.029
357.507
329.616
330.27
295.225
157.88
329.323
308.354
362.707
275.33
290.359
254.734
322.843
341.755
212.835
378.487
362.211
340.529
383.495
278.193
352.125
414.866
400.339
306.203
284.068
284.068
259.347
430.422
292.636
189.893
260.529
400.967
404.115
318.242
259.279
402.802
411.62
351.595
271.672
374.734
316.003
319.194
275.852
286.489
350.965
287.515
403.209
363.828
154.977
414.695
295.306
358.342
387.796
313.01
333.869
333.869
267.301
353.071
33.5072
380.05
312.309
267.391
99.841
295.512
377.04
328.701
328.38
133.652
182.931
373.104
373.104
322.014
124.778
292.276
193.587
396.129
310.525
310.525
323.111
268.929
420.169
420.169
398.65
151.937
151.937
280.458
341.362
292.448
390.923
434.354
349.793
434.077
420.877
201.815
276.405
276.405
266.524
295.08
154.907
287.472
223.569
351.629
423.612
241.837
376.172
192.96
377.75
342.39
163.383
182.161
343.986
431.332
380.368
324.589
221.135
337.157
346.14
393.603
280.803
234.036
247.735
160.889
156.39
352.791
395.735
201.824
302.352
334.347
334.347
324.046
343.565
319.893
422.674
285.352
163.638
378.746
276.469
143.232
105.937
406.212
373.334
369.759
275.79
313.914
352.114
382.908
252.851
185.161
381.499
274.497
192.841
192.841
363.09
286.619
286.619
286.619
360.485
396.616
191.018
408.03
312.183
285.98
179.636
330.842
373.377
397.758
375.03
307.888
287.341
325.431
258.026
294.261
138.363
159.195
372.211
364.971
407.446
413.467
328.863
320.681
354.215
150.037
305.036
357.912
331.222
416.545
310.474
355.3
387.403
371.671
269.352
397.262
85.4609
424.522
203.297
262.6
381.365
115.164
284.609
300.219
318.314
310.666
361.615
336.345
410.443
247.959
257.096
298.906
250.271
328.908
309.024
38.934
105.455
112.561
315.704
277.154
167.499
372.318
282.838
282.838
282.838
365.058
421.897
193.257
360.989
273.115
55.9364
33.3878
223.206
145.95
139.391
397.979
397.979
361.043
260.643
159.442
198.326
338.638
207.378
237.959
376.39
377.035
245.967
308.303
372.206
318.963
272.349
378.932
330.456
59.4108
297.803
376.926
376.926
101.665
292.405
274.852
319.685
263.97
346.04
292.508
292.508
320.523
287.099
321.676
328.309
389.409
156.132
292.832
369.81
420.394
430.719
428.304
317.372
295.176
428.303
434.209
296.078
419.763
388.46
420.574
210.824
247.597
369.231
344.502
315.404
371.875
384.644
402.142
142.163
142.163
284.496
209.499
374.95
333.988
393.964
248.828
429.209
305.264
156.039
232.439
432.217
113.798
368.409
31.4649
31.4649
386.82
301.178
279.035
418.729
413.081
402.901
177.638
262.841
167.003
335.656
335.656
276.409
314.179
295.524
200.719
178.475
323.423
303.282
389.58
338.443
270.266
253.667
312.793
255.639
390.323
400.886
271.498
260.736
148.247
119.85
423.739
397.943
413.847
43.7516
388.466
421.059
314.536
369.75
337.821
337.821
328.945
277.981
354.449
253.764
412.163
420.064
321.477
306.42
270.579
149.382
296.141
300.718
341.379
304.873
201.821
330.624
330.624
380.836
360.883
270.677
398.194
420.134
369.752
190.51
377.594
355.373
355.373
87.3233
313.833
41.8389
308.491
303.158
301.97
129.185
323.706
354.993
218.916
243.999
224.638
97.2915
308.903
432.474
377.59
108.189
392.663
262.551
305.097
398.843
414.466
375.092
143.47
349.067
265.36
404.13
168.9
348.785
354.66
193.09
313.548
327.01
327.01
197.48
364.481
317.085
248.36
287.796
374.183
327.568
406.26
351.057
393.227
367.604
51.594
126.984
257.62
329.597
398.265
301.387
424.284
430.266
37.8732
37.8732
400.965
232.262
151.808
414.521
406.687
401.135
290.972
247.842
379.891
235.522
235.522
369.111
424.073
313.206
190.918
383.166
408.638
258.96
341.228
249.475
219.628
219.628
323.361
360.982
166.113
410.359
311.183
347.252
312.285
323.898
333.053
183.469
315.089
327.126
116.315
323.297
333.737
333.737
280.678
294.811
317.614
390.157
367.829
386.715
325.979
107.409
252.746
377.775
317.35
54.2013
413.102
403.327
333.459
376.716
398.903
331.573
309.18
327.098
296.559
240.992
379.947
305.051
385.085
422.903
149.13
390.701
401.676
298.79
141.909
340.319
369.733
326.684
326.684
182.922
100.228
100.228
357.393
353.292
410.997
288.26
375.2
375.2
304.346
56.8332
390.441
314.997
391.47
353.889
324.476
189.772
299.862
232.414
271.837
417.75
310.903
285.606
390.725
392.545
157.267
343.22
385.118
331.985
52.3529
70.2539
286.953
299.27
335.93
272.366
272.366
374.027
237.694
400.429
361.34
224.604
177.809
312.28
432.078
432.078
202.798
370.175
390.178
129.661
147.893
347.025
277.804
335.286
416.257
311.453
151.607
151.607
358.911
55.9469
113.552
240.404
419.276
419.276
192.05
227.307
227.307
361.402
176.767
346.517
314.121
425.376
425.328
408.1
372.092
328.599
279.565
277.567
277.567
413.398
339.075
357.174
357.174
396.328
236.143
420.247
292.971
88.5096
316.02
256.975
360.72
196.625
196.625
351.058
325.25
80.2088
80.2088
155.229
247.726
281.471
270.31
270.31
364.627
332.711
360.507
67.4725
428.048
432.796
357.081
378.914
389.219
181.34
414.751
121.663
319.083
356.79
309.146
308.071
268.221
427.664
65.984
345.123
206.866
383.611
35.3979
267.38
378.209
378.747
345.926
419.76
356.826
364.213
82.9621
278.642
415.577
324.336
250.677
232.08
280.871
313.824
172.776
392.252
152.353
290.333
407.712
345.09
261.473
391.183
391.183
394.566
394.566
343.523
313.098
312.247
115.894
36.0469
425.857
54.0722
338.576
358.605
388.23
416.014
231.918
113.219
111.752
111.752
111.752
283.945
420.91
320.82
350.862
402.289
303.771
241.015
344.063
361.337
339.631
419.927
419.927
258.246
258.246
379.868
111.933
111.933
314.815
302.317
302.317
194.91
314.869
143.759
311.113
278.193
374.535
374.535
143.931
351.449
375.248
299.489
404.595
404.595
280.886
388.59
209.329
352.236
381.985
352.052
298.049
100.209
285.038
313.9
227.736
409.614
420.909
148.599
245.371
177.433
367.911
366.678
331.771
336.696
254.266
359.73
138.157
138.157
409.433
256.268
328.154
328.154
426.733
269.848
341.093
363.921
352.715
313.975
290.948
365.559
409.985
311.301
311.301
212.326
264.792
334.863
41.6662
426.639
291.4
43.1356
156.395
333.955
307.485
203.337
99.0779
395.998
395.998
248.652
292.408
368.21
380.594
186.26
186.26
237.846
79.4795
198.117
345.707
109.209
401.692
120.184
304.576
273.076
407.989
189.584
312.615
325.423
295.705
246.246
120.321
299.905
221.676
83.5725
400.514
255.618
74.1027
354.669
309.922
315.582
309.868
278.522
250.645
431.629
354.94
296.216
358.27
263.509
69.6104
374.758
253.395
433.759
268.4
344.474
308.447
404.785
330.568
405.335
179.983
359.044
300.022
300.022
303.223
146.646
277.823
233.469
142.017
285.999
352.224
335.628
192.625
214.721
280.11
290.869
431.965
384.978
239.097
271.337
356.462
90.458
415.782
409.664
370.046
331.595
356.357
359.167
290.702
85.2999
340.879
312.215
312.129
359.976
355.687
288.347
288.347
366.087
351.063
389.389
390.791
254.312
402.964
335.876
83.0911
273.185
373.841
369.044
167.986
358.843
372.328
432.92
48.5044
187.838
397.968
313.846
368.324
364.535
383.991
324.576
361.669
360.126
301.09
372.072
304.356
362.959
245.269
245.269
294.46
326.707
319.008
414.293
413.476
321.124
384.215
138.407
363.847
42.1455
42.1455
216.536
339.048
339.048
408.788
313.112
385.964
297.432
339.783
243.236
195.23
393.793
413.046
234.998
358.99
259.11
389.177
328.707
361.66
348.681
374.056
275.743
233.508
233.508
294.539
410.583
388.651
428.413
375.706
309.209
295.541
316.842
266.809
330.764
352.053
262.081
261.615
225.133
404.52
236.173
236.173
149.455
270.871
408.986
363.209
361.291
404.256
404.256
374.454
151.376
67.7675
313.718
362.017
235.758
306.112
219.271
386.003
386.003
277.73
431.096
338.341
392.819
341.695
141.461
328.816
321.239
194.714
418.982
363.398
32.8628
387.912
387.912
209
102.648
343.072
130.128
338.883
377.915
391.486
131.695
235.707
392.557
323.821
63.5411
63.5411
402.301
433.663
355.697
177.321
224.514
412.871
369.015
334.386
387.343
342.669
339.242
335.395
335.395
75.9845
70.9561
392.561
399.272
399.272
295.206
107.399
323.747
403.419
271.744
330.948
276.497
319.296
329.008
336.187
336.187
325.248
98.6247
298.794
375.851
276.412
276.412
314.875
314.875
256.642
299.408
291.39
270.698
371.592
346.021
358.257
387.253
365.379
129.036
339.144
347.97
306.291
376.26
279.618
215.43
391.406
430.488
304.338
293.785
313.412
245.451
275.68
172.047
331.056
369.602
405.969
405.969
116.243
37.5376
311.766
399.995
399.997
377.71
312.257
172.319
340.776
430.669
415.059
100.369
417.983
315.251
305.701
322.982
373.256
200.203
138.148
329.822
354.023
397.673
315.537
53.0166
96.2651
384.03
340.988
308.09
204.57
144.068
126.576
232.904
203.059
333.357
368.408
382.377
217.118
158.181
408.834
362.363
323.067
415.907
341.754
357.02
231.719
330.415
373.299
383.625
364.565
107.926
37.6198
248.507
297.213
282.074
375.468
89.2765
301.899
419.83
299.853
288.377
288.377
302.16
341.604
379.65
345.233
40.7589
419.434
135.846
336.499
382.915
312.043
360.28
44.6273
349.494
259.605
245.601
294.047
210.449
237.93
338.617
270.278
406.83
237.493
422.567
274.93
271.654
115.379
419.211
419.33
229.616
382.356
390.06
288.917
392.448
235.194
378.191
262.949
262.949
316.218
354.567
331.511
396.708
261.499
300.487
380.836
268.462
200.671
427.569
411.395
371.104
61.989
306.372
288.977
359.82
359.82
384.877
323.748
382.893
382.893
426.162
216.625
288.074
319.789
145.002
311.703
330.967
366.871
403.747
369.514
409.379
134.71
297.591
324.791
345.306
206.478
401.921
340.445
339.371
243.987
261.78
311.724
289.027
330.065
415.955
272.887
367.622
298.921
133.932
237.151
386.877
302.848
370.321
339.985
426.355
200.591
357.951
315.833
136.442
380.707
387.075
234.073
194.204
370.03
250.274
66.3995
412.504
385.984
267.09
287.726
351.852
286.556
418.895
308.464
306.939
396.16
219.704
253.938
290.607
368.936
412.957
347.42
242.484
400.879
398.514
411.695
279.713
352.434
414.707
40.4322
291.974
327.498
407.812
268.957
423.174
415.428
411.024
288.012
396.697
261.949
120.151
273.286
311.484
419.869
358.601
194.792
279.208
253.629
205.035
337.896
411.705
350.255
323.902
368.607
384.498
391.152
295.984
178.319
307.441
423.687
280.693
257.56
301.778
194.96
328.84
419.097
130.869
364.507
276.195
382.988
374.021
308.567
417.041
341.581
210.107
89.526
92.9502
400.183
332.652
359.151
244.405
313.359
307.002
363.961
57.8067
269.563
260.019
201.398
344.902
278.104
179.395
423.965
132.702
313.168
308.001
243.704
407.245
247.924
287.655
287.655
229.47
384.483
259.85
259.85
263.822
313.979
314.212
346.77
287.048
248.977
370.497
322.674
322.674
285.874
411.644
235.03
350.906
334.241
349.847
235.113
249.906
367.071
367.071
400.111
318.919
318.919
103.716
336.01
336.01
377.516
388.357
388.357
421.166
305.173
268.339
251.195
418.265
328.534
75.0298
406.106
406.106
124.488
333.286
401.049
360.691
264.699
303.519
64.7489
64.7489
281.09
79.0693
155.436
289.214
332.781
66.6009
381.222
229.573
249.653
338.046
419.873
75.5427
142.673
369.582
376.727
428.318
398.584
148.357
123.818
374.539
313.768
300.12
326.874
274.888
126.448
392.233
344.01
345.139
433.054
300.052
382.004
133.369
267.304
267.304
152.964
211.984
343.101
345.591
318.698
127.477
266.717
319.769
323.519
117.9
349.008
195.522
33.471
295.979
366.552
353.933
349.643
373.694
334.998
110.139
281.152
133.208
415.354
251.004
350.767
303.602
309.771
161.495
123.236
285.253
306.512
391.815
373.54
150.641
213.701
363.467
78.4039
351.299
377.748
389.189
262.851
262.851
136.019
385.024
371.023
378.72
400.197
79.2891
274.703
292.845
398.219
279.469
266.212
334.66
363.419
354.041
354.041
189.15
158.189
232.066
423.882
195.462
415.937
339.903
401.383
336.992
424.036
118.655
271.257
259.918
49.902
181.496
181.496
333.342
364.033
405.853
281.988
420.483
430.6
430.6
323.933
279.038
204.632
354.257
