1252
1255
611
619
1010
95
1434
1081
354
354
359
201
209
81
90
430
769
769
770
1244
1297
1102
1109
1137
891
892
894
897
897
898
898
898
899
900
846
857
858
1032
423
423
425
1115
791
792
798
43
47
48
49
50
1053
1057
1336
1212
1214
1215
1218
1035
1037
582
587
826
692
697
698
659
660
413
420
1043
1047
766
124
126
126
126
128
413
417
418
418
419
1302
1309
178
1166
1168
552
554
556
559
889
191
194
196
199
199
284
285
597
229
259
1133
1134
1136
1072
1072
1072
1076
1079
980
1113
1118
1194
1197
49
961
966
1
2
237
240
240
240
833
835
835
837
595
599
599
600
1261
1262
1391
1396
1397
106
108
109
33
37
40
813
983
986
989
1038
1039
183
187
190
813
813
818
432
832
836
838
1228
153
159
73
645
646
646
1023
1025
481
490
1383
1388
730
1011
1015
1019
1001
1002
1004
1009
318
204
261
266
305
307
740
532
534
537
538
539
540
181
188
1129
633
637
661
661
668
861
865
869
1054
1055
1057
1059
1059
1116
1002
1008
705
707
1302
1302
51
53
55
57
1047
1050
454
458
1312
1314
1314
1317
1043
1048
1050
73
533
268
495
365
272
273
276
277
593
600
762
764
1122
1123
1124
1128
531
1045
1049
838
839
1411
1411
1413
1415
1420
752
757
757
758
759
391
391
400
735
735
740
919
1001
1003
1007
1010
352
352
51
52
52
52
54
60
60
60
76
494
494
476
476
478
461
462
462
466
469
1333
1333
1338
1339
312
316
413
1013
1015
642
782
790
251
257
259
592
598
600
364
364
873
835
476
479
145
146
147
681
687
732
737
739
322
325
548
550
550
550
1064
1064
671
673
678
813
819
682
685
688
719
720
720
952
954
957
473
478
641
644
649
650
187
188
189
190
344
346
348
338
1147
873
877
601
605
605
1099
1099
174
174
175
175
177
178
178
178
180
1137
406
407
409
582
694
694
695
698
698
1294
1298
1220
61
64
66
70
183
188
190
305
984
986
986
988
1314
1316
1316
294
298
1107
1109
616
291
298
299
413
418
418
419
201
207
209
133
137
1131
1131
1132
1133
32
32
35
522
753
759
363
851
860
844
345
1232
1233
1235
1236
1237
515
520
520
520
435
437
907
908
42
42
42
1193
1194
1200
521
523
526
527
1123
1123
138
139
1062
1062
1065
1065
1069
1069
786
787
941
84
85
1112
1113
1119
219
220
651
654
655
658
104
110
607
609
454
454
455
455
456
458
460
896
897
314
320
276
277
760
113
114
118
120
1212
1220
560
617
162
1332
774
907
909
872
1052
192
196
197
754
758
760
1445
314
1213
1218
554
555
557
557
557
1043
1046
1049
81
83
84
87
88
1292
1293
1294
1295
1298
1300
1300
1383
1385
451
451
455
459
499
372
372
376
377
1012
1012
1015
647
647
648
41
45
48
733
733
733
471
474
477
575
577
285
287
287
1131
1135
462
469
470
618
1170
833
837
1342
1350
231
234
237
238
238
240
409
409
965
683
689
893
894
391
395
711
383
61
63
67
70
193
196
1003
347
142
148
404
406
408
912
920
942
942
116
116
141
141
951
993
998
1043
1043
1044
796
800
800
523
528
614
617
619
1420
935
851
564
569
411
415
418
289
289
289
1373
1374
1374
1379
915
1241
1214
915
916
917
919
593
595
595
596
597
598
598
498
499
499
636
637
151
151
154
154
156
158
159
1003
1005
1010
654
656
658
660
892
897
900
336
223
228
464
467
470
745
748
749
175
176
179
198
199
199
802
804
737
738
738
1125
53
54
2
3
8
266
1211
232
240
201
202
202
204
207
794
796
3
5
582
762
763
765
769
105
108
109
764
767
767
18
19
19
1096
1099
733
735
740
289
290
294
414
416
418
420
1192
384
388
6
1247
1248
1248
1249
1249
521
522
530
692
699
1456
1458
1459
1201
1204
1209
25
272
279
702
709
651
651
657
657
658
839
1204
1210
1161
1161
1165
1168
71
72
252
254
260
1329
117
1260
670
202
205
815
819
819
203
203
204
208
209
552
802
802
802
1202
1207
742
743
746
747
750
326
328
351
358
358
1262
1270
829
17
134
653
922
922
924
924
930
1201
1206
291
291
298
1189
1462
362
107
1350
475
478
1122
1123
1124
1128
1130
242
639
535
190
470
293
294
294
294
295
258
260
1042
1042
1047
1050
737
757
1188
1328
1329
1330
664
128
129
1204
1209
397
212
214
451
458
494
496
497
1311
1313
1320
543
545
961
966
970
364
365
370
241
248
248
1271
1280
291
295
298
477
478
480
1331
64
65
66
67
68
1245
27
360
364
365
366
1368
354
354
358
470
470
483
484
485
489
385
390
84
85
86
286
279
280
591
594
591
594
598
788
842
844
847
1142
1144
1148
1132
333
334
337
185
186
189
461
463
463
466
71
840
722
726
730
215
220
1240
1138
1140
1003
881
235
239
241
242
243
245
245
246
250
1083
1088
654
659
660
660
660
152
156
160
160
1459
632
638
804
265
871
871
1131
1132
1132
1140
945
947
947
905
910
964
142
145
538
538
720
831
839
763
884
887
889
334
335
187
189
403
407
441
441
444
449
991
991
995
998
243
481
483
486
1224
1226
1226
1228
1315
492
493
495
496
500
1394
1394
1397
4
4
6
6
1346
99
793
1201
1202
1207
221
224
227
230
604
422
424
428
98
1328
1285
1290
1290
439
374
375
378
383
386
931
938
939
939
503
362
363
365
368
981
982
983
1362
1363
1364
905
905
906
908
1291
1296
1298
374
374
377
1372
1375
1378
1379
935
938
1216
1217
518
753
759
795
1045
1048
1049
681
684
687
687
852
1151
1154
1155
1156
381
389
1066
1070
234
235
236
1204
1205
1207
1208
1012
1012
413
611
619
1133
1139
244
1316
1317
983
92
93
93
96
1388
817
638
639
715
715
716
716
291
295
296
299
300
1251
1254
572
397
1168
551
552
553
553
557
559
560
560
1102
1105
702
703
707
802
805
854
856
857
857
899
465
652
658
658
319
1424
721
723
540
540
37
38
606
610
236
1251
1257
652
654
656
658
826
828
816
819
466
1343
1346
1347
1347
1348
1350
422
425
425
428
430
205
208
209
504
1232
1234
348
350
137
1422
1427
1114
1114
1115
1116
568
569
570
1054
1057
771
772
778
64
65
69
351
351
353
354
528
530
744
746
748
851
741
748
1026
23
562
562
564
568
1
4
9
1361
1362
1362
1365
1367
1369
1292
1294
1296
1297
812
814
820
771
774
777
780
452
455
455
126
127
129
130
1110
781
786
787
788
1206
1210
653
654
654
659
1291
1297
1297
571
572
576
578
579
579
287
288
290
34
36
36
1024
702
706
708
708
301
303
304
307
309
309
1132
1133
744
750
1197
1198
1200
1200
1200
703
1220
1214
1216
859
860
1180
996
1000
1000
721
721
724
728
729
1454
1457
126
1316
1317
1319
1084
1088
777
780
161
168
169
592
594
1023
1026
311
316
318
318
274
278
280
1036
1039
1040
951
951
952
433
1122
539
540
632
635
638
639
992
997
1192
201
204
208
209
964
965
965
966
967
970
1043
1043
1045
1391
1397
1398
1400
252
253
73
74
75
76
77
79
80
532
538
1235
1235
1240
142
142
150
1042
1043
961
970
123
127
622
623
1212
1212
1216
309
782
784
786
786
790
790
542
546
739
1295
364
367
146
147
1213
489
375
111
116
735
739
740
1053
1054
1057
1058
1311
1319
292
294
907
909
521
523
527
528
652
660
1082
1085
786
71
73
74
962
786
1032
1034
1040
145
149
885
886
1364
1365
1365
1057
60
60
60
1122
503
510
1021
1023
1027
1028
1054
1055
757
92
415
419
420
694
695
700
1197
1198
1199
1200
1012
1015
1018
1019
1020
603
605
33
36
1235
1237
1240
1003
1007
1008
1082
1086
1087
1087
1090
676
404
408
923
1154
1028
1002
1008
1163
1385
1385
1386
1386
1386
1388
1389
73
78
483
975
331
335
336
338
339
665
666
670
763
764
765
316
791
792
793
795
606
606
607
608
610
974
980
238
421
1341
1346
1348
1348
851
855
856
859
860
692
693
699
234
239
701
705
708
708
561
556
1042
462
462
1274
1274
847
848
849
850
491
494
497
497
1273
1278
345
348
22
26
701
580
1451
49
824
825
829
462
463
467
470
1315
1317
412
419
691
299
386
1336
1337
1340
1342
1348
1348
1385
142
150
1401
834
1111
1116
1119
935
936
938
332
333
1287
1289
395
395
1373
1380
832
832
832
224
226
228
271
272
280
84
87
63
66
1320
152
152
1126
821
824
825
245
247
1008
1009
1010
63
67
67
182
182
187
447
449
450
1081
1082
1083
1085
1087
490
882
886
597
598
124
961
962
963
967
1271
1277
1112
421
636
639
873
877
367
368
563
565
565
1401
1405
1255
1255
1311
1175
1180
1002
1004
735
736
742
743
749
587
883
887
729
729
730
736
737
740
740
222
224
224
226
227
228
230
977
980
93
93
95
644
646
92
97
1394
1394
1400
244
244
246
873
875
877
879
321
1003
1003
1003
1031
1033
1037
1038
225
229
626
959
482
484
484
486
486
486
486
132
133
1112
1113
1114
1117
1117
1119
854
855
859
375
95
460
964
749
523
527
183
185
188
904
904
871
872
878
387
388
1241
1246
1209
645
647
892
895
899
899
899
896
900
121
125
130
814
1082
1083
1088
207
209
572
579
580
295
1464
1468
1161
1163
1164
1166
1170
379
801
803
301
304
252
255
256
75
78
79
886
888
1221
1222
1223
1224
1226
1228
1132
1135
1139
511
518
519
520
1010
1214
1216
1217
1218
1072
1253
1056
634
635
637
640
901
909
953
954
959
960
355
356
357
360
384
385
102
104
105
105
107
725
113
113
114
116
1151
1125
1125
1021
1022
1026
1029
256
258
76
78
78
79
1335
1338
1316
1317
1317
1318
1319
229
1034
1034
1221
1227
1228
973
977
411
415
1267
833
1081
1085
25
27
29
50
50
50
1322
1328
1329
1330
172
173
180
541
548
550
885
1187
527
1301
1306
1353
1356
136
137
12
12
20
1403
803
805
1012
1013
503
510
560
1104
1107
1109
231
232
234
235
239
130
1282
1282
1290
623
627
629
633
634
636
1355
1358
1011
1020
651
944
950
1152
1153
1055
691
696
1085
1085
1086
1086
1088
1288
1288
1288
1289
733
736
740
740
701
701
704
705
705
706
708
733
734
736
985
988
342
344
348
350
350
653
655
658
7
403
409
506
506
148
304
304
309
413
416
417
1342
1343
1350
351
356
358
360
1133
1133
1136
537
540
283
1397
602
606
974
38
40
931
935
935
529
1163
1164
1033
1037
1040
1264
1266
1268
1395
1396
1397
1162
1168
301
304
304
306
310
1043
1050
1050
1275
1277
1279
1280
79
18
1026
1026
45
902
904
904
905
72
73
1001
1002
1004
1010
3
9
1102
1108
535
537
154
156
158
1222
1223
1226
1066
1068
1068
458
1212
1216
1217
1218
1219
1220
713
714
717
908
21
22
25
27
30
1193
1193
1019
501
26
27
1253
1257
1260
1243
481
487
490
192
198
1015
95
1042
1044
1046
1047
1048
142
146
42
26
30
1196
1197
1199
1199
172
174
175
177
177
178
178
179
600
751
758
192
198
675
924
924
109
82
83
88
1372
1373
1119
1266
1267
1010
650
616
617
617
619
620
235
240
1241
855
856
860
865
404
405
409
472
477
478
479
480
455
458
266
355
357
359
201
207
207
210
232
414
630
965
965
366
366
1293
1296
1300
251
256
1223
1223
1226
1226
1112
1114
1114
1114
903
905
615
615
618
899
1059
1320
1104
1106
631
634
673
674
676
678
544
546
921
928
1151
1153
1158
782
784
790
834
838
1048
666
804
806
809
810
751
753
753
757
758
759
1116
1120
767
600
1410
390
1222
331
337
337
338
1081
1085
1088
511
516
1265
912
914
917
918
919
915
919
920
1193
1194
745
746
748
620
455
457
459
136
138
140
394
394
395
397
399
803
804
133
582
584
585
587
501
502
505
510
510
1033
964
968
874
1139
889
901
135
138
1171
1178
663
932
1341
1170
1170
258
701
702
705
710
489
545
1242
1247
1250
27
27
254
257
258
258
260
502
503
505
506
509
731
734
739
1344
1346
6
10
581
589
545
545
548
734
738
872
876
877
586
590
52
53
54
564
567
1394
1394
1398
1398
1399
304
309
886
886
890
881
885
4
4
6
9
22
24
1401
1403
1405
1131
1132
1134
113
677
1242
546
495
495
496
496
1214
1216
1302
1306
282
283
1066
622
928
83
84
87
87
705
706
706
582
582
739
1382
618
306
515
1443
1448
1450
424
427
430
581
581
583
583
584
590
425
429
1239
672
674
676
1071
1112
512
517
517
1132
1133
755
757
760
1163
524
461
463
463
465
470
1285
1287
757
76
77
77
78
1343
1344
1346
1346
501
506
506
509
509
1394
1399
1399
381
381
382
241
531
531
534
540
691
694
401
1033
1037
65
67
68
1153
1153
1153
694
217
218
455
272
276
279
279
280
1023
1025
1026
1029
103
457
322
323
325
31
266
266
269
3
4
11
1180
1180
634
635
637
1233
1237
813
815
817
1244
1248
1249
721
722
724
726
727
729
1308
320
454
460
1282
1283
427
1321
1324
216
218
220
1371
1373
468
967
968
739
740
741
743
913
913
920
821
824
828
829
830
1144
1144
1146
1067
1069
1070
1070
1070
485
832
834
6
685
687
690
690
690
342
346
347
350
1364
1364
1365
895
898
899
162
163
166
170
604
793
794
797
668
1012
1013
1013
1013
471
476
480
285
287
288
751
685
290
290
172
174
175
884
886
887
889
403
403
404
981
981
983
986
986
216
32
40
302
307
309
114
116
118
535
536
441
443
447
1156
1157
1051
438
439
473
477
511
511
518
519
803
806
807
808
808
809
810
406
65
501
581
584
1031
1032
1034
431
434
436
437
693
693
697
551
74
78
154
1002
1009
296
296
297
1065
1067
1070
170
1013
543
172
173
178
482
490
817
372
373
378
1373
1376
1377
1379
872
876
876
793
798
30
342
345
821
829
464
141
1037
1040
1111
1115
1118
828
829
244
250
282
282
286
289
1161
1164
1168
232
239
240
7
1061
1070
1070
532
193
196
1053
1057
1058
1059
1122
1124
1126
1130
732
735
736
1241
1244
1
9
492
985
1096
776
780
780
392
396
1082
1084
1088
1090
702
708
709
694
695
699
699
313
314
1010
1010
1224
1225
1228
1229
271
272
280
902
905
472
473
474
919
951
739
96
914
916
917
713
715
683
687
1441
1449
305
908
392
393
397
1363
90
974
975
980
363
365
432
263
263
265
736
736
736
1315
1320
841
844
845
307
303
310
591
593
922
923
925
925
926
928
495
498
87
87
88
1026
1028
1053
503
505
866
351
353
356
356
356
358
360
1307
340
474
475
956
1089
737
737
693
804
810
735
991
991
992
997
342
344
347
1332
534
535
604
1094
441
444
444
444
92
651
654
655
657
1361
1363
1368
1369
1373
352
359
359
152
152
152
160
160
1232
1233
325
864
867
869
725
902
736
53
60
793
799
1116
1119
1120
501
502
506
509
510
865
870
870
1184
1185
1339
1241
1222
1223
1230
1230
975
977
222
229
853
857
859
1215
703
704
704
708
709
41
42
42
43
43
44
47
48
48
49
1372
1331
1334
1336
1339
1233
979
919
665
744
461
463
465
882
883
888
748
594
596
243
233
237
238
1024
1028
1030
181
187
1235
1237
1240
289
290
1335
552
555
556
1071
1073
1074
1074
1076
1317
734
734
736
929
1393
294
453
457
433
438
401
1086
1087
1087
1089
131
132
135
135
136
138
312
315
316
320
1367
1370
1401
1404
449
260
941
943
946
742
743
123
124
128
128
129
129
636
1134
1135
1137
102
103
108
110
1436
1438
1111
1118
1119
1119
118
120
1124
531
532
539
452
455
455
242
1246
251
260
1302
1303
1308
822
375
379
380
1203
1203
1203
1205
1206
442
447
447
448
228
1062
1062
1067
1068
1069
1070
755
756
306
308
308
1081
1082
1087
790
292
294
294
297
1191
1193
1139
1140
1140
903
908
461
462
470
470
398
444
175
179
311
313
318
320
1123
1125
1125
1157
1160
234
238
240
1039
612
612
613
613
614
614
615
616
1164
1164
1166
1167
1168
1168
1245
1246
1250
572
572
573
574
574
1267
1267
1269
272
277
280
401
403
409
511
513
748
748
80
460
1261
1265
1266
404
1404
1173
1173
1174
1175
1179
614
1095
1096
1099
1099
1100
761
766
769
770
770
324
325
325
326
233
239
1034
381
382
384
390
784
789
80
80
1251
1252
1252
1252
1260
1235
1236
1238
603
111
118
1039
1039
724
726
726
726
727
727
729
306
309
1302
1303
1308
811
814
815
817
819
364
364
367
369
370
370
1215
1218
1263
1267
1269
126
1105
1105
1106
1107
1109
173
174
179
843
843
844
62
65
65
791
829
245
581
973
973
179
1113
1116
893
893
896
896
898
900
51
54
55
55
59
734
735
738
283
284
288
289
290
1042
1042
1044
1045
225
226
229
443
447
448
450
1361
1364
1273
1276
1278
1279
1280
559
559
371
372
375
376
377
721
724
729
798
711
716
719
394
395
400
10
1102
251
252
254
256
256
1220
1237
1239
477
478
479
236
238
1334
1340
804
805
1308
3
5
8
883
136
1211
1213
1216
118
382
389
192
192
193
1080
261
263
267
270
473
478
773
775
38
482
380
451
35
35
38
1032
1032
1312
1320
1320
572
580
88
16
19
609
344
349
1342
1343
1345
1350
913
914
914
328
561
223
224
226
228
1061
1061
1066
145
148
148
149
150
150
94
94
95
97
100
1336
1337
891
891
1291
1294
1295
1296
1297
1300
31
33
661
667
670
497
497
494
495
498
498
997
1062
1063
113
116
249
249
191
192
663
664
666
276
1273
1274
1277
1278
266
269
214
215
217
965
969
487
195
200
200
609
782
784
790
284
288
290
290
294
298
299
299
74
1192
1192
1199
741
742
673
679
680
1059
731
849
16
19
899
1306
1309
1310
1261
1267
1131
1133
423
424
425
151
154
799
1023
951
953
957
960
1141
1146
1148
1150
240
404
201
207
209
1311
1317
1319
804
804
808
810
1184
1186
1188
1189
1190
988
673
677
679
4
4
844
846
847
439
1220
1332
1333
1335
1336
119
1063
1068
52
60
733
737
1021
1021
1022
1025
1032
1035
1035
1037
1038
1012
1013
365
1249
1250
1292
1294
1299
1312
1314
1314
1318
447
450
1011
1013
1014
1020
453
454
455
456
1042
1048
1048
1378
419
420
420
133
943
944
762
450
1378
773
777
780
780
1201
1210
408
410
410
53
56
60
1093
1094
1096
51
56
1272
1273
1279
842
842
1154
1158
463
465
1142
1149
1001
1006
1006
1351
1354
1355
1356
1120
204
206
208
651
656
660
560
42
43
47
1034
1038
821
822
827
384
386
1205
1210
102
731
732
732
733
733
733
735
736
738
738
739
13
15
17
1379
931
936
937
937
1291
1294
1296
1296
1297
908
910
34
1334
1335
1336
1082
642
649
1336
573
504
506
1372
1375
596
599
651
655
1241
1241
1245
1201
1204
1209
1209
71
73
80
58
59
1355
423
425
425
526
527
530
241
352
523
524
527
528
482
485
485
488
489
904
909
910
1171
1175
1178
1238
1239
17
421
426
532
534
537
538
1225
1229
862
865
870
1112
1113
1115
421
424
425
1130
676
626
102
103
106
108
108
503
508
621
627
210
228
1105
51
55
56
59
921
923
923
924
926
928
928
211
220
683
401
409
1067
397
400
969
11
17
823
826
828
486
643
1317
165
168
170
272
280
686
688
1167
904
1050
763
763
768
769
72
350
696
83
85
174
175
180
222
225
226
228
1187
375
375
1053
1059
33
36
38
1242
1248
780
164
167
915
919
919
291
297
104
107
261
267
269
43
50
1135
1136
1138
697
631
831
832
838
941
949
641
644
111
116
118
1380
1380
281
285
287
77
78
80
80
722
724
724
729
49
50
713
716
419
432
434
503
876
141
143
144
145
1151
1160
703
710
1375
1202
1207
805
805
810
1023
1030
1343
1343
1349
418
536
536
538
82
90
732
740
1175
1177
1179
701
82
82
85
1182
1184
165
168
53
53
59
747
750
651
660
613
613
617
618
303
810
252
254
255
256
862
870
1448
303
309
310
1152
1152
1158
1160
717
718
718
720
601
606
1312
1315
1319
712
717
717
592
593
596
1171
1172
1178
1179
577
580
1336
1337
1339
704
1013
1013
1018
195
196
198
199
233
234
235
238
238
46
47
699
1123
1128
721
722
726
726
54
56
58
59
302
303
309
231
231
533
523
523
528
