-277.71
-262.972
-183.949
-180.36
-178.459
-151.789
-146.585
-133.781
-130.671
-126.066
-113.408
-87.2141
-85.5112
-72.6113
-69.9117
-69.7075
-68.1902
-63.8333
-63.0166
-58.1928
-57.2976
-51.7006
-47.2378
-46.5848
-37.8801
-27.2001
-21.0673
-20.7298
-7.25127
-7.22835
-5.94328
7.57821
8.7652
9.75302
10.1681
10.3918
14.8025
15.2666
16.7345
17.7868
18.9787
19.4147
20.3733
21.535
23.3551
27.8593
32.7987
33.9482
34.228
36.4195
42.3366
42.6163
42.7326
46.7479
46.9732
46.9883
48.6663
50.6903
51.4752
51.672
55.0691
55.2106
62.7969
63.0968
66.4685
68.5056
72.0248
74.7905
76.0512
84.2763
88.1003
92.8708
93.8626
98.731
105.862
106.384
110.262
110.307
113.934
127.148
128.796
140.134
146.76
148.372
172.893
173.094
173.195
179.7
200.506
233.089
235.119
280.722
321.598
