-127.796
-26.3559
-52.7878
41.8472
207.609
44.5544
-338.032
-338.032
97.7356
136.729
10.095
-148.103
-148.103
135.622
66.5289
11.4822
-217.883
148.027
94.2263
-214.477
-214.477
-56.5397
-119.463
-47.0121
-84.6368
130.366
144.228
151.62
70.2738
81.6114
81.6114
-12.5433
-82.9278
-82.9278
31.0482
51.4192
-49.5597
-31.6063
91.6951
-60.7663
-139.479
-58.7205
-137.295
-293.617
248.713
191.046
-111.659
119.707
-27.7771
-208.441
148.766
96.7361
-342.79
-208.252
147.188
18.2872
-53.7896
-174.636
-115.861
-42.0952
-207.966
40.0443
-62.906
-191.359
44.6544
-59.5836
26.2191
-327.969
-80.7107
-8.41957
-101.341
112.419
-50.7686
-63.4848
-164.655
-11.8443
99.6197
-99.0582
-79.0275
-52.7291
-126.117
-214.159
82.4593
-125.482
-25.7625
-74.1892
30.132
-51.2951
-47.5753
-28.1172
-99.983
195.318
-160.799
77.1776
-12.8849
-247.642
-96.619
41.1864
-70.4882
125.496
70.8233
-39.3203
-51.558
-67.2685
-110.341
113.121
10.4219
25.0408
354.025
-207.653
-265.034
-115.861
-113.872
-12.0161
29.2514
-92.4103
-6.41044
-111.545
-209.803
-19.4596
-49.2257
217.977
-147.157
-110.049
-28.1254
-58.5326
-239.595
-77.3078
-224.403
-77.6993
-49.0775
6.48139
45.9555
-51.5969
-66.9893
146.01
58.6633
127.148
98.1762
-100.055
-59.7721
-149.945
-184.225
58.5342
16.2136
28.1545
30.8582
38.5308
-61.5613
-23.4098
-46.7912
-185.127
-42.5738
-106.808
-346.787
65.0857
-38.6828
47.197
-47.5684
-111.32
-65.3752
220.668
-130.284
27.9853
-75.4404
90.575
54.6763
-264.897
327.638
-57.8042
-98.7104
-86.1029
-172.571
-90.4019
-6.89807
-44.0073
-54.481
-53.1269
72.2896
-65.9281
-154.451
-48.4064
-144.768
-19.0602
54.8932
53.1429
-96.0519
129.403
6.4145
141.063
85.9473
-152.956
-152.956
34.2996
-321.681
-303.393
123.079
-73.7451
-73.7451
67.4882
-162.223
46.9558
-40.1815
109.447
-62.4519
339.137
103.402
32.552
-101.665
40.589
-77.8448
-60.2406
-35.3526
14.1144
-195.992
-338.327
-68.6871
-82.7152
-16.2709
-52.3215
345.873
177.775
-203.617
-161.22
-4.93192
-37.1402
-136.317
-191.389
101.316
-78.2919
-86.4002
51.9394
-63.3707
-77.0977
-141.96
315.925
14.4219
-94.2003
47.0353
28.5321
-145.634
121.8
-18.1953
-55.2215
27.6337
207.476
-8.12639
-82.4779
-53.3105
-101.459
-63.9017
-112.669
-153.569
-6.42497
-156.92
-156.92
-49.7578
-71.1373
-136.775
5.94937
5.94937
38.1486
-65.626
-137.019
331.057
-174.551
-174.551
-25.8235
-71.699
-27.2905
-179.273
-82.755
-17.7082
-63.3948
-124.733
-185.607
228.355
-93.591
24.6931
58.7965
-38.8935
-19.6694
94.0141
-92.5115
-77.2181
-274.026
155.551
-42.0792
-146.891
11.3032
-59.1012
241.397
14.9325
-200.294
-120.939
-49.8359
-124.532
91.9682
91.9682
-92.5673
-44.8433
139.552
15.232
-166.177
77.3201
-58.4327
58.342
-37.0324
-37.0324
-80.6426
27.7699
29.6452
39.8905
-62.2578
64.1128
-154.455
-97.7443
-27.0999
-108.251
-112.174
166.312
166.312
166.312
-96.8485
-69.7364
-57.1915
19.2291
27.321
-9.16902
88.784
-79.1198
13.4319
-93.9008
-54.1376
325.733
-153.967
-30.1727
-48.8617
27.7763
27.7763
233.233
-154.756
-22.8449
-154.556
-12.2072
77.1874
-144.904
-144.904
29.322
-45.4446
-16.7446
-16.2238
11.2521
-145.714
146.399
276.228
-53.1457
-59.0977
47.9749
-113.922
-17.7299
-41.8733
-38.3353
-146.34
-151.158
-41.7573
-158.593
300.088
-88.298
121.202
-138.34
17.118
-51.3793
-123.468
57.6555
97.1544
-41.9254
-53.3288
108.011
-84.873
-69.7026
60.1429
-59.9009
-96.7684
-160.889
-6.64337
-33.5168
-330.536
-44.1392
120.452
92.0008
55.6481
-48.8627
-38.1754
34.5242
51.3703
-69.9021
-46.5034
114.636
-43.9857
-179.051
-87.3803
13.8032
35.9927
69.5808
-76.4307
306.775
-69.7868
-54.4067
-24.2919
17.1382
121.19
-157.274
-301.766
332.444
-42.3937
-119.021
-58.1088
-58.1088
-57.1608
-53.6229
-64.9741
-77.8182
-257.005
-247.802
25.2243
67.7455
47.055
-184.865
78.336
-93.0202
-23.0301
-77.2514
-57.7648
93.7592
-51.5375
-51.5375
-85.6705
43.9698
-123.062
55.4226
-151.915
54.0155
-89.7655
-10.9275
158.65
40.9155
-104.626
-29.366
-70.9471
-50.0524
-86.1652
-245.431
-245.431
-50.7701
-105.611
-41.1482
-102.055
-148.335
-112.649
-112.041
-41.5782
-174.666
83.8599
-87.2266
-124.416
7.18601
86.6887
-62.2178
-73.2734
-324.826
14.619
-261.662
-34.3743
-3.19299
-273.08
69.2183
69.2183
19.7775
-93.1716
-76.2592
-328.418
-225.239
210.936
-259.129
-94.9851
-126.34
-158.07
-12.6106
-95.2596
82.9698
-48.7816
-100.363
-45.4798
0.386053
-79.5975
28.6099
-66.6091
-15.174
40.4142
121.588
120.522
-27.6234
-117.552
-84.074
-126.66
-12.5687
-91.0458
-91.0458
-17.4488
-174.278
256.941
-166.591
6.50736
-28.7636
-28.7636
-146.623
-75.7887
202.631
159.264
-60.5686
150.019
-45.171
-98.8882
-177.09
-177.09
19.5309
-42.7385
-104.994
158.37
43.4488
-32.8268
-237.058
197.231
-88.8774
-99.4182
-146.968
-136.599
316.352
-21.8904
-282.445
-182.017
136.524
136.524
42.2197
-222.493
-37.6087
-42.7764
-38.0696
-81.6309
-72.9386
337.437
-67.103
-79.4022
-37.6919
-118.041
-10.2241
-54.0824
-96.8425
-24.8517
-79.236
21.3953
-179.819
131.074
-70.6213
-110.204
141.649
-42.0237
-111.944
-175.027
-20.5215
56.7049
-244.266
-43.6562
-93.5566
-79.7748
-79.7748
27.2758
32.9515
-73.6449
325.119
-123.258
-107.17
-59.6774
-59.6774
-16.8619
-172.782
-123.385
-247.584
36.6538
-64.6476
-51.4347
-72.9349
-75.7777
-32.8971
-123.695
-165.697
-135.061
45.1668
212.87
72.646
-136.316
11.4286
176.727
-19.4212
-84.4128
177.955
-172.42
20.7767
-121.946
-60.2
-146.089
-11.2618
-248.5
-13.058
-21.8984
73.5134
-60.3935
-127.827
-76.449
-53.4949
-161.704
-84.5899
341.439
-78.4796
-138.617
-122.549
320.861
-166.832
-48.8877
64.3189
7.93231
309.803
-298.243
167.853
219.989
-131.759
48.6454
-143.739
-17.2342
-95.7154
62.5603
-16.0992
78.9621
0.474591
-57.4395
-163.401
-163.401
-39.3465
-95.3377
-305.958
29.6252
-84.2703
322.602
-60.9038
191.278
-83.3967
-173.645
-272.256
-73.7694
-80.9941
-74.1337
-49.1533
58.4385
56.0078
-37.5949
28.1222
92.8827
-65.6923
-173.246
-124.855
-58.1313
-265.357
46.1784
-154.107
-99.8076
-158.754
-87.6271
-87.6271
-79.8703
-82.4738
-173.695
-56.4857
-56.4857
329.753
-160.425
-160.425
-65.0175
-35.8727
-98.5366
-28.0736
-175.591
-150.957
-46.4643
-152.248
-22.9703
50.6212
-206.537
-74.0572
-13.3655
-156.901
43.4094
22.7546
-112.501
141.57
-211.751
156.753
-25.5205
-114.767
90.8762
-71.9375
-58.6497
-153.054
-123.867
-77.3247
-212.428
-28.0858
-38.4319
-113.524
48.7896
48.7896
23.7236
-280.003
73.4466
33.6199
-80.8919
-53.2371
-53.2371
-130.44
-40.6465
69.9298
-154.24
-191.854
-136.783
-52.8118
-61.7363
-199.968
-42.2818
-27.7644
258.838
-40.2308
-329.52
-71.9901
-32.9369
-70.9639
-310.246
22.5908
-94.7915
-123.072
-63.5819
-118.578
-40.9954
86.6197
-53.1663
-94.0493
-111.683
-163.167
-78.7063
27.3731
109.989
82.9984
186.888
110.814
-175.367
49.7637
114.868
-35.4903
-62.6022
50.8359
-200.14
-200.14
-132.687
-79.488
-8.45725
256.103
47.0555
18.7145
81.7506
81.7506
52.1747
-5.05824
-222.532
-19.0544
-143.263
51.4444
51.4444
-76.0196
-59.6348
80.131
93.0885
-119.368
-22.3238
41.2568
-158.058
-107.816
-29.297
-169.713
-18.4287
-12.8622
-305.566
-123.153
157.487
-145.674
86.8254
109.267
-6.45085
-51.7627
64.5949
-68.873
-103.464
-54.2159
-125.845
-24.4055
-120.664
-59.501
-285.691
-136.458
-87.8431
-143.669
-163.889
-57.1626
-57.1626
-88.8739
31.3406
43.1416
-111.339
-56.1966
-91.2517
-74.8771
43.8338
21.5806
7.21885
-88.5845
-98.2111
-58.512
-140.506
324.266
-7.27459
-294.888
-38.011
-26.7158
-173.133
-26.0984
86.0969
-141.271
-131.888
-131.888
314.973
314.973
-279.403
44.5317
-3.06334
-95.1453
-25.7159
-127.888
248.481
59.6978
92.8547
-3.92518
-3.92518
-142.142
76.5986
26.3734
44.7024
58.1974
-21.6983
-21.6983
31.7587
-233.044
-26.9934
-119.07
188.193
62.1315
240.45
-29.6747
-64.9414
-90.9583
-90.9583
12.0391
19.2927
19.2927
69.8736
-72.9424
-91.6731
-84.4606
-352.625
-132.124
52.3872
-33.1663
305.921
33.3894
-99.6255
35.1768
17.4221
141.165
81.554
81.554
272.36
-237.413
-17.4939
-91.0278
23.7835
-129.458
-67.8463
-15.4902
-10.0362
-62.4828
-62.4828
-53.3903
133.519
313.638
116.467
-279.957
66.6884
-150.132
42.7589
85.7786
-108.153
-93.3266
-75.2101
-147.485
-147.485
83.548
22.26
8.57604
299.407
-155.322
-42.6761
-28.0087
-214.394
-200.784
-242.481
-242.481
19.165
-77.687
-77.687
-78.0601
-88.3097
-88.3097
-43.6119
115.006
-98.1742
-214.661
-214.661
-51.1157
-51.1157
-211.539
-85.5064
-212.585
107.688
-127.998
-9.09774
11.2989
2.86302
25.8145
6.64892
31.354
245.512
-338.639
260.556
-67.5611
-137.179
-295.729
-295.729
29.0463
-94.155
65.659
-36.97
-226.335
-130.342
-266.897
-129.909
-73.9986
-77.3051
104.273
30.9952
-115.592
109.282
-150.388
282.965
18.2654
-97.5283
70.4423
-72.3548
-198.563
-78.1558
-69.5955
-72.9587
52.6176
-99.2485
-126.627
-126.627
-135.374
-135.374
-135.374
136.752
-215.905
35.0602
-67.9348
-94.4926
36.0669
-328.482
-98.8549
-17.0922
-143.747
-83.5411
-281.95
-110.434
-209.96
-209.96
34.0993
-52.7689
21.6031
-112.513
-26.9012
3.47482
22.6357
-92.3833
-36.6139
-36.6139
-134.488
-168.172
-29.9376
53.6321
-14.644
-100.875
39.0438
28.3958
28.3958
-199.035
-4.4026
313.692
210.633
-335.912
-50.1416
131.909
-74.6921
-49.4183
20.6582
71.297
-108.167
-126.75
133.206
158.363
-152.127
-86.313
132.452
321.191
-131.588
124.037
31.414
-95.8754
-23.6571
16.0356
16.0356
-87.496
-25.0686
-198.324
-274.358
-143.992
-107.852
-49.4817
-63.5583
-26.5774
-54.5571
-54.5571
9.57959
-61.6563
-36.3741
95.58
-154.716
53.7341
42.0766
-19.6412
-86.4305
30.8851
-82.572
-69.1755
-212.652
-257.652
-257.652
-67.4988
173.153
-123.119
-77.7659
207.197
-41.5784
197.757
-108.097
133.977
34.1718
-249.729
-249.729
-275.871
-241.808
-16.44
-84.5389
-118.149
21.1142
-55.6428
-149.457
-115.838
220.44
-88.1758
-203.561
-122.747
28.2989
41.9745
-255.169
-100.469
-53.594
-19.3679
90.068
32.5738
-11.4367
346.468
104.615
86.8902
-142.199
22.062
22.062
29.4164
331.701
-108.923
-96.8142
-22.6312
-266.627
-266.627
64.6885
34.6371
19.6573
32.873
-61.1627
-112.486
-112.486
-13.7999
-257.64
76.8
-97.6105
240.552
36.5074
-108.616
343.975
-210.389
46.5429
-30.0997
23.8586
-108.406
81.2147
-21.0657
156.501
156.501
-10.3352
-40.4402
337.049
3.49551
3.49551
15.6794
2.51124
-69.1516
-37.716
-69.2176
19.004
10.5134
50.5697
-68.5816
-57.6304
-38.3142
-73.83
128.296
-45.5695
-162.173
44.2768
-27.3311
-9.82039
18.6769
-8.1412
-55.3562
127.696
-149.946
-30.2851
-30.2851
-349.997
211.145
-182.806
-3.42044
-88.5627
-88.5627
37.0239
-166.233
-59.5747
-122.12
-58.9283
-20.6431
-15.0798
-83.3082
-83.3082
12.2171
-36.1625
-11.6318
-42.6083
124.367
-148.724
-105.65
-279.851
-61.5143
30.4674
59.2738
-98.252
-137.61
334.406
334.406
-272.208
43.6404
-33.7189
-114.118
-88.3121
36.2479
84.5192
84.5192
54.0141
54.0141
295.894
-132.625
-16.8868
-84.526
127.577
-7.5799
-87.0876
-121.338
-46.9951
71.4879
249.842
60.1186
60.1186
335.05
85.6996
-19.6664
-38.5869
-3.17157
-66.4841
-343.43
-261.641
-160.448
-141.364
52.3164
-47.337
-47.337
-23.9938
35.3414
114.443
-158.306
-122.455
-42.2728
34.6223
-83.1545
-88.3837
-45.6503
-63.2676
-57.3417
-57.3417
-34.9019
67.4944
52.796
-246.819
-113.392
92.2554
-114.545
-34.6856
-99.86
-174.482
-20.7145
-133.532
-103.678
12.2325
-129.574
152.216
-58.6927
48.3913
89.3287
152.457
-61.446
74.4585
11.9853
-68.8701
43.4401
-101.943
-43.7067
-37.3338
-37.3338
-21.4317
-21.4317
-21.4317
-63.0047
-51.8866
-186.674
-105.328
-121.203
-144.346
-117.088
-68.4303
218.291
-0.794545
154.272
-234.131
23.5272
-55.4295
-15.1614
-28.3145
-189.267
-95.5336
121.675
333.581
-262.171
109.718
-95.2597
80.1999
-137.556
149.392
-68.8246
-171.683
103.784
-106.969
-148.238
-125.573
-232.179
273.832
71.1633
-58.1061
-40.2615
-79.1159
-68.36
113.809
16.6958
-198.092
-43.7769
-25.9732
-39.0424
-147.667
41.5067
104.739
104.739
-80.686
7.37499
108.688
-140.897
-35.6089
-183.841
-183.841
-86.3999
42.7259
-28.6349
17.3642
-61.3447
58.9089
-88.7526
-114.933
-60.3643
43.8939
28.5996
-285.526
-285.526
128.259
41.4657
-211.213
208.099
13.6908
-162.014
-162.014
-18.8099
-8.72577
74.5442
72.2443
-1.36044
-53.8778
-10.041
158.769
274.535
84.1883
-107.815
-83.8491
102.494
-120.383
-124.5
27.821
-124.693
123.899
-145.9
-70.0666
79.7752
-175.053
-50.2164
25.6896
-251.304
203.272
-8.96507
-8.96507
78.7268
-43.1832
157.351
-248.348
-131.348
-89.4713
18.6423
-240.703
-259.339
-125.25
-148.553
-344.958
329.991
-95.8074
-52.7902
-101.356
-16.4171
135.168
310.893
-24.2316
-92.5123
-69.6935
-93.9456
-95.6867
79.5042
63.0738
6.47857
49.5533
-188.915
-146.315
-191.408
289.751
-257.845
-118.032
-6.88076
47.2287
95.2083
-21.5144
330.314
330.314
330.314
-194.642
89.8568
-43.7037
62.0368
-153.527
-120.701
-69.7339
-74.1741
-55.4062
11.1202
-11.2975
42.4877
12.3152
295.617
-160.957
-232.391
-260.803
-131.507
-247.784
-247.784
-53.2905
-136.227
-118.702
-42.6731
-151.371
-31.0611
-19.2242
-54.7377
32.8858
220.317
-120.628
-110.849
-56.1721
-56.1721
22.0167
-51.9164
13.6158
-165.483
-44.4603
-10.8802
195.375
15.8304
-64.743
-39.3263
-63.3524
-48.6988
-91.065
-97.0392
41.6939
40.329
-153.516
-70.5639
-26.5588
-49.7296
-86.8554
332.394
136.583
59.7504
-121.837
129.19
-278.581
-43.7557
-41.5734
-102.791
64.6373
-108.415
-38.7021
307.414
-182.718
-52.2959
-87.513
62.8282
192.887
34.5498
-125.813
-113.04
-113.04
170.931
-35.4043
152.747
-139.748
-72.8687
-47.8472
-196.998
-19.8964
-32.9998
-32.6935
-77.7957
-212.73
-212.73
28.0967
317.226
-65.6974
-86.835
-46.653
96.3872
-39.3431
11.3596
-45.828
-48.7094
-196.063
320.652
320.652
55.1561
186.826
-196.922
-201.429
130.472
-31.5586
-181.854
-181.854
93.1156
93.1156
-18.4147
-63.559
-88.0315
133.366
-12.2671
-133.761
-86.1035
-176.044
-84.818
80.238
135.156
-286.057
-123.259
-106.433
95.1993
83.7389
-51.3334
-49.4627
-118.821
-34.0705
-11.5685
-54.6342
-129.993
-154.847
-70.6684
-98.2567
37.2325
44.0949
44.0949
17.4833
-102.114
45.188
-25.1806
212.727
-19.66
-24.9483
-290.995
24.8176
62.1757
-38.5426
112.237
67.3551
-245.864
-9.01665
-237.446
139.566
-153.429
17.8927
-115.313
206.156
-111.343
138.438
342.359
38.8646
38.8646
-100.166
36.7652
-90.3552
108.088
-39.5695
102.337
337.074
-268.959
107.048
-76.159
-96.0205
60.8295
-197.898
-197.898
72.1232
-128.725
-27.5045
172.075
-48.2136
-7.05334
-170.678
22.3532
12.1627
-93.4311
208.24
14.6368
-72.1728
-72.1728
105.612
-169.139
-87.7232
-239.025
187.15
-189.914
90.4757
272.13
19.1519
-51.8745
-69.2894
68.4752
-90.111
-58.4681
-58.4681
-278.09
-101.082
15.8243
-35.4665
-157.047
-17.1166
-118.118
324.6
39.3695
-193.316
120.783
-152.281
5.4685
-16.9708
-96.6283
-96.6283
341.346
-62.5849
249.907
-95.865
-62.8127
190.433
104.735
233.301
-30.6748
69.482
8.19524
8.19524
85.5445
-87.3111
37.3447
-227.874
-227.874
-100.762
-15.7771
-84.85
17.5437
-53.7465
-150.354
-41.2044
-78.5941
-165.162
-76.0437
139.554
139.554
-109.134
-69.3328
-189.789
18.7704
-241.513
-100.302
-78.1698
-78.1698
-246.396
327.773
-40.3387
-131.615
183.57
183.57
-51.7438
-133.909
-49.7345
-161.743
-19.8512
-158.346
-33.9191
-30.5943
77.857
-57.5041
68.2759
-67.1707
-104.805
-104.805
-227.424
-16.8791
-137.9
-20.0739
59.4438
-81.3236
82.9496
108.078
222.109
76.2439
-247.023
-286.206
-286.206
-86.3544
48.8027
-119.422
18.9954
-51.4887
68.5529
52.3121
-270.624
-85.8711
38.5586
-33.8915
51.0922
-190.669
-237.367
-150.523
-121.385
319.397
319.397
59.5656
-94.2612
-43.9217
-47.2966
-0.40416
41.5046
-20.967
-122.615
-12.4623
-161.554
318.133
64.5696
-141.987
-109.808
-136.816
-136.816
-96.1308
97.9966
-50.1107
264.645
135.536
206.519
-110.941
-110.941
-116.792
-17.5763
-110.787
-201.862
-290.303
27.2745
-122.109
9.54216
-47.7211
-20.6227
-65.2693
-66.417
252.863
13.7523
271.525
-100.389
-265.568
-16.9602
-20.4163
-59.5806
94.6999
-31.4362
-21.6757
-99.7866
33.2409
348.609
-68.5393
-54.6725
26.6969
50.6012
34.4387
-36.345
-140.016
11.8455
-139.775
40.3001
103.823
78.4298
124.301
-73.469
-73.469
-215.384
96.0104
90.255
-53.7712
-141.958
47.8898
17.5933
-62.4814
-130.539
108.753
33.1458
334.324
-59.8879
-162.002
61.9918
-153.8
81.6872
81.6872
44.215
237.651
15.3841
-80.1616
-58.5234
-72.2808
-148.033
-134.409
33.1909
329.9
-299.578
74.9624
332.933
-128.577
-128.577
-61.0893
-8.08233
70.5442
313.72
-212.768
-60.263
7.80365
-126.305
-157.406
-119.199
-33.376
-20.5174
-199.973
-155.196
-194.535
51.3894
-6.366
22.7877
22.7877
79.8153
-182.545
19.6981
-129.912
-120.038
-23.4752
317.859
-115.563
-143.162
35.3909
-186.779
29.85
132.088
-27.8527
-75.9695
42.2799
-26.9929
-141.653
-96.5617
-96.5617
-96.5617
88.3052
-60.3228
-8.24007
-49.8299
52.2509
194.199
-57.0767
63.4941
63.4941
-74.0184
-158.369
-67.5166
117.146
90.084
-62.9717
-89.6084
-127.722
346.821
-108.296
-83.9415
250.296
259.249
50.8118
39.1773
262.015
-212.124
-65.5299
15.5292
-339.847
-33.4419
-162.747
-41.6942
-48.8558
-48.8558
-93.1978
-70.2482
36.68
-67.7293
98.1
4.01037
-116.516
-149.322
-57.1343
-142.535
-80.2368
246.503
-43.2294
-118.254
38.6987
-56.8767
-111.905
-111.905
-72.8915
-64.5962
-226.95
-98.3677
-151.572
-196.734
74.7104
-157.354
-18.0726
335.661
29.9623
-10.3606
61.3438
-138.553
127.588
70.5903
55.369
-67.1165
-187.043
-224.8
-54.1426
-341.909
-341.909
70.8639
108.309
14.7125
11.7843
-79.0759
-220.431
-38.9463
-66.4678
28.3805
-347.076
-261.49
-2.40964
-6.20368
-142.815
-11.6781
52.8956
-53.1323
345.331
-219.523
-117.944
-117.944
341.86
-142.621
-203.148
-95.219
-57.3305
109.377
69.6198
-10.8214
-109.692
34.4965
-225.746
-82.1186
-82.1186
15.6122
-57.9284
-57.9284
-70.5565
-195.456
-271.478
133.364
185.391
308.844
-58.4568
-227.839
-62.3487
-13.1454
59.7804
-75.5858
-75.9703
-52.4237
-52.4237
54.9015
-51.0143
-93.6469
113.923
-103.135
-76.6765
124.096
278.861
-187.909
-20.5814
-41.4875
-31.0857
-61.7114
142.589
-192.258
46.576
-59.1097
-59.1097
-61.7782
-99.5849
159.76
-10.2189
-49.5965
-121.919
-25.6106
26.1552
115.735
-74.7698
28.5531
-66.9764
-78.9575
-38.8402
-59.6072
76.3006
284.662
15.9748
-35.4302
-12.1433
69.9578
-65.2879
93.4165
-60.8043
-111.741
-95.4207
-86.0637
-96.3593
22.0671
34.2192
-274.157
-126.172
49.0971
-12.56
153.989
-157.64
-345.53
-29.6787
-56.3789
54.8126
-160.047
-157.434
-157.434
-52.6839
-43.5584
-53.6455
-71.6873
-99.3708
-67.6169
125.748
-39.6768
24.7907
18.0648
-24.2319
-307.201
211.283
-206.313
-94.723
-46.8205
-86.3248
-141.898
-143.167
-121.689
-287.889
-32.5565
-156.289
-22.9122
89.1345
8.15221
37.1837
148.123
-66.5417
108.928
27.7127
-90.7917
-68.9005
57.9001
-203.391
-28.8037
46.4897
158.353
-94.5552
-23.9292
-14.79
-45.5236
-113.625
-108.034
-108.895
-138.648
-97.9682
-107.455
45.3837
29.0386
217.567
-164.645
-113.641
-128.159
-312.844
-22.5731
-232.933
-232.933
-101.394
-116.161
-23.2181
-11.9882
23.0973
46.6812
-156.685
-39.3629
-94.4391
-53.7559
15.2397
-67.7591
-74.371
-21.1625
-36.2207
319.781
-5.17156
-60.1596
-20.9939
-125.833
-125.833
19.199
-112.545
-78.6738
-106.29
-106.29
-121.714
-118.524
335.699
56.6774
-29.8346
95.6576
272.219
-23.7852
-191.892
81.9412
173.814
57.466
-153.713
-113.323
42.9044
-101.241
-83.7049
112.763
112.763
-81.8136
-190.132
33.8527
79.8545
80.2262
310.857
-126.888
-162.187
307.082
-318.465
-100.746
36.8402
-78.3025
-82.6414
-110.254
83.0126
133.178
337.652
73.8424
-253.915
-271.26
-30.8275
275.53
275.53
-64.1199
-84.9848
341.622
-39.5394
309.751
-10.8979
-307.169
-99.1189
129.343
-62.7781
15.3713
-97.2143
-28.6832
-28.6832
-237.221
281.436
-82.5689
201.106
201.106
-48.4642
72.545
158.385
-94.7639
63.3176
-290.347
-16.9102
82.2486
100.407
261.04
-16.5883
-177.687
-105.67
34.111
-92.9864
-63.3831
163.953
-13.7288
-98.6715
-86.7766
-6.28567
-81.9044
69.7298
-169.707
-169.707
36.4242
-42.9739
-58.2402
132.904
141.881
37.6599
-54.7491
-57.6275
-124.792
-195.134
-195.134
-20.9722
-69.7736
-148.012
67.9513
-26.4722
-73.6476
46.4348
-55.6881
-144.828
-12.4102
-96.9135
-146.375
-115.544
-22.5041
-327.787
84.7552
106.951
106.951
-9.24854
-153.674
-117.449
28.5772
75.0826
75.0826
-155.185
-84.6033
-100.305
-45.4541
-141.403
45.889
-120.194
-132.321
-129.025
22.5683
-143.242
6.33113
6.33113
-61.3752
64.2646
49.4887
-82.4012
-62.4138
-52.268
-24.4645
29.7945
29.7945
-14.3178
-58.1968
-44.4293
-172.944
-37.7924
255.675
16.6561
-160.633
90.3616
150.213
163.618
-12.6197
-82.7879
-87.7945
23.0922
-77.5809
-99.8161
-56.0069
67.5859
50.2967
-148.071
120.656
120.656
-176.61
-30.1535
-62.008
-43.3854
-91.1364
33.4811
20.673
-72.7518
63.4575
-64.7865
-15.5938
-55.3526
292.798
95.7519
-112.119
-158.145
-233.2
-30.3519
-151.336
48.2584
79.5488
-55.0627
-14.2276
-60.2725
9.21254
-75.6764
-296.484
61.4649
61.4649
158.353
-155.409
-90.927
-292.969
217.477
305.429
-53.435
51.8464
31.4164
-43.2077
23.6554
80.6635
-61.0138
-118.976
-149.044
-113.069
-272.861
-77.802
-43.3553
11.0228
-61.3136
-61.3136
-130.619
-62.6584
98.7739
-104.34
-123.489
-266.963
-102.154
14.7091
26.8063
-82.8076
-67.9622
-54.5122
124.223
219.843
-24.3679
-15.7379
-11.2076
-80.6355
-65.1301
-113.805
81.6836
40.4196
40.4196
275.377
311.583
49.2082
-40.2258
22.6796
-109.853
-255.31
23.4937
-227.818
-52.8017
-52.8017
-11.1862
-57.0675
77.9735
-137.197
-103.993
107.248
51.4923
-53.6358
-57.5144
-103.543
8.53529
-25.118
70.298
-23.9577
-205.265
-286.8
-6.20493
-121.92
-68.7209
-73.5533
151.871
-37.9086
-162.92
107.245
-82.9114
-86.2087
-50.1809
-144.016
-144.016
-144.016
-99.9673
197.858
-71.9405
-44.6258
-130.405
-84.4146
-87.6086
-87.6086
-25.5672
-44.8805
-61.1966
290.005
-68.9496
-196.712
107.175
65.137
-80.6111
-145.372
-58.987
-145.097
-145.097
52.7061
164.823
-151.771
198.292
-75.011
1.02202
-332.977
-41.2304
301.316
-117.57
-261.246
187.71
-120.539
-69.0979
-69.0979
-53.3629
-62.265
35.6427
-150.386
-98.9581
-180.075
-7.97075
-25.1004
98.5953
-112.208
158.364
-125.875
64.9065
-161.172
-127.512
30.2737
44.2822
63.1008
324.076
-260.509
36.3462
-221.035
-47.9456
-229.698
-110.972
-147.61
-34.6508
72.8798
-12.1801
-129.804
-57.2892
-225.752
207.979
-60.0249
-198.906
319.354
319.354
-48.4959
-64.574
41.2806
86.9049
-57.9016
-188.592
-48.6119
-73.3827
-93.3611
59.5978
-59.4899
65.3168
-265.901
88.3575
42.2406
-149.396
-44.1
-67.1408
-343.611
-88.8817
-53.0561
-80.7139
118.562
10.2671
24.649
-209.014
30.5284
298.526
-71.9858
-71.9858
-49.4173
282.735
-40.5976
-69.7507
-31.2342
-14.0484
-5.82867
-127.543
32.3198
-48.5172
-170.972
236.652
-19.7479
-46.1788
-70.1245
-111.884
-256.752
-145.129
-68.4514
-100.227
-14.2142
352.468
352.468
-89.9702
-32.386
-27.1909
52.2164
-184.339
44.663
-34.1967
-37.8219
22.718
131.704
131.704
-217.372
-217.372
67.9098
-19.5657
-79.1764
-133.834
126.124
-89.1233
-89.1233
-81.1028
28.8767
18.4413
40.1891
323.136
-19.2595
-19.2595
-75.9632
-90.1345
-94.6635
-97.5975
-45.1089
-67.6541
342.632
342.632
-66.9181
24.3646
-9.71394
-278.762
34.464
-70.7687
237.923
-57.3652
-331.326
-44.7391
-259.822
-36.4049
92.8602
6.81966
29.6902
-53.2872
-18.5739
-203.067
-136.171
-32.3192
64.6342
48.4944
-206.185
-22.4148
-67.1064
-299.084
-53.3519
-185.22
52.0782
39.0221
-47.9086
193.265
193.265
106.131
106.131
78.7578
25.1331
-27.1874
239.423
-39.9136
47.5312
-123.418
-23.3305
-352.262
56.2003
-182.255
-42.2409
-293.705
69.4505
-72.6456
-34.1466
-63.4705
-202.355
-8.92097
-8.92097
-6.94833
-234.209
45.7643
26.1008
-55.2768
-40.876
40.697
157.772
-19.4955
-248.932
185.886
-57.7719
100.752
50.4399
-270.511
39.4797
-233.014
44.3238
-23.313
14.2551
-35.5752
197.778
19.6705
-88.8835
-123.93
-123.93
-53.5491
31.634
50.4544
-79.0842
-12.0569
22.6896
-98.308
-98.308
-19.9678
-98.4492
-14.0962
-249.955
181.786
-22.6773
334.054
-280.405
-280.405
-124.135
-42.5482
205.196
23.6722
86.235
26.9633
-32.5114
-163.267
97.5336
97.5336
193.245
-21.3698
87.2897
87.2897
-38.5673
-42.6385
-62.0563
-221.794
-221.794
64.8923
-145.869
-172.532
-103.211
-72.9171
2.25433
-36.3079
-137.121
-345.115
-84.9329
-100.216
-100.216
-154.291
-11.2837
-35.4409
-30.0202
94.8969
-32.6395
-99.9051
-166.038
-52.1377
-52.1377
10.2323
-79.8016
-169.775
-35.3726
-47.6589
237.977
237.977
237.977
67.6863
-152.42
7.19091
30.8806
-14.2422
-267.678
344.41
-310.108
-95.411
-106.625
-38.9425
-115.708
-115.708
101.404
-81.4977
-141.616
-34.8788
-141.521
-60.3919
-114.56
-40.7403
-14.4552
-112.355
301.662
222.776
-125.863
-54.3332
-18.2738
38.5393
-29.1253
34.4733
-86.4054
57.7442
-145.903
-145.903
-94.9561
-119.951
-274.35
49.6497
-296.159
-107.051
-20.8693
310.411
-81.6915
36.3618
-24.1877
47.0104
-45.0558
39.7143
-261.819
47.7897
-42.7941
-32.9935
-48.2816
-154.054
117.072
-52.5624
-22.442
-85.4553
-68.7893
-134.415
-134.415
-182.256
96.8565
13.0365
-150.034
-16.3347
-16.3347
-127.363
-101.785
33.7385
-34.538
-62.0631
-62.0631
-98.3916
70.4805
179.485
-120.335
56.8867
172.731
-168.994
-12.8636
70.2886
31.0491
5.2359
-32.7124
-64.8108
-153.027
-131.703
-19.4719
-12.7832
-107.363
-107.363
-138.025
14.2785
32.8481
-68.0707
300.1
-69.7277
-138.039
16.6291
40.2237
-176.295
-41.5811
-92.7027
-92.7027
-158.994
-64.5059
-55.7412
-62.9421
-118.064
-78.8003
-93.7396
73.5557
-43.9238
-197.687
-77.1732
165.706
-106.297
54.3446
-117.763
272.68
272.68
-133.057
78.6836
-52.5077
-84.4597
-20.5724
314.53
-74.7485
-205.202
137.857
-81.5626
-214.322
150.335
-23.7368
-118.267
-114.301
96.8779
-21.0154
-21.0154
-295.145
-295.145
313.141
18.5932
-113.122
-100.673
-257.573
-63.702
-114.445
-62.6359
-30.2095
-19.3119
-100.338
-28.0344
120.917
-234.791
-28.1819
-30.615
119.081
17.596
-12.6787
-45.7908
-74.5123
-211.252
-222.441
-274.208
-49.7335
-112.284
-48.4167
-9.81377
34.0927
-299.261
-79.203
-106.438
147.086
-3.69165
-72.7138
-117.242
-88.0093
-203.206
8.15579
-6.29671
-171.316
-74.5198
-65.6277
-37.892
-146.631
-27.4473
-33.4626
86.3091
-38.7448
-19.5885
33.8736
-77.9987
-173.234
-169.635
-169.635
80.0141
244.607
244.607
-125.147
-125.147
-125.147
-190.837
-240.7
19.1642
-95.0181
-10.4979
-132.397
30.5642
-108.522
7.19935
-41.7705
130.421
-102.547
-53.7944
-61.2134
69.7817
-151.915
24.5252
31.4919
-49.2073
-82.3063
78.6799
-57.4322
0.11235
-17.779
52.1778
-177.034
-82.0474
202.939
-102.554
125.418
-72.1709
-80.6539
-71.1448
118.091
118.091
-158.617
-309.195
92.5825
92.5825
92.5825
-184.201
-54.0621
93.8808
-40.047
-81.8909
32.6866
-75.4777
-42.974
311.778
-192.696
-192.696
81.5712
81.5712
-130.845
-32.0659
13.1753
181.484
52.0573
-42.9107
-79.9318
-66.9077
-66.9077
-91.0803
57.079
-64.5071
-92.7997
41.2176
-134.965
-72.7111
-12.7671
-58.1723
34.6558
-130.163
-130.163
-208.395
36.4609
-40.0002
-40.0002
6.55473
-196.444
135.581
78.2948
71.7929
-70.4045
64.4374
57.8918
-104.68
-79.305
-68.4824
-178.553
-6.08159
-316.058
-66.6298
-102.326
78.8956
-74.1048
-77.1253
67.6248
-21.1422
-207.115
-60.3336
97.9297
74.156
-92.209
-47.5234
-177.984
-13.9745
-43.3509
-7.41673
76.0742
-5.90837
-88.4709
-28.6903
-82.129
90.5087
-105.668
-223.305
-182.45
320.582
-102.436
8.06537
-88.0342
-105.959
97.955
-34.2373
68.4009
26.186
53.1616
145.265
104.795
-50.5378
-48.8121
42.1479
8.75485
320.726
-88.9024
240.598
-38.0008
54.9303
-67.6092
-45.0897
-202.685
-79.3154
-60.7834
-138.13
-182.439
-69.4915
-69.4915
318.957
-41.6821
-69.6457
75.7761
69.5675
29.4402
-68.9098
69.5697
-61.2655
185.38
-346.885
-216.194
-216.194
29.1154
-172.886
62.1969
-114.017
-88.356
-190.701
-77.2803
137.069
-70.5661
-186.726
109.879
-136.992
141.119
-117.907
-82.2904
-82.2904
-51.0829
71.086
12.3455
142.781
-138.675
-336.112
-88.804
92.0349
-127.634
73.7985
-48.1937
-65.4369
-65.5499
-75.2683
-96.9344
46.3411
-259.551
-62.5428
-43.968
-58.9628
-90.8403
126.096
-75.1609
-14.8554
-85.6243
-85.6243
20.5216
-36.1174
-43.2925
-17.5477
-74.6488
34.4189
18.205
152.071
32.1765
285.54
285.54
-78.2946
-142.298
-111.693
311.014
-90.6611
-190.91
-30.6219
-138.044
-30.3559
-13.5952
65.5082
-225.742
-22.7681
-132.142
91.1663
-250.593
-182.903
-85.0187
-177.466
-177.466
198.668
-139.872
-139.872
-140.947
-6.78294
-56.7411
22.0741
-264.564
74.2836
-309.238
-122.286
-55.9814
-118.095
-273.345
-112.871
-167.274
-40.4148
-43.9907
-43.9907
64.0615
-11.4792
-69.8885
-160.971
159.143
25.8304
67.7779
-182.309
-244.357
33.7278
-126.012
-184.958
-28.7975
-72.7372
-72.7372
51.9309
-145.972
-145.972
47.7137
-191.282
-72.7231
253.728
32.1496
132.203
33.7433
30.2642
-165.265
-73.923
-301.3
328.856
-23.9831
-23.9831
-114.988
12.4368
-80.6403
-21.5717
-56.5141
-39.352
-64.3193
-146.63
34.7475
-90.3979
194.905
106.658
-44.5816
107.998
221.717
-199.886
-86.6075
21.5231
53.8414
-43.7749
-57.7206
105.91
117.676
16.3482
254.161
-130.065
-31.5036
295.677
-23.4883
-44.0853
23.4411
128.113
-283.705
-260.732
-260.732
-55.764
12.3607
-152.297
215.774
-11.8139
-50.642
96.8332
-68.9455
-98.4853
321.292
295.799
-48.5131
-114.318
67.7172
47.7662
-47.8841
-281.531
111.955
61.9378
-104.957
9.77511
64.7695
168.709
-27.5222
-115.703
53.011
53.011
-154.652
-17.0258
-28.5542
62.3408
-12.1206
341.63
150.901
-58.2738
-150.893
-62.2146
-323.817
-7.47305
-75.6605
226.395
97.1898
-44.4166
-19.925
-132.063
-87.3813
84.6397
-162.823
159.675
-43.3313
146.536
-282.545
-77.2591
-267.855
22.3889
44.5788
-148.847
-54.8866
-116.488
-116.488
102.174
-132.607
-120.468
-106.583
-11.0561
-179.289
-62.8938
-102.909
-28.8527
242.058
-130.026
279.322
-55.3576
-91.4677
69.55
-46.8791
-71.3404
-11.6808
63.8124
-81.6145
279.175
-83.458
-214.46
6.97076
4.55786
106.978
-59.7248
76.1254
-104.728
4.23773
79.7744
-38.1529
-49.9794
-105.336
-168.573
-42.1669
-146.037
-69.2344
48.7396
-10.1218
-105.671
-15.9221
52.3322
-69.7854
-48.8782
-247.909
20.3162
21.5566
81.9177
-310.715
-41.4776
308.874
-326.701
-22.8988
-17.4948
-79.3968
-67.0617
-17.2608
-43.1095
-21.2611
-21.2611
-251.535
-251.535
249.693
-71.676
115.767
-40.7392
-32.7162
121.5
-83.8636
55.5074
88.7141
-26.3376
-233.768
341.554
-52.4188
-160.397
-23.3195
-193.621
26.3092
-171.712
-40.8921
-38.4127
46.2279
100.602
-36.2746
-40.4716
-40.4716
96.0635
22.8309
49.9807
-92.6404
22.8374
-205.36
8.72387
-97.2181
-49.4138
-9.98231
7.8362
67.4085
201.104
-110.349
-13.7534
97.7149
-316.827
-36.3445
-139.454
-218.693
-233.068
-111.236
96.0269
-27.2309
136.32
48.5143
-51.8783
-111.665
143.193
87.5258
-55.592
88.2716
-22.9335
58.1463
-111.019
14.1363
35.3472
-23.2688
117.021
-151.211
-80.7001
-299.979
-190.236
-49.4815
31.0812
-127.309
-155.179
-103.71
107.464
131.107
-73.0192
-225.348
110.709
-90.7593
-153.074
36.7828
-63.4737
6.4655
-137.932
-141.243
-50.5205
-149.512
-16.2763
-131.47
135.835
-78.7301
-55.2442
-183.754
9.98046
177.895
-136.198
15.5748
77.5583
77.5583
-125.833
-53.1272
-58.8178
-41.6339
-241.37
-147.713
-114.628
66.6558
74.9424
-54.5317
-88.0873
-42.0503
80.1737
-225.459
-225.459
71.1527
-183.955
24.1132
-48.7972
39.5401
21.0273
-100.29
17.4899
-45.1973
45.0676
-52.5215
283.892
-233.203
-55.97
-132.979
-189.173
160.365
-96.2687
-96.2687
-82.6232
60.7802
-39.5743
-91.4616
122.229
-41.8746
-128.727
67.3258
-132.344
-117.823
98.5709
325.287
-317.128
-129.49
-123.35
-123.35
337.591
-119.517
-116.457
-344.174
-284.558
-327.828
66.0551
112.156
-74.625
-74.625
68.0022
152.981
152.981
-134.478
-62.3149
89.2136
-103.977
320.063
-69.78
-172.637
-107.027
349.496
-104.14
265.829
-200.823
-107.111
29.434
-35.5851
-24.9637
25.7751
-43.1728
65.9143
76.4911
24.2463
-71.0151
-148.88
184.271
84.5024
43.5276
-60.4448
-68.1753
-66.5982
-111.471
-236.455
-113.702
-145.331
-102.931
35.73
-178.379
-36.21
-76.1152
-91.6091
-44.7022
-104.901
-186.483
-143.134
219.813
136.471
-120.088
134.033
26.1683
28.6309
126.52
-113.975
-161.387
-91.5156
-91.5156
-81.5403
-77.1136
40.1603
-326.728
277.685
-82.8879
-19.8768
67.9685
-10.9152
-37.4766
-86.9729
33.0448
-121.405
-121.405
-19.8954
-131.339
68.6269
68.6269
-11.4279
-130.265
331.122
166.565
15.6439
-96.3878
-51.998
-12.8193
-12.8193
-178.653
-50.8199
34.2704
66.7554
-29.8335
24.7459
62.114
37.5116
141.001
50.0331
27.8474
202.072
-20.4133
-84.8705
-3.85019
-43.7753
247.019
-43.0207
129.353
-78.5223
-136.37
-118.943
21.2817
-193.888
-193.888
-19.4467
18.6866
34.9616
-93.8186
16.5343
142.035
-126.311
-23.4744
-42.0371
-78.7229
-78.7229
-78.7229
-69.1122
-111.61
49.9871
47.7042
47.7042
-114.408
158.843
-82.7092
83.8198
2.73435
-46.045
-82.4522
-82.4522
-33.8975
-16.2115
-32.8929
137.387
103.962
-36.879
167.945
-19.0224
49.3125
-170.455
-195.36
-195.36
-142.796
27.0078
254.772
94.7407
94.7407
-188.581
-188.581
-32.8376
-173.363
-101.442
-30.3897
-243.458
288.16
-28.3428
117.376
35.2817
43.83
-152.556
-44.6577
24.2979
203.346
-29.7612
74.8394
-177.401
8.97758
-97.658
261.67
31.6537
135.711
-16.9293
50.8918
-162.895
169.051
329.459
-169.192
-169.192
42.7654
110.865
-46.5698
-105.283
-37.3816
68.9207
-111.414
-111.414
-263.93
-263.93
-39.3334
-138.854
-116.905
227.51
0.288779
-172.399
-139.672
-139.672
-178.792
-108.534
202.221
-197.703
-47.6435
-53.0646
-53.0646
-109.451
280.006
174.552
60.7731
-46.9393
-21.2277
-68.4322
-344.381
-344.381
-99.0501
-119.006
-21.5324
-50.961
-33.5528
74.9292
-23.9835
-144.919
-110.858
-149.603
38.3863
289.466
289.466
-166.528
-118.993
-103.64
-36.8827
20.8265
-177.945
-37.7002
-5.77984
154.669
-42.3641
-42.3641
-63.2492
71.8434
84.8834
73.9678
-52.6521
-73.5744
-190.229
16.3459
-84.389
20.3505
-311.263
38.0237
-117.721
-79.1362
-110.486
-46.1825
40.4215
-20.4037
-20.4037
-347.196
77.7696
-260.815
72.8149
72.8149
-73.6278
-41.7212
52.4829
150.987
-37.7423
-236.988
-49.3566
-149.424
76.5823
-73.7912
-73.7912
-64.0154
-87.4889
-87.4889
105.438
66.5955
-77.7143
-53.0844
-103.659
-44.7882
-87.1251
29.6432
73.8288
-120.719
-64.7423
91.7502
-32.6823
60.1365
-46.9824
195.107
107.13
-33.7336
-33.7336
34.8353
24.9773
317.223
101.137
-64.0616
-92.1741
-136.862
-182.814
165.941
-10.4164
99.9518
172.864
-87.3346
-224.276
124.81
-41.7069
-41.7069
-138.812
-45.991
-12.5202
-50.8278
204.482
7.41789
-138.454
-51.778
-199.088
57.8316
26.5086
-91.6434
70.3756
-107.514
-191.59
-144.723
-17.3706
317.607
-86.3393
39.2811
-82.0852
-153.566
347.326
-41.2748
-104.986
-76.2813
-142.344
-29.9868
-106.528
-42.1681
192.924
-66.7082
216.14
-17.8201
329.566
-146.994
-76.1986
-74.9491
-88.4832
-172.944
214.142
214.142
-25.1429
15.313
50.0771
-26.668
30.8867
36.3069
-73.647
103.797
-64.3017
-15.4118
-307.795
-52.8959
-2.21335
-11.0336
-21.0043
-244.481
30.8994
89.516
-144.415
218.786
-61.6403
310.947
61.0237
-64.81
20.3295
-85.9332
-46.9977
0.928757
-325.86
148.267
148.267
-47.9367
90.1253
10.5883
-18.9208
-71.8147
75.8994
-39.6281
-60.1635
-84.5835
-108.837
-180.984
320.635
-70.5668
18.6203
-94.8247
-88.4672
-26.1613
63.4662
-96.8206
15.8439
-195.395
288.322
288.322
58.8685
-134.554
-135.487
355.939
-19.3425
-74.2215
34.9638
153.93
-191.404
-28.9102
41.5648
-93.2003
-64.2121
-147
-63.5099
-63.5099
-108.617
-37.8447
-89.4247
-54.4538
-334.971
101.76
-20.9765
-84.3086
-100.695
-100.695
22.8473
-25.9375
337.779
76.149
-44.9215
334.352
96.1387
-283.583
299.441
22.3347
-32.5542
70.7945
57.1548
277.623
44.8721
-92.1206
-153.939
-111.537
-55.0584
-204.781
-249.558
-33.543
-304.718
174.529
-181.196
-181.196
-70.1917
-80.1538
25.3906
-99.6848
337.001
-86.5084
-86.5084
-11.9279
12.7379
-112.898
-56.8596
-58.9385
-31.0901
-136.017
343.098
-47.2114
161.318
-80.8453
-168.202
-278.641
75.0486
26.0037
-78.7141
220.903
311.875
21.7933
102.372
-31.4926
-95.4026
-95.4026
117.253
-90.6169
-141.5
-28.3832
30.5685
36.7245
123.225
-46.1907
-82.9668
-118.407
-28.9833
-200.491
-28.1057
341.16
112.929
-245.917
-67.8059
-24.5299
-292.574
-299.83
68.5014
57.8393
144.709
309.317
-14.529
35.1622
99.3159
-133.457
329.286
32.4707
266.944
-47.3231
-107.292
101.673
-218.642
-269.095
-130.555
-66.7589
277.929
-189.001
-15.3611
71.4873
-46.4057
144.049
31.7091
31.9823
-26.1677
165.997
-62.049
58.3793
26.3608
42.7043
220.524
-53.5783
-13.0232
-22.6882
-22.6882
-77.0151
144.519
-9.80676
-63.6815
-88.429
-19.2425
-86.8919
-149.83
-66.6922
146.565
23.5851
-51.9411
207.985
-16.7437
-16.7437
-14.1584
27.8405
90.5941
-198.532
-198.532
-71.3653
-9.50919
-327.898
-16.9542
-171.667
-196.276
-235.981
16.303
-168.372
21.8248
-136.57
-11.8335
-327.412
-195.226
101.483
-36.5153
120.332
118.572
-120.166
-120.166
80.2385
58.5932
70.8169
-213.541
46.8866
-22.4974
24.9211
187.801
-65.4419
22.1682
34.6922
15.6887
15.6887
-46.2801
47.9845
-177.506
52.5104
259.624
-28.0812
-109.515
-73.2598
183.533
-86.8396
43.9606
-24.601
-25.63
-141.021
-141.021
-16.396
-94.7146
-94.7146
-210.688
60.6464
-113.861
-32.3604
-128.582
-36.0096
-99.1605
-51.4838
-51.4838
-345.468
-97.9112
-13.5949
-57.1862
-111.124
11.5626
-221.086
-34.322
341.054
341.054
-22.2227
-282.982
-65.9078
-330.059
-234.443
-64.2495
-63.3327
-107.835
-296.806
-61.4842
-61.4842
18.5704
18.5704
-107.101
-108.603
-61.2559
46.1149
90.9264
-107.767
-35.2779
-218.297
-72.3165
-97.5837
-51.279
-59.6871
-74.2956
-52.7777
20.0493
2.17393
95.1276
-8.32063
48.8698
75.0558
-95.1888
50.4128
8.21135
54.627
-12.5437
19.4194
-46.5554
57.3016
-74.637
-42.3975
-217.265
149.14
-48.1854
-95.5542
-25.2299
156.652
340.548
-129.062
-20.8482
23.4776
-8.93307
-99.1218
23.7376
-43.2488
-63.9977
341.568
37.425
-46.5562
-38.4863
-124.79
-229.192
-166.139
-174.122
-119.171
-53.4658
-31.9117
-65.2377
-163.149
-46.7468
-281.655
109.845
27.8394
-160.233
-14.033
-294.865
194.798
-9.65208
-76.2371
-15.5745
27.5372
-79.2787
-140.061
-107.392
-138.928
130.798
38.5044
31.826
-177.589
324.777
-323.12
-283.778
62.8533
-132.845
-153.203
170.022
-167.754
332.648
35.5888
-212.468
-57.1109
170.315
-210.457
-75.6799
70.6303
-180.351
-109.578
-74.9279
-11.5439
-25.0671
-66.4782
-72.2459
-181.463
-115.331
149.407
15.0618
-41.9566
200.588
-85.7035
126.157
-199.806
-98.1098
27.8271
-124
24.6206
-91.7052
41.5651
-72.8592
86.3298
86.3298
-74.957
-125.518
-125.518
-104.991
-81.1067
121.499
-40.4166
-56.2105
-92.5382
-168.266
-10.7614
49.218
-139.325
-135.214
144.722
-46.0952
-46.0952
305.13
-10.8271
-91.3926
-47.5239
-18.2397
-68.0516
-68.4134
86.0466
86.0466
-84.5033
-97.2811
82.4096
79.3798
-12.6479
7.13819
-348.258
-69.4642
-168.611
-97.1045
-175.918
-42.7141
185.824
82.7636
-241.039
34.1539
-133.013
-7.6115
-133.975
-133.975
-24.7367
-10.7036
31.8541
40.8571
-70.3956
120.236
-66.6781
-204.16
22.7111
48.4262
59.4973
59.4973
53.5278
223.078
-141.676
8.04499
14.0471
-70.8927
-169.41
-143.485
-133.37
-50.4866
-149.376
-37.4001
55.3878
-54.1924
-90.3198
-86.6906
-102.351
-60.1633
-181.337
-10.9871
326.176
126.807
-44.2243
-322.183
-49.7291
-72.5423
-72.5423
-79.3234
-36.7196
-92.2291
30.5806
-38.612
-227.054
-179.145
337.56
-44.3296
225.52
-64.4044
205.17
224.504
48.5917
96.8501
-26.4835
-123.939
-143.331
121.744
-93.0376
106.134
-99.4145
-226.543
-45.7342
-75.3664
-212.865
-142.223
-98.823
40.2019
-44.0266
-44.0266
73.2577
21.0366
21.0366
-62.5027
-114.121
-131.867
-47.3117
-299.024
-55.85
-66.4886
-25.4407
-343.105
-63.3062
23.4183
-72.8368
-150.456
-150.456
-72.7011
-109.187
-17.8279
-138.337
-57.0561
78.8091
-93.1584
-31.7024
-65.8191
10.7258
208.625
-47.5555
-42.5351
292.82
-134.92
-123.574
149.009
-137.638
65.4798
-18.7635
77.2625
-38.3441
-51.1273
-27.6322
-13.3183
-250.159
86.2083
53.952
-113.263
-13.0519
64.8728
-30.2487
-13.4425
56.6902
-41.9857
340.245
-74.915
-108.978
-25.4846
-178.874
-51.8723
-27.1149
-97.5782
-105.365
-163.728
159.743
-54.809
-158.882
-142.991
-73.9816
-34.7067
20.2057
-96.7828
-96.7828
-95.9023
-49.2652
-164.328
-69.7752
48.7049
48.7049
-144.051
-8.67634
-57.883
70.1332
-67.9946
-89.3188
-126.35
-101.815
-80.2033
-88.5914
-88.5914
37.6773
-77.8444
338.566
43.7165
-157.78
-220.134
-36.2338
-265.139
-136.233
28.4259
-35.3638
-173.473
22.8497
-68.0781
92.0829
46.2516
67.3652
-139.772
-154.494
-59.4656
-81.9567
207.812
-184.221
8.16905
-110.225
53.676
-115.509
-230.788
40.5303
9.30682
-96.564
-50.1842
-301.974
-70.5184
-54.5019
-274.488
-88.2746
-163.077
-156.446
-42.8656
-185.407
-76.8363
-77.0132
252.601
-135.983
-127.762
-127.762
-159.772
-140.197
-34.8384
128.036
-45.1921
-26.3142
-86.4713
63.8066
63.8066
-45.0997
-38.147
-63.0105
-198.5
328.36
-27.1367
-87.519
12.5333
-313.756
-108.707
-49.2314
-126.164
-102.975
-100.588
-129.191
-288.463
-288.463
-331.694
-85.9026
62.0289
-122.306
-122.306
24.8347
20.0447
-92.4152
-119.705
-89.1296
310.825
-144.827
-144.827
-28.2026
-132.078
-8.94998
85.8978
160.393
-137.317
-322.041
206.896
-113.338
50.4414
-65.0633
-337.531
-202.255
332.923
187.682
-345.567
-56.4486
-10.5016
181.633
62.9659
14.0442
-53.8464
27.1755
63.6948
-59.084
-212.265
-136.615
-196.543
-46.407
-71.1553
-114.966
-128.789
47.068
140.202
140.202
-68.0404
-71.1885
-197.221
-32.169
-65.3566
-65.3566
85.8139
39.8447
-151.397
-106.341
-140.251
308.78
-134.216
-162.461
-62.2859
-59.2905
-60.2895
22.8559
-140.433
-26.6326
-138.056
-182.428
-211.356
51.6717
38.0172
-83.7816
-151.825
-30.0881
51.3368
-71.0607
-71.0607
129.295
106.311
-4.43763
-63.454
45.875
-144.951
76.4235
-94.4759
-14.8076
-14.8076
-157.906
-83.0443
-93.9911
-72.4594
-103.568
-103.077
-103.077
44.6101
-76.2251
45.4227
-80.0704
48.7887
40.9799
-180.869
39.5919
24.3624
-29.6742
-143.62
-132.685
-24.9027
-203.601
106.528
124.331
-57.8139
26.8224
-120.137
-105.309
-112.485
-16.5953
14.8585
-256.026
-137.326
-137.326
34.5131
30.571
65.699
-195.822
-91.7589
53.2425
-60.0994
-83.4041
-182.441
-75.9522
-44.2532
-24.9296
-60.5457
70.9184
-11.6703
-76.2252
-102.946
-102.946
-325.548
-24.4475
-79.8955
-95.0727
-47.6973
279.613
-247.978
-247.978
-118.014
-39.2536
62.5365
-108.379
-63.6948
39.1279
113.05
302.009
105.818
27.563
147.487
-157.671
-54.2922
-96.0007
-96.0007
39.1545
-320.556
-61.9734
34.5158
-70.6841
-57.5167
22.4352
-129.152
-72.8469
61.8196
25.9368
62.8103
115.379
115.379
-111.991
120.051
-93.8537
-348.255
-218.443
239.423
239.423
-125.308
273.296
-43.8661
-65.6618
-18.6404
-38.6839
-51.4344
-15.5684
-54.0476
-89.9746
-99.4109
-99.4109
-113.176
-110.492
-141.774
-97.4007
-118.469
-17.573
29.9338
-153.365
32.2818
31.2648
66.6565
6.92753
-136.678
42.806
-58.5676
-100.529
-191.616
-19.4073
123.652
-57.5534
-105.283
18.2882
18.2882
-71.7282
-67.8004
21.1715
-39.4146
-54.0162
-244.087
227.239
-88.2629
-175.108
-98.6273
-64.7568
-54.5043
-199.883
-157.7
251.989
-109.652
-7.72437
-47.0719
345.213
-23.1647
158.239
-76.7098
42.5606
-10.1917
-202.129
100.071
-51.5453
72.2713
-152.576
-44.6756
27.6729
-99.1536
-70.1082
92.9065
332.57
-181.946
-181.946
-250.263
-60.2306
74.0832
30.5534
-42.0317
-112.301
52.4055
-7.82698
-40.2704
-79.036
-94.2821
-94.2821
-61.0151
-44.7698
62.7067
-116.023
337.124
-158.196
61.834
40.3568
206.597
-93.3165
-150.465
301.091
18.87
-106.199
253.45
-139.222
-12.9732
110.037
-27.5131
61.6138
-4.7953
-236.99
239.413
-139.528
34.5874
74.1794
-40.3729
16.1772
44.9464
72.6223
65.7462
-75.7411
-23.9877
56.702
-71.0505
-33.5473
-158.682
-20.8143
-327.815
41.0444
-57.18
322.473
-71.7978
-71.7978
-118.004
154.765
-57.0356
3.48201
-36.7126
-32.7708
99.8472
271.619
61.35
61.8828
-37.0546
-97.9875
53.4746
-315.159
-86.6446
-86.6446
-121.97
-193.314
13.9607
110.989
-68.9674
-42.0419
-159.242
-159.242
-165.002
96.9731
-27.4042
307.507
-218.977
-107.05
-63.3441
-140.703
110.687
-213.059
-22.5404
-136.39
109.474
-96.044
19.0961
14.2747
-106.819
89.5548
29.885
-20.7495
-142.18
-65.4954
-190.918
-208.166
-64.1908
27.491
-175.277
-49.6309
30.0564
265.466
271.863
-119.411
30.9804
-191.159
-216.912
-99.8308
-304.545
-79.0582
-85.8688
108.541
7.4347
-34.4422
325.761
-168.298
-81.4384
298.809
298.809
-46.3081
-107.604
-40.6503
87.5377
-234.459
-174.893
28.3535
-180.98
-47.1533
-45.2495
-44.7644
156.981
-185.734
131.466
-102.57
-140.162
35.1415
340.752
254.818
-91.2444
-213.223
-255.624
8.60861
72.6724
-16.7407
-108.6
-16.5761
58.6162
58.6162
-41.0259
-166.031
-86.0581
74.7831
-171.509
-8.64854
10.2229
-205.733
39.0238
39.0238
221.705
35.7512
-101.331
13.7855
-104.179
-70.372
-76.1769
-26.4785
-57.2244
-57.2244
-12.8291
-86.5773
69.9006
-8.03026
-65.6548
-286.518
110.836
-8.86168
84.4156
16.5785
96.6012
29.4778
8.9966
-107.486
48.2275
-269.551
-10.9202
-136.587
-13.5859
-11.8914
60.9786
-276.747
200.79
-91.8976
-293.598
-18.3674
313.004
-78.8073
-73.0351
-130.411
-130.411
33.4798
-32.2985
-205.607
74.4365
87.8665
312.723
63.99
-12.8716
119.194
119.194
-151.134
-56.5376
-56.5376
-44.2013
-99.119
-140.542
-40.9585
-50.9084
-31.2179
-31.2179
-83.3678
-89.2059
43.9784
31.0454
-83.9086
36.3183
-23.0975
340.234
-204.857
147.719
75.5
32.8712
-9.21007
-157.382
-298.701
-67.7653
-52.9497
-143.44
-121.602
241.252
-187.042
73.588
-12.2867
218.676
-203.296
-109.117
-7.55032
14.9828
-48.8986
142.612
328.907
7.07859
346.512
-114.041
80.6543
-112.417
-64.4946
-268.592
-90.7947
-152.402
-93.1927
-144.601
-318.5
34.6593
-15.249
-53.7108
-68.1105
15.9676
-37.8118
252.697
-250.125
-102.011
-201.198
-39.2474
-229.735
-77.1022
277.532
46.2073
-120.362
-252.006
-149.842
25.2704
8.50791
-65.148
-48.5722
81.3095
-24.8955
-24.8955
71.1407
-164.821
-58.3955
31.2814
309.831
39.3703
-68.8495
-7.7751
-32.3227
15.216
-18.4992
-88.1845
-19.4976
-81.5289
-80.2139
-14.9826
-156.581
-134.313
39.6806
-142.346
-92.4214
-61.8668
-32.3276
-321.182
-7.11672
166.233
-56.6723
-221.149
18.894
-33.1229
-22.0068
22.5318
-41.2477
-106.122
-32.6322
246.399
246.399
-184.416
-68.325
-166.908
-124.478
59.9933
59.509
-27.5124
-134.128
-97.8755
-282.478
-4.48185
209.972
-131.993
-12.2842
-235.28
65.0779
-25.3428
286.042
-14.2303
131.538
-77.9951
-23.5581
-216.325
-49.3479
-29.9875
-172.638
-112.448
-102.176
-92.2793
-28.1573
-278.997
-41.466
51.2688
-129.051
-144.643
80.6211
-42.4127
38.2551
-86.8867
-27.4525
-132.055
348.041
348.041
-206.447
-171.36
-67.9929
-47.1797
-111.756
36.9323
-73.5912
-56.8433
-108.526
-197.049
-22.6841
-99.497
-72.4983
-49.2963
-124.748
-124.748
-162.529
-120.166
-104.766
71.3583
213.15
-43.8976
79.6102
121.234
172.682
-109.063
-173.434
127.411
-33.4695
-193.869
-32.9591
265.496
-174.444
-20.1925
-46.8435
-12.7685
52.6651
-35.879
16.7556
-106.847
-104.363
-112.73
-136.334
-177.86
341.008
-48.4733
162.684
-76.7393
15.4017
191.891
68.7917
-129.043
46.9168
81.005
-126.677
-11.5196
61.2199
-66.8243
-79.6071
-159.438
40.5501
-25.1814
-63.1943
-34.2103
-70.7471
208.874
106.916
-134.144
43.7687
-73.3488
-9.89216
-58.1344
-128.913
-38.1113
-269.434
-269.434
-35.4413
-222.525
-69.014
-149.584
-47.3789
-47.3789
165.419
-45.9174
28.0554
-77.1648
246.253
-90.4048
-50.6152
23.1034
31.8785
47.3737
-45.418
-172.27
-197.744
-63.7017
-79.2576
206.492
-79.8131
-158.461
-158.461
-14.6188
-120.104
-161.328
-77.8793
-45.1232
-9.58195
-89.3633
21.2762
-173.453
141.906
-64.5685
-298.383
-73.5925
-90.2764
-90.2764
26.6858
26.6858
-161.328
91.051
69.0645
-111.624
36.5375
-30.7596
-86.0789
-6.99581
-23.7725
46.2101
-97.1292
-62.8346
-68.5155
-11.9283
-58.083
244.359
-102.193
93.0502
-208.608
13.9367
13.9367
-44.5479
-44.5479
44.301
-125.936
-4.77899
-72.2598
-28.2709
-61.4604
-61.4604
-83.5802
-91.3802
-72.9018
121.712
80.7344
168.046
107.68
-186.939
-91.1044
117.426
117.426
-77.449
-195.616
-67.1319
-143.286
-143.286
-39.8677
238.523
-69.6398
-137.148
-165.665
-71.967
-44.3972
9.37913
-142.752
29.72
-141.493
32.7008
-184.342
-71.8952
-139.11
-198.902
38.5786
-32.919
30.2503
42.6342
-46.8654
-203.873
-90.182
15.185
115.592
115.592
-30.3039
-82.9034
-82.9034
-82.9034
-107.835
11.1866
-53.0217
-92.8463
-110.139
109.145
109.145
7.57768
114.243
-302.205
-36.9056
-178.298
58.8631
176.475
92.951
60.8161
-44.5962
-43.7232
-63.233
40.0873
86.6835
27.2579
-37.6552
261.821
-128.07
42.9944
-242.983
108.472
129.188
62.3495
-83.9805
-278.246
-278.246
-109.787
31.1282
25.6498
-285.237
-123.519
-123.519
-57.5723
14.9644
-36.4113
-36.4113
-10.4625
278.942
24.908
-125.295
-250.975
-242.751
-22.9289
104.99
104.99
-259.668
6.81643
26.324
-48.7269
18.3598
-217.18
-217.18
-55.3246
-43.0207
-99.8902
328.894
-37.2027
54.543
-162.771
77.3995
33.0027
40.515
-27.0539
312.492
-67.1759
-67.1759
-97.0963
-120.635
-102.701
-67.5516
-113.806
-131.309
-94.3287
94.4295
-90.7686
10.7924
276.042
-62.6078
-89.9062
28.0106
-187.134
-25.3062
-103.972
-50.1596
-224.642
-34.1884
45.8778
-85.8345
68.9265
-354.48
-354.48
-101.852
134.569
24.1493
-43.5306
-54.6174
-158.689
-158.689
-137.922
-50.3427
-99.5056
-119.062
-145.302
-4.42417
-76.2935
-5.64877
-5.64877
86.7109
103.009
76.9124
-129.683
16.083
16.083
-103.894
-143.799
-21.6122
-70.5045
-67.3238
-144.922
-70.6117
-100.389
-203.708
-311.261
12.7882
-134.812
106.26
-39.5438
-64.0246
85.1576
-9.58166
-55.3424
-187.032
19.3811
48.4988
-10.1756
-93.1534
-107.206
-34.5938
-19.1085
-42.4153
26.4944
-58.6325
-265.05
-265.05
-101.899
-200.418
-47.3969
-199.202
30.4952
-104.061
-78.33
9.43251
-179.791
-13.8344
11.6141
-69.1762
54.6461
23.7954
-116.197
-132.255
103.459
102.361
-177.734
20.6544
-193.289
158.456
-5.97344
17.8093
-210.99
-36.6326
22.1293
-44.9761
166.932
-49.0522
-221.199
24.2821
53.1356
-40.8628
-67.1232
-21.7711
-214.488
-48.3601
-97.502
-106.607
-67.2823
-241
48.3382
-181.31
-81.1082
-94.3968
-110.207
-110.207
127.331
14.4779
-23.5371
18.299
-70.397
-44.693
50.6114
-53.1775
-53.1775
-146.997
-39.4342
74.9538
123.679
-165.883
54.1819
228.44
239.684
-30.1819
-182.065
28.88
-17.2625
-60.6833
-149.692
-87.7324
17.0114
324.126
-56.1032
-177.249
-69.8174
-69.8174
-120.346
-32.9018
16.2087
-51.8664
-51.8664
35.2123
-22.2449
7.33216
-11.8658
-77.4553
193.432
277.544
203.755
-52.5077
-110.713
85.8704
72.4002
-102.887
140.141
14.8658
-156.837
45.8726
-149.77
166.002
71.4235
-49.6092
42.9457
-73.4307
-105.231
65.6702
169.609
-331.58
23.5892
-44.7593
-9.75035
-78.1868
-140.707
-247.124
27.8667
-119.564
36.7595
36.4385
-46.2496
-32.4271
39.845
-22.6925
-163.13
-18.3821
-268.668
116.451
-14.7427
22.1565
28.5734
114.33
-213.423
-18.3971
-240.538
24.7222
265.795
-191.285
74.2775
80.4687
72.2751
77.4085
301.423
-58.3686
-67.3275
332.428
-79.1109
-179.39
-15.1189
85.89
-11.9707
-44.2003
-166.117
-166.117
-51.0592
-80.7536
-22.804
-191.998
-45.8902
-197.373
-56.4035
-23.0842
-13.8217
327.23
-56.5238
-85.9056
-274.857
-130.105
-130.105
40.2271
-161.323
125.875
125.875
-65.7449
-145.45
-64.3732
-51.6809
-82.9619
77.5061
-320.842
-296.235
-130.36
6.33058
-21.0188
-119.892
315.25
-71.8155
-100.035
-39.9477
-94.1846
-124.144
53.5293
77.2149
-109.527
-124.893
216.551
-116.991
78.6502
150.599
-100.052
-107.039
-65.9817
-119.969
31.2749
-204.438
-270.834
168.117
-56.3147
12.2187
-19.7005
-44.1266
-106.873
324.81
63.9967
-144.11
-54.8708
92.1682
-81.8172
-19.731
-7.58697
-116.731
-32.7275
282.316
-109.107
273.626
31.9881
-66.4097
-29.1245
-114.979
-114.979
-125.035
-67.4498
-78.0636
34.2423
50.9006
-21.0251
-78.2942
35.142
18.7423
-8.58889
-92.7076
-70.5218
-63.5324
-61.6987
-7.49194
-63.6629
-164.344
-204.453
-19.607
129.971
62.7197
303.96
-83.0602
143.19
-222.287
162.323
-81.7053
-99.1539
-99.1539
242.38
-247.275
-93.3128
35.8282
-152.006
75.461
-154.42
-39.1011
9.79166
84.1613
-169.478
-284.832
80.3056
-148.32
50.4361
-160.503
55.44
55.44
-185.935
23.0376
17.561
-101.984
-80.4608
65.8456
137.712
-53.4827
-75.4296
140.018
-75.8486
26.6584
36.9678
144.517
-159.41
-24.6667
-209.271
244.81
-56.6532
-185.988
-114.567
-114.567
-45.6372
-129.959
-77.6303
-175.456
19.848
-63.8601
45.49
73.4082
58.5795
58.5795
-17.4272
-119.581
-155.159
-206.874
-14.1483
-164.741
-44.4206
0.344431
-75.3178
-63.49
-80.9703
42.6947
-82.8739
-14.4855
64.7489
-52.1967
215.659
-143.931
17.9291
-160.889
-268.026
-61.1837
-84.4822
-278.609
-76.5984
-60.9729
-59.7714
-122.367
276.854
276.854
-84.9437
-75.8109
-58.7356
-58.6594
130.222
176.547
18.8795
-67.3634
-7.48244
-84.1927
10.1626
-49.4505
-89.935
-58.2385
-9.5881
98.3189
-80.8012
-79.2586
-79.2586
279.745
-82.0155
-243.391
52.7542
52.7542
-214.667
-117.95
-77.2807
29.162
33.4668
-138.541
29.5364
81.1045
-113.892
-138.388
-56.5658
-103.014
-130.015
-130.015
-107.445
-32.7511
-26.2035
-1.57368
-92.4094
157.087
-6.86763
-32.175
-191.861
-208.447
-77.0356
-120.418
-101.039
-125.296
-76.9571
119.166
104.933
-95.9631
75.3825
-132.366
104.831
-181.019
-83.4464
-51.4598
-106.124
-97.8363
58.3272
-97.4152
-97.4152
-206.862
-8.62627
20.9252
130.358
-100.216
72.8355
-63.5591
-219.61
-87.2139
-197.131
-114.515
-82.6097
-53.777
-177.546
-177.546
278.488
32.8158
70.4359
-106.463
-13.3369
-92.1168
-293.795
-56.916
-13.9859
325.317
68.7916
-74.4981
7.55432
-51.3528
-49.1207
19.419
-12.2252
-150.959
-50.3424
106.003
-63.3996
-150.028
332.86
-197.296
30.1237
-117.549
-117.549
33.0364
-211.549
-73.173
-86.1441
84.4087
-95.9342
-52.3452
-139.497
27.55
-86.6814
271.093
-175.659
-72.6448
130.077
98.2401
-290.799
-89.8178
81.5543
69.209
-49.4616
-79.8308
-79.8308
-72.8582
-46.7648
-20.7618
-95.6014
-95.6014
-15.8632
-315.858
-315.858
33.9235
340.868
-30.5758
-95.5069
-138.129
-61.6786
-69.6186
51.5503
66.9672
-94.8187
-6.85063
-107.44
57.8586
-16.0765
32.1791
-129.777
-95.3435
19.5118
-200.643
-101.294
-107.313
-106.586
-87.7076
-67.8955
-220.048
-103.662
-127.155
-109.104
-75.7413
-93.724
181.497
165.887
99.216
47.2932
-199.653
-158.575
-48.298
321.932
57.6445
23.8875
58.5835
88.5624
-139.029
-111.528
229.494
-84.3145
-38.6895
-71.6766
37.3824
54.7754
186.283
-58.5937
-51.7751
-111.462
-111.462
-43.2512
-79.4836
-213.097
-178.516
40.0545
-49.6395
-18.2228
32.3725
97.4759
-15.1708
-103.906
-79.6903
-26.4259
-96.0289
-97.2313
215.077
-23.8923
-66.5379
53.3703
-136.423
-8.77475
-75.0403
-122.016
-122.016
-121.457
-87.1118
-142.219
-157.341
-157.341
86.1974
-172.559
-134.889
-56.2088
-181.307
-50.3983
-52.8521
-66.4925
-66.4925
-217.702
-45.4886
12.9278
8.06091
66.4831
-194.084
40.3625
124.014
81.4122
-50.6313
33.7986
-52.6096
-102.173
-102.173
-94.3638
-13.1863
-83.7519
98.5462
109.873
-72.736
-154.211
17.5675
-55.7938
-55.7938
-29.4457
-73.2914
93.9415
-82.5905
21.6837
-89.2176
10.2718
-77.0085
-69.1883
-19.9207
-143.048
-100.943
-27.5824
192.218
161.521
161.521
-89.4104
-12.7309
-165.677
-83.4004
340.409
321.811
-111.15
-89.0755
-20.3566
58.6753
-165.068
-239.074
-42.6913
-96.885
-118.989
127.449
209.098
12.0749
58.4611
-116.714
-45.8092
-128.629
32.7859
17.2856
-52.5099
89.6061
28.4385
-241.154
175.379
-144.652
273.682
-94.7177
-16.1109
-313.044
-99.8001
-33.326
-18.436
-128.261
-136.087
34.4427
69.3352
-121.36
-49.051
79.1052
142.099
67.8118
-86.3208
268.606
115.648
115.648
175.625
222.5
-120.986
-83.9418
-161.881
-112.273
-17.3076
-159.427
-28.4028
-28.4028
337.582
-104.548
-190.751
-59.5458
-17.6264
-238.924
-61.6147
273.228
93.8648
-15.4638
-87.2549
-131.4
-49.744
-25.5071
-65.0516
-193.536
203.254
95.6002
-19.1796
-19.1796
-19.1796
88.5192
-71.4902
-142.589
56.7616
9.05788
-202.442
-91.8412
-65.6655
-65.6655
58.5266
-56.0202
-55.0261
35.229
-79.6119
-62.3784
-57.8999
270.885
-55.5372
194.058
16.2859
-80.9449
-116.095
-32.8145
-53.1369
-52.701
-97.3833
-62.6264
-160.503
-88.1964
-194.101
155.94
34.8337
-103.892
-26.6411
147.799
318.568
-168.384
-91.3158
213.321
-31.1811
-131.952
-210.673
-103.227
19.3511
-150.784
7.55466
-119.293
-33.9523
-21.5428
-151.294
-82.6313
-98.5248
-59.2305
-59.2305
-21.0527
30.8517
-72.8378
-72.8378
120.657
-232.274
57.1658
82.2715
-46.6404
33.911
-33.7722
-92.3054
-238.783
-29.3778
17.8518
-40.1747
-88.1796
23.8889
-51.4814
45.2563
-129.54
310.113
-177.721
116.397
64.3517
328.62
-31.5833
-31.5833
-177.55
79.4079
-10.3966
15.6072
-70.197
-12.0251
-328.795
-115.228
219.223
-35.2112
32.8321
67.1106
-122.541
-27.7903
-52.1317
-85.4205
80.8491
-87.496
-122.344
-18.8793
226.447
226.447
-97.5686
186.076
105.91
-53.1279
337.299
-50.1486
-69.4551
-17.3705
-85.6804
-87.1934
220.947
-85.9602
22.5664
59.0005
-140.138
-31.1664
-50.5226
114.746
321.838
-8.2001
-186.169
42.1567
42.1567
-204.985
-146.158
-43.8055
102.317
94.7341
-218.65
-22.6713
-130.774
50.5528
50.5528
204.982
47.224
-24.5712
246.302
-187.985
-153.559
344.045
25.9412
56.8676
216.284
-95.685
40.7832
-53.1157
-75.5455
21.2943
90.5976
43.7878
84.078
-78.7183
49.8266
83.1797
-161.189
-161.189
-20.0203
138.041
138.041
101.924
139.441
-116.427
-41.5439
222.028
-125.101
-233.421
12.0475
49.8552
83.3456
72.2087
-149.111
112.11
-37.7117
-196.804
-196.804
-74.7176
-197.998
188.401
-112.814
36.2403
19.6314
-67.3887
-35.8778
28.8265
-106.755
-289.77
46.9346
335.303
335.303
-185.839
66.671
66.671
222.17
222.17
-24.0382
-324.409
-115.098
-91.2354
323.034
286.254
-228.061
-98.9754
-12.1648
92.9716
57.1653
57.1653
57.1653
29.3788
53.9363
54.4949
110.566
-341.646
-117.19
51.5084
15.0253
-288.993
-58.31
64.9517
52.5049
-142.915
-142.915
-68.3701
-7.80196
124.154
15.0301
-155.902
45.3073
57.7201
-75.503
124.026
-158.135
105.54
63.1052
73.2527
-197.876
69.5667
-114.942
100.759
-10.3323
64.8311
-324.092
40.3854
-113.845
-113.845
-19.3472
29.0763
-1.91924
-49.8031
64.2262
92.5283
68.8843
-70.1605
-104.972
-18.849
-61.4255
-138.267
-36.011
39.0776
-38.981
49.5375
-59.259
14.4386
81.3337
-133.118
-88.7043
58.9906
31.5109
-89.1618
-14.4207
45.0383
-150.242
21.9714
-52.4908
10.2458
-39.8889
-62.0426
257.851
1.85734
-127.844
-208.204
-206.238
-42.1825
-22.3592
-58.0117
39.9744
-128.741
-128.741
-128.741
45.4454
-14.6132
-221.51
-56.8725
335.626
-8.33405
104.002
-82.5465
-42.3495
67.7751
39.5476
-25.3548
-80.788
109.016
-57.4282
-57.4282
-116.758
-118.66
-93.5241
32.0575
342.871
-108.892
-36.8534
-54.5751
-95.4195
-86.2749
-86.2749
-86.2749
162.876
131.527
203.214
15.0102
-61.3774
-308.681
-10.678
-32.8801
-94.1446
-38.2275
-91.2697
-43.2804
-167.715
-167.715
273.202
-38.6523
17.4806
6.38002
84.7
10.072
10.072
-121.291
-70.8334
276.149
-130.07
-237.547
-237.547
-237.547
-27.5427
297.729
127.383
127.383
-15.3944
-59.0929
-31.5897
-86.2102
210.49
-23.3542
-157.858
-77.5465
-181.71
329.344
29.313
-61.8556
139.066
-176.163
-115.688
-40.4357
-341.59
101.4
-60.634
-13.2025
-22.0732
-87.3399
-162.346
-137.158
38.8143
-121.754
-88.1256
-50.4863
6.17668
39.2619
323.826
-156.174
-70.4364
-265.187
-265.187
-265.187
109.408
-257.848
-108.24
90.2916
-125.862
91.8295
-320.881
25.3856
36.2481
56.3658
-44.0585
-129.568
-253.668
39.0864
155.539
-16.708
-20.9766
-27.3033
68.5682
68.5682
22.5021
-27.2944
103.131
-79.6745
167.202
-116.274
52.9744
-119.297
186.984
80.2185
-110.824
-72.6349
-72.6349
-142.123
223.259
223.259
-37.4056
81.7771
81.7771
-142.13
42.1164
184.708
305.107
30.2313
-274.131
-103.609
-191.595
-21.1163
-126.636
85.5225
-17.0205
-84.6954
31.6463
46.2725
-55.7642
-177.635
-15.29
-149.277
-258.796
46.7605
-93.4915
-267.467
57.553
-31.018
-106.375
299.987
161.379
161.379
-66.5742
-78.9939
164.433
-112.984
-181.36
-14.7377
-127.515
51.8981
-152.268
-22.304
26.5353
107.526
-20.5444
266.088
4.87308
-102.421
123.139
-82.3228
-54.4241
-101.145
-101.145
-105.506
-89.1664
-182.192
-122.291
-122.291
-93.1285
11.3165
-9.26691
80.513
-58.1786
32.9735
338
-174.192
-87.0755
-65.095
276.299
-28.4312
-13.3496
-13.3496
8.43425
-79.9141
-98.8643
-55.1215
81.7402
-51.6745
-67.2607
-148.127
-148.127
-77.0755
316.272
-115.516
-28.8131
-57.1436
-206.077
-57.4658
-175.304
-114.412
-114.412
-57.3603
-40.651
-104.988
-104.988
47.0395
-281.053
-23.6269
-102.232
48.896
13.2011
-122.754
-135.308
43.6306
-156.068
-156.068
-98.2766
9.81769
9.81769
35.8685
35.8685
54.4805
-16.54
48.6891
-24.2397
123.17
-53.7494
174.256
255.748
-30.7493
43.0829
-134.371
-119.073
-30.5543
-174.378
-30.8815
-74.5303
82.5258
63.9288
-77.332
206.791
-70.7997
132.861
-12.855
-52.9655
-149.652
-115.382
-265.049
19.6867
-100.883
197.747
-81.2877
-80.6223
-138.97
-111.209
-21.7517
42.2824
-23.4748
-73.4371
133.267
-5.26471
27.3125
72.1635
-123.375
71.7521
71.7521
-311.29
-185.562
-223.93
18.3316
-32.5346
-55.3623
-71.8082
96.9828
-44.9123
-102.377
-78.5233
-106.805
-62.2019
-38.1909
-130.215
23.0362
-103.449
-38.7554
-76.6006
-56.1174
-171.256
285.446
39.3617
-64.5742
57.6273
-133.554
-37.0921
-98.8436
26.4316
42.0883
-82.174
-147.223
30.6723
-92.0656
-101.661
138.11
-74.847
-65.5178
-201.284
39.8284
-98.3819
146.608
-5.6162
206.737
-103.496
-24.0222
71.8823
107.709
107.709
-155.672
-14.0839
46.2807
126.843
-13.8236
-8.92001
109.243
-212.083
-312.772
-40.477
-93.8907
-25.1955
-183.794
192.609
68.2608
-114.538
-80.2176
254.188
-140.171
-79.7764
24.5596
-191.263
-33.6516
-97.0584
270.792
-75.4905
86.5286
86.5286
-116.367
-13.423
-33.4192
-40.8883
-136.82
17.1709
70.2214
-53.1973
-101.167
-101.167
-86.6911
-21.1796
-136.825
112.946
-63.5712
182.06
107.244
-176.761
-58.6731
-65.1232
-50.4388
-66.3417
-17.4426
51.8981
-264.989
-161.321
-131.112
-138.122
-20.4001
-131.681
66.4391
-54.0526
-131.787
109.777
95.8981
46.9279
-223.706
-223.706
21.1385
-29.1947
22.5816
-130.649
-99.8748
-141.44
-11.5622
105.71
-56.7138
-39.2897
-36.1361
40.3514
-53.2849
-54.6665
-28.798
-43.8735
-4.52845
-250.098
42.9691
-34.8436
-29.9715
-95.8851
-42.8539
-91.1841
-80.3228
97.9846
35.2904
-70.0305
317.511
-102.754
24.7141
-161.825
-97.3224
76.384
282.321
-73.4573
-34.1273
40.7695
-92.2144
-116.261
-12.8651
-145.599
-46.5314
-36.5368
-122.637
43.5455
-236.824
322.472
10.2392
-102.544
-102.544
-22.4152
-17.2184
-31.2086
69.5185
87.5869
11.27
-77.1027
-77.3447
84.0414
-155.861
-155.861
-63.5075
55.0862
-136.486
-60.1411
-38.4168
-229.663
-198.94
-146.833
-248.413
-248.413
45.3447
-57.3411
-57.3411
-151.705
-105.683
353.731
353.731
53.7889
25.04
92.9791
-43.3361
-261.65
-17.7457
-5.93111
-5.93111
280.565
15.9643
324.334
-129.104
-43.1008
-71.6552
67.0516
-193.399
-18.6112
339.731
-174.826
-20.4196
102.222
246.72
39.1875
-25.1761
-98.9882
-110.993
-202.908
31.672
-65.6397
-195.561
74.5216
-33.7059
-41.0657
-139.642
16.207
60.8989
40.8998
-84.138
102.584
-204.395
-62.0603
-120.312
-120.312
269.179
-124.465
49.3143
-115.998
58.2976
-138.223
-27.9005
-239.406
10.6797
-66.7021
-139.699
132.307
91.6444
-243.633
-125.695
103.524
-15.9046
-15.9046
-121.529
-121.529
-15.7933
-123.922
-123.922
-126.779
-82.6719
-47.1604
-303.076
-67.0583
-55.81
-26.07
-67.7175
-50.2296
56.6686
-38.5268
-14.8658
-61.2151
-154.582
-154.582
-135.432
-72.1066
19.2668
70.8555
32.0505
-96.3397
-87.9208
99.0915
-71.2975
-71.2975
99.2608
-51.2497
-46.0278
-86.8394
-95.9709
-126.587
148.652
257.693
-110.134
-93.7993
-45.7593
-66.0031
332.139
106.759
38.5198
-200.373
-29.278
-55.8109
103.229
-71.2903
-73.5113
-1.61397
-88.054
257.706
-71.9392
92.2657
153.273
-71.3987
-11.5006
-102.313
46.1353
46.1353
60.4282
-81.9437
-75.8195
-110.3
-19.2835
-307.963
-40.9173
11.2411
11.2411
11.2411
5.75957
10.1796
-109.285
-49.6733
-86.0165
-50.1933
-16.0662
318.117
-92.2613
-57.7469
8.47036
63.65
-223.401
16.673
-37.8959
-89.8114
65.3192
-19.5987
-225.334
61.6486
-274.3
-51.1297
-25.1858
113.199
-122.11
325.391
-144.842
-95.2876
73.4863
-27.6318
-73.755
-36.5451
-177.92
43.8989
-120.389
-231.49
69.1449
-123.436
326.636
-191.571
-191.571
-62.6533
37.7523
-51.1768
78.2165
-67.3218
-67.3218
-93.7318
-93.7318
119.353
-256.093
-290.875
-290.875
-141.46
-345.698
-95.8808
-95.8808
-12.4549
159.794
-118.518
334.015
123.817
39.6863
-123.875
-123.875
-136.366
-90.7194
-52.8359
-113.728
22.5082
-176.276
-50.6124
57.497
-44.1458
-9.26538
17.8864
56.3892
-58.753
-58.753
40.7088
-120.043
-257.78
55.0069
-8.90421
97.1952
-71.0492
250.292
-182.431
-94.903
-32.5521
-79.6863
111.503
-65.6064
-184.782
-184.782
77.3665
-57.2157
213.534
-232.659
-79.8105
-50.1567
-47.9502
4.25504
4.25504
115.755
52.5698
52.5698
-88.1044
-88.1044
-88.1044
-72.204
-117.782
-186.287
-275.853
-79.1114
-16.4223
97.014
-149.741
-125.991
76.3086
-97.3567
133.864
29.6569
-71.9608
-94.8614
-47.6937
51.1262
165.306
13.716
-90.7435
-126.836
-49.2598
-50.2269
-105.842
-175.473
-45.346
-86.9822
-45.6805
-69.3307
70.2313
71.0594
80.9473
25.29
-103.675
101.669
-90.5316
-24.5976
25.7724
-69.518
-75.1983
26.8701
34.05
64.3092
-224.73
-23.6125
-23.4801
-52.0771
18.6077
-13.3874
31.6865
-7.58793
-334.958
-86.3351
94.5566
-63.744
-195.029
-17.2236
-42.5163
-131.269
-56.6038
-55.1569
-73.6122
-130.259
3.91082
-55.1926
92.7524
39.5467
-162.146
-108.147
-12.909
279.155
336.203
-32.391
-105.162
26.7696
-26.0102
69.3542
-274.21
63.918
313.036
-80.8317
73.2654
-102.283
-111.873
-81.638
205.542
-29.5411
11.126
27.1518
-5.55991
-157.604
-263.477
-271.286
-236.004
-180.988
-101.882
-150.131
-10.6248
-108.179
-13.6779
-77.079
-120.894
27.5039
-69.9473
-206.886
-148.599
-12.0685
-111.309
63.5287
-76.8079
-16.1392
-161.503
95.2734
-199.479
-36.0414
-134.327
-318.013
-117.681
21.216
-89.8501
49.8908
-318.701
-69.016
-149.571
-202.619
-87.9613
-54.6608
-54.6608
-44.382
-44.382
86.9052
0.103082
-24.6374
-167.54
28.749
-275.104
-275.104
125.033
125.033
-223.216
-91.4418
10.755
-111.931
-102.163
-102.163
-290.488
-170.293
-113.287
-113.287
-172.402
-69.1565
27.8153
-22.7134
8.7267
8.7267
15.613
-86.7721
-21.7856
-20.0037
-11.5353
-68.2459
103.077
25.6246
-40.1822
-55.1053
-170.042
-46.3615
-123.697
-86.2018
53.1147
-15.3113
-82.6446
-155.206
-92.5489
-97.6872
35.3223
-45.7739
-100.099
-30.2477
-30.2477
-228.719
-180.843
36.1539
-218.026
-76.8027
121.408
-82.7734
-195.729
-2.00424
-82.9218
-172.047
28.0951
-272.095
-26.0058
-58.8248
-19.3864
-175.736
48.5909
-42.7357
-159.961
-90.2285
3.85782
-52.0117
199.33
-40.4782
60.6812
272.094
272.094
47.9637
13.485
-78.5275
-57.0297
-15.9064
114.803
-45.7884
-78.1919
-72.4811
48.4386
27.0905
-92.0371
-63.7688
-12.4143
-160.471
63.7222
63.7222
261.53
-148.644
-71.7637
-71.7637
285.434
-21.0864
342.894
45.4305
-67.1923
-131.092
-56.1407
-114.517
15.2397
-40.8641
-79.3213
-174.268
-86.9077
-6.64983
-70.9362
-217.483
62.7233
111.656
-58.9876
-29.2143
-44.6186
40.3581
-148.861
-69.982
-113.497
-50.3892
28.9158
72.6702
72.6702
-67.0185
-21.4197
-51.5856
86.2588
319.412
101.331
-204.388
-83.5151
162.51
-53.4994
-6.54027
-117.999
-56.7121
-32.1268
50.3595
15.6423
-62.0077
117.158
3.77279
-19.6967
-197.234
144.405
-33.9312
15.5949
67.4702
-75.8686
-27.7807
71.4008
-109.581
-30.6036
-176.658
-78.5795
11.2335
-29.6288
-178.192
-255.197
-35.9151
20.8225
-94.2578
-78.3047
113.674
-294.516
-78.7319
-78.9303
-32.9295
-10.5242
-82.9765
-22.549
193.993
-115.613
-115.613
-16.3356
-140.381
-104.781
96.3355
77.9564
-71.9465
326.512
-299.197
-92.0984
-14.1443
-60.2114
-49.7133
-111.087
-111.087
233.037
98.8397
-137.027
-110.676
37.6748
-10.501
42.6637
42.6637
24.3239
-40.1313
78.3979
182.86
-64.036
-237.885
-237.885
-20.3291
90.0535
13.1894
-106.472
333.121
145.517
-65.2408
-174.566
-163.47
144.198
-104.188
319.999
-14.6118
98.8376
-146.102
59.2939
40.271
19.5248
-54.6898
-171.84
-171.84
-16.1444
-28.2901
-44.5939
102.699
11.5833
-62.1547
-67.9219
59.6545
-73.3112
31.2506
296.119
296.119
-27.6478
-36.7021
-51.2701
80.9695
-39.5859
-135.778
91.8935
-16.9795
79.656
98.0721
50.1064
-91.0436
-124.224
-64.9771
-83.3769
-9.13416
-143.799
66.5048
14.6618
-43.4253
9.84766
-335.397
29.6432
-95.7677
-138.121
8.28836
-46.2112
26.5599
48.106
-158.163
-204.812
111.926
-76.3276
-27.3686
-156.8
-156.051
-92.7171
71.7451
69.3561
-192.392
102.512
345.94
-55.1706
21.6693
21.6693
21.6693
34.8535
106.959
29.0624
29.0624
45.0068
-78.8514
10.659
-50.6839
-52.479
-339.352
-85.4138
26.7766
-105.077
-62.6986
-62.6986
83.7146
-156.06
219.068
-74.3442
306.061
-71.5307
-130.195
-330.453
79.9236
95.5381
11.3185
-64.2434
-57.2714
-24.6373
-137.535
20.0267
74.4894
82.6969
254.12
-102.712
112.18
42.4528
-36.1568
47.9699
233.735
119.575
-66.6941
79.5402
112.975
42.52
-138.356
-138.356
110.78
102.587
-116.524
-142.943
-29.0106
-101.64
-139.145
-168.577
-99.466
-134.315
-53.4826
203.821
-10.9764
-192.2
11.0014
7.07516
-192.004
-85.9521
-66.0903
-171.463
-94.4146
-171.268
-209.801
-89.8415
21.8747
21.8747
55.0156
41.141
-80.7283
-32.1565
-103.47
-103.47
-60.3606
-178.497
-12.1296
36.3567
76.4319
-18.6938
306.815
-101.661
144.167
76.9638
-75.0183
-30.8032
-30.9604
77.3343
109.163
109.163
-205.855
12.355
-14.7981
-97.678
-63.9297
-56.9167
-316.988
82.2721
-76.963
-53.2369
-40.8861
309.448
-39.9354
16.4608
76.7548
59.778
-143.444
25.1389
118.324
-82.3124
-162.007
-94.885
-87.9435
89.6726
50.4498
-33.2669
340.017
-56.7952
-187.68
-60.3782
83.46
-7.68573
-75.0491
84.7148
-10.7477
-237.422
69.3069
69.3069
-64.1698
-72.3062
-72.3062
51.9652
-137.203
111.079
111.079
37.4309
-32.2008
-177.762
-10.7262
58.2806
-73.1774
-303.884
-303.884
338.207
-46.112
32.1927
-72.9625
16.891
27.2216
77.898
-345.854
-46.5042
-23.3695
-23.3695
-36.6643
75.876
3.90348
130.16
39.1621
-79.1146
-79.1146
-198.41
-104.714
27.2574
197.775
-153.167
-153.167
-26.2537
44.05
-29.7035
-108.984
-7.13778
43.4311
-303.088
-303.088
-41.8336
-101.347
-101.347
-80.5378
-129.816
-97.4609
37.4198
98.166
34.1604
35.9453
63.2548
-112.083
-112.083
-333.272
-333.272
-135.248
35.2174
-63.6178
-19.6927
126.453
308.106
153.721
-90.2759
124.599
31.9352
-181.912
33.0148
-332.903
-86.3077
42.6828
-42.1289
25.6192
83.2754
-163.297
82.8974
-78.4994
31.7177
-79.3905
-40.3488
-135.276
12.3659
-20.6981
-4.74152
38.1281
259.445
-127.189
-81.8726
-106.99
-160.401
-30.3005
-5.30654
-205.004
-54.1721
-147.26
-49.2048
-130.293
-42.7685
-74.8439
-52.1864
-94.2541
-72.7252
19.035
-78.8196
-353.511
-69.2656
-168.407
-50.5705
-98.361
-98.361
315.469
74.3033
-67.6379
-95.5109
-77.5322
9.88114
-105.241
-75.7047
-58.1878
-34.5469
125.603
87.2982
99.1618
93.1628
-197.989
64.2095
22.693
112.222
-72.2596
-103.223
-9.81368
-137.394
307.271
56.1176
-102.578
-71.7948
-248.02
-139.83
-62.981
-94.6901
-73.9113
-49.4226
-244.415
-18.9788
-18.9788
-25.1832
-67.0123
86.7732
-125.399
-269.048
-78.298
-234.541
-31.2117
21.4434
-41.6598
-308.344
-308.344
-28.0277
24.6306
-47.3162
-72.0991
-102.118
-47.9944
271.198
56.0097
-111.46
25.2283
-247.007
-47.5774
-114.402
-262.409
214.249
70.6532
-112.407
-57.691
41.7653
-185.584
185.756
-92.032
-191.132
160.639
-66.7421
-30.0917
-40.2842
72.9703
-22.2902
-68.6646
-99.5038
-200.732
62.669
-87.1361
34.6397
-223.552
97.7771
60.2779
-154.891
-55.5808
-84.8623
90.0589
-17.6305
-83.1411
-51.3343
133.733
-135.733
-88.7772
-195.869
-23.7555
-174.652
-79.0975
39.2345
-9.11058
5.36399
-106.816
221.016
-102.793
-27.9677
-137.676
-44.8773
-44.8773
328.125
-14.619
30.1733
322.632
-64.8376
27.9586
84.6307
-90.6807
46.0676
107.214
-45.6635
-87.9351
-172.922
49.1818
59.6212
-65.7182
-50.1525
-42.8409
328.631
-71.7978
75.3984
76.9372
-10.0281
280.184
-44.6963
-59.8988
-188.084
-74.6393
-70.923
323.597
10.2148
10.2148
-86.3182
-41.1275
-88.6218
-88.6218
-158.443
-52.3684
-25.1085
-134.458
-100.92
-269.603
24.383
-4.37319
-26.4007
31.8087
-339.762
-174.483
-85.9746
-311.107
-169.857
-50.3184
-75.7418
62.4802
-188.811
-141.659
58.1821
-71.1917
-102.629
-27.7969
-75.7891
-39.9424
-61.1062
-10.6188
-134.607
38.5854
-208.036
-208.036
-208.036
-202.602
10.0378
-53.5408
-105.258
-83.3369
25.1518
-85.3292
-36.438
-136.774
129.08
-85.7593
-112.187
93.1265
-6.15591
-57.7749
-203.984
-114.761
-132.212
-10.3577
-13.9941
-65.9743
-7.75735
122.739
-140.723
79.3746
216.598
-20.9475
-141.197
-112.059
26.0965
-53.8905
40.4319
-163.538
-52.0046
-91.4388
315.935
94.4742
-52.2741
-51.1056
-63.9053
-63.9053
-97.8394
87.4707
-33.2804
-248.194
-115.026
8.68306
12.1669
-317.429
28.4109
-25.8167
