432.873
236.303
178.343
149.452
118.837
462.179
101.696
439.429
280.534
216.428
205.075
461.97
461.511
241.896
462.266
67.0499
102.696
426.837
462.207
262.837
462.251
432.22
8.0241
356.023
276.127
124.713
35.7724
367.726
335.046
462.093
460.69
434.862
366.848
428.72
148.195
310.944
63.0277
432.03
387.481
199.296
236.662
115.21
365.962
95.1176
24.6931
103.269
0.604298
212.626
71.9407
322.111
266.318
97.6544
164.942
429.024
381.485
285.454
183.389
137.988
326.766
332.473
232.934
185.745
257.014
222.854
462.275
279.608
275.174
145.538
442.794
439.872
39.7467
364.481
242.729
211.291
152.914
120.103
134.289
229.881
274.396
428.788
411.006
68.4563
0.406571
26.7887
450.937
207.727
57.0651
319.123
135.921
336.993
189.193
365.978
216.39
298.458
185.397
230.115
457.905
397.411
460.739
199.756
197.402
448.623
46.3731
242.78
220.101
462.204
145.356
462.711
206.034
216.057
0.32619
448.914
395.38
183.243
421.605
298.352
209.223
437.438
124.702
199.695
334.564
382.848
355.526
218.816
164.312
158.25
343.968
248.274
396.53
44.3154
197.058
312.359
343.664
114.864
136.047
405.569
66.0841
227.376
68.2811
176.651
137.342
42.5408
183.924
351.694
154.774
0.317794
0.790342
240.366
253.462
267.202
229.533
184.832
462.07
407.597
78.5128
314.54
209.182
289.973
118.089
72.752
138.991
281.284
309.496
58.9908
177.617
461.392
8.19255
404.341
89.3359
91.8947
452.105
362.592
425.986
157.458
461.54
410.325
313.702
373.73
286.34
455.879
459.657
361.076
89.6099
192.523
365.307
234.083
452.446
123.481
88.0055
178.166
390.244
411.555
453.011
461.584
461.403
426.534
436.997
35.9376
400.371
228.261
5.46809
268.965
253.481
225.044
182.9
345.576
298.313
18.0152
268.691
55.9903
115.746
57.5438
186.302
349.818
0.437187
280.321
102.016
128.379
1.119
14.2126
462.064
322.749
47.0054
370.206
290.669
109.542
461.814
362.271
55.695
268.919
113.067
1.25609
314.051
455.456
67.3153
0.116201
310.656
47.726
309.064
222.869
393.877
343.026
329.606
365.424
407.038
232.736
360.708
232.073
47.0109
448.528
457.473
299.684
218.099
462.314
245.821
389.74
329.551
83.7616
181.929
393.077
461.123
461.861
462.28
380.899
364.136
426.382
194.173
301.098
348.528
462.516
297.962
444.136
195.602
230.151
281.153
236.133
417.004
428.652
243.906
126.052
312.401
462.091
75.7392
227.613
264.782
329.824
237.012
268.654
414.274
40.401
401.897
25.9016
176.915
419.991
405.719
459.068
460.655
461.698
373.845
294.802
349.573
418.844
395.643
426.98
172.892
343.791
154.899
68.9755
255.926
339.142
356.55
0.752099
170.783
422.303
66.4305
302.014
103.942
201.765
459.026
128.433
292.715
206.99
308.082
122.821
50.0633
369.412
171.933
326.946
0.246095
419.218
399.462
0.131745
252.089
97.1314
367.085
370.513
462.208
462.505
250.893
462.339
297.664
399.084
261.078
425.682
404.023
0.546178
462.273
203.73
337.078
385.001
348.818
461.119
210.948
237.209
113.819
333.966
461.526
188.497
181.521
281.786
254.458
344.718
462.29
31.5497
388.2
408.853
401.698
302.199
447.649
289.923
270.706
406.299
11.6726
306.84
232.927
157.814
289.517
383.15
243.456
282.425
191.731
461.456
329.569
344.279
462.14
244.267
416.715
88.9186
348.074
207.365
95.66
200.029
281.233
74.5571
462.239
335.828
461.42
89.3718
232.468
375.03
334.604
254.16
147.831
237.256
334.039
128.002
0.958676
461.995
30.339
262.417
65.3353
340.922
462.494
38.8296
183.044
446.49
462.169
381.482
259.99
426.18
368.182
43.5915
168.28
175.32
107.058
143.143
196.961
191.395
1.45577
31.8729
348.316
327.189
276.047
43.8685
461.961
461.945
415.431
344.593
204.484
0.380404
397.827
303.308
75.9276
379.436
253.529
313.085
247.874
462.681
200.395
154.299
61.0369
65.1628
69.4745
302.532
196.826
381.197
199.435
106.6
347.197
61.1609
248.332
250.82
330.758
43.9002
142.603
307.044
316.18
138.756
388.292
347.53
462.018
211.003
315.569
425.61
122.233
343.114
373.42
374.551
337.972
426.222
462.379
462.142
461.611
335.422
428.096
108.312
462.152
183.916
266.12
173.468
271.882
462.206
346.277
254.915
239.462
252.468
442.148
-0.308755
462.499
462.327
462.476
410.377
461.939
0.976694
330.783
39.0363
212.3
266.512
377.395
394.011
9.69815
297.954
305.179
92.0559
162.968
288.564
425.106
0.50964
461.996
52.9183
199.487
338.999
-0.0244604
161.771
241.177
331.673
204.621
327.6
244.532
359.281
437.704
106.335
274.969
460.688
360.587
441.403
447.748
324.569
336.518
237.783
0.899582
308.7
197.632
27.0292
22.9641
135.332
191.621
450.349
233.613
265.023
326.53
314.479
310.082
273.869
176.996
164.794
289.488
462.26
19.2556
96.9516
263.023
8.25633
-0.110112
301.399
74.1672
289.03
97.9507
236.2
291.748
49.6684
461.908
210.968
461.67
14.8049
444.76
276.295
452.589
335.773
355.008
364
249.095
375.87
301.394
305.343
282.513
306.14
359.102
339.416
407.398
331.446
126.505
413.552
6.10678
158.861
406.369
260.216
394.574
462.245
384.925
189.575
460.52
435.822
275.476
68.831
69.2263
360.211
250.55
363.983
405.947
97.5332
3.07291
461.591
462.488
256.169
60.5386
395.051
366.871
163.943
369.125
377.64
359.082
78.4656
0.266164
6.57009
397.278
14.9192
141.525
150.146
154.751
332.202
422.658
338.983
434.641
244.504
13.9739
401.478
434.159
251.51
462.375
21.8641
462.147
186.525
391.832
247.715
396.281
7.00609
453.728
346.528
138.713
388.897
112.675
303.245
42.5766
0.322964
154.279
429.663
357.135
108.52
0.372087
462.02
143.995
-0.327982
273.04
260.259
0.327967
245.482
306.253
322.614
429.211
462.294
359.458
363.359
334.281
165.08
462.05
0.348095
9.24551
407.456
224.391
358.678
361.614
152.447
376.929
270.084
221.918
142.227
37.1379
411.218
427.079
414.712
404.596
64.8527
61.4615
462.04
186.823
409.849
271.038
171.951
397.429
334.095
56.084
405.011
160.656
209.505
385.326
0.235396
462.404
454.627
364.413
332.768
457.378
374.144
461.596
168.844
462.062
68.934
370.017
147.401
363.861
163.363
373.967
305.257
462.054
310.014
84.1698
149.863
215.305
305.695
316.522
144.754
340.439
345.554
427.006
248.813
272.718
462.261
298.825
282.251
320.39
432.833
57.6349
369.192
252.011
114.212
394.057
250.965
104.496
222.399
259.374
236.299
23.9401
462.326
113.573
221.02
267.985
431.506
348.895
285.87
0.198927
462.465
44.1885
236.95
446.117
461.95
70.8928
456.983
372.325
294.338
378.714
431.873
243.621
462.188
446.692
51.2165
26.176
212.525
346.011
98.1404
456.781
24.7993
0.728236
164.973
261.747
323.5
313.094
169.442
461.547
324.856
111.143
407.338
1.77452
391.886
462.213
418.245
229.941
69.4863
160.243
438.962
144.331
296.463
64.022
261.151
405.093
365.834
86.3033
448.269
239.255
397.715
165.827
23.7346
462.182
109.754
114.307
235.868
313.742
426.384
406.16
242.903
140.259
360.277
353.462
462.128
461.382
197.112
457.243
320.345
354.583
349.168
461.555
400.334
67.7043
462.052
251.697
88.8085
328.461
230.023
412.92
159.358
71.5328
462.466
111.048
127.162
-150.129
366.716
353.294
323.886
127.84
462.165
359.225
244.182
358.479
462.132
200.22
79.8218
104.765
274.408
301.56
233.17
462.032
387.7
462.025
351.346
100.854
267.743
177.147
0.44087
264.389
435.668
84.7412
60.7921
358.766
0.354631
82.965
346.608
62.8666
259.249
461.522
82.4316
0.341431
261.412
373.056
258.926
238.72
382.061
322.639
350.35
263.176
352.532
27.8493
408.15
205.623
269.683
458.537
460.33
62.6839
210.754
118.393
272.478
169.965
429.35
400.264
239.11
118.911
417.04
327.527
37.3634
244.746
318.059
143.048
340.294
334.543
0.190744
9.34991
444.857
387.916
428.786
316.766
461.359
406.566
274.996
462.244
0.382366
442.833
270.732
23.0057
225.313
319.294
187.482
452.543
25.8347
232.131
241.228
249.935
440.976
0.565867
302.257
40.7991
349.62
336.273
461.892
277.569
445.152
129.162
308.018
258.795
0.241523
435.758
426.467
461.988
328.338
1.19199
99.8055
292.777
299.537
163.438
85.7703
138.169
120.386
9.77083
349.136
18.4921
251.453
168.983
1.73777
461.785
378.609
317.973
292.334
289.229
0.796471
0.41666
152.903
0.33433
448.773
34.9807
195.726
155.683
131.961
287.335
460.05
155.036
187.788
274.783
461.895
261.475
69.1694
350.287
175.504
48.484
255.533
210.256
461.968
404.309
327.854
278.939
462.072
462.072
462.025
130.05
205.449
418.195
462.143
345.205
61.2899
351.515
355.353
30.5982
428.102
206.362
395.944
180.361
266.494
165.317
175.382
110.012
81.1195
201.633
327.539
99.4636
46.7775
3.54698
86.9641
141.26
265.287
256.719
365.851
461.862
153.807
275.417
462.432
12.0265
138.887
453.162
406.887
389.266
367.677
265.597
249.409
280.244
349.872
345.756
327.806
0.726608
327.02
230.72
316.52
459.97
188.665
463.776
0.0487966
296.889
462.396
94.8662
310.762
292.325
218.969
461.688
285.408
129.055
369.434
224.953
-0.49935
26.9776
376.704
127.347
277.585
169.558
48.2499
421.314
173.347
276.925
285.542
461.782
267.942
206.839
440.037
156.011
275.825
27.4061
138.451
411.301
333.526
378.155
462.036
424.915
324.365
91.7903
374.29
274.861
217.879
456.686
256.564
211.256
40.4809
373.453
90.3322
274.624
373.452
461.977
0.457214
38.7656
412.629
2.03251
350.417
345.475
43.8664
263.52
390.807
266.254
144.475
0.918722
318.232
369.489
456.919
462.062
77.8199
239.033
0.304015
399.428
462.314
281.597
462.097
135.409
277.292
462.461
320.235
334.766
271.281
462.314
360.097
275.975
396.344
266.068
297.599
257.071
250.759
0.387953
462.276
460.832
176.184
394.726
317.215
189.273
247.228
88.3233
289.979
114.115
139.256
242.235
436.686
404.96
352.987
461.565
462.469
410.358
196.06
461.938
237.128
333.324
110.167
0.958369
167.247
275.279
56.1931
114.807
-0.0431114
302.582
46.8367
234.576
5.66595
246.518
77.5099
20.0734
197.784
306.746
307.166
101.043
74.9952
247.102
461.929
136.488
274.744
306.681
111.927
173.179
148.928
144.666
452.793
377.751
232.793
115.842
462.647
142.445
51.8986
51.5034
314.166
66.552
245.507
187.076
333.78
0.34783
461.86
343.792
462.139
77.5415
234.501
159.017
0.246485
301.917
52.4654
235.697
266.992
462.635
396.955
55.8434
454.225
283.271
106.507
194.598
347.03
0.755595
461.7
173.956
446.34
103.673
115.744
453.642
123.686
376.813
0.25304
461.648
176.034
144.753
462.604
239.293
0.089869
381.41
361.237
455.562
208.242
2.50706
275.185
434.045
81.9948
60.3883
368.727
255.395
412.837
416.766
436.135
108.492
110.71
312.535
367.999
415.749
320.388
150.902
462.306
34.8047
87.3773
449.492
228.079
172.569
282.521
319.586
460.505
230.269
268.497
401.331
460.641
362.736
394.884
461.721
460.197
150.233
458.498
461.605
1.7881
256.607
103.319
20.0527
367.649
45.7994
239.68
241.415
462.37
458.727
28.6695
3.2922
15.5113
173.991
58.5651
426.818
65.2844
198.406
461.861
140.486
267.807
26.7736
368.4
0.242203
137.936
455.063
308.718
312.446
455.675
185.981
0.393342
138.141
289.236
461.918
208.056
436.506
412.168
247.024
285.472
462.128
462.178
354.123
309.345
215.608
337.139
123.661
310.711
0.251279
461.592
301.227
462.18
235.289
0.299553
81.122
267.764
433.337
342.854
155.171
145.451
224.156
70.8201
165.528
374.422
134.87
216.45
384.793
444.177
33.5257
171.37
462.464
17.6584
292.883
428.709
101.195
186.798
209.043
139.057
199.298
422.035
318.196
330.435
416.467
270.232
387.045
284.599
412.229
164.947
309.425
190.375
213.817
367.714
447.592
2.01538
317.749
207.041
179.326
426.24
295.376
342.204
330.982
250.054
461.584
177.353
249.404
277.235
173.219
4.71192
399.31
264.362
104.732
257.935
217.919
274.831
30.7506
201.861
254.357
152.132
2.27576
32.0381
289.62
257.24
409.677
179.701
97.8987
227.545
461.774
296.628
12.5221
129.93
251.646
371.234
70.8257
54.7617
137.985
29.2681
430.625
124.339
331.448
244.98
439.507
89.9559
166.209
242.454
269.279
450.048
461.901
461.539
338.891
241.703
334.944
205.054
133.359
292.871
146.104
211.92
301.598
346.281
105.575
357.534
395.764
80.7243
304.024
53.9212
154.097
418.846
307.219
223.016
179.693
462.547
378.812
122.291
13.6893
344.452
144.82
302.466
366.589
161.331
462.241
98.4934
291.08
250.428
194.761
261.774
100.677
462.375
456.815
193.424
44.451
160.394
215.751
317.425
438.369
132.544
316.203
374.426
268.742
59.3295
228.58
377.784
441.702
215.421
347.991
93.1647
-0.0392489
25.3484
462.344
132.869
177.96
289.456
66.6322
0.175106
130.022
424.737
43.1133
462.617
150.106
359.485
397.547
357.107
120.995
109.126
387.78
173.151
0.539168
192.69
460.644
275.745
0.740997
0.449662
82.511
383.993
1.19267
37.3513
259.45
258.9
146.738
362.562
417.63
38.671
2.29834
294.264
0.110542
1.02849
461.983
462.474
95.0473
453.505
461.858
406.456
421.335
409.04
461.629
0.0125471
290.648
0.116764
302.214
108.765
232.279
73.5223
147.535
36.8423
462.49
420.526
393.95
461.919
365.737
462.21
303.712
301.884
265.56
255.892
297.118
373.164
245.197
462.247
176.961
290.385
205.446
247.026
0.365707
462.546
284.993
364.742
461.745
408.124
2.76608
161.665
376.237
420.846
57.2518
458.713
388.494
49.3832
115.066
307.665
18.3668
462.077
175.691
325.501
352.363
214.022
462.329
405.345
455.796
45.8257
419.115
298.881
131.495
444.183
435.951
444.36
293.816
285.789
283.205
316.949
75.6349
248.9
39.7933
301.705
342.829
147.486
74.7265
135.319
9.59682
19.0908
0.360086
255.546
465.875
246.989
403.085
265.457
3.81805
364.276
96.3958
21.4514
238.174
395.498
462.375
462.235
421.835
462.168
440.545
61.7039
69.046
337.146
14.4226
400.007
256.001
41.0017
0.327053
267.719
248.905
88.6423
23.9551
11.7125
338.939
245.383
139.445
170.017
269.058
462.453
268.57
165.785
13.0274
0.281437
298.67
13.2851
325.854
46.1283
408.288
297.264
461.339
291.333
288.739
0.607925
246.055
204.46
306.595
228.825
67.812
355.812
233.01
384.907
31.6831
312.866
406.576
80.2736
455.445
252.237
389.038
250.192
347.018
154.065
341.317
443.737
128.135
294.424
97.3245
297.775
307.679
275.617
26.1037
50.862
89.5073
330.205
126.64
135.058
348.611
155.851
195.348
337.202
75.5016
3.64651
221.492
345.632
290.605
312.764
0.00876504
452.594
70.5883
150.1
75.2751
259.82
328.069
208.475
207.623
412.318
118.303
262.776
378.52
254.438
93.6948
243.681
140.276
387.723
0.409602
430.782
398.599
283.876
120.462
237.319
436.314
155.642
229.097
124.333
297.126
140.048
303.625
391.968
291.481
331.208
249.421
304.225
411.044
383.182
251.728
189.149
425.237
395.912
237.696
462.332
462.352
68.4283
387.392
270.34
436.12
157.171
242.675
308.764
358.824
462.021
24.542
462.131
214.103
119.025
303.783
461.5
337.295
224.431
0.123993
355.19
61.9872
280.912
287.294
390.281
161.557
320.091
214.028
80.1699
302.135
461.712
213.828
429.289
123.661
313.419
4.72695
172.514
185.798
405.081
373.839
76.7782
461.593
72.2899
241.299
434.947
294.454
462.265
328.538
126.034
406.626
460.93
179.087
229.455
344.704
18.2325
86.3056
0.453883
461.999
360.772
296.585
462.205
231.077
188.62
302.371
128.768
464.377
372.393
47.3675
212.062
276.85
289.705
366.461
277.684
343.874
323.613
164.679
262.256
351.25
459.4
-0.0620538
394.429
294.823
0.320657
172.475
140.327
376.282
135.767
403.131
116.337
13.3019
221.06
461.953
183.765
195.74
157.547
337.978
186.137
401.807
348.05
365.401
44.1971
118.678
447.521
306.248
284.335
222.604
461.488
330.021
68.3912
461.877
349.887
384.261
393.181
320.018
279.535
286.597
337.288
60.1337
461.782
161.279
402.323
295.929
195.16
262.595
382.1
389.053
130.103
226.148
0.486364
272.644
225.404
268.452
271.815
404.045
422.463
56.2475
83.4875
186.651
361.051
462.339
0.584626
108.555
42.9508
461.793
332.111
365.339
324.018
200.329
138.552
367.46
164.574
279.3
188.128
372.949
340.462
244.895
50.0786
107.839
95.4725
138.503
461.754
299.445
298.181
263.892
357.53
278.118
285.999
343.291
243.435
327.837
360.472
189.899
462.366
361.063
375.412
179.036
0.69011
40.7219
418.264
66.6403
123.332
461.946
122.154
151.533
461.701
260.379
403.815
173.496
331.894
164.801
274.837
396.969
210.588
210.351
73.2846
397.073
374.198
461.915
322.744
338.911
61.4379
219.354
155.067
334.895
298.151
317.87
368.189
279.156
305.518
342.868
3.3347
379.593
104.598
310.045
414.841
414.946
140.867
331.746
124.532
462.286
335.234
461.899
368.353
285.05
390.165
461.473
301.356
219.067
226.864
314.911
451.09
460.377
230.081
376.227
418.525
443.81
413.93
377.224
337.23
351.914
353.517
263.215
351.284
0.996812
126.273
290.92
160.829
325.87
187.384
409.95
164.671
462.3
459.341
130.75
21.4415
288.785
230.337
461.768
166.189
154.228
452.914
315.968
344.26
163.08
392.436
319.334
233.864
462.319
207.755
31.1536
462.35
307.207
170.25
376.332
31.7299
303.93
105.044
239.036
129.127
53.4114
408.532
384.023
375.166
246.373
132.198
239.781
0.135938
238.412
16.1614
397.989
461.748
14.5434
261.949
419.203
198.543
384.74
247.152
71.3991
0.284354
341.625
274.899
37.9902
0.1193
361.742
270.565
417.284
337.771
102.291
425.381
70.4234
330.512
0.407138
121.766
95.0278
391.359
273.681
51.413
291.183
21.5905
65.8269
166.411
455.806
462.533
236.86
330.462
417.557
227.459
461.433
367.142
362.262
284.944
27.4764
237.108
444.95
72.2499
387.883
338.502
296.613
311.422
337.896
462.148
315.703
277.043
440.775
5.31025
461.916
374.347
49.6529
315.595
408.249
274.188
128.286
349.845
224.468
285.649
451.559
11.0028
260.992
0.631904
218.052
70.949
461.889
80.6899
447.603
349.901
351.04
277.978
25.3511
343.166
130.802
424.74
19.8577
232.545
462.015
230.401
71.3396
0.925728
258.128
431.576
255.879
374.065
257.18
86.5586
244.674
256.811
0.551605
380.168
208.244
460.449
0.420019
334.354
296.583
257.192
423.42
233.264
413.641
262.733
462.37
302.611
460.89
462.112
0.213171
293.441
290.521
5.67315
39.8635
461.586
302.235
61.758
280.143
136.198
191.628
128.438
175.145
0.699019
363.215
180.901
0.870979
325.83
324.265
133.614
317.376
414.753
361.503
461.624
384.657
370.665
377.853
152.183
452.837
112.953
312.18
167.421
67.6741
291.697
23.4379
57.165
461.928
359.849
333.68
309.755
85.6718
149.031
166.644
0.617887
460.615
266.639
233.157
381.67
50.3502
25.7574
52.7626
159.511
461.452
0.191652
0.448623
289.088
451.331
378.109
258.431
271.597
334.41
461.904
74.1529
462.288
404.778
312.956
418.457
444.804
164.869
64.4075
131.221
461.884
460.287
418.829
326.196
461.802
253.835
4.96985
239.227
274.207
0.317382
359.769
462.138
247.483
462.284
246.844
189.738
462.117
248.101
84.4081
389.088
0.102272
0.0403737
308.076
181.128
349.469
358.132
169.827
7.51555
0.528749
348.4
272.512
461.764
462.082
211.138
455.683
181.065
317.627
370.683
205.802
255.627
0.290192
0.359614
140.287
73.7764
164.887
414.406
277.04
174.055
115.846
0.517252
341.261
294.501
461.924
411.017
264.474
452.443
277.201
269.923
260.712
345.616
332.889
197.02
57.9434
461.716
216.455
204.222
425.998
139.666
257.081
203.953
342.09
238.248
58.5767
399.054
462.6
0.441271
390.745
118.921
0.320431
3.148
304.941
20.1358
0.208634
139.048
21.3213
334.518
230.896
172.794
18.7336
462.196
370.828
406.456
288.549
200.111
185.571
214.114
301.68
419.026
320.654
256.686
296.953
395.657
278.642
213.661
379.247
18.6618
209.003
125.295
224.393
278.879
462.304
221.861
368.704
376.165
47.5851
306.687
455.813
285.171
65.0767
388.372
310.375
270.536
130.141
69.6645
172.011
128.787
0.398279
462.507
386.174
325.107
379.98
304.369
327.639
349.296
172.622
124.34
238.09
256.842
356.004
451.755
151.515
-0.0658311
299.838
294.854
338.329
15.4368
462.088
217.89
462.461
0.40094
56.3796
462.111
310.755
462.075
397.874
403.166
227.921
388.079
1.85617
400.993
45.2611
461.927
332.594
282.3
107.965
461.118
73.7022
276.708
323.237
93.9264
461.972
338.128
155.461
3.43662
462.215
462.323
309.038
104.329
292.016
286.393
42.7342
202.012
369.781
442.429
88.6885
283.931
96.3652
334.928
27.1238
89.6723
429.934
38.6853
378.282
353.582
142.175
368.453
297.628
407.329
462.329
12.4263
411.096
256.795
414.213
0.194025
358.257
12.7768
171.148
0.642871
302.774
275.311
427.423
325.923
373.324
154.149
158.773
211.541
362.863
360.284
192.968
115.511
332.242
276.953
232.481
176.425
305.607
236.301
320.953
289.243
198.507
461.535
113.12
457.118
400.267
180.125
325.202
462.428
322.762
373.632
219.548
370.114
445.519
161.12
328.463
458.454
306.948
307.705
258.195
261.755
54.6312
111.175
219.513
39.2706
223.635
109.143
330.99
113.663
321.625
0.589752
178.307
366.839
210.918
311.766
223.241
366.079
4.56419
361.784
255.071
241.254
290.547
7.32957
255.529
464.859
278.895
462.013
401.273
247.313
259.355
437.164
394.845
462.148
326.206
265.969
191.415
25.9511
68.7043
423.729
104.257
358.116
396.472
462.242
281.031
0.494686
461.847
394.092
402.626
258.52
61.986
220.992
364.668
77.9161
288.753
340.549
80.0806
345.463
131.359
391.261
256.238
437.76
271.258
269.025
439.186
151.13
348.321
232.35
304.178
366.646
0.125526
0.602931
147.033
292.327
206.733
261.906
342.087
193.116
351.085
366.4
284.252
0.53576
93.6013
379.509
448.203
31.914
454.396
381.545
309.317
195.981
397.07
430.728
462.42
335.458
324.201
48.984
450.775
351.115
118.234
241.214
311.091
269.238
446.819
314.957
461.795
179.801
277.168
365.268
241.746
372.609
75.2649
150.784
462.27
179.87
124.075
17.3165
0.434636
234.88
331.008
396.941
325.583
394.448
56.6543
263.741
417.305
177.563
130.033
202.499
349.008
0.139229
448.506
159.358
299.451
178.341
120.175
462.097
303.571
0.451916
266.137
332.069
217.199
269.753
349.612
259.824
374.469
0.0787177
408.43
327.192
419.999
280.818
207.767
342.75
462.131
0.347363
395.52
83.684
306.619
462.701
365.077
72.7431
435.373
462.562
103.902
462.258
277.916
461.903
271.994
256.163
275.91
394.439
312.514
297.638
419.241
143.468
313.944
291.676
235.068
163.634
433.219
344.003
414.648
401.592
337.713
362.217
352.483
156.154
391.098
350.874
72.0088
334.917
273.696
167.872
236.206
254.294
364.867
258.374
421.244
241.672
0.301356
459.673
288.219
20.8649
32.7411
0.573662
141.676
239.691
200.602
240.486
314.984
361.598
154.148
0.312149
378.478
301.54
167.439
156.241
393.875
395.505
462.095
321.057
89.9586
147.141
27.6806
411.44
293.043
302.768
378.695
325.36
195.609
364.702
461.8
221.202
307.833
232.614
333.96
332.496
462.056
384.233
328.331
247.978
111.376
420.596
162.549
367.874
110.039
362.53
351.335
337.541
343.806
363.976
226.747
374.427
87.8496
96.2861
126.593
332.681
47.5455
136.955
69.4315
200.882
104.792
347.656
347.462
267.558
456.679
164.758
462.348
460.561
435.962
462.16
161.233
454.711
220.946
339.856
409.087
357.793
416.885
20.063
52.4166
285.87
55.8449
328.312
272.989
462.306
295.823
73.7403
324.414
233.024
114.997
260.409
408.561
201.835
222.642
75.0271
192.427
462.101
186.588
305.287
193.652
179.452
315.904
289.114
96.6233
418.806
335.093
330.026
227.843
462.347
386.211
219.618
337.151
293.782
408.034
98.2837
279.894
156.007
333.607
126.93
279.46
377.167
391.493
249.38
462.173
463.109
138.381
330.399
157.643
459.87
104.039
310.526
172.315
290.961
308.049
461.938
327.183
461.028
462.063
189.05
444.293
462.432
204.622
461.479
83.4689
38.0621
437.295
461.83
181.242
263.162
462.144
299.373
0.248838
368.407
397.391
278.204
300.312
22.5381
71.5612
305.238
461.943
462.129
451.28
390.535
93.3708
462.389
264.331
432.664
250.464
125.898
351.898
162.509
142.762
213.485
395.768
110
272.358
1.07136
298.011
393.018
312.775
1.73493
166.138
201.742
244.46
238.193
412.306
462.04
265.249
356.969
276.472
114.951
156.914
36.8942
280.527
336.876
389.715
246.805
213.86
251.464
354.617
364.846
372.555
325.456
435.399
0.226729
298.153
199.45
268.451
351.102
462.078
175.348
289.395
379.276
210.141
461.855
437.204
300.624
364.533
0.519351
459.872
318.267
305.121
195.334
462.411
273.029
448.706
3.44862
147.871
75.7582
277.675
136.124
379.881
462.26
98.8027
324.052
316.674
158.499
447.127
266.96
315.331
351.833
310.643
258.644
407.202
24.0862
248.447
226.826
9.30896
441.418
0.243633
230.272
348.624
208.448
429.949
63.1214
462.016
407.199
140.282
0.614712
54.7577
89.322
0.263901
126.216
461.903
362.239
175.698
301.687
461.791
0.683767
461.81
161.99
232.56
246.559
420.012
307.461
461.827
266.439
46.5496
260.209
128.867
141.55
428.539
0.722997
57.8001
329.648
0.272925
85.8565
326.366
343.452
9.40779
232.485
358.762
197.365
57.1617
373.298
398.613
187.07
283.448
418.823
462.044
382.802
461.405
364.848
162.449
461.655
462.05
158.492
295.891
12.6374
239.035
308.288
462.004
243.078
232.056
121.315
0.381613
189.26
92.5445
181.83
11.7318
404.977
0.401277
251.402
183.573
326.208
-0.0930188
20.2819
101.216
405.523
298.434
205.884
333.225
461.79
325.356
202.82
370.278
5.00138
204.734
175.993
308.038
462.501
350.767
177.226
459.006
425.601
206.61
212.015
330.317
151.98
459.607
462.119
461.878
160.845
111.425
103.656
364.603
72.6784
398.519
141.022
418.953
232.581
428.157
147.046
98.6098
286.884
245.896
145.841
286.369
334.521
0.369249
176.642
0.636559
303.634
141.75
341.89
214.589
165.13
334.298
274.801
207.32
338.971
77.283
269.622
322.437
242.669
53.4781
28.4278
199.259
419.494
27.1235
158.884
396.479
59.4613
231.984
239.37
51.1564
397.058
332.759
461.692
461.963
97.2045
197.471
69.9453
380.381
0.359598
461.904
108.899
104.554
171.122
404.739
232.197
270.516
403.997
381.991
315.527
362.137
445.184
112.815
338.641
225.655
68.6193
249.355
334.577
43.9844
0.388968
73.2831
83.6344
274.915
142.672
255.322
371.128
225.475
313.627
355.887
377.36
147.059
290.934
77.8076
185.051
219.76
462.702
462.514
428.798
393.716
381.82
336.882
38.9229
281.727
282.426
232.427
34.5072
294.624
111.316
321.859
162.659
242.752
352.483
461.385
460.686
296.959
191.964
339.697
414.412
134.407
387.794
7.09898
252.835
81.0291
321.59
418.76
375.379
335.754
308.514
54.5211
128.994
-0.271533
427.512
294.156
73.2478
369.33
420.734
218.055
380.926
203.819
219.404
156.918
254.246
300.331
383.795
462.899
81.6198
337.733
298.493
13.0498
139.762
151.768
461.367
462.549
287.082
89.0016
435.518
462.124
200.637
367.964
363.929
27.4585
462.325
461.819
341.001
15.7496
383.536
232.552
99.6124
309.29
438.843
139.217
316.34
393.385
188.721
13.2314
195.743
117.721
314.102
233.278
462.409
295.968
379.647
264.372
462.27
170.435
462.288
272.418
397.708
312.394
181.474
301.147
183.625
2.31779
1.10296
462.244
386.898
193.076
252.054
320.879
388.247
244.109
412.973
174.264
461.89
275.764
462.218
307.427
152.818
66.2892
317.514
0.780992
80.6145
462.383
142.779
235.374
366.767
266.791
278.713
283.736
88.8014
407.382
293.428
109.617
210.234
445.995
176.962
282.243
461.97
292.171
51.1781
399.507
66.2836
201.469
396.829
96.6169
201.037
321.881
357.049
161.03
462.34
104.53
336.665
17.4767
149.717
147.533
201.213
254.412
25.0581
40.3179
0.213498
407.082
406.352
373.168
276.38
321.489
0.337788
256.609
316.786
361.705
76.5052
276.993
341.191
283.698
235.473
352.804
3.00739
249.311
242.891
462.701
91.4825
134.556
110.971
86.3965
121.757
168.2
391.227
339.739
339.643
338.283
169.606
57.8552
129.6
349.159
267.679
461.782
325.479
10.8025
462.433
461.803
263.423
459.203
330.534
222.097
163.008
426.303
360.756
321.273
461.063
357.655
444.492
0.493075
245.522
85.8436
0.170621
83.3236
326.266
125.219
131.323
349.864
424.458
204.963
41.7259
0.868484
3.90912
200.791
462.663
99.8643
301.756
179.215
159.92
364.878
239.819
1.53172
254.835
253.256
334.116
152.695
446.63
362.009
462.182
462.329
395.15
154.787
271.44
409.772
146.923
118.622
81.2974
366.909
462.283
352.696
307.783
443.049
164.738
132.373
265.994
356.627
461.63
400.358
332.261
462.318
81.325
325.189
381.228
27.156
213.553
455.187
297.464
239.522
368.851
77.4731
312.074
190.435
434.275
0.945073
78.798
216.459
235.116
17.94
291.657
164.524
420.704
0.420648
372.356
324.126
0.660088
240.384
328.638
16.7172
348.09
358.321
357.508
213.538
107.083
329.257
357.9
402.468
172.611
462.284
380.033
447.328
348.431
309.202
166.755
162.12
461.328
363.457
344.538
201.088
131.695
418.657
352.07
154.19
445.425
0.472166
417.829
435.133
255.497
0.370851
165.053
181.717
195.193
335.343
147.974
293.573
384.33
295.202
213.002
405.393
462.025
315.42
223.155
229.979
187.066
407.131
360.111
111.044
137.113
248.852
122.842
62.884
454.671
433.763
428.657
231.787
360.845
391.58
111.714
370.643
417.637
0.572548
341.344
392.713
367.696
422.074
304.158
462.334
400.76
312.514
14.1151
164.486
461.846
228.607
461.495
269.316
355.099
75.4264
190.386
127.643
19.2583
366.611
94.1652
232.759
302.613
344.382
331.05
112.824
339.857
153.456
153.14
202.265
201.214
339.691
354.449
222.133
307.763
264.88
-0.218481
242.714
0.263176
461.844
97.8747
241.176
446.208
33.7871
273.351
-0.361828
150.695
448.939
461.919
1.38514
445.708
158.586
145.621
341.099
308.954
462.155
429.113
67.1371
155.606
289.867
345.218
261.935
77.7809
14.4143
378.122
198.697
132.956
112.147
59.5097
319.123
222.848
256.699
108.843
367.744
110.409
322.59
302.822
70.6066
66.8274
389.005
365.339
72.5576
0.247723
241.918
135.173
155.97
68.3515
269.372
462.227
278.734
234.663
432.06
312.263
366.766
391.237
156.907
232.305
267.516
312.164
320.267
458.799
185.825
56.1712
138.48
400.156
-0.00735837
348.35
461.629
354.892
161.951
401.064
402.785
206.552
77.5827
424.255
462.135
104.6
123.69
207.442
461.609
330.072
0.164341
152.21
214.644
83.5133
8.68631
193.496
289.504
259.002
0.353608
409.097
12.1279
0.512774
461.267
366.765
319.242
368.434
87.2439
123.399
116.736
25.7112
124.221
372.108
441.494
14.4693
107.872
326.047
0.333236
375.845
462.244
251.649
319.694
1.21209
256.813
379.851
462.254
336.042
223.289
383.139
220.221
445.052
210.277
416.736
307.189
332.078
332.675
104.218
160.093
198.071
261.87
295.923
353.759
118.015
237.542
185.029
270.768
415.892
275.893
405.367
147.871
459.578
455.285
83.3474
0.819129
80.563
233.41
226.647
410.213
229.673
295.837
196.585
461.219
259.941
176.333
331.707
0.704816
88.1573
121.712
11.6416
119.476
380.863
161.321
212.402
313.805
234.804
121.533
287.823
363.986
259.848
113.821
238.884
229.901
462.146
141.645
78.5404
0.222432
347.557
226.011
0.321022
342.725
380.678
415.771
0.951819
118.272
455.479
463.541
434.625
214.899
187.076
117.889
1.61226
277.328
259.671
311.294
75.6259
145.871
341.582
369.413
101.465
368.054
345.097
4.49277
458.684
226.944
259.552
399.105
63.7448
385.663
26.1047
11.7084
77.016
461.971
31.9472
248.931
69.0608
56.7612
381.034
350.822
275.521
322.907
461.199
70.528
0.231362
196.175
368.808
421.457
314.654
163.836
461.776
108.529
387.946
317.3
0.590249
267
416.554
57.5304
123.464
296.065
227.33
53.6355
294.523
401.577
434.375
447.83
269.827
-0.109485
0.178615
428.947
232.448
251.507
461.947
43.4371
0.123373
401.08
201.758
259.807
170.465
349.328
284.647
317.715
365.788
26.2758
49.0886
414.367
22.6953
462.331
46.5507
316.982
293.932
81.5415
61.1866
81.0501
312.454
399.757
286.458
161.401
73.1456
202.549
462.304
330.307
107.575
329.487
62.1825
0.516009
289.439
72.5526
460.542
384.681
156.316
231.542
232.183
269.082
-0.0160947
282.262
340.584
390.826
315.461
92.9859
327.05
460.697
233.561
65.2291
39.0402
443.48
20.2743
371.589
96.2567
125.541
367.727
425.752
349.782
340.05
408.995
58.0772
364.429
439.442
453.1
462.042
369.007
284.662
117.732
342.071
63.1493
311.9
226.648
84.954
32.6153
90.0631
409.071
306.61
461.959
251.505
360.454
350.291
181.834
221.802
464.537
303.443
232.913
299.283
322.804
94.4262
242.099
336.72
105.501
338.452
220.992
137.88
296.314
336.451
405.468
462.095
331.128
127.386
245.543
324.437
80.5806
460.328
401.607
63.8696
399.01
344.046
274.658
0.668794
148.824
431.889
341.918
265.421
0.0876915
161.212
289.332
461.716
-0.145953
290.732
224.561
263.162
110.454
325.652
75.7959
288.524
348.16
94.6073
310.475
407.349
458.37
211.512
146.543
74.3902
233.454
235.291
402.513
166.662
462.015
79.2896
287.903
137.433
22.7482
435.245
287.188
140.824
327.973
397.083
0.191163
462.215
422.855
381.456
323.551
274.973
371.499
461.584
198.726
10.4083
114.441
230.359
364.472
294.793
408.958
148.58
0.252361
187.175
80.814
304.702
112.509
348.919
112.78
203.603
215.388
430.224
437.206
217.702
461.927
147.204
376.354
0.492669
0.961657
447.749
442.296
140.478
406.377
317.504
78.5354
355.937
393.316
291.039
357.241
381.278
317.954
338.088
355.691
462.059
146.786
57.7405
145.286
279.517
462.216
462.366
351.541
98.2026
399.967
338.214
462.605
55.2072
144.51
119.614
461.863
462.459
0.792255
372.386
423.763
142.299
343.745
422.571
343.644
83.8719
117.268
291.707
78.0809
462.731
341.301
148.818
448.992
354.474
28.7937
24.2873
202.255
209.228
342.402
0.707178
462.09
207.977
202.372
233.119
298.413
125.578
100.201
95.3808
232.498
422.316
156.187
461.981
291.582
279.812
361.17
282.545
400.746
461.987
426.532
431.927
462.413
419.047
428.681
0.893595
342.54
355.733
220.611
0.0735339
147.488
130.106
242.805
58.6819
289.066
461.787
396.603
143.634
0.358232
388.733
1.85784
462.534
0.0300933
16.7103
462.272
256.615
459.038
358.112
458.649
364.447
247.272
191.096
245.964
291.954
0.0149921
324.915
188.63
326.917
319.991
309.289
308.996
247.815
218.576
435.507
352.636
139.572
166.901
64.0517
221.4
310.794
31.1535
442.905
331.507
60.1776
462.477
0.583011
0.104194
222.281
0.467664
221.445
309.186
462.044
0.394129
41.2002
462.287
462.373
420.072
0.298342
288.666
395.865
321.671
351.713
327.852
151.425
273.546
345.508
394.77
399.941
156.193
305.588
440.522
402.194
358.789
1.28168
237.566
243.501
1.42199
455.333
340.883
4.77977
219.273
457.588
296.777
462.098
314.238
406.279
462.283
264.594
304.549
254.088
114.548
288.432
294.57
402.045
29.2217
138.857
43.6638
229.097
192.62
387.95
129.522
383.384
36.2046
329.729
163.554
461.932
337.458
0.543355
462.235
435.293
225.248
211.808
303.026
344.309
312.53
123.512
462.016
461.603
342.226
0.520838
161.425
173.523
298.334
330.29
462.289
131.713
282.279
307.116
358.277
251.118
35.3911
357.725
405.699
0.4282
224.271
412.274
74.9505
308.726
311.032
10.6045
462.39
202.568
360.423
403.407
23.5298
417.256
461.772
310.2
295.875
432.948
297.689
-0.352233
118.835
49.3597
385.34
461.802
295.269
358.657
296.376
340.018
0.34749
270.408
431.004
456.896
459.802
461.871
69.5971
306.024
22.1472
0.487651
267.786
380.001
-0.800978
225.802
438.624
60.7812
377.311
462.353
158.902
54.2326
114.064
463.041
235.807
415.264
364.335
13.3925
301.572
383.736
225.053
0.207661
224.429
158.063
431.141
234.595
462.168
324.161
19.64
132.941
292.336
277.561
304.243
41.2636
194.399
458.929
196.128
230.341
371.368
438.172
403.113
224.591
364.959
131.156
462.088
430.24
324.358
354.675
178.252
325.392
461.449
78.3229
78.8139
353.574
247.654
264.192
-0.0551159
165.934
203.88
461.42
306.439
168.639
345.285
25.4867
166.037
350.29
461.969
186.799
461.423
443.356
319.753
0.422199
129.896
243.761
462.26
126.406
270.476
212.78
462.395
200.97
297.217
245.442
281.589
375.976
359.032
286.465
291.995
398.614
462.334
343.598
330.922
3.82082
274.089
461.415
318.741
292.513
365.499
283.002
456.165
-0.845787
266.912
268.199
156.866
15.5377
404.749
65.5424
68.7486
326.746
462.043
165.527
378.901
366.384
233.289
430.062
49.4722
340.653
262.635
154.925
0.709939
462.41
272.209
306.495
0.544085
387.661
125.302
318.582
462.123
462.779
99.7092
409.811
333.168
61.9261
461.641
347.643
321.34
162.449
0.534557
88.5812
142.845
462.711
462.463
338.541
232.279
276.185
382.933
133.063
331.89
38.0076
186.974
341.424
141.419
0.50355
360.422
461.575
369.555
174.568
190.25
292.177
258.378
354.554
293.635
301.823
179.771
52.3364
462.399
327.962
323.278
76.6582
276.801
212.624
3.89202
462.366
181.051
457.586
77.2064
73.4716
229.548
151.749
462.373
440.402
125.546
356.888
197.594
461.493
461.801
216.759
249.32
387.362
265.285
0.249177
316.682
91.481
461.993
353.407
461.616
307.947
423.462
5.23916
146.717
354.534
0.379091
239.936
459.726
312.543
232.208
462.333
278.143
228.935
462.436
461.854
22.3519
0.454906
297.552
281.977
461.757
245.282
246.342
259.113
462.037
369.908
461.711
243.786
305.66
406.338
16.4493
449.104
401.507
48.941
355.68
410.277
199.084
394.983
23.4302
337.637
262.265
0.13625
333.445
0.0343694
361.973
165.345
459.18
276.71
462.158
461.531
276.521
247.243
208.869
237.374
194.886
194.602
106.951
462.406
76.7912
462.184
0.213269
282.892
401.808
462.568
218.014
266.203
417.131
214.811
344.338
418.303
421.944
194.11
412.734
357.467
78.2154
209.216
390.698
279.107
92.7744
394.515
299.593
79.6482
410.765
384.209
453.41
439.189
224.065
280.408
165.851
415.575
288.657
0.0845845
330.5
24.974
462.388
156.974
371.218
462.441
300.432
125.592
248.399
462.235
0.364744
396.668
344.237
421.72
462.096
274.258
298.064
256.8
388.168
461.987
255.606
142.491
111.324
261.925
0.41196
461.724
306.479
95.8183
342.095
88.5261
171.39
302.798
324.968
272.894
388.876
394.02
235.924
41.4921
73.7347
225.262
233.855
332.491
317.308
461.871
325.808
384.155
462.109
234.71
213.652
415.174
269.076
183.364
448.972
194.087
268.211
164.985
260.588
462.226
436.61
0.262067
334.725
462.024
213.297
203.485
427.81
306.58
119.299
116.839
91.9135
147.654
204.168
105.589
185.664
404.081
392.941
461.887
92.9518
100.25
32.5298
59.2876
325.891
13.6108
55.704
0.651154
230.542
226.23
349.842
313.304
0.655749
1.27259
108.211
355.782
172.479
315.62
292.889
398.403
462.343
346.609
289.534
336.726
275.685
369.684
13.8473
197.389
52.8793
1.10068
234.064
266.7
6.97714
265.076
217.934
429.252
378.944
14.362
367.541
387.668
154.925
232.623
31.8721
295.627
286.965
394.661
410.295
356.057
20.366
434.585
228.306
407.849
282.888
0.321267
252.715
192.514
377.755
462.338
123.631
59.4947
95.4199
124.159
320.864
124.791
462.356
314.326
461.633
419.078
337.664
372.327
239.741
461.883
236.66
98.2435
460.194
142.274
0.255291
185.252
231.965
461.488
76.4483
387.562
289.433
462.154
361.804
21.4193
407.594
95.3294
69.7093
197.522
438.407
463.492
99.862
428.532
421.711
38.911
462.016
42.2873
301.511
368.212
189.954
33.1662
461.921
199.215
224.432
0.237623
432.131
332.116
232.537
349.241
334.277
272.893
159.347
91.5256
0.582087
188.824
2.49317
272.966
364.231
418.312
290.825
6.27634
414.617
16.0473
58.5958
191.653
357.111
153.619
411.142
132.028
0.465211
341.048
461.85
450.944
186.345
110.351
264.281
149.962
0.32936
210.192
332.946
282.98
25.1126
348.437
39.159
263.94
253.263
149.112
213.104
79.7161
440.989
249.29
341.966
265.726
0.27695
395.033
299.673
281.45
442.268
1.20878
72.2006
175.583
368.273
341.217
313.334
176.615
155.591
240.19
44.619
267.466
462.014
0.3516
388.683
396.352
461.645
120.65
426.657
264.551
238.25
8.25044
305.587
62.5019
230.273
462.264
242.446
354.23
50.5306
137.044
1.82973
299.597
451.186
309.421
210.946
123.095
442.938
143.86
10.8694
402.488
462.129
381.46
205.553
364.093
393.329
193.49
71.4171
373.409
268.221
226.718
175.88
302.576
233.877
460.231
1.1916
371.433
76.1268
355.335
321.87
210.704
74.7262
252.747
389.503
0.340649
339.916
290.395
176.618
374.223
0.067901
116.707
160.917
254.712
151.719
462.375
223.41
462.304
96.0909
376.737
1.02647
222.478
207.957
120.529
252.527
3.16655
446.09
462.372
462.214
255.44
23.4732
49.3608
462.354
292.258
238.877
309.467
119.357
250.972
438.783
456.932
450.932
140.88
422.383
435.975
433.48
281.141
182.651
190.469
24.6464
462.084
140.923
287.691
279.188
133.5
65.7531
462.014
462.753
265.767
162.478
49.8124
253.224
311.394
417.157
399.309
0.433642
426.635
175.681
462.091
272.681
269.376
108.864
189.873
350.047
107.25
436.18
121.658
395.482
461.286
0.320501
448.784
403.096
280.637
372.752
146.644
99.8554
288.844
16.6078
403.097
162.882
35.8576
462.025
277.791
177.493
434.816
215.642
323.598
102.05
272.088
431.444
415.898
256.091
0.277525
25.6386
312.892
414.511
462.113
76.4884
462.448
308.543
327.203
193.471
355.611
267
297.589
32.1739
232.341
320.655
401.752
171.192
38.0621
338.376
163.284
223.544
455.325
367.863
258.978
290.566
1.57603
446.747
396.72
102.224
2.02024
93.1005
261.822
163.031
457.404
232.377
227.261
330.956
343.232
395.845
46.6536
337.679
392.111
61.2386
461.902
322.006
152.751
202.433
55.2234
197.247
217.102
28.5075
442.986
0.873516
232.428
278.068
462.358
327.22
356.761
310.657
353.345
23.0765
257.646
303.626
281.967
0.311859
459.949
275.008
391.454
341.168
68.3278
203.462
461.752
385.181
457.241
126.371
209.502
25.3931
246.629
116.039
461.399
25.1603
91.584
96.0136
7.27474
280.228
190.59
82.211
87.6728
119.255
353.128
316.222
461.911
136.127
236.649
82.1336
119.272
462.172
462.453
217.582
281.528
181.355
393.741
462.123
405.992
461.508
369.947
246.225
92.7836
392.933
240.895
138.082
218.473
134.675
384.455
254.598
252.87
300.56
128.126
253.378
283.086
50.844
86.0507
355.19
294.779
16.306
294.235
233.822
210.95
167.12
393.714
240.434
15.5554
346.419
324.057
216.582
362.369
383.133
263.126
37.1778
434.878
40.45
155.637
313.904
96.9815
461.842
285.702
0.201334
131.449
0.299185
393.224
0.234112
70.5829
428.182
462.217
168.387
370.87
33.2433
0.296484
336.962
326.887
363.187
166.47
262.523
301.047
200.734
160.88
462.172
61.1842
346.767
65.2482
176.234
457.471
453.621
418.15
461.896
147.923
205.532
329.282
331.731
113.084
109.658
43.8705
104.955
434.701
62.9101
384.777
229.924
272.385
229.923
321.095
462.039
241.505
462.12
353.295
42.7736
425.102
97.8294
264.526
13.907
392.965
236.941
439.511
272.863
83.8819
70.2352
462.031
447.135
308.602
0.371082
232.188
337.477
260.799
365.305
127.769
402.707
120.138
461.959
0.324769
455.784
462.359
0.513252
0.402795
25.8401
427.101
229.901
43.0401
360.438
361.51
292.525
111.248
-0.0158395
196.187
195.569
419.426
369.458
0.895139
232.43
333.667
340.071
35.181
448.514
142.323
370.338
204.413
401.716
86.5711
183.996
373.959
411.788
224.515
337.531
207.129
462.221
405.7
462.402
142.711
313.26
0.296795
190.07
458.302
390.32
14.4137
398.031
0.591223
391.239
462.247
91.3734
48.8845
353.739
302.585
411.937
357.366
223.501
150.38
72.3235
109.498
123.717
117.486
198.827
91.2919
375.558
144.597
199.091
438.714
353.188
46.4754
440.4
139.222
188.941
399.166
86.0148
73.0742
330.165
0.838243
172.095
232.52
416.828
279.528
185.441
156.286
337.251
246.135
102.812
159.313
437.295
-0.0330167
268.929
312.209
148.386
133.49
81.2977
304.079
85.5084
113.462
207.791
373.267
0.864136
155.783
34.0959
83.6875
212.403
233.754
105.098
356.72
429.57
197.361
442.125
272.785
190
462.171
308.282
277.507
100.196
427.21
274.77
315.205
329.17
351.861
0.271653
85.1075
43.5505
243.692
231.647
339.643
0.506613
350.601
462.412
84.6105
390.715
81.366
309.78
238.428
244.385
441.433
315.941
59.8714
462.038
312.667
453.837
461.73
0.818605
-0.716159
332.272
462.38
305.723
392.521
460.661
462.454
284.337
194.724
321.482
127.832
222.007
381.617
461.917
177.682
247.619
356.996
305.924
295.386
260.584
321.974
459.672
45.9151
265.761
339.599
395.303
462.353
360.428
115.732
0.772645
304.775
272.39
271.989
108.579
9.62859
242.362
293.342
116.731
374.803
374.217
211.046
86.2135
132.792
405.361
281.777
461.909
236.679
130.146
173.447
314.103
0.463163
447.301
288.293
460.88
118.482
93.7955
462.64
425.621
148.414
391.181
334.969
402.548
380.138
462.135
388.506
461.848
261.437
261.091
66.1662
458.579
217.829
461.9
0.2902
293.58
230.185
414.287
301.166
124.883
340.556
90.3146
462.201
242.675
128.818
447.553
115.381
105.31
31.0543
47.445
352.399
461.976
225.228
41.0556
210.226
158.666
-0.0820255
219.98
170.713
57.7596
461.599
0.217151
271.818
306.418
370.184
400.364
403.397
316.312
396.329
308.428
233.392
400.099
281.812
462.083
462.815
462.175
234.975
462.826
381.368
325.891
424.066
389.732
142.242
13.5781
427.913
461.08
460.666
321.478
341.268
391.826
451.132
406.547
23.2574
201.995
100.452
270.141
129.571
210.648
88.7139
462.233
269.099
314.489
267.974
18.3761
381.463
462.416
85.3831
0.4701
339.601
441.698
67.3992
84.7242
461.688
127.987
455.299
165.622
122.235
240.155
0.27261
232.483
406.472
218.746
0.639079
248.42
457.148
156.896
444.232
165.913
448.386
268.978
107.473
113.716
462.251
102.855
245.41
94.101
257.035
447.776
66.0508
389.609
282.462
76.7306
210.727
367.554
461.499
348.656
47.9393
112.923
125.993
462.181
324.115
311.566
230.426
181.774
264.614
416.341
260.213
372.929
0.0928965
116.541
238.825
206.593
323.792
326.329
462.031
313.711
404.372
427.072
346.059
280.205
212.063
320.412
423.153
391.04
252.069
462.011
30.2028
255.064
292.35
393.06
222.393
314.955
185.788
461.844
323.376
7.97958
337.085
345.649
220.222
460.884
138.393
233.477
344.956
370.276
212.533
437.525
166.711
0.457805
293.382
243.328
107.441
0.431868
5.34278
0.890482
126.695
0.374378
79.1423
461.883
200.849
458.499
426.587
340.44
248.804
28.7369
365.186
89.5023
142.753
419.304
0.59549
462.177
276.446
0.860856
74.1809
224.177
96.8435
298.845
312.156
360.566
278.622
462.099
55.5432
35.0991
400.762
178.051
346.231
74.8382
78.6661
80.3197
127.933
0.409158
462.031
124.659
460.81
355.882
347.564
75.7235
85.4647
77.5165
120.066
386.034
258.691
412.293
135.844
64.3042
0.598732
106.572
276.604
461.355
414.732
327.347
10.3966
303.513
104.863
47.4438
189.222
417.573
67.6133
240.381
240.2
172.987
112.541
46.3956
400.729
176.792
189.492
292.695
462.437
44.9761
171.129
62.6271
411.228
110.288
267.618
220.255
43.4466
11.9867
286.308
241.276
302.66
261.769
359.831
192.166
192.252
375.959
135.436
47.8577
84.371
249.769
53.1038
462.403
462.631
154.181
440.825
373.454
319.573
458.067
14.7422
455.621
139.733
22.626
238.081
409.491
229.26
102.29
131.161
185.159
305.305
461.248
0.363949
110.956
447.351
311.69
158.621
0.395361
301.587
138.509
1.01347
133.996
206.848
234.651
117.289
0.279783
309.505
336.43
462.667
0.417688
403.205
157.329
171.27
159.231
274.74
365.896
320.93
404.367
461.873
461.571
462.585
391.639
256.841
312.971
319.199
459.802
461.527
65.0765
452.394
196.974
175.01
1.05471
185.951
209.705
382.694
276.813
235.099
126.97
91.3112
343.881
379.179
232.882
417.733
457.963
337.877
372.452
462.45
350.196
233.463
436.94
390.879
263.563
134.066
428.123
114.889
117.038
0.132591
182.853
283.722
0.947096
361.958
187.417
265.766
353.026
81.4344
332.139
100.495
437.535
0.910525
423.529
19.3564
147.509
378.035
240.716
74.1184
316.978
416.281
452.586
151.584
402.249
210.607
336.176
461.709
462.427
75.0121
390.827
438.506
461.312
397.74
431.001
147.426
308.388
98.5833
462.153
0.88139
427.614
421.946
418.639
18.9024
21.7675
35.983
192.856
165.321
331.63
65.3369
227.586
410.035
403.482
243.197
416.779
283.559
24.8411
413.487
87.8483
239.079
104.274
342.104
462.352
269.791
181.276
274.615
294.644
329.811
145.462
129.127
371.405
213.801
29.8179
385.865
124.311
253.958
1.05191
136.97
20.9341
70.4622
223.905
462.307
252.772
230.161
39.7736
397.409
337.997
301.017
461.935
462.447
343.133
58.3195
462.132
377.371
179.338
238.504
432.004
335.691
462.363
171.743
408.909
194.172
406.092
105.909
15.336
461.027
461.077
248.921
346.844
0.522732
66.341
425.77
297.958
146.687
462.183
195.333
95.659
140.138
224
341.641
367.123
44.165
53.5245
106.231
461.607
242.029
139.788
202.608
356.875
272.333
306.783
74.9818
413.043
217.542
184.924
424.184
64.5761
94.1059
183.474
294.715
321.785
238.728
431.3
448.114
253.243
303.821
402.944
461.49
117.532
238.533
218.711
461.358
188.223
338.416
230.186
85.3507
381.305
0.326297
443.956
270.955
387.389
336.464
300.504
368.686
90.4085
393.951
362.232
232.529
152.552
232.265
167.462
435.334
149.087
232.88
193.777
55.3107
22.6688
452.869
151.472
462.263
209.233
309.545
305.317
286.248
399.802
223.346
0.440639
282.457
0.782047
154.72
232.199
15.1579
277.936
276.341
121.834
362.823
205.86
180.974
376.604
213.246
318.19
86.2977
72.3841
182.632
71.8818
366.458
116.742
400.576
49.6578
336.13
141.204
0.333118
0.553607
408.24
242.072
419.724
462.366
347.3
309.476
420.462
83.3589
345.086
269.413
461.932
302.949
342.7
300.761
340.821
271.878
140.21
383.29
232.516
421.582
237.839
242.514
442.624
329.48
104.793
341.381
380.686
68.5729
5.74697
2.29972
27.163
177.272
258.568
217.47
353.733
183.767
447.814
462.094
374.275
234.517
452.423
391.571
238.501
197.575
461.981
34.7038
298.058
177.702
461.841
341.417
373.845
418.042
441.764
41.9016
453.47
383.064
211.309
195.33
427.507
194.403
110.081
370.267
243.087
393.09
285.574
122.681
0.525634
450.351
438.867
335.82
395.623
78.31
462.002
461.187
11.0351
417.938
279.941
123.297
461.438
67.7796
310.35
435.4
0.161403
80.0213
111.642
0.213503
365.428
463.41
227.105
349.503
246.667
0.593497
294.664
362.569
126.262
26.6817
431.852
67.4747
221.88
272.928
461.95
233.667
61.1591
393.797
233.389
67.9764
356.268
349.527
272.031
38.4633
217.483
155.098
299.659
7.28852
65.9503
357.086
348.8
259.132
295.83
123.875
90.2339
258.845
170.552
461.133
0.180712
245.299
64.5958
366.14
67.5919
453.269
312.89
196.675
267.352
232.217
378.736
429.065
231.889
8.69531
276.592
43.0727
462.299
388.528
284.357
398.162
142.327
241.519
439.069
372.055
72.7236
259.324
451.753
290.526
77.7603
462.431
191.537
461.736
133.906
428.875
462.669
0.810304
0.72661
171.83
223.176
451.177
108.794
145.165
9.16541
409.341
448.955
100.714
1.76928
378.833
341.622
308.352
0.123493
243.572
370.112
462.129
328.443
316.608
460.033
99.5241
270.975
85.2999
462.039
330.959
124.042
462.387
383.854
199.835
279.141
203.357
103.168
79.639
11.1683
365.517
110.734
371.254
421.986
316.138
177.892
462.045
406.414
347.961
134.392
380.284
317.711
462.138
461.824
264.825
392.542
426.718
311.772
303.411
332.779
458.499
462.179
211.642
149.635
445.546
175.295
140.585
377.125
454.545
80.489
427.303
391.092
50.2096
462.054
189.276
388.301
366.924
311.471
227.196
63.9113
378.205
344.582
112.096
346.222
431.919
440.031
111.123
59.4348
61.8378
345.129
462.106
91.8843
69.6302
385.153
261.609
0.00184422
429.073
88.0354
1.01658
28.3409
312.947
425.332
361.919
22.5957
55.6651
364.081
235.91
284.289
366.317
279.358
369.429
33.564
454.946
0.487653
56.0741
254.953
279.817
78.5039
237.751
172.933
70.2984
154.01
133.021
276.637
255.697
0.392327
199.272
315.213
0.526347
462.388
364.883
372.619
57.9081
461.658
426.696
275.653
0.506498
461.205
295.458
233.077
251.466
305.519
242.732
400.771
433.47
375.007
113.52
319.73
339.193
462.013
364.183
68.3672
192.723
453.175
186.811
462.289
99.6884
38.9747
293.363
75.9001
217.657
134.23
341.432
155.439
0.318698
361.36
108.101
156.262
180.005
0.225338
283.779
301.808
312.293
151.609
326.063
442.027
363.785
1.14453
461.951
427.949
1.32162
84.801
221.449
380.671
21.208
461.56
449.062
407.66
462.267
369.737
196.791
152.071
87.9289
273.149
172.406
63.185
448.453
343.055
344.113
171.734
432.301
338.063
438.655
461.904
459.096
0.251823
185.392
217.574
43.9166
75.9172
364.096
308.144
81.4316
257.064
462.327
290.955
324.018
86.1012
21.2145
252.153
232.614
124.132
286.022
56.6139
102.033
363.675
103.321
385.482
451.213
428.144
441.511
240.949
328.665
436.503
0.352296
50.7086
375.085
250.94
409.303
461.608
0.126474
211.155
447.286
123.73
403.962
461.829
448.474
241.347
278.328
156.37
55.6997
93.4579
260.54
325.421
0.18719
323.961
239.354
266.521
286.403
119.566
105.223
289.355
256.204
1.82364
118.395
239.529
408.625
255.28
282.701
1.73382
240.306
440.346
152.085
21.8183
129.467
143.515
374.524
372.672
211.996
102.595
462.002
324.663
437.045
409.079
460.662
313.429
423.189
113.332
258.417
308.743
433.815
128.355
461.8
170.887
36.5371
149.721
381.439
317.113
302.548
104.052
424.844
240.756
349.266
133.21
325.58
140.454
57.3957
461.872
252.326
100.575
462.308
0.780687
459.039
456.732
393.252
104.54
129.478
462.337
0.408135
329.54
28.0499
79.9903
348.976
171.053
396.84
9.42632
132.86
457.284
133.968
254.04
403.734
76.8273
274.595
396.096
270.434
462.034
298.204
0.220293
95.0735
235.208
131.943
453.151
358.391
455.57
321.424
324.443
365.507
189.482
425.316
134.451
239.013
328.52
115.523
108.006
0.309827
334.634
422.318
373.416
283.92
303.265
269.691
259.87
402.132
193.133
173.888
0.761679
358.335
392.934
307.708
236.801
236.029
295.953
453.026
316.65
202.665
347.672
28.5704
190.679
227.252
310.684
134.451
278.66
461.152
7.59061
237.05
400.136
462.209
121.271
102.352
106.269
182.482
161.833
462.046
375.73
275.193
458.717
153.608
460.466
126.873
383.637
445.388
302.827
247.989
241.748
273.263
104.428
334.417
1.25443
27.1285
253.228
297.414
323.444
323.202
0.470427
50.5166
164.654
263.084
229.582
212.123
460.99
139.808
284.13
142.867
250.503
0.797145
0.522971
353.467
333.103
412.809
340.743
306.769
381.325
448.029
296.992
394.814
342.272
263.614
241.179
291.256
109.274
295.816
333.46
188.94
324.829
295.542
64.9005
413.879
0.0944597
222.712
72.7127
192.518
123.113
197.788
31.6617
305.577
151.88
438.718
102.773
337.465
35.8103
141.095
204.1
310.942
239.203
288.413
31.6317
390.052
393.574
461.006
27.311
96.7436
110.114
230.044
462.222
346.45
329.831
232.373
87.3497
83.676
0.758835
24.9377
303.494
461.468
0.212234
208.777
393.159
359.857
271.062
104.676
292.515
1.30383
432.115
398.587
321.853
365.259
341.768
174.467
69.4798
166.711
442.869
461.643
135.318
461.344
352.817
354.102
298.245
251.936
224.385
284.745
328.967
300.024
50.3803
409.814
245.253
291.711
282.468
461.172
425.898
257.228
341.846
406.494
172.983
302.281
405.569
0.0212051
87.56
212.466
458.475
267.187
156.225
233.136
323.544
344.226
15.413
0.164598
399.5
257.113
335.212
305.669
386.161
189.755
128.037
456.982
209.189
60.6398
55.4254
0.61606
316.609
120.875
356.511
149.633
404.708
219.464
148.113
192.062
461.661
428.848
9.92206
223.841
131.698
223.02
459.473
390.595
356.744
274.331
0.470669
405.976
282.871
251.962
222.785
96.7865
0.635043
246.356
97.1587
0.126617
462.119
384.568
112.567
347.366
348.915
419.628
269.615
17.2443
403.845
366.819
227.038
211.758
46.102
125.859
213.819
296.418
461.898
462.315
384.65
315.689
139.867
330.215
462.888
219.555
342.718
121.471
394.184
353.422
281.807
347.166
418.535
461.105
345.951
462.204
292.562
448.067
291.335
77.4494
264.771
76.1579
122.591
362.425
303.905
424.721
81.3563
462.124
454.688
310.414
223.121
251.857
201.984
344.619
254.287
431.232
313.958
161.831
461.292
407.473
254.391
26.6082
341.1
216.679
341.636
351.541
297.376
170.803
126.847
310.554
380.858
341.604
185.158
262.706
194.797
1.20654
396.909
461.874
12.4618
38.1075
407.626
207.382
245.351
102.747
168.681
281.157
460.203
264.766
33.3306
143.941
461.915
230.228
13.3542
295.316
443.444
269.067
330.814
303.554
276.584
412.507
462.017
422.695
65.7165
73.9595
230.172
365.95
316.003
139.751
83.5693
462.308
334.337
462.048
247.619
338.781
238.137
296.102
449.631
214.836
461.927
426.571
373.443
41.4016
417.271
357.626
437.86
396.692
412.614
147.98
435.334
251.773
461.991
222.269
394.113
0.267154
193.197
0.910614
288.338
36.0447
309.351
374.653
1.16374
152.108
139.541
161.213
32.7915
0.539775
112.979
343.392
206.008
462.458
462.451
164.989
172.861
241.59
252.295
347.003
461.248
295.054
361.137
385.348
238.781
428.44
349.129
144.241
107.582
230.237
432.164
43.162
462.073
103.18
358.652
83.9083
461.77
462.4
34.9556
145.422
302.6
461.495
93.923
412.695
174.388
121.305
0.689664
459.697
287.712
462.492
462.178
436.859
324.078
411.639
266.259
462.043
88.1966
201.178
346.196
192.219
266.611
370.851
233.961
2.02109
153.508
85.4432
460.855
0.0931361
214.971
259.427
221.082
353.025
435.598
145.07
411.901
349.106
335.046
200.039
430.982
140.908
141.979
418.792
454.845
445.94
462.108
233.102
170.602
0.545367
8.25269
158.292
242.689
199.016
0.673312
184.795
304.559
144.858
16.0076
236.189
351.871
82.3714
232.724
307.231
291.891
304.434
422.303
116.517
460.784
83.135
37.9145
421.229
319.112
156.779
278.914
253.659
443.373
272.165
395.063
312.335
377.35
175.738
0.134135
2.78858
7.32608
428.359
184.637
462.302
440.827
449.942
355.612
111.626
249.14
353.733
44.5966
439.094
213.397
264.63
370.377
24.9606
396.836
261.638
349.625
309.14
352.305
334.445
384.45
343.525
258.813
54.646
281.295
119.376
324.219
103.104
422.966
359.713
247.351
373.858
112.447
154.66
247.609
86.763
5.0348
375.248
0.0344131
137.383
329.875
420.722
366.898
454.885
322.842
311.502
232.615
87.5177
273.976
0.424751
82.9263
127.906
440.303
188.783
461.836
404.978
264.035
390.472
222.804
441.369
408.692
338.473
341.028
244.535
395.475
448.955
232.488
270.001
17.0576
33.1294
405.207
162.312
249.223
454.203
96.8999
427.788
0.121495
219.391
418.23
229.435
253.104
207.196
110.897
86.9096
85.5024
82.7131
310.124
301.282
226.126
444.315
212.494
362.874
391.766
402.065
155.486
315.414
460.897
30.1547
261.075
71.1636
221.795
298.113
246.305
244.698
273.333
308.23
461.5
238.576
462.094
379.951
101.886
441.532
21.6795
300.653
94.9881
404.513
80.626
462.203
98.9202
272.019
462.087
0.87756
318.667
344.388
1.88424
258.612
117.847
253.331
256.514
449.268
153.461
0.704787
397.341
386.512
305.598
208.244
18.459
397.826
455.926
374.906
276.752
461.737
410.541
461.187
307.755
373.854
128.178
393.847
108.196
87.3272
429.849
0.21856
343.024
234.425
131.413
210.31
201.271
462.14
307.76
252.834
391.191
202.815
352.31
224.094
221.698
417.481
179.433
1.65658
317.709
327.386
0.618196
148.968
308.718
236.861
90.1368
324.376
179.898
263.002
461.544
450.258
461.547
266.52
73.7673
109.594
386.545
0.440573
222.56
280.928
462.065
185.088
431.342
37.8713
259.837
1.07185
461.79
328.634
461.774
0.180659
186.758
462.175
225.266
461.766
416.268
390.907
88.4758
11.7088
321.861
60.5756
408.518
322.837
217.895
462.658
357.435
269.327
299.617
1.1421
385.067
12.2826
262.05
443.603
420.636
276.703
462.767
115.02
428.133
395.557
276.206
462.52
261.234
449.215
228.029
226.863
212.278
171.22
461.658
434.495
163.781
262.751
280.589
253.933
190.472
212.134
53.8137
104.592
192.54
102.164
298.668
462.041
253.344
359.979
379.199
269.63
43.8162
84.7152
147.223
328.845
459.446
148.325
120.157
122.73
239.005
340.746
268.541
233.348
393.761
77.0985
311.067
141.808
0.119821
331.079
315.836
0.501393
462.07
0.426671
417.775
312.188
291.248
345.174
233.344
28.4207
82.6722
404.024
230.439
0.574441
440.196
319.967
124.948
153.201
0.514229
174.376
460.5
243.592
260.029
18.5274
462.408
2.31416
2.62296
102.291
247.989
290.072
335.991
95.5473
0.380938
35.5729
279.467
321.663
402.317
133.621
354.032
87.0446
214.433
64.6611
326.379
0.470262
3.45489
391.813
397.606
270.627
232.575
226.118
461.471
54.715
390.577
446.894
279.775
196.582
24.6476
58.5157
144.172
135.017
466.124
0.181668
462.343
428.213
327.718
6.15865
461.791
191.632
461.877
105.501
130.795
94.9161
372.051
184.038
385.742
356.87
206.052
231.612
393.004
217.027
462.45
406.812
461.72
459.939
379.973
131.564
240.158
93.4218
339.68
321.156
361.015
10.1533
222.015
145.515
111.825
230.624
97.4047
387.625
401.146
304.119
367.299
310.706
330.539
336.231
366.555
462.5
242.025
273.087
446.847
1.11116
229.714
462.03
461.469
419.479
120.785
0.135365
414.49
462.293
461.972
201.383
386.15
367.011
461.888
331.004
291.498
321.819
82.1978
0.241479
202.669
211.523
124.099
403.533
143.712
450.98
462.224
250.054
418.87
370.094
176.317
284.029
380.754
240.952
389.185
428.266
0.13885
175.146
426.794
363.244
169.426
461.241
287.785
462.311
223.552
247.574
218.647
358.3
327.551
311.224
418.135
378.24
16.7757
25.3985
412.863
462.136
364.601
238.862
232.349
94.9916
335.965
300.045
433.897
209.373
374.037
333.026
252.098
321.992
113.56
254.44
302.665
378.53
108.96
253.736
165.327
135.493
203.684
255.69
40.4527
11.6736
327.016
451.443
414.25
379.309
208.086
218.793
440.335
335.91
214.505
202.131
420.722
53.3586
48.7914
16.3884
403.423
463.675
223.819
113.807
245.882
102.891
371.028
126.29
201.754
267.661
398.733
239.043
74.7792
80.2082
462.45
111.891
218.418
256.843
166.659
99.4647
462.273
90.0149
115.278
460.872
100.828
87.6377
259.413
281.32
88.0303
80.9705
462.063
169.752
76.8818
302.652
265.65
285.265
23.5901
70.1433
192.258
86.0766
140.295
454.692
284.025
256.788
394.471
204.086
0.915237
408.863
423.526
225.824
101.41
76.4388
343.462
0.853166
286.22
462.75
192.781
304.115
462.035
359.899
461.861
270.509
261.187
38.2768
196.765
120.604
102.237
275.379
158.076
443.218
26.0838
461.355
242.232
273.948
461.241
203.114
429.365
271.303
359.464
96.2027
461.727
419.212
419.466
97.0131
455.129
293.683
333.785
462.118
404.712
305.433
171.552
125.334
397.776
301.139
114.279
428.871
447.38
302.726
81.8371
8.82133
408.572
449.235
372.026
400.202
186.721
384.466
461.164
97.1843
432.311
29.7093
190.766
0.42745
461.926
177.306
139.94
197.424
458.406
205.299
452.284
344.554
376.778
29.4007
429.204
298.259
363.042
149.123
420.665
324.746
89.3955
0.583485
352.463
0.502517
418.636
57.8543
374.167
316.163
461.9
252.647
238.904
444.43
62.2659
145.862
291.797
374.388
222.191
232.581
99.4062
91.1663
243.207
462.006
168.037
381.079
2.05595
461.76
46.0005
131.827
130.804
440.371
0.68556
307.792
143.512
425.13
218.704
232.744
287.316
127.827
0.486577
201.279
276.607
434.024
461.468
167.067
165.496
255.67
359.192
93.5414
281.532
282.527
458.789
227.19
211.212
78.1073
462.056
260.732
189.395
200.272
90.7343
193.477
84.6464
249.799
455.277
120.316
319.514
461.766
265.211
415.448
92.8219
261.639
2.59325
351.462
242.914
334.624
298.174
190.193
94.254
265.607
361.255
-0.505047
5.39692
462.509
173.811
384.974
330.944
461.621
410.175
441.985
324.12
358.2
243.042
334.977
40.7819
342.176
242.127
380.591
310.712
277.504
0.225943
209.536
378.487
460.73
0.192102
52.3922
411.496
336.743
278.976
366.173
0.764843
129.439
462.108
432.765
191.713
303.216
401.554
282.406
0.840401
457.917
80.5398
121.429
372.345
152.649
419.301
426.55
0.649449
340.493
405.71
259.992
326.913
374.612
132.752
128.814
88.5463
156.72
324.605
-0.128185
327.216
202.218
51.2137
462.309
374.684
315.801
148.198
434.256
392.039
345.444
252.227
41.5409
242.199
147.233
144.093
325.996
282.47
462.233
-0.211344
390.935
281.913
250.526
81.613
36.092
197.748
442.778
149.819
123.198
13.9873
298.04
430.909
99.234
32.8292
370.228
165.098
169.91
209.991
38.6338
462.614
325.525
389.019
410.752
0.74059
158.911
141.014
461.632
393.57
359.242
449.126
1.38585
375
462.13
386.851
462.122
423.208
145.932
462.075
165.984
7.49071
5.73866
393.709
70.1361
341.845
39.0604
353.699
354.212
55.0481
392.5
214.057
266.539
462.043
137.861
61.0015
310.002
185.392
230.342
232.798
462.079
375.61
51.9872
279.595
150.898
257.466
123.402
462.425
462.085
62.8349
146.794
76.6482
6.55093
301.278
0.38235
249.342
345.554
232.192
146.174
265.725
363.26
233.289
172.013
0.540427
257.728
89.0204
424.867
172.512
446.05
338.209
219.149
325.463
346.314
348.806
24.7328
214.968
254.041
183.966
0.198665
462.129
241.965
0.589954
310.761
269.639
415.389
257.086
232.37
462.153
345.121
149.709
111.614
75.1127
254.455
462.29
461.851
112.163
334.916
434.915
287.11
277.455
1.00542
290.646
5.54394
313.529
159.217
142.872
146.996
137.345
461.718
191.371
237.65
371.67
-0.0128842
323.36
32.2173
96.7845
26.8522
265.677
423.223
196.994
139.792
122.418
396.837
295.249
179.463
216.334
461.643
299.918
461.902
421.344
355.902
339.067
122.564
108.63
240.798
2.60182
239.566
349.639
371.071
351.046
460.901
366.251
254.249
462.037
61.1651
412.808
137.343
0.916759
228.984
133.645
461.955
55.6367
232.687
435.577
248.216
454.89
462.505
233.199
239.784
281.881
169.455
450.506
44.4885
462.504
320.772
426.259
44.7509
259.854
335.564
185.979
458.774
196.954
0.686844
347.48
181.396
108.022
433.088
362.677
117.263
117.598
189.499
182.726
182.331
357.821
286.499
0.40795
462.303
183.069
24.3379
64.8692
355.589
173.343
363.602
229.839
366.959
223.681
218.421
221.901
347.748
22.5574
145.853
462.303
112.147
122.147
154.315
0.101798
53.5595
291.633
23.1459
439.717
351.319
341.918
23.6647
155.824
253.626
0.324139
113.458
462.41
7.93437
332.061
298.223
283.977
-0.0957031
461.756
82.9246
246.209
94.0264
267.457
189.597
301.137
460.583
461.973
167.421
440.03
252.079
366.824
174.376
237.423
151.135
461.677
210.623
248.951
163.397
83.712
347.382
438.686
242.218
139.071
156.932
314.32
91.3236
182.788
386.932
204.399
6.16573
278.634
451.731
135.258
451.165
234.588
461.662
214.466
357.902
237.573
0.386785
104.829
238.18
396.064
459.203
189.443
63.9415
125.266
217.151
172.574
159.823
118.098
330.531
0.572763
155.643
350.099
462.099
45.3992
361.838
418.02
293.006
462.278
258.178
276.908
375.928
402.518
331.286
329.859
238.913
358.877
122.334
99.398
306.592
125.916
218.132
430.548
361.516
282.339
0.358679
141.937
158.23
221.735
115.63
368.741
445.933
259.083
20.8054
298.061
181.118
242.439
392.366
372.687
394.059
306.552
134.003
0.165786
141.666
436.29
252.292
46.6676
388.889
37.3944
143.078
11.2969
98.5805
383.215
237.7
297.545
400.699
52.9219
303.721
436.333
271.377
218.76
461.405
461.838
462.543
331.364
111.414
242.041
351.846
403.014
397.182
-0.561285
369.524
208.532
199.101
177.327
250.593
319.214
122.874
407.659
461.304
192.665
247.587
63.4507
340.069
15.5378
462.082
0.199756
45.3083
452.591
0.505917
410.678
345.33
265.86
242.261
296.801
166.478
414.63
39.5807
89.422
176.656
273.476
332.979
461.965
278.003
422.29
26.8705
0.278271
179.68
454.639
225.146
309.133
462.646
235.857
459.76
273.012
3.99073
303.507
257.409
138.623
177.641
462.021
292.611
118.904
0.403049
319.692
0.938384
461.881
109.421
448.292
245.526
1.54291
236.868
457.466
221.679
461.976
1.00892
337.886
177.058
191.085
396.216
461.927
431.846
19.7955
203.184
371.998
199.01
339.263
184.943
203.043
458.011
143.787
305.044
405.86
303.578
344.53
400.863
263.869
94.0594
356.157
164.356
264.143
192.149
203.087
-0.163292
0.412242
433.291
63.4986
292.77
190.525
220.681
211.498
452.958
462.336
462.019
449.453
339.94
329.356
423.673
-0.110211
50.6948
462.432
281.913
83.458
235.121
259.779
255.19
363.715
393.408
285.574
39.1044
438.134
459.78
462.307
231.705
-0.0868176
154.414
339.46
461.765
307.117
401.093
347.274
426.135
8.94076
223.031
434.543
462.316
0.127427
449.008
240.856
242.598
349.231
234.402
148.54
458.854
23.6068
321.484
419.373
439.017
175.953
285.838
292.608
1.94834
232.538
208.027
36.6343
289.378
461.953
109.578
236.148
206.407
298.441
0.765847
125.409
201.118
0.239984
428.814
347.269
360.575
141.71
462.306
121.907
108.94
243.701
47.6214
461.959
390.651
369.637
146.826
407.463
238.98
447.444
455.811
29.0552
360.578
0.1988
158.221
375.877
279.723
399.291
423.323
97.7104
0.616567
294.87
132.598
268.517
419.38
148.116
296.844
0.423658
320.292
459.891
252.835
462.181
85.3376
63.9808
421.972
247.511
64.0567
351.528
331.022
375.334
58.6068
70.5589
462.307
347.059
353.54
109.542
367.651
0.240623
1.25163
165.3
379.495
140.442
390.183
255.026
78.2769
13.0405
138.033
280.096
143.432
6.1861
302.761
275.355
424.246
274.793
406.243
410.664
230.023
181.876
420.145
462.178
267.279
426.841
233.075
218.832
173.323
461.519
361.01
399.945
240.221
445.889
251.94
0.442589
329.57
288.805
443.955
93.4579
295.026
461.57
398.396
266.278
175.7
281.967
366.855
461.778
462.012
462.745
304.911
60.0154
0.183343
41.7995
340.322
388.223
254.938
224.056
220.727
356.898
232.356
445.715
381.552
0.207201
99.1906
363.447
0.57806
11.4545
451.544
326.153
32.4267
92.396
213.928
287.676
20.5301
222.991
461.627
261.335
178.721
321.353
165.44
412.445
352.289
210.808
383.112
449.856
208.918
25.3455
165.28
317.742
212.981
279.866
147.366
166.149
225.131
294.829
249.26
461.432
117.679
220.502
220.631
360.599
343.38
461.96
462.883
225.275
399.212
403.84
399.564
167.225
159.838
313.904
186.134
278.576
374.385
187.923
297.684
75.3108
304.8
324.744
302.097
284.84
228.13
462.016
267.544
73.3821
264.798
261.627
191.241
462.295
266.669
150.768
299.021
165.603
36.2784
320.68
367.402
406.685
0.240424
214.191
91.792
0.42043
421.938
232.283
196.691
106.477
461.613
462.252
426.581
416.886
209.788
185.844
328.442
1.17588
252.418
66.8782
190.155
316.699
24.8206
238.842
21.5299
193.403
235.266
218.331
353.973
458.878
427.314
68.5336
429.984
0.541994
423.267
223.812
-0.0260831
120.08
224.906
395.365
381.956
237.787
284.12
461.639
205.46
310.878
379.169
275.091
106.472
407.185
312.566
-0.154085
210.649
462.06
415.87
0.222843
317.889
74.684
316.372
242.02
435.168
0.355351
71.0585
462.364
398.948
210.587
432.077
72.09
462.009
293.77
158.093
379.285
57.8783
97.3918
462.066
70.4377
30.7107
462.103
308.82
452.459
249.877
79.9219
358.488
309.192
11.4085
335.416
381.327
442.224
66.7788
324.043
304.703
224.994
290.326
390.279
229.067
276.04
84.6067
291.031
95.3877
462.52
289.157
239.876
412.99
328.472
168.407
93.3521
93.0096
163.176
203.655
148.484
350.653
247.035
92.9119
120.507
76.1578
11.3432
143.258
301.95
338.726
391.265
14.481
96.2301
462.198
403.626
124.86
141.232
246.126
396.982
114.557
83.4182
298.898
9.98192
123.372
398.789
233.01
408.716
196.716
198.397
225.918
83.819
257.175
462.304
165.134
342.125
438.707
228.479
367.342
295.723
462.069
323.638
424.201
329.6
0.955745
294.281
232.361
287.887
372.857
167.685
285.552
416.261
73.7672
290.742
282.839
149.995
190.231
74.7583
0.213405
132.352
416.274
250.638
-0.239385
426.296
439.322
319.204
253.169
105.03
218.101
414.71
462.178
160.948
326.1
141.379
324.153
187.743
462.394
34.1769
179.502
365.274
462.158
439.401
45.7689
192.59
436.644
254.73
312.411
448.594
287.916
96.2196
66.1418
241.009
460.274
398.769
329.22
135.852
451.048
0.371908
0.313617
256.081
266.552
287.85
121.217
0.599585
297.777
428.248
26.4827
370.515
0.611209
281.225
268.817
358.104
363.734
19.3844
310.903
0.646139
380.531
405.607
208.677
0.72151
391.664
40.3691
387.303
379.763
109.621
226.149
462.218
406.514
461.549
176.632
438.44
271.179
433.049
0.329687
200.92
133.026
330.923
463.134
461.93
258.001
461.583
462.15
254.248
250.468
459.751
267.166
462.173
146.482
207.705
462.315
366.107
364.295
213.713
51.8124
374.282
456.763
420.487
30.3883
181.131
251.321
232.539
359.021
461.915
443.503
462.284
214.052
254.582
248.493
192.355
68.9828
291.954
348.803
375.822
436.693
411.147
188.744
173.653
326.201
311.839
368.356
232.129
316.439
461.53
0.238951
339.025
120.821
0.356738
298.384
266.521
360.776
91.708
159.592
217.999
462.269
291.541
462.207
447.893
286.804
317.674
138.328
462.241
319.919
462.553
423.481
460.418
124.277
38.3128
0.169648
244.169
456.817
335.452
383.166
387.05
153.21
69.4615
283.174
402.865
458.19
1.79444
142.99
338.26
243.971
310.53
212.507
15.1876
44.4042
459.583
233.998
365.806
462.414
421.888
462.389
268.154
134.433
328.401
439.645
344.141
26.1624
82.5751
339.926
170.704
379.597
185.257
459.706
313.39
426.631
254.479
232.558
35.3637
384.982
406.523
358.788
168.285
102.387
184.539
158.417
328.055
286.822
374.908
99.6619
73.4954
462.326
211.92
370.501
462.251
245.827
338.596
0.483158
0.411527
385.033
420.447
46.1333
273.834
269.652
104.855
81.9546
0.175264
234.94
462.047
116.969
403.56
177.762
101.838
315.778
236.923
322.284
323.233
157.092
261.569
461.527
10.6069
235.812
389.446
417.119
249.89
462.278
186.51
285.902
202.923
185.648
271.745
213.026
76.9193
397.278
0.843275
20.0784
309.985
103.158
188.817
12.8946
359.377
236.247
405.952
225.351
220.301
353.4
280.359
0.213725
356.284
219.629
322.535
462.047
397.582
397.454
192.928
68.6085
256.678
209.038
322.581
169.116
141.516
352.031
129.509
319.736
106.923
344.558
220.782
21.2789
3.24892
278.939
217.947
384.243
276.398
264.015
10.9838
154.767
376.406
32.5541
78.7792
297.304
204.066
399.261
461.644
1.70475
89.6588
96.7612
172.474
218.612
376.164
87.7474
73.9852
420.369
436.907
462.335
453.935
274.282
253.399
452.63
177.431
345.069
325.176
90.8434
328.039
193.807
126.489
73.689
79.9065
197.859
169.158
323.959
276.774
462.019
347.852
90.1126
223.478
0.551114
51.1854
395.692
454.166
462.544
0.481608
318.152
286.332
342.938
301.581
106.75
261.496
406.098
104.944
4.85338
273.023
224.276
21.9414
79.0161
249.11
126.393
230.264
341.673
147.553
233.646
422.251
229.077
388.839
0.360324
23.94
112.988
444.742
461.69
410.241
250.737
357.155
200.849
353.297
353.509
24.5478
363.353
241.337
332.915
363.684
352.948
66.9885
338.526
252.739
168.296
462.569
186.88
157.446
390.653
19.1977
271.689
195.452
190.372
333.785
0.0143274
241.081
154.253
186.221
462.29
462.454
274.385
392.187
280.513
84.3425
335.658
98.1349
9.83019
307.089
427.192
230.083
462.152
34.8731
184.828
0.259922
451.012
137.746
385.149
289.746
308.077
177.413
360.851
42.888
243.6
297.755
0.415239
340.484
427.084
40.9758
150.931
357.278
224.947
361.502
112.251
138.28
196.436
82.1172
90.7
210.681
440.019
386.247
358.145
90.0717
318.205
232.607
168.908
124.436
426.808
296.842
384.582
234.836
403.771
178.012
462.038
462.291
327.549
142.984
208.753
284.663
173.222
283.658
304.074
348.559
290.418
226.622
72.2098
325.505
119.804
431.374
256.014
462.042
55.3265
113.427
263.035
0.57673
438.887
462.081
410.84
69.0439
210.383
71.8345
212.574
460.924
401.043
274.821
108.85
462.364
181.545
428.339
232.329
73.6029
255.378
146.374
378.869
191.132
295.521
126.382
341.801
183.968
441.854
263.387
337.832
453.186
83.2787
183.595
408.621
292.351
84.3483
318.957
166.083
252.541
1.64901
60.6437
390.235
336.905
300.221
231.006
243.957
41.5928
44.5976
0.335048
237.842
309.122
271.496
389.351
125.184
0.135015
82.5241
362.224
71.6058
460.368
184.528
61.1086
207.465
333.641
412.67
415.363
456.266
316.249
140.632
132.574
300.603
184.991
61.6598
147.259
0.233078
12.2163
341.74
105.778
163.676
0.446983
155.709
90.1845
297.703
332.944
461.572
448.047
272.244
14.8834
293.667
186.362
0.21595
329.687
0.992045
261.404
419.362
64.1055
413.066
380.928
353.843
462.257
462.401
33.02
329.388
155.51
127.376
379.023
272.767
336.194
300.414
461.805
396.782
167.998
233.598
4.98238
11.7025
223.636
144.958
80.0338
424.982
462.159
122.857
122.825
442.198
413.346
315.036
350.348
0.0752636
236.441
236.598
323.097
111.711
131.502
0.403231
461.63
326.965
427.133
462.045
163.836
161.103
0.783904
241.392
303.306
408.006
134.71
281.488
405.634
25.1751
461.988
350.04
249.493
0.818772
462.414
334.52
283.238
244.583
431.438
170.046
236.048
334.898
171.59
232.222
462.184
423.655
34.631
266.366
266.413
218.462
84.7782
231.967
0.302418
296.269
119.093
462.139
292.238
122.271
394.755
426.636
260.51
243.949
200.413
232.767
446.745
410.277
461.38
461.478
0.700135
343.749
208.703
294.319
70.2507
411.387
188.035
80.1481
57.8766
380.294
390.739
459.886
355.847
316.893
67.0875
46.5138
413.16
332.587
392.615
284.249
0.251432
329.546
316.316
253.881
276.282
75.0178
143.546
423.884
462.315
268.047
201.254
182.497
388.712
345.158
347.381
349.425
357.901
201.531
73.9072
35.5914
334.2
461.766
244.097
462.122
123.47
29.7891
347.42
310.569
220.312
149.544
366.803
72.3764
252.576
265.18
62.0579
346.208
321.023
451.321
399.878
461.826
113.661
163.393
462.104
147.094
330.797
285.242
462.319
318.202
450.397
63.1592
233.012
383.776
145.511
319.043
413.999
232.354
134.742
168.075
252.315
358.278
192.859
102.048
342.121
361.995
37.6085
404.815
25.7945
105.089
420.099
154.342
402.88
264.714
207.137
379.643
325.117
88.0894
134.291
284.212
220.342
0.300318
331.137
462.342
316.608
462.514
244.932
397.487
374.436
259.165
0.892115
417.619
277.035
461.227
17.1694
134.107
353.63
123.624
462.632
332.925
141.628
213.288
285.038
215.752
461.109
277.991
274.102
68.4551
148.496
399.686
461.668
458.675
57.9735
462.169
170.588
461.754
312.703
308.018
438.902
184.188
119.953
79.1105
272.325
248.696
276.88
185.502
461.994
269.365
269.62
242.621
63.3286
60.0332
141.257
0.604191
45.2628
423.716
413.637
270.177
233.912
305.691
425.765
40.7461
79.5684
313.402
255.486
461.209
348.495
58.5719
360.356
456.572
276.191
391.372
219.987
293.508
325.263
294.377
273.927
424.61
0.321365
461.687
37.7943
116.631
255.772
0.0593307
459.663
420.275
461.882
391.54
192.198
138.397
309.984
201.837
27.246
338.091
34.4936
0.177359
458.221
239.387
462.336
280.09
93.1746
462.281
436.499
183.158
393.716
126.767
461.664
28.6889
460.266
187.33
357.422
338.239
391.729
461.912
422.655
144.593
0.000665903
380.606
48.6147
36.9476
394.165
0.354296
462.288
349.379
0.322529
261.135
170.467
136.822
280.764
353.925
462.053
1.04392
462.373
462.347
412.283
97.4357
330.951
79.5501
43.806
399.22
376.167
437.662
462.111
304.568
461.252
242.052
104.953
324.752
0.356878
403.1
268.23
389.733
0.250858
50.1634
374.347
373.312
419.843
230.206
407.674
212.152
414.923
322.963
195.699
128.759
84.6948
314.886
360.904
191.416
245.34
172.124
104.323
326.626
401.067
129.379
374.33
132.367
125.534
214.902
-0.219547
292.112
462.175
459.786
461.448
323.166
242.673
94.1864
40.0225
462.168
254.582
96.7561
174.52
53.526
93.9577
278.712
462.258
254.905
23.3138
195.983
147.455
222.19
41.0423
0.358765
462.458
44.4428
98.3979
210.317
0.337967
253.889
377.293
340.981
345.71
251.413
433.337
423.349
46.6574
313.245
249.831
345.395
239.075
0.347759
461.7
217.956
1.62256
350.88
256.976
399.734
383.593
325.612
246.507
227.627
139.986
1.11599
209.728
256.442
255.032
461.449
461.596
35.8127
194.28
289.376
372.531
313.349
354.003
392.764
151.547
0.606021
0.291327
311.438
455.792
462.086
299.157
269.721
343.764
443.436
462.112
367.912
285.357
96.6821
286.561
0.127242
448.145
462.046
352.808
131.539
150.829
46.3856
352.409
245.782
57.9278
322.999
334.006
166.618
160.543
343.391
0.266612
364.698
308.558
287.565
461.995
384.385
20.8646
101.53
356.639
377.014
462.074
120.696
0.662256
285.859
178.644
265.167
408.852
197.331
461.77
263.093
107.476
343.889
26.9121
263.602
396.742
437.424
251.441
0.286179
405.552
331.64
348.009
212.918
102.93
80.0946
220.316
329.703
1.63434
345.199
396.006
129.829
407.588
280.71
315.499
446.065
331.222
162.206
15.3878
28.727
251.238
386.39
336.486
358.722
462.005
305.617
262.22
461.704
298.165
462.244
369.783
416.903
413.373
259.309
116.691
77.877
197.443
78.9589
63.0481
361.828
0.00837588
305.467
176.222
268.609
0.167147
0.289262
345.295
463.818
413.979
254.637
343.094
58.0394
306.835
193.232
255.209
263.83
116.632
284.013
285.22
191.532
321.537
440.378
252.111
362.897
0.977722
100.534
102.43
462.505
244.908
343.853
109.299
331.152
462.113
154.599
462.604
356.764
385.26
60.8601
260.932
328.746
331.109
260.231
273.915
88.4114
171.719
354.469
249.804
49.651
444.743
243.947
283.985
320.087
312.442
289.56
226.61
378.95
359.024
280.626
241.432
390.224
115.047
429.163
292.532
287.074
89.9868
387.314
36.9672
317.949
-0.0087992
349.556
279.906
135.513
445.184
271.799
233.043
230.677
121.051
304.035
59.909
319.163
344.314
190.314
387.842
461.394
248.36
328.991
118.667
421.599
379.844
216.129
426.031
256.961
359.013
287.71
153.814
461.471
136.413
153.079
3.88315
461.341
352.363
0.543314
0.556811
462.014
218.941
0.141631
62.9752
299.658
166.246
11.6203
333.689
412.238
254.791
462.115
257.362
389.191
36.9726
71.8349
339.15
14.1615
459.683
379.173
176.418
292.752
382.856
400.143
91.1542
461.802
461.436
444.752
405.108
89.2648
404.729
327.251
227.782
435.128
396.476
314.58
431.788
1.99321
335.683
383.558
225.295
444.979
357.091
30.3769
246.601
106.448
161.812
293.416