495.013
509.673
564.708
606.274
423.27
607.67
196.531
333.286
557.077
606.227
606.39
211.079
547.687
362.887
589.325
451.738
606.474
606.686
335.536
432.628
605.21
149.963
388.361
605.791
242.294
215.879
451.369
431.773
464.699
606.206
593.664
587.189
606.887
273.274
603.456
568.556
605.715
606.505
516.066
358.741
128.64
606.115
606.8
606.899
606.003
606.406
594.93
143.957
606.46
606.368
550.869
606.019
606.317
202.92
606.286
605.775
606.594
567.688
607.478
606.344
215.495
551.778
605.99
336.848
606.244
290.707
307.314
260.505
569.982
340.885
606.486
606.325
490.121
510.712
606.073
578.356
606.436
560.675
338.75
606.865
606.285
606.253
617.35
606.907
364.013
538.084
506.659
606.541
318.234
606.745
606.067
402.332
396.99
594.948
424.105
581.62
606.549
58.8933
387.863
606.242
150.267
398.03
532.097
569.984
603.458
405.689
605.02
605.124
289.741
317.974
607.639
429.746
605.788
605.969
321.374
606.632
162.743
609.22
606.681
419.512
227.464
394.643
607.146
314.209
606.823
322.097
606.48
603.964
185.108
457.71
47.0226
606.088
506.775
300.061
606.334
603.665
500.373
499.604
260.532
244.294
431.738
606.591
606.415
243.572
606.257
169.012
261.59
606.06
605.82
606.948
531.186
247.035
286.966
394.337
263.165
498.429
605.9
341.543
605.37
605.666
599.568
578.005
308.514
278.657
605.888
606.424
301.567
524.583
606.47
422.122
583.742
588.059
594.276
606.142
311.329
424.046
126.602
228.503
462.64
432.738
606.498
497.548
538.157
243.371
433.243
606.874
473.556
305.787
606.748
605.585
537.07
605.905
406.668
555.807
464.512
606.475
394.938
412.717
330.501
557.24
606.529
606.299
464.119
607.861
567.469
606.315
449.696
583.495
606.648
599.381
489.306
427.56
537.708
255.41
605.572
356.737
460.104
606.144
528.979
606.767
113.906
56.9276
602.389
606.426
606.07
350.22
549.265
113.109
605.706
127.039
233.544
410.291
270.547
606.506
591.328
511.542
417.788
606.101
597.09
606.512
590.687
552.552
606.251
595.072
431.688
303.291
607.304
219.886
360.257
412.253
606.69
606.163
312.414
285.068
430.879
605.208
287.251
168.422
226.174
606.41
236.424
606.999
606.694
607.74
605.801
606.608
605.896
606.429
377.391
602.334
275.522
359.746
607.121
606.671
550.693
606.196
606.019
433.981
356.028
606.313
606.253
606.913
256.978
363.294
606.172
277.956
558.388
605.943
606.044
606.045
606.407
606.047
606.808
606.62
605.975
493.025
374.141
603.053
262.43
599.585
554.397
345.139
606.273
471.525
607.206
468.833
214.224
605.774
580.345
525.813
606.117
112.435
605.931
606.236
607.719
606.937
412.439
362.208
606.327
594.981
488.464
178.962
607.334
606.87
533.693
234.385
605.818
152.014
606.48
222.476
606.538
470.366
437.356
314.309
532.146
606.343
605.794
282.063
605.722
606.27
531.462
606.783
448.259
405.342
255.016
295.972
606.971
606.634
606.607
606.771
151.661
605.993
491.663
606.348
606.187
606.329
160.63
606.798
606.224
430.152
606.066
540.795
219.339
309.595
587.099
466.42
198.656
223.858
572.097
476.374
476.522
606.833
605.487
606.304
408.584
545.657
508.362
253.242
606.254
361.697
592.46
134.579
576.616
203.476
311.894
606.453
202.14
605.535
598.835
606.37
606.695
606.476
605.784
606.326
317.905
606.2
606.504
606.572
463.932
384.112
606.748
401.43
387.93
294.577
222.994
360.966
110.881
428.38
434.417
606.652
606.644
490.6
411.261
380.961
606.944
582.07
606.244
606.908
606.945
606.261
386.281
606.639
286.226
606.737
606.334
607.051
596.107
352.026
606.262
605.899
502.901
606.459
469.221
605.845
333.459
604.774
603.719
401.138
606.495
606.361
419.377
605.737
606.434
606.144
606.526
413.312
614.023
605.594
606.654
605.876
109.684
605.747
610.354
493.017
607.123
604.411
427.45
194.938
382.688
320.247
548.713
607.03
606.329
186.067
300.139
606.34
520.464
589.537
418.526
606.687
605.982
606.664
606.174
223.303
316.088
605.494
332.531
606.686
252.808
605.733
606.65
439.47
547.467
606.494
606.889
606.809
606.225
606.177
606.742
206.251
607.177
605.906
237.776
118.254
547.735
459.175
607.327
250.756
505.434
233.495
375.992
383.802
606.557
601.674
604.169
411.092
515.628
417.398
606.738
292.29
400.843
493.002
474.684
47.8521
606.809
595.614
606.146
606.679
595.643
606.532
208.655
441.191
597.135
605.868
279.215
469.058
563.846
606.675
266.389
607.336
390.392
606.162
606.476
273.799
430.758
526.138
606.769
357.459
606.258
430.548
310.256
431.881
354.966
443.325
606.405
606.555
606.671
368.358
544.149
606.082
476.347
526.494
257.699
247.33
606.293
606.273
542.929
605.126
290.923
508.74
402.725
495.522
605.901
350.425
602.56
606.582
606.499
607.522
585.003
590.447
599.307
311.758
436.053
586.793
606.465
605.884
606.919
533.732
601.128
607.909
606.349
507.055
410.709
606.638
501.233
606.602
610.034
450.774
125.014
606.263
192.449
605.088
417.667
165.792
417.333
447.761
606.513
606.049
603.227
119.403
606.961
606.747
498.572
606.461
605.791
606.316
281.32
605.561
402.203
601.951
455.511
606.41
606.361
588.131
593.135
597.723
606.853
606.576
606.188
167.426
606.676
166.27
347.353
233.182
576.759
482.482
441.083
543.443
552.792
408.014
343.843
517.654
327.183
280.746
422.615
247.702
607.519
606.459
283.042
394.692
606.583
272.024
606.573
606.482
509.007
606.722
607.363
418.553
406.979
479.336
457.223
567.509
390.278
606.375
606.083
540.347
395.575
605.975
607.329
466.427
606.106
188.987
567.143
606.348
606.214
528.361
324.492
119.444
607.097
586.254
607.688
606.679
605.474
314.501
420.626
487.803
606.95
227.431
606.6
483.903
605.668
606.755
606.999
605.974
607.319
483.357
560.459
606.65
573.68
560.667
606.388
607.669
606.615
547.445
606.303
605.939
606.547
607.799
434.81
605.826
316.041
441.278
247.563
466.288
426.13
404.336
607.361
226.899
426.175
606.806
607.148
614.815
606.041
173.304
606.561
606.397
223.963
447.804
606.31
154.297
606.579
606.281
606.37
431.604
544.373
299.14
605.261
471.616
606.332
531.594
607.011
362.595
192.965
606.834
606.273
502.657
296.856
351.978
274.633
605.961
592.083
406.198
527.727
409.378
610.822
605.968
588.331
606.838
605.717
606.166
602.163
541.058
160.993
606.581
532.365
420.979
480.171
251.344
380.305
491.086
604.712
606.124
241.726
342.746
588.04
605.642
606.55
606.504
469.304
608.391
576.482
606.369
431.331
606.309
606.292
562.908
428.589
212.739
603.888
556.798
362.989
606.094
606.559
606.094
548.171
199.371
471.895
464.624
230.747
367.057
606.513
159.012
548.559
495.106
605.974
595.53
606.075
191.675
606.324
391.948
606.641
478.108
450.754
606.048
606.387
607.286
606.069
453.765
124.197
503.891
363.289
606.113
606.206
290.469
606.976
456.349
606.253
336.346
378.424
607.167
606.665
488.469
354.902
394.452
374.621
370.21
551.8
386.741
252.298
221.856
535.16
303.73
606.214
51.8352
606.365
606.11
606.194
227.417
267.259
592.531
409.711
151.227
606.533
354.049
450.488
392.97
602.669
241.387
99.5603
606.68
607.404
175.525
607.508
606.693
492.179
606.444
307.654
584.181
543.207
594.501
606.493
606.705
148.999
403.075
605.944
607.201
263.754
606.473
417.507
321.121
606.425
598.986
563.551
607.497
602.829
490.421
607.061
606.224
606.371
547.203
369.414
606.454
508.281
591.233
606.054
606.633
606.695
605.539
606.328
606.828
485.626
606.164
240.04
200.584
606.278
392.991
606.019
245.69
211.453
509.962
606.896
605.672
607.023
300.156
533.576
606.413
606.027
606.123
305.264
551.794
601.058
605.629
606.891
358.673
606.508
606.426
605.758
228.688
522.405
439.382
607.097
572.443
606.085
611.737
606.546
606.831
606.711
537.546
536.329
607.539
247.964
424.635
606.509
403.375
514.799
601.207
362.508
606.333
602.218
570.515
416.441
606.562
199.67
528.46
606.57
567.529
605.931
606.663
606.372
533.963
434.948
606.885
481.274
588.809
190.578
547.147
605.717
606.71
449.769
606.149
562.374
342.439
384.865
500.806
230.567
572.303
496.341
606.346
499.899
606.846
389.041
187.152
386.558
606.181
606.697
606.106
563.78
362.519
78.7435
78.4113
116.182
606.833
223.276
161.99
308.909
322.088
539.257
605.823
606.671
594.782
606.873
574.323
488.825
403.389
339.61
602.555
255.563
228.689
409.644
605.831
606.147
363.925
400.798
369.48
606.315
201.943
310.425
335.738
435.845
606.7
605.55
458.802
539.736
380.221
606.333
323.675
607.081
606.623
557.11
399.725
487.881
577.748
606.804
606.911
453
240.607
360.395
550.454
607.089
606.814
606.82
606.642
257.535
570.025
603.857
595.266
605.891
332.927
306.801
158.62
268.374
237.245
607.441
435.589
265.035
293.783
513.359
317.835
605.807
213.69
606.308
440.945
602.371
586.074
555.888
606.287
482.705
277.228
549.563
298.815
606.586
606.115
605.859
606.596
606.236
494.992
562.784
606.383
326.207
97.4585
324.772
606.634
526.393
605.406
350.606
308.466
605.999
285.131
606.801
244.277
605.412
522.772
213.552
606.207
587.088
451.776
606.349
357.052
506.116
107.175
606.435
478.393
602.346
530.663
605.653
360.64
57.0219
606.016
549.04
606.833
563.572
607.071
308.843
605.838
601.078
372.077
600.782
606.638
203.66
606.643
398.866
606.794
327.089
592.253
469.538
606.298
504.825
557.217
606.577
460.195
556.452
606.64
581.881
434.258
603.005
492.613
606.192
491.176
516.731
606.402
606.343
605.119
404.065
577.564
156.384
477.226
597.888
606.51
606.112
606.321
606.431
226.748
587.649
570.199
368.944
605.767
606.642
606.632
177.591
434.589
375.075
329.445
606.217
603.435
491.025
598.351
605.937
495.992
340.25
175.978
605.896
605.225
594.108
606.158
606.846
443.435
597.309
606.585
606.767
373.418
606.618
607.188
361.239
272.787
606.392
567.498
608.096
370.355
605.405
220.327
586.957
504.14
605.794
606.533
521.437
421.908
841.33
606.344
439.746
606.051
606.4
468.033
264.086
423.609
606.718
89.6783
602.523
606.598
560.263
606.515
215.397
607.14
458.517
345.413
606.693
600.456
268.083
335.098
606.623
295.224
606.416
488.859
606.83
594.457
491.013
606.598
606.515
339.363
606.582
597.676
607.059
606.294
606.312
606.141
277.493
606.385
209.683
170.355
595.332
550.159
174.593
444.24
369.368
420.937
606.288
606.376
291.578
606.213
607.809
513.103
606.04
606.128
606.595
605.869
598.381
606.518
275.394
345.119
116.096
606.072
299.35
606.63
605.615
605.873
606.1
469.773
607.116
606.837
410.229
454.405
263.717
555.89
448.954
381.875
498.273
345.613
606.728
336.199
345.581
605.116
607.209
486.716
605.545
605.393
609.775
603.251
606.653
483.75
606.361
605.882
514.721
606.098
537.059
605.789
89.6379
338.62
506.142
606.359
606.385
605.66
606.139
251.88
595.302
320.731
491.429
603.683
586.787
607.009
606.414
606.386
606.851
589.166
582.435
359.52
340.037
543.79
606.767
400.347
573.295
543.484
606.316
606.215
601.434
606.265
606.6
216.373
606.898
606.342
605.229
362.053
446.442
410.059
600.547
327.932
607.654
114.503
606.404
409.792
606.382
606.709
532.433
606.815
606.364
606.474
429.529
129.553
247.356
361.61
606.524
203.554
134.579
606.24
554.763
605.604
183.099
607.184
481.69
606.528
588.63
606.395
403.732
557.964
537.299
473.739
545.586
236.535
605.919
455.269
381.03
95.8544
606.202
434.784
455.711
608.239
198.696
606.58
606.516
606.512
607.2
606.16
441.045
606.16
453.394
316.198
606.892
371.924
605.505
589.328
316.673
553.592
291.181
423.923
531.731
607.026
606.187
244.345
607.256
606.675
483.225
502.309
606.954
227.755
541.768
408.273
606.949
122.759
535.842
341.873
462.832
606.208
545.983
602.005
608.679
590.479
595.836
605.867
132.914
607.241
606.342
516.344
443.55
65.8579
307.994
42.4081
606.169
317.99
527.463
349.358
486.683
606.81
472.153
540.441
324.251
529.372
317.49
592.952
606.006
606.233
606.497
605.404
234.09
63.9601
606.88
81.2366
606.249
606.982
606.281
320.914
605.92
290.007
603.588
606.188
557.168
606.683
606.619
606.927
87.635
606.308
503.892
480.411
279.471
469.026
235.372
423.989
498.299
606.638
347.813
578.524
606.609
467.049
400.131
606.757
606.89
605.187
334.654
274.66
606.744
551.731
126.203
387.347
606.458
605.106
619.377
606.314
606.057
601.129
605.67
603.144
606.594
607.489
606.431
583.24
606.207
372.727
524.973
607.318
605.965
495.786
301.257
527.453
531.067
412.406
559.852
360.725
231.63
192.341
607.209
603.933
606.434
248.824
606.201
606.139
605.986
606.454
467.058
608.276
558.572
605.794
607.179
303.014
606.68
229.859
426.575
605.872
590.74
350.166
605.893
605.59
450.365
333.615
606.799
555.905
59.5851
606.299
608.398
488.191
293.672
475.868
606.055
606.329
119.11
570.595
606.423
606.425
519.603
606.412
315.371
606.593
606.717
606.127
589.842
464.314
344.725
606.405
395.473
606.463
410.936
582.612
450.207
204.923
569.692
329.035
607.296
606.688
605.719
342.939
605.579
532.329
606.933
202.654
323.721
593.556
268.994
589.599
605.879
608.746
192.498
603.514
505.272
535.063
447.775
547.491
601.535
605.715
545.159
609.043
506.328
595.748
606.481
606.435
332.866
606.262
567.061
606.732
605.205
607.431
606.212
608.875
352.947
605.899
611.439
512.173
526.923
590.559
607.08
604.388
606.339
606.804
551.831
606.297
340.277
431.504
607.523
412.979
606.258
605.569
606.325
594.731
469.673
512.286
360.904
122.301
424.184
474.321
222.719
603.097
286.564
421.628
238.634
461.708
301.675
606.518
527.65
492.44
606.395
539.861
461.394
456.116
391.654
598.138
562.682
605.489
442.316
219.393
356.647
329.721
506.689
566.791
606.091
140.236
606.318
605.904
606.008
352.638
473.02
545.163
294.991
449.4
605.388
515.852
359.923
415.115
606.27
420.591
606.28
471.445
606.672
606.377
613.327
604.377
606.483
490.353
605.847
116.961
496.394
597.179
585.074
606.721
518.951
572.679
565.857
530.574
604.55
565.948
606.724
606.25
123.789
449.089
348.761
606.514
607.194
265.964
228.771
605.885
595.005
606.858
605.261
606.708
329.765
212.024
393.139
243.886
605.81
221.883
307.19
367.302
606.354
336.694
402.248
606.556
373.51
372.078
243.275
512.829
610.729
380.496
603.071
529.618
605.284
501.865
307.769
603.394
407.695
508.215
606.155
576.5
501.811
479.038
606.753
401.755
606.339
161.039
533.544
602.475
607.786
305.223
499.094
540.69
140.128
288.298
492.612
477.447
199.931
606.292
606.734
605.973
605.767
605.373
607.287
298.367
475.494
606.638
606.291
418.455
451.14
489.207
606.523
606.356
605.937
273.881
392.629
301.452
489.413
271.414
221.964
534.697
275.418
512.202
443.524
602.005
262.314
557.02
510.207
605.806
391.044
604.343
606.236
310.761
606.714
479.057
606.545
606.246
459.386
606.213
552.139
606.524
572.452
606.12
509.446
519.882
606.702
606.651
605.953
464.198
606.894
586.741
164.393
605.926
606.703
606.351
451.006
378.048
528.157
533.05
601.384
515.53
450.28
606.103
451.981
606.305
467.537
563.438
277.75
283.785
606.262
463.457
606.204
276.704
606.612
602.929
606.991
609.294
249.114
557.138
606.546
605.602
579.849
534.977
605.134
607.418
412.548
393.147
432.148
606.99
438.817
260.903
557.999
606.321
462.736
509.428
606.473
601.895
606.457
199.221
578.834
607.871
605.956
606.342
606.67
486.022
607.011
458.071
401.742
606.845
375.349
301.003
605.515
606.312
137.693
586.623
240.201
606.245
605.534
606.215
509.883
606.274
605.985
607.206
605.209
542.732
470.124
606.25
605.929
419.365
235.767
606.493
518.561
606.513
606.662
606.452
595.218
587.556
418.108
606.861
606.34
606.515
606.33
436.773
404.564
546.968
605.31
606.343
606.307
553.206
515.283
606.507
587.481
316.941
606.587
606.844
210.842
684.793
606.428
599.47
605.261
301.932
606.081
345.754
606.459
565.188
562.062
606.522
183.734
352.152
349.963
193.657
574.458
606.308
605.015
603.763
606.681
590.014
606.743
607.378
349.997
368.194
606.204
606.072
606.253
605.711
510.592
280.538
329.255
606.77
606.81
447.957
607.35
501.061
605.043
606.865
588.207
606.623
399.054
606.531
606.4
606.222
608.669
353.706
285.386
606.609
531.411
605.888
522.599
606.03
421.824
464.961
606.926
606.678
175.771
589.471
265.186
606.455
515.125
605.825
608.156
606.056
607.651
605.845
516.024
605.902
337.991
464.803
586.142
508.153
246.526
555.188
606.167
606.105
97.4103
572.131
179.775
378.049
254.433
606.659
605.783
606.445
274.661
602.085
613.851
606.055
602.57
504.52
426.834
591.078
529.121
602.71
272.476
548.001
606.621
602.461
606.437
563.87
606.507
466.936
238.114
545.734
572.428
432.965
393.991
468.521
605.619
606.589
273.484
477.871
583.156
606.326
586.309
179.594
591.806
603.5
321.029
102.597
543.051
606.22
402.387
607.144
352.844
606.105
463.075
267.439
480.266
448.238
448.784
248.702
496.857
240.101
594.288
302.433
606.121
178.35
484.309
434.893
91.5947
486.024
221.057
375.53
606.698
605.534
415.673
606.531
237.738
607.392
606.497
451.071
567.313
276.648
603.522
367.674
605.636
603.786
606.328
449.45
530.318
427.58
339.984
579.992
405.852
401.686
105.77
487.236
606.074
475.017
606.693
606.327
67.1707
605.195
606.39
392.231
537.382
249.223
352.123
606.407
605.908
603.66
474.524
606.228
606.214
602.534
395.233
606.012
607.677
606.26
142.214
535.971
606.617
606.365
534.65
541.804
264.877
593.299
426.957
606.732
354.055
558.096
159.654
379.915
606.884
606.219
605.96
202.737
279.411
324.084
605.85
606.816
332.877
493.659
594.465
605.842
606.641
545.749
479.893
606.312
509.967
421.919
466.149
605.14
294.238
571.448
606.575
129.498
607.225
353.057
256.259
606.395
605.778
474.958
295.237
545.256
606.331
472.195
304.079
425.671
457.85
451.777
479.168
606.891
562.033
606.863
606.189
230.614
596.068
606.773
575.398
275.319
351.186
605.968
199.03
591.321
606.443
489.375
606.517
606.575
258.741
607.222
446.957
607.549
606.48
606.392
607.093
575.136
164.669
547.008
606.016
606.14
608.246
367.551
606.163
177.988
605.256
601.555
606.707
606.404
606.693
607.042
606.188
614.891
595.643
462.975
606.464
413.229
200.2
594.636
515.675
584.659
354.525
224.269
269.665
606.853
466.457
606.461
171.358
606.16
606.84
574.887
606.049
161.105
509.76
604.439
265.816
605.203
606.5
160.726
607.353
526.892
84.9816
491.396
606.233
332.829
197.683
606.082
560.13
613.52
608.008
433.3
534.115
594.425
599.285
395.094
605.984
472.844
595.804
275.161
606.387
606.566
265.795
607.008
322.652
606.906
606.588
386.09
606.229
538.162
606.47
606.697
606.154
606.191
33.9671
126.376
604.941
601.125
606.64
202.499
152.155
569.498
602.613
397.305
517.092
527.645
605.915
606.374
606.464
449.783
494.311
606.978
101.961
606.482
570.135
556.677
564.224
605.417
370.689
606.398
462.29
304.772
606.828
559.547
302.252
605.913
604.216
606.556
606.386
445.199
605.872
269.347
535.006
545.395
606.479
598.855
491.678
606.328
606.452
586.036
605.518
606.096
491.35
428.025
606.188
460.472
351.499
357.453
515.514
606.164
285.136
245.224
606.454
359.249
162.027
606.115
606.608
605.898
583.14
403.984
325.565
295.142
596.019
402.402
371.613
606.334
308.851
453.394
607.951
606.47
607.258
601.194
606.527
606.628
606.028
606.614
606.215
600.979
429.08
605.679
605.805
481.523
606.747
466.505
531.615
251.823
592.718
460.035
606.21
605.861
589.979
606.108
278.158
614.336
379.119
606.208
607.148
606.413
606.446
535.854
605.579
606.46
564.272
233.925
604.89
606.687
76.4633
606.892
495.132
540.116
449.903
406.044
542.843
605.591
262.055
298.05
534.492
602.297
606.788
605.976
579.291
302.685
450.359
135.874
606.736
461.161
606.466
80.8865
434.253
606.782
604.367
606.29
606.37
606.283
529.241
438.578
562.114
555.827
607.271
411.992
312.329
290.034
606.005
594.944
301.531
449.083
307.148
557.559
606.359
606.932
426.487
605.869
606.278
607.076
106.423
350.166
607.32
347.936
508.876
424.775
96.2872
383.275
605.358
606.225
183.094
568.296
590.226
605.953
536.538
513.444
150.911
606.446
605.645
339.933
606.504
607.449
358.694
448.268
606.36
272.813
238.786
605.642
190.759
606.36
606.576
606.002
603.508
606.688
606.912
606.328
588.382
606.436
336.093
344.87
618.082
143.418
537.694
389.454
605.992
605.87
456.371
606.229
603.482
502.573
606.897
606.28
606.483
584.286
598.801
456.666
606.532
606.383
200.666
191.731
423.154
606.197
449.315
362.472
534.873
364.105
512.295
606.094
606.338
606.487
388.272
587.332
486.648
606.193
248.161
606.358
480.247
606.091
579.519
510.017
604.727
334.414
412.754
85.5014
467.788
470.298
606.927
368.191
525.51
589.167
518.613
530.204
372.387
606.383
265.229
491.36
606.441
419.908
601.739
606.848
554.259
137.837
400.129
583.243
607.649
528.708
470.989
606.639
606.518
587.664
149.132
390.903
606.35
275.218
378.834
606.48
295.122
607.121
546.729
606.506
606.325
606.036
340.254
436.62
590.557
591.644
280.565
478.965
137.486
606.427
348.977
438.54
399.694
111.157
606.529
407.401
619.44
606.965
452.377
312.459
521.896
583.957
309.993
606.162
606.259
289.262
466.316
440.77
396.803
606.68
484.167
559.388
605.62
525.264
596.451
217.468
209.421
73.4614
605.864
592.161
242.588
607.076
168.453
229.611
524.638
360.405
82.2184
605.627
608.642
379.533
606.015
273.393
489.014
555.095
552.774
294.674
606.488
536.598
555.971
270.989
577.42
606.259
291.601
143.582
603.723
606.205
593.779
545.076
528.901
590.146
606.273
606.366
175.215
596.847
596.018
606.936
197.129
238.159
543.028
487.946
608.888
314.424
590.588
605.848
605.911
224.931
602.063
605.976
173.37
535.83
360.724
606.312
295.314
605.997
230.606
606.418
606.609
512.419
606.101
606.461
590.728
335.78
606.256
401.083
485.027
308.273
298.915
500.125
377.276
607.746
329.06
347.289
416.957
251.034
607.334
606.327
539.717
382.74
295.982
606.25
606.695
520.492
605.899
605.905
516.375
606.301
606.645
448.684
453.907
606.876
213.025
517.655
606.712
360.434
254.829
253.357
605.925
536.156
606.868
491.867
335.495
430.857
607.785
606.306
419.026
530.597
597.813
134.454
534.404
608.491
588.661
329.305
605.908
606.547
602.42
606.043
606.261
606.687
606.834
570.694
381.876
565.611
443.98
396.209
487.155
501.698
606.718
606.348
584.83
500.406
603.745
477.932
358.189
607.122
352.329
606.232
605.817
487.74
271.916
158.77
534.821
572.834
283.862
307.468
266.223
606.712
606.215
419.596
139.106
605.979
308.969
606.911
606.823
606.888
481.917
605.9
255.234
564.137
606.694
606.022
605.915
542.296
606.479
537.66
448.858
293.689
405.043
126.497
611.413
267.469
271.335
118.026
607.028
606.549
551.022
238.116
607.166
162.201
385.392
606.736
375.049
605.79
606.779
331.383
605.23
525.62
493.355
242.166
282.952
606.3
606.937
606.346
337.801
606.347
606.583
608.862
282.987
606.914
605.387
607.229
606.07
607.892
526.935
291.657
605.706
350.027
606.075
516.259
228.971
388.816
606.633
606.102
606.95
605.195
458.516
221.785
441.332
261.83
602.448
206.138
606.761
607.316
599.401
429.878
334.313
265.315
610.414
160.793
577.777
607.247
607.362
220.98
577.526
606.649
605.995
359.088
606.797
605.893
606.143
602.502
308.763
606.125
451.116
208.477
605.6
375.941
436.928
436.479
607.987
236.217
461.462
451.199
488.869
580.97
591.183
606.168
253.909
575.274
571.92
480.916
386.066
606.694
511.936
458.677
230.507
607.219
564.208
606.565
460.551
249.623
606.276
499.509
532.075
606.646
607.967
605.76
606.825
597.805
606.31
606.691
605.926
56.3622
607.403
247.628
293.235
279.591
606.116
508.868
606.071
605.489
606.312
224.068
89.5672
606.425
276.215
508.246
454.473
606.494
333.659
606.055
523.575
499.592
606.647
501.57
604.163
606.314
606.537
573.566
318.746
607.196
516.553
603.141
34.1777
607.067
413.393
571.455
500.22
606.682
606.097
476.345
503.566
606.552
479.73
605.841
606.247
133.254
606.518
605.994
230.032
607.396
606.378
606.3
608.783
257.237
448.915
603.138
454.594
466.368
393.43
87.0669
387.931
483.178
606.236
599.965
359.284
605.964
96.4858
86.2888
606.715
606.388
606.563
606.415
606.586
350.136
185.003
479.311
434.629
572.604
430.833
378.552
604.487
458.526
606.427
422.137
212.618
606.679
607.729
204.685
486.152
606.291
503.206
606.368
605.903
606.406
508.504
494.137
316.624
597.684
606.68
606.459
535.241
606.474
606.519
597.292
115.331
307.701
543.551
605.367
312.79
413.222
307.16
506.864
601.566
606.785
606.851
562.901
410.407
463.544
184.846
388.309
605.556
254.797
243.827
606.177
607.039
575.197
606.629
558.765
606.187
605.647
611.639
609.007
361.112
606.412
524.112
606.619
606.328
476.799
606.337
547.315
606.351
525.449
605.917
449.616
606.365
605.839
575.77
606.883
608.705
605.742
139.494
525.11
606.07
606.126
583.727
606.16
267.23
606.482
586.947
605.679
329.674
605.684
548.919
586.625
435.436
487.53
147.417
606.326
358.98
512.349
487.24
565.953
522.657
327.505
606.716
453.098
606.36
606.104
146.68
607.684
312.132
230.315
345.672
414.116
212.176
107.543
569.428
321.938
606.017
597.936
606.522
605.987
310.338
605.716
293.472
606.359
358.825
148.577
409.136
568.092
248.998
606.485
606.275
260.099
600.792
486.991
386.292
558.908
256.174
272.684
606.567
609.99
293.184
510.34
601.171
434.892
583.567
413.575
607.996
606.583
606.268
374.682
301.858
606.351
607.904
350.094
606.903
610.295
492.508
369.928
606.525
606.26
312.605
318.716
600.988
606.289
227.808
561.612
601.63
325.393
379.756
606.451
586.8
606.204
601.718
576.785
104.054
606.654
571.405
605.836
119.44
516.23
176.879
301.349
472.58
281.986
546.184
606.747
135.561
444.421
402.189
482.662
577.675
606.636
334.863
571.737
185.351
605.698
606.453
556.474
606.545
488.23
605.655
338.045
50.4527
428.178
259.8
415.438
563.031
606.447
433.616
603.347
248.336
606.756
249.712
606.806
606.251
392.699
606.212
606.468
605.874
606.444
282.352
294.298
606.155
136.021
605.069
606.301
536.001
606.389
302.878
291.95
326.238
606.683
302.189
592.839
606.561
604.235
474.186
376.151
478.014
318.892
335.058
478.219
606.477
605.86
471.361
579.821
606.092
606.347
523.115
554.865
210.798
303.595
200.338
490.672
250.061
606.626
606.718
606.286
606.99
608.006
380.479
259.929
264.037
606.772
603.023
336.804
479.965
606.141
605.667
308.641
359.246
528.452
606.415
197.646
180.11
606.889
599.571
606.375
309.182
82.7336
607.104
606.39
263.138
605.909
338.517
595.069
44.3387
606.442
135.015
555.044
606.302
578.737
397.929
605.017
591.552
606.253
440.333
518.881
267.22
569.507
264.524
381.588
198.823
427.427
584.725
605.812
607.533
606.755
606.101
445.665
605.469
569.116
170.259
606.537
600.911
445.654
367.938
376.067
410.086
606.511
331.77
498.866
606.124
388.361
600.437
593.831
606.95
555.14
605.535
290.197
606.43
483.827
607.177
603.027
386.725
328.096
479.692
362.645
564.308
606.275
606.336
606.422
605.889
325.01
169.417
599.778
515.634
310.86
552.837
606.021
301.838
442.246
606.21
446.743
607.281
606.526
351.854
606.291
278.23
606.21
505.689
449.52
601.423
336.529
498.586
388.978
607.12
607.138
451.361
606.45
606.276
606.288
253.796
386.105
607.376
605.316
607.353
416.719
606.765
606.57
566.041
516.09
605.977
110.457
224.743
135.637
607.018
606.454
553.079
215.189
608.441
308.267
605.871
299.293
264.31
495.207
605.518
281.85
606.547
162.188
419.783
670.239
606.096
606.294
513.19
390.372
605.851
356.05
228.231
606.125
141.111
605.961
523.168
537.177
567.504
550.421
392.46
606.478
606.132
606.384
606.442
505.785
164.003
364.207
308.041
557.801
605.936
447.54
118.411
606.612
605.625
606.645
411.037
573.433
579.595
583.856
606.292
480.483
607.054
606.196
424.921
186.516
269.144
536.34
346.046
605.087
606.793
418.61
552.956
605.907
141.541
360.764
606.327
530.792
606.148
467.862
606.541
606.291
479.281
607.082
602.266
595.064
563.18
606.039
606.981
222.027
606.34
605.321
606.376
556.782
606.049
319.148
606.46
330.576
302.751
560.784
494.253
606.094
606.261
605.225
401.817
241.892
495.449
607.2
606.537
605.855
606.614
574.029
514.706
587.019
606.695
606.266
605.767
606.412
107.516
607.144
254.163
606.108
394.241
87.5097
583.957
577.028
314.225
606.657
124.271
301.288
453.807
406.121
182.747
606.046
389.929
544.956
221.948
209.001
606.139
606.313
56.954
606.256
603.69
295.026
606.797
606.855
593.109
605.437
606.374
225.716
607.834
606.775
605.93
342.206
402.024
607.053
606.337
564.319
579.066
606.272
401.038
603.966
557.943
606.136
351.422
553.355
216.783
105.976
428.68
606.699
606.722
595.526
605.634
606.929
606.253
605.606
318.182
143.906
528.422
605.768
605.789
593.096
605.91
542.166
606.324
236.19
606.44
607.021
606.937
174.14
520.946
607.142
605.81
454.989
458.88
293.553
529.182
200.869
606.729
113.83
49.4902
606.041
606.526
608.807
606.68
568.489
95.6438
406.749
477.941
606.063
303.05
320.794
466.609
606.293
605.393
605.567
348.843
604.255
558.669
227.513
605.651
606.158
606.063
411.438
374.289
566.336
344.509
388.464
153.271
247.956
477.154
608.248
606.706
606.261
326.117
472.837
208.681
585.436
550.534
394.352
606.607
537.374
346.788
117.592
602.918
606.26
318.571
605.739
606.16
466.075
384.852
606.009
419.342
606.611
605.971
605.01
545.3
364.092
313.417
606.355
606.258
220.157
606.552
532.725
462.799
160.536
605.882
221.951
606.703
606.021
606.667
587.639
35.6614
606.662
418.698
285.6
606.658
151.538
606.566
439.459
601.257
299.992
552.33
606.492
560.514
606.7
534.552
554.97
599.101
607.078
606.326
607.884
606.024
607.43
327.511
470.921
524.891
606.126
607.3
606.384
211.571
605.763
607.523
336.216
402.053
520.818
503.233
606.629
606.789
532.514
606.551
118.984
345.633
606.484
606.224
577.845
477.735
281.142
606.562
158.921
596.375
239.138
209.905
487.915
604.99
605.798
491.306
606.729
606.35
606.76
391.471
606.346
236.05
605.943
606.362
332.862
611.464
603.963
606.347
383.144
123.061
605.443
150.553
249.445
444.074
434.054
288.314
600.961
580.492
382.656
259.968
606.499
252.982
606.346
378.741
452.982
426.041
606.033
605.783
451.172
228.056
606.906
606.118
606.962
354.046
519.568
606.219
605.456
433.508
606.436
606.463
606.868
380.994
606.612
140.742
356.543
606.396
225.231
196.461
537.348
578.252
606.224
606.398
606.796
558.3
606.293
254.647
606.524
612.23
380.593
606.672
605.764
606.567
589.046
590.117
606.506
553.09
607.862
159.28
606.431
213.606
602.689
608.074
607.061
597.15
569.398
426.165
225.932
606.255
418.914
606.028
606.765
605.478
491.968
606.313
606.567
606.731
544.717
606.561
433.206
606.051
605.946
606.249
552.138
289.803
597.372
510.387
312.108
606.488
604.157
606.061
597.411
346.667
394.805
606.609
503.981
454.15
606.013
607.108
399.573
605.611
606.893
605.379
605.039
606.345
424.848
638.01
510.37
606.518
606.704
439.69
263.616
605.501
605.758
606.524
297.747
600.213
606.776
605.727
412.451
604.821
281.685
606.648
606.611
94.7347
606.942
590.706
243.543
446.826
177.708
606.75
606.115
209.876
393.225
434.608
271.948
608.603
348.733
534.403
204.269
604.733
181.469
606.767
511.885
605.74
606.747
606.069
345.04
606.835
477.059
606.671
429.482
606.809
606.524
605.965
471.886
67.3261
573.031
562.195
550.861
606.177
589.594
201.467
560.036
346.633
167.901
304.655
546.195
606.659
606.556
602.337
317.202
462.449
231.817
460.199
605.954
574.726
435.245
511.492
477.117
246.207
426.602
489.865
606.838
607.789
537.664
355.384
389.636
443.051
321.262
606.547
606.518
606.037
613.36
338.098
467.819
606.298
538.298
606.305
606.295
606.383
606.288
615.76
485.553
605.93
576.727
559.185
605.96
606.234
606.216
606.502
200.496
606.146
553.248
606.309
219.307
575.173
357.413
549.188
428.151
608.487
606.639
276.373
606.464
607.657
607.604
606.238
605.379
606.537
606.615
605.941
219.769
606.491
281.425
560.485
521.714
377.279
606.538
606.121
607.18
579.531
570.14
604.597
606.857
595.193
368.86
606.467
607.25
229.387
607.098
605.997
557.48
605.699
301.711
107.453
423.253
596.067
554.778
605.988
476.568
606.526
605.537
565.502
156.499
607.049
411.012
587.03
606.109
458.714
525.733
606.264
605.838
451.119
603.046
121.156
397.332
384.164
379.201
80.4453
366.789
606.17
606.664
605.679
281.328
605.62
107.391
607.031
274.974
507.793
205.741
606.266
606.367
605.507
500.731
606.479
268.447
606.785
608.703
606.539
526.487
606.495
606.471
360.102
602.055
269.168
606.075
606.638
333.317
606.223
227.797
606.26
254.8
467.887
297.412
606.743
606.602
605.965
606.278
556.048
190.964
606.657
287.924
414.679
524.842
520.352
606.559
606.338
319.529
204.098
569.252
606.281
606.487
486.192
604.582
606.647
606.45
606.377
606
606.181
457.686
606.62
72.5569
561.494
605.418
230.899
433.695
408.469
606.252
175.471
516.984
306.731
606.73
306.672
606.687
606.186
365.268
606.515
438.356
606.142
389.691
606.257
398.103
606.555
340.035
606.581
606.558
500.263
606.775
484.676
149.688
249.142
605.959
486.449
608.286
372.123
606.132
598.854
362.654
486.661
589.703
606.722
576.383
605.36
493.858
453.904
327.987
605.499
606.641
606.08
194.61
485.079
604.995
353.163
588.044
606.647
603.012
483.406
460.393
363.52
606.579
448.862
573.492
605.934
402.65
606.144
605.829
144.036
103.904
451.738
577.117
576.988
606.757
459.804
511.324
537.881
606.657
607.238
606.987
606.673
464.373
269.204
464.212
606.523
606.619
606.794
606.413
521.923
196.932
371.509
606.528
603.47
376.102
440.134
605.685
606.967
604.532
401.755
581.168
566.314
169.365
178.835
606.23
607.254
194.886
195.197
606.331
243.681
606.074
606.432
506.379
606.4
606.099
605.426
606.318
524.132
422.863
606.613
172.824
604.182
606.986
503.726
607.211
606.362
445.068
517.057
235.877
554.074
605.609
606.534
606.85
207.527
153.062
470.808
489.884
231.996
605.884
605.452
606.639
516.657
245.118
596.585
580.003
607.157
600.092
606.276
164.659
266.544
177.485
541.002
606.96
561.23
584.617
605.418
606.363
480.327
272.962
54.7123
605.702
606.176
579.88
606.424
395.86
605.866
605.819
605.85
606.486
497.464
606.655
606.423
606.768
606.795
594.089
292.7
590.546
606.346
598.72
358.676
537.103
606.524
526.096
363.553
312.567
365.432
606.248
532.845
606.165
299.741
351.866
162.508
606.283
569.018
606.488
605.727
606.326
337.539
505.098
127.502
573.596
511.153
465.42
203.745
311.696
606.363
185.971
606.115
521.426
401.844
241.308
606.86
606.622
391.297
298.397
606.153
541.405
606.191
606.638
606.75
606.517
455.847
605.586
483.078
606.491
606.511
219.444
493.862
393.24
201.669
605.921
317.001
576.088
97.5697
606.304
606.631
545.856
606.269
99.0939
528.555
479.406
606.063
457.707
262.252
604.505
250.623
606.604
540.547
542.252
605.797
283.084
250.441
574.824
606.49
606.529
612.157
117.238
606.898
606.683
607.148
602.692
509.566
566.339
606.413
341.026
601.322
487.218
263.154
458.501
498.145
459.387
606.683
606.112
65.1677
589.76
388.156
605.973
308.819
229.743
307.383
578.384
606.56
569.61
596.926
548.129
156.505
541.717
605.479
606.764
606.433
475.95
606.928
306.644
227.636
448.145
596.978
605.881
383.173
299.509
606.76
60.3216
576.916
606.243
606.484
459.811
447.863
605.98
604.987
606.628
594.152
605.853
330.524
607.369
606.354
606.847
605.588
606.402
606.338
606.294
423.262
606.017
394.382
568.489
385.634
605.441
591.654
185.488
606.302
606.498
607.019
247.633
441.375
606.677
248.723
320.707
606.374
607.323
605.542
354.178
605.517
584.884
600.892
605.6
606.692
606.166
606.717
591.639
606.506
606.232
237.995
605.085
385.516
374.875
606.432
606.78
606.395
606.458
606.243
606.64
196.186
500.414
582.726
563.017
606.955
605.651
352.479
606.498
606.079
557.236
395.368
606.079
461.003
563.371
100.081
479.996
396.458
606.097
479.261
411.695
577.21
254.288
604.82
606.222
372.272
249.567
506.758
606.277
105.86
438.083
606.159
394.326
597.202
235.368
290.861
606.053
330.482
607.06
388.226
498.134
606.731
424.511
125.425
606.296
606.99
606.627
220.893
558.414
314.677
283.387
475.551
606.679
580.889
247.887
606.175
248.998
606.072
548.309
606.878
605.621
362.431
539.452
606.623
605.856
607.21
609.744
606.391
259.337
606.737
367.851
536.603
548.227
382.162
606.384
606.271
408.979
606.083
489.133
285.371
327.009
606.383
606.642
488.743
501.648
268.693
418.349
606.143
606.234
606.794
585.041
567.383
78.8023
606.11
606.857
580.833
232.748
389.052
428.923
606.855
450.758
606.712
469.852
486.803
606.947
596.686
483.266
557.047
494.687
597.906
606.679
222.891
314.065
473.017
605.715
139.21
606.896
606.369
605.672
453.887
606.615
356.842
185.933
373.722
419.233
76.9545
228.774
350.163
495.519
176.389
602.09
606.299
542.076
607.419
108.302
606.926
530.88
545.856
606.465
482.043
605.966
605.824
404.654
311.49
148.251
607.428
606.401
440.583
605.426
606.513
489.697
606.429
284.165
376.145
509.511
598.741
606.822
606.25
273.454
606.796
606.406
484.846
312.08
381.972
606.031
373.973
606.306
607.522
605.636
606.299
198.431
605.622
606.189
608.507
506.645
302.214
606.755
462.889
206.89
483.462
408.749
605.711
112.353
170.2
606.238
607.226
605.185
285.512
606.97
551.463
606.383
606.737
520.85
605.775
543.49
607.026
596.747
606.202
606.543
516.4
606.382
606.651
479.338
334.588
606.165
607.725
446.889
321.713
437.976
606.179
606.593
576.988
95.418
606.994
158.902
121.937
344.693
344.748
152.03
559.288
473.555
196.877
607.005
607.341
407.602
606.277
85.7976
335.75
461.644
594.664
314.466
606.133
542.622
608.285
609.904
606.633
606.826
605.532
606.724
393.801
375.156
605.82
514.923
598.656
605.696
413.38
295.716
610.423
318.707
361.396
606.472
407.715
186.581
537.797
250.382
606.27
281.34
456.632
555.371
605.675
235.228
344.835
465.854
606.44
304.759
542.155
585.769
472.441
606.241
606.088
255.389
605.948
234.873
546.146
524.627
255.547
606.113
433.231
606.286
533.834
513.018
536.36
537.255
606.509
606.752
509.051
279.021
607.643
422.5
605.973
173.516
537.535
402.468
148.385
606.589
606.31
606.673
530.935
606.581
606.415
606.743
606.037
325.593
571.001
345.839
321.04
284.684
554.178
606.281
588.3
482.126
606.505
600.025
310.71
502.669
606.278
546.39
260.044
337.862
605.811
451.763
606.809
605.749
606.267
521.289
558.936
606.701
180.054
8.06202
131.421
488.674
606.287
606.622
490.582
170.657
606.28
607.356
606.509
374.073
606.034
605.924
547.534
372.921
606.799
606.134
606.169
606.108
606.542
605.715
543.565
653.808
572.575
419.088
231.57
483.48
374.174
606.143
243.498
357.933
606.834
606.113
599.093
606.369
382.665
605.341
106.616
341.841
416.93
606.463
185.695
606.627
569.388
606.449
606.304
459.782
606.895
606.1
606.397
607.384
314.452
360.11
346.842
392.764
606.16
110.358
353.423
606.389
136.648
606.786
416.124
607.653
606.197
276.077
581.331
393.757
547.134
606.624
606.605
333.525
605.741
605.825
605.921
414.664
174.179
606.83
446.398
522.853
329.603
605.365
606.931
218.63
541.792
606.758
450.515
599.91
150.424
231.338
508.35
606.391
606.455
606.267
558.023
606.413
417.372
453.408
606.435
310.68
606.453
607.57
550.159
602.71
606.54
606.007
571.652
402.117
277.19
515.519
472.662
498.726
606.377
606.266
542.172
483.751
605.643
486.192
507.161
426.763
576.071
427.27
565.241
606.726
399.509
461.295
606.955
606.789
606.322
606.279
282.885
465.527
606.083
290.238
411.329
606.261
605.011
594.931
605.733
570.506
606.498
449.012
390.37
308.879
584.204
434.339
422.247
599.025
327
579.07
267.451
606.519
337.59
532.583
606.385
320.378
499.805
436.108
506.509
606.281
609.258
606.378
502.826
356.361
605.959
606.892
545.977
356.361
302.924
605.925
119.286
308.668
606.526
476.111
606.652
606.355
605.934
607.268
606.98
571.68
606.801
605.927
326.459
384.35
587.702
472.642
604.398
606.459
249.182
479.102
372.529
345.478
568.415
605.619
419.724
605.354
184.975
606.452
374.058
305.166
606.681
606.18
124.61
606.756
428.207
348.384
605.695
606.678
606.841
71.9478
606.203
606.429
592.343
606.417
606.022
506.419
607.062
606.379
605.712
609.849
280.524
246.687
606.065
558.276
569.811
455.722
606.234
605.469
376.265
606.146
237.239
447.074
71.2834
420.567
543.469
606.753
525.915
460.852
606.674
531.386
386.82
607.781
606.258
129.327
289.206
606.005
606.704
605.659
602.064
606.308
467.337
606.144
607.352
325.755
192.639
415.608
606.725
512.053
296
484.293
174.342
606.381
607.857
489.804
488.261
550.222
444.538
424.012
606.484
299.718
136.067
606.899
607.917
341.216
606.296
95.8377
593.697
609.189
273.092
592.497
536.215
604.662
604.612
461.753
291.72
138.674
548.083
437.605
605.942
212.813
606.295
606.457
309.952
605.909
443.397
606.786
605.843
607.977
606.17
607.084
606.598
343.501
442.514
606.912
589.671
607.008
384.264
314.914
608.402
163.492
139.246
606.389
605.536
406.371
606.674
606.544
591.345
233.991
447.419
481.184
603.18
606.27
606.318
606.616
369.487
605.787
471.453
182.45
599.647
606.776
352.779
607.314
606.213
605.766
344.582
277.636
605.76
413.271
606.714
605.302
604.298
335.787
157.338
606.609
610.409
606.032
293.41
110.013
606.62
598.324
606.322
459.495
426.716
590.263
606.695
312.667
592.287
605.27
469.191
580.301
323.581
441.659
52.1835
602.836
590.07
603.359
443.856
606.252
432.245
606.542
606.669
349.588
285.836
606.194
606.42
464.26
606.294
508.641
63.4757
605.182
226.114
541.206
606.5
300.064
605.634
469.224
537.594
534.739
392.772
605.93
606.259
606.501
606.631
607.126
605.941
516.294
606.293
605.725
461.856
606.301
606.555
606.386
606.316
154.618
606.757
606.456
220.245
606.231
606.437
507.885
571.952
406.209
459.942
494.318
470.079
381.008
606.457
606.333
606.554
323.436
219.888
491.89
468.077
606.29
549.435
387.715
605.654
606.699
606.524
520.456
510.159
394.566
527.11
563.666
589.655
168.059
126.323
605.999
605.858
549.812
515.979
606.064
606.663
602.58
605.087
606.358
496.815
346.875
606.273
605.917
534.836
606.418
251.97
606.435
429.243
428.83
293.656
606.976
415.031
270.845
606.526
551.57
606.269
593.088
172.23
606.069
608.487
606.472
606.258
517.826
606.465
560.862
590.208
397.345
565.876
606.385
185.31
605.764
351.243
605.638
606.541
604.364
331.265
327.807
586.2
135.988
116.408
606.675
606.742
580.946
506.672
606.762
341.152
272.729
461.687
469.145
606.242
605.528
604.945
450.592
564.902
605.615
606.318
549.026
422.097
606.442
353.981
359.315
562.753
606.536
606.39
606.279
546.971
575.263
607.369
581.972
173.4
605.892
384.564
606.296
244.676
606.313
490.327
605.596
350.011
232.682
397.747
277.744
117.128
339.217
606.966
606.265
559.004
606.825
606.332
574.179
544.764
606.345
393.861
356.458
479.608
596.206
403.675
247.275
606.144
594.582
606.944
607.365
606.011
503.646
191.399
494.782
115.644
593.098
605.611
606.549
605.123
556.97
606.024
606.356
607.057
606.598
606.326
518.542
606.427
243.92
166.262
606.28
417.893
606.815
118.13
605.637
340.843
606.545
350.483
606.168
606.131
543.875
603.533
447.63
534.653
235.362
633.817
266.113
607.42
606.406
335.483
606.247
606.264
606.833
607.158
606.35
606.429
349.204
541.183
606.535
421.506
47.331
606.773
557.172
606.366
606.682
434.575
605.358
371.109
606.047
319.931
351.295
603.13
606.773
334.413
494.015
423.916
445.808
606.627
483.292
179.479
536.883
587.451
606.185
606.218
91.6366
408.894
445.651
596.224
489.692
163.497
604.914
389.536
441.043
557.091
605.804
117.731
459.62
458.449
605.607
606.216
606.614
603.646
606.732
543.184
354.083
606.523
376.873
602.196
444.522
316.138
606.335
606.991
367.598
430.695
606.952
556.597
606.031
606.298
404.584
605.662
596.976
438.154
303.433
359.769
606.971
482.407
176.825
539.982
606.695
598.316
349.657
590.752
393.379
607.006
412.647
607.432
605.468
606.092
410.145
602.874
604.234
606.322
511.839
527.76
188.161
606.663
344.061
294.637
606.629
533.75
264.807
608.637
580.422
606.58
299.096
607.417
530.684
606.515
419.877
605.819
536.734
605.108
526.187
182.535
536.192
300.441
343.705
606.04
606.828
524.574
606.809
521.587
244.822
606.994
606.719
606.601
606.224
387.013
606.542
287.586
443.29
248.87
585.003
605.297
605.142
582.087
216.506
294.253
606.381
360.167
364.656
143.537
605.876
606.883
367.393
606.422
549.555
451.588
606.279
337.318
357.233
530.058
606.115
607.649
605.507
606.607
275.368
605.966
236.036
88.5433
501.519
605.628
583.697
603.092
371.147
542.774
407.95
113.13
245.747
607.232
606.941
606.705
606.565
605.584
606.897
606.438
606.667
425.481
60.266
540.857
359.07
413.911
578.873
280.408
493.186
606.832
606.367
605.778
606.894
393.223
594.95
212.6
211.444
605.594
187.777
170.398
389.354
605.568
605.849
606.262
355.879
606.344
184.007
573.8
483.72
606.64
276.334
579.715
541.589
605.99
606.142
606.221
446.718
313.651
605.84
533.124
241.922
345.895
606.525
254.714
116.177
408.359
391.049
502.207
520.299
606.851
606.743
428.853
309.508
181.794
586.938
607.191
574.201
606.844
605.427
520.816
185.665
498.287
292.421
292.777
606.372
361.128
224.885
341.039
606.129
330.961
458.93
606.825
606.248
606.625
492.986
606.185
568.336
309.206
577.267
437.54
606.082
315.94
490.047
606.591
110.235
549.724
444.872
568.949
606.494
606.775
268.614
488.235
116.095
606.717
606.568
537.06
451.702
606.29
605.884
575.355
465.135
607.333
606.429
397.18
606.224
356
606.141
236.798
606.791
225.605
483.127
462.131
117.733
463.626
346.95
605.363
606.28
461.424
593.823
327.652
606.396
167.433
606.452
606.393
606.031
605.774
491.116
239.96
606.65
607.117
603.54
606.867
604.53
597.425
606.451
494.491
432.299
606.154
512.535
538.034
606.248
606.476
514.418
491.124
606.133
549.62
605.515
606.678
609.476
396.118
472.888
606.24
606.56
243.191
457.199
582.874
607.143
581.658
405.143
154.886
548.048
254.452
372.518
605.745
606.267
606.623
514.073
606.542
606.942
333.983
536.266
234.772
605.883
604.9
605.722
606.303
355.297
449.427
606.439
604.745
303.127
386.406
405.867
539.644
506.253
380.701
606.378
402.338
428.745
229.827
560.692
594.703
307.249
606.258
607.958
606.189
606.32
262.374
599.866
605.713
483.937
302.939
518.667
555.487
605.839
602.254
571.513
181.201
593.271
606.805
538.736
552.021
606.646
217.82
606.318
581.775
605.916
606.898
537.155
605.361
605.991
294.25
518.731
566.075
327.065
413.292
593.374
403.483
558.963
606.766
606.143
478.062
327.973
350.017
605.626
605.766
606.275
605.062
605.905
606.043
259.1
259.851
605.75
247.832
477.262
606.215
516.691
606.628
486.383
349.484
595.32
472.993
607.153
605.295
606.302
606.334
341.238
434.724
571.731
606.822
606.368
524.927
606.073
510.615
245.648
437.974
601.469
378.779
606.634
606.671
606.684
606.411
602.685
251.763
524.273
321.839
606.014
271.272
581.619
606.423
597.611
215.426
426.099
605.834
605.752
169.937
584.391
605.855
439.974
606.709
491.439
605.979
608.341
606.721
88.6862
451.932
606.638
605.719
606.684
237.117
606.353
193.138
239.54
606.916
605.815
606.886
686.565
128.111
416.983
481.26
278.767
606.273
606.847
293.498
606.244
428.168
306.838
408.443
605.993
606.772
606.896
606.333
339.622
600.444
562.555
606.286
277.476
384.571
605.79
418.177
606.673
606.604
606.462
478.336
493.95
597.2
606.07
606.215
606.232
606.198
308.986
605.882
390.521
606.64
606.479
240.324
606.303
226.082
219.093
550.687
306.33
606.466
606.174
606.942
422.988
551.708
606.925
606.387
484.224
606.143
606.207
395.297
606.23
606.373
350.494
344.174
606.442
448.52
604.564
313.599
403.248
608.362
551.342
551.893
320.434
607.388
606.261
606.495
334.596
341.843
249.885
542.962
384.214
607.956
181.088
605.645
607.1
606.786
451.09
345.21
535.201
231.806
523.03
145.566
314.377
601.5
441.599
606.06
605.512
607.335
176.93
606.573
561.957
606.392
605.997
190.322
606.44
389.016
322.129
587.15
359.65
606.519
361.581
606.264
468.447
606.294
256.122
606.404
413.419
372.441
606.584
295.666
587.536
594.403
606.667
131.314
360.057
506.176
286.528
606.875
467.71
442.642
586.637
598.684
606.502
533.561
436.306
606.599
294.633
606.202
436.172
533.978
504.622
606.225
547.351
606.77
606.74
607.516
527.084
281.406
602.076
607.371
605.195
600.086
171.225
607.475
606.606
175.997
386.899
606.002
601.574
606.156
606.548
313.713
606.601
321.609
399.406
606.385
209.707
282.98
606.404
605.826
289.535
607.278
463.279
354.479
606.76
370.862
606.161
606.494
372.863
605.737
605.727
298.775
435.739
350.97
606.345
606.954
267.258
597.83
606.953
606.016
606.372
606.757
466.042
164.175
606.754
355.995
377.999
467.658
352.959
478.382
606.143
606.196
270.006
606.07
424.073
604.979
558.071
475.232
607.109
176.387
415.421
180.519
502.637
607.153
420.733
287.777
408.305
604.863
606.442
309.544
606.428
606.898
302.97
605.896
605.715
571.239
606.648
579.772
606.613
606.07
605.808
606.759
606.517
606.823
482.513
515.267
518.63
86.2349
606.683
606.471
605.995
229.418
606.18
606.736
275.048
386.418
583.106
333.491
606.596
467.888
606.181
454.083
264.047
575.791
606.507
606.525
522.121
604.204
606.596
321.735
586.89
450.176
151.197
419.942
550.216
560.457
606.158
542.694
593.416
507.215
314.578
483.846
503.251
606.685
550.318
384.822
424.76
606.54
237.776
553.855
535.419
606.561
480.432
604.768
606.283
606.837
425.669
514.285
606.379
183.156
505.27
466.277
606.632
197.177
606.561
606.298
159.32
618.42
460.76
410.064
377.082
606.086
605.83
606.859
509.361
607.241
606.013
584.425
607.137
606.945
536.01
606.023
544.459
395.114
538.776
445.526
340.836
606.291
606.354
521.998
433.593
606.345
606.277
605.577
151.772
285.877
606.142
607.987
606.631
290.035
385.42
606.52
606.104
601.948
605.455
341.022
607.187
606.756
425.317
334.695
601.113
606.967
523.255
607.973
606.97
606.559
343.396
606.489
176.72
605.034
608.632
354.58
598.023
606.497
584.624
492.748
209.2
451.634
523.093
471.084
606.789
484.825
607.184
292.847
241.065
250.745
172.396
431.633
449.369
295.719
606.38
297.494
606.37
605.457
392.538
553.693
354.379
606.412
605.839
606.479
606.518
605.854
145.379
605.472
580.397
371.118
267.452
269.59
456.914
604.46
169.201
457.306
605.812
606.095
606.27
606.582
606.388
604.264
606.354
606.271
606.609
606.806
166.453
364.805
606.53
600.52
179.494
410.696
541.729
331.526
464.024
296.542
537.807
310.83
605.29
541.044
605.762
66.1945
593.621
399.217
474.533
487.907
605.415
606.751
470.415
234.67
578.279
525.557
588.444
605.88
606.451
606.573
500.707
275.85
602.709
380.713
89.8361
588.37
275.203
600.252
524.135
397.597
457.289
606.804
607.317
496.988
606.064
510.028
606.113
344.863
607.931
426.244
535.876
600.666
160.175
570.248
606.663
606.312
606.224
606.796
607.175
255.227
606.551
606.589
526.847
488.664
344.693
605.802
560.904
434.746
385.859
384.071
605.22
410.85
190.785
606.012
515.454
578.769
201.691
295.304
445.083
606.925
482.57
484.651
247.807
607.212
552.253
605.943
606.414
252.212
606.172
605.716
590.085
447.587
594.998
604.541
590.965
516.196
177.54
605.868
371.248
311.3
376.978
390.738
606.004
476.431
309.176
574.497
391.057
596.259
521.575
219.642
606.733
237.959
115.589
398.402
577.117
539.409
606.821
606.806
606.688
605.848
397.907
605.493
392.627
198.97
607.026
606.119
223.985
600.31
605.387
606.021
294.681
462.815
601.681
606.405
478.551
606.48
492.579
564.586
312.814
399.986
331.036
609.393
120.986
618.868
607.083
606.52
534.638
606.808
393.891
578.312
604.419
431.647
422.711
606.647
606.482
606.278
151.757
464.372
317.681
547.746
606.271
554.455
606.582
380.096
351.903
606.558
463.738
405.445
269.91
585.859
574.854
606.866
533.548
606.842
228.973
297.165
347.614
606.194
498.862
606.166
529.116
606.11
559.435
606.604
606.54
165.427
541.246
488.392
606.354
293.573
407.839
494.867
586.322
207.373
278.145
340.281
529.396
607.169
569.68
491.016
243.892
606.094
606.128
606.522
605.548
606.445
606.448
282.22
243.911
606.749
548.06
607.567
602.406
67.3334
606.636
606.235
472.35
605.695
566.556
551.265
547.061
553.468
597.5
491.378
591.425
558.195
587.312
308.417
603.862
606.769
487.343
606.945
607.695
370.246
143.007
577.342
96.6662
607.07
484.269
496.283
607.409
606.105
570.021
466.033
38.1059
389.961
432.261
606.695
597.81
132.901
533.076
290.755
292.063
606.586
416.904
273.444
196.959
601.481
605.576
194.852
606.666
331.519
382.025
606.734
606.341
606.167
607.476
606.359
121.259
606.165
607.164
506.247
309.494
606.552
263.145
605.199
594.935
606.535
531.638
607.316
607.058
606.323
578.673
351.542
606.992
285.685
576.589
605.396
594.568
605.726
603.864
607.005
606.511
415.753
606.838
582.193
393.366
606.991
606.445
370.61
606.673
606.989
601.653
438.103
557.735
310.513
382.9
461.361
81.107
606.41
527.681
606.282
606.365
457.196
564.351
263.609
430.297
441.853
606.962
607.499
502.125
606.498
608.224
606.267
306.373
606.927
606.39
579.204
201.972
321.039
606.303
606.322
606.673
513.598
605.035
606.249
606.521
304.196
224.546
607.03
606.45
548.565
607.15
601.08
432.051
606.781
575.659
482.629
607.332
608.631
290.293
183.571
605.779
441.903
552.734
292.915
297.671
605.182
494.569
606.406
368.925
589.628
606.442
414.204
599.722
606.504
606.839
606.286
142.566
268.226
604.207
606.357
339.966
606.599
605.849
439.394
605.85
421.218
554.807
382.398
606.697
606.598
605.179
571.021
51.576
606.127
606.081
414.08
607.088
533.726
606.18
606.964
569.268
605.653
606.194
386.303
606.451
606.124
606.34
606.503
465.66
250.265
604.82
590.859
606.021
414.425
607.066
606.501
548.279
569.911
579.15
389.808
568.492
467.578
604.68
605.964
605.629
363.202
605.645
606.237
606.302
606.242
606.796
606.305
281.473
223.89
314.41
606.439
296.675
210.017
582.281
457.484
554.712
593.499
288.418
264.713
394.417
605.423
577.439
313.064
189.081
605.295
544.342
606.42
606.217
606.346
511.58
603.887
604.663
606.063
559.405
606.526
606.247
501.392
468.62
606.66
569.908
606.638
573.241
402.151
374.511
336.154
600.626
606.321
606.237
606.292
346.977
605.597
606.414
604.851
605.937
606.538
338.943
606.615
323.862
605.679
604.136
477.924
125.034
112.63
607.506
158.506
545.32
356.113
604.764
606.847
176.332
225.112
606.47
606.35
99.1309
606.541
606.622
606.656
363.127
554.827
478.463
590.609
437.36
93.5646
607.072
492.014
428.217
355.158
289.321
579.291
606.401
316.121
606.303
87.4239
376.976
594.342
604.968
461.171
606.612
606.162
606.506
496.756
605.946
606.375
319.349
464.829
607.773
392.073
606.864
368.907
606.533
605.67
606.451
606.867
606.607
597.832
606.328
606.741
412.572
103.426
109.406
83.5575
592.388
144.886
606.596
606.217
605.527
297.759
606.125
606.388
233.627
605.506
437.759
362.48
605.641
606.244
586.133
606.259
356.026
606.199
606.316
257.757
504.451
358.828
606.524
396.223
603.71
237.174
494.394
607.027
325.705
202.48
605.378
430.742
439.687
599.94
599.65
479.446
606.377
297.355
605.964
525.887
341.875
543.888
224.849
608.381
498.181
601.036
606.347
606.735
606.484
605.884
242.464
606.27
612.982
238.115
263.311
600.214
408.454
550.637
606.619
207.704
605.894
433.492
603.143
585.775
457.052
606.535
384.956
556.896
507.778
152.993
493.827
384.696
605.45
606.317
606.622
608.647
604.21
605.994
52.0012
606.384
606.527
565.723
152.374
604.943
606.374
545.224
606.697
367.63
517.153
606.677
261.775
605.53
606.675
492.55
607.801
584.031
346.314
606.587
113.478
606.121
606.345
602.488
597.065
604.108
595.612
464.267
606.494
459.41
395.278
606.135
464.221
604.403
521.901
605.752
231.204
509.145
471.869
606.646
164.653
400.687
391.164
523.78
429.646
265.865
342.955
325.282
595.1
606.374
607.596
68.6737
568.763
342.508
104.416
523.464
606.929
605.514
606.531
182.358
606.436
605.758
376.771
606.097
606.17
148.447
594.604
229.768
360.451
179.842
523.168
452.333
232.9
606.094
489.847
606.252
590.713
584.368
557.733
253.382
434.191
608.003
606.574
605.368
429.197
277.189
554.394
492.264
352.741
271.906
606.905
435.133
474.15
605.919
605.644
606.221
605.814
497.784
564.242
605.875
605.481
606.481
390.469
371.055
552.092
606.171
602.495
606.321
605.719
506.064
38.0115
569.542
308.932
606.463
605.646
605.805
606.38
596.802
549.665
606.6
606.286
521.853
606.44
606.88
606.287
489.67
606.143
134.569
185.434
307.984
605.808
500.795
604.173
606.902
375.653
524.685
331.93
545.057
607.288
606.53
584.638
363.294
606.498
596.535
349.926
176.948
339.502
506.515
454.415
606.183
607.282
559.66
601.248
606.312
522.33
606.315
605.956
419.928
605.32
534.521
492.422
602.426
206.942
262.818
606.125
450.105
397.149
445.759
292.645
158.214
407.682
607.507
606.422
439.535
606.377
606.528
218.944
606.174
400.655
606.245
556.996
542.561
215.896
606.367
607.348
606.553
383.191
606.234
606.731
477.248
605.519
606.989
479.408
609.534
374.717
605.825
536.099
605.413
606.548
343.2
575.934
606.094
606.495
539.381
223.59
606.463
509.753
548.23
551.542
605.745
576.7
353.671
606.664
606.6
604.803
606.491
606.304
606.164
606.588
485.833
605.516
456.541
606.404
234.794
606.298
356.611
224.808
576.185
595.18
606.693
577.831
188.277
543.645
296.211
349.385
403.506
214.983
255.276
603.93
522.533
554.306
595.305
608.328
560.731
455.874
354.531
301.745
225.97
605.973
176.67
606.012
447.647
606.332
362.338
372.492
537.595
521.773
531.913
608.039
606.034
263.912
337.541
473.458
605.817
606.359
605.547
606.408
540.508
606.708
581.655
606.113
578.509
528.286
604.875
403.56
337.379
606.417
606.589
431.753
592.993
219.369
540.565
351.833
606.182
606.121
153.242
336.968
382.378
606.394
534.085
63.3666
606.361
551.732
499.839
606.735
504.071
414.967
606.18
574.386
606.716
107.455
235.466
606.036
245.868
605.111
382.71
491.036
605.363
352.666
606.503
606.255
315.67
606.177
419.06
606.306
607.096
111.569
585.269
606.528
597.336
606.452
605.655
585.089
606.87
606.605
412.728
605.927
606.715
606.53
406.419
606.324
606.282
456.006
610.47
570.704
606.289
209.95
606.604
494.856
606.708
606.432
608.759
573.249
580.093
605.307
581.373
609.319
605.289
606.209
606.589
281.621
579.813
608.044
605.708
548.107
302.786
427.617
582.068
293.769
430.672
520.644
168.026
584.702
208.786
606.227
418.354
606.267
606.276
581.843
459.398
606.606
607.193
134.2
479.366
234.522
559.326
355.64
264.362
568.717
607.277
127.866
605.245
514.048
605.605
605.391
606.154
606.277
606.651
608.059
368.528
606.768
606.483
606.319
606.909
606.275
453.285
180.379
231.569
569.379
610.354
544.319
570.213
409.839
606.51
438.916
517.995
480.729
605.719
509.303
501.812
601.741
450.214
343.898
566.072
321.803
251.13
605.782
606.267
606.134
606.473
549.633
608.468
354.391
377.868
606.486
474.625
607.265
570.191
511.967
575.65
353.085
381.463
606.339
608.619
438.95
606.185
538.711
604.576
601.363
606.853
605.99
425.579
578.878
606.988
606.002
544.799
240.491
173.692
606.567
303.529
464.013
297.26
364.136
606.934
605.751
606.185
497.626
607.107
607.024
466.878
495.403
359.086
606.327
606.469
606.295
354.184
514.511
457.242
606.614
252.722
585.802
466.369
400.743
603.816
282.182
501.064
539.971
605.246
544.438
591.518
594.73
606.545
594.232
315.917
606.546
605.184
604.146
539.622
556.394
236.165
606.755
602.402
66.6115
606.613
399.298
606.369
175.452
350.462
605.811
605.979
605.968
604.878
562.302
606.882
606.074
379.325
605.288
606.24
548.29
426.335
606.312
606.678
605.717
467.686
358.483
222.411
606.134
517.99
606.98
606.823
335.05
605.817
607.831
606.067
607.005
58.1718
606.583
495.602
607.116
383.376
542.483
606.39
582.844
606.524
513.734
606.722
606.989
583.325
435.692
598.507
441.361
606.391
606.938
608.086
606.149
605.652
485.077
556.968
601.488
605.979
553.53
606.824
557.217
522.85
345.57
362.701
511.605
365.964
576.131
606.655
605.769
246.535
606.324
367.487
606.271
568.359
606.75
605.565
523.068
203.893
415.162
244.339
571.393
609.041
591.321
606.473
325.771
410.92
534.432
416.212
545.056
208.02
575.101
186.757
606.555
607.7
494.451
578.217
607.194
606.187
605.559
601.528
388.366
584.856
606.154
154.491
424.705
606.544
606.169
606.27
606.465
605.984
606.588
605.269
392.855
606.296
464.702
537.981
506.507
606.874
606.036
480.136
99.3593
489.37
606.295
468.378
454.36
325.35
606.671
123.534
606.322
606.674
281.611
141.473
606.819
387.427
457.515
607.006
203.176
606.434
486.596
305.125
401.938
340.1
573.135
607.049
606.216
605.287
418.841
560.411
606.561
469.938
606.444
109.804
554.372
605.848
605.42
587.527
377.157
365.072
242.162
179.801
606.647
309.144
138.923
506.992
601.518
606.329
606.142
606.706
606.223
606.478
484.154
257.066
386.379
326.654
480.973
169.572
606.969
606.69
515.781
371.425
606.422
246.26
603.34
349.491
417.273
349.58
267.311
606.205
606.859
589.014
605.648
584.871
606.691
550.999
220.604
458.086
606.477
606.815
554.496
484.224
606.562
401.095
606.431
606.271
452.217
581.789
606.691
606.946
516.247
518.936
505.885
605.353
610.244
604.294
481.461
606.226
301.176
408.189
606.804
607.378
384.739
606.111
594.033
487.643
499.616
577.455
606.865
602.732
496.279
606.168
606.523
606.241
290.066
606.167
-32.5932
607.421
606.462
606.33
358.642
605.384
607.395
526.316
605.868
607.029
606.959
508.685
414.121
267.351
601.898
605.775
605.463
534.148
606.252
359.872
605.96
605.466
463.543
588.036
393.615
155.215
387.802
394.499
352.09
390.97
604.191
437.739
551.603
606.523
449.482
505.84
358.328
606.637
219.16
514.313
606.55
606.694
558.372
611.015
492.919
165.511
606.26
469.991
606.125
423.68
606.549
514.644
606.364
605.529
307.582
605.324
606.454
288.758
606.546
265.632
213.243
402.781
440.94
450.007
605.815
605.636
359.736
576.194
605.178
341.593
560.211
607.172
398.493
606.376
580.595
358.641
606.32
608.666
237.666
606.739
452.323
606.364
605.738
399.578
605.848
604.391
605.313
606.224
603.125
602.703
606.571
328.379
410.635
103.471
590.388
549.546
490.276
606.489
606.476
243.804
606.569
443.338
410.343
594.602
511.743
606.503
606.737
606.716
606.295
606.269
606.669
606.4
555.18
606.913
202.311
606.338
297.379
606.339
606.395
401.236
607.287
385.99
573.593
380.869
568.42
605.379
321.29
242.114
413.159
605.876
605.301
334.951
372.67
607.191
503.819
599.135
606.696
109.652
605.972
606.086
499.717
606.426
228.382
606.281
568.804
427.222
606.557
145.724
605.677
607.82
388.391
500.644
148.658
607.071
564.698
517.092
606.621
606.331
185.06
592.099
605.591
607.097
192.693
606.196
606.326
606.451
548.438
606.518
399.789
348.444
606.17
606.344
83.6249
347.599
606.223
545.972
606.264
367.549
606.499
606.302
287.039
355.928
595.631
434.921
606.677
606.18
606.505
606.291
384.595
229.239
316.605
293.464
534.406
606.424
505.388
606.606
606.186
605.996
606.244
115.156
405.318
493.018
582.614
593.571
550.297
461.767
314.958
196.223
489.154
521.677
606.723
278.283
581.769
513.343
606.901
605.855
606.653
605.357
142.077
474.597
605.564
589.291
605.674
135.904
606.2
452.048
578.302
607.061
462.087
605.57
189.824
606.251
555.173
472.671
606.71
606.067
481.161
189.067
606.761
458.624
522.734
574.728
445.797
606.126
606.555
531.994
71.5694
203.956
606.763
606.964
544.069
606.395
353.477
595.845
555.576
606.135
608.457
587.855
591.213
543.488
362.414
448.319
605.962
606.431
191.67
73.6533
440.9
548.948
605.7
188.41
456.301
553.507
564.281
606.29
402.028
526.684
209.405
447.562
606.311
201.418
605.928
156.201
368.163
166.196
605.537
419.471
606.323
606.636
605.182
606.264
151.416
508.3
436.959
427.039
606.172
606.552
606.858
605.613
606.75
587.17
134.849
606.611
606.816
314.211
110.925
127.658
535.238
606.343
607.407
419.876
606.74
291.935
607.07
606.245
607.082
606.576
606.381
606.543
565.026
604.542
602.978
321.666
606.41
606.08
533.413
208.616
606.302
606.945
529.524
304.72
606.713
606.527
604.727
606.332
477.61
557.003
553.609
606.017
134.738
338.358
605.503
606.342
260.651
158.723
606.331
605.976
571.814
419.254
606.295
227.35
430.551
609.779
413.827
407.595
512.971
458.181
607.255
599.435
605.128
372.646
210.95
606.528
606.612
431.951
208.478
262.978
288.237
192.6
565.641
201.508
549.451
606.581
606.533
303.835
606.553
545.462
605.275
504.656
606.288
296.56
606.542
418.237
450.691
189.454
606.284
300.558
480.551
606.276
333.724
562.772
360.31
606.54
290.996
606.557
606.397
213.27
326.016
141.361
599.479
605.622
244.51
278.215
606.266
68.865
606.306
214.181
606.669
439.15
606.207
279.816
216.185
373.915
284.458
605.758
605.418
327.276
466.868
107.599
83.5507
500.918
417.846
561.629
606.206
519.513
606.784
606.665
240.681
597.836
607.354
444.127
264.23
606.858
596.036
523.487
606.729
606.834
226.441
120.778
604.432
606.349
606.896
606.863
475.203
500.386
605.861
329.796
290.292
606.115
604.961
606.284
293.507
608.657
140.712
574.549
591.23
555.249
387.12
606.059
383.804
606.712
606.178
605.819
606.348
99.6428
606.497
606.372
581.54
606.201
226.123
483.334
606.435
606.528
606.294
599.834
472.427
576.446
299.895
190.628
604.217
606.313
122.288
362.674
601.074
157.543
579.878
606.536
390.897
411.218
603.91
421.762
606.521
606.156
241.021
457.641
464.748
605.036
374.392
552.414
606.347
569.719
335.207
604.825
491.139
487.421
609.03
571.348
435.909
468.139
606.398
579.261
606.852
430.37
416.93
606.558
558.133
256.034
606.425
606.913
606.188
586.586
513.785
607.398
604.658
373.18
605.638
564.901
399.656
417.433
287.151
572.259
572.554
338.593
495.456
322.204
606.808
606.302
258.99
411.697
606.605
266.317
311.343
605.706
605.412
352.619
664.138
606.517
386.224
278.381
568.45
606.204
499.709
606.26
606.749
606.291
606.324
262.982
496.904
606.861
359.531
195.877
156.473
607.228
441.599
369.342
606.872
512.522
605.804
607.775
560.426
461.991
607.075
606.467
606.232
260.137
380.736
477.14
606.74
464.845
606.151
87.3978
606.12
606.663
606.378
204.695
89.6396
345.736
607.302
566.604
461.921
601.085
565.074
459.51
420.708
605.566
530.275
605.71
530.858
606.973
504.21
514.254
606.215
496.514
321.833
384.314
606.299
606.041
605.063
446.912
323.883
487.793
160.122
606.327
386.852
222.2
606.624
230.006
447.545
395.082
187.07
606.338
606.924
586.106
159.918
605.465
383.718
206.49
607.089
606.406
606.641
606.257
310.249
606.414
319.711
605.668
329.907
606.418
605.842
605.703
314.58
560.444
606.541
527.811
587.988
375.729
606.791
502.363
476.893
605.767
552.031
298.807
606.866
180.016
562.423
528.112
605.377
604.641
459.16
585.832
516.573
573.951
433.436
427.013
489.193
606.065
395.307
606.638
496.553
562.424
606.723
464.862
607.713
606.274
425.105
606.073
587.704
93.2601
479.894
606.375
606.276
367.608
606.549
605.811
557.474
575.978
606.521
587.364
606.764
417.026
231.156
606.986
606.334
606.776
429.648
435.63
607.472
548.442
605.997
448.871
606.274
601.06
386.294
212.251
304.441
251.477
605.458
587.452
132.605
284.198
606.293
392.263
605.955
274.515
610.622
464.338
606.089
606.529
605.748
606.238
606.868
269.009
270.946
606.317
255.443
287.874
224.24
606.599
605.97
461.937
391.02
194.598
417.413
482.477
606.845
606.37
541.912
592.055
523.56
407.952
176.74
606.969
581.504
573.079
606.051
605.318
350.357
424.823
606.206
606.318
606.666
606.47
606.639
461.27
319.62
210.57
391.039
606.09
606.752
606.193
606.788
606.299
303.034
577.24
424.286
607.13
516.523
276.889
429.06
606.36
409.44
345.777
602.956
607.098
353.001
277.5
595.688
606.737
545.76
606.061
605.903
500.42
190.91
602.316
606.194
127.684
607.621
605.5
605.983
250.68
605.85
554.56
177.808
211.953
148.723
606.698
606.845
606.621
606.452
264.895
419.355
605.943
606.358
606.638
270.481
606.665
460.098
601.176
537.388
491.147
606.742
606.304
606.613
199.436
606.408
222.547
607.387
402.326
606.099
585.386
584.326
529.843
487.105
410.294
606.197
246.078
605.128
606.505
606.145
487.352
606.161
52.1697
497.863
606.463
568.345
512.413
146.547
606.585
606.506
606.414
606.366
606.616
605.667
606.56
390.235
557.683
606.168
349.716
605.979
606.981
90.5497
384.324
606.982
605.945
308.247
335.966
551.366
606.41
605.924
219.302
606.926
606.47
606.027
382.562
42.6929
443.575
608.14
555.42
406.341
602.663
553.435
416.9
606.269
160.134
527.34
606.21
466.263
525.892
606.664
606.603
382.111
604.525
413.904
241.434
606.547
465.452
361.564
607.706
325.687
606.263
572.589
606.777
606.965
228.192
399.296
338.464
278.332
600.428
601.783
606.481
106.343
286.345
523.565
131.83
606.154
603.773
606.622
606.117
376.129
401.01
529.656
606.28
606.157
34.157
606.076
606.856
106.992
477.733
529.079
606.017
607.079
274.824
490.154
139.081
502.769
606.328
551.722
325.882
606.981
606.311
606.811
309.235
606.914
513.687
606.92
606.461
457.779
231.547
606.916
167.194
605.961
538.985
606.304
546.107
296.929
606.286
606.276
585.681
285.404
278.232
605.637
606.675
529.297
606.638
605.89
168.474
60.6461
215.489
385.267
357.993
335.466
524.093
571.964
607.333
592.962
605.958
606.435
443.914
397.318
275.57
605.936
532.823
275.234
463.68
606.418
97.2817
557.882
293.93
593.632
575.301
606.31
606.138
606.592
210.691
412.862
205.554
606.203
584.122
606.048
606.768
607.271
312.89
576.244
397.833
606.911
284.909
605.732
600.997
397.203
462.528
605.889
593.118
252.527
568.275
606.376
607.036
607.024
176.559
458
337.241
586.295
606.801
605.909
388.983
443.926
473.711
262.268
606.109
598.119
606.385
605.557
445.244
530.948
360.646
313.023
474.13
606.174
606.079
606.833
612.544
199.095
606.018
606.577
606.362
482.631
256.407
374.497
536.306
589.898
604.702
530.657
606.033
606.145
518.219
665.853
606.442
227.94
396.665
605.088
587.594
606.345
534.741
606.456
536.65
606.87
606.797
445.941
606.205
606.452
550.825
606.087
338.721
352.602
363.593
467.365
606.382
600.643
607.107
606.094
606.554
516.827
225.792
179.596
606.118
266.262
179.325
525.131
432.682
271.985
606.79
299.3
607.286
558.307
477.289
200.391
606.363
526.548
355.649
520.674
576.163
297.141
390.549
323.007
288.821
308.923
547.766
606.33
564.966
605.65
606.04
241.864
233.184
605.647
606.783
606.768
606.555
491
481.952
602.79
606.702
606.501
606.155
606.427
590.219
344.471
323.384
606.138
605.751
606.628
422.417
278.77
488.359
597.035
386.525
516.146
318.768
491.412
606.305
458.384
436.223
489.347
357.317
605.471
214.803
447.895
606.752
379.978
555.306
605.95
103.99
606.455
606.696
552.005
387.463
606.234
244.662
199.991
605.613
606.93
391.831
409.938
606.874
66.8056
556.087
607.055
221.401
447.179
606.356
370.616
594.512
419.01
606.155
594.483
605.904
606.375
218.698
606.853
416.039
541.813
605.702
497.97
553.532
98.9706
505.587
552.389
511.037
493.999
345.847
605.839
595.142
274.865
342.958
457.886
245.297
606.455
607.344
606.727
606.829
464.313
606.689
207.022
344.043
521.344
486.676
486.78
409.592
407.347
605.913
606.806
606.46
139.548
515.26
462.808
160.426
606.971
479.991
605.799
606.598
606.406
606.04
606.523
392.949
526.578
606.625
470.152
607.334
606.42
609.583
593.761
605.863
240.557
494.008
427.808
605.573
483.329
605.487
605.979
561.032
345.25
608.706
436.126
606.306
608.923
474.61
604.382
105.593
548.123
606.185
599.103
519.846
399.28
360.113
604.993
244.79
606.524
120.246
606.838
379.701
461.621
608.345
605.615
607.64
460.203
606.792
589.275
605.759
606.263
582.55
605.999
363.215
606.295
606.527
241.186
606.295
562.361
309.552
606.769
329.121
56.7114
403.951
606.538
221.107
605.821
607.642
567.084
546.083
606.533
606.339
603.281
608.678
241.954
606.659
512.897
506.376
606.398
175.006
550.777
552.68
606.763
352.145
284.863
604.387
607.256
606.767
597.464
490.981
507.801
443.457
605.527
606.388
606.568
606.205
606.484
578.159
577.114
234.209
597.846
606.263
445.694
605.978
334.115
605.185
606.473
390.557
606.072
404.842
332.368
160.02
396.665
413.045
604.797
606.856
607.197
413.303
398.211
606.236
295.961
606.618
493.808
303.741
370.613
294.334
129.999
606.447
605.79
407.583
571.383
606.514
607.136
431.9
609.059
134.31
599.501
412.591
162.927
606.465
431.875
548.49
606.276
531.549
370.318
254.382
507.42
606.428
606.348
606.406
351.384
324.712
608.849
543.365
606.359
242.774
604.58
606.465
606.398
596.69
608.887
365.185
606.043
606.236
335.34
387.823
605.254
155.287
499.274
460.766
402.567
112.492
562.521
607.31
239.527
582.437
606.241
437.039
606.519
605.854
605.889
605.814
602.712
606.705
511.52
397.131
605.837
606.512
251.593
606.312
587.975
606.661
606.205
604.827
411.421
351.105
510.54
607.231
282.875
534.52
559.722
601.902
606.506
606.221
581.742
445.998
397.29
333.479
506.865
239.113
607.404
543.232
604.574
606.604
447.002
322.721
523.197
537.25
606.103
606.211
403.658
477.806
299.37
606.328
414.672
585.53
606.671
532.469
605.682
604.835
606.754
521.577
606.949
606.252
606.356
505.108
471.679
606.996
606.75
606.486
579.414
607.403
376.926
602.646
596.741
591.603
366.806
279.197
482.514
364.578
606.193
509.26
543.056
606.354
605.743
303.895
606.809
88.8053
608.351
467.117
597.598
606.573
365.532
606.682
498.733
606.554
603.08
606.841
287.938
294.902
456.877
302.9
605.996
271.836
198.297
606.324
298.456
332.178
487.851
518.843
606.629
606.059
561.672
234.884
531.956
606.556
341.536
605.683
598.377
598.009
606.924
463.698
301.83
606.512
461.298
361.193
606.535
192.127
606.052
606.213
590.759
172.903
364.468
606.647
606.315
450.096
558.671
606.468
302.34
394.673
606.914
572.501
257.949
461.455
293.498
553.754
606.766
214.803
198.371
469.707
606.713
292.001
606.782
606.253
557.617
606.611
606.646
303.604
573.054
606.168
570.554
551.32
604.713
606.297
606.396
487.329
571.224
182.99
606.191
605.959
606.148
129.77
515.247
605.505
606.514
606.972
220.231
605.949
253.544
606.011
556.3
433.667
376.146
391.447
494.574
577.5
489.42
543.367
608.438
605.855
36.3903
606.99
515.703
601.926
190.198
372.587
607.686
193.003
597.803
606.59
603.512
584.541
574.121
80.7438
548.443
606.478
556.221
467.364
395.908
480.115
500.048
606.193
519.872
608.681
575.638
182.063
68.2793
604.492
106.544
600.586
550.64
92.8193
400.366
598.124
606.694
256.42
606.589
574.241
606.838
416.392
507.774
375.265
605.755
431.478
356.603
606.566
541.672
606.584
388.704
571.788
286.227
602.24
154.425
581.214
606.603
515.309
607.447
606.675
319.994
606.24
606.157
606.656
606.446
349.119
605.907
327.939
433.031
529.672
583.925
282.031
403.637
606.654
588.479
606.331
578.545
98.8627
506.074
177.939
609.906
375.466
605.683
606.268
606.487
608.169
434.461
604.907
607.21
606.853
604.139
361.758
184.276
371.711
606.831
607.744
489.216
589.239
86.5473
136.364
606.21
605.981
605.874
522.536
426.42
576.95
606.604
599.201
606.552
606.594
473.546
131.529
606.46
606.786
605.917
605.916
416.441
595.775
343.813
138.215
445.367
450.034
598.192
606.194
352.576
606.466
393.761
309.025
554.419
606.754
230.891
607.265
250.17
606.291
482.68
404.886
606.062
258.298
338.242
604.731
521.122
606.654
606.657
492.228
390.949
446.37
199.876
606.381
606.158
469.335
603.068
494.182
606.256
606.303
588.445
366.943
153.269
584.753
574.347
606.967
443.876
426.925
313.787
307.843
468.074
606.365
606.198
398.737
444.324
553.924
375.513
606.375
355.808
402.752
606.193
606.307
556.374
606.206
608.461
318.851
607.043
606.117
397.064
606.346
182.057
606.185
404.951
606.402
534.803
475.716
247.317
606.281
79.2292
606.672
606.645
526.81
500.664
606.314
585.98
473.506
607.04
507.012
607.992
605.702
401.064
569.689
573.497
253.02
606.671
145.188
551.535
241.066
525.22
606.391
277.717
602.773
606.274
445.78
421.494
606.681
606.87
605.954
82.2565
605.667
606.193
555.702
606.404
606.418
606.392
607.039
564.973
591.606
380.729
82.8922
606.496
531.849
606.408
604.821
607.132
606.638
606.616
304.492
322.085
532.652
133.185
605.301
606.842
451.839
602.249
606.202
138.066
606.775
432.674
527.322
606.621
324.766
399.234
199.029
306.858
606.53
456.57
484.93
300.763
606.195
519.939
606.121
605.975
446.288
503.375
584.465
606.223
602.456
520.479
111.896
606.331
606.41
392.734
604.704
606.247
499.93
339.781
545.882
606.39
606.007
421.1
341.75
606.702
224.388
523.809
122.906
342.818
235.946
586.812
605.065
607.073
189.773
607.81
606.3
402.327
606.719
606.952
606.221
606.253
606.331
285.09
606.012
605.349
607.219
606.57
309.098
606.049
237.775
453.512
606.119
227.277
552.329
605.86
601.748
607.489
226.633
193.148
536.381
605.873
548.681
480.818
625.183
606.471
318.819
606.311
202.561
606.62
606.7
606.699
606.234
606.12
606.292
606.473
606.897
607.093
577.449
325.598
582.511
607.201
427.897
605.631
606.624
606.001
399.138
609.307
605.004
365.769
606.002
350.687
404.34
606.496
606.58
606.568
569.534
411.25
585.86
606.37
606.155
495.369
301.644
470.999
547.095
197.789
606.105
606.327
605.835
92.859
605.744
134.925
606.065
606.022
589.57
606.356
605.084
558.854
472.31
121.534
539.304
605.307
460.411
515.437
604.559
414.714
141.626
304.173
606.476
606.52
605.695
605.89
413.291
370.112
606.582
606.73
606.926
606.539
306.112
606.612
606.225
386.507
544.749
606.365
606.296
607.032
606.081
344.832
606.06
606.324
365.797
380.236
127.979
416.602
606.685
520.326
324.099
561.247
606.185
447.573
605.489
537.937
608.975
159.893
573.473
597.229
261.688
213.682
529.766
574.646
606.366
562.647
407.596
606.212
606.342
606.479
604.669
293.567
478.611
606.16
458.513
304.058
306.953
296.473
607.014
605.645
300.535
605.878
329.361
605.789
485.368
454.684
593.13
389.418
184.655
605.829
529.747
606.647
353.54
587.731
528.162
472.125
606.109
606.228
607.042
358.417
606.435
291.653
558.787
399.163
260.436
354.27
605.751
252.539
607.679
606.741
402.265
458.468
606.631
246.787
213.426
601.781
606.302
606.853
600.54
448.054
289.696
611.573
606.991
348.218
461.575
606.272
606.138
606.532
601.898
608.736
500.524
606.368
334.884
334.679
544.627
607.025
598.768
267.094
530.918
373.036
606.69
585.491
484.697
512.614
474.234
606.361
334.316
574.892
378.82
261.42
472.551
506.634
611.734
442.733
592.627
454.863
355.591
456.285
174.498
374.299
187.547
605.982
584.582
606.742
373.079
483.558
602.285
471.853
374.836
305.738
606.003
600.896
606.299
606.947
609.336
606.869
382.758
608.728
381.81
579.494
428.31
435.609
400.097
534.001
258.391
606.684
604.474
341.046
600.283
314.974
274.911
493.956
605.669
606.171
412.611
564.586
209.898
606.216
605.891
608.042
606.457
561.487
606.18
467.856
606.089
332.886
606.309
606.23
216.833
288.059
567.826
565.549
512.037
484.797
83.6186
605.993
607.08
288.956
459.378
268.156
605.912
185.537
601.386
166.906
376.802
606.272
606.857
523.337
430.343
607.044
606.07
603.602
500.279
542.271
605.923
606.775
606.236
606.428
312.942
605.018
522.713
585.242
606.688
606.754
291.122
606.11
551.705
256.829
606.403
606.171
385.428
376.006
606.276
160.234
324.279
240.806
606.272
428.244
484.535
607.166
427.538
315.648
606.042
303.92
606.918
592.657
153.265
256.689
606.51
605.172
606.092
449.353
606.451
504.904
551.642
493.141
606.116
588.42
606.409
606.416
454.07
297
606.131
543.873
260.987
605.995
248.889
606.425
449.652
606.612
503.192
551.908
395.229
453.392
606.428
605.732
605.944
606.098
606.449
606.254
606.318
541.646
606.212
209.547
606.608
331.561
606.437
179.522
602.651
427.017
606.45
536.525
599.862
555.31
606.586
158.854
606.787
314.656
606.5
332.01
605.593
606.819
604.238
523.653
606.606
497.477
191.502
324.258
533.653
233.467
606.061
489.833
467.541
353.854
547.49
606.388
606.218
443.796
606.191
607.47
606.569
606.222
460.905
268.109
594.771
388.087
606.274
313.56
336.871
607.442
605.473
449.916
355.312
592.966
202.275
606.506
606.14
188.336
605.904
606.477
254.356
606.262
342.781
606.335
426.35
466.627
604.842
606.463
279.212
589.995
606.42
541.052
606.625
425.912
604.015
253.068
601.072
606.466
205.282
607.198
606.692
606.811
606.563
606.792
200.414
607.466
603.999
609.257
430.458
510.665
605.55
256.177
606.836
524.255
606.538
599.691
389.371
589.842
607.849
606.6
465.432
356.509
606.359
606.991
518.776
605.958
606.39
606.331
608.623
561.116
515.43
606.189
324.18
209.689
153.692
516.6
496.025
605.834
606.233
461.024
94.9088
320.599
606.896
606.526
606.808
606.066
408.112
142.907
453.2
605.449
606.368
607.435
606.399
597.522
606.416
605.943
606.805
359.96
606.507
303.63
606.186
397.251
427.518
563.105
572.043
467.46
335.629
509.547
515.141
142.815
606.319
597.806
278.232
266.077
402.302
607.081
606.248
511.806
606.781
333.177
561.999
226.051
147.993
606.37
599.487
337.084
484.214
389.529
606.278
571.062
607.512
596.267
315.785
238.106
606.79
492.64
542.299
481.55
524.774
83.6034
605.636
606.636
334.233
606.848
606.525
608.998
600.05
270.446
606.202
606.243
590.737
606.496
472.839
419.473
467.451
179.814
606.381
462.616
606.237
605.714
359.797
606.72
89.9842
346.529
423.302
606.986
556.001
303.875
606.206
88.3676
517.019
301.353
318.16
564.593
606.81
606.582
426.115
292.465
575.608
600.458
449.879
402.494
444.346
606.697
366.795
191.97
379.055
369.877
410.41
606.142
219.542
606.286
606.227
571.627
606.157
438.242
191.884
610.798
135.964
607.649
606.301
531.063
206.97
390.362
170.98
433.384
606.384
606.251
606.527
605.145
274.067
303.645
602.089
608.029
606.295
490.089
268.717
607.307
475.382
570.405
606.404
357.871
606.092
606.903
211.592
275.189
472.803
352.702
484.244
606.188
607.59
539.653
606.629
605.805
287.462
363.446
605.66
605.793
349.087
221.845
608.21
482.691
607.362
606.646
482.87
606.501
606.017
402.453
172.315
508.403
333.71
351.705
243.776
230.147
607.177
606.795
410.088
606.622
606.84
583.189
251.781
591.681
499.127
549.843
606.228
499.162
568.564
606.673
606.762
460.716
418.136
605.683
606.264
604.082
539.881
605.699
426.248
606.871
310.606
606.763
515.739
604.741
135.184
307.883
526.919
146.995
604.845
190.788
606.044
287.293
606.072
606.321
606.807
606.227
424.564
606.382
510.513
588.631
604.929
228.114
565.397
181.937
567.701
566.724
606.078
606.347
77.1678
427.005
607.283
606.947
596.703
468.691
430.208
515.317
605.797
606.263
466.117
605.678
369.241
292.42
606.322
342.194
606.519
576.331
537.942
605.797
606.021
606.008
134.043
432.032
605.485
242.344
222.451
345.973
559.728
252.079
305.511
606.625
367.434
227.287
260.207
232.396
223.943
556.568
606.827
541.864
517.213
606.811
351.47
437.897
477.527
556.81
594.769
413.095
606.449
401.711
606.659
320.178
392.554
109.184
606.534
607.111
416.247
606.126
429.143
606.361
319.153
127.953
224.879
267.165
598.885
606.455
279.697
606.406
605.65
606.774
363.632
606.282
497.908
253.28
410.219
250.321
601.862
460.429
312.903
389.682
381.434
210.833
475.571
285.444
605.808
510.142
486.87
316.681
336.199
606.039
398.226
606.292
274.219
605.862
267.376
606.67
606.535
605.812
605.917
606.208
593.575
606.242
606.103
606.096
606.471
318.126
172.566
170.255
606.434
548.376
448.48
606.591
488.974
607.133
601.122
427.748
440.21
240.161
476.79
606.656
606.409
152.906
605.907
55.1344
607.155
173.834
606.446
200.545
606.829
597.173
605.662
437.403
606.584
135.838
606.394
607.223
606.161
606.346
138.625
382.133
606.6
606.878
606.861
584.702
448.248
606.816
261.032
540.033
605.339
606.465
253.252
547.21
606.472
606.421
259.49
374.052
577.365
380.423
606.083
374.356
196.826
594.42
518.53
494.663
414.349
602.005
605.987
308.618
572.589
204.738
409.105
606.693
296.387
155.275
604.949
161.493
452.771
447.632
495.033
175.779
501.203
459.409
606.016
606.652
119.569
605.653
602.203
606.71
486.646
479.153
422.266
439.267
599.768
504.625
607.348
606.903
607.262
580.486
606.174
580.563
606.37
472.47
606.234
411.729
418.326
539.949
50.0805
607.002
334.321
191.364
303.642
524.04
202.754
606.539
248.788
606.337
81.9117
164.618
524.421
606.41
281.392
606.829
233.508
536.222
606.479
606.824
408.939
604.864
189.507
272.277
411.263
487.888
134.867
606.782
606.918
607.766
538.803
291.861
435.606
213.866
389.534
606.441
85.0693
606.266
372.951
387.743
591.853
606.577
215.937
456.168
606.251
410.267
606.759
606.659
605.072
446.46
344.236
606.133
606.572
606.444
547.984
549.602
114.674
363.989
420.74
559.703
606.305
561.525
592.639
409.092
343.059
606.78
606.072
335.609
480.413
373.489
203.844
255.724
606.598
279.953
607.068
500.494
598.695
424.203
606.824
606.548
606.463
542.751
607.001
607.166
606.34
606.911
302.946
605.852
606.44
324.797
606.523
461.268
606.709
606.314
210.73
606.756
583.704
829.179
606.752
294.403
605.673
605.528
605.514
607.111
606.988
606.566
602.859
606.392
606.834
606.899
606.413
254.531
606.89
604.951
450.139
606.487
538.107
598.979
607.032
196.616
606.208
525.972
515.18
606.147
606.326
606.6
593.101
606.736
606.379
591.396
606.013
318.284
606.401
605.639
606.014
311.487
606.51
606.315
605.709
606.761
177.906
238.391
606.71
606.32
606.273
596.295
606.05
607.123
606.357
403.813
470.711
102.098
586.073
211.067
479.831
606.459
237.364
608.558
606.521
606.724
606.805
606.186
416.367
589.249
585.54
501.29
606.75
391.182
472.929
457.739
605.647
274.962
476.851
362.026
234.723
606.441
608.971
605.998
465.101
565.803
405.826
606.124
606.332
472.752
579.048
606.747
101.882
603.204
503.327
272.725
606.703
605.935
101.572
567.344
605.906
608.356
476.853
391.922
606.352
385.337
352.916
420.234
516.674
606.576
530.397
162.418
557.006
213.738
394.753
161.941
512.746
602.317
584.193
606.722
143.697
482.55
606.596
374.284
605.86
605.942
376.369
606.408
598.634
607.073
605.974
548.191
388.637
354.018
605.815
141.656
606.953
581.852
606.572
486.089
571.826
294.898
231.217
583.014
606.786
318.607
581.907
578.255
527.645
607.661
208.709
606.855
606.192
609.351
239.196
606.338
606.284
605.977
171.274
557.962
606.491
319.322
606.549
606.962
606.673
606.678
288.016
606.415
517.017
476.531
593.579
313.528
605.978
586.88
409.687
468.192
115.792
216.301
605.616
583.674
603.934
320.941
87.4695
449.307
595.131
593.486
276.518
394.343
228.703
606.648
235.757
606.86
606.076
607.092
531.439
475.903
606.548
177.987
606.716
43.8156
226.847
607.657
414.158
606.585
606.4
341.558
606.512
176.973
331.932
606.123
606.143
609.712
335.634
481.128
211.583
334.744
597.628
343.704
606.534
486.713
491.642
495.856
440.497
348.587
315.642
605.731
606.348
224.955
215.073
605.961
605.756
559.117
573.044
466.261
607.01
605.502
587.528
497.053
606.026
606.74
587.973
490.935
606.303
332.596
557.677
511.575
446.17
454.861
265.675
606.229
601.337
606.364
606.375
564.749
534.108
216.458
508.562
437.519
335.59
561.938
470.828
533.328
499.289
423.676
547.747
606.249
605.71
609.335
572.959
606.666
607.545
606.596
606.906
362.601
291.814
454.701
373.087
514.732
420.074
401.202
606.524
605.733
403.58
605.661
479.054
605.828
538.342
590.821
606.327
609.107
414.394
599.586
484.624
607.952
606.385
419.107
392.691
605.614
607.012
607.832
605.902
505.377
606.72
488.343
606.232
606.11
606.033
606.617
606.576
606.242
237.307
606.17
578.7
383.295
371.427
331.404
606.668
338.417
606.914
311.156
278.842
606.489
369.932
606.079
606.34
606.415
608.664
606.567
606.072
605.586
442.586
445.361
543.186
605.552
408.75
125.244
518.132
314.559
475.402
477.769
503.414
532.638
588.57
561.09
607.541
605.997
606.52
547.792
339.276
606.776
425.384
606.584
606.672
468.038
455.149
569.03
606.313
192.238
606.361
511.556
606.391
606.114
509.019
545.463
512.938
607.05
131.809
381.959
606.35
540.688
68.902
494.903
346.982
502.19
622.573
299.33
70.8675
605.76
484.103
605.985
332.956
606.523
606.557
208.892
607.14
309.562
605.335
608.003
318.628
606.355
606.262
606.641
606.456
516.307
606.367
431.797
43.7401
362.631
390.498
396.245
536.252
606.275
140.504
606.916
162.404
333.793
607.248
586.721
488.732
606.25
584.855
161.283
339.885
605.064
509.89
535.106
508.72
606.522
606.456
570.918
327.757
606.316
563.664
606.755
606.145
483.204
272.899
346.351
206.318
92.395
563.352
259.839
262.135
574.45
338.19
605.458
546.673
547.814
609.78
606.211
606.576
574.963
606.868
561.037
291.68
606.626
606.312
606.42
607.532
220.711
363.484
461.443
606.404
411.742
606.826
513.898
281.548
606.613
608.991
605.49
606.403
505.81
398.723
349.553
248.187
610.328
198.397
608.694
428.229
457.072
605.941
594.061
606.608
470.582
544.676
253.821
489.32
443.806
605.544
596.301
606.31
591.555
384.93
217.441
85.4954
436.165
608.856
566.056
512.269
451.107
605.521
604.68
373.96
607.414
606.35
268.05
519.361
359.069
395.621
605.895
606.076
547.573
224.513
452.243
520.626
395.501
398.901
606.43
607.453
507.407
188.474
601.884
294.41
467.078
606.28
359.423
599.724
285.359
606.41
606.235
203.72
606.058
196.97
556.008
303.036
592.106
510.783
156.848
606.198
430.372
474.428
459.377
551.88
607.165
123.288
148.663
243.302
456.329
184.391
606.618
565.181
345.27
481.295
606.192
614.378
355.104
608.337
440.519
606.909
525.827
65.5762
606.183
606.031
605.568
607.903
510.482
606.31
544.168
216.54
446.675
606.039
604.351
232.555
283.31
363.879
606.262
606.201
421.15
257.713
606.391
606.373
455.184
191.39
606.715
605.808
606.148
593.998
606.561
120.023
149.266
606.671
605.581
606.672
605.774
606.138
559.89
606.874
487.866
605.364
553.893
423.289
606.246
339.918
536.744
606.656
375.079
470.494
246.815
549.591
606.841
196.631
573.092
549.37
606.673
604.701
421.132
605.808
606.688
564.995
314.058
565.768
605.826
302.443
605.835
344.99
607.409
449.91
606.215
457.968
406.003
375.051
606.539
606.267
154.383
606.327
607.315
606.404
547.067
606.859
557.784
457.749
243.716
606.562
606.05
372.578
607.631
513.367
139.945
605.407
606.374
443.01
307.898
606.995
445.054
605.632
606.565
327.71
591.017
292.468
541.155
428.205
374.219
460.153
606.407
606.85
522.246
445.597
606.197
502.603
607.077
41.11
606.095
477.307
198.541
606.296
344.395
605.962
505.73
496.413
606.203
607.081
447.684
350.944
359.067
245.155
606.325
155
549.665
605.869
606.98
500.479
606.137
494.575
606.604
230.606
606.387
589.341
477.722
374.274
606.958
313.931
473.771
120.124
420.821
244.454
463.603
357.688
606.785
534.694
239.441
158.316
515.834
547.38
606.235
594.096
605.494
350.155
551.784
390.223
330.992
606.257
606.179
519.758
599.452
476.928
428.646
180.896
550.603
338.824
606.476
611.692
538.762
231.262
606.851
605.933
606.364
577.028
606.005
253.282
595.701
499.54
606.369
582.636
395.991
606.192
190.685
606.282
606.257
606.204
606.231
607.447
606.072
578.341
605.612
606.656
568.788
606.426
491.119
605.969
599.618
570.011
605.3
606.62
546.591
490.697
280.461
192.972
605.795
599.516
593.502
76.6797
606.061
606.401
607.095
505.806
157.617
607.508
605.86
497.405
248.39
512.463
606.115
421.199
209.953
293.837
611.141
336.124
212.747
136.526
605.417
603.994
532.026
606.801
518.941
263.882
606.142
606.57
582.216
191.086
606.942
572.225
548.853
606.169
605.641
572.517
367.139
609.692
545.542
606.574
606.286
602.054
566.158
552.062
606.296
606.438
555.498
559.865
608.309
489.318
606.363
566.439
615.269
606.316
133.297
331.74
409.873
269.546
307.389
585.055
583.572
506.102
605.985
607.282
371.976
281.017
550.913
605.909
352.439
606.295
216.818
572.78
606.318
605.629
310.424
208.116
455.949
606.198
606.203
606.437
605.81
604.938
607.084
606.322
393.725
253.367
607.599
595.648
283.894
218.984
271.734
403.317
333.418
594.955
382.946
537.513
593.022
603.976
606.297
568.134
404.781
607.505
581.129
605.716
480.599
505.067
336.246
574.47
128.023
606.274
606.176
558.791
606.701
588.107
581.233
578.205
270.434
450.559
378.241
395.023
434.504
436.825
605.888
305.299
461.665
328.481
606.843
606.776
250.065
181.281
490.738
567.968
341.96
590.267
250.324
251.33
606.331
606.015
527.667
125.542
481.52
292.746
605.532
606.416
352.788
605.003
605.65
607.967
579.106
529.785
118.414
222.565
409.37
549.417
162.648
391.709
556.993
204.802
416.406
607.007
606.247
477.656
606.448
553.844
606.434
606.176
606.171
459.677
196.573
313.482
480.412
606.099
504.247
606.174
606.418
151.443
605.563
573.513
606.363
605.885
412.177
267.42
568.102
293.274
590.679
430.935
332.3
474.899
306.009
183.857
534.327
339.008
605.878
577.974
606.291
606.385
396.157
421.455
434.206
451.404
215.243
601.537
606.613
465.694
607.561
606.08
578.072
606.236
561.844
606.001
490.484
606.357
458.148
450.261
606.425
606.966
251.417
245.711
607.032
143.346
202.366
606.255
318.529
278.25
605.887
606.622
606.493
370.103
418.89
300.348
165.058
224.223
607.758
606.553
606.175
244.072
429.892
161.193
606.669
234.242
604.621
402.168
606.329
604.006
544.648
608.003
606.851
606.697
585.135
606.346
605.786
124.595
558.732
607.196
316.434
174.603
600.913
606.35
73.1661
432.726
606.646
547.896
607.534
607.666
495.311
200.108
606.163
606.702
606.124
235.221
488.375
164.961
489.255
273.234
378.308
606.957
606.694
608.033
606.38
606.811
606.049
485.682
605.329
606.221
287.085
493.993
599.654
365.136
607.591
456.948
270.753
122.367
606.165
606.149
465.611
195.737
502.287
540.887
606.692
605.883
508.611
606.155
606.328
606.698
606.548
581.191
289.354
425.744
569.66
438.696
606.034
606.418
606.799
606.576
431.083
374.971
483.724
606.748
543.906
145.512
433.438
430.222
394.38
560.933
532.023
106.199
334.347
606.647
255.496
607.246
420.854
463.206
606.64
605.943
605.77
183.425
605.728
606.393
369.538
172.739
531.429
605.952
390.574
358.593
607.033
606.704
519.186
606.084
606.888
606.694
606.013
452.96
598.645
397.087
588.003
605.356
606.438
605.463
589.694
606.304
401.801
448.765
606.733
495.597
605.555
606.345
606.312
114.181
405.372
443.847
378.863
476.855
553.146
325.545
356.373
604.321
451.277
606.325
612.424
292.249
293.672
438.262
606.835
606.292
505.446
606.706
584.505
475.639
558.015
570.432
331.337
605.434
299.234
410.536
606.556
606.664
364.707
607.016
568.135
561.254
324.914
503.384
431.358
535.584
606.347
338.154
427.609
531.273
606.617
606.522
516.203
347.731
482.39
280.837
479.336
529.272
555.638
606.477
556.322
497.207
606.508
606.118
606.612
606.215
222.538
384.088
483.858
355.978
570.47
603.375
249.222
493.459
605.901
514.963
606.964
500.429
394.2
606.055
492.681
569.97
605.611
606.341
596.659
604.875
606.706
359.329
586.072
587.849
604.23
423.956
606.01
579.069
606.215
592.941
276.087
528.562
547.417
626.825
605.927
606.77
469.333
606.711
352.426
606.709
556.927
606.61
606.423
570.973
608.364
606.645
606.348
605.661
544.913
605.937
606.516
606.686
456.789
605.831
606.183
350.194
605.777
506.363
513.083
606.184
606.51
606.589
606.375
489.137
610.523
607.266
606.18
606.634
582.734
327.296
503.133
153.826
605.719
541.789
232.701
606.155
383.664
470.726
171.124
600.817
159.227
606.326
606.22
331.117
605.739
605.915
397.617
126.539
341.195
457.808
606.229
606.794
521.948
606.364
515.804
604.444
606.02
607.073
522.883
606.364
432.593
302.843
605.492
343.017
600.292
438.087
606.291
607.174
430.167
381.43
606.849
606.167
605.586
606.219
128.608
507.014
338.083
387.202
483.358
606.279
432.584
606.214
607.533
571.175
608.464
530.745
606.818
606.778
606.654
606.299
606.281
106.191
490.206
588.682
542.869
367.409
820.794
606.378
606.417
363.104
604.599
606.205
470.542
231.747
505.515
336.184
543.433
522.247
606.799
440.56
606.668
606.529
302.847
432.731
606.485
607.246
523.48
607.29
606.878
607.093
453.471
607.081
275.378
606.422
606.325
606.808
479.504
512.063
606.407
596.24
605.912
603.98
595.559
606.813
575.234
582.473
297.13
591.635
527.607
605.816
299.26
472.913
606.339
606.384
408.1
606.331
606.753
397.553
599.564
606.456
275.235
600.967
236.422
313.697
315.931
606.999
606.423
607.174
557.344
467.239
461.653
607.038
606.881
268.305
505.432
429.447
606.718
301.521
215.647
356.399
364.191
605.934
270.085
77.4818
606.6
142.154
231.786
359.542
606.465
606.296
427.359
411.403
608.141
600.362
382.237
504.359
606.062
472.855
606.49
606.713
605.672
354.598
381.443
606.819
605.482
606.374
605.993
308.015
554.82
573.262
553.72
606.319
606.936
605.876
606.575
545.267
492
279.546
537.396
364.278
599.563
413.273
606.214
605.643
607.089
390.076
296.559
400.459
606.667
386.271
223.844
606.364
470.428
606.367
605.954
606.629
606.407
457.324
607.3
606.293
565.395
571.378
606.992
487.799
509.979
606.476
606.885
606.292
606.373
602.229
606.646
488.505
606.977
411.389
266.091
420.366
546.106
450.151
607.336
544.313
390.977
608.803
606.582
606.144
184.614
512.041
606.901
523.891
607.019
607.9
605.769
606.288
605.674
607.817
606.021
558.417
319.281
152.798
261.466
213.079
94.9823
606.275
95.7504
606.144
300.076
607.73
606.988
527.92
606.632
585.405
565.01
527.992
606.386
605.578
533.668
137.347
269.344
410.561
606.925
357.189
606.742
560.646
604.403
607.341
412.602
415.696
606.77
457.608
606.36
606.537
606.876
605.919
606.167
263.738
606.434
64.7772
243.624
307.155
472.776
449.097
567.402
606.13
144.469
542.11
353.944
460.564
605.199
606.336
461.989
603.449
606.186
514.81
394.381
536.321
594.321
456.1
606.572
606.251
249.096
456.091
607.028
606.577
322.927
602.537
357.812
605.63
293.676
549.983
607.035
606.798
540.698
540.72
362.591
606.593
563.92
400.413
580.705
536.542
389.078
604.057
609.464
458.885
515.962
491.106
606.425
198.988
537.937
606.557
221.788
606.324
606.265
55.6583
605.017
389.931
606.451
542.992
607.506
467.098
606.192
606.523
216.027
586.172
204.246
400.468
555.876
537.19
585.2
607.402
606.862
365.594
149.298
608.472
586.594
270.177
307.969
308.945
614.845
605.941
606.81
523.603
251.171
399.222
606.438
609.387
537.951
373.258
404.77
605.715
442.281
207.471
606.336
599.425
606.911
103.051
606.785
606.802
405.128
606.032
606.449
600.184
606.688
606.037
600.161
413.26
606.012
605.486
249.045
489.676
606.817
606.715
606.415
606.255
606.101
341.893
326.928
606.131
385.923
251.558
606.692
607.192
606.598
592.551
606.424
561.62
551.766
312.805
361.794
606.292
600.605
606.592
606.607
465.795
248.667
606.653
606.381
606.671
606.957
606.931
606.493
297.128
596.048
431.535
606.797
436.58
606.1
605.881
606.459
412.266
606.607
606.839
440.09
145.933
403.846
606.78
441.911
546.29
559.174
607.925
259.448
404.195
599.009
336.426
492.991
438.413
454.089
334.638
488.436
554.834
605.53
197.68
502.165
508.574
162.506
606.346
597.661
460.185
384.456
606.644
605.744
588.454
606.125
606.88
450.124
606.769
606.371
545.654
606.968
607.203
506.185
605.975
115.18
344.105
524.444
253.547
163.825
606.281
328.388
570.052
387.628
607.121
448.594
588.419
586.74
436.828
606.224
523.784
605.85
101.777
244.289
221.695
606.215
606.75
597.648
259.539
606.047
606.163
606.444
602.984
256.946
18.9907
326.639
596.472
606.784
606.342
600.218
606.364
515.998
606.463
490.974
525.844
154.494
606.394
606.267
605.608
606.785
366.103
365.385
606.379
606.276
606.7
524.364
173.571
330.762
606.342
606.602
606.419
606.583
543.641
606.103
463.343
595.91
239.743
605.469
439.315
142.038
421.555
606.293
507.562
550.72
379.771
606.574
605.933
531.774
346.908
606.738
555.114
606.729
606.366
534.41
576.819
605.574
606.606
371.083
606.733
606.021
607.224
422.4
292.876
604.865
165.459
607.028
587.825
417.412
403.301
241.959
607.262
219.623
433.091
286.783
569.681
400.409
576.638
606.577
305.033
603.843
561.591
401.679
605.988
425.628
607.893
606.234
259.565
602.635
606.695
513.466
506.834
606.007
281.961
474.966
518.67
592.238
486.422
493.541
183.952
606.187
606.894
606.651
590.446
604.181
462.216
286.593
606.907
182.658
606.305
574.672
521.306
606.209
450.258
606.51
605.91
300.225
586.47
606.996
369.745
559.065
597.688
326.118
606.415
606.428
606.577
507.984
608.988
609.523
606.304
499.148
607.015
319.699
505.075
606.309
606.265
374.499
606.628
405.336
277.295
606.448
606.611
601.71
606.211
606.688
606.511
605.788
297.124
104.706
606.743
395.57
141.307
320.137
606.296
564.611
345.037
605.884
598.239
606.553
270.807
311.061
264.204
607.001
369.503
441.896
406.116
304.43
143.622
569.934
572.626
585.438
593.515
606.026
515.796
237.795
606.878
190.997
517.611
418.915
540.077
573.777
559.168
584.937
372.058
477.994
430.4
606.185
191.559
489.364
452.581
159.672
606.042
280.787
607.891
179.264
558.591
607.123
604.349
605.612
606.289
303.641
531.575
59.7112
604.891
160.229
364.773
282.933
368.184
607.007
385.774
606.549
606.965
607.377
172.129
569.752
606.767
453.157
606.898
603.818
117.971
358.888
462.213
578.538
607.02
608.783
606.331
606.571
206.409
403.306
606.213
606.191
551.966
606.076
514.335
509.857
605.51
606.443
426.041
606.831
606.719
606.531
476.124
606.318
571.649
567.04
178.686
269.94
542.842
607.058
444.96
489.646
607.085
524.651
524.994
606.187
596.474
589.87
373.907
508.125
606.184
606.427
605.616
607.429
126.7
181.976
354.002
606.342
575.676
606.749
397.62
407.156
606.56
376.323
606.181
564.882
606.252
606.791
606.277
607.218
347.504
346.222
606.414
606.445
288.447
606.639
607.129
606.116
274.67
606.659
362.8
505.672
173.922
221.67
606.59
432.748
215.349
595.906
604.975
529.769
605.819
232.678
340.413
606.705
426.867
606.605
561.053
606.384
605.901
605.445
606.306
606.477
486.905
606.548
452.04
609.844
606.572
605.493
374.896
606.309
486.67
605.459
449.88
429.225
311.491
605.496
606.616
371.814
606.839
495.588
216.212
606.247
597.931
499.959
606.67
245.795
388.022
608.236
605.957
325.152
597.537
553.455
501.278
178.19
602.662
607.235
374.665
431.304
428.647
606.58
428.213
500.537
569.262
471.476
606.054
606.653
312.063
424.498
599.477
605.947
228.902
288.095
474.656
605.916
514.51
606.086
579.846
219.513
605.6
606.344
606.254
606.451
491.369
606.81
215.722
363.603
384.835
607.205
607.091
407.046
593.963
587.779
606.619
88.9582
606.212
606.572
606.289
144.503
201.603
605.028
550.668
491.454
456.922
607.27
606.376
606.233
516.326
605.991
591.576
606.458
606.9
577.93
606.058
573.196
431.978
606.115
376.301
460.595
606.483
299.729
607.541
332.125
439.467
529.237
505.271
619.151
609.92
420.099
605.146
325.393
87.4198
415.009
144.356
606.928
606.161
327.317
606.635
606.739
606.78
143.046
512.285
