-0.00454728
443.936
304.973
339.278
179.262
92.7251
287.279
120.317
408.39
0.290322
389.865
413.801
386.415
240.402
142.859
196.548
94.0161
195.831
272.224
462.317
138.811
-0.0294024
133.579
246.458
140.675
296.938
223.725
0.125382
394.151
341.938
0.124351
461.873
83.3445
395.934
281.559
353.7
455.953
300.98
49.134
80.6072
0.0249223
93.1329
462.564
0.539448
462.155
423.203
404.67
434.758
0.709569
252.674
64.1203
99.2215
394.909
16.9673
252.231
207.16
405.746
191.306
414.166
64.1167
458.279
44.0136
295.151
462.062
438.441
132.018
17.2914
388.438
455.327
346.681
346.158
450.552
166.814
156.744
211.214
330.164
89.3453
102.111
0.168339
206.925
260.886
462.27
158.135
328.535
439.325
247.259
415.624
136.706
137.287
16.0608
28.6667
462.574
461.984
397.598
289.028
322.822
163.928
192.667
450.562
462.258
372.274
461.429
42.7785
157.877
170.56
53.7749
181.388
0.22203
0.22459
53.5422
461.337
18.0955
370.341
343.251
0.686938
242.622
289.472
462.091
330.769
281.802
116.964
121.36
462.409
462.358
303.78
3.62494
68.1455
162.368
10.902
462.467
139.591
0.44139
420.684
43.0205
313.552
40.593
294.194
0.298816
462.25
349.99
0.447222
460.055
460.927
15.4359
247.259
261.991
332.272
21.037
79.8591
365.254
296.719
291.278
101.382
383.303
-0.353518
238.671
462.298
414.481
346.79
4.50445
462.451
121.599
166.607
39.0286
278.584
462.006
86.3696
85.0057
262.83
456.184
235.56
462.209
462.56
0.546546
298.74
255.215
228.139
396.473
456.814
264.513
276.449
415.926
454.216
175.225
279.641
67.016
340.762
329.706
403.374
161.473
0.171618
320.195
-0.397434
461.925
83.6034
341.63
320.852
83.3953
233.766
175.053
382.561
105.606
142.225
10.9053
432.188
55.1445
277.555
461.995
232.335
228.143
382.908
287.804
300.888
394.002
110.369
162.358
462.149
139.633
309.263
327.303
174.033
275.504
32.677
338.551
145.306
422.181
1.07195
460.819
269.83
462.424
412.19
306.578
44.3507
440.613
335.55
450.886
258.934
462.054
57.7542
394.472
45.9384
433.549
436.028
332.431
347.111
238.531
436.888
461.913
462.183
91.2688
430.095
74.4924
382.266
434.887
119.183
136.378
389.872
71.1388
388.656
462.796
461.206
92.4871
0.638628
40.023
462.196
321.027
38.6837
141.663
281.156
102.954
115.314
417.231
0.229921
35.2661
462.219
167.627
48.8267
438.117
83.2616
116.484
146.591
414.93
18.6774
361.169
314.279
0.152473
64.528
347.146
281.53
241.231
462.245
0.44942
155.874
78.6336
46.7853
462.236
264.159
262.337
102.267
403.538
391.998
462.277
462.296
5.03565
276.403
72.3448
284.776
0.681894
-0.0130257
433.766
193.983
239.647
63.4793
0.319133
167.094
-0.0029832
229.948
110.557
274.516
161.661
66.1914
82.7795
288.051
266.346
99.7302
90.5212
398.754
222.56
283.466
461.345
72.7626
411.139
462.003
218.031
100.567
176.349
0.624638
289.902
462.04
461.423
295.138
59.739
40.5866
371.345
11.1763
462.043
312.266
462.317
322.277
0.0909032
29.7808
0.500074
462.143
157.251
462.252
329.665
338.303
94.9141
1.23004
0.303119
51.3278
114.497
216.633
64.3296
461.698
313.275
323.207
209.476
388.706
461.668
360.576
51.8555
51.3264
411.401
0.231458
0.165837
214.594
229.831
146.188
305.791
325.68
301.636
254.729
98.214
462.102
461.627
80.7359
423.645
167.017
388.487
270.326
304.662
56.5439
196.195
73.9704
22.7585
152.889
376.086
97.2432
116.8
456.555
10.3291
54.342
291.943
419.406
404.253
462.257
287.251
274.638
210.783
429.415
49.7323
278.272
286.66
163.988
462.145
355.649
0.0820482
12.3746
29.3905
0.307618
105.842
435.238
321.515
305.996
211.766
354.217
0.554318
335.14
91.6155
462.393
198.044
399.926
461.749
387.736
195.196
0.536032
448.179
457.4
338.981
0.509277
362.682
462.015
192.005
248.988
0.106163
0.459385
362.46
251.193
287.129
337.445
52.1362
138.56
457.786
196.803
79.5202
222.986
382.281
359.707
325.356
42.319
279.563
330.421
422.102
0.209245
400.467
377.287
149.883
308.19
1.33341
461.259
226.572
462.081
462.283
342.804
384.355
438.02
249.802
13.8807
116.49
461.822
71.3694
23.7046
262.596
63.9786
462.533
180.416
204.166
39.6152
377.476
163.737
163.963
400.863
158.185
235.489
184.125
458.237
227.757
418.583
47.5981
96.3256
288.495
462.41
114.221
259.477
0.392429
94.4848
308.899
344.841
229.105
462.205
128
462.347
36.1364
0.304732
361.448
217.078
461.397
65.4722
424.135
209.855
78.368
176.322
369.475
241.952
0.507572
444.031
342.829
1.18188
319.856
462.112
85.4004
462.032
432.621
205.714
0.35383
388.081
190.76
326.668
-1.31923
232.738
327.914
395.977
304.191
173.935
261.636
130.984
195.894
22.7855
462.271
411.671
448.678
197.392
461.578
104.233
82.5001
7.56703
308.56
303.21
102.435
373.376
407.457
0.519321
444.38
205.789
0.0525124
462.061
226.376
384.583
462.07
396.532
94.1496
391.74
367.148
132.242
410.348
272.883
462.064
314.32
105.909
276.657
394.141
185.932
316.173
419.017
461.9
0.160653
17.5548
136.737
301.802
111.531
0.0554463
43.9209
434.373
339.001
462.048
199.318
88.9031
357.572
462.178
275.908
232.527
246.317
28.4655
55.2586
381.061
462.854
5.68591
0.0656191
0.448619
443.892
379.956
281.129
132.442
33.4606
435.574
216.292
362.401
462.513
11.6484
282.451
47.2932
147.592
118.839
405.633
406.068
248.603
48.5058
225.191
333.562
56.5216
113.694
461.712
0.564513
393.62
462.222
427.744
199.33
462.307
108.24
407.291
34.4007
296.787
58.752
355.54
227.346
0.0930844
14.4535
273.83
232.808
462.748
0.434734
0.0118299
71.6319
0.0417496
156.911
392.918
301.721
379.601
257.674
462.209
157.764
80.7198
95.3399
300.673
350.687
79.9805
298.17
363.38
353.789
458.105
312.616
220.109
192.321
332.479
249.509
181.678
12.9728
48.9249
8.23833
163.097
462.125
6.19524
246.076
0.192075
220.251
461.139
0.617946
213.873
409.457
126.099
184.85
397.977
61.3054
462.129
462.037
126.687
220.795
65.7695
129.163
80.379
191.098
267.622
131.431
94.6869
111.737
165.628
53.4565
365.193
232.521
447.516
462.393
462.128
148.497
449.121
461.923
293.25
12.4647
462.01
223.17
0.401835
462.317
462.516
134.893
171.769
238.047
461.618
435.775
160.411
369.071
462.382
356.617
121.859
363.859
461.717
81.1518
334.629
462.347
371.894
0.223922
19.353
281.199
461.564
116.059
74.4712
402.329
229.626
208.009
462.292
462.958
437.719
106.485
52.3296
0.263383
61.1089
0.61902
403.643
356.037
308.1
105.862
387.555
462.045
365.483
461.018
344.455
0.837843
0.427298
462.475
292.922
175.165
359.121
31.6513
131.457
394.97
326.177
0.187465
368.084
462.089
23.9641
402.469
19.1095
0.47224
270.254
322.041
355.81
204.485
230.356
440.456
0.36027
110.604
462.112
246.54
461.968
151.796
446.854
281.495
222.206
461.9
400.563
55.2842
188.865
320.08
53.4439
399.365
0.297397
378.061
462.256
459.69
217.963
154.187
277.369
0.464099
64.2392
368.042
111.597
64.6153
191.803
328.378
343.363
246.185
159.886
37.1893
99.9288
462.503
0.0919328
194.476
42.3791
382.145
141.731
54.8772
206.401
462.153
191.03
199.752
200.337
462.062
291.623
452.402
352.286
233.555
434.549
462.004
232.533
462.203
462.469
178.924
139.324
461.934
441.674
94.3993
461.754
319.185
119.536
242.564
-0.293357
324.903
158.605
289.358
462.368
338.424
121.644
104.469
391.934
389.791
441.93
137.974
229.89
451.662
34.0653
395.454
407.91
129.201
49.8475
0.458919
174.871
197.719
387.452
420.702
243.881
23.9664
-3.12392
285.066
0.452269
217.999
148.066
290.09
19.9848
388.224
292.102
415.393
462.189
16.7624
343.31
24.1899
35.9537
0.335383
234.634
188.118
262.04
111.994
318.395
0.400983
150.044
134.338
253.089
462.204
229.583
150.686
233.569
390.027
356.525
459.168
119.634
461.458
363.968
146.929
462.217
97.9934
194.477
216.876
0.123771
190.839
340.388
32.1416
-0.171244
1.92625
9.00861
393.956
196.487
462.409
454.865
187.253
461.852
111.14
144.385
91.4901
9.03545
65.2925
338.616
173.667
212.444
462.483
185.77
358.234
353.688
6.69361
443.618
179.016
416.555
267.216
462.193
218.069
212.267
237.713
290.141
263.59
192.519
444.597
179.908
218.368
20.5033
187.679
433.061
94.4459
290.208
401.851
280.185
105.872
0.468949
296.813
0.56245
184.172
144.372
0.239676
368.92
-0.363161
118.02
157.689
234.581
153.154
91.0179
462.446
462.567
158.141
425.82
391.175
133.798
202.843
125.218
194.316
236.904
332.078
461.956
226.538
300.688
323.046
144.855
131.822
233.443
338.526
289.769
321.62
376.952
387.656
108.04
154.607
246.086
344.285
279.668
284.89
0.0611849
410.242
249.787
151.791
148.979
397.041
288.561
462.496
12.8214
462.061
155.268
73.549
334.753
322.707
401.884
196.69
159.743
341.197
379.772
0.1441
418.689
231.966
462.306
104.976
126.114
279.47
201.129
96.4907
51.1003
31.9532
211.329
150.657
142.995
262.593
26.1013
0.370059
333.28
344.511
186.704
392.52
71.203
7.84419
447.696
86.194
0.755758
462.288
322.763
133.102
314.611
40.2736
201.672
127.457
457.025
95.192
98.3398
326.059
462.394
462.409
246.49
155.857
324.3
451.48
245.39
221.86
250.805
102.088
360.385
52.7907
47.4414
256.206
109.093
103.972
240.102
435.793
462.343
141.389
125.065
416.323
161.771
430.336
462.264
408.393
293.495
222.716
355.672
67.2621
252.609
413.099
462.32
462.173
179.113
48.0406
57.4184
336.859
456.195
293.002
461.997
417.031
0.716689
306.834
283.687
190.484
341.022
66.4004
87.3591
226.351
323.623
313.043
303.933
462.071
176.018
305.751
121.575
435.178
138.122
224.8
96.3094
462.564
317.675
348.284
338.624
307.995
246.628
416.653
60.2362
67.7937
140.955
0.206387
46.8961
340.514
178.352
365.825
146.162
352.935
244.538
95.3321
0.765813
166.764
462.216
413.66
55.2106
380.068
353.529
122.857
243.974
282.441
244.396
261.34
310.862
414.515
143.157
336.869
139.149
165.135
238.829
192.487
189.038
192.645
332.519
149.199
342.272
254.708
66.3308
317.514
0.0115339
55.7113
462.238
98.7377
0.592089
275.26
461.193
269.901
87.6004
275.495
301.852
0.236411
60.067
224.921
415.11
395.152
234.759
345.564
91.0243
423.65
110.482
0.677439
0.95891
462.09
0.43283
448.022
268.969
54.2604
461.606
30.332
360.167
401.464
138.596
177.529
220.13
441.244
268.429
160.172
118.056
251.45
251.403
462.44
160.251
107.685
0.644386
462.141
22.1819
462.342
289.456
29.1161
130.92
146.717
89.38
445.324
97.4605
273.625
189.167
360.145
347.162
0.379793
258.916
229.821
33.8053
278.613
0.166785
151.763
425.794
449.147
-0.18224
162.743
357.792
0.755017
453.613
148.458
432.468
317.342
85.9604
420.074
461.886
436.194
277.083
369.193
97.7341
461.981
46.8703
261.841
363.714
57.7234
7.07375
259.78
407.765
230.145
128.503
374.526
383.175
413.371
186.819
462.076
183.816
278.282
363.35
318.305
90.4526
390.803
385.118
167.896
457.323
460.915
60.025
294.977
462.239
174.191
224.665
153.266
198.321
462.317
108.861
245.824
291.515
121.211
450.034
356.945
0.275525
32.4225
0.207824
462.479
441.433
447.137
0.23257
51.9575
113.765
0.0180372
280.866
0.340926
115.629
255.112
22.5113
91.5858
264.097
455.073
308.959
298.853
326.947
436.962
52.3358
12.1596
397.943
285.446
210.795
82.2964
162.05
106.038
317.327
326.823
153.424
6.24268
284.254
-4.10451
0.56064
217.876
140.108
462.06
140.412
73.1746
40.0321
258.076
133.631
426.258
269.744
407.015
180.949
200.993
353.556
180.26
296.274
0.445795
401.419
349.683
462.001
230.064
253.762
163.795
100.503
376.039
21.1417
331.575
180.765
0.00903399
301.643
417.307
330.504
235.349
0.654711
203.418
461.897
327.72
115.966
176.955
266.718
263.374
0.188594
455.911
401.646
293.712
220.129
242.308
426.574
382.401
340.758
366.307
141.864
199.981
168.442
462.314
281.432
335.838
241.305
93.9185
461.976
171.665
269.437
347.473
439.261
63.6109
224.21
88.9996
376.292
0.0630979
178.35
352.968
402.951
124.729
148.656
31.1198
349.706
330.422
286.462
3.43668
0.442204
462.193
197.538
339.496
0.430575
270.558
461.596
176.391
45.8751
329.209
0.375154
251.281
0.246795
462.526
101.508
170.795
330.214
315.984
0.383613
0.455733
345.763
462.222
0.273822
404.082
341.121
135.266
31.8566
252.528
125.387
180.808
147.742
71.016
71.8014
358.304
48.7328
436.303
93.059
387.019
311.561
198.485
0.317316
233.105
281.258
258.518
462.2
163.447
340.168
148.809
324.583
79.1863
227.997
38.6498
389.938
235.393
168.275
0.242978
459.145
216.68
316.444
216.819
462.09
355.979
121.206
16.3075
260.466
405.115
453.891
461.553
427.389
340.87
86.1872
316.042
90.1953
24.9761
183.701
300.046
461.679
33.3605
312.158
232.476
28.1272
398.059
99.2075
154.932
30.4305
382.048
172.323
346.208
71.772
462.414
168.979
102.873
229.662
457.394
462.435
101.66
203.938
0.197599
107.887
100.738
228.069
454.856
355.065
326.541
248.376
171.076
244.462
200.282
84.9249
227.732
193.882
45.3037
462.351
462.511
64.8555
416.491
240.565
14.9495
25.2627
44.0975
449.232
344.735
194.211
118.198
118.232
281.582
253.212
340.635
462.351
0.524841
462.12
357.265
462.106
171.545
402.717
427.806
462.224
22.5384
462.058
206.079
334.202
215.181
352.371
232.859
253.06
154.585
11.0131
437.631
283.632
0.366845
426.533
67.5558
422.024
119.394
0.449705
272.02
242.219
159.231
409.275
0.175849
451.482
0.260633
362.089
397.358
59.6116
0.445726
421.243
148.593
238.628
9.60436
163.061
420.77
390.905
280.878
461.968
315.718
232.496
83.0308
23.9766
63.6503
0.388734
267.523
82.2553
353.468
107.87
42.637
371.333
232.535
167.174
461.826
1.09347
388.472
331.793
272.023
0.649632
462.043
137.379
461.399
426.871
79.0608
462.137
32.081
232.125
347.732
462.511
69.7574
184.716
21.6628
461.688
6.39923
462.197
107.657
190.295
244.005
0.224906
313.232
237.046
339.783
342.964
462.352
426.383
103.141
461.766
122.559
108.31
462.025
182.595
193.978
116.231
444.425
171.664
408.393
232.038
462.211
341.612
302.575
140.834
462.222
103.819
288.953
112.747
461.831
35.4948
38.7285
297.636
40.2294
102.998
145.051
302.65
277.05
304.612
146.441
333.176
124.047
271.866
386.916
26.7907
170.682
239.731
191.949
462.299
66.4435
45.5082
249.937
144.871
150.513
0.186237
210.767
400.316
216.643
362.071
462.48
294.899
348.062
328.636
36.0449
193.902
459.282
138.989
343.65
83.7317
218.637
406.934
60.208
0.224937
336.542
122.194
73.4645
311.188
462.024
286.117
462.809
200.342
157.474
444.013
132.599
0.566628
0.303965
393.769
300.729
0.301586
0.542796
298.66
462.203
184.082
141.166
461.803
186.978
342.603
459.329
302.278
37.4752
398.245
187.404
384.171
395.917
310.781
266.562
54.1156
252.416
22.7517
177.926
227.989
329.623
70.5402
245.479
80.4143
102.422
232.286
258.864
175.468
60.1761
27.7506
424.772
441.534
169.943
461.929
303.66
451.248
406.556
0.117369
359.802
461.957
252.881
422.226
61.941
436.119
462.285
396.406
159.674
436.354
38.4521
169.732
461.916
88.9286
462.133
442.965
461.831
462.11
387.989
78.6821
0.521929
230.13
455.68
383.949
420.374
78.9812
186.543
298.262
135.544
108.423
452.698
-0.171129
36.2464
462.173
215.955
461.855
82.4896
38.4549
275.806
117.469
226.529
154.255
208.019
212.482
462.476
263.151
184.067
462.06
226.292
462.26
217.898
462.058
275.719
459.077
22.0955
104.466
178.79
213.496
254.235
229.905
274.692
462.162
462.063
462.404
0.584465
0.534234
96.9372
44.9751
152.324
68.588
159.957
273.472
209.667
406.361
171.423
434.548
152.226
410.698
0.715065
412.169
45.204
170.386
187.992
461.513
346.48
0.149597
45.9084
462.109
18.8737
52.9379
64.0285
0.0278756
253.434
340.208
244.458
160.262
462.075
374.298
260.793
366.721
230.374
462.008
461.999
202.371
0.146277
280.95
277.639
-38.3692
282.238
268.442
37.5455
257.31
200.782
442.695
0.508547
137.229
108.406
195.943
374.833
462.48
-0.288877
0.237523
462.112
436.815
387.386
164.89
57.3365
1.09125
337.068
31.3437
0.72245
324.489
462.545
64.783
341.19
462.618
171.829
428.06
357.466
0.470808
166.597
41.3534
407.935
330.928
281.273
227.011
41.0544
0.636134
440.377
294.226
461.396
369.655
184.518
140.678
157.972
85.1805
461.629
401.437
340.741
338.261
225.196
31.7489
269.289
97.455
48.2581
371.073
422.6
289.097
353.107
363.862
122.608
266.847
299.179
462.662
310.139
177.065
222.962
283.54
152.775
110.226
462.229
154.575
256.464
73.6993
116.658
32.5288
248.875
304.058
166.329
300.248
98.8511
20.6446
201.936
180.56
167.382
1.28479
262.447
290.34
458.889
401.405
334.008
458.817
156.283
370.132
461.632
176.54
0.407661
0.920066
408.806
0.367313
64.7019
237.337
39.3911
417.253
246.13
401.569
178.227
122.956
222.016
462.298
462.172
238.217
189.623
129.123
149.16
47.9782
339.524
302.317
436.265
214.646
462.384
180.118
336.559
347.814
388.87
228.2
0.17566
387.499
462.134
50.7554
279.544
219.994
461.691
160.337
225.301
22.883
283.745
363.889
283.799
334.059
74.9204
203.422
188.964
76.2335
30.0441
381.965
158.058
130.587
92.8778
85.3893
84.7986
430.473
146.528
0.944082
62.0796
120.678
82.3814
-0.0223627
329.176
0.0825628
54.1087
264.048
251.395
342.201
462.111
461.993
113.655
0.563796
333.384
443.227
66.0542
191.768
56.3394
462.28
290.234
194.305
309.335
260.928
396.893
10.2722
109.483
436.825
461.653
10.6129
308.433
45.0099
69.3959
47.4646
200.833
249.11
100.745
125.907
38.0055
462.825
400.338
315.975
363.465
342.487
0.132981
90.881
190.144
291.036
0.390474
122.385
298.084
440.656
0.531976
201.665
92.4744
309.667
461.76
249.435
463.998
449.849
308.658
462.294
393.022
359.668
90.4312
155.345
204.129
12.2121
404.639
461.986
356.81
289.43
353.477
75.06
186.83
0.0139625
3.44282
461.971
400.201
138.729
16.9866
97.2499
308.581
35.5831
380.494
372.363
281.779
0.235001
110.103
214.055
261.761
81.1771
71.6755
263.505
462.449
260.791
462.433
0.254511
0.855333
84.8152
193.204
110.067
462.454
265.081
113.91
391.397
0.514366
462.061
196.336
462.453
462.251
222.641
462.155
348.696
85.9107
258.066
202.344
461.988
283.105
461.792
0.669392
400.703
462.292
281.167
416.883
278.384
461.994
0.81341
459.133
108.751
54.6422
298.942
232.403
308.993
32.1058
139.962
257.289
84.6877
397.319
365.947
59.168
462.364
5.92454
277.634
462.326
462.035
84.4738
134.645
241.065
460.688
-0.0803644
133.594
301.194
119.283
79.5543
5.65774
320.781
138.774
442.906
247.132
89.5883
286.293
0.238192
158.938
152.702
0.432762
356.165
116.634
256.286
61.9906
212.789
110.824
316.33
321.059
29.747
197.411
0.264094
451.889
122.614
430.096
357.102
320.032
462.357
20.1647
285.734
462.157
258.338
7.85151
192.3
462.261
462.109
91.651
10.3726
352.759
279.339
85.2432
459.695
462.234
11.9346
303.983
439.301
210.483
461.298
150.445
452.104
461.266
129.462
297.871
197.697
448.847
0.868375
155.126
189.09
66.994
192.04
131.141
239.533
1.50877
395.729
408.991
170.684
18.0103
408.663
-0.754582
396.086
159.429
172.051
244.256
198.015
61.9591
11.0099
193.215
48.0343
0.398092
263.83
0.422555
270.056
255.315
461.33
0.392138
349.285
190.598
232.023
402.529
407.403
58.4581
0.0419531
462.004
162.735
0.498841
172.791
376.475
330.023
417.287
2.25364
152.48
369.746
265.057
252.521
350.155
72.6708
89.5651
342.273
127.489
127.346
422.019
155.131
125.864
353.914
138.954
434.896
267.104
113.55
295.221
424.434
41.762
458.285
433.657
57.6767
462.21
221.6
461.816
0.420032
185.743
31.0802
227.149
152.179
386.237
344.348
347.187
74.4473
202.707
462.06
212.812
286.538
296.451
284.056
211.793
23.2812
462.2
169.481
1.08832
183.338
353.093
20.503
211.459
44.5369
44.6577
288.946
264.793
147.908
306.402
403.007
462.3
100.486
389.25
327.499
360.142
403.17
257.818
462.133
199.136
374.512
462.067
462.221
0.956854
351.448
118.403
80.9724
0.477826
27.9024
376.245
448.656
131.77
146.49
97.7329
177.571
260.325
96.295
232.298
0.448621
238.479
374.47
90.7815
225.015
194.758
82.301
394.149
299.063
203.58
257.818
267.18
67.5301
191.172
224.611
153.784
246.342
27.7502
204.422
462.121
462.297
0.904762
426.558
462.381
389.403
431.611
167.078
72.7811
294.265
94.6065
166.63
461.981
148.563
137.838
421.552
59.8016
30.0301
63.9948
311.574
432.212
441.352
64.7081
232.519
0.313039
109.364
409.415
283.824
421.902
195.723
275.661
0.561277
170.851
291.29
3.43493
0.433545
422.791
393.198
75.7145
362.017
317.776
171.156
356.872
449.203
237.884
295.264
68.4965
11.6695
442.296
0.739097
53.4643
249.165
0.0737072
461.986
462.076
312.504
405.564
-0.00364424
392.931
69.8628
248.53
267.693
461.218
417.362
97.4668
297.15
393.303
462.35
376.535
5.35667
0.0378337
421.847
142.43
0.832095
411.343
0.900073
0.122513
137.031
340.957
5.4626
11.3478
411.007
462.443
175.352
461.774
391.44
345.576
279.926
207.798
273.673
462.269
0.485224
284.86
424.859
0.337626
87.217
-0.0442056
471.145
460.908
462.24
273.549
422.936
462.39
460.626
421.463
333.762
462.034
89.4112
232.171
250.309
161.136
301.159
177.554
461.559
2.20961
12.4107
250.731
81.9282
462.157
131.908
140.893
244.069
291.082
267.357
397.049
462.246
331.706
304.48
95.9424
81.9813
134.581
237.022
83.7148
349.425
462.151
46.3229
104.884
339.348
266.984
39.1518
22.4117
199.842
0.319616
411.529
232.158
352.954
135.718
461.869
28.3481
356.384
10.7519
384.04
419.901
302.35
239.395
388.804
59.4418
306.202
318.593
61.2833
313.467
160.932
178.893
339.095
251.584
0.396919
76.4929
410.782
80.0147
98.1847
320.95
4.54256
209.099
462.217
249.014
312.82
80.3597
61.2789
339.827
83.3569
81.6638
59.33
240.36
280.027
210.846
119.816
193.446
3.64437
185.689
317.507
367.057
250.933
13.1669
431.522
435.183
65.5948
331.37
68.7058
462.03
389.96
203.23
233.142
14.962
83.6468
5.04338
250.883
0.609104
238.74
149.795
221.448
91.2875
447.942
0.0863081
225.233
462.168
0.250008
396.898
49.8864
77.9941
273.98
0.0162826
161.283
390.308
462.07
400.343
59.2919
59.894
239.318
129.889
250.308
0.131297
444.561
263.859
462.285
216.544
462.512
399.762
96.307
336.48
289.768
28.7856
222.605
460.904
441.203
55.2707
271.199
461.934
0.354415
103.715
414.616
75.7159
0.473036
305.443
325.476
4.54792
197.107
6.50211
0.77991
462.131
1.76807
462.213
367.3
1.40229
170.559
0.523753
134.797
140.664
182.002
140.772
4.4562
462.147
342.736
203.438
388.139
274.578
310.024
236.064
355.667
33.0501
55.5635
119.734
408.017
110.473
187.491
308.878
305.994
381.01
87.9523
462.36
323.991
0.0835173
382.505
139.025
195.325
322.503
379.162
27.7042
138.827
179.653
50.5533
54.6502
0.398338
462.057
19.3756
365.811
47.6418
-0.0862373
462.093
379.143
342.577
203.938
202.064
69.1038
366.723
0.145479
174.516
462.372
303.841
11.209
247.132
440.355
0.265492
302.259
280.801
44.415
171.484
9.29397
265.503
230.089
408.319
386.154
445.092
81.2186
425.459
307.001
233.608
462.498
416.488
151.409
19.8563
461.669
227.588
0.0808374
462.237
313.951
73.8517
458.802
243.264
311.024
0.0708316
168.766
13.4968
-0.0374323
374.175
192.069
166.316
232.832
462.391
287.969
171.774
462.235
251.422
137.821
447.551
91.4647
45.9182
75.1417
0.524067
396.321
200.01
219.991
389.251
348.901
294.821
439.225
155.362
152.113
0.381813
144.032
39.3971
415.254
179.539
48.7531
249.001
0.347376
461.648
422.026
276.132
278.315
152.215
390.39
0.395283
22.0548
69.9612
106.413
462.109
284.008
354.798
401.261
315.227
287.613
436.062
0.392195
441.719
49.7846
290.101
34.6937
238.164
103.259
0.475778
0.292331
341.142
300.551
130.393
358.717
339.921
228.163
399.332
40.2582
86.5593
164.012
462.513
1.55026
134.35
138.428
236.891
462.211
171.714
129.859
266.443
307.931
462.285
146.104
206.722
462.062
254.724
243.352
50.9114
133.367
69.3212
300.058
9.04286
368.921
269.783
44.9187
0.757926
160.437
462.075
177.962
442.27
461.764
-0.0840704
208.308
154.856
111.68
239.47
144.42
215.176
88.1299
302.643
0.296971
70.9203
282.853
292.227
0.205852
32.1159
279.979
124.749
57.6957
167.734
234.731
462.372
26.1959
275.163
258.647
462.199
194.16
412.133
180.235
0.12922
398.057
313.402
214.125
152.358
172.997
384.614
29.156
121.725
311.383
386.17
10.3066
20.2008
2.40279
412.432
124.376
299.063
462.059
136.919
461.994
281.68
176.646
408.241
257.538
238.948
266.872
314.006
354.645
162.479
185.462
232.295
0.548235
461.296
257.026
265.396
238.727
115.111
195.848
350.72
415.67
32.1892
437.476
0.348
232.555
0.419901
298.205
24.0377
369.125
172.433
399.225
178.167
232.589
339.613
83.1464
68.347
285.819
419.071
220.117
460.723
159.829
365.823
327.468
42.92
461.576
289.564
104.316
462.254
164.941
398.692
328.403
303.372
88.163
325.566
67.7228
174.151
73.764
239.24
63.1627
105.262
88.7399
87.7834
461.718
0.44671
462.243
155.861
462.424
358.278
170.363
58.5241
335.175
290.954
393.553
29.4483
0.56176
462.015
462.179
32.4363
390.568
173.128
427.186
376.826
351.449
209.156
303.226
10.4463
32.3059
0.868788
268.796
330.193
263.906
461.775
425.335
156.128
15.9029
427.537
462.343
313.187
354.775
437.147
156.35
461.827
0.285843
350.684
82.8507
90.2921
411.04
147.587
40.1465
237.971
90.0733
358.132
226.807
0.713471
230.285
462.241
324.825
247.651
407.768
432.662
461.225
155.46
315.319
149.609
223.017
462.129
462.516
303.337
13.1471
234.808
412.652
14.2129
24.2128
179.673
434.794
361.4
192.224
309.156
0.548698
289.694
235.047
282.865
462.231
62.0778
233.035
141.64
144.277
462.451
192.009
462.234
1.28659
438.557
462.358
158.288
462.455
95.3904
225.466
34.5508
350.271
54.5815
296.318
80.0071
250.64
462.213
198.113
124.47
130.41
462.002
358.799
-0.518874
99.7184
309.871
303.165
214.002
-0.0996838
304.865
296.813
0.177738
172.648
443.827
112.926
86.2059
48.0369
410.5
243.425
229.947
9.34921
239.728
372.29
109.557
-0.0528556
462.409
462.284
21.1799
144.982
232.456
239.286
130.494
452.013
382.435
366.737
182.454
275.736
152.348
434.835
328.456
105.368
86.8753
37.5823
216.907
434.644
462.126
272.248
43.6076
166.547
6.68527
252.73
371.238
384.647
93.5364
462.387
0.293428
461.838
324.424
287.506
3.93738
459.817
92.3424
211.921
189.237
60.7984
462.522
85.5815
-0.728577
49.3077
447.223
116.606
296.706
243.702
304.327
228.328
427.428
293.061
79.3878
4.16965
57.9364
264.273
212.335
259.921
176.835
462.41
18.5913
0.0337933
269.091
229.757
417.309
309.568
216.618
383.137
167.725
441.46
169.203
69.798
336.732
67.6513
363.73
0.844018
460.35
131.388
335.451
462.379
134.418
125.059
0.345481
462.542
70.9512
0.102631
403.361
192.137
103.172
0.188863
462.093
0.463087
20.4667
300.415
161.34
203.585
424.416
0.741834
400.364
462.146
436.561
461.587
205.83
156.614
129.576
347.312
221.811
461.286
95.0911
241.055
367.481
288.08
346.23
139.4
352.819
237.435
288.972
28.5793
167.716
274.801
139.62
418.882
448.876
462.234
155.699
458.122
421.508
144.304
284.959
73.2165
384.285
198.889
187.062
0.389719
41.9544
160.271
126.4
146.165
462.608
119.518
460.395
354.93
458.275
156.141
222.3
-0.294807
188.67
454.692
164.75
378.011
387.245
211.364
363.349
462.754
139.523
222.337
371.872
447.931
0.114545
397.452
169.736
462.19
198.231
462.536
118.056
210.877
146.762
196.624
221.279
12.9733
242.74
266.89
296.083
303.235
346.915
282.639
314.467
83.3651
50.1836
242.866
438.133
45.8031
462.253
300.084
3.43301
226.346
0.0701641
428.302
415.928
462.181
372.341
74.594
92.7769
185.44
1.32246
462.076
9.83528
412.42
357.218
91.1987
267.63
84.9991
361.246
308.544
94.4847
388.528
236.451
173.15
462.134
262.106
227.582
197.781
221.845
206.938
458.369
390.769
302.155
462.311
415.122
92.6102
462.113
240.866
239.73
213.632
10.0217
418.955
378.742
388.814
447.482
180.605
249.384
462.523
230.317
142.08
68.931
0.113639
444.521
271.784
152.195
461.574
18.5862
35.5737
399.874
201.365
142.44
65.326
263.357
98.3173
330.143
461.894
242.12
20.0336
232.566
462.085
168.151
191.753
343.736
462.232
219.118
189.257
19.7341
295.59
115.791
381.261
84.7493
8.05881
0.375996
296.324
195.216
326.365
387.205
338.291
308.686
186.169
62.1096
422.646
248.276
250.086
445.874
417.958
253.877
53.1571
222.298
404.525
230.571
378.578
422.392
443.74
0.783348
461.823
102.199
161.195
114.494
33.8445
271.644
113.795
238.311
381.408
0.00798702
154.407
0.390504
367.003
455.822
75.1404
0.304705
265.586
76.6877
60.698
201.825
451.41
52.6681
327.621
407.885
0.183073
319.603
462.169
424.689
449.935
32.9969
128.187
142.219
251.132
442.277
117.541
462.589
73.371
323.572
440.624
54.0833
101.976
304.882
24.9065
98.6223
301.742
299.169
24.9235
80.0352
434.123
82.0648
0.0742114
462.087
406.591
458.26
238.677
439.054
462.452
93.5692
403.809
108.319
462.764
41.2096
33.4471
290.289
259.173
377.965
4.86493
263.373
72.2603
284.216
206.788
462.254
260.077
219.178
280.649
213.542
272.31
149.35
86.9044
74.4976
254.829
229.95
222.215
36.4107
194.535
217.238
144.705
422.712
462.15
40.2291
0.292501
242.5
109.07
438.938
151.03
442.232
0.439671
462.007
313.819
294.639
452.429
17.0783
166.19
334.864
99.7608
221.995
131.542
0.22826
119.045
119.192
462.511
98.2268
167.372
82.2885
339.592
15.2275
410
462.42
387.367
394.144
0.377033
291.25
288.433
14.0547
0.879628
462.041
293.111
429.128
462.152
0.980961
28.7946
462.412
374.269
358.051
462.227
54.4536
186.534
267.44
265.122
28.6331
462.322
273.092
174.507
234.736
185.405
320.057
0.221636
333.185
248.225
461.702
272.645
355.977
411.726
277.68
212.525
462.099
346.216
299.51
258.724
462.183
20.1259
454.031
183.113
156.303
284.469
206.722
45.8438
0.431524
277.152
68.0624
0.640426
371.513
351.032
242.961
306.623
94.3572
236.875
189.976
143.141
131.565
299.379
297.612
445.662
462.076
89.316
336.585
296.353
249.4
461.17
83.4304
184.805
210.014
321.383
6.64314
365.667
53.043
251.954
194.096
66.5907
32.2109
462.19
255.679
166.851
2.03775
263.735
23.529
286.811
394.492
181.361
462.362
284.173
205.756
0.1286
0.321617
462.016
14.3374
141.448
94.5785
75.513
177.631
255.047
461.259
117.135
304.04
0.178853
160.581
268.295
346.237
-0.18606
0.332361
462.817
462.19
0.171144
462.314
462.136
459.47
256.588
462.17
106.593
446.866
246.946
436.384
140.274
318.224
392.078
206.507
183.167
298.073
230.134
0.505501
338.99
164.249
0.941419
249.737
1.50204
141.437
0.289621
0.977552
429.1
52.5051
158.367
263.293
77.7251
287.298
196.15
0.212563
0.785273
347.5
443.442
195.999
35.017
164.788
375.528
1.98994
31.1559
0.182585
332.934
292.217
19.4338
19.3106
160.308
257.185
339.73
462.129
364.306
312.859
347.793
83.8412
462.088
228.007
461.704
0.824338
351.933
190.838
328.86
0.235939
7.62155
462.171
277.909
67.9905
302.111
0.325993
76.2016
246.9
121.176
127.532
384.51
111.041
16.2967
94.7052
364.518
156.348
1.13354
462.155
457.293
109.015
386.156
401.774
447.968
160.364
232.017
381.119
48.5457
461.009
37.3089
206.008
217.221
333.825
147.395
357.42
258.591
282.028
195.567
56.2601
222.22
311.933
335.4
25.3495
442.223
198.752
130.888
230.624
29.7739
446.114
112.673
462.163
98.9625
339.494
157.599
0.493052
324.871
50.121
258.05
462.459
141.977
347.694
103.176
339.653
-0.0514745
448.529
265.692
22.8174
397.503
384.176
395.583
216.568
461.943
202.599
439.367
151.939
462.185
174.846
147.236
0.749849
194.832
348.837
361.023
117.261
95.5298
332.512
313.87
286.565
381.484
246.053
95.9137
392.959
244.29
325.387
383.093
70.0312
324.816
166.839
86.8121
98.0313
366.656
107.46
442.287
328.704
244.802
288.289
461.691
462.282
461.684
315.387
461.687
339.427
167.644
92.7101
457.65
375.443
114.558
-0.736095
100.149
94.7779
382.711
115.466
44.5699
0.391594
191.399
335.414
462.392
414.511
389.214
7.50362
165.707
311.398
37.6116
391.916
421.265
12.1211
446.913
429.796
461.913
8.78557
93.9066
462.038
0.0307703
57.7179
311.85
289.795
141.18
367.219
73.7919
349.535
240.39
229.184
229.876
299.54
421.324
120.714
449.917
462.432
-0.0404501
70.2514
318.969
336.264
462.267
462.306
5.33848
440.958
436.928
367.916
105.624
354.789
66.0306
100.796
23.1975
0.475747
0.293024
165.538
311.697
311.647
0.963593
409.826
322.627
462.447
264.109
113.287
461.664
461.476
232.374
0.551836
104.634
126.904
462.201
462.327
-0.287048
393.085
461.975
378.185
237.388
7.71902
345.552
351.694
309.37
0.564955
0.23124
30.7226
172.483
243.237
281.236
377.858
0.616769
429.749
129.263
383.555
434.368
109.759
120.802
439.589
-1.15215
418.669
87.2578
131.967
453.309
403.535
356.5
109.026
462.352
462.074
461.956
320.692
154.004
83.0316
186.834
315.082
85.7609
91.9198
113.541
187.798
214.554
392.256
462.042
181.739
72.1265
267.28
0.143746
86.7868
0.614281
0.383572
462.307
0.309102
241.986
325.34
394.413
0.941941
0.172805
278.299
4.82218
156.476
85.4543
-1.4922
32.9931
232.354
98.3306
230.28
33.114
190.542
54.5945
247.17
126.555
0.2044
287.428
34.42
460.577
65.7096
189.578
247.199
333.335
60.5778
373.56
384.193
277.715
322.77
205.795
232.238
169.521
190.665
201.409
131.944
212.097
310.669
461.162
0.682807
365.954
29.0485
148.926
462.322
34.3984
462.262
79.1755
130.264
391.424
348.33
321.564
462.538
462.366
172.458
259.416
301.565
9.06667
107.739
0.835182
365.369
144.746
0.0419034
293.814
259.791
303.478
354.904
434.807
133.938
462.52
38.4032
329.487
30.1426
344.745
327.001
204.63
0.463176
328.378
286.909
-0.222496
272.27
407.7
147.383
381.617
462.907
259.355
155.852
54.0775
348.31
1.58935
396.986
246.745
273.474
156.111
312.555
37.6317
354.907
133.633
238.937
462.275
43.1165
243.271
328.233
244.09
322.398
97.0994
367.404
462.224
387.687
431.407
0.250373
52.2475
61.5923
285.942
240.732
175.197
254.402
459.045
233.171
349.512
406.497
53.0454
-0.0279307
-0.331227
332.934
232.481
429.192
263.364
463.028
323.672
290.943
317.264
1.24384
166.528
285.678
86.1375
43.0796
173.066
462.276
132.791
184.523
309.272
33.5749
320.586
224.237
246.765
338.73
362.95
408.759
54.326
420.516
462.43
458.781
462.341
196.929
79.2635
141.056
5.45842
204.098
28.891
129.432
462.033
398.006
94.9646
434.788
91.2141
462.378
201.966
416.132
109.536
406.718
0.863938
395.218
35.1037
30.8895
0.426274
387.178
33.0728
365.672
0.0925215
462.275
462.169
462.482
199.748
338.439
107.222
323.447
406.775
27.2
307.412
364.922
0.411055
51.6666
403.242
296.881
126.572
226.46
282.425
462.149
131.845
130.427
0.233533
328.364
260.549
462.14
462.64
221.052
0.181704
180.014
190.266
426.199
443.042
398.284
237.115
116.029
463.481
321.606
462.433
98.278
323.6
336.774
158.974
59.2512
222.555
16.7344
19.021
181.813
114.079
64.7434
244.148
247.747
363.756
409.124
462.402
223.079
87.4539
461.012
196.12
255.043
462.609
81.0042
308.08
296.749
252.629
346.276
105.735
149.425
58.5928
202.15
213.251
261.158
77.0597
462.266
41.3844
181.984
161.134
363.851
462.086
50.2123
426.202
395.283
286.962
29.2628
53.8572
460.364
462.194
460.492
189.517
275.248
446.927
270.429
206.37
182.1
462.199
462.131
158.478
462.404
190.816
61.2061
276.585
178.878
164.834
339.346
224.029
187.721
311.104
462.19
299.073
4.28278
253.149
438.561
276.016
462.063
340.247
25.4914
451.315
413.857
324.448
165.007
418.693
458.363
0.514214
0.500597
394.229
342.239
305.222
457.902
234.259
289.466
462.011
198.317
214.792
289.668
122.183
310.942
315.894
149.926
451.631
129.007
128.944
433.534
462.12
0.772062
376.762
324.086
0.080157
207.736
462.772
407.4
315.358
462.219
192.357
438.575
295.561
172.875
293.766
127.784
114.645
377.192
184.516
163.006
346.376
54.832
62.1876
283.068
218.079
58.3756
259.299
281.177
165.639
107.303
244.395
325.185
462.075
242.889
0.139834
49.7574
333.363
462.378
200.73
18.9669
324.759
323.509
162.851
388.69
31.1348
400.7
104.847
433.677
92.7305
448.04
171.183
311.264
345.167
151.279
45.9896
274.3
199.817
201.792
26.3751
32.2825
319.636
461.614
0.984453
270.27
17.158
0.0583362
414.456
457.253
0.441819
212.402
189.943
189.723
250.677
0.707613
396.047
102.499
0.136457
382.993
83.113
161.66
359.353
18.3489
105.739
0.582107
1.0146
461.906
242.9
173.392
247.144
102.677
420.764
24.5595
56.1888
461.852
462.103
305.222
416.842
342.967
24.6077
0.421167
93.8075
462.432
154.243
234.241
393.606
0.179039
360.516
462.244
322.489
290.193
111.573
394.537
84.863
368.375
362.803
56.8685
355.71
399.002
309.17
330.738
316.154
284.867
108.65
136.223
0.443855
461.099
222.581
95.3505
258.453
462.662
65.6607
0.423588
385.917
416.495
456.381
56.5683
130.723
204.06
228.568
1.43764
273.261
264.073
217.548
458.781
461.989
308.636
224.957
158.748
320.817
71.9569
0.574391
265.035
269.94
0.317308
66.3045
180.91
461.882
221.689
212.52
393.296
172.664
0.168227
385.098
0.15185
2.08967
319.479
244.095
287.69
120.135
239.044
248.743
181.228
23.1669
462.495
84.8976
290.034
254.66
132.528
53.7549
371.451
13.9938
243.577
208.907
412.68
133.482
2.7437
337.285
279.072
180.736
234.417
325.714
266.069
0.156503
461.97
255.077
462.259
105.546
462.334
366.677
39.6145
307.241
237.906
286.918
360.131
251.192
384.724
312.95
415.772
-0.159859
354.709
462.163
122.264
409.824
138.142
193.147
258.307
236.831
278.464
211.631
75.1848
462.16
287.605
304.829
279.461
160.186
-0.101134
47.7284
0.517143
462.072
435.725
101.739
135.706
241.813
113.144
312.017
200.772
220.318
417.917
330.639
242.382
204.233
215.723
294.645
296.154
241.283
307.474
77.0406
188.77
390.541
356.865
462.273
419.773
162.704
345.404
400.519
44.6193
431.341
266.077
341.846
236.761
361.611
449.18
214.055
404.802
70.4897
0.497896
13.7062
229.753
215.587
0.433117
401.95
462.495
462.23
167.483
323.353
0.529114
462.453
462.374
249.154
351.888
255.65
408.833
250.401
161.348
58.2875
343.527
0.137612
133.104
156.172
71.207
0.536743
373.411
122.014
288.535
95.8868
43.1052
60.992
407.413
255.8
271.365
295.144
80.6065
102.081
49.7368
288.445
0.421491
435.794
290.745
461.601
135.225
240.671
33.1031
212.417
182.112
165.763
178.617
0.0221251
462.197
27.9044
300.25
436.084
236.898
342.786
276.43
461.34
195.419
234.791
322.244
461.715
369.974
383.222
40.3537
462.146
0.0614473
171.496
292.723
9.01175
426.596
0.0159252
68.4437
97.9135
161.26
189.357
68.4598
10.5456
446.32
128.371
315.604
9.61545
195.131
244.955
101.675
0.240777
0.0796033
114.715
149.426
247.2
388.436
328.71
0.37778
279.502
460.877
0.612116
248.394
395.375
104.921
248.865
351.872
3.90788
462.179
462.037
301.348
0.224084
0.55427
-0.120964
462.277
252.585
374.347
-0.241958
81.7771
125.835
0.229517
273.127
237.36
247.376
95.2555
236.479
261.735
156.606
370.11
277.699
413.957
321.347
307.89
72.5176
199.627
287.423
75.1906
67.3419
235.172
1.02705
124.743
462.082
277.017
132.824
348.888
120.066
257.872
243.816
6.14432
344.263
153.679
93.9938
284.591
120.242
266.725
114.12
0.329584
276.586
461.924
462.086
0.148876
461.994
232.194
326.012
359.504
71.8152
462.253
420.213
255.185
55.1167
368.733
0.457839
71.4946
100.579
307.487
424.326
105.185
198.601
254.314
382.139
40.7571
112.17
462.299
-0.247955
123.707
23.9171
115.526
0.417564
0.454968
201.714
0.135162
116.146
0.244837
462.404
385.896
91.4242
0.133532
0.365269
134.22
217.911
63.0385
241.772
1.35401
0.87102
7.22811
213.163
462.056
210.386
97.7494
102.225
249.765
462.468
462.147
0.263453
426.533
192.141
63.5401
462.333
0.247366
68.3055
461.737
303.95
249.004
412.231
462.279
92.7785
240.158
250.763
145.294
462.316
53.6316
122.41
279.173
355.52
462.435
124.827
100.358
142.974
77.9601
430.474
462.16
166.529
0.0271903
447.144
51.8189
392.154
50.6344
405.109
291.621
177.214
102.855
244.688
423.715
309.729
98.904
124.405
110.426
109.596
355.448
257.329
242.7
450.275
91.8554
462.515
0.307405
199.034
462.055
175.575
238.323
311.006
116.796
170.955
275.453
47.1347
55.4347
419.288
0.107274
149.048
37.0962
72.2647
404.059
312.266
353.866
265.828
214.655
354.942
75.5089
264.749
150.76
452.942
200.278
256.966
0.504568
395.813
29.4179
462.023
351.919
241.94
102.52
288.853
48.1571
370.589
137.459
0.477847
147.355
241.882
145.112
198.785
446.934
247.037
105.232
0.178571
294.833
257.216
128.1
191.036
123.983
342.75
180.503
216.028
81.1833
336.588
243.984
256.106
413.302
27.153
98.4987
7.02911
326.432
121.293
246.416
0.356541
216.27
24.6091
260.721
34.8776
229.844
336.289
358.219
8.33648
24.1052
419.255
452.956
461.718
48.7003
0.170856
206.507
167.589
196.493
165.583
311.567
155.24
0.777729
322.747
149.57
167.825
260.433
224.128
462.129
146.686
462.178
0.582486
462.364
418.45
333.635
458.812
194.505
-0.193251
461.604
446.597
258.705
462.412
77.9664
324.476
130.606
430.55
391.517
329.35
0.835006
182.853
372.765
345.378
0.315382
198.759
0.299148
173.241
115.688
127.038
462.108
356.247
161.195
229.592
394.522
276.011
462.442
303.859
31.5693
0.272588
0.106872
461.329
368.479
462.139
380.316
358.128
162.939
164.78
408.44
45.4707
242.483
282.755
153.708
462.082
438.156
53.6155
11.8605
307.337
41.7959
0.96418
0.166417
183.7
260.199
462.084
203.552
177.951
370.697
57.8754
377.394
110.508
392.697
0.334608
0.606059
69.4424
0.357773
133.7
116.912
156.006
27.1505
222.744
68.3241
395.298
156.156
0.399927
0.501239
386.946
145.647
0.384304
369.94
457.37
0.484309
455.785
430.252
144.094
424.92
129.183
360.533
0.355465
462.294
462.235
167.735
155.714
239.425
131.135
232.898
1.02869
462.073
269.117
205.184
232.07
0.155315
412.408
238.999
413.726
350.433
199.43
303.575
357.434
383.73
0.396041
437.564
1.2803
219.823
462.3
308.578
354.036
422.32
172.878
-0.173142
0.345935
5.81381
362.64
131.827
37.156
380.659
462.225
462.554
83.3197
272.809
0.463886
295.613
45.7869
156.876
87.799
170.172
119.109
102.632
142.42
111.644
180.989
448.576
304.85
247.717
247.904
75.7322
118.694
0.0270856
259.368
0.0571579
160.387
287.607
271.245
462.128
75.6353
462.063
0.452742
461.618
403.325
254.994
79.1375
392.961
462.492
277.461
-0.210895
0.311387
1.18806
454.599
122.805
0.668669
182.865
119.294
215.658
116.533
318.806
452.971
337.031
189.211
212.206
251.837
0.147469
462.032
144.404
462.255
180.363
375.028
312.303
95.1228
0.00942433
353.946
67.4437
431.513
0.849112
269.292
438.096
275.165
462.063
207.077
86.8628
88.9708
13.1351
86.2643
462.511
1.70225
384.254
462.127
462.233
236.824
294.579
0.396478
133.202
314.453
250.293
212.228
0.183434
69.3788
244.292
89.8712
453.134
186.763
215.788
335.095
53.2459
194.221
333.562
462.274
462.317
342.155
93.4623
153.164
227.294
91.6228
444.733
399.142
239.522
152.866
119.363
461.825
0.312988
116.37
133.388
90.1927
0.257997
166.608
333.095
425.968
209.304
94.422
46.0724
207.529
0.192943
322.143
307.103
462.189
157.487
68.7072
98.6172
428.894
0.0998611
386.521
0.341728
130.728
188.742
377.782
283.45
0.0339984
350.606
341.232
105.459
456.157
97.133
138.179
462.01
245.722
143.605
232.633
323.473
156.101
6.22886
158.514
48.1763
252.878
22.1415
286.121
201.563
20.7057
305.852
79.1603
117.045
0.212882
50.4943
320.768
298.631
0.186709
246.78
174.407
188.99
462.418
84.7932
220.347
193.671
236.233
442.667
280.514
462.119
303.356
168.119
335.038
74.9527
117.028
74.1331
-0.038713
311.153
439.218
462.074
110.965
0.21549
217.228
462.521
311.094
0.339331
16.6144
354.81
173.548
362.033
413.197
343.886
440.249
355.551
417.183
298.646
462.372
365.707
283.036
314.77
151.544
448.427
0.38277
0.296144
177.712
291.783
114.722
459.571
19.4803
40.1101
303.429
182.048
145.797
366.201
90.8481
88.0424
264.152
393.322
101.104
429.8
462.271
441.649
1.47638
309.581
72.4102
400.377
144.152
128.166
206.181
17.8313
1.25008
51.8635
359.193
142.603
48.0786
401.883
462.495
317.19
170.017
132.705
52.5357
327.538
296.951
286.916
424.2
462.251
325.614
188.257
199.96
75.8576
178.027
117.712
273.019
4.08788
412.133
0.387466
394.935
175.055
0.330244
76.4205
431.03
185.093
377.694
0.853856
161.818
151.05
225.245
300.368
54.3781
397.679
164.955
2.77937
413.541
262.859
308.368
462.086
393.268
294.63
419.187
378.224
281.629
94.1466
394.803
462.328
303.723
324.896
334.565
363.799
461.805
186.234
0.0660907
273.651
408.556
0.944556
96.3221
105.919
62.1623
448.293
280.329
232.312
273.974
0.851665
405.077
0.28863
436.675
354.251
226.045
90.0373
0.349415
462.247
0.716221
-0.256926
99.525
344.239
146.085
414.971
362.078
279.724
331.446
285.78
434.615
109.821
141.951
285.254
21.7778
386.67
-0.416803
33.3997
197.511
179.473
145.623
462.323
138.933
417.009
144.936
369.638
277.373
368.277
431.749
110.34
461.859
367.895
442.032
212.866
122.663
0.953584
365.405
409.791
255.585
0.324773
256.338
244.295
255.557
186.643
92.5783
151.2
13.969
0.494029
66.0347
73.526
267.509
190.185
165.834
29.2152
77.3157
12.6743
-0.179011
461.045
246.368
337.454
187.74
100.901
444.484
286.09
407.95
344.508
357.476
395.62
0.135988
248.139
60.4317
386.672
164.939
181.228
416.802
461.537
343.56
340.066
325.878
270.685
386.622
330.334
373.242
341.15
338.909
390.392
177.612
307.913
292.918
69.2954
24.9752
253.099
168.286
406.23
282.12
0.888147
290.021
186.717
424.266
219.354
462.319
440.465
102.597
189.417
88.8491
424.476
-0.138182
382.293
377.724
41.3021
462.331
462.478
71.077
364.274
1.3494
254.322
462.178
0.190719
0.145402
329.304
440.092
183.903
423.291
400.994
257.313
184.418
72.9456
241.751
144.564
448.924
265.982
170.338
106.386
209.534
371.956
381.095
408.583
301.853
431.163
97.9772
33.5129
266.824
205.987
0.149964
-3.47598
428.734
300.405
80.781
0.793924
321.077
0.898791
443.05
220.166
49.2187
447.168
139.278
226.276
462.354
462.445
250.418
162.591
19.7839
230.341
227.394
255.883
462.301
243.597
99.5322
0.489976
2.65345
144.603
167.444
5.12395
275.734
251.609
41.2463
147.132
293.677
0.0920775
145.565
177.821
442.438
20.745
462.285
140.938
0.678443
279.261
462.306
429.053
0.163538
461.962
449.843
234.778
-0.120651
139.064
229.727
462.238
232.509
302.852
95.524
393.577
396.275
315.561
28.8734
19.8468
40.0728
356.61
0.0292296
42.2355
421.535
462.288
462.213
159.792
190.083
443.389
378.271
95.6073
0.793251
216.983
288.707
442.374
3.42492
102.796
213.071
457.24
456.512
335.498
338.444
165.748
398.391
266.177
461.874
333.967
193.495
146.905
462.544
462.348
462.391
341.558
336.467
183.893
386.338
25.0104
462.206
217.407
136.406
193.343
55.8446
461.893
381.983
278.996
391.083
442.325
23.4026
28.2377
411.859
0.525727
232.474
228.737
1.33038
2.13643
278.309
431.653
412.63
360.817
1.44242
226.412
242.618
175.912
-0.0663754
10.4839
462.374
-0.00707495
201.372
444.718
366.528
59.4337
64.7263
452.724
44.8974
162.014
267.515
265.905
461.886
367.866
417.266
453.76
422.392
74.4773
-0.0871977
70.6067
369.737
256.936
363.903
12.8131
461.998
56.9438
66.6476
461.872
127.404
100.883
238.548
157.13
216.291
276.525
92.529
462.388
0.43532
98.6639
11.2157
203.426
406.114
159.815
451.779
462.271
158.749
252.332
218.163
145.662
231.951
372.276
461.477
157.093
397.316
326.895
237.323
462.29
149.724
186.541
295.268
272.515
461.686
0.416754
453.506
1.41002
455.24
197.684
167.574
282.13
250.36
248.025
348.511
454.215
147.616
129.608
462.467
462.556
154.746
30.948
171.411
146.409
368.282
133.624
162.637
0.197749
462.539
77.6206
364.341
215.177
1.34086
53.1089
159.657
297.947
462.203
461.896
232.343
421.818
91.8322
185.84
89.5255
0.460115
82.4661
268.242
165.958
218.962
149.442
252.211
58.5747
2.63817
134.484
355.292
344.642
82.4214
179.871
192.524
461.508
14.8103
413.854
412.593
299.951
250.094
1.63256
295.031
462.395
190.697
144.393
161.133
326.845
168.859
71.724
0.540204
356.771
462.076
461.99
361.092
307.045
357.862
389.258
462.451
188.219
460.971
328.527
462.337
462.298
44.9097
346.471
114.594
71.6868
192.413
172.454
462.488
0.347724
68.2254
227.219
0.524593
212.014
230.072
338.866
252.02
60.0252
15.6685
197.585
279.495
184.709
280.273
233.633
190.555
426.167
241.111
296.928
409.657
170.717
298.374
0.425421
59.948
19.1051
273.891
104.752
89.6205
399.027
462.034
158.406
276.605
38.5057
300.711
337.765
101.065
462.068
312.069
2.2218
98.6399
331.563
94.0505
398.807
335.91
247.711
29.8152
222.301
207.293
88.669
403.64
388.008
462.333
125.369
391.906
294.071
249.264
80.2305
160.203
0.398046
462.13
259.435
53.1985
193.889
0.542159
0.142148
298.225
163.718
262.296
87.9802
13.4267
462.254
425.94
281.822
0.387069
462.403
240.086
44.7609
454.155
462.071
430.066
272.277
102.673
0.604106
122.796
73.2631
433.317
166.408
445.569
305.202
124.498
229.975
460.692
242.419
461.579
160.585
294.111
19.5302
110.356
246.359
462.374
461.931
152.751
125.18
78.8464
462.121
242.043
204.277
264.984
422.799
462.072
0.431728
81.8882
458.53
82.8411
385.929
253.944
389.991
375.691
426.039
238.643
214.616
383.83
462.428
209.725
381.082
133.293
4.20732
0.485429
346.822
461.706
43.9803
110.927
147.805
109.014
462.405
242.676
423.04
349.578
321.091
156.708
113.33
324.025
387.253
246.331
70.6062
63.9453
76.3488
0.158683
180.955
37.5189
240.899
354.081
84.737
0.444652
368.084
462.056
269.969
66.0688
223.789
335.514
1.24849
339.571
458.783
144.434
0.621051
301.908
280.403
0.292939
202.395
462.205
19.5866
454.426
347.582
1.38668
239.451
0.527647
104.832
0.156692
191.53
247.82
160.273
462.402
462.471
295.01
331.132
462.458
249.162
337.155
462.165
353.905
426.273
462.204
100.066
59.161
194.047
178.631
460.572
72.6871
133.488
41.4333
276.955
270.067
-0.0247934
462.087
385.41
400.73
443.363
346.281
272.63
311.899
65.8071
462.433
327.874
84.1959
159.907
128.782
143.564
307.019
334.68
182.464
152.042
414.599
124.714
166.985
29.7312
94.425
199.236
462.636
186.417
0.838723
208.073
331.165
145.728
233.544
397.714
0.288384
30.0558
462.355
313.769
1.91366
238.127
298.792
0.550514
383.343
0.629724
0.11274
169.8
271.799
392.752
400.532
64.5895
24.1049
194.775
126.835
93.0135
263.333
365.432
141.797
200.811
16.1327
285.782
267.892
428.25
104.683
292.33
448.298
108.559
114.16
90.1595
161.542
161.36
361.156
461.677
83.723
390.943
462.138
136.855
448.898
285.079
34.7497
308.611
375.427
461.708
457.573
70.1187
270.944
89.6378
162.39
426.605
217.549
368.073
344.358
232.859
237.669
166.415
294.001
239.538
461.576
291.749
380.487
256.257
110.32
315.146
-0.00624464
78.0345
208.182
148.985
389.331
215.875
397.25
321.373
0.388037
1.02604
258.714
299.475
381.165
351.675
227.677
223.473
0.0573507
462.074
461.684
122.392
185.95
0.0992806
121.096
30.9223
0.766751
462.018
400.986
369.818
319.867
462.148
416.903
156.278
408.879
51.308
403.683
84.848
154.532
93.478
32.1764
42.8963
257.953
254.401
303.218
395.913
462.063
88.6464
326.766
0.454972
0.0302075
0.349264
462.232
15.8852
267.767
294.369
60.756
264.102
293.273
121.376
0.947165
351.292
0.140384
316.63
169.7
381.611
82.7097
215.146
56.3893
140.617
198.545
385.028
303.943
461.735
334.562
373.308
146.13
94.615
250.327
124.18
217.068
163.864
295.997
431.959
462.083
293.844
461.777
0.821913
83.0258
361.399
0.565016
261.866
310.453
0.406622
55.5362
418.38
209.375
94.0695
430.197
357.455
379.207
375.583
344.475
462.65
375.049
397.413
75.3833
363.846
196.685
462.262
226.946
101.06
0.244679
450.515
453.436
423.356
273.717
462.382
229.057
178.382
87.0633
0.199071
185.884
358.891
458.717
82.5244
0.20269
4.27404
204.441
215.638
306.458
69.5898
416.191
445.367
341.337
0.460005
382.477
394.347
350.417
381.586
333.604
462.567
322.834
383.992
364.828
165.148
406.675
462.44
209.918
171.72
229.055
395.788
140.015
454.445
25.7602
72.7942
0.989059
433.207
377.566
94.3559
194.712
295.115
432.17
352.027
181.404
0.142547
116.537
2.60755
192.709
462.106
0.248833
76.9764
461.39
178.084
276.127
376.107
79.3756
208.213
0.500489
358.087
460.721
355.354
63.9875
462.241
345.929
461.943
347.175
0.795626
462.599
326.949
104.955
195.687
36.0929
204.62
247.977
150.135
267.23
-0.383999
258.457
207.658
34.6193
20.3544
250.023
198.728
90.3444
96.2194
0.488531
337.538
415.946
105.182
401.772
228.494
275.738
35.2682
286.963
28.8855
401.569
352.472
197.68
318.034
230.055
316.193
373.69
324.319
176.769
158.166
27.9804
130.947
361.89
220.169
462.382
175.451
461.956
48.0266
321.548
400.426
155.171
460.651
49.9671
345.032
396.79
37.713
461.595
0.321926
390.689
418.952
0.416916
426.816
405.755
227.89
394.849
155.85
352.899
0.164219
128.185
460.319
462.046
461.324
0.23795
369.506
194.681
462.198
232.592
28.9137
426.167
451.144
255.94
210.503
461.523
56.5548
331.181
0.451312
299.342
243.922
363.107
0.152968
426.753
462.129
443.539
31.9449
432.98
462.276
69.1419
0.444776
61.5362
67.3314
24.4249
115.87
293.498
462.42
143.941
102.037
419.163
286.219
7.03968
365.158
430.517
264.557
0.862202
84.2354
209.259
57.5748
268.966
261.324
205.3
259.98
398.027
122.69
0.430054
150.655
0.0940316
217.017
0.180257
151.757
138.76
413.94
398.947
0.383688
418.859
380.149
127.912
422.387
49.6137
0.236376
375.715
312.828
187.934
191.231
451.995
0.0433312
283.052
74.9325
235.008
264.055
224.788
58.4662
21.1268
203.605
386.019
349.072
52.6065
156.701
231.532
232.271
457.541
376.954
128.667
341.129
5.92873
0.2377
138.236
278.504
0.233889
302.536
1.67261
374.324
285.122
373.79
369.661
0.356522
462.177
78.9323
256.52
111.526
366.256
293.068
368.321
350.724
-0.582876
152.674
114.079
190.868
348.876
0.331331
97.837
201.323
458.286
92.7779
352.314
116.505
59.0462
414.488
84.9663
208.944
16.147
259.122
269.27
379.062
257.461
313.403
241.276
169.673
0.546236
412.962
136.574
153.88
105.693
337.671
437.148
134.656
462.363
306.359
348.253
416.519
58.2097
407.129
106.419
336.964
-0.0807606
208.874
0.453701
352.334
339.788
462.411
28.0889
353.831
306.173
83.9537
86.7079
282.408
253.271
85.5888
281.653
0.274052
462.076
385.094
267.116
288.456
456.411
435.309
209.16
224.682
86.6692
57.7378
149.534
327.067
176.924
306.289
167.559
375.982
80.298
175.13
295.162
161.775
209.499
399.681
388.203
79.5183
127.51
133.863
55.2334
330.128
116.809
198.608
190.794
462.381
326.989
307.702
337.864
0.561084
254.125
283.786
306.754
389.791
125.368
462.296
323.469
24.1954
462.235
41.4406
297.241
249.345
249.605
462.363
22.6561
462.225
386.254
124.355
220.082
157.146
0.486212
317.51
279.056
223.892
123.441
0.418997
462.443
393.808
200.463
203.315
0.446094
122.951
243.96
435.182
372.965
374.032
238.145
220.695
20.7472
0.345492
185.964
462.037
70.9709
166.176
49.5683
0.454277
0.172784
267.021
391.844
385.612
44.8476
83.6984
84.3195
289.991
108.916
338.492
168.333
0.0833632
462.274
355.797
403.511
163.134
84.6652
318.41
410.054
164.876
286.739
70.4435
74.146
443.222
462.169
217.319
395.15
462.1
383.168
262.167
105.22
326.345
150.318
43.3636
95.5714
111.43
133.6
369.03
124.037
209.886
210.331
28.0811
0.994794
265.52
127.037
123.037
235.947
207.2
360.506
414.104
85.0291
161.445
287.901
173.875
85.6643
0.000210514
26.5987
196.875
325.78
461.98
368.433
96.2287
1.5439
281.268
350.936
4.45411
128.628
3.4206
449.102
232.534
379.255
225.717
321.244
0.0787866
316.261
114.588
116.945
412.831
35.6876
159.197
133.601
17.3831
124.968
296.168
255.335
206.196
394.147
372.583
68.3021
191.005
220.761
285.174
423.784
0.124979
358.192
327.231
295.648
462.384
462.203
95.0615
425.336
194.33
0.344626
231.672
156.192
392.357
88.3641
229.95
244.633
317.885
144.598
268.373
177.595
349.493
71.6785
305.729
172.161
0.217389
328.777
408.708
462.206
283.277
50.2233
141.648
-4.83976
357.007
452.379
387.937
50.3985
313.5
388.288
448.121
30.9047
113.921
172.646
375.946
70.3199
442.38
263.353
252.959
76.1129
216.52
113.772
438.033
38.5016
461.921
363.278
399.704
400.617
0.0604858
461.787
289.536
92.5032
5.39068
342.139
331.151
265.413
356.234
462.089
417.9
0.301353
164.368
280.41
116.189
236.634
149.17
461.462
462.227
400.341
295.135
294.623
383.785
223.601
-0.136223
462.375
27.8222
215.762
386.108
100.041
205.844
408.833
462.006
0.182664
419.988
154.849
181.171
133.798
282.804
36.8174
449.782
191.949
366.983
388.897
67.3082
333.102
162.912
18.636
326.277
267.172
56.8377
462.561
445.813
280.98
83.1102
64.0561
309.543
462.474
443.104
254.844
196.99
444.226
102.421
61.8362
-0.291102
9.26053
134.264
404.119
159.056
315.393
26.4519
158.646
290.79
376.963
0.137123
403.667
462.328
448.307
321.124
427.716
172.952
259.684
311.489
368.634
349.37
213.644
118.102
129.157
464.711
272.339
360.408
200.032
295.701
459.582
252.682
352.56
330.83
116.541
462.183
302.045
195.386
16.052
66.7207
195.393
47.2467
150.856
431.71
2.87649
462.094
404.41
343.582
81.3774
157.719
412.49
46.5801
382.9
462.814
278.067
282.485
230.139
254.765
63.9364
322.346
180.266
429.062
5.10736
54.809
29.5672
193.027
83.3134
92.8115
283.302
287.138
323.778
35.5863
57.0547
269.683
461.792
146.448
311.763
232.051
389.176
106.032
422.083
191.075
258.359
151.037
3.27925
244.294
132.047
317.896
461.888
0.603123
378.999
462.439
0.478469
273.262
102.858
462.52
356.204
156.453
128.167
462.274
127.591
201.794
55.2987
447.737
295.873
48.5643
388.449
224.707
240.943
111.275
252.67
438.856
210.594
349.619
308.568
257.858
251.518
366.574
90.377
325.228
0.34476
119.432
336.115
462.25
207.698
83.8835
0.39309
439.39
446.826
336.698
96.0314
170.034
425.72
132.977
0.89618
181.974
429.666
351.306
308.884
315.385
311.296
110.443
435.057
0.218285
462.541
262.416
188.706
40.3775
73.4401
341.902
125.3
0.290336
269.981
70.1949
435.225
419.726
330.267
64.115
375.091
462.387
0.182766
269.033
348.148
219.89
0.17694
0.503446
105.976
0.356126
55.3882
0.458184
462.342
225.901
1.41589
155.78
259.455
293.977
86.7381
70.6992
179.241
203.12
386.464
146.339
131.963
202.395
270.048
30.6602
175.218
8.43063
314.686
291.26
169.846
81.8927
48.6905
160.934
85.15
284.439
246.764
417.552
204.377
135.943
440.741
321.685
232.255
361.657
365.322
421.673
341.134
395.503
286.657
110.91
257.969
16.9428
180.442
125.258
156.426
319.326
136.64
92.9075
269.538
372.389
363.987
451.882
399.172
0.429158
0.222291
441.799
320.651
381.841
0.55395
182.853
315.926
332.998
206.529
101.334
277.645
462.234
0.0441958
205.904
189.784
0.29023
58.1648
462.332
249.767
239.076
65.7721
359.311
271.098
361.073
394.209
406.35
461.752
404.105
383.16
128.712
9.29763
18.8213
397.356
428.383
246.502
271.077
253.355
461.902
339.426
424.558
214.559
263.668
391.897
172.672
462.12
462.108
205.847
289.866
207.486
141.5
251.654
323.891
179.564
80.5668
220.141
205.243
169.236
78.2107
373.775
462.413
320.031
333.148
348.141
79.1104
108.356
332.884
406.031
80.6618
27.6967
159.279
462.098
163.936
285.542
0.447486
333.488
185.955
151.669
0.57581
382.466
130.438
311.013
411.019
98.1065
136.499
461.999
358.432
323.877
0.783786
283.335
413.467
104.598
8.4174
420.744
240.715
447.25
399.166
389.352
462.094
110.754
262.684
298.237
85.329
309.746
131.99
179.943
57.8403
401.613
393.18
298.725
240.241
297.648
301.246
260.361
349.141
-0.0724148
462.193
182.634
277.38
118.072
0.316373
232.209
236.769
0.714871
211.723
0.274477
53.8146
461.141
393.494
232.363
279.369
210.128
334.222
303.931
135.553
310.092
0.421622
112.32
317.075
267.124
206.511
437.514
246.051
104.607
62.7454
1.04062
251.812
217.183
122.776
70.468
461.78
41.0768
0.934983
305.715
0.396775
173.435
38.9204
253.735
249.281
183.251
177.371
226.778
154.717
0.307074
13.9294
462.351
461.432
294.021
0.512837
403.808
462.31
277.745
460.171
85.7506
0.26306
66.2917
462.102
0.175489
0.00124757
58.7462
288.392
368.318
11.8028
462.5
217.634
320.18
363.719
415.276
257.696
46.8235
0.333641
363.208
240.272
324.717
462.151
438.301
212.718
201.686
150.661
35.238
324.996
263.839
196.133
0.155492
109.933
4.44618
382.384
192.117
-0.36238
416.045
98.9119
241.093
162.792
462.002
278.945
453.097
461.548
124.702
166.546
249.7
157.304
40.5111
363.964
202.515
84.1678
3.98273
0.130157
7.24844
63.0925
381.28
0.439847
318.833
0.173295
-0.0924707
54.3194
318.757
0.217282
426.586
386.218
321.644
344.35
0.420343
0.746478
297.822
68.2211
284.254
310.24
454.454
17.2621
449.807
217.639
462.102
92.9556
353.098
229.784
321.271
191.697
31.9057
445.744
142.377
429.052
390.669
318.384
0.133157
390.241
324.489
61.5839
329.181
347.026
346.46
228.523
329.817
308.631
116.245
190.965
93.2921
223.767
0.619789
0.423801
0.728586
381.806
462.008
113.843
461.796
1.38365
462.41
0.227741
146.594
462.641
101.439
150.091
218.212
86.2635
377.633
461.877
62.4982
101.524
22.163
297.173
325.309
401.95
53.6511
358.26
28.2365
136.513
325.159
230.427
303.948
435.512
356.33
134.107
444.559
237.019
352.462
189.251
320.176
164.253
462.307
0.791243
3.98549
41.0959
412.664
292.193
452.005
321.336
462.454
332.23
376.552
259.892
155.815
207.514
462.343
199.524
92.742
197.519
435.344
255.594
425.091
75.7204
462.167
240.027
235.136
410.826
15.6979
293.21
151.922
191.553
328.528
291.167
220.104
462.243
236.549
275.639
0.741027
413.232
20.1762
218.025
260.438
105.432
164.798
11.0422
46.9046
0.0813421
47.4828
135.647
462.317
461.798
449.467
462.549
39.6718
74.2971
382.893
349.688
309.822
0.0342458
462.302
93.0997
351.029
239.169
41.6806
297.239
461.938
184.15
378.736
232.187
267.656
325.515
206.739
462.048
462.316
462.529
172.968
0.499829
409.513
391.455
462.186
107.452
153.397
283.635
296.39
157.481
59.8451
7.29205
30.9107
318.177
0.0578475
445.431
398.748
192.629
202.808
305.16
243.84
452.257
299.906
462.012
68.6621
-0.0297983
159.992
431.706
310.79
58.4237
35.028
461.103
462.352
132.682
31.1249
285.724
320.4
46.3373
105.571
227.111
410.008
-0.352129
245.563
390.577
105.628
461.118
222.568
0.330175
400.656
294.675
426.156
462.323
70.9525
382.965
362.236
432.983
256.011
83.5054
93.8231
432.678
462.022
73.2308
421.534
443.085
204.901
288.665
286.652
136.949
408.495
82.5783
141.304
462.059
341.753
309.63
297.193
456.952
273.173
422.104
296.099
190.546
264.019
392.44
1.29238
272.493
270.027
443.517
153.833
273.083
42.2547
187.456
462.22
16.6867
425.932
234.337
152.857
2.26001
73.5068
73.0883
427.559
121.264
341.581
174.946
0.423874
405.539
123.218
376.606
195.424
146.323
461.694
0.0422662
287.617
405.255
31.2899
117.494
0.468261
461.572
188.131
109.824
0.0214728
157.841
461.955
456.314
461.718
158.46
146.655
462.16
233.548
291.754
45.5842
145.009
110.797
461.919
212.286
460.622
267.935
462.156
0.531315
337.174
0.699706
190.994
270.006
356.24
374.472
439.14
311.254
232.525
299.972
390.568
70.0467
0.604429
0.776649
0.292774
99.5246
0.00288838
440.141
92.2187
0.405469
66.9105
296.285
53.5657
71.7378
462.371
222.563
214.299
324.009
287.557
88.7038
225.54
18.3135
48.171
385.489
360.479
62.0775
462.454
183.589
462.461
79.8783
361.75
50.0509
304.218
462.447
462.292
383.835
455.415
171.635
0.414191
106.243
420.794
160.354
198.024
461.948
382.678
0.237123
237.311
324.606
362.27
38.1563
203.983
0.344213
206.995
281.74
396.073
369.607
222.7
462.234
296.116
173.424
22.6114
75.165
250.428
80.5772
255.455
99.3671
315.908
386.347
458.241
352.079
67.1683
140.803
391.629
105.557
0.0291662
0.0210979
363.689
106.776
0.106106
1.86468
0.37388
275.952
359.493
166.684
79.4677
243.615
0.554726
311.443
428.979
439.174
0.314113
-0.0753304
462.37
243.598
303.714
334.947
88.1905
238.713
222.269
380.735
33.3785
0.46938
462.015
235.078
415.877
52.4429
63.7433
358.707
329.584
343.511
328.073
390.153
0.311255
163.381
326.139
460.802
0.00658035
462.798
101.719
462.288
104.217
447.341
297.644
0.850008
403.605
461.867
99.3651
358.735
461.982
385.245
462.222
244.609
462.339
459.77
294.872
277.44
303.086
103.208
158.142
196.116
462.257
104.305
435.279
462.308
158.22
74.3909
43.9464
53.4432
85.7072
283.546
423.657
402.14
163.106
399.861
193.774
334.794
114.95
-0.258773
40.8981
410.037
87.4321
342.11
53.3559
99.0146
173.399
232.388
373.287
210.768
67.0236
48.6801
332.815
395.585
228.531
210.73
462.045
299.188
264.066
0.578696
239.313
112.835
50.2858
262.46
18.2611
291.022
462.107
346.398
97.7578
247.388
411.314
453.586
161.518
244.934
250.028
355.18
139.367
96.3938
61.591
417.475
462.299
231.965
178.49
172.381
275.583
269.746
61.0692
239.496
30.2459
0.100016
117.179
344.148
85.42
85.2355
291.975
-0.0545287
461.938
414.605
0.0856351
77.0655
459.003
214.271
460.048
28.0207
156.134
244.018
71.7377
430.199
184.704
172.643
102.65
281.835
462.246
4.59821
99.7441
37.8181
0.748154
60.8586
166.716
338.582
254.672
400.732
153.748
461.865
420.301
163.864
351.186
227.328
462.468
156.09
15.8165
461.77
239.799
207.183
290.876
47.274
300.626
35.5992
444.879
283.902
191.076
462.228
461.639
232.622
310.198
325.031
462.654
80.729
0.281122
217.119
1.14418
319.785
233.458
130.958
461.941
169.471
336.161
294.731
461.943
369.21
380.079
449.941
-0.0597484
0.325485
87.1124
453.015
121.799
363.584
462.385
136.488
462.185
254.983
193.941
169.866
161.86
462.444
0.491818
81.888
445.16
92.0692
335.92
271.149
18.5082
407.197
359.446
295.736
313.619
61.4367
88.4678
112.772
115.766
462.048
134.636
63.8847
126.74
135.711
462.144
95.5823
230.379
281.957
403.432
442.736
462.17
373.947
73.8067
271.387
258.52
163.706
415.8
58.8488
97.9387
134.039
182.078
319.073
234.863
73.7847
61.0352
364.025
194.355
330.971
281.242
0.469498
340.442
361.549
457.533
16.0535
0.371681
381.455
0.262201
461.67
462.171
461.848
306.541
222.583
362.911
317.149
462.019
237.384
110.629
369.045
163.442
462.199
183.159
140.625
55.6825
0.840028
141.406
203.74
154.537
459.651
0.16606
418.445
256.956
73.6411
142.443
2.13215
219.528
428.963
348.403
462.443
374.709
461.423
210.486
96.5407
462.422
203.376
185.402
148.388
297.732
0.448808
338.076
462.226
257.957
0.301045
462.08
216.629
202.984
289.373
299.26
388.766
65.8971
283.02
368.808
0.9833
330.185
241.647
232.888
335.077
352.264
462.196
177.272
341.91
107.343
434.258
69.4424
459.535
373.186
8.0305
0.832199
79.8701
192.861
254.434
67.076
209.324
174.709
0.259792
377.84
448.394
0.35186
211.101
339.052
330.674
410.952
461.99
18.8087
234.009
61.0298
228.357
315.604
339.607
448.832
187.772
1.48056
82.1831
0.290419
452.724
387.949
100.739
0.254255
152.594
192.073
0.802289
90.2867
462.048
462.327
121.759
211.352
101.182
56.3625
428.228
130.318
265.061
428.862
357.918
288.802
212.396
312.922
451.702
93.5862
447.041
459.391
462.487
146.582
74.1443
12.9276
173.718
0.896527
323.643
334.459
254.537
269.493
330.506
262.804
369.465
85.1136
353.867
0.752956
44.5647
462.278
128.538
184.19
431.552
462.438
166.942
150.787
356.598
184.372
117.109
462.495
1.70162
0.00763033
201.37
66.3667
0.0898545
0.101633
462.394
0.290281
461.859
461.957
462.092
225.555
361.278
277.984
384.646
426.9
136.163
116.937
395.675
274.421
375.11
287.498
219.867
204.037
369.355
293.952
423.621
450.841
159.496
0.604028
181.329
257.362
305.584
116.416
327.559
286.863
98.696
267.9
273.867
419.878
433.584
256.126
0.442922
423.898
252.46
409.487
165.677
462.799
69.2294
97.7168
327.675
0.73359
29.4832
122.454
33.1423
462.36
181.07
252.669
313.574
414.379
0.152406
237.804
385.9
156.695
424.034
232.362
331.679
187.241
115.324
0.0649632
389.792
210.618
185.961
362.681
-0.134032
462.049
219.097
461.314
132.008
228.064
376.913
77.0616
392.624
73.871
462.101
234.427
166.862
111.477
135.707
-1.11495
321.143
229.798
70.3226
437.201
206.407
-0.0216358
191.647
228.603
238.674
410.707
386.542
345.572
37.2085
17.1533
255.186
0.930521
0.421182
126.107
462.511
228.927
353.315
258.242
72.8083
372.288
79.1668
354.521
2.23571
462.054
458.118
430.065
0.860107
372.165
6.80309
298.669
9.314
462.152
78.4491
371.47
223.352
6.44584
0.000449806
452.5
102.104
102.097
150.543
184.547
45.5393
298.072
339.326
232.477
389.327
76.9187
462.123
357.019
64.5165
284.813
457.196
449.393
311.348
248.221
462.53
0.958628
354.802
76.1108
59.5668
347.463
258.92
461.715
135.724
-0.0514919
462.626
434.497
228.1
135.943
203.979
192.483
106.721
0.00938356
117.952
423.817
294.959
20.847
399.215
385.489
240.022
406.817
399.104
145.639
334.084
461.544
265.141
462.448
291.919
0.648871
0.676796
0.395606
280.7
413.765
158.008
82.8947
199.875
171.433
454.258
462.301
232.081
1.29272
293.886
192.383
245.469
25.2175
198.403
314.899
86.1367
95.3918
63.364
167.056
409.17
1.43877
41.9176
238.732
402.044
414.746
461.945
0.557775
396.073
354.761
168.723
127.771
361.884
17.1501
89.5335
304.512
349.15
195.783
435.033
0.235578
420.233
100.621
2.86088
16.7952
462.325
462.017
392.442
289.626
26.9028
27.7845
219.088
112.419
432.238
407.529
8.19636
400.157
300.178
407.668
372.282
462.106
191.358
258.89
191.461
270.22
342.493
461.936
0.474284
403.211
462.212
456.355
30.0101
254.388
44.3148
-0.0495422
101.762
4.5842
139.327
209.865
274.009
107.201
365.954
131.82
108.178
462.354
19.699
202.058
6.39981
462.522
283.322
134.639
269.891
252.887
268.049
253.943
92.4626
0.72795
333.186
35.3254
415.582
88.5467
285.715
460.961
2.48137
344.742
209.696
35.3579
1.3122
0.069964
457.539
280.536
169.004
170.596
241.511
375.753
284.166
462.23
1.18457
430.707
283.647
462.252
388.208
0.57045
281.804
130.505
281.966
121.173
208.723
450.971
0.966791
0.912687
223.749
398.821
419.96
451.598
397.42
167.968
408.115
158.898
331.67
150.545
462.923
40.2119
248.769
0.278235
397.33
152.003
395.785
346.322
461.692
403.678
91.9323
373.607
15.1541
318.59
163.937
461.932
0.660364
13.6549
335.544
215.231
226.888
20.1881
428.946
10.8477
223.27
0.229826
328.399
274.286
438.122
270.279
129.741
165.491
0.0360828
462.409
167.857
134.191
420.25
263.66
0.171344
107.287
129.249
127.394
93.9057
43.7717
461.68
429.869
462.148
412.548
462.34
462.019
92.8838
155.847
388.393
38.247
354.728
461.974
11.5841
135.59
419.306
188.672
461.561
0.508131
193.817
22.4285
146.413
338.665
153.246
462.204
42.0607
272.501
190.562
140.911
272.701
130.252
0.942725
245.63
175.707
179.453
249.256
43.0593
287.659
279.92
77.8144
296.67
420.796
287.734
151.496
232.511
18.5153
434.001
369.523
265.371
445.196
51.5797
127.331
450.083
236.088
425.679
113.086
128.531
423.912
64.9854
317.348
170.113
332.523
438.373
38.1933
223.572
269.692
450.204
367.826
228.76
404.01
29.6209
148.239
462.264
61.6333
309.351
274.468
16.1354
232.45
249.586
421.968
22.8589
1.20907
215.917
462.419
42.2447
15.609
232.501
308.399
275.468
157.981
218.826
250.272
254.825
24.6774
150.526
232.395
462.142
52.8195
395.416
366.259
0.365983
334.705
152.581
90.9154
220.06
180.368
462.299
462.382
29.8491
347.699
138.49
232.469
388.459
133.588
311.265
332.301
461.168
293.732
137.361
66.4115
368.217
62.3972
232.578
0.172742
0.023898
250.823
53.1355
117.961
195.075
316.702
285.198
227.516
461.995
221.877
211.395
198.058
233.075
461.942
0.465738
162.113
113.86
298.943
0.226218
-0.00691935
72.6432
219.677
378.324
462.459
49.6687
115.424
462.223
290.455
262.799
380.977
0.737055
362.058
119.763
192.833
0.571234
462
117.43
71.8609
0.811443
78.861
462.765
462.597
150.234
351.625
293.536
49.4281
462.226
193.909
144.484
195.443
462.238
274.819
0.14915
388.714
143.195
53.6933
107.472
190.495
368.704
183.919
323.957
68.109
462.22
0.296069
352.009
0.258464
344.537
386.236
141.21
156.37
1.2838
149.607
462.001
137.591
0.421915
152.71
316.495
329.498
57.8797
0.131939
0.462879
248.586
244.209
239.822
332.859
125.378
93.6096
284.142
334.923
184.423
223.463
51.423
350.721
169.202
44.1619
367.74
268.395
462.255
0.364132
149.943
130.979
258.45
41.7941
350.846
245.449
196.13
68.2886
260.42
170.726
462.09
292.311
462.217
61.2171
345.626
403.077
260.329
462.488
461.668
98.5
217.551
290.177
105.23
352.462
382.952
20.6028
197.084
0.658905
177.228
462.257
294.623
200.008
179.666
184.747
462.486
317.444
152.675
321.863
384.621
156.608
347.302
0.444638
339.098
422.274
0.333201
124.623
0.910186
142.727
351.131
18.8331
247.105
383.027
128.844
370.364
0.307919
186.659
330.709
53.538
462.473
310.573
459.261
418.892
261.637
1.36308
247.217
75.2015
313.196
0.288037
141.415
462.374
393.181
325.152
201.338
384.563
281.249
48.2598
299.639
73.606
64.4193
24.0469
390.917
250.576
175.037
68.1992
212.599
127.299
0.173507
461.432
250.397
0.344205
388.919
262.838
264.245
349.266
0.064152
44.1103
173.727
273.76
63.3031
0.112302
460.916
127.414
150.074
232.153
433.908
0.322383
190.161
175.114
462.349
313.962
38.6891
0.202465
232.206
362.675
87.0092
44.9835
34.2434
53.2265
64.1916
357.256
462.116
0.302305
121.132
0.491445
350.239
149.206
234.717
234.914
62.5094
0.451488
0.288792
279.523
397.915
462.186
110.643
232.326
0.880635
0.820156
234.27
462.282
29.6851
446.739
462.129
162.717
241.61
111.71
462.27
351.563
442.932
418.207
97.5594
462.418
389.454
415.042
422.882
345.904
0.452059
416.941
60.1919
347.422
290.676
49.6591
400.546
392.811
389.358
390.85
46.5581
167.625
42.9008
305.135
205.508
402.425
92.7976
462.343
0.116577
1.32425
361.917
285.657
196.642
363.294
134.894
230.054
54.6027
50.3077
292.954
381.294
462.481
251.678
462.116
449.329
289.239
58.7804
304.198
0.515979
344.777
266.423
11.2656
246.375
271.258
383.76
462.289
195.378
397.416
118.535
281.404
462.331
462.715
462.325
367.46
0.586745
124.841
323.816
0.877862
354.257
151.27
88.4495
177.596
341.905
462.413
362.815
162.091
373.112
245.151
0.540494
461.668
462.032
356.078
419.324
304.443
149.763
233.09
0.363705
245.843
183.698
462.206
178.925
462.163
0.339461
404.678
341.245
260.651
462.508
38.9009
198.518
139.936
149.052
195.179
163.845
93.3654
60.1775
206.002
102.832
0.581376
462.31
462.336
109.423
346.263
0.113073
112.309
67.95
362.136
0.285877
411.052
129.596
78.967
84.4988
320.993
167.604
306.374
364.58
162.996
444.209
81.648
0.376517
104.643
341.157
241.855
220.34
287.056
462.342
32.4989
221.063
413.317
338.756
159.804
248.091
24.3757
83.0535
133.068
138.672
267.757
269.257
81.0499
148.412
84.6063
237.885
0.0689717
345.081
129.15
322.516
461.517
384.538
1.44506
0.147595
305.896
51.2249
462.539
222.789
263.001
3.64639
398.175
123.162
0.447698
52.7485
342.004
110.442
388.738
199.846
370.263
418.528
83.8547
284.642
345.686
281.325
316.032
42.5672
54.6385
152.143
281.848
461.725
113.192
339.85
462.466
462.595
176.28
2.03401
227.76
21.1001
462.138
479.297
357.867
28.7255
178.464
281.353
305.732
357.656
169.599
329.545
71.0055
291.271
136.914
209.409
-0.0566881
244.334
126.525
438.047
462.121
109.765
461.835
168.27
0.305781
327.463
132.941
40.0488
461.919
0.134948
0.904332
12.0326
232.612
322.218
428.503
462.347
461.896
462.215
201.049
174.856
0.50334
279.404
141.877
0.255641
167.331
56.8819
128.924
136.322
0.224839
391.057
153.072
242.296
173.155
204.315
185.924
325.359
462.045
132.314
461.226
105.835
449.881
309.909
41.7782
91.8761
257.638
22.0877
379.215
370.45
76.1982
331.034
444.815
9.95502
224.175
346.211
461.634
354.774
461.929
127.716
281.974
0.584606
264.225
410.39
222.547
462.034
150.356
126.952
0.180703
11.9717
418.746
341.472
337.568
301.507
219.825
127.458
7.03005
436.601
106.329
48.113
410.352
206.533
249.494
254.798
321.16
101.823
249.992
257.937
378.833
259.523
372.257
-0.101153
447.694
219.805
219.755
462.223
0.202726
454.629
462.117
261.803
81.3352
419.967
364.76
298.244
424.158
76.1239
93.7329
436.493
238.556
241.62
249.61
244.754
0.260577
462.128
21.1851
437.071
125.348
383.04
27.1245
380.659
110.752
210.44
387.518
234.192
413.517
228.324
322.422
425.189
462.058
462.053
162.829
0.821263
95.3285
66.1757
404.118
0.452091
146.717
330.576
278.576
102.913
237.398
278.034
279.738
353.787
297.238
267.378
339.573
387.412
362.704
191.151
459.406
52.3839
43.1991
165.284
302.167
55.3656
64.0673
415.165
348.55
202.242
157.866
4.87906
368.312
301.62
276.165
0.513925
127.893
343.49
0.832538
0.493696
327.947
394.689
462.448
355.757
462.252
32.5075
76.3601
399.497
229.702
439.33
84.6941
109.61
462.146
22.9383
76.4063
175.086
24.5151
443.206
91.5382
0.181498
232.33
-0.0597836
189.763
365.179
462.28
353.889
45.7724
462.142
0.46502
195.608
375.751
-0.157764
462.769
143.362
461.958
70.5322
0.394863
357.296
186.439
152.094
151.887
409.79
0.194286
30.0629
0.0432894
0.0862287
462.311
275.788
84.3476
173.546
-0.189486
444.231
235.174
260.756
0.445169
123.647
184.872
357.041
0.35721
222.789
462.095
-0.230984
0.261854
45.3711
230.026
79.7174
139.231
0.0621331
421.853
149.637
208.194
230.43
167.232
359.319
110.439
350.377
0.461445
194.707
15.5264
0.22235
167.07
54.4563
61.8462
462.284
0.54009
77.9831
19.697
68.7032
234.354
0.156744
85.9431
0.607092
0.275519
83.4793
221.804
189.986
0.911476
321.774
18.1369
13.7703
37.2257
236.319
233.087
381.765
462.189
288.238
322.341
292.818
95.3318
412.455
32.2677
311.986
100.483
331.185
101.084
422.876
1.52645
32.5094
-0.145419
370.452
462.152
222.182
181.63
178.372
286.95
443.709
299.777
180.452
395.828
19.7419
272.884
77.2721
0.0623753
444.369
28.3456
232.37
462.286
431.113
460.785
301.145
118.103
462.362
58.5956
202.291
202.794
72.9616
342.889
260.481
0.401493
0.397996
402.088
462.061
89.5967
462.166
460.675
252.566
456.758
232.247
461.656
326.943
462.268
364.492
260.35
0.804068
412.669
462.231
387.16
391.302
382.143
426.837
218.648
224.538
149.02
309.753
462.229
21.778
254.942
350.348
331.979
0.198766
64.2831
338.852
179.059
317.605
439.289
323.972
114.529
348.624
0.392904
462.018
371.779
288.99
1.00387
109.683
110.521
360.035
222.441
0.247836
0.2584
147.105
462.043
461.725
400.551
225.542
461.922
414.54
34.1397
290.185
276.553
251.832
0.0710168
158.255
216.092
190.236
452.931
454.715
5.24961
462.469
383.45
305.002
339.328
402.453
436.644
322.958
119.918
324.117
2.31019
120.828
163.718
461.878
462.161
236.224
368.161
337.08
462.127
66.5297
221.65
306.683
394.216
94.8256
366.691
-0.207733
29.4445
170.354
282.549
187.796
426.646
351.05
387.23
0.188432
0.31324
414.915
272.463
125.513
167.172
271.423
145.716
266.644
128.351
271.306
308.641
459.176
339.595
462.396
141.901
462.436
218.879
205.778
65.8226
292.995
155.46
462.066
87.7839
187.413
462.043
452.432
49.0138
171.732
426.705
256.918
1.27339
170.469
78.6266
232.569
98.2247
214.228
48.8444
60.2325
86.6476
9.56801
98.171
461.836
218.929
84.31
198.1
361.248
222.186
206.797
91.511
312.367
462.285
139.594
339.626
462.362
45.924
143.27
413.885
267.551
113.101
415.452
150.599
361.029
12.7994
249.999
462.1
262.803
135.06
66.4901
151.501
-0.233618
357.62
461.789
297.159
313.593
312.66
49.877
10.404
462.203
114.566
162.358
228.256
365.864
451.163
281.14
17.7355
29.0322
462.154
457.431
292.629
231.26
267.321
346.956
452.191
406.109
366.022
273.716
431.592
373.985
30.1091
462.499
462.406
149.199
204.19
410.28
422.268
195.836
19.4936
0.886662
168.042
14.0772
462.194
182.756
462.177
159.506
383.324
1.76101
444.494
0.306717
2.51195
1.98982
164.928
71.3974
153.623
217.14
10.7194
0.492063
8.05367
394.837
176.092
316.743
0.470256
155.19
401.87
322.877
216.966
294.127
445.193
459.488
364.352
0.536194
259.601
338.587
-0.409199
429.416
328.155
299.326
140.722
462.228
113.993
386.567
399.112
297.543
272.398
0.561034
333.541
311.586
0.844625
358.008
461.818
250.311
161.863
268.557
0.433994
202.087
212.53
385.454
0.104245
108.76
410.296
104.25
294.256
203.329
205.398
275.356
306.128
227.816
258.307
71.772
367.439
342.813
347.223
99.4145
189.968
462.156
462.136
0.896268
85.1183
290.016
0.648834
111.277
393.219
292.134
461.757
298.696
461.845
127.538
9.60492
461.9
148.834
371.524
0.0542767
84.6614
366.125
263.627
166.465
462.604
462.059
326.005
296.933
76.315
462.552
152.421
188.629
7.60192
111.673
436.074
246.255
77.0017
462.181
-0.0885797
348.065
190.745
355.498
462.241
150.478
106.739
222.165
441.082
462.681
296.275
324.729
86.9082
122.798
346.045
461.951
229.944
328.928
409.095
178.836
324.127
57.2118
197.515
291.569
462.154
81.8443
264.862
375.265
234.085
330.617
305.836
383.747
249.423
256.309
462.21
367.391
135.565
144.217
-0.0428753
352.502
0.096482
317.748
100.568
54.4761
10.4138
261.912
338.062
447.083
43.1011
0.299342
393.521
306.97
0.0839476
294.769
0.497509
0.567989
57.5384
221.087
0.26301
115.365
462.162
0.288534
462.046
14.6244
368.818
400.703
297.83
0.524381
222.035
48.8513
285.194
332.32
0.884982
325.278
462.06
292.187
45.2722
154.166
339.446
27.0002
315.452
54.9824
209.768
293.205
0.926724
214.846
0.712225
46.1744
307.894
183.297
332.045
179.268
239.134
176.374
149.383
195.106
56.3671
407.568
435.058
212.264
125.917
137.729
195.81
348.48
87.5212
0.174836
265.601
188.418
40.5514
366.389
226.738
153.287
227.622
342.796
343.579
458.146
49.4345
196.637
461.451
88.8805
0.221178
382.202
58.4451
440.928
109.146
42.3593
150.312
232.134
0.0656714
284.086
345.126
402.182
17.5809
295.291
58.4542
71.467
38.1513
2.6185
393.029
71.09
274.679
233.823
106.571
462.202
0.213657
295.294
372.952
389.907
387.291
254.714
174.694
246.349
-0.0206729
-0.115767
216.717
90.1695
0.525532
292.617
33.1719
375.917
296.632
238.849
-0.306562
184.068
461.423
134.801
351.677
0.321761
192.611
462.353
447.484
189.947
260.134
29.4199
224.636
14.7715
286.793
299.436
109.583
460.783
132.233
240.554
233.37
428.792
24.0791
1.3031
408.292
47.6914
336.97
89.4956
349.94
373.512
227.929
462.48
143.169
462.163
177.253
168.87
171.414
0.387272
333.267
192.408
443.941
0.238926
31.476
427.073
221.416
340.996
235.294
46.873
67.9106
396.244
374.652
105.087
417.737
140.117
462.16
333.58
329.041
20.7902
144.996
461.568
81.9762
348.945
292.162
138.634
371.744
230.163
160.308
461.778
202.534
0.527471
337.943
461.82
322.544
0.694361
379.078
264.714
436.715
29.4645
462.117
371.758
462.241
2.78291
266.083
90.7333
188.47
427.731
182.025
318.88
461.925
156.283
0.165619
0.070794
462.432
185.086
462.095
262.854
147.539
319.061
93.9689
220.388
438.175
19.7539
413.793
462.084
373.196
45.229
30.5161
462.285
462.188
240.05
92.7749
1.66425
299.205
0.272519
0.30119
241.342
333.023
462.18
333.073
0.500652
418.517
432.195
328.121
67.8514
462.144
0.0651252
273.403
0.222367
40.3852
201.496
255.432
29.1077
324.217
372.08
434.305
326.312
356.614
118.391
410.845
375.704
225.62
0.294645
278.824
462.314
461.985
232.726
462.148
248.916
461.893
378.588
171.595
112.098
99.5928
56.4438
430.534
226.413
462.561
441.185
309.535
260.691
165.463
0.431081
456.8
22.3571
254.817
105.084
373.802
13.648
51.0989
462.866
96.2763
462.249
289.763
229.24
240.697
232.032
295.828
219.44
40.041
376.872
279.383
0.301429
374.412
222.476
267.695
370.491
260.222
328.718
462.337
345.559
194.122
462.266
348.034
462.333
427.925
64.6826
424.437
59.2259
247.361
1.06858
389.314
367.688
462.15
0.88683
462.33
334.913
60.3378
163.952
171.696
155.135
26.3261
356.387
297.177
462.266
356.242
348.613
449.604
105.733
143.417
186.761
462.571
187.051
378.326
435.034
0.331246
421.759
131.784
130.657
220.696
461.907
462.092
244.362
299.85
151.961
57.0647
84.996
111.598
158.083
461.601
110.624
43.3795
160.871
61.6549
239.417
171.53
0.309746
462.112
430.45
461.703
90.1683
191.527
106.157
303.299
5.8364
462.276
279.123
462.46
0.876899
247.466
27.0203
257.429
213.455
289.579
462.267
84.4167
462.188
110.419
356.709
426.737
257.027
366.891
414.477
217.964
449.871
394.996
212.911
115.407
48.586
78.2307
199.749
462.257
389.464
243.98
402.39
331.565
462.473
147.835
71.8021
312.949
411.759
364.082
227.948
199.183
0.212131
32.833
316.418
122.797
462.286
459.27
155.772
138.273
457.412
49.3272
167.449
366.948
229.691
82.6147
462.157
0.219011
433.669
280.404
461.836
244.019
8.11276
232.56
225.232
304.031
190.953
242.534
462.428
462.248
244.456
341.818
197.21
9.93365
1.51159
194.406
444.072
101.04
62.3571
327.783
453.426
2.18327
169.536
242.054
243.49
231.739
461.979
419.623
0.281056
367.589
377.005
227.368
123.087
147.454
232.884
462.215
162.469
338.316
461.841
222.068
256.275
441.095
119.775
392.448
10.2876
462.186
143.273
75.8383
93.4555
0.491066
20.0052
462.18
78.646
454.776
0.879534
107.607
368.628
462.073
63.6686
0.66373
219.262
358.429
125.905
127.655
150.443
461.94
462.091
196.908
462.398
460.633
462.04
246.919
461.909
367.956
298.375
283.731
165.626
98.3791
462.279
146.432
455.76
48.0996
0.504698
303.959
292.536
151.009
345.926
435.531
167.05
144.525
76.3487
263.226
207.985
411.108
232.491
15.7085
0.451877
219.403
112.473
269.024
0.317602
242.532
95.9095
173.498
441.673
316.809
350.756
441.679
4.28411
450.839
82.1852
286.795
0.866464
268.06
169.025
244.377
54.0901
365.595
295.587
461.561
272.522
40.6515
116.488
5.92035
183.52
461.748
126.051
52.5113
409.067
106.529
461.98
334.859
300.987
125.131
440.308
458.392
184.21
57.5016
250.367
0.600368
0.447233
32.7541
81.245
102.521
-0.0610211
462.198
457.916
0.494206
12.4005
434.507
334.303
368.996
461.891
260.878
450.516
462.185
3.08708
337.231
49.2831
174.072
123.74
462.532
153.55
265.316
92.8731
0.40575
-0.1062
36.5924
0.476186
66.6266
326.771
462.106
183.128
462.134
297.27
132.845
456.538
50.3998
63.0575
234.782
204.367
100.755
462.303
0.419393
124.221
197.955
0.403422
461.772
396.19
462.037
406.784
389.052
237.42
392.57
358.467
260.962
446.916
219.083
1.14252
267.742
145.996
348.416
190.937
101.652
405.721
403.403
266.618
2.43447
168.496
180.644
236.421
197.963
-0.167354
208.772
266.251
300.487
303.416
195.05
376.39
451.014
112.362
180.562
0.392712
163.101
420.762
452.158
0.482594
392.032
411.173
459.284
0.741237
0.05632
115.811
396.074
351.604
425.09
212.312
45.5896
461.421
375.21
460.089
270.021
371.948
294.267
299.403
399.431
452.256
431.529
190.02
462.171
397.684
277.839
179.294
163.5
21.6155
446.739
184.375
258.217
142.51
308.274
279.823
388.564
462.119
440.872
337.637
462.165
390.088
165.601
363.093
0.0299235
0.478186
155.484
77.6385
357.114
175.611
241.305
63.4538
462.145
177.917
207.194
168.441
384.032
0.597154
322.743
462.288
153.742
120.267
0.23402
462.372
167.222
396.482
446.749
289.067
357.023
75.0699
0.543784
116.738
-0.0679046
433.968
34.9346
342.005
346.126
462.342
232.366
291.303
253.309
384.582
285.688
160.209
366.26
232.825
246.016
128.339
255.929
181.331
165.698
462.341
266.89
232.867
461.084
29.6861
193.917
33.9322
462.371
462.283
89.5185
304.141
257.563
461.826
264.158
116.377
0.0402571
111.648
462.35
188.883
432.731
238.483
450.425
257.566
442.181
240.216
398.496
361.83
125.949
203.677
454.86
268.204
204.151
312.977
281.766
462.005
448.194
255.209
0.338424
33.9337
394.185
117.918
144.609
28.903
221.435
64.211
94.0795
391.448
326.227
253.594
36.5926
462.229
462.241
90.5019
294.201
66.1765
331.646
462.702
83.9866
246.82
461.095
252.793
462.198
462.126
104.435
273.106
307.62
250.035
181.94
407.693
170.561
37.1493
5.85076
415.241
11.0822
405.821
462.14
170.943
192.426
230.158
115.94
-0.0535126
111.627
0.813619
447.582
333.084
107.18
462.308
344.916
113.061
259.365
190.89
0.41715
186.996
392.078
232.007
368.627
207.103
81.2385
462.1
327.983
173.364
403.078
395.781
87.8279
40.8785
180.18
0.344615
81.2784
214.484
320.312
26.2889
355.164
454.833
289.479
462.445
461.585
199.098
461.099
213.39
449.428
257.245
14.0452
30.734
265.161
0.322445
45.3531
389.658
-0.302214
446.509
365.302
140.098
284.217
348.562
153.412
0.183254
424.926
455.501
238.576
0.630333
260.558
87.4814
141.194
0.256068
356.487
236.884
279.552
192.821
381.067
367.174
462.203
206.153
377.766
230.317
431.46
462.049
415.474
306.21
192.118
397.949
0.223025
0.159491
354.499
393.621
20.3783
462.106
355.688
278.032
0.342589
378.768
4.94229
61.7574
444.068
462.222
226.138
273.615
352.583
113.357
358.118
115.569
256.139
223.665
432.797
462.132
347.25
0.171955
339.825
99.1344
432.157
387.236
30.1499
42.1091
426.646
115.946
462.207
0.500173
287.355
292.48
295.432
1.05765
392.687
360.446
158.095
113.061
462.546
461.304
116.949
395.343
332.862
153.283
291.715
291.675
62.6374
461.947
213.692
349.818
1.86651
0.66191
357.939
455.256
446.182
296.564
1.46062
95.1102
399.763
303.038
441.851
282.179
213.955
462.14
345.492
-0.13758
155.6
404.806
29.9678
462.028
115.049
176.75
0.696771
69.2374
0.733546
461.064
15.4507
178.762
262.971
321.544
62.2519
451.486
264.154
253.132
432.536
93.9176
373.566
76.3326
0.0453251
264.275
0.148364
21.879
460.214
452.632
0.729695
376.879
249.978
409.163
462.347
154.611
375.783
211.261
347.426
445.379
296.952
53.443
151.76
461.99
262.99
373.958
89.8221
426.458
67.0844
0.413958
0.476726
440.426
462.301
7.38894
-0.28548
0.162446
213.074
300.933
183.047
0.411996
99.0569
199.48
184.091
185.641
91.2847
374.204
73.7513
164.379
307.432
311.242
207.864
0.11513
442.119
462.414
105.711
264.115
197.408
462.157
0.929215
215.103
369.01
0.824773
287.704
372.577
462.169
262.891
0.392566
271.402
8.11729
385.126
239.655
0.224406
390.826
311.509
0.164732
322.129
396.079
297.021
319.157
196.313
258.507
115.783
232.412
88.5695
272.791
442.71
426.212
428.351
368.571
254.1
269.306
421.257
93.6223
176.406
1.52809
211.503
253.53
147.359
93.2778
79.0026
86.7154
360.172
372.693
131.11
462.282
461.745
388.811
363.538
309.18
2.37254
28.4924
332.995
2.1903
0.145524
130.737
11.7365
418.048
413.666
41.759
462.002
298.868
307.695
41.0796
4.80781
159.733
462.319
462.274
138.263
124.871
256.686
140.93
1.05664
100.206
131.686
289.603
75.8851
358.081
356.593
-0.200107
73.8466
187.534
396.198
0.492817
378.315
462.011
311.399
97.8057
85.2507
142.241
462.294
92.0279
462.165
329.062
391.331
220.3
466.57
70.8636
27.1155
430.458
140.886
151.299
46.3022
119.377
437.105
86.7953
399.36
106.962
420.809
355.78
0.465992
0.392952
39.279
368.257
239.222
54.39
419.514
22.1551
236.448
399.403
462.063
386.434
316.218
277.544
182.588
9.27547
462.277
168.825
266.523
82.9858
250.835
0.180971
13.2706
105.88
441.552
25.4924
367.107
186.506
150.539
423.48
164.478
324.934
42.839
398.974
249.734
0.446634
181.715
1.58505
1.32492
346.961
402.091
123.906
428.039
244.057
278.572
462.321
425.98
447.952
1.04087
462.119
111.497
343.007
461.732
382.155
418.221
462.414
178.713
312.046
462.02
0.133708
462.167
73.4515
130.888
228.838
11.334
52.8815
142.988
82.924
430.535
64.7615
0.192272
380.796
462.491
403.221
204.561
266.863
415.528
74.6768
263.287
302.044
289.924
462.04
429.329
164.885
0.158952
253.292
96.6493
394.865
202.626
195.802
235.609
197.961
165.316
115.245
333.999
114.044
244.301
209.466
234.856
396.159
128.8
254.39
364.983
100.73
462.246
462.265
206.42
462.286
203.231
421.849
304.315
331.144
434.279
443.426
342.853
48.1819
0.632376
-0.161474
243.105
461.778
462.078
372.062
461.941
232.343
51.6153
232.236
1.30784
399.573
59.7458
317.519
244.992
457.318
461.897
0.328691
331.155
174.587
0.0227623
300.928
84.5385
0.0729656
226.696
462.077
246.292
219.583
248.175
337.878
342.93
-0.00296259
205.455
462.637
46.9243
0.352098
294.603
0.0704322
277.934
113.51
196.146
362.808
0.585759
462.004
292.833
202.347
107.606
106.7
312.878
462.211
173.67
63.2097
70.4003
33.3166
75.7113
114.435
281.433
225.043
461.497
1.76796
462.865
270.431
294.513
399.214
456.057
358.38
300.614
461.896
287.744
63.4349
174.915
9.8125
180.388
84.0553
1.09048
162.255
306.387
245.815
0.532617
462.261
-0.00823642
273.874
1.38689
135.841
232.671
105.906
86.9015
327.916
213.855
462.269
410.344
124.201
402.677
8.55686
317.748
309.968
461.996
233.04
174.95
280.57
288.56
461.957
399.972
311.745
462.062
321.326
462.062
82.9269
0.546395
428.314
462.247
463.988
185.585
39.7007
328.057
223.06
105.424
0.733855
120.662
462.336
401.204
461.96
0.215593
277.457
0.671317
97.8507
447.527
420.047
227.358
0.572773
168.587
258.389
220.697
458.781
97.5742
291.423
257.035
232.974
156.192
462.11
462.842
190.689
25.7708
66.5193
319.444
1.07831
333.774
0.319257
372.644
67.7816
272.027
462.244
220.788
248.474
365.209
148.942
245.182
396.49
197.723
373.027
168.144
70.1843
197.945
343.152
143.391
231.968
246.709
356.791
342.561
281.585
254.172
192.747
356.844
0.721821
266.504
119.767
52.8421
462.048
222.747
326.103
332.778
462.276
60.7445
20.4901
298.853
89.3997
199.804
462.144
227.291
61.9075
119.476
336.188
335.483
433.127
236.34
462.135
333.676
389.933
0.160622
62.0756
0.913731
462.274
357.262
405.918
98.4882
0.390686
460.341
35.8356
276.024
175.413
129.422
46.0915
0.918376
298.136
28.661
33.5255
46.8969
402.558
462.215
401.121
462.072
170.701
462.77
349.935
410.69
141.905
34.4176
379.652
344.92
159.747
16.9106
118.557
243.138
40.844
286.054
136.794
102.693
326.498
300.968
125.283
158.905
462.118
34.5949
33.5919
375.364
381.695
341.9
305.888
198.453
419.453
333.871
462.213
0.131817
247.707
327.536
462.034
453.752
426.785
0.118788
342.385
462.256
363.581
275.394
399.557
32.628
421.99
0.375657
364.372
462.293
325.554
0.576606
101.329
337.919
107.35
235.208
26.8123
462.301
249.357
264.101
21.5602
343.079
224.778
103.878
355.144
331.168
302.726
97.6033
98.1671
371.159
26.1604
61.1863
49.3654
47.9761
94.8527
420.709
76.6404
403.559
158.988
250.529
-0.178418
123.611
149.613
462.33
51.5631
371.464
110.465
67.6412
219.346
172.993
170.714
154.411
247.01
0.437092
0.428418
360.475
78.1309
237.317
462.258
326.728
462.067
225.399
271.995
340.008
461.302
32.9662
101.161
257.716
346.718
127.55
327.732
435.627
399.02
63.7385
391.721
99.6662
225.513
306.241
274.198
82.0181
462.109
316.933
329.623
0.841725
125.934
449.184
239.811
325.522
35.7939
6.45734
390.759
120.964
188.505
142.403
-0.0101292
22.9111
330.426
425.129
135.325
1.40273
462.382
462.004
113.465
0.625427
4.56274
430.607
329.219
196.077
252.092
1.1354
287.385
172.187
0.211951
194.203
242.147
77.9015
169.657
191.806
176.597
315.011
461.342
118.959
115.63
133.619
341.8
-0.0349302
462.308
137.789
166.582
421.812
197.429
0.0565421
273.816
417.059
462.355
304.539
257.256
88.7317
62.5612
241.679
237.533
11.8519
270.211
331.985
151.111
85.8207
141.01
0.110739
278.18
41.5834
421.491
266.911
325.855
35.8663
34.7965
200.625
457.214
151.196
373.606
166.556
347.115
430.514
173.277
47.3829
250.925
62.5499
49.8433
42.0702
316.384
387.566
123.008
450.35
396.388
169.007
232.255
328.773
139.742
361.821
0.226075
409.948
462.482
246.528
193.137
281.84
327.993
116.208
362.061
405.986
103.96
396.377
420.04
462.227
108.156
395.491
351.523
421.342
303.919
275.063
359.429
288.03
349.872
394.943
151.088
186.244
410.3
317.287
6.98192
96.3359
156.904
187.831
250.374
62.1552
184.01
113.659
5.61494
451.145
415.088
446.653
462.116
360.662
277.869
296.626
0.497986
462.374
165.82
77.0735
52.4863
74.2597
355.224
462.362
418.482
390.865
110.273
379.553
234.005
187.091
462.098
65.5616
256.185
163.719
0.254234
193.641
184.736
462.547
155.986
256.436
462.486
275.255
144.337
289.225
461.967
294.679
315.66
86.094
3.01735
79.4146
0.00883907
193.154
174.227
163.421
227.803
0.600486
151.755
426.556
190.514
0.947951
197.715
238.323
461.373
462.048
126.652
72.162
85.8484
110.042
389.425
355.393
214.879
165.816
286.691
3.66792
418.591
305.187
361.732
462.564
201.712
415.343
-0.345962
461.981
283.304
365.232
96.1557
366.21
127.862
193.828
190.908
355.723
3.87798
236.15
250.853
192.113
387.245
462.357
385.357
35.4824
333.452
348.161
383.989
285.979
114.415
252.766
251.176
407.262
400.788
462.001
378.239
99.2172
340.502
0.762068
0.470929
189.285
51.0841
215.89
77.9643
182.728
46.4508
0.0983658
1.51149
219.66
334.157
372.553
349.329
0.245959
140.838
402.916
152.508
342.755
0.618243
0.358432
379.681
303.748
113.133
421.843
462.263
98.345
127.751
462.123
462.065
411.953
133.897
325.233
452.749
336.73
58.669
182.858
0.191854
441.776
0.376977
81.323
44.132
39.0086
90.9163
192.469
322.478
323.693
259.837
198.065
144.35
462.403
101.498
278.372
-0.264265
124.096
283.535
360.06
218.488
165.735
384.19
461.59
246.386
434.744
439.358
201.277
93.2051
304.926
415.913
293.177
244.292
388.785
9.91336
71.2595
275.337
-0.279795
146.444
7.39968
390.641
174.074
155.04
115.09
173.462
413.637
193.07
350.661
8.41291
15.2983
156.111
114.385
346.552
280.134
0.419268
462.413
88.7663
302.615
176.263
155.607
291.6
288.266
10.6433
181.592
462.509
397.746
267.046
462.546
124.266
290.074
462.204
24.2021
314.914
85.5742
228.254
14.5948
462.159
63.7245
253.743
126.881
462.017
461.536
462.594
4.57507
330.622
325.904
306.433
93.4786
135.51
115.004
141.24
462.06
92.3816
181.596
0.0595921
121.793
345.824
242.891
354.87
462.206
0.510769
55.5246
221.873
339.686
441.65
33.0422
420.137
166.65
205.284
462.246
103.307
462.482
334.859
109.802
13.8699
461.486
423.422
0.424704
319.176
152.347
286.387
462.531
297.55
213.032
310.601
462.231
70.6835
462.092
165.436
140.586
229.436
28.7766
89.8177
22.287
0.43507
392.942
295.377
123.982
177.656
122.556
340.264
332.21
277.087
136.753
358.363
182.336
264.694
74.4084
329.479
69.5311
305.093
0.175287
232.475
417.512
0.227394
323.619
248.422
199.081
309.665
108.945
101.66
0.532902
395.966
262.944
462.259
106.842
300.94
344.963
23.9042
188.681
313.225
295.55
49.6943
75.2454
122.783
39.0918
324.171
38.5721
286.129
14.9338
107.926
443.766
132.65
341.906
260.158
182.21
0.480223
407.505
15.2803
18.3718
138.352
96.7895
7.11314
211.363
74.4907
461.965
76.5476
136.073
462.383
372.783
461.639
277.77
402.997
387.433
103.735
133.989
276.13
339.319
462.092
218.893
123.312
440.485
39.4947
287.737
415.793
98.1164
137.56
303.535
342.454
12.2776
0.152391
353.142
114.527
241.084
353.387
81.9682
461.166
245.282
59.6798
79.9989
380.052
401.62
454.902
427.244
316.102
280.964
97.4899
208.737
168.482
448.427
462.102
462.191
315.186
0.887732
259.653
0.0605465
92.5958
462.352
234.779
383.181
358.447
177.468
227.492
241.98
71.8218
347.578
462.308
462.231
444.11
44.7155
119.844
461.731
462.131
402.882
1.4995
352.278
461.956
286.402
442.902
265.239
462.679
338.828
366.282
310.384
249.411
248.956
0.172736
261.517
269.689
203.656
425.002
226.986
368.917
422.297
0.517534
446.924
204.615
212.683
462.204
7.55462
-0.0293354
361.543
462.484
150.81
0.616385
343.9
308.164
228.881
397.48
275.082
0.241159
449.594
80.2959
29.9129
239.075
127.438
8.96008
0.421478
350.997
240.023
30.132
357.511
413.605
323.938
103.768
0.224991
26.7419
46.9552
0.375727
133.296
0.466256
232.378
365.661
57.0423
387.649
0.189349
0.481658
55.3072
189.978
122.992
95.5814
462.015
201.353
198.945
63.9667
462.059
462.027
16.3323
158.484
200.688
228.935
66.125
23.0289
462.361
10.9086
293.927
401.999
92.5504
-0.00819016
141.214
103.609
299.976
301.475
405.956
336.31
165.16
461.445
462.365
382.061
280.314
44.0175
255.84
347.349
406.424
369.634
462.21
175.295
171.45
346.519
91.127
36.2866
0.244717
239.124
314.843
63.4793
26.1937
233.108
0.327521
303.778
424.693
262.756
271.087
303.878
60.8272
97.5707
356.383
298.904
181.848
155.163
439.713
372.722
0.632614
419.072
441.06
198.372
433.065
0.233696
130.943
461.853
0.14035
322.074
23.2719
0.328976
118.409
31.9198
417.383
224.063
410.34
238.947
388.929
297.232
330.403
-0.621852
318.293
462.453
459.325
0.42428
28.8775
233.202
443.051
54.5149
78.2051
196.961
345.216
-0.233311
246.576
58.3802
310.387
0.134537
157.442
236.285
437.57
152.691
445.042
387.912
305.322
437.578
322.354
441.033
135.25
339.218
462.044
0.236769
61.0851
206.956
462.601
45.5645
-0.124414
434.124
0.389555
384.869
214.44
462.211
172.808
84.3293
42.1282
0.451055
195.188
226.956
461.597
14.0086
2.0091
32.2374
131.52
217.128
197.857
351.021
271.335
168.606
99.7638
258.355
0.0748204
2.76957
8.95718
277.393
182.56
322.636
62.8102
140.605
168.722
313.47
462.123
38.4771
295.107
383.438
373.331
163.884
0.526857
122.763
228.932
302.795
140.668
302.792
268.947
0.217631
58.4588
333.886
404.197
238.461
461.988
236.863
143.289
461.933
462.298
276.764
170.782
336.356
184.438
232.529
118.136
462.195
88.2919
191.516
239.85
462.389
340.723
103.101
213.047
196.642
282.22
0.357267
461.833
53.1007
462.12
68.9033
296.924
313.38
223.572
323.748
0.396797
462.204
226.488
462.301
-0.110925
228.038
366.848
462.608
251.018
0.698993
168.788
266.234
226.156
211.925
390.277
0.533101
0.0909804
404.115
384.353
303.836
270.641
412.127
161.252
248.689
177.552
461.45
0.115728
462.277
142.961
221.179
307.075
0.248423
410.082
444.536
237.865
302.258
367.269
147.548
292.165
462.513
163.258
290.692
196.017
458.28
462.047
391.121
411.275
338.183
164.287
245.518
35.275
20.3138
0.540987
347.731
0.33583
462.389
101.298
133.788
304.067
276.018
69.0308
461.353
403.861
355.209
108.409
174.727
35.6392
369.487
462.03
462.229
0.489506
333.202
338.767
248.028
171.637
80.3539
118.967
346.069
203.363
184.625
61.4611
275.604
356.594
319.848
84.7518
132.886
263.951
176.922
462.458
62.7353
361.895
305.958
15.3174
354.233
427.261
283.918
222.743
207.968
461.961
117.976
170.827
215.467
434.102
58.1871
361.833
322.744
23.922
292.482
124.355
423.735
55.2259
287.983
365.294
325.882
0.0673793
0.0841412
137.821
444.564
214.769
0.846982
219.077
0.466195
119.754
70.6829
104.745
63.5013
266.254
8.58424
274.398
240.155
232.281
0.18495
281.327
343.303
124.057
418.337
462.318
455.545
269.557
0.255888
222.268
0.550108
275.982
383.651
462.503
462.514
0.063468
187.819
88.2116
138.234
258.011
82.9273
461.879
68.7626
-0.451355
42.4134
294.266
454.596
0.252545
307.156
0.50968
79.1916
92.6809
391.853
271.918
316.381
319.894
7.5779
0.536202
322.546
32.4921
193.62
429.384
80.4991
431.397
462.103
462.054
253.896
50.7987
110.568
233.204
211.081
116.091
433.286
0.311692
407.912
243.807
112.189
462.423
397.419
252.206
212.111
60.8275
257.531
145.538
122.721
41.6683
346.545
370.119
141.744
325.408
462.266
437.211
18.7049
210.305
436.074
338.98
188.496
215.574
363.295
0.707468
0.386828
461.858
457.705
229.263
306.023
87.7831
462.371
353.582
21.6665
348.865
161.534
336.864
462.189
0.342598
0.00505722
0.444746
399.115
4.59769
461.518
294.833
462.382
10.6101
351.201
263.069
269.751
91.4786
31.6493
125.589
442.344
162.462
221.343
215.669
218.74
0.611346
307.506
-0.018675
6.88461
268.461
90.6511
337.991
462.076
191.222
273.553
210.359
199.291
296.947
291.608
405.742
417.94
126.118
191.774
147.813
320.923
184.042
462.084
55.2763
132.879
0.209415
325.618
452.468
320.835
200.218
462.392
340.291
214.256
101.036
294.45
47.9446
275.845
-0.317155
2.19254
78.4036
287.868
227.916
332.954
138.128
462.096
-0.0774339
0.65457
413.603
116.43
108.902
301.071
460.125
0.148643
435.637
42.6828
159.223
337.135
393.911
104.821
457.261
156.236
313.733
318.551
376.043
359.9
77.397
158.346
300.063
429.98
229.722
0.568701
403.386
36.8487
31.4745
0.475379
322.357
338.573
14.9984
460.387
402.662
291.791
96.7653
9.33356
110.467
455.823
116.135
62.0129
373.104
462.43
280.433
257.737
452.621
436.907
232.559
273.27
291.458
91.7034
272.055
4.2857
0.209194
140.452
218.64
385.787
153.812
120.141
317.481
401.935
210.744
387.913
294.352
302.425
328.112
46.5865
314.226
170.664
462.206
256.983
156.114
35.7688
439.51
219.492
247.432
315.815
417.9
405.98
343.381
365.923
252.041
134.386
208.287
2.36669
452.344
179.145
336.885
396.993
35.9184
332.45
357.112
331.709
-0.297328
462.173
395.576
194.627
403.375
325.494
83.7027
462.017
190.287
236.358
299.121
218.988
407.804
230.129
219.35
130.361
248.547
0.306105
304.072
453.263
462.121
208.908
311.769
207.862
63.9604
108.801
461.819
118.742
296.731
123.122
299.115
462.074
309.143
126.112
13.5365
294.791
129.828
51.1468
161.651
240.365
419.204
402.132
320.522
175.794
428.38
462.232
445.296
97.1848
416.156
462.42
363.073
217.821
195.622
134.71
76.6096
440.467
462.317
111.521
416.009
244.193
43.884
424.176
0.175967
300.706
376.367
0.184107
232.482
390.239
