14.0413
44.8947
42.2465
-1.0
-1.0
51.1306
23.2974
-1.0
-1.0
43.6942
49.9039
44.2302
37.677
40.6897
31.0412
42.6336
47.0294
32.4507
21.0156
23.408
47.9341
45.1152
46.8746
35.447
38.2775
43.4589
51.9493
-1.0
40.2794
26.8922
30.2286
-1.0
36.1061
27.7162
24.5073
45.2855
-1.0
-1.0
41.4099
27.7581
37.428
33.4731
33.1349
-1.0
36.9889
-1.0
-1.0
36.5481
32.6461
-1.0
-1.0
51.9081
49.8399
32.5131
29.4786
28.3739
49.0658
38.9049
34.3282
24.0984
29.4908
49.9477
37.6805
43.3067
32.0298
-1.0
29.7884
33.3476
-1.0
-1.0
18.3234
48.2211
-1.0
49.0741
-1.0
31.4938
47.7853
-1.0
20.7572
38.5208
29.2136
39.2114
29.4867
15.0041
43.3293
24.0291
-1.0
-1.0
49.2785
-1.0
28.4199
27.5554
49.7498
-1.0
-1.0
30.2369
44.5653
-1.0
22.7396
22.1635
33.0989
-1.0
-1.0
41.285
26.7219
42.1109
42.9511
46.663
-1.0
-1.0
46.0132
-1.0
21.1213
-1.0
33.7784
-1.0
42.0329
27.753
-1.0
17.3152
-1.0
49.189
50.5908
-1.0
46.0337
-1.0
-1.0
-1.0
47.5754
17.3387
25.2594
44.3942
39.2606
16.951
51.6699
38.1599
49.315
41.9326
29.0292
27.2568
28.7591
49.7287
18.2448
39.6731
30.637
26.5033
41.9299
45.1878
-1.0
20.0635
-1.0
47.7
26.7757
42.8594
41.0117
46.8159
32.2047
43.9117
21.4711
-1.0
28.3623
33.4862
-1.0
13.3299
-1.0
-1.0
43.4894
51.6419
44.3373
49.0103
35.7367
46.7668
20.9039
39.715
37.4183
31.4789
-1.0
-1.0
-1.0
-1.0
-1.0
26.6182
46.2537
47.7476
47.3198
24.1326
31.3634
-1.0
47.8628
51.9608
38.2671
36.617
41.1576
50.1195
17.9317
41.218
41.9461
37.5187
39.3347
38.4171
16.4783
50.2602
-1.0
47.8645
39.3036
49.9917
14.0309
16.0608
47.1342
38.4083
-1.0
44.3491
50.0086
28.443
13.328
47.4408
49.8791
35.3764
42.0149
-1.0
28.5054
-1.0
-1.0
47.1555
-1.0
23.1019
25.8559
44.1513
51.2103
24.7144
38.2473
47.6673
37.1838
-1.0
-1.0
48.4411
45.2268
49.0029
35.6516
19.6503
44.6986
39.91
45.4898
22.2053
29.5105
43.4426
-1.0
35.0078
28.7623
31.6217
45.3902
40.1109
39.0979
-1.0
43.6066
42.6608
15.5968
-1.0
21.5106
38.5399
51.2356
48.2734
33.5355
31.0202
23.9888
-1.0
38.6444
23.1749
-1.0
-1.0
40.8639
41.1139
15.5276
45.6026
46.4343
47.471
25.2134
46.5889
47.6423
51.0956
34.4315
-1.0
-1.0
18.8285
26.2764
27.7488
35.2129
23.4818
45.4085
43.853
45.37
43.9402
32.6635
-1.0
32.7503
42.1841
38.5684
43.7176
44.5031
44.4947
48.095
35.078
33.4502
27.4977
50.5646
-1.0
18.6035
-1.0
-1.0
50.7763
31.4296
49.5542
45.8885
45.3231
37.1902
-1.0
23.5479
45.706
36.1211
35.4663
49.169
42.0773
-1.0
43.986
30.0409
33.608
-1.0
49.6687
48.0008
15.7893
-1.0
25.6399
37.3975
42.5564
44.669
-1.0
-1.0
-1.0
35.2502
26.135
50.2158
30.2107
50.9972
26.8908
34.9718
48.7234
47.2237
28.5898
37.9219
28.1109
38.1672
32.0128
28.1427
51.1985
47.6308
33.5807
34.2297
15.3901
-1.0
44.9826
43.8288
39.9344
-1.0
32.0746
51.4218
28.4198
23.4148
42.0565
41.1447
-1.0
-1.0
32.6919
48.9063
32.5211
32.6193
23.8487
44.1855
21.1922
37.1188
10.2423
-1.0
-1.0
41.2278
49.9695
47.3469
23.3645
39.9306
34.6944
-1.0
41.1844
28.163
39.0645
36.5753
-1.0
46.357
25.9655
-1.0
20.8053
16.8755
49.9903
52.0597
-1.0
36.5542
40.7447
32.1337
23.8655
35.9031
22.3671
40.9327
44.7466
-1.0
48.1973
43.38
48.5725
-1.0
-1.0
48.4019
37.4761
38.1192
38.244
44.6806
30.4272
34.2699
36.6623
35.5468
39.0078
41.1659
38.2687
26.075
-1.0
17.784
-1.0
45.4084
51.6538
28.68
37.9197
11.4986
35.6566
-1.0
44.1306
50.0226
46.6662
41.0115
42.4344
31.608
30.1573
27.05
-1.0
39.8648
36.4682
-1.0
-1.0
47.3082
19.5631
24.9934
40.5726
41.5819
13.8435
-1.0
22.8952
47.5148
39.3755
40.4838
48.4369
19.2572
-1.0
21.6439
19.7758
-1.0
-1.0
14.8027
36.5493
36.238
31.3388
-1.0
28.0675
-1.0
27.0316
48.9429
-1.0
36.542
47.4013
33.7631
-1.0
15.1714
-1.0
43.0854
25.1958
25.7804
-1.0
27.0976
-1.0
22.0918
-1.0
47.5135
40.6047
40.7589
39.3489
13.0228
49.2989
-1.0
39.8559
-1.0
50.8592
28.8771
36.9075
49.0038
22.7327
47.1348
40.8258
12.9264
27.6523
-1.0
40.7942
-1.0
37.0471
-1.0
37.372
-1.0
42.1904
15.8319
31.5196
50.7783
-1.0
-1.0
42.4962
48.0518
36.8817
45.97
51.3192
37.6808
-1.0
47.4833
41.9282
-1.0
49.9895
37.3977
37.5778
33.4643
23.8994
10.7113
17.3332
27.4899
35.0963
32.7227
-1.0
31.6889
16.8253
18.2739
41.8624
26.405
35.2284
51.0121
38.1144
28.2638
31.6952
41.8894
23.3586
46.0186
19.8289
18.0906
36.2556
42.474
40.8803
47.0734
44.6513
30.9563
52.181
23.8958
52.2465
27.2211
35.473
16.2767
28.2666
-1.0
48.7557
51.9061
-1.0
42.7887
27.8143
-1.0
29.5622
-1.0
46.4518
20.4005
33.9103
10.4076
49.0505
-1.0
-1.0
-1.0
27.2068
45.982
48.7198
50.0436
32.6143
30.4344
49.8554
32.4078
49.4738
40.914
-1.0
24.8345
36.6865
25.4317
39.8695
25.2042
36.064
47.0545
35.7271
45.7438
25.9613
41.4075
46.3163
47.0529
21.4699
51.6613
-1.0
-1.0
-1.0
24.5446
41.5773
46.1944
22.9399
29.0519
34.6548
39.5907
44.9772
50.0474
27.1
-1.0
49.3564
39.5673
18.1889
26.9874
23.3438
33.2518
52.2559
26.6521
46.0545
41.052
-1.0
29.0674
-1.0
48.6739
35.6856
47.5571
30.3538
49.2032
41.6706
50.2721
40.3281
50.3992
31.9032
5.46489
-1.0
41.4431
36.7188
40.8046
32.9509
45.0752
40.7376
43.7277
39.14
30.4256
29.8225
-1.0
40.95
32.4985
48.969
-1.0
50.4359
40.9174
31.5313
43.9164
47.5199
-1.0
-1.0
32.1933
49.3384
48.5969
44.8239
36.906
33.7256
39.6699
-1.0
14.8905
-1.0
35.4029
-1.0
52.2389
-1.0
47.0252
35.1157
19.7387
35.2312
-1.0
42.223
35.0669
28.5973
34.0276
-1.0
25.6705
32.9405
31.8005
-1.0
-1.0
22.5585
29.5417
45.7753
46.9313
47.8368
39.1889
-1.0
42.7697
24.6774
-1.0
44.7531
32.7336
26.9588
41.5601
51.0897
-1.0
33.5448
34.671
-1.0
46.7031
-1.0
40.8095
27.4432
44.408
31.5726
47.4957
16.4528
33.8877
47.3385
51.8861
-1.0
50.41
33.4439
-1.0
37.6024
50.8568
18.0831
40.1606
46.9616
-1.0
17.4705
42.923
41.7099
32.2654
28.3137
-1.0
45.4029
29.5365
47.0814
51.812
43.2825
43.7621
-1.0
48.3444
-1.0
46.8782
49.5092
48.1858
48.6904
32.5282
-1.0
-1.0
29.9083
44.9825
38.9864
10.4072
49.6992
-1.0
37.2574
-1.0
-1.0
19.3369
43.4993
39.235
-1.0
24.42
39.142
47.3619
-1.0
-1.0
48.8097
27.4905
-1.0
41.3729
-1.0
19.7162
38.3644
45.9998
30.7343
-1.0
35.7705
-1.0
51.6056
-1.0
-1.0
17.4322
-1.0
37.4155
21.3768
-1.0
48.1502
36.9654
29.9241
30.7045
19.6091
50.9419
45.2858
39.6667
-1.0
45.8356
32.1051
35.2159
41.5878
-1.0
44.8164
37.0618
28.3605
-1.0
-1.0
40.9282
-1.0
49.2264
39.8347
29.5753
43.4633
30.4204
48.9033
50.5599
33.7828
36.9654
28.4316
44.1529
12.5056
42.9554
50.2497
39.237
14.5363
8.44814
46.0829
-1.0
35.7942
42.11
-1.0
40.4584
23.5699
45.0535
-1.0
37.502
46.8133
39.4433
-1.0
42.6117
45.6427
50.941
38.5643
-1.0
-1.0
37.6491
-1.0
33.3062
19.103
25.3221
-1.0
42.382
33.8308
23.8073
-1.0
46.7955
26.0432
47.6922
-1.0
-1.0
19.1952
-1.0
-1.0
50.1346
41.9386
-1.0
-1.0
-1.0
36.4014
15.7092
-1.0
-1.0
50.3591
-1.0
43.4649
49.7555
37.2153
49.6494
39.3391
29.5288
-1.0
16.2428
41.6837
25.7113
15.0808
41.9803
47.9872
36.4156
32.6946
13.9009
-1.0
48.1004
51.5222
10.9231
31.3437
42.0579
-1.0
42.2123
42.4654
44.8554
14.4362
31.8091
-1.0
-1.0
-1.0
41.2764
22.759
-1.0
-1.0
50.0849
-1.0
20.3515
-1.0
47.3126
46.8914
24.4764
34.9874
46.0674
35.0533
15.9738
42.9617
24.5487
25.938
49.6203
34.6295
42.4956
31.4661
46.4392
24.6727
37.2686
18.72
48.7308
36.2856
42.7213
39.5074
38.1821
30.6313
40.0238
37.0918
16.9076
42.0937
21.5185
40.3111
12.0025
45.3856
-1.0
43.6373
41.1778
45.7775
29.0596
5.83191
16.2523
-1.0
31.5801
-1.0
42.9981
-1.0
29.7575
-1.0
45.5689
32.5609
7.90158
46.9681
-1.0
8.04188
42.2488
31.2616
30.2705
26.1767
43.3773
-1.0
40.8397
24.19
-1.0
51.1939
-1.0
23.8637
40.7148
50.9886
39.8634
37.1829
-1.0
23.2464
48.945
40.3883
49.1344
-1.0
50.3276
47.3816
30.0773
41.6439
42.8864
36.7723
-1.0
39.0689
35.361
46.1177
47.4506
38.6792
21.8575
-1.0
28.6262
34.1338
27.598
47.799
38.6026
41.1213
41.4596
20.9763
16.9356
-1.0
35.81
32.6704
20.7178
-1.0
39.4126
8.66619
50.1294
50.663
39.6342
-1.0
-1.0
18.1242
-1.0
32.1626
41.2375
-1.0
44.3874
48.4868
30.2843
20.9258
36.6355
39.9368
42.096
43.8792
26.2856
-1.0
49.7961
26.8269
48.6078
35.4142
48.8183
49.5907
47.7784
38.0457
-1.0
36.8764
-1.0
48.9991
-1.0
39.9633
39.9543
26.3685
-1.0
44.1503
33.4551
44.3358
42.9766
48.0282
41.7462
39.2407
-1.0
39.6292
-1.0
18.9374
48.1113
31.049
48.1363
39.5589
34.1582
-1.0
42.9129
-1.0
29.4291
-1.0
26.8085
32.5875
-1.0
33.3927
44.4704
36.954
37.6751
-1.0
-1.0
41.9698
49.31
-1.0
-1.0
50.8771
28.1797
43.7584
-1.0
49.4177
26.1528
42.9629
-1.0
52.2827
32.7108
37.1319
49.5832
50.0173
-1.0
28.7049
23.8968
30.0746
47.0304
-1.0
-1.0
42.6953
47.6843
-1.0
33.6997
27.3376
37.802
40.7059
42.5933
45.152
30.3152
26.4243
31.3023
27.6277
44.8484
29.5646
-1.0
48.3832
44.0284
41.9758
29.1415
22.8433
49.4448
-1.0
22.0387
27.9989
34.2444
41.712
-1.0
38.9599
47.6779
-1.0
34.1363
27.1218
52.0391
44.5435
34.8691
44.8532
-1.0
35.5452
-1.0
-1.0
41.9223
32.9933
42.322
-1.0
37.9811
-1.0
49.9996
50.8391
-1.0
-1.0
34.0278
-1.0
23.1083
51.0102
39.0535
20.486
-1.0
36.1134
38.3288
47.4031
52.2692
49.5579
18.3803
41.1879
31.019
-1.0
43.8567
38.8792
-1.0
10.0796
22.4831
55.0268
46.8276
53.0184
27.8066
46.7477
30.8826
52.2102
32.7849
35.8873
31.6632
39.9219
50.4982
46.8932
-1.0
51.0054
49.9559
21.281
11.2513
15.9667
28.226
-1.0
28.4489
-1.0
45.423
43.034
52.1966
-1.0
47.8707
38.3632
49.8973
-1.0
37.791
47.3257
40.1422
-1.0
-1.0
49.8792
-1.0
40.7908
-1.0
51.6313
44.0997
50.5926
34.1548
40.588
31.2549
32.755
-1.0
-1.0
44.0447
47.3246
24.693
-1.0
46.6175
-1.0
25.5593
-1.0
10.4037
17.9453
35.0913
40.5038
-1.0
18.599
30.9653
39.6981
52.1875
45.1686
29.0902
-1.0
47.3557
49.5184
-1.0
24.5154
33.174
51.7715
32.8335
27.9991
-1.0
-1.0
49.4999
44.451
-1.0
47.5102
20.9019
51.8286
40.6305
-1.0
50.8366
30.8546
40.2651
19.3831
-1.0
-1.0
48.5175
30.8702
47.9652
-1.0
44.3341
45.3755
43.1136
38.3899
17.6693
22.4407
26.3704
31.8236
-1.0
36.4942
-1.0
-1.0
46.2494
11.9421
37.9118
25.3402
41.2748
44.022
27.4292
-1.0
40.2299
49.3949
39.3563
47.9353
43.4318
50.8388
39.9038
36.4934
11.8647
-1.0
-1.0
32.8679
-1.0
31.244
32.1449
38.5219
40.4008
48.9067
22.4782
29.0821
44.4855
-1.0
47.2368
51.7584
42.8925
42.3247
45.3746
39.7115
32.5734
28.7565
31.4847
21.7624
37.2879
46.4111
36.3506
-1.0
46.3612
50.4706
29.1979
52.0524
-1.0
35.2506
-1.0
38.7185
29.124
-1.0
47.6308
-1.0
-1.0
34.8088
51.3161
47.2932
38.3306
26.2368
35.2198
25.4197
5.01996
45.0173
39.8204
44.9328
31.1591
51.1633
21.7202
-1.0
45.3989
39.1494
8.15232
39.0279
-1.0
47.4018
27.8477
48.462
49.1786
47.7314
46.1281
35.1916
18.7526
44.3651
48.3824
48.8563
-1.0
47.1561
24.0668
-1.0
-1.0
-1.0
42.5423
49.2722
43.4103
-1.0
49.7669
39.8551
34.5998
36.8565
-1.0
33.5591
31.4131
38.1452
46.2493
25.8201
-1.0
43.8391
-1.0
-1.0
46.7812
36.1348
40.3033
40.2895
35.623
44.2261
-1.0
-1.0
-1.0
36.2112
34.261
26.7836
26.9806
46.0708
30.5824
41.4342
35.7265
-1.0
35.5983
-1.0
46.597
42.8318
47.623
45.8416
-1.0
-1.0
50.4365
43.4007
35.7059
17.7869
40.4773
46.8852
50.6935
28.7949
40.4883
29.4503
-1.0
33.8546
22.9979
39.4015
39.2265
-1.0
52.0322
36.777
30.088
-1.0
50.4439
-1.0
-1.0
31.7833
33.9927
44.6356
33.1578
43.8746
-1.0
42.5917
45.7137
31.9984
39.3855
48.688
49.258
13.9923
35.4918
-1.0
-1.0
31.7473
46.0957
39.4947
48.4795
37.7367
20.2018
23.8102
37.9542
33.5983
18.0689
33.0364
47.9763
49.2251
37.7694
34.8514
29.1375
36.0281
27.309
-1.0
9.77717
48.1663
16.516
23.3034
25.5955
35.6818
-1.0
-1.0
27.2128
22.6561
27.2948
49.941
46.999
-1.0
20.3532
23.2607
19.9311
38.9663
48.226
37.9242
27.2372
31.1088
51.4074
27.9956
16.0954
22.0557
49.1555
45.5945
43.7034
51.9195
44.1438
10.2415
32.0524
41.5669
-1.0
28.6137
48.7935
35.3295
33.4352
41.1099
29.4589
-1.0
28.8617
51.6227
49.862
46.329
31.9537
17.7803
44.2974
29.9439
46.6453
16.6603
38.5422
-1.0
-1.0
45.9672
43.5758
51.6554
31.1803
-1.0
-1.0
46.6669
45.197
44.4914
40.6922
-1.0
-1.0
30.259
44.0972
-1.0
41.3401
-1.0
-1.0
-1.0
40.7217
-1.0
-1.0
-1.0
37.2888
35.4599
38.9896
36.8869
47.6758
28.9776
40.245
26.9741
-1.0
-1.0
7.75257
48.931
47.4401
-1.0
49.2456
42.3821
17.5564
-1.0
-1.0
47.9353
-1.0
48.43
30.5031
43.2515
32.7595
-1.0
49.7834
43.0649
44.962
44.4187
47.5031
41.552
20.145
-1.0
27.4898
45.995
27.7628
23.2197
45.7792
-1.0
41.9667
19.3678
32.7065
44.1324
18.0581
35.464
-1.0
50.8068
32.246
43.0566
34.3628
51.1944
21.6799
37.6867
42.2952
28.7144
41.2822
51.044
-1.0
21.1512
38.525
42.5719
36.9785
51.1714
41.5463
26.6951
44.3163
49.8714
6.08024
33.9635
-1.0
41.4136
46.6201
22.6918
45.7647
17.6448
36.6331
50.9862
38.9834
50.5148
52.1236
21.2078
40.2386
28.4874
30.8412
28.992
25.5627
35.324
64.9933
34.4449
36.7958
32.3442
47.0528
-1.0
46.5991
43.3546
47.063
50.1418
-1.0
10.7315
32.1927
44.1243
-1.0
28.4857
34.5565
21.4564
-1.0
32.4953
-1.0
15.9756
48.0825
42.1203
43.2944
25.0533
32.7949
43.8783
40.2081
45.2513
38.8684
-1.0
43.6861
29.2827
50.5304
44.4868
-1.0
42.9361
47.3726
-1.0
-1.0
49.907
44.756
12.2466
33.2194
42.454
-1.0
24.7215
-1.0
33.5151
23.1652
45.9212
40.4689
45.8403
49.9019
-1.0
49.1714
-1.0
-1.0
31.5779
50.131
41.6309
40.2478
31.1416
-1.0
34.077
35.5908
-1.0
36.3258
-1.0
-1.0
47.0203
36.3992
34.0653
51.0597
38.9767
43.8316
33.6276
28.1845
47.4245
44.3252
-1.0
37.0803
41.8119
46.0321
33.6461
23.6935
-1.0
33.7545
50.1853
50.1303
46.4822
-1.0
42.1953
49.3843
-1.0
39.2398
30.479
-1.0
34.8184
39.3816
26.4785
46.8488
-1.0
19.7934
28.8732
-1.0
11.9651
48.6817
-1.0
35.2395
33.7681
40.9943
26.1378
52.3222
-1.0
-1.0
34.1771
17.368
34.1726
-1.0
42.4095
19.2459
46.5838
43.9797
24.3535
43.7371
-1.0
42.4444
31.168
-1.0
-1.0
47.2317
46.5152
19.2243
-1.0
46.3098
-1.0
-1.0
32.5814
-1.0
22.043
-1.0
33.4978
23.324
-1.0
-1.0
35.8721
35.9739
33.9272
20.2464
25.6182
46.6262
-1.0
-1.0
44.6086
24.6719
33.2176
-1.0
16.174
28.676
51.3211
49.4204
35.852
24.9525
-1.0
35.1308
28.7381
-1.0
-1.0
40.5498
47.1928
-1.0
21.8234
37.2157
21.3149
50.9492
51.922
-1.0
-1.0
41.6517
15.2447
35.8667
48.7461
42.5483
15.8678
33.6146
39.4687
43.2669
26.5392
41.4968
44.4369
46.4268
45.3834
47.5446
-1.0
38.4473
51.6876
-1.0
36.3659
21.9094
46.4449
37.9859
27.9174
13.1328
28.0185
48.1181
-1.0
37.5699
24.7461
17.7124
-1.0
34.0149
17.5351
-1.0
-1.0
20.2358
15.954
47.7165
13.2586
-1.0
43.9789
50.2971
-1.0
30.7041
29.7611
36.1375
35.5378
44.6015
-1.0
-1.0
10.6073
-1.0
37.7638
24.3393
42.0459
50.4883
-1.0
34.1864
49.826
49.2342
33.4146
27.1443
26.2277
16.3745
43.6955
33.295
-1.0
-1.0
44.9919
-1.0
49.6983
36.2928
39.9827
48.2757
41.3504
41.6677
47.6637
-1.0
39.296
30.3397
-1.0
12.5503
33.4364
-1.0
20.9656
-1.0
24.4558
51.0761
50.792
39.3941
48.954
29.3415
28.2242
37.5618
46.7686
26.5856
28.9005
-1.0
29.0677
33.548
-1.0
43.9889
47.9996
-1.0
45.7065
38.845
-1.0
-1.0
23.7297
-1.0
28.3277
45.7884
25.5648
40.4025
-1.0
44.6421
9.2428
23.0929
50.6585
18.0455
9.54403
-1.0
14.7257
40.8791
48.2006
48.9017
50.8547
45.8252
-1.0
-1.0
22.787
-1.0
19.7305
51.4722
40.0775
22.0631
-1.0
41.4706
25.8798
48.6299
37.1188
-1.0
42.9848
40.2806
35.6898
19.961
40.4723
47.0224
-1.0
27.0464
47.0251
-1.0
23.8371
37.0425
47.326
23.0955
-1.0
38.9895
17.3545
11.2948
44.9177
51.872
-1.0
46.7306
38.6609
55.0931
46.267
29.5789
36.2423
42.7705
36.2258
22.3748
38.2415
-1.0
39.4087
-1.0
27.3925
24.7446
31.8913
26.6471
-1.0
-1.0
22.7451
25.3145
29.4346
-1.0
39.9723
24.4842
42.1753
28.2691
27.2749
-1.0
33.6262
9.01488
46.9096
30.9004
49.1794
-1.0
48.0563
48.6407
49.2509
29.3939
-1.0
40.9355
33.5197
30.0558
31.6606
33.6759
-1.0
48.0478
46.5711
37.5383
-1.0
-1.0
18.1562
49.7902
26.3292
15.4249
43.9184
32.4048
48.633
49.0453
38.3654
50.9299
38.8204
-1.0
22.5222
16.805
29.6584
40.499
-1.0
45.2182
51.7958
23.1137
-1.0
-1.0
-1.0
36.0896
40.9425
-1.0
38.5741
23.138
51.9291
44.5479
20.5046
36.895
-1.0
35.2307
30.1459
34.2634
-1.0
43.229
47.3289
22.7771
-1.0
-1.0
8.37562
-1.0
49.9414
49.8698
41.3203
23.2612
12.7445
-1.0
43.6571
16.3705
29.0929
42.2763
33.6795
-1.0
41.8721
46.7058
-1.0
34.4899
14.6501
43.9724
29.0847
40.9331
-1.0
35.1321
47.2974
-1.0
25.5813
47.2798
-1.0
39.3218
32.6048
40.9091
18.7769
-1.0
-1.0
15.2778
42.3121
-1.0
29.8572
48.7308
35.518
22.206
44.0513
44.7952
46.8485
38.1408
14.3026
43.5733
34.6552
50.2301
31.3524
48.9369
48.2606
-1.0
47.4693
48.3469
35.0542
37.1832
-1.0
49.6851
37.7284
37.3689
30.1128
-1.0
35.045
37.9178
24.3481
47.2336
12.756
40.8866
41.0076
28.0587
34.72
28.2763
-1.0
27.0961
-1.0
-1.0
38.8589
37.8775
-1.0
-1.0
13.5754
-1.0
26.167
39.006
-1.0
31.6699
36.7786
18.9094
-1.0
51.8146
19.997
47.2295
36.0787
38.8994
37.6162
30.3392
20.9996
34.6421
32.0154
-1.0
-1.0
50.0568
-1.0
42.6461
31.8154
41.6864
23.274
29.0902
51.6882
43.034
49.2374
-1.0
50.7848
40.8931
24.6169
40.7906
47.0127
-1.0
39.4375
26.298
33.136
45.5602
-1.0
33.1221
38.4543
47.3939
26.7679
19.5397
29.7008
-1.0
31.2367
40.1063
25.0406
22.3223
-1.0
38.7834
40.278
47.6191
-1.0
23.3386
19.711
50.0045
37.9327
25.5134
33.0298
49.992
40.8734
28.2063
35.4828
-1.0
-1.0
25.3414
41.1731
32.3225
46.2862
22.1469
27.6463
34.8267
47.3494
35.8208
-1.0
-1.0
29.6601
38.1124
-1.0
50.3037
38.4957
51.0417
44.9244
37.9107
-1.0
46.839
43.0221
-1.0
45.3491
42.4727
-1.0
22.4244
10.572
31.151
-1.0
32.3629
27.6411
30.9099
50.683
51.8651
49.3274
13.941
30.8152
45.08
39.2537
-1.0
24.0291
27.8026
25.2303
49.2106
-1.0
-1.0
54.5857
-1.0
46.0118
-1.0
32.1396
13.0762
46.0724
41.1355
-1.0
34.3055
48.6797
43.4529
49.1774
-1.0
27.8765
35.3688
-1.0
34.5206
17.209
33.9242
23.6902
-1.0
-1.0
47.021
26.2645
37.8559
42.1447
27.0508
49.257
43.1862
47.9122
-1.0
49.5122
43.304
47.4293
31.8607
-1.0
4.36097
43.486
-1.0
33.8063
-1.0
41.7248
31.5731
44.4975
32.0585
-1.0
35.7908
31.3085
29.7116
36.5497
49.4052
45.4967
-1.0
-1.0
50.4914
-1.0
45.778
-1.0
-1.0
32.9846
44.9995
45.8397
-1.0
46.1765
32.6048
-1.0
27.1227
42.1827
48.3314
-1.0
44.5227
50.8097
25.2237
36.0432
49.4333
43.953
21.0169
44.4752
-1.0
49.9732
51.6049
40.6913
14.7793
45.0465
35.6318
34.1314
-1.0
41.2084
32.4054
46.8452
21.3278
49.9206
-1.0
51.3929
24.4024
24.0102
-1.0
-1.0
47.8511
35.5637
51.1853
-1.0
46.9887
50.0272
53.2317
37.4202
-1.0
52.2952
-1.0
41.3024
28.0718
-1.0
-1.0
-1.0
-1.0
43.6639
48.2784
40.7152
42.2956
31.4075
39.1195
48.8016
48.708
16.0681
17.2076
-1.0
-1.0
20.7494
35.862
34.5606
47.0533
-1.0
47.4992
49.1643
22.2116
45.5623
43.8928
32.8807
-1.0
41.5776
43.501
26.8124
48.977
26.2262
15.6612
14.4401
-1.0
55.4159
52.0455
-1.0
25.6645
51.744
21.8017
45.2485
38.8092
-1.0
40.1084
39.703
51.5939
-1.0
35.0695
51.8971
32.5092
37.5441
40.6957
-1.0
49.1243
-1.0
40.5603
20.7305
10.7572
38.5843
50.7328
34.0257
22.6321
32.3458
22.6759
-1.0
31.4318
34.5941
35.9945
50.3796
48.616
36.4442
35.2409
47.7427
31.2498
8.18173
45.6907
-1.0
19.8946
51.4097
40.1209
22.6424
28.401
50.9489
41.3641
34.3631
40.5125
44.5956
31.0015
16.2733
37.3894
-1.0
24.9324
27.103
23.8907
21.7906
41.6234
-1.0
43.9943
38.7926
-1.0
34.0515
42.8396
21.9155
39.5297
39.692
37.9878
50.7236
33.7112
28.0828
-1.0
-1.0
36.4535
42.9802
45.2789
-1.0
39.5246
44.2764
43.9816
36.2011
49.2296
28.056
-1.0
42.7633
48.0041
51.7409
30.4812
39.7736
46.8209
48.9916
29.9828
30.3792
50.7774
32.802
-1.0
49.137
-1.0
21.3833
47.3724
-1.0
52.1688
32.9194
25.3042
49.3917
39.8326
41.5343
34.5555
30.2984
46.7749
46.6961
33.4987
44.9118
37.3927
24.6328
44.5227
24.1247
9.47152
20.418
46.7717
-1.0
-1.0
44.2362
32.4563
25.3064
-1.0
26.9607
44.5061
34.1701
-1.0
44.0184
-1.0
-1.0
32.4273
32.2015
-1.0
23.0522
24.9318
42.9404
29.1015
24.5293
-1.0
43.2008
40.022
24.0545
30.6165
-1.0
-1.0
23.0203
31.2511
43.2706
42.2479
-1.0
35.796
24.4649
14.5245
22.115
32.5719
-1.0
52.4964
31.3201
48.8764
-1.0
49.7511
42.3923
36.7396
36.3772
41.8329
33.5098
32.9963
34.6585
31.6301
51.9132
33.5488
-1.0
-1.0
33.9989
-1.0
49.4764
41.7083
33.3718
31.0917
-1.0
-1.0
-1.0
46.1373
-1.0
31.4961
25.1033
43.4364
22.889
46.7949
43.8152
-1.0
33.5849
37.2176
-1.0
40.5995
31.8374
-1.0
-1.0
30.9662
-1.0
39.0712
-1.0
15.5535
41.4108
35.3815
-1.0
-1.0
-1.0
50.8251
45.485
47.0065
49.149
-1.0
27.7784
43.0115
-1.0
40.0781
27.664
27.253
34.2261
18.7796
32.1101
22.4423
52.004
42.1868
37.0732
45.6985
39.5237
44.6988
21.4688
49.0891
19.0612
-1.0
39.968
-1.0
36.3649
37.2481
52.1147
46.299
16.9444
46.9018
29.721
37.6438
39.6866
48.7239
31.4069
-1.0
51.3921
44.5114
15.8884
28.2242
-1.0
37.1941
-1.0
28.6789
50.8655
35.166
30.345
40.0912
38.4169
38.3196
39.6124
43.8749
33.2895
-1.0
29.8253
7.48408
25.8459
40.9951
38.9348
-1.0
23.9561
38.5887
-1.0
-1.0
37.6659
44.802
37.1042
43.6553
23.6138
51.6096
-1.0
12.5489
-1.0
45.3438
35.084
42.6736
-1.0
39.3984
50.2125
25.3528
50.3803
47.6842
29.4912
39.5949
25.8568
41.9369
-1.0
26.5723
28.8605
50.8977
43.0752
26.6876
48.4393
39.9674
51.69
41.9743
40.8646
-1.0
24.0035
29.5696
-1.0
-1.0
20.7253
49.7339
-1.0
33.7206
46.6702
51.4729
38.0934
42.5657
24.8868
48.1301
47.2575
-1.0
34.5526
37.6673
27.7584
37.3193
34.5621
47.4124
37.7019
-1.0
23.7312
-1.0
37.7302
36.4638
18.0818
28.4237
16.2649
46.5925
23.9983
41.517
34.8188
41.1667
30.0138
39.8869
32.7838
48.8696
50.6269
29.6462
37.5465
24.4329
19.366
19.09
26.7464
34.8264
-1.0
-1.0
31.5171
27.2059
36.5635
32.1248
23.3212
46.4075
-1.0
27.5526
49.6517
31.3618
51.4117
28.2127
37.5901
53.8001
19.9658
50.4495
37.6303
15.6877
17.0454
41.6456
44.1603
42.9628
32.9518
47.7218
38.066
-1.0
34.465
22.3884
-1.0
29.9597
-1.0
29.7833
-1.0
32.9946
29.5897
34.2483
49.1388
49.5745
40.2234
49.103
18.0225
32.4507
-1.0
44.8435
34.1374
49.2041
26.4662
41.8768
43.1703
36.9843
-1.0
-1.0
46.8166
46.9898
34.6767
-1.0
30.6166
-1.0
33.7016
41.8703
41.2879
-1.0
48.4875
30.6548
-1.0
50.6685
21.5902
46.7304
32.5578
49.7109
-1.0
25.0382
40.0705
20.0117
27.9607
-1.0
16.9932
24.8074
27.3155
-1.0
-1.0
-1.0
50.2609
33.7683
36.0285
35.0134
43.411
-1.0
42.8067
-1.0
45.6477
35.7848
36.8047
-1.0
-1.0
33.0644
37.8741
24.7069
15.7214
38.1835
32.8261
-1.0
37.3707
39.0909
34.928
-1.0
21.4561
24.0283
-1.0
-1.0
47.0585
36.5378
49.3879
44.7203
24.4432
46.182
52.8922
50.3008
-1.0
37.4832
48.21
34.2756
-1.0
26.9544
46.0469
41.7478
44.4431
32.1225
29.7502
50.683
40.8778
45.2305
34.7221
31.8321
31.2309
50.8778
25.1196
51.535
39.0925
-1.0
33.156
34.8643
22.045
39.5952
26.2494
50.311
51.434
47.6597
-1.0
17.811
37.9177
34.24
35.1368
27.7952
49.1307
49.486
45.2322
45.3829
42.3012
33.2042
45.9392
38.8258
42.4455
36.9872
-1.0
41.5252
50.2031
-1.0
31.4665
38.6117
34.3012
24.2024
48.0481
-1.0
42.8935
-1.0
44.9266
43.614
44.257
-1.0
35.4879
43.5259
21.8004
-1.0
27.7666
14.5726
-1.0
45.7237
-1.0
41.0519
44.1624
44.7181
45.7481
43.6266
-1.0
23.1534
40.2483
-1.0
33.0947
45.2694
51.8382
47.1037
36.9181
-1.0
49.1424
-1.0
-1.0
-1.0
42.0303
23.2969
35.2311
45.8729
43.9418
-1.0
32.2832
-1.0
33.666
52.0637
-1.0
26.2927
40.9111
17.0467
41.7776
-1.0
45.0081
-1.0
28.5997
-1.0
26.8224
49.0843
46.8283
38.0955
42.8424
-1.0
36.672
-1.0
-1.0
30.7025
-1.0
49.4994
-1.0
31.9431
-1.0
32.8718
47.1545
45.7354
33.4271
28.2178
45.4667
54.1511
-1.0
40.3704
-1.0
29.4507
27.3929
-1.0
23.3711
4.99579
47.6521
45.0215
42.7073
46.4071
22.3812
-1.0
-1.0
41.1611
33.5225
41.6747
-1.0
-1.0
53.7909
20.1062
31.9609
44.804
33.8417
-1.0
37.0535
15.965
49.0687
46.2566
30.9792
-1.0
35.4023
40.2255
37.5482
-1.0
52.0518
32.3137
33.6357
31.1936
24.7345
-1.0
49.598
37.2976
28.1601
42.8993
47.5044
32.1403
48.423
12.5858
-1.0
36.4431
51.2598
50.2726
-1.0
14.4102
47.7273
-1.0
44.3302
42.7127
-1.0
47.8254
40.9293
44.7883
24.7328
28.8684
20.0445
25.3772
51.2285
-1.0
-1.0
12.9085
37.1631
33.0923
38.455
29.8471
40.9747
29.1335
-1.0
25.707
41.0461
44.9058
43.4074
45.3998
51.8762
25.2925
45.504
26.7099
37.4676
28.1814
52.6331
-1.0
-1.0
36.8417
33.7974
46.637
27.3092
-1.0
38.1909
-1.0
20.0557
50.2333
27.4598
37.0423
46.8242
31.0726
17.9007
36.9456
23.0807
38.2899
32.8972
49.0118
42.2104
39.1946
-1.0
-1.0
52.0038
47.1806
-1.0
51.4491
-1.0
-1.0
-1.0
13.2936
-1.0
16.9431
45.4966
37.2602
37.6965
45.6717
26.9663
33.7504
42.8366
41.9976
43.6162
30.4389
47.5254
11.5566
34.6113
43.7027
34.2036
-1.0
31.8539
46.1221
38.8216
32.0899
45.7604
19.2881
39.573
45.5605
35.5216
37.3136
18.3238
24.9968
44.0988
26.2707
38.2676
47.4383
50.5692
35.3738
-1.0
16.8839
49.8622
27.4596
32.0868
-1.0
41.8422
45.4083
42.6993
-1.0
14.8717
29.2106
41.6756
-1.0
25.9218
39.1942
27.2249
39.2275
35.8681
44.4696
29.0544
36.1386
36.0174
32.3087
-1.0
-1.0
39.1443
21.5407
45.1534
48.5484
19.8486
51.9421
31.6672
31.2035
20.6067
35.9274
44.7632
22.0366
-1.0
41.4555
24.425
24.0211
51.8225
34.1336
20.4677
43.3047
-1.0
14.8077
39.6785
-1.0
-1.0
-1.0
27.1897
49.7882
20.7562
47.8585
-1.0
21.3674
44.8757
48.4963
42.7405
48.5184
28.5602
20.7699
48.0981
28.2166
30.4347
48.4528
41.7501
31.1244
37.0017
19.598
42.1919
31.8581
39.0777
40.7221
-1.0
28.4378
39.3928
33.3648
41.3243
36.1084
52.1396
-1.0
-1.0
51.6794
46.3103
36.1316
51.1466
33.6762
-1.0
15.5644
36.5061
16.0564
50.3371
-1.0
44.06
19.372
21.3686
30.4884
33.0611
-1.0
33.0994
42.6127
38.2915
44.2011
31.7515
50.8175
38.0991
32.7415
32.3745
44.7854
34.94
47.9501
42.2651
45.5755
50.8449
-1.0
29.4053
41.4323
44.4913
28.4144
34.7024
41.8036
51.2421
33.7567
-1.0
-1.0
24.5981
31.9343
50.4242
29.2532
-1.0
16.3808
44.729
-1.0
52.0225
-1.0
32.2996
31.5496
48.0737
44.6374
29.2348
26.0327
37.7731
10.9399
-1.0
30.003
34.5566
49.7922
45.2698
29.9863
42.3235
44.1645
50.6966
-1.0
43.6947
40.6106
-1.0
37.7966
39.6269
20.4991
27.9516
51.3464
30.2103
-1.0
41.6197
37.3704
34.953
51.9323
51.4862
40.5672
22.708
-1.0
13.9617
44.0098
-1.0
46.8964
-1.0
-1.0
18.6176
-1.0
19.2871
46.6384
50.7331
45.7263
48.348
30.1432
29.1776
-1.0
51.5851
40.3579
24.8005
-1.0
38.1026
42.6007
40.5542
30.9239
26.6146
45.3589
35.4727
33.7226
-1.0
-1.0
45.1311
46.1524
-1.0
9.1903
-1.0
33.7593
50.3694
31.5012
43.2493
-1.0
-1.0
33.7023
31.1507
20.7324
20.8745
24.7311
29.6199
29.3403
-1.0
41.1656
34.7283
43.1097
46.819
11.037
20.3574
48.6137
36.2902
35.7876
31.4841
19.2408
32.2956
40.8049
16.7743
29.3894
13.173
22.8033
23.8041
44.2149
46.4641
47.1419
-1.0
40.5618
20.7354
48.2571
-1.0
19.5396
-1.0
47.3286
20.8744
-1.0
39.2498
26.9362
37.2685
34.5652
-1.0
48.5057
20.8217
26.6006
42.6014
19.5349
36.0809
52.0788
42.4835
-1.0
21.4565
18.3533
32.0074
-1.0
23.6279
52.1323
38.8485
47.6145
41.1597
-1.0
33.3953
44.424
8.66421
23.0336
30.9853
-1.0
35.9348
-1.0
-1.0
23.8052
41.7459
41.6172
42.3195
34.1577
41.9466
33.0235
-1.0
10.9711
35.584
43.5454
29.3553
-1.0
47.0498
40.8738
44.7165
25.9558
-1.0
37.3764
18.7606
47.2265
47.1942
47.9784
29.6365
50.3654
40.7495
13.4574
40.7411
26.7372
47.452
49.6449
42.7586
6.7205
49.7978
34.5842
52.0058
30.5767
44.8967
-1.0
26.0224
17.046
41.5046
44.7986
35.2111
32.4382
30.628
34.4737
-1.0
13.3293
35.9914
43.4525
51.0689
24.6556
42.4257
24.9528
49.2452
44.1809
29.8215
49.1865
7.9115
26.5607
42.5341
28.6143
