0.316458
4.54684
0.827514
1.79217
0.109411
1.83113
6.01248
0.953531
0.771467
6.55574
2.56949
7.90079
1.54994
1.13678
8.70141
5.65545
2.85277
1.25398
0.0450478
1.45559
8.75731
-1
0.574925
2.03144
1.28476
0.0277781
0.245123
-1
2.49836
4.94622
5.36694
0.146287
1.16541
8.72808
1.96269
3.01817
1.53975
0.0249426
-1
-1
0.21991
2.01492
2.37144
0.572798
-1
2.99309
-1
0.911397
2.37133
4.58303
0.535044
1.12815
3.70204
0.118887
7.5945
0.820258
6.61844
-1
3.9567
0.480788
0.94252
0.338517
4.04807
8.40967
1.58946
-1
0.12649
3.3727
0.856729
2.60764
2.60748
-1
0.0333168
1.4466
0.655866
7.60642
1.23301
0.651248
0.0257624
9.34458
0.516797
0.999505
-1
0.405126
0.0298342
2.24829
0.625441
0.337489
2.59516
3.36079
0.440183
4.84484
1.52895
-1
2.00594
0.0324814
3.76948
2.17088
0.018973
5.56337
0.0252209
0.109445
3.14761
-1
0.0847653
-1
1.87632
-1
5.08559
2.25559
0.185655
2.01831
-1
0.0290741
0.377753
-1
-1
-1
2.51065
1.68038
2.48337
0.0344663
2.6777
0.89229
-1
-1
1.57524
0.51765
-1
0.856433
2.75753
1.64143
1.48005
4.06537
1.94987
0.476347
1.15943
0.641082
2.20264
0.528994
3.5642
0.851129
0.74848
0.178814
0.609886
4.35976
1.4561
4.05495
0.343708
0.0144774
0.203228
0.155951
0.0288972
0.874146
2.66825
3.87975
3.50813
1.28033
0.0344904
5.52309
0.860688
0.342337
0.0266816
0.0259203
2.40729
0.274158
5.29325
3.3862
1.66692
0.0318082
8.03793
0.0678728
-1
-1
-1
9.47309
6.41629
0.958646
2.48921
0.0199761
0.568426
0.264963
0.468018
9.56768
1.08393
2.86902
0.689008
-1
6.09949
1.02851
-1
1.70742
0.017541
5.85071
0.749542
0.690949
0.0313001
0.33154
2.6197
2.61861
4.25414
7.32201
2.97919
0.022869
5.94384
0.570415
0.775867
2.26155
0.026826
0.868435
0.0175584
1.86609
0.401566
2.16358
7.62886
0.0461824
0.0305677
0.406748
1.92162
0.894592
-1
2.62754
0.0386235
-1
0.998774
10.8694
2.71669
2.34612
4.30063
4.10236
0.175853
2.87114
0.999914
0.524918
0.0188004
0.0241629
1.04685
0.0277803
0.0274972
1.58339
3.89158
1.48802
4.54805
0.233815
1.03763
1.26728
1.23497
0.0303194
-1
2.08077
1.33426
0.0190254
3.03339
3.6642
3.33511
0.0296299
-1
0.0248044
4.92693
4.51734
1.04864
0.27672
0.839848
2.15071
1.84303
0.874343
0.0330581
-1
6.16272
-1
0.0579684
0.046305
3.60167
8.34114
0.0720502
0.292899
0.0376839
0.0293295
0.0223849
1.87364
2.55516
-1
-1
0.718757
1.10254
1.4845
5.45288
0.335936
1.26999
2.86067
-1
0.0255964
0.58214
0.0257239
0.0376303
3.76787
4.15389
0.0239797
2.55954
0.11673
3.13508
0.61508
0.55421
-1
-1
0.185338
2.97347
-1
2.09045
0.0307817
0.927958
0.345297
0.489916
2.06506
4.67199
0.394651
4.81025
1.85813
0.575503
2.14643
6.85752
3.61295
2.35788
3.01277
0.112397
1.72703
0.761875
-1
-1
1.54263
2.24893
0.200537
1.74746
1.75681
0.807539
4.8625
0.0172884
0.024918
0.680739
0.0311116
0.0670549
2.04945
0.668895
2.67852
-1
0.0245628
1.60353
0.839001
3.83191
0.952654
-1
-1
6.08832
0.0335707
2.01329
1.2148
1.4166
0.723168
0.035118
0.0327728
0.738283
0.707944
4.77059
0.0660862
0.0421456
8.12035
0.0205169
0.0251872
1.99967
0.0845762
1.12782
4.15354
1.60874
2.57459
3.75579
0.579647
1.17877
4.11137
4.1401
-1
1.09162
3.0807
5.32859
-1
-1
4.5486
0.231485
0.144898
0.112514
1.61144
0.125764
0.820424
0.0661604
1.36846
1.94193
-1
1.26684
-1
1.60488
0.277211
2.38929
-1
0.0222802
0.257477
3.4059
6.74597
2.15601
1.24812
2.81944
-1
-1
3.61012
1.52212
0.0251745
1.43427
0.872469
4.55892
0.253442
1.13063
3.01127
4.15917
-1
0.621728
0.276043
7.10588
0.0193331
9.45133
0.698361
1.84927
-1
-1
2.52888
5.17341
1.21428
5.44261
0.540009
6.01407
1.05613
4.15298
0.0276761
0.553441
3.73284
0.150665
0.0560013
0.03154
-1
4.23491
4.20932
0.02393
2.49925
2.66717
1.93571
4.86637
-1
0.208483
0.0269775
0.02621
2.65202
1.99173
2.05959
3.27964
1.66815
0.0310655
-1
3.70563
1.29554
0.016417
0.101643
0.0308746
0.708985
-1
0.589432
3.91376
0.785999
1.54436
0.0288632
0.670322
0.943782
2.69979
2.45205
2.6887
