-78.1299
5.18461
122.191
-122.708
94.9336
154.019
136.951
128.418
233.245
26.581
132.422
140.436
46.0942
127.086
-203.629
40.2717
13.0871
-79.7346
93.3383
-57.5825
24.8693
336.635
-62.2737
-116.915
-53.8481
135.754
94.7836
14.2387
-214.641
-100.151
-42.3047
69.0291
-66.1438
38.2711
146.122
-62.5384
4.52511
92.9025
218.587
27.3102
-151.018
68.783
30.8545
-114.371
-150.448
-42.546
-55.6239
40.7811
39.082
84.2556
45.6722
19.3845
-62.9579
68.4309
-116.978
110.618
206.557
40.3154
173.269
67.2709
-150.332
-49.7863
-125.799
-125.799
141.455
40.8284
40.0136
-204.69
-117.117
37.2986
-219.458
99.1082
16.8619
45.7013
-133.962
129.072
55.1998
171.747
86.0529
139.624
35.9457
141.826
151.127
151.127
54.7498
9.71293
-191.631
41.0994
59.6923
51.2697
44.1352
38.2376
-41.5791
191.296
191.296
39.2051
49.3788
168.824
31.5888
93.5394
36.1731
12.809
72.24
37.6026
136.845
95.9409
150.01
3.67599
317.826
-147.27
-149.579
74.5409
194.128
55.7643
29.6418
293.658
56.2687
13.2844
21.0259
-38.6328
10.7003
32.0435
129.818
129.818
87.8911
188.337
-111.482
60.5834
247.603
23.5181
48.1922
24.6448
157.61
40.6652
59.6075
43.6641
75.822
46.1097
117.259
-197.414
144.974
107.977
-55.9833
237.684
-80.4715
286.304
-125.828
288.476
29.8569
-308.682
-80.1465
32.0284
-101.829
46.876
60.4695
89.0121
180.789
68.6961
-53.7136
197.031
68.5814
92.5431
153.716
-137.678
30.7624
75.8597
35.9832
185.988
185.988
154.577
36.4115
101.065
-59.9082
-63.3044
331.566
-180.372
71.9494
110.235
23.1768
62.817
91.7419
67.9985
219.206
47.5782
53.5385
159.967
78.8496
35.3344
-115.643
12.6875
170.806
-187.158
142.773
79.2338
-41.4672
-129.556
151.249
63.1716
149.08
-68.4166
93.0972
100.92
7.95972
46.1095
57.9183
75.238
190.361
83.6837
-51.1815
153.566
34.0704
28.0675
-73.2564
8.35879
17.216
160.624
133.035
83.0147
14.0258
148.649
-151.544
45.8348
196.062
-66.7623
44.9299
-188.309
44.7099
-95.4049
84.5425
84.5425
19.3828
13.5669
-46.4945
84.0411
353.048
9.5559
-78.2298
169.196
52.6386
106.181
36.5553
-64.4632
144.191
-149.333
-83.2405
158.779
126.367
35.2365
44.431
21.4962
22.9165
26.4081
21.8147
19.8329
117.162
8.17484
-39.6514
50.7941
52.5302
25.6169
81.1787
-55.9664
44.9595
151.037
62.911
62.911
-116.169
177.892
-119.974
75.1279
-42.3352
47.8981
9.41896
-71.6227
-320.616
27.8069
74.0273
97.6488
295.477
-216.135
-286.495
56.081
61.1123
80.3952
67.8304
45.3082
-103.026
-155.773
10.1058
-235.567
260.006
-120.138
129.56
-143.361
69.0595
158.629
119.641
13.7581
49.1276
158.689
81.2321
350.648
49.1304
-48.9327
-92.7165
-87.5868
98.098
-160.825
230.489
72.8359
14.1696
26.2596
-109.498
77.4488
138.642
31.0352
61.7169
12.6787
41.1483
177.745
40.5875
120.797
16.0983
66.5934
47.1577
29.1628
-319.05
-86.2054
108.857
20.1558
44.242
278.057
160.325
-294.448
89.339
-50.2471
57.272
8.92119
-81.9155
209.804
60.7695
-109.348
127.756
-33.902
70.1548
29.1919
26.5844
224.057
-173.782
76.8518
66.0294
89.1355
54.1677
153.165
205.713
-82.3182
72.723
-295.835
254.62
-52.3827
-73.623
185.156
3.53439
345.113
25.0977
53.1411
-38.9431
78.4705
65.2057
29.9479
-135.612
82.0329
49.2265
233.542
52.9614
11.3971
205.815
139.81
-259.853
-113.504
107.157
107.157
59.2309
147.712
66.278
223.83
51.9449
20.8877
-110.024
25.5753
-220.068
322.837
27.1637
-90.7605
-138.375
289.668
22.4351
114.2
195.22
152.647
-154.361
-76.6926
69.5533
-123.884
256.441
17.1107
123.74
58.6172
46.5535
97.2242
8.06524
98.6184
113.286
-168.253
-67.2301
-101.014
93.9949
233.63
51.7539
129.28
-68.6551
-71.774
8.59158
238.338
148.711
122.079
200.442
6.69945
117.642
-76.0365
15.5958
81.0629
61.9617
-46.7577
81.3721
250.032
-198.713
63.0054
7.45015
74.1076
86.4302
-201.317
35.0525
34.1585
283.253
310.612
-248.005
-116.915
37.8305
115.182
115.182
34.2555
31.4165
43.7209
67.2739
-49.6757
67.9986
-148.854
96.6872
19.5707
59.9824
-19.913
50.0113
85.8321
49.7519
20.7795
35.9337
136.052
64.841
125.396
24.761
-69.3488
168.005
99.9221
-17.7096
112.849
40.3741
206.657
110.052
-6.55964
115.729
43.7835
36.7651
-121.487
77.278
60.7658
105.008
29.4918
-114.168
-248.391
85.5085
19.3439
333.516
37.507
185.769
60.3945
33.0007
129.708
11.987
52.2015
73.9687
6.32849
18.7776
171.516
24.1264
-122.174
49.8387
11.4842
111.53
197.154
34.5511
-85.8919
8.74819
-163.915
44.8557
43.6483
112.214
11.5575
19.3092
68.6046
128.137
131.995
14.4733
-56.0305
13.5019
30.2778
-144.188
40.0108
28.8109
16.4554
303.526
-18.8669
18.5612
57.9466
75.5709
14.6539
57.4906
-62.6797
119.183
43.0371
120.895
68.3129
25.5632
90.1121
-35.4801
-70.776
-346.875
-39.8983
26.2435
40.9411
7.16622
112.633
310.029
-68.5272
88.6374
78.6834
97.2137
133.294
17.7785
93.6676
75.0971
175.69
65.7577
-92.2338
-142.305
-135.314
7.64464
17.0534
84.2221
90.8949
20.9796
64.0039
210.11
15.0262
-74.3156
30.3851
159.176
58.2994
20.0152
113.578
-186.86
133.406
-100.378
67.6641
-166.188
39.1558
94.0011
206.286
275.518
338.269
7.32768
38.1633
-186.308
61.2455
61.2455
99.1438
-293.762
38.7141
92.8494
37.6134
85.8156
188.415
-329.494
137.355
335.504
-69.2412
122.365
90.9897
-110.041
-70.7786
-293.649
-145.824
218.333
-56.6564
23.7964
-159.262
58.9088
36.191
-69.9059
20.4034
29.8571
-179.969
117.968
90.2907
161.937
179.912
128.122
8.33382
-189.355
-108.531
80.0622
25.3471
128.065
-192.43
-80.0247
-41.2318
211.445
49.2259
111.424
-206.992
240.127
46.764
87.9542
91.8546
164.441
318.701
48.8278
36.7072
-107.74
12.8849
89.7223
18.185
-133.42
44.416
44.416
17.2863
91.1381
-79.32
42.0429
30.7708
181.752
151.246
19.1047
144.877
120.102
50.5099
57.3072
47.5336
-94.2824
9.8658
24.7215
100.192
128.216
59.3601
113.67
-144.536
138.84
86.3353
55.8972
91.4069
129.637
129.637
101.804
106.93
79.7585
-101.315
126.459
44.0073
-60.8069
138.06
107.234
-61.6596
79.8867
15.3823
39.2436
221.094
62.4559
-106.843
27.765
203.501
49.4954
164.759
185.336
-102.418
36.0209
90.3034
51.121
54.7973
51.6295
306.411
-58.3786
18.8822
44.8922
60.8976
153.782
272.518
105.064
-142.663
-71.8438
145.148
98.2711
28.3596
210.2
31.8599
89.7903
18.2719
-104.239
45.8626
-88.1047
60.9352
35.3579
-98.9615
38.8625
39.8177
88.1257
22.2629
-198.528
61.4814
25.4529
77.0016
-63.4805
321.13
11.6809
-129.993
46.5708
30.7574
22.891
170.865
187.427
-133.163
-238.085
49.5821
234.411
35.3262
36.4832
83.691
45.0972
21.6037
-144.433
83.8552
149.556
149.556
-143.045
9.97
226.575
152.559
88.6627
170.091
-204.673
83.6103
38.2412
103.835
209.551
61.3725
59.2328
22.0621
56.852
99.8208
-283.566
-85.3704
-86.6451
45.6139
26.2947
37.7739
-96.661
85.7618
-272.925
55.858
126.764
126.764
136.523
144.36
57.4681
181.461
136.805
141.065
191.169
-66.4909
100.603
232.984
7.31617
37.3425
-75.5143
-65.6956
24.9511
128.123
-53.3491
24.9199
116.014
39.4015
35.9695
-112.788
175.087
-123.722
-251.16
252.916
-35.3472
48.2016
351.51
86.4406
55.0846
75.1358
56.4594
116.473
116.473
111.43
19.206
63.635
45.7697
34.561
-51.3443
-48.0264
-205.031
-217.688
38.1831
43.0499
135.861
29.8569
198.011
175.233
-52.0534
42.3102
-112.218
63.3571
-85.4187
75.3722
83.6507
83.6507
126.362
24.6809
-88.1876
-169.331
18.4415
10.7532
16.1022
125.558
80.0579
20.2588
152.076
104.49
18.6321
-63.116
-321.755
139.046
35.4046
228.431
83.8801
232.381
-37.7974
-160.305
-92.8727
218.548
-105.148
-98.353
-175.921
30.2135
352.027
-43.0099
9.86453
277.387
198.002
21.7164
28.9428
80.4493
80.4493
48.5841
19.716
13.4211
100.106
137.398
302.131
-100.755
47.1482
-111.463
-84.9493
62.0846
-46.6201
89.3205
47.3196
18.8433
223.685
115.031
93.8205
220.908
72.7649
23.1765
70.6788
273.271
27.1929
68.0863
6.52923
8.98735
245.807
245.807
28.0798
38.3781
52.1523
52.1523
-62.1928
-249.433
-38.4785
37.81
-61.6056
34.3434
88.0812
-87.4408
144.499
97.8606
77.4776
-65.5007
7.60038
102.114
139.248
36.0198
-156.649
158.915
41.4288
-217.562
-168.943
46.1966
75.8291
-31.402
-76.835
142.9
-162.95
170.726
-151.853
58.4219
145.995
78.3535
140.554
6.67582
121.322
121.322
152.657
87.5975
209.324
21.049
-231.097
-63.9665
195.253
20.4159
116.186
62.3206
27.064
26.086
40.5809
107.164
-84.7776
-161.099
17.7073
44.3428
17.3144
82.4928
-163.703
95.6486
30.8295
-238.612
-28.6692
22.954
81.7995
97.4758
113.324
113.324
75.8491
26.9586
78.816
8.37293
100.188
-285.178
166.123
285.316
52.7394
105.823
90.1202
169.73
117.903
171.059
71.3063
-164.894
-164.894
69.8637
289.107
-108.759
131.741
135.145
101.717
14.8524
83.3573
28.6798
-222.434
-99.1273
35.12
53.9775
41.5681
-149.732
-126.675
113.834
-91.6767
37.0334
-197.171
33.3985
77.1828
-271.027
111.076
61.9202
123.948
218.105
17.4532
-127.851
-188.584
90.434
171.552
65.6228
39.2317
30.1201
16.5877
-81.9194
45.8153
32.121
63.43
206.133
76.9337
150.164
-90.6744
-182.228
47.3835
66.1858
120.573
26.1856
59.8868
5.24596
164.374
79.7105
16.0566
67.7619
8.40408
40.0065
-168.961
222.096
86.4609
71.2121
211.745
211.745
-90.5358
122.261
198.137
49.1378
-51.6339
145.402
54.6365
149.823
-85.3622
-84.7051
102.193
200.97
62.7133
65.693
12.9998
-152.953
130.347
90.5567
90.5567
46.094
59.7722
9.15897
116.935
57.3651
275.43
53.7911
20.8197
23.4502
140.549
26.6271
-179.731
154.544
154.544
-64.3858
102.743
100.513
-189.056
15.1391
52.821
51.2252
37.3013
128.927
-209.708
29.6498
-86.6935
49.556
67.0725
280.791
280.791
27.6205
6.60892
65.644
116.011
-142.61
97.5874
-54.2716
26.7995
-131.345
48.0273
-76.2685
10.8445
-56.6562
-44.8532
55.4768
63.7097
-77.9558
58.8721
-127.757
24.9529
146.882
141.842
141.842
122.571
-261.491
74.8574
69.1501
338.515
126.889
208.094
57.5059
-62.2097
-80.4219
-185.338
-114.746
90.7356
132.662
-149.133
74.2619
343.426
54.493
73.9809
73.9809
235.103
45.0925
-68.3299
64.0403
26.431
27.1631
43.6453
44.7357
10.0511
112.792
129.95
8.60294
-161.503
51.9097
44.0315
67.9566
144.813
275.354
146.796
56.471
-47.732
40.8458
136.37
62.3344
117.592
36.1728
76.0098
49.6627
30.9644
9.42283
90.0439
75.7581
183.779
7.76687
50.3634
61.9763
32.2611
-227.835
314.831
314.831
19.1585
19.0143
-76.4588
94.3127
121.217
-62.3204
81.7164
-92.0134
83.622
83.622
69.4582
-101.2
126.579
291.241
-64.9665
79.5159
220.255
181.435
34.7836
96.6328
110.505
-149.959
-133.548
213.067
114.869
-184.626
46.2214
5.39018
77.8684
18.8123
-93.0803
99.8437
61.5051
100.593
103.955
75.6938
338.1
83.9713
133.128
129.714
-56.3198
-133.705
-186.002
-186.002
95.0311
75.6661
19.9229
75.7813
20.2095
19.8662
269.569
88.9919
55.2387
-123.429
-123.429
11.8545
-63.6575
248.199
45.1489
98.5926
7.31276
7.31276
11.2809
31.4217
-81.3438
204.822
167.432
112.363
12.9077
24.6999
20.0462
-134.412
45.2398
337.451
84.9416
-47.4111
51.4287
25.2789
17.0781
74.5788
182.98
59.6078
-73.9744
71.3209
30.2546
38.847
-17.133
-56.2055
141.638
321.042
321.042
32.8632
-64.4576
16.0301
304.627
273.12
4.53772
49.2157
160.341
25.0784
-42.0098
-294.737
64.8451
169.534
17.0291
112.301
-143.905
93.9461
31.7825
321.092
49.0264
-74.4844
14.9047
21.067
-113.727
36.9775
83.619
54.4408
-143.012
31.2971
-74.3214
105.033
48.694
134.501
75.5599
43.0923
81.6504
127.071
-311.886
50.3192
217.629
-59.3363
16.5331
52.9691
48.1423
48.1423
57.2322
65.6693
75.1592
208.335
98.9806
128.837
34.3125
28.4934
10.3651
-328.935
19.063
-80.7099
17.0951
-48.7703
179.041
50.7277
66.8762
15.6767
44.0115
41.5884
-313.287
46.0106
9.86257
38.9311
222.598
258.98
56.8932
37.7355
46.6321
-255.409
-57.7421
85.8783
150.073
-81.6914
13.8181
94.1574
60.6514
27.6808
144.121
118.181
24.4139
-29.7503
42.9882
117.384
23.4449
106.087
52.8878
7.51051
13.808
303.42
60.2956
47.237
81.7942
20.0079
-82.2594
77.7089
20.6566
-205.124
29.9998
96.5932
96.5932
25.5536
48.967
26.1034
143.307
52.6896
51.6351
33.8138
70.1168
61.1638
12.9354
27.7305
29.9043
106.944
-9.56071
197.923
53.3261
55.6419
45.8969
277.2
62.8628
54.641
54.641
181.829
207.116
94.7368
101.14
-74.7407
105.199
150.026
-122.851
44.869
31.9885
59.469
-47.4878
-49.9892
246.28
89.4424
89.4424
51.38
62.9767
6.32769
-71.1723
13.018
27.1457
62.5611
44.8645
149.013
-115.911
221.546
-55.4845
24.9905
-98.7893
110.741
-126.141
119.141
150.906
235.163
42.3085
86.0926
-198.726
48.9233
270.719
-76.722
36.078
-96.3629
110.573
-207.133
129.154
56.5628
-192.426
49.6698
1.01085
94.8629
137.314
134.212
53.7094
11.4885
34.8622
-125.39
90.8973
26.2205
189.736
-282.605
12.06
91.3702
34.5739
129.04
129.04
110.24
-91.69
-57.9057
23.8978
11.6874
-193.983
208.389
49.7974
23.5393
68.2479
5.23651
47.6967
111.126
111.126
60.909
65.8988
110.217
73.0067
68.0751
262.314
262.314
2.9281
152.512
23.1843
56.6628
90.4874
12.2321
156.64
171.614
141.483
-177.857
116.664
-300.542
157.629
229.61
-286.173
-106.821
-210.277
141.213
41.3677
24.7396
89.7209
-85.1567
184.688
-80.7131
-74.4294
342.682
113.439
-35.8933
72.222
124.652
71.2259
7.42736
7.61228
17.9673
-46.1663
-46.1512
-131.806
88.3785
-83.4342
-67.1913
35.997
-85.8548
-93.5392
-107.429
115.604
16.0577
73.62
-80.1647
125.913
-54.9642
-143.068
155.104
57.3789
53.489
21.3741
351.504
139.226
-95.8988
180.791
-62.9337
171.699
53.1695
43.2351
332.944
332.944
64.9421
93.0083
-20.3149
293.493
-144.882
-144.882
268.366
126.895
91.6181
126.404
150.493
-122.702
27.0249
11.1663
166.806
13.069
68.7327
17.7951
119.12
4.49346
108.402
38.0749
64.4753
-94.9367
66.9795
99.7416
31.1612
36.3153
74.9002
26.8825
41.4253
6.95968
14.3925
15.1504
21.278
214.505
15.993
55.9472
110.522
102.9
102.9
57.5545
28.8487
161.548
-101.79
-126.734
34.4169
-136.117
146.752
136.801
-90.5106
-86.807
318.132
162.755
56.523
23.709
134.424
-86.663
-122.715
47.2628
11.1821
334.747
29.3251
256.443
14.4122
-84.3808
17.8107
125.161
22.6005
-208.774
278.366
111.656
269.914
269.914
-26.5847
188.109
44.1119
9.02907
16.7227
-79.8306
-79.8306
79.4927
-18.2146
190.607
-27.4813
-244.184
-132.191
-108.888
101.669
-153.712
67.8566
-337.782
58.8204
58.8204
179.218
71.1355
11.5871
46.2919
-55.1137
34.2768
160.595
57.25
291.862
44.3723
-20.7736
138.12
-48.2149
204.657
131.3
231.476
-75.9193
69.0659
132.529
100.992
80.9058
5.67726
44.2057
44.2057
-235.443
16.9956
6.73169
24.0632
22.1572
35.5045
94.2745
79.3006
110.336
-334.605
131.122
-163.486
88.3895
88.3895
-35.9263
285.609
111.616
123.118
-107.881
196.231
35.3135
22.0827
-83.8496
111.463
6.0605
67.3155
220.568
287.441
287.441
83.6287
99.9887
232.054
108.078
155.246
118.532
171.009
81.334
140.484
-203.807
61.5663
247.526
6.71381
-84.2903
-334.452
-334.452
-87.2657
-183.273
-73.5527
46.8835
120.753
120.753
89.6629
86.8584
-155.418
53.8806
-115.715
91.5889
14.932
42.2955
-65.8468
347.296
59.4276
-44.9628
121.636
36.9758
74.8269
260.717
32.7569
114.668
-158.541
55.8404
135.045
47.738
51.8179
38.4704
28.1091
27.7278
120.856
62.7703
62.7703
118.44
32.9662
28.0081
-187.227
-54.207
10.0149
48.9256
10.9952
-232.451
244.806
244.806
124.439
18.9708
74.4872
9.63632
67.2034
67.2034
-161.751
89.305
68.7173
-67.9304
103.392
212.839
84.807
147.265
34.4572
105.59
-46.6257
94.7916
-158.83
165.59
13.4082
18.4806
218.461
81.1235
246.65
144.115
17.0732
25.6768
-106.185
112.899
33.3218
-21.3783
167.8
167.8
-61.7358
110.713
36.1981
150.671
115.724
16.4369
65.7662
68.7169
84.3341
175.36
-186.504
16.6972
324.516
-308.011
-47.0145
49.1764
117.715
218.687
160.018
-124.537
-344.338
72.557
68.9194
68.9194
18.6277
60.9069
219.433
9.16935
45.294
58.9904
25.248
97.2211
69.4485
44.3424
15.7669
178.041
37.2526
30.4242
91.283
240.962
103.199
35.9637
-79.9532
19.5818
74.8919
74.5413
139.672
236.052
-161.639
16.0816
184.687
72.9357
20.6539
-47.6759
78.147
53.9469
75.5862
-75.4049
123.621
-48.9047
28.3031
-49.6084
126.692
10.9935
132.705
4.90802
-70.0746
223.472
53.7246
96.1471
56.6831
304.798
-173.605
160.353
68.8439
33.0529
95.6255
64.9515
52.7134
70.4093
27.4268
128.19
205.191
52.6849
52.9935
65.4315
112.833
38.7779
-154.371
78.075
208.694
70.6553
178.644
91.5701
91.5701
87.6221
87.6221
35.7728
-119.671
-109.093
-109.424
-66.8818
11.6291
-111.425
49.1808
-125.535
203.797
13.9283
243.422
241.534
27.5023
49.1634
146.925
19.5594
55.3977
18.3376
313.007
-144.004
6.2543
6.2543
-116.89
96.6534
96.6534
-104.26
29.8936
18.5033
-130.613
259.834
-68.5147
-159.698
125.18
-200.483
134.385
17.0141
60.7759
65.9535
155.286
187.204
227.099
5.64038
211.529
34.8106
-40.7012
4.50217
98.1852
-37.3722
197.155
-71.9203
111.593
82.5613
39.9534
148.554
18.915
-15.9372
48.4029
-45.8726
-10.2531
97.3732
115.223
115.223
92.5462
-148.95
118.564
49.9092
112.335
114.83
68.7584
42.0943
49.3809
-105.641
161.337
161.337
104.05
146.085
85.3357
35.734
-73.3298
15.4305
25.4119
-55.0282
-295.01
68.2898
8.26092
32.7301
75.8602
64.5937
63.7413
13.9641
227.292
258.491
31.9181
253.659
53.3884
22.5189
178.405
57.485
133.138
14.718
76.2478
-99.2858
52.3396
190.628
341.008
341.008
95.5229
11.5478
26.0005
187.784
-117.185
68.6252
-100.65
49.9424
156.196
302.233
-271.25
324.722
58.7709
-52.0489
60.3942
82.6442
154.29
-35.6699
120.386
38.3692
-27.8449
42.6819
19.3417
31.8451
75.6954
-34.5267
46.6601
-122.559
-107.592
-77.4064
98.4139
7.86736
-85.2713
247.007
48.5456
-69.0868
119.443
95.9278
143.767
-113.516
19.9484
33.5056
-136.69
48.3695
-115.442
122.168
89.7882
88.32
-77.9545
43.5849
30.375
-55.5656
38.9013
178.735
23.9685
-144.756
43.0739
56.0167
103.892
14.3902
1.96106
120.136
64.5609
41.7461
78.3952
-110.165
70.8308
70.8308
180.811
60.0188
-164.485
13.9022
-41.0576
153.065
11.9688
166.332
94.7918
41.118
251.507
132.403
225.519
-109.383
313.34
287.483
-289.41
-166.268
17.6102
12.2764
-44.6268
35.0943
-193.267
52.7913
41.8041
66.8814
38.6977
-243.669
45.9651
300.903
24.1912
115.958
-56.6816
52.0896
119.371
40.8835
109.728
211.474
46.5919
-83.7722
22.2516
74.6276
3.03317
58.103
22.0429
-119.933
79.9674
66.7491
41.6171
-122.866
65.9313
-169.711
-96.1194
-219.688
-32.8994
152.146
-137.126
-92.0383
58.8116
31.8712
156.731
-55.2345
24.2544
-121.966
37.7491
98.6244
87.4377
87.4377
105.498
168.796
107.26
14.0733
139.346
50.3539
8.38057
-81.77
120.6
39.9671
257.667
-136.442
131.06
-74.4477
10.6392
57.1922
46.2432
54.5262
116.265
20.9048
101.559
260.937
-54.0167
66.1862
-104.728
22.8512
-62.5158
176.706
162.877
107.645
208.413
31.6124
73.7837
34.4197
6.28698
17.1254
90.3955
-115.224
216.593
191.468
146.366
-23.254
98.5952
-87.7298
-336.537
-50.4171
54.4736
350.265
303.471
67.3747
95.7728
8.54086
256.532
73.5225
78.5992
-73.6387
-204.101
68.4451
147.404
111.171
90.2411
-52.7884
271.8
72.4071
-75.7937
-280.416
32.5505
-145.438
-294.278
30.0192
329.759
24.4032
16.741
105.495
136.521
261.756
212.651
152.612
46.7029
48.8051
48.8051
97.6131
122.504
106.043
142.965
142.965
132.557
35.2362
-119.86
31.2621
23.8454
30.6005
98.2116
26.6179
159.626
49.3328
13.3362
36.958
-64.941
202.091
35.1201
51.367
132.231
65.9301
90.9842
90.9842
248.433
102.188
37.2393
62.2385
43.358
231.812
12.3183
38.6587
9.72852
35.2867
96.4827
44.413
9.51651
-31.308
174.336
174.336
96.715
96.715
-119.136
-85.5282
115.51
32.8735
-344.928
48.1632
123.427
-114.078
14.4507
235.827
90.806
336.922
25.2071
86.424
21.6038
-171.349
-127.143
-52.4849
43.8142
27.4494
158.842
26.0588
-115.686
96.6798
62.3672
104.728
218.953
82.7404
183.322
-43.867
86.113
-112.093
-152.17
95.1057
-72.388
-72.9079
98.5112
-129.778
-53.7393
64.3119
-89.1659
150.558
122.118
339.248
17.0023
57.293
-100.993
58.422
14.7095
64.2384
63.1187
49.0876
21.6979
7.96835
115.736
12.6061
65.8812
-124.663
56.5636
-59.5911
91.8766
29.4321
-83.1856
-33.5878
108.253
-95.5505
15.913
51.7796
-326.948
53.0873
-58.7091
40.293
21.664
6.24346
72.8479
72.8479
25.5886
59.9056
35.7149
179.207
111.965
-51.9244
30.0678
25.016
168.299
185.635
68.0334
14.5151
-121.663
142.168
-79.9524
64.2642
62.9268
84.0743
30.9283
70.1467
22.565
83.6922
39.463
189.384
-115.588
-108.755
167.709
144.214
41.0332
-45.7738
9.15656
114.552
204.861
21.7965
7.73056
142.573
91.4132
32.8037
125.673
115.571
54.65
14.9469
53.147
26.8865
102.437
171.01
5.52768
54.3932
100.244
60.5925
50.1395
171.299
16.3625
88.4185
53.7688
93.8576
-48.6223
45.1568
150.619
78.9895
-286.955
43.9597
-165.703
51.747
72.459
149.201
79.1823
44.3621
25.653
123.047
-309.02
-90.0299
97.2545
-47.2193
36.3981
-7.09291
94.4312
8.41251
84.2097
60.1681
-12.1174
25.0407
80.5773
-137.557
136.768
136.768
110.267
145.157
-37.1108
1.18743
63.8759
104.885
-17.8386
142.779
20.8218
-202.285
50.4607
151.162
96.431
12.2889
-108.029
53.6109
-64.7766
64.5683
108.841
-65.8613
70.0611
147.334
40.1533
31.1083
-257.395
-102.792
-42.0939
111.226
-345.509
110.671
110.671
17.1426
83.2727
83.2727
82.4688
30.8899
166.332
20.661
332.182
62.1382
342.001
97.7966
-94.8078
68.3461
50.683
-105.015
103.405
82.9354
44.58
83.9396
68.3909
18.6789
-80.9641
-147.967
79.9484
-80.6794
-242.989
285.264
216.744
10.5415
63.2983
91.1267
17.985
86.7399
63.2508
-176.295
256.1
50.9688
234.567
-64.332
85.1257
248.515
-295.419
-159.735
-232.834
149.163
-107.31
98.1561
13.9574
61.5917
49.078
-330.344
211.27
22.5311
10.5993
53.0977
139.791
22.2237
87.8391
47.2395
47.2395
41.8548
17.0019
26.3584
58.3442
77.9174
86.2923
86.2923
125.982
111.002
-86.6567
86.4949
21.631
232.426
342.889
-263.07
54.9148
117.819
26.4679
210.465
50.192
-275.067
35.5946
13.5431
16.4694
6.01902
37.6876
74.3683
-75.0578
68.7459
53.3617
31.2307
-76.1996
80.2862
15.8542
-101.382
56.3616
-274.191
138.956
-58.973
45.2104
-188.861
101.531
17.9877
-81.9211
284.407
284.407
228.802
12.8294
66.6535
60.9951
44.9488
327.815
-93.6894
29.5034
315.329
27.3149
71.305
-170.586
85.7087
37.6339
-345.675
-78.8476
-53.465
135.208
135.208
286.779
59.1317
-147.759
25.0732
-71.524
328.288
126.255
126.255
74.2426
154.857
29.1584
-104.953
62.4432
-127.9
25.4517
46.9937
32.5365
10.3681
193.989
30.4256
-133.182
22.2332
33.6897
102.566
32.4646
49.5476
49.5476
305.869
227.556
183.065
-110.19
-49.7653
58.1205
182.478
19.5916
-335.908
51.0965
85.2565
185.378
-212.162
115.098
42.5768
24.5053
12.2884
174.295
198.157
45.7189
129.63
82.7952
84.6138
50.7367
-148.054
57.4997
131.786
-61.9859
25.855
57.2104
177.668
84.6098
15.1607
26.1477
93.0383
121.924
-159.795
11.6872
19.1357
-51.1136
41.819
294.462
-141.532
-59.1652
18.6467
228.425
36.0515
68.0848
94.0745
-117.289
49.8364
24.1431
-69.3173
-148.864
119.946
142.382
33.6405
37.4946
-72.5336
21.3707
124.527
64.4894
-305.361
22.9841
9.32785
24.6226
36.2786
38.5646
20.054
21.6054
11.0324
23.8213
-105.419
23.1859
21.1572
162.83
54.2302
64.8845
70.0808
-156.283
345.16
12.4695
96.5928
98.4134
85.3368
59.947
49.6132
33.5187
69.7856
26.9516
131.094
122.233
223.587
12.2763
86.3565
119.28
237.529
113.642
21.1836
12.882
125.998
139.489
50.4701
9.74574
6.18025
8.7891
116.919
212.017
62.5604
57.4944
-70.0554
-138.597
218.993
54.1721
140.86
-263.366
88.1044
13.6479
90.1432
45.7125
122.431
17.0706
88.5398
88.5398
325.343
46.3092
195
116.106
77.8633
60.0434
128.98
170.779
105.322
35.1933
14.6201
-81.4112
64.3782
151.689
-55.8409
45.991
67.6254
-63.533
-77.778
60.1301
15.1749
32.0709
102.562
72.599
346.941
41.7808
136.081
31.6165
40.4444
4.4242
55.2798
130.473
59.2638
-55.941
-84.6864
68.2831
15.965
302.953
108.772
91.2776
30.6179
24.5274
-268.518
-66.0555
86.1922
47.3415
-90.4712
352.264
23.1672
-53.4882
28.2256
41.8534
35.9449
-66.2243
22.3803
336.182
-90.935
34.8194
279.408
-64.1305
15.0413
22.9401
28.9794
