373.483
332.887
495.607
376.659
38.2555
231.953
473.887
181.337
216.379
470.295
275.555
174.87
394.624
211.282
263.596
232.653
473.245
362.675
53.0261
205.77
430.507
197.692
328.773
130.978
321.821
94.0523
309.189
472.008
153.135
146.015
356.65
239.116
427.792
294.018
113.014
440.482
198.141
235.009
304.997
291.28
332.966
334.068
174.92
219.876
522.755
44.2946
50.1334
267.821
363.348
182.311
227.388
182.664
346.184
89.1067
228.049
217.552
42.6576
495.461
251.032
358.455
45.0893
81.3184
415.737
415.737
337.492
302.057
209.562
226.125
210.305
398.474
136.366
96.8247
71.0013
140.689
318.965
332.854
83.4961
260.592
88.9303
359.616
43.702
470.173
295.143
295.143
57.4867
545.168
304.74
311.602
78.155
123.74
119.174
44.4694
96.613
289.994
289.994
106.137
478.179
270.899
288.965
459.131
162.935
419.783
261.835
79.7592
256.429
142.055
477.137
263.209
213.518
119.89
44.6124
80.2845
63.4033
335.491
173.252
340.151
152.088
328.145
298.37
458.561
47.0374
432.544
349.592
349.592
36.7726
159.677
123.739
349.951
164.754
423.321
419.638
129.447
295.856
207.471
196.117
352.337
409.785
117.331
98.8867
225.808
117.499
161.601
323.677
211.549
139.817
156.736
309.454
173.935
211.208
115.66
319.189
349.683
305.47
419.351
123.788
343.012
68.6856
432.851
31.8996
317.977
405.812
410.516
115.227
88.6058
210.071
68.7571
270.151
405.505
405.505
35.0808
288.133
442.812
518.518
344.942
147.946
235.774
77.8763
135.258
99.4805
383.433
176.998
204.188
54.7143
122.722
38.0316
369.859
313.955
357.507
437.833
304.361
123.237
45.5393
197.839
200.334
314.947
248.887
111.345
329.777
147.818
347.557
357.409
374.993
118.448
390.646
112.614
88.6348
473.582
413.608
181.183
53.6921
384.278
61.9008
216.008
169.711
278.686
41.3851
44.0835
310.866
507.392
385.762
219.968
236.465
223.091
534.033
359.398
173.8
316.637
69.4004
143.964
143.964
345.657
181.73
90.8696
368.926
45.4672
234.057
191.733
284.605
282.029
104.851
53.9482
311.324
267.246
422.935
166.984
424.191
180.712
39.3967
100.908
200.792
352.354
149.533
491.479
439.692
100.436
295.329
350.604
422.689
446.192
134.532
168.786
415.081
107.116
329.194
234.377
234.377
129.573
237.62
229.511
75.3637
391.026
439.564
292.969
80.6372
245.577
277.033
239.781
154.31
298.226
121.342
198.755
252.549
537.831
70.1298
363.578
509.514
472.923
33.8033
380.763
60.5993
33.0083
277.109
279.903
256.669
288.101
149.579
80.1989
62.3468
222.229
40.0281
380.053
108.106
72.6256
48.5472
295.935
450.045
385.416
162.175
400.951
126.984
104.307
395.893
175.245
331.76
301.389
152.44
481.095
201.191
104.346
206.98
69.4728
99.4695
79.1522
331.127
186.198
348.316
199.531
134.223
361.594
402.99
398.193
325.243
341.077
301.352
195.914
448.961
163.4
436.674
138.843
72.9753
279.394
416.901
438.82
429.055
372.219
427.457
64.6168
259.307
299.869
167.893
423.424
410.834
251.704
197.129
307.942
463.861
341.505
326.243
243.262
54.3758
143.465
118.631
140.176
98.0763
527.948
40.38
447.441
320.956
416.686
477.865
330.721
110.236
415.779
151.489
414.014
396.184
40.3777
414.177
315.19
353.669
184.302
184.302
237.837
209.011
373.453
88.5851
264.625
236.034
327.871
313.152
325.893
271.208
247.469
324.262
347.113
55.8898
174.777
170.567
131.626
269.254
171.677
111.811
30.8874
93.8833
192.634
193.534
131.341
457.41
345.115
185.553
83.6966
81.8768
110.538
131.614
363.628
462.306
247.179
71.2285
368.925
299.204
289.352
475.403
264.6
148.218
144.343
357.636
200.161
134.31
168.198
378.91
90.7972
388.082
86.6755
94.6747
143.957
153.826
249.735
179.665
494.294
223.28
86.7521
46.7924
476.931
371.719
78.5846
343.542
98.2312
304.378
218.462
241.328
241.328
176.863
56.1773
271.583
341.678
457.707
438.055
153.782
126.279
320.746
72.6883
260.395
243.371
57.0447
60.0621
355.86
68.2372
104.819
253.106
165.823
142.389
387.227
296.796
251.679
281.458
201.2
445.221
248.787
131.766
554.143
110.879
566.016
394.609
332.355
184.221
179.011
57.2837
399.038
46.9525
146.931
258.152
512.312
155.206
201.294
90.1156
343.006
296.809
145.609
252.861
312.155
122.677
192.907
141.057
192.104
87.5584
292.553
180.075
387.079
367.686
108.446
140.918
114.908
419.955
398.365
349.419
207.668
388.038
40.3026
158.051
310.107
87.8161
309.259
563.298
257.156
454.163
265.662
315.286
260.693
239.53
496.663
148.523
269.503
403.139
273.175
300.252
306.155
89.3863
549.276
172.339
387.917
421.271
400.061
199.417
357.153
72.9281
55.0441
172.803
448.07
378.321
88.3666
196.484
380.416
302.373
196.056
118.254
127.664
342.589
288.765
319.558
90.0185
412.04
238.319
166.198
166.476
141.857
37.3781
191.208
144.236
52.9723
326.923
259.689
381.834
339.663
470.618
269.826
218.097
463.684
196.804
36.1765
143.271
61.0051
195.637
103.33
270.581
257.982
207.341
215.556
297.216
161.884
158.72
310.824
110.833
181.02
179.468
179.468
443.617
454.663
535.201
211.7
345.397
326.101
121.758
355.223
117.159
292.755
342.648
318.363
440.167
369.257
178.252
288.353
329.465
76.6352
397.65
109.793
334.652
401.67
233.302
396.224
104.702
187.09
289.942
156.644
330.464
188.846
269.359
240.875
100.208
56.9845
434.285
58.1073
400.113
341.372
318.897
209.39
250.799
294.137
307.299
239.524
59.7545
140.197
428.009
318.331
216.889
224.92
50.6769
150.802
515.093
352.463
245.16
469.569
323.638
32.2602
415.932
415.932
371.459
261.501
330.269
76.9107
93.105
74.9491
52.7943
530.725
139.667
118.865
240.961
38.0233
325.215
149.345
427.164
185.709
394.631
60.7724
328.177
320.051
279.568
141.581
100.462
272.152
344.032
114.312
114.312
218.218
200.695
234.006
53.5163
142.821
126.431
255.37
223.273
140.409
38.6445
156.112
376.373
475.567
127.321
253.046
339.324
83.0425
155.102
276.55
140.39
450.731
44.2592
341.071
315.712
44.7409
356.426
107.518
161.267
205.986
144.54
323.276
83.9189
61.9739
198.552
189.466
211.223
250.49
50.2967
30.1502
368.954
99.2885
328.365
178.716
278.221
569.549
361.825
153.427
180.296
450.954
338.388
119.447
496.097
245.039
199.168
258.874
427.837
435.588
418.417
124.979
235.238
374.362
38.1223
281.168
126.472
303.218
68.9214
286.831
367.55
328.076
351.671
245.378
563.402
391.667
414.675
281.286
80.3066
243.124
44.8329
81.7835
81.7835
409.025
76.3107
154.108
122.97
344.998
47.5442
145.898
218.072
263.328
182.91
111.455
124.486
536.252
222.504
91.8799
397.063
34.6631
312.297
195.257
423.069
370.421
142.617
200.599
129.885
80.1632
455.322
162.215
162.215
270.425
75.3798
415.391
156.077
226.088
305.068
327.636
341.087
348.914
78.4552
408.799
138.544
420.185
243.458
93.2518
138.832
460.098
238.476
195.41
85.356
507.88
62.8614
52.1135
100.453
121.636
103.763
277.789
322.99
168.525
170.533
221.194
241.832
382.547
92.0602
92.0602
368.34
452.423
118.347
256.084
535.385
204.157
374.598
94.3052
128.536
95.3633
452.4
80.2554
287.587
87.442
204.729
419.505
345.859
252.475
95.4385
449.179
400.043
65.1388
65.1388
148.732
320.421
238.827
369.389
85.3601
290.059
281.769
124.9
257.745
70.0659
35.6841
324.8
155.666
459.514
265.716
391.481
226.657
487.422
312.327
61.8234
267.449
258.962
42.4033
273.943
420.014
116.352
186.874
148.744
36.5085
73.837
510.815
75.3408
146.609
416.47
94.002
324.62
324.62
95.7506
384.541
505.363
301.273
94.6187
41.7977
116.538
315.742
165.482
114.685
465.241
408.719
121.512
109.745
89.6829
217.662
399.359
243.483
165.106
483.659
439.797
421.522
414.044
320.376
222.092
494.921
365.161
227.064
227.064
282.629
92.74
122.559
122.559
280.63
85.6795
286.88
83.8597
283.031
225.973
73.849
43.2248
317.802
86.192
66.3317
270.445
235.292
401.944
150.951
111.763
124.598
173.556
86.2638
231.181
349.491
139.836
368.315
339.855
206.407
90.9324
394.28
111.583
282.527
317.057
70.6437
382.174
57.3957
56.846
244.414
244.414
304.839
234.528
332.555
216.8
52.4617
130.011
145.082
404.261
125.338
478.444
127.683
464.4
347.596
80.8604
121.463
232.522
287.327
229.767
246.833
235.052
67.9143
147.486
33.2346
108.823
345.928
515.514
286.654
152.812
422.464
422.464
305.675
225.814
135.358
43.0277
287.733
379.829
91.332
72.1215
256.558
391.588
38.0487
62.9684
376.77
123.941
368.365
300.275
300.275
401.141
36.9217
391.193
34.7837
31.4621
81.4234
209.038
194.912
178.376
98.0687
99.7905
405.695
121.588
357.522
371.975
297.147
76.9343
377.094
39.2764
209.087
538.858
380.687
75.1319
216.284
469.901
415.229
255.191
419.091
197.546
193.164
310.651
217.34
164.238
382.72
423.597
100.726
212.27
163.086
75.4845
287.544
366.146
194.171
389.995
336.635
113.485
218.885
41.9846
396.849
432.669
131.432
424.305
333.155
348.816
82.2656
384.526
197.819
220.018
138.413
52.3844
190.318
356.741
285.293
285.293
236.706
68.555
49.64
103.178
62.3544
160.692
268.388
334.907
50.7601
354.062
55.0433
84.6531
110.251
178.959
425.296
463.013
331.728
58.4721
58.4721
86.6899
481.709
329.065
150.708
99.8901
101.471
357.421
420.551
202.772
126.973
177.655
273.04
99.584
99.584
387.746
79.0782
313.883
151.455
112.651
191.296
310.85
159.98
163.669
248.327
288.758
455.187
516.241
328.693
342.942
342.942
496.146
555.543
499.256
217.929
50.9301
100.723
31.8642
116.442
74.5424
206.051
395.467
413.631
451.655
346.916
214.12
274.718
77.2897
408.275
62.7393
332.791
355.437
328.432
328.432
64.2605
145.535
327.235
376.907
76.2729
375.885
51.9188
124.666
131.496
286.66
235.122
54.6829
65.6833
36.0183
97.0493
127.636
388.673
369.022
138.343
138.343
199.891
106.318
209.854
66.5428
521.236
336.012
117.582
40.1234
410.91
101.735
186.634
517.864
59.5791
566.243
362.14
210.217
175.011
165.767
461.212
50.6557
174.285
423.825
487.791
318.169
159.806
420.082
423.447
355.184
346.528
319.885
321.579
88.6358
46.478
198.611
319.935
191.373
178.243
176.066
140.269
140.269
369.694
190.5
465.506
230.484
413.547
278.439
292.415
386.482
327.293
327.293
413.134
50.638
157.55
183.78
94.7353
380.998
195.733
407.18
39.5855
211.879
41.8577
141.667
212.669
41.324
116.906
234.204
389.942
259.071
350.922
106.242
360.506
80.4252
263.417
97.2168
101.331
121.945
236.782
73.7246
295.6
224.719
325.42
248.432
273.177
273.177
200.155
127.419
312.766
479.149
422.77
539.844
233.062
467.578
249.705
406.154
406.154
256.964
305.548
415.525
332.635
160.761
487.764
487.764
489.681
168.058
263.681
332.053
241.042
80.9339
481.653
223.874
81.1584
364.93
433.353
325.592
328.75
84.7522
464.914
319.292
472.215
178.24
386.855
440.575
61.4131
241.267
115.437
76.286
288.271
267.49
34.2951
39.7539
39.7539
348.666
413.417
106.988
159.8
333.22
272.62
388.115
266.903
67.289
89.8752
72.8169
144.691
151.129
449.605
240.313
455.44
121.671
315.197
60.364
148.598
386.664
169.332
542.972
247.368
357.427
76.9612
351.025
290.431
191.276
489.718
382.308
31.4326
136.8
430.261
254.169
378.74
151.804
192.378
365.258
104.732
299.695
500.928
195.543
389.297
389.297
323.951
248.075
68.7758
355.596
270.563
259.31
318.483
180.061
385.727
45.1193
210.233
121.601
467.037
311.73
178.524
253.353
91.535
195.025
276.454
562.073
82.3553
170.559
102.309
222.704
352.417
219.646
139.012
243.358
405.129
348.703
335.272
40.6317
32.8193
248.286
439.885
279.133
75.0623
101.067
83.7291
47.9714
262.665
375.974
72.4861
231.496
41.5363
328.088
512.124
31.9888
206.847
46.9473
387.791
123.302
191.385
424.514
246.498
195.337
335.999
117.945
141.708
421.04
421.04
526.419
311.584
134.045
116.387
370.104
467.613
253.912
294.472
345.394
192.212
384.496
307.593
214.596
347.098
183.897
376.029
451.033
145.93
189.718
77.5952
113.475
113.475
87.7845
243.594
214.014
80.9303
306.379
392.494
82.9551
443.997
105.089
98.1854
180.192
97.046
316.862
191.302
53.3123
53.3123
112.867
280.517
190.644
328.859
157.481
302.63
222.231
443.507
145.053
161.535
115.771
437.372
272.453
51.4394
176.297
228.99
212.772
98.9861
174.476
272.721
371.867
135.891
331.067
73.1917
514.383
548.52
68.9461
416.234
59.661
53.8454
108.172
92.6403
268.017
435.745
70.709
326.674
229.393
216.468
300.99
159.899
204.264
492.156
350.613
50.2177
225.761
506.273
216.249
261.072
331.487
331.487
167.485
367.354
343.645
503.444
359.153
416.623
346.014
399.78
287.486
418.634
530.091
457.63
129.521
129.521
473.234
127.06
267.603
271.198
331.139
133.68
133.68
159.312
170.638
84.1998
389.074
156.915
161.606
207.088
33.7411
37.51
301.742
72.8602
119.986
194.434
60.4181
210.593
413.481
105.587
247.082
173.488
522.645
193.493
393.862
151.675
436.187
505.842
444.084
65.4466
301.03
383.077
150.172
500.89
165.187
515.887
128.264
352.751
352.453
296.92
320.077
335.583
414.927
81.1042
65.7727
389.348
294.217
268.197
270.378
204.8
107.059
69.9668
309.459
191.612
74.2408
384.883
45.2392
270.827
106.067
226.213
358.499
45.4663
375.858
37.9086
154.494
405.182
341.194
341.194
216.163
169.258
157.888
64.1466
388.421
388.421
344.359
341.98
416.664
182.888
404.19
304.743
192.006
539.343
382.888
293.621
94.4285
141.922
73.2951
524.385
208.995
407.272
315.201
420.86
404.262
53.5706
77.3838
183.817
266.507
278.957
309.546
299.052
429.691
176.584
485.262
49.684
384.858
152.184
385.638
63.889
63.889
241.077
134.473
360.053
298.531
95.9419
197.053
350.688
63.0574
357.801
341.599
308.693
108.791
62.7111
243.208
329.505
50.4386
448.266
95.4263
235.256
263.417
356.448
34.1935
317.822
276.385
218.754
409.971
156.365
96.3812
189.997
176.093
216.6
233.837
233.837
425.039
170.577
114.253
480.423
118.411
350.113
350.113
231.111
493.381
195.6
122.072
414.483
349.671
351.619
158.01
206.102
151.423
262.598
406.784
406.784
378.48
326.809
375.186
219.238
125.806
397.907
53.8768
303.046
229.082
36.6167
417.936
123.254
253.026
238.031
158.244
215.117
351.106
413.55
178.414
103.354
429.528
469.089
50.2413
50.2413
36.9905
451.171
355.132
355.744
461.666
471.623
336
78.9273
273.746
107.955
113.035
337.296
190.806
190.806
231.654
466.796
113.11
245.647
283.607
396.781
42.5992
499.645
53.2427
311.307
410.709
77.7906
97.838
91.3488
91.3488
371.447
143.974
283.549
168.093
418.139
217.94
115.333
441.934
30.2329
306.672
79.2268
92.2331
292.035
425.329
260.703
260.703
161.304
223.503
497.923
312.142
293.782
293.782
157.514
536.297
141.462
304.22
114.772
196.329
327.683
218.173
419.498
215.189
126.952
504.567
394.448
365.299
59.8064
127.442
543.485
46.7361
284.452
314.444
312.879
310.41
288.104
108.233
32.8267
270.182
187.839
99.422
99.422
151.099
526.603
164.538
130.703
256.626
397.649
498.861
186.991
425.776
287.786
287.786
110.205
174.394
44.6582
233.208
466.868
466.868
321.719
391.042
336.307
477.255
86.8718
203.98
249.196
125.275
87.0039
230.869
396.885
100.888
154.115
52.9948
258.231
104.835
256.097
345.645
134.883
206.45
384.456
238.265
116.39
182.996
334.756
452.781
236.081
236.081
209.925
162.001
490.022
382.93
178.281
368.22
327.029
80.3432
440.638
175.343
404.04
261.422
129.558
237.542
403.514
127.189
153.433
88.989
405.683
335.816
32.5708
401.093
380.953
380.953
288.533
176.143
118.382
317.219
386.672
306.159
470.351
63.5188
199.5
183.579
203.829
289.026
453.345
397.284
86.7933
154.481
296.56
128.859
103.137
30.9495
534.156
225.963
225.547
161.535
226.85
216.196
215.877
325.937
559.151
254.15
487.336
280.709
235.781
401.557
345.779
114.248
263.953
210.833
159.452
518.575
54.6199
257.99
451.395
91.0273
81.0782
299.425
326.57
247.37
228.105
186.021
166.059
43.2084
316.886
411.12
249.849
126.239
363.413
206.669
179.448
368.932
33.2922
338.058
108.927
136.937
54.9455
107.575
175.055
157.714
319.574
173.817
173.817
51.7348
51.7348
241.664
73.0027
381.648
176.008
274.592
61.5274
118.451
122.039
175.376
361.562
315.366
157.767
79.84
317.373
341.416
375.338
149.188
504.678
423.829
118.964
74.0426
459.368
459.368
245.493
191.953
191.953
197.851
447.92
457.905
414.852
86.5839
304.917
30.6685
209.502
80.6879
62.3564
314.303
329.601
374.562
109.236
122.91
450.346
160.236
402.673
230.625
39.1752
419.644
278.343
311.353
318.222
311.458
308.194
38.9433
224.863
82.0653
508.536
540.854
89.0749
410.777
450.154
267.69
106.175
106.175
451.115
137.748
389.626
182.005
44.8121
229.856
116.027
441.123
364.02
72.445
341.919
341.919
130.655
46.3748
210.554
422.287
333.224
46.8227
458.379
127.34
323.444
438.836
207.833
318.559
185.898
310.483
238.164
88.8928
123.6
106.653
207.634
456.596
299.792
199.04
277.316
398.646
144.918
247.225
47.1021
272.938
472.306
423.752
470.706
470.706
221.667
121.095
255.758
155.74
223.144
435.092
254.976
438.96
57.0502
105.011
237.701
152.171
175.014
141.382
353.407
274.835
243.393
337.253
374.606
284.084
263.572
417.344
440
520.16
248.377
282.815
288.591
137.551
67.6682
364.19
153.727
269.108
95.03
316.047
285.048
458.561
390.651
92.3137
190.633
228.34
247.104
134.386
35.9168
286.99
31.7802
257.121
396.768
155.546
170.797
230.547
515.893
375.801
229.077
218.133
277.185
56.7494
130.899
410.325
170.335
458.059
37.614
277.645
38.4471
91.943
259.05
97.1639
367.121
367.121
316.633
494.629
168.599
503.376
408.86
339.962
41.377
267.026
194.834
368.095
82.6957
160.312
211.241
441.955
320.724
258.573
402.707
155.904
320.428
433.488
448.507
185.411
246.07
329.343
462.823
96.8704
77.7935
285.26
268.825
397.294
269.995
330.14
259.565
352.739
478.669
371.951
108.803
331.765
102.821
126.448
457.422
72.0501
340.967
206.456
271.454
155.258
115.01
62.8642
85.6939
414.663
309.138
275.696
393.653
473.843
103.455
87.677
255.121
99.0352
505.013
349.053
250.586
241.808
197.359
313.204
371.88
109.546
204.294
204.294
99.8949
61.4627
231.585
275.039
46.4488
408.906
164.225
272.715
321.409
110.548
75.9212
215.914
49.5862
383.178
78.8198
275.84
230.34
293.521
467.118
280.428
48.9056
218.017
360.222
150.323
235.566
453.117
325.362
228.868
150.707
344.417
131.176
96.9875
415.734
396.125
235.398
130.861
251.501
323.561
154.213
217.004
138.379
81.0454
85.3977
489.782
447.447
265.838
533.479
223.791
37.9304
83.9329
191.051
457.427
102.059
75.0614
43.325
209.35
306.725
438.833
165.929
366.996
411.728
350.103
106.035
173.278
46.322
256.15
85.702
290.674
182.351
473.815
437.374
249.338
82.5472
235.372
108.613
56.2628
32.3022
88.8375
335.585
357.501
357.501
366.776
445.754
152.003
242.517
242.517
58.64
52.594
375.017
351.166
282.863
289.912
231.617
209.651
221.439
454.694
130.308
181.502
361.019
284.183
178.26
121.006
57.1332
177.244
206.752
206.752
136.476
395.951
145.889
84.7207
467.926
72.164
105.772
263.728
205.096
344.033
396.951
291.367
137.638
366.502
156.797
156.797
350.597
350.597
149.827
172.738
154.85
312.092
337.458
98.2807
188.474
59.5645
462.049
104.839
180.697
136.327
67.3778
326.791
442.63
109.683
224.243
180.993
425.643
75.2068
189.971
108.282
78.3656
288.899
278.937
226.174
64.8645
288.195
170.581
424.099
470.861
267.269
319.908
354.201
285.918
54.8084
247.191
107.39
97.5462
177.895
295.995
149.076
382.981
54.9249
421.075
441.352
390.067
238.906
406.451
124.939
258.673
426.074
77.6867
429.662
116.983
449.844
352.081
260.809
111.799
366.568
194.318
403.62
321.254
70.2111
271.327
101.843
419.254
286.438
182.895
157.26
489.77
191.635
473.089
280.11
168.413
168.413
173.725
134.482
102.6
333.015
123.275
271.58
250.678
564.534
339.162
141.538
235.067
132.767
174.41
294.438
479.554
317.544
273.195
282.625
489.796
297.987
328.564
341.089
551.506
381.087
93.9882
186.966
284.55
405.538
350.888
133.438
330.554
120.604
139.49
131.739
85.8252
58.6797
37.1584
178.683
80.9836
313.929
509.817
430.153
377.643
447.192
124.754
291.806
310.908
187.491
342.045
32.285
81.8406
210.015
320.953
169.688
266.823
333.149
156.039
71.697
94.7856
186.407
279.31
289.887
261.118
85.9208
146.984
188.831
91.4647
416.819
314.847
124.251
215.424
254.81
289.639
176.982
249.876
497.563
340.555
98.7776
110.714
172.291
198.336
251.727
165.547
338.092
329.695
329.695
49.8714
393.426
196.73
177.575
314.59
74.4847
370.954
191.751
421.647
103.92
88.6612
187.978
315.545
357.942
112.75
452.729
344.553
402.421
130.481
406.244
102.867
304.332
402.656
455.895
388.691
169.412
310.008
298.504
326.726
337.692
337.692
55.6008
245.688
245.688
399.215
387.59
158.65
284.989
375.583
280.508
140.914
117.571
392.785
300.213
460.251
403.148
85.8067
507.905
216.211
454.604
238.622
49.8584
363.882
173.305
367.145
68.8225
344.968
121.911
91.4272
151.443
290.829
227.134
403.419
368.644
322.245
308.007
144.609
350.524
143.823
476.102
301.674
47.7905
190.728
55.405
248.917
58.46
150.117
228.145
498.411
485.398
308.25
466.957
181.197
444.887
123.749
107.028
154.173
195.926
220.039
129.697
129.697
433.812
63.0654
114.97
342.099
380.045
425.815
425.815
107.78
334.294
296.313
183.936
460.594
358.316
415.401
106.289
407.299
263.146
97.8015
255.484
194.82
243.616
85.605
101.869
208.65
159.662
38.7944
264.587
212.743
242.473
201.655
122.244
175.371
418.051
152.239
429.64
231.599
121.238
114.605
166.134
272.978
34.6126
525.573
383.46
349.849
230.761
230.761
190.449
241.431
330.446
432.849
138.554
238.103
349.109
277.103
60.8436
354.045
92.9786
254.011
348.048
489.203
54.4894
252.042
318.452
157.284
157.284
195.079
338.212
121.748
368.682
520.667
120.701
49.6471
49.6471
372.751
133.952
525.764
245.719
152.175
54.5609
458.602
396.488
34.0272
440.119
171.115
242.387
440.071
295.446
176.373
384.399
539.05
119.447
119.447
96.0504
47.9211
220.101
150.002
76.5148
194.241
153.473
328.356
50.224
63.7201
205.056
76.7701
207.887
37.5928
208.306
338.604
407.026
336.683
107.378
335.711
64.4585
147.623
156.232
171.342
413.47
66.9156
374.09
261.807
491.208
356.083
126.058
379.962
166.985
535.122
135.091
229.638
418.728
151.354
284.277
250.514
90.6855
319.219
386.612
163.3
361.878
230.046
310.292
34.0052
350.563
208.684
486.607
256.267
74.3533
380.179
161.862
77.9362
143.06
186.162
306.403
266.768
308.045
357.985
404.604
371.216
272.427
507.884
184.355
216.714
476.928
179.182
128.967
130.674
449.203
319.227
308.758
76.9607
312.43
70.0554
251.533
344.173
102.737
72.4348
353.841
393.286
360.833
398.329
126.101
508.218
221.927
526.489
149.637
235.44
86.0538
511.545
384.637
188.704
35.7065
241.439
244.607
490.049
164.7
95.5777
396.975
249.413
290.936
113.6
275.452
196.799
207.573
244.374
286.996
112.021
154.465
213.367
169.732
236.318
287.539
315.183
511.181
268.506
153.991
207.705
79.4631
79.4631
142.935
333.779
125.275
86.0396
201.934
293.629
186.679
42.9867
178.05
47.6847
120.786
390.913
288.349
262.047
281.947
339.239
278.617
284.115
376.11
128.93
355.16
419.426
245.316
311.852
440.538
375.368
207.748
238.521
292.584
212.218
71.6037
112.007
203.447
307.847
306.23
251.464
366.917
148.114
142.356
135.14
137.834
294.937
204.895
493.998
101.304
164.066
429.415
254.469
75.616
455.425
278.849
216.151
533.007
398.173
179.425
185.168
231.191
349.391
35.3737
511.755
325.999
145.686
492.863
