339.311
369.355
234.344
313.481
410.201
345.725
256.13
256.479
216.62
413.694
335.208
48.5908
181.269
241.047
241.047
272.078
127.334
325.727
424.821
302.9
213.146
306.346
223.884
53.5643
271.654
192.128
256.831
184.504
418.698
53.2249
124.125
395.616
296.099
274.061
213.366
107.174
390.309
31.9389
214.832
173.583
429.233
282.961
126.908
321.215
331.158
331.158
352.11
199.507
148.617
327.156
300.917
423.815
320.009
326.459
104.914
210.48
210.193
409.221
296.1
177.437
385.532
313.961
244.018
219.713
351.43
353.334
387.341
243.08
312.302
32.2904
254.384
362.602
362.602
398.426
111.818
326.53
325.697
122.821
44.8319
48.1417
129.628
145.376
362.076
325.442
258.283
419.547
377.524
286.965
124.643
304.905
127.25
53.9958
249.622
137.252
251.362
299.481
134.171
201.452
404.083
300.645
199.972
361.595
262.665
178.897
379.011
327.197
346.603
309.804
376.819
295.138
421.327
65.5157
375.413
35.7636
167.144
210.858
318.853
326.312
375.125
90.3774
250.367
396.948
293.052
325.575
237.572
354.349
46.0254
364.711
72.4069
367.371
295.813
391.392
110.013
83.5574
308.858
293.185
178.66
241.379
328.014
84.5855
152.402
305.692
316.251
173.342
176.093
132.467
158.492
329.092
272.135
44.9832
195.304
295.798
62.4501
278.93
292.683
98.156
420.145
80.3346
139.8
314.78
320.106
196.547
232.561
310.689
424.201
262.12
126.031
298.404
203.932
41.673
323.988
373.601
363.445
274.191
386.688
77.4765
372.365
165.438
334.754
92.4844
361.952
312.523
236.808
90.967
381.48
203.39
389.537
302.232
327.385
378.917
163.048
128.031
326.077
407.177
245.998
360.772
219.72
335.074
114.321
317.976
325.107
127.945
374.096
367.458
274.556
298.054
85.7767
104.279
288.501
250.7
129.356
223.625
47.8614
311.758
279.334
272.436
175.69
349.433
278.519
31.3227
405.69
169.929
306.779
294.637
267.689
349.871
276.266
381.515
266.518
314.113
226.707
240.675
52.3659
324.338
420.068
267.025
381.646
412.482
191.475
398.114
379.584
198.823
387.289
376.537
123.743
369.734
210.763
378.022
402.963
383.222
402.949
70.8604
135.43
331.869
201.193
276.42
428.218
283.432
354.079
153.619
167.631
400.322
412.227
232.794
399.232
346.823
347.218
118.747
432.067
284.992
299.083
241.349
297.774
55.2462
98.1009
417.246
403.261
308.185
387.115
295.97
292.363
71.7375
344.012
78.1229
329.904
329.904
384.31
384.31
139.399
132.465
338.501
399.65
257.04
413.818
91.2041
305.34
157.403
415.122
373.086
403.16
58.7316
264.724
296.535
92.796
218.447
253.9
125.345
52.0657
59.7919
398.766
199.595
351.825
137.297
263.854
296.872
299.964
188.19
412.129
368.679
431.957
281.382
32.8954
81.422
238.517
416.459
52.2903
331.181
403.943
293.29
236.782
372.153
374.178
416.914
396.354
356.339
100.008
381.778
168.129
415.11
264.407
118.38
180.051
206.06
399.647
300.705
126.412
372.442
61.8125
358.77
65.5766
103.141
390.452
69.9914
382.138
324.147
134.411
75.8388
240.903
305.715
382.011
281.183
257.557
79.7394
95.4253
340.196
306.097
156.073
112.962
143.637
171.057
169.755
153.961
119.753
360.85
196.298
426.622
426.622
323.779
379.627
206.526
416.455
232.621
94.8109
319.489
332.455
42.9455
50.0356
225.716
401.85
204.387
328.362
145.878
171.225
283.786
322.568
316.185
157.82
262.813
422.099
375.407
289.21
66.4733
183.132
404.885
404.885
165.223
402.06
198.403
178.534
297.239
378.462
428.863
37.7008
100.756
423.505
41.0048
121.554
121.554
379.879
271.76
51.5839
298.263
93.6476
304.956
297.338
426.989
109.168
217.335
394.403
256.377
384.176
294.016
354.031
305.03
429.509
387.596
262.759
398.163
243.036
392.157
260.371
184.187
269.957
205.793
246.471
131.017
270.1
285.765
298.763
337.693
328.277
238.754
222.098
312.749
243.953
215.185
300.325
388.527
146.353
181.426
56.29
166.525
320.464
180.249
136.804
90.584
300.768
162.365
122.835
66.5148
425.469
105.783
354.39
305.031
360.26
396.656
199.731
202.674
196.981
430.886
283.118
353.551
254.318
348.352
166.176
366.392
242.391
109.055
242.179
223.361
140.164
125.383
86.9781
410.833
358.539
65.4024
404.057
197.183
257.316
89.1601
404.825
83.7579
322.88
179.134
398.303
305.309
278.008
382.764
416.114
217.671
35.3841
276.38
92.5018
145.035
200.123
232.372
429.682
375.287
265.341
170.571
290.988
366.533
338.812
291.89
245.551
411.677
411.677
235.062
363.638
220.34
86.1822
326.456
300.027
409.575
122.396
381.713
397.333
362.151
426.349
400.572
49.789
182.55
257.704
132.951
223.485
387.27
432.505
95.6662
378.602
431.415
330.615
322.485
236.075
281.202
165.335
256.429
119.253
382.87
324.632
59.5289
232.57
355.985
274.255
159.099
170.001
55.2283
413.952
57.6941
337.128
326.135
192.647
298.002
245.122
54.6023
353.087
261.271
350.366
335.613
52.1187
285.238
105.914
243.181
240.196
321.819
305.509
248.045
308.679
249.582
268.326
376.666
172.762
402.915
331.501
287.187
218.957
295.706
297.502
281.439
385.811
387.141
248.989
390.835
75.2634
337.616
306.998
97.2782
285.139
271.16
421.114
321.398
395.888
428.976
87.4005
147.804
44.1123
216.802
195.282
430.981
277.63
277.63
374.306
284.421
418.985
292.807
84.6647
371.321
417.65
149.291
378.25
330.32
356.168
414.3
203.249
72.4502
33.9253
328.356
315.174
336.497
95.7324
168.916
211.771
129.803
301.699
257.779
291.246
177.745
405.09
417.941
370.281
255.317
282.539
51.5383
315.616
318.833
366.804
192.014
256.061
345.825
250.932
417.974
100.04
50.3497
302.64
56.0936
412.678
290.216
300.437
292.209
152.132
307.109
337.148
311.728
296.296
187.173
361.268
200.773
114.567
311.338
192.954
241.209
148.17
325.809
338.829
232.683
427.533
384.895
130.862
73.673
48.925
385.318
389.825
283.699
398.981
319.918
239.436
107.716
182.099
370.172
421.287
186.045
369.987
195.32
305.647
75.3852
320.186
139.92
282.828
321.389
68.2868
402.007
421.682
323.607
338.762
369.071
339.691
339.691
409.35
134.126
101.184
356.974
314.223
294.508
176.039
193.764
327.962
205.372
144.757
169.007
270.056
308.962
33.8632
316.974
145.105
68.2609
127.427
327.687
189.028
311.025
300.802
150.827
352.772
156.402
178.724
417.063
48.475
355.641
344.289
248.864
144.894
200.869
277.434
378.168
111.621
335.011
263.098
222.737
246.453
395.387
336.79
394.509
272.825
370.391
414.784
309.848
92.169
407.797
144.043
295.539
157.853
315.615
220.366
30.1036
271.597
367.094
367.094
287.771
319.494
413.314
60.8097
235.931
185.106
306.849
363.825
334.817
330.354
213.684
56.1325
357.942
257.599
138.8
106.502
368.242
335.5
335.5
286.615
195.289
204.211
34.4757
405.083
139.543
129.787
77.9837
139.541
206.494
346.791
368.269
426.623
306.051
243.672
74.0078
358.159
322.448
404.491
263.979
214.802
224.617
255.72
405.211
395.147
353.142
142.418
281.127
377.543
392.148
334.632
194.488
336.633
417.081
386.106
295.034
89.2839
187.198
296.059
370.239
293.828
235.043
265.917
249.486
409.533
171.095
318.636
345.011
330.723
209.532
359.35
342.978
120.159
200.669
329.972
328.874
275.914
152.436
295.865
398.991
257.754
425.775
71.4982
424.075
286.128
358.317
50.2935
408.266
104.227
131.503
281.366
314.747
362.005
69.8254
277.378
379.885
402.073
417.331
333.345
400.514
303.125
256.889
358.26
204.151
183.376
276.928
373.394
33.007
329.153
259.076
213.669
156.063
93.4434
412.369
358.277
323.971
433.972
140.345
299.629
195.034
298.298
71.0503
254.271
233.483
255.304
410.6
104.031
396.534
348.176
413.312
74.5277
255.103
204.246
303.758
179.481
222.974
383.638
108.679
220.946
278.13
327.287
86.6755
237.595
287.557
282.231
