15.7608
46.0164
-1.0
-1.0
24.4228
50.9795
30.0888
30.2661
-1.0
47.3143
24.2668
44.206
-1.0
53.0247
17.7973
40.0507
47.5618
38.4936
30.5724
-1.0
42.7245
34.8483
27.7025
40.0358
-1.0
43.409
40.0695
-1.0
26.1153
40.9575
50.6618
-1.0
50.2671
40.1624
30.0828
17.7563
22.1079
13.5989
29.978
26.8736
-1.0
13.3223
40.8358
55.0589
10.4982
13.7291
31.6227
25.0789
44.7082
-1.0
43.3608
-1.0
45.1634
38.7085
25.8355
16.5038
49.2286
25.0448
48.8645
49.8137
38.6985
-1.0
24.5554
47.2233
32.0291
50.3804
40.2566
-1.0
52.0654
50.3556
45.6221
-1.0
39.2102
44.4991
51.041
19.2817
21.9326
43.9705
21.6366
39.9311
37.9325
8.49817
33.7063
23.3395
51.1283
-1.0
42.905
23.3673
-1.0
52.0079
43.6131
40.9086
46.5433
-1.0
32.7787
27.7668
43.9481
28.723
23.2863
48.3343
46.674
50.3483
26.4614
52.22
42.2747
50.9314
-1.0
39.835
28.2234
-1.0
26.2444
38.9816
-1.0
41.2378
38.3706
50.6515
38.0195
43.2957
-1.0
-1.0
46.5943
32.4171
39.324
-1.0
-1.0
-1.0
17.4272
38.2026
-1.0
-1.0
-1.0
46.1293
23.258
47.8936
45.643
42.1759
30.6585
14.5517
31.5955
39.4324
50.5432
19.4969
-1.0
-1.0
39.1092
26.7156
32.7757
50.2426
22.866
34.2562
44.8337
-1.0
23.2416
36.8696
10.3007
32.2793
28.0042
36.0956
38.112
42.8732
38.344
50.8472
37.1754
43.9867
47.24
-1.0
35.2537
49.9727
-1.0
28.2689
31.0363
26.3586
30.3345
24.1095
-1.0
20.8875
-1.0
41.0095
39.6777
-1.0
22.5435
43.3807
24.8292
7.92801
39.7321
25.1464
29.0652
21.268
27.7223
21.4685
-1.0
36.5953
-1.0
50.3479
42.917
39.6661
-1.0
27.08
29.9534
28.9249
33.4437
34.655
47.3559
-1.0
-1.0
35.9644
45.149
24.5551
22.1445
32.2278
51.5258
23.5167
19.4543
21.3336
45.2933
-1.0
-1.0
42.0381
38.9355
-1.0
28.8553
28.8823
51.3045
35.6662
20.8972
33.6331
42.9267
47.7576
49.9048
47.025
44.7793
-1.0
50.2249
-1.0
-1.0
34.2076
46.253
49.6507
-1.0
49.518
29.7744
-1.0
35.4313
29.634
-1.0
-1.0
30.3866
-1.0
26.1182
43.9991
48.2901
41.5882
51.3457
37.3058
33.9847
42.346
43.076
-1.0
47.3715
-1.0
46.5009
-1.0
48.5088
51.203
40.7928
21.0296
23.3028
52.0516
-1.0
39.1324
35.1356
16.4163
49.9058
46.2819
29.4394
44.0066
-1.0
-1.0
32.8733
50.5654
26.8406
-1.0
42.8004
38.0895
-1.0
46.4986
50.6864
36.1964
-1.0
41.4555
-1.0
42.8154
16.0252
32.7958
39.5517
20.5391
36.5405
46.1086
34.7638
27.0711
-1.0
-1.0
30.9204
40.1344
47.6103
50.2755
38.2307
-1.0
30.5229
42.6893
49.6693
39.2265
26.6999
-1.0
26.2485
-1.0
39.7886
-1.0
51.6424
43.0264
23.0388
36.7186
31.7989
32.9579
-1.0
-1.0
48.8875
47.3375
-1.0
-1.0
50.2554
-1.0
30.7688
47.6698
10.8148
37.7887
40.3857
31.3335
33.4487
19.2926
38.2815
37.8352
29.7666
9.51501
41.5348
-1.0
39.5473
42.6021
-1.0
25.3688
45.8328
34.5212
43.0216
45.344
51.6194
33.4558
38.3983
30.1527
25.3142
39.2533
40.2652
42.6738
41.3292
21.9503
36.0876
-1.0
-1.0
46.2368
-1.0
45.0138
33.1002
-1.0
45.2043
24.741
34.2086
51.0418
51.3848
51.7802
28.4838
40.6006
33.1476
-1.0
11.722
42.0757
30.4443
36.7972
-1.0
43.8574
-1.0
44.0382
40.2619
35.0673
45.4716
50.5903
35.4977
47.3328
38.0541
39.5858
-1.0
50.4926
-1.0
22.0422
-1.0
46.6249
34.9645
-1.0
44.6956
24.7321
35.2257
18.7141
-1.0
37.328
-1.0
-1.0
34.4535
12.012
30.8433
-1.0
31.2177
25.5409
48.0324
-1.0
48.247
32.8453
-1.0
-1.0
41.8735
47.0914
-1.0
22.5276
40.1046
47.926
39.1838
37.6738
35.843
19.706
44.8064
35.7471
-1.0
28.9303
-1.0
9.14053
-1.0
31.2421
36.5221
-1.0
52.758
-1.0
36.7733
46.7448
30.8093
30.4944
39.7609
33.129
26.4917
40.8482
29.6926
42.6209
-1.0
36.3805
-1.0
15.7862
40.7248
33.4614
20.6341
29.9375
39.9757
45.8929
33.5304
13.8457
40.4692
-1.0
49.8157
48.5016
-1.0
45.1237
41.04
46.1745
45.6261
49.3843
35.4137
-1.0
26.7076
-1.0
-1.0
-1.0
-1.0
47.0031
34.4074
49.1983
28.3253
39.33
-1.0
-1.0
50.832
36.1996
-1.0
41.3594
19.6906
48.3173
20.783
45.2612
21.0117
53.8896
-1.0
-1.0
-1.0
34.5583
39.6352
42.5045
-1.0
41.4061
-1.0
43.0516
32.5389
-1.0
25.2325
34.155
16.5739
36.1298
-1.0
-1.0
33.5451
17.7032
40.987
48.5578
51.0961
47.0737
44.796
16.1588
-1.0
39.9112
26.4553
41.3882
30.898
32.9723
48.8395
23.9023
41.2502
37.3073
-1.0
42.1207
-1.0
-1.0
51.3028
-1.0
-1.0
32.8121
-1.0
31.781
28.5221
17.8855
37.1478
28.3268
20.5856
32.8052
43.2372
44.9161
-1.0
36.0905
39.3634
27.2853
-1.0
46.9172
47.9772
23.1963
14.1761
32.4055
20.1858
-1.0
43.9111
10.28
32.0974
-1.0
22.3227
44.6946
17.4915
-1.0
-1.0
-1.0
37.9544
40.1911
33.1299
39.0344
38.6319
-1.0
51.1643
50.423
37.429
44.7199
-1.0
-1.0
51.9254
50.9967
23.6827
-1.0
46.2338
50.0916
46.5825
50.2829
49.0802
36.1971
24.1476
48.699
51.5157
28.5576
52.0569
-1.0
22.8457
48.86
41.3355
50.095
46.0547
-1.0
43.9561
-1.0
-1.0
-1.0
-1.0
-1.0
-1.0
45.9156
25.094
-1.0
-1.0
19.0175
38.4223
-1.0
27.9177
22.5807
46.6384
42.5582
32.2337
47.9315
-1.0
29.1828
16.2476
43.0129
27.0338
15.2062
-1.0
-1.0
51.7534
22.6632
47.4764
31.9489
-1.0
46.6869
45.8096
25.9076
32.7938
18.071
28.3537
17.8929
50.0967
20.4391
45.8693
-1.0
28.0349
41.6584
47.3986
43.9249
48.6667
35.5548
44.9727
24.601
50.2908
36.6823
57.0419
41.2787
-1.0
28.2573
32.5011
38.9476
44.3833
39.9493
23.8282
40.6722
42.9035
34.8022
-1.0
-1.0
38.6488
44.8791
42.9769
20.0329
-1.0
15.8798
-1.0
50.0311
-1.0
15.0554
32.6071
-1.0
41.1737
29.3056
-1.0
49.8318
46.4555
-1.0
35.4221
16.6236
41.8726
47.2125
-1.0
23.1552
18.1238
38.6437
-1.0
32.6238
37.816
50.9312
-1.0
19.9146
41.3268
47.7602
31.4752
-1.0
15.3857
36.3528
47.3444
33.2923
41.636
26.6057
19.3847
31.0499
-1.0
32.7544
20.5112
28.9393
42.9613
40.4295
30.997
33.7526
43.3341
50.8919
40.0784
-1.0
-1.0
13.6918
34.7176
50.0061
18.064
43.2963
28.2703
36.7399
37.7883
21.1283
43.5122
38.9665
28.8598
50.4628
-1.0
-1.0
50.1547
46.0647
27.5426
39.641
49.6963
35.2242
-1.0
38.848
26.2364
24.9176
45.4769
29.5792
27.5283
-1.0
39.6041
35.083
46.43
28.474
52.0473
31.5492
37.2908
10.9914
46.4612
-1.0
-1.0
-1.0
35.7093
30.1731
33.1804
-1.0
49.308
51.356
-1.0
19.2771
48.4023
-1.0
48.6595
36.3815
5.92461
29.7693
33.9688
33.2543
12.5504
20.4167
43.726
29.6604
35.7821
-1.0
49.3578
-1.0
14.9601
-1.0
18.0141
27.3998
-1.0
-1.0
-1.0
34.1679
39.7692
12.067
-1.0
-1.0
29.619
-1.0
-1.0
38.8226
52.5079
47.7628
-1.0
26.2939
47.6816
-1.0
43.7599
40.0768
47.2755
-1.0
18.8803
36.2117
34.5514
51.0132
41.9755
-1.0
44.5648
36.3562
-1.0
21.6802
-1.0
33.4546
-1.0
27.3544
30.4056
-1.0
47.67
-1.0
-1.0
37.9291
43.8797
49.4071
49.3722
-1.0
34.0655
52.0171
22.9039
-1.0
-1.0
16.6068
-1.0
27.1945
-1.0
42.6435
-1.0
-1.0
-1.0
47.2325
-1.0
30.5717
49.5248
21.3477
-1.0
-1.0
-1.0
-1.0
23.7984
-1.0
-1.0
30.5582
32.8357
-1.0
30.4158
51.5445
33.016
-1.0
48.1665
36.2428
33.8849
-1.0
-1.0
-1.0
-1.0
39.5544
49.0599
37.1512
33.6358
33.4313
-1.0
30.6639
18.0041
37.2755
34.0949
22.7319
29.6086
45.9183
48.4079
28.9587
45.533
-1.0
24.5669
45.2467
35.7452
45.7014
11.6322
-1.0
46.3722
50.1801
44.2572
42.9992
42.0157
52.276
-1.0
-1.0
45.0372
22.3797
40.6578
38.4564
30.4475
-1.0
-1.0
47.7821
39.0842
41.9243
48.4188
18.3331
42.129
34.9447
18.3723
47.414
54.0207
37.1744
17.1687
43.0521
22.1091
37.7986
36.8097
18.1197
49.8515
49.5744
48.0963
45.1137
25.7773
46.2132
-1.0
-1.0
43.8028
-1.0
49.1749
36.751
27.3056
34.6807
26.2721
-1.0
41.5594
36.5311
43.2821
25.6273
29.4504
31.6006
-1.0
-1.0
22.4567
47.4973
-1.0
32.3308
45.6941
-1.0
46.4635
-1.0
17.6196
-1.0
9.72365
30.5757
45.8213
51.3532
51.8573
-1.0
-1.0
47.817
42.5338
49.6348
47.6842
51.4567
-1.0
17.0659
-1.0
38.296
39.8627
-1.0
15.1894
26.3435
35.8743
33.768
-1.0
42.4056
40.8724
-1.0
-1.0
-1.0
-1.0
24.2686
31.8292
40.5433
44.1807
46.2957
-1.0
31.34
51.6029
48.2208
52.2617
-1.0
-1.0
33.7652
29.2288
52.3443
48.5322
-1.0
13.368
20.5807
52.2748
30.3493
-1.0
10.1898
30.2898
44.7061
25.0835
39.0691
-1.0
42.5849
-1.0
18.3846
35.3751
24.9321
12.0319
33.9146
-1.0
43.636
47.5066
45.8138
43.0235
19.4245
33.7527
50.1262
34.5833
43.4346
19.6425
-1.0
-1.0
21.7287
-1.0
-1.0
41.0015
-1.0
37.0365
34.8329
-1.0
-1.0
51.5865
36.2994
39.9229
15.3604
40.6682
9.11695
40.9216
-1.0
39.5527
-1.0
-1.0
36.3212
48.3841
37.7724
33.2751
-1.0
39.779
-1.0
-1.0
-1.0
39.2297
-1.0
46.3893
-1.0
17.6732
42.302
47.1664
-1.0
-1.0
38.9801
34.7117
43.7411
-1.0
-1.0
-1.0
33.9779
49.0001
47.9859
19.311
-1.0
25.5036
-1.0
14.9248
29.0358
48.4159
43.7006
41.5468
18.0028
50.9847
50.7993
47.4071
-1.0
21.6253
44.6079
-1.0
-1.0
47.2912
49.6033
22.4675
32.0978
49.7227
-1.0
21.9933
51.6609
25.5966
40.6497
26.6726
44.6584
32.3549
-1.0
51.8003
36.7577
50.5292
-1.0
12.7346
38.5898
-1.0
31.6453
48.6857
36.2566
43.1715
37.1699
28.952
29.8422
23.7961
9.75438
22.6837
41.8407
-1.0
47.6627
-1.0
40.0901
-1.0
48.2919
50.4331
35.0117
49.8606
47.1035
51.7746
33.8642
25.0325
38.5057
50.3141
42.9704
30.3912
-1.0
41.5507
44.3216
22.7225
31.9636
-1.0
-1.0
-1.0
46.2321
30.0634
47.4293
44.2801
-1.0
18.3745
39.5238
37.0132
43.5241
35.9458
40.2072
25.6674
-1.0
44.7348
28.0468
19.6998
-1.0
34.098
-1.0
-1.0
-1.0
35.6464
43.9424
29.9504
36.8324
-1.0
38.3685
48.2459
29.4733
28.1935
49.6018
-1.0
23.9587
24.3542
27.5211
35.9666
45.471
27.4502
51.192
20.5898
-1.0
-1.0
47.1432
-1.0
49.0626
39.6694
26.0768
49.8864
47.9999
47.9098
-1.0
-1.0
48.4347
41.1296
11.5747
-1.0
29.2659
31.5816
46.2323
44.4137
30.2299
24.713
-1.0
13.6164
41.1973
-1.0
-1.0
52.313
46.1981
-1.0
51.2471
34.4587
38.8211
16.1661
-1.0
35.3078
-1.0
25.5393
52.1368
34.0729
-1.0
-1.0
42.8192
41.5635
27.2004
45.173
43.9709
31.01
-1.0
9.88591
34.2906
29.4972
34.2555
38.3293
44.0279
-1.0
-1.0
39.3412
50.6747
-1.0
49.1381
39.8384
35.5682
49.6691
16.8176
31.2471
-1.0
-1.0
23.1039
28.5992
42.2441
43.4737
29.3178
43.1415
46.1133
44.9998
40.9046
27.7072
38.4872
-1.0
32.6325
35.5593
-1.0
30.0754
36.5228
46.7435
49.7019
-1.0
26.666
-1.0
41.6343
38.8293
31.5343
31.4993
52.0651
19.7341
-1.0
-1.0
-1.0
-1.0
38.4813
-1.0
33.0369
48.162
27.0157
48.4373
45.0209
40.3225
26.0117
-1.0
46.1732
43.5647
33.6955
36.284
-1.0
15.4145
51.1437
42.9133
-1.0
38.7491
50.794
47.0941
12.3673
-1.0
-1.0
50.0588
45.8041
3.44904
-1.0
41.5859
26.341
44.2851
35.273
-1.0
32.7351
15.5762
40.7295
46.2187
41.6967
-1.0
35.8359
-1.0
36.0507
44.5927
-1.0
-1.0
-1.0
-1.0
41.4254
42.1733
5.3505
-1.0
15.6209
34.3261
-1.0
21.8405
47.8918
52.8912
-1.0
31.4105
25.5141
40.8262
-1.0
-1.0
44.9467
-1.0
51.8933
-1.0
27.8191
29.9749
51.4457
40.0893
50.9732
47.4539
50.5447
51.7776
28.3908
34.5431
32.8024
-1.0
29.0463
-1.0
38.7413
33.7856
29.1844
30.0638
-1.0
-1.0
43.9209
45.9835
-1.0
-1.0
31.3324
49.1857
28.9008
33.8347
8.80006
44.0112
37.6533
14.2535
44.9359
50.5047
40.5383
25.3154
36.3658
44.1517
33.6638
-1.0
30.1914
34.1504
33.7439
22.6773
36.0652
35.707
24.2658
39.6338
40.4764
36.8382
-1.0
35.7394
51.4525
44.0397
40.2652
14.7745
29.5907
-1.0
34.3936
34.4557
44.622
39.675
50.65
20.6209
29.1816
49.9861
40.6553
41.1298
42.1379
-1.0
30.5594
42.3807
46.7856
-1.0
41.263
31.2398
30.0043
16.9586
22.5154
17.8365
20.7793
-1.0
34.456
31.8982
43.4263
45.2471
38.5312
-1.0
48.521
31.8445
44.2075
42.4894
32.7389
-1.0
34.9708
-1.0
51.0872
10.7672
31.4559
23.0532
49.0304
45.3304
47.6154
33.2758
42.284
51.8967
47.0158
45.229
46.2971
30.7778
33.4339
27.6793
-1.0
36.0057
27.7648
22.4496
-1.0
-1.0
49.8745
9.63628
-1.0
31.4958
9.80752
23.841
38.6469
34.8812
20.1918
40.6331
37.6659
36.2757
44.3631
48.9836
48.6219
37.8583
49.7548
46.6165
38.1386
14.3989
48.1682
12.8536
24.6317
22.8366
23.0278
46.146
45.0753
31.6249
-1.0
-1.0
12.0932
-1.0
39.0673
40.8582
-1.0
41.7337
16.1103
-1.0
-1.0
-1.0
28.1935
37.4033
33.568
-1.0
-1.0
25.9779
46.4271
8.21472
19.8666
50.82
38.2702
44.5413
32.6502
40.2195
43.3354
37.5378
38.9163
37.6808
-1.0
26.504
23.2992
38.2291
50.8681
34.1502
40.2426
-1.0
43.5093
44.8197
49.5585
40.0396
-1.0
25.8031
40.3759
47.9565
5.50711
31.8295
48.5023
46.4054
49.3518
-1.0
-1.0
39.2688
-1.0
22.9184
47.5359
35.4039
17.1716
46.8883
42.7441
17.6641
37.163
-1.0
42.8802
-1.0
-1.0
26.3184
49.6918
38.4197
33.0578
41.4542
-1.0
-1.0
39.2326
36.9099
28.361
17.2211
40.6027
-1.0
46.2202
28.1734
29.6042
37.1668
-1.0
45.7948
13.4956
36.1056
18.9248
32.229
42.8245
43.4564
23.0488
-1.0
48.0666
44.8988
33.8264
28.6416
21.859
-1.0
-1.0
18.2285
22.401
-1.0
39.5584
50.1638
27.973
45.916
-1.0
-1.0
34.9583
43.1006
35.2223
27.7945
-1.0
41.1731
50.3984
52.3067
42.3158
34.7659
36.18
-1.0
-1.0
17.6033
41.4436
39.1615
-1.0
42.499
-1.0
49.2034
36.5996
32.2258
-1.0
43.3793
48.7377
35.1441
40.0873
-1.0
21.9958
-1.0
26.0214
-1.0
17.3913
-1.0
45.6089
21.9973
-1.0
-1.0
31.1992
-1.0
-1.0
23.2091
-1.0
44.3385
29.4966
48.4231
52.6179
43.5388
50.0898
38.2962
40.6241
31.8521
24.5861
32.2696
50.8565
43.8114
-1.0
34.9448
51.9543
36.2784
36.9525
31.4232
30.3684
33.832
50.0234
-1.0
51.9504
48.3183
44.5107
-1.0
-1.0
-1.0
28.8469
49.5923
22.7519
48.1176
-1.0
30.3144
43.9607
35.0937
49.6717
45.0436
26.6759
44.227
-1.0
44.1742
32.376
-1.0
34.169
48.164
39.1376
51.4959
25.5367
41.8687
-1.0
-1.0
-1.0
-1.0
32.2388
41.2552
52.013
-1.0
29.8694
-1.0
18.8863
49.0207
28.6121
40.9152
-1.0
35.3252
-1.0
29.8247
45.8435
28.691
-1.0
18.7805
-1.0
46.632
36.1782
15.8589
-1.0
46.6889
33.2304
46.1938
24.7692
24.4622
16.3983
39.9918
-1.0
22.9763
47.3354
17.6597
37.3025
37.6749
-1.0
28.2727
46.4961
41.6802
33.3983
-1.0
-1.0
-1.0
29.5783
11.0983
36.8236
18.2708
39.6045
29.147
-1.0
53.3289
16.6446
52.0296
46.2548
47.4042
38.8315
-1.0
34.8654
39.9984
48.7033
30.3399
36.2754
42.0692
31.9279
39.411
49.0809
38.2304
-1.0
47.5114
37.9036
41.4204
42.4967
-1.0
50.5013
-1.0
45.052
35.9529
49.1831
16.8355
15.6037
-1.0
19.771
46.5789
46.8041
49.135
19.3432
28.2917
32.5534
11.9777
9.44337
50.3011
-1.0
33.09
32.9663
43.3243
41.1761
38.8148
40.1866
26.896
34.2984
38.8314
-1.0
49.1819
51.2667
40.1158
26.2221
-1.0
30.2386
33.4537
-1.0
36.1255
35.8771
51.6792
-1.0
24.2835
-1.0
38.7253
39.8913
43.5869
44.7073
43.1369
40.0753
-1.0
48.0699
-1.0
45.0177
27.6891
34.0047
41.0783
-1.0
48.7109
17.1108
29.6699
41.0181
20.5748
52.491
39.7136
50.5584
24.8776
15.3719
48.0449
26.4544
49.5992
45.0843
-1.0
43.7869
-1.0
51.9932
17.7697
31.1941
38.1712
-1.0
-1.0
43.1211
30.6068
49.3353
14.1088
46.7364
15.8455
43.8488
-1.0
44.1827
24.0854
42.9118
-1.0
37.6124
50.0159
-1.0
29.8181
32.7409
27.3139
43.5971
-1.0
38.6529
43.912
31.5146
51.068
28.6734
43.3939
50.0824
48.3643
31.1127
43.2469
-1.0
51.883
7.0368
49.4049
39.9283
33.7966
28.0395
-1.0
30.4475
-1.0
44.9289
-1.0
47.3884
-1.0
25.6719
46.4757
35.8323
38.3792
8.75716
51.0168
35.6066
-1.0
-1.0
29.4024
42.3515
50.8599
49.9543
21.28
33.6903
33.5286
51.5151
-1.0
38.4729
-1.0
49.4185
44.224
44.282
12.9725
-1.0
40.5741
21.9988
34.6076
-1.0
31.838
31.0981
42.1523
41.1424
36.9806
34.632
-1.0
40.1923
-1.0
52.1561
41.1006
37.4447
-1.0
50.5817
37.5791
34.8189
19.5615
-1.0
33.4157
44.0634
34.5051
39.8148
-1.0
-1.0
48.9267
18.2909
-1.0
41.1172
23.0115
46.7216
39.6776
26.801
-1.0
42.4917
21.9399
40.4989
41.0943
21.9008
29.1576
33.5038
36.835
36.9668
24.0865
39.4117
35.9588
37.8125
-1.0
45.0426
26.3302
26.1084
46.3506
-1.0
44.4248
-1.0
51.1348
-1.0
-1.0
40.499
17.4851
-1.0
-1.0
27.4717
51.0288
23.7943
26.9985
46.7337
30.8798
-1.0
33.3355
15.3204
-1.0
25.8803
46.0156
30.1742
39.0719
-1.0
51.9382
-1.0
20.116
28.0627
45.4848
38.4285
-1.0
47.5785
38.1918
-1.0
-1.0
34.9512
48.4756
18.1562
26.3234
38.2901
33.4688
44.0998
47.4793
34.8692
46.5622
39.3026
31.4632
23.0407
48.6413
-1.0
30.7926
23.5961
48.5234
-1.0
41.417
49.7497
17.5629
-1.0
28.4943
-1.0
48.7445
43.6948
-1.0
33.6098
-1.0
-1.0
16.507
-1.0
35.3806
28.2793
10.2377
25.9129
23.9334
48.4815
37.0432
14.0385
-1.0
8.80979
-1.0
-1.0
38.3981
46.569
43.6616
37.0734
28.217
48.2636
45.7887
-1.0
27.3221
41.4013
-1.0
29.2393
39.5994
-1.0
16.4017
-1.0
38.619
31.836
51.3337
44.679
-1.0
45.2821
14.3237
-1.0
31.0612
30.6307
-1.0
43.5436
32.4386
29.0502
-1.0
19.2064
51.4955
40.817
-1.0
51.9103
50.8065
-1.0
17.2087
49.0967
26.7816
35.5162
50.8884
36.4551
23.2362
21.529
-1.0
-1.0
44.0415
25.6431
13.3694
34.737
17.0491
38.3317
17.1563
44.0175
27.5761
28.0483
48.4637
45.5641
49.9338
38.6772
-1.0
37.3365
-1.0
18.3998
-1.0
39.9258
30.8867
40.2977
15.8639
45.6184
29.6627
-1.0
-1.0
39.8103
44.564
-1.0
49.2424
-1.0
-1.0
31.7137
36.6693
-1.0
-1.0
-1.0
39.9226
-1.0
-1.0
-1.0
40.3179
-1.0
23.054
47.0609
-1.0
51.5952
46.3645
34.7358
13.1417
47.6254
-1.0
-1.0
-1.0
-1.0
12.6115
21.2763
35.9242
51.9132
47.6198
