2.51066
1.8655
1.13654
-1.0
0.870282
0.185574
0.226135
1.78235
-1.0
0.154179
0.0464501
0.289214
-1.0
3.26337
0.177069
3.81836
0.292785
0.303949
-1.0
1.98399
2.76004
2.75557
0.0874235
-1.0
0.110327
0.931478
7.1306
2.73438
-1.0
0.592121
0.661317
0.583607
2.38669
0.123703
-1.0
0.708077
-1.0
2.52103
0.410648
-1.0
0.378542
0.544535
-1.0
0.547376
1.88401
0.259545
1.02301
0.574962
0.925371
1.75552
5.58771
0.101638
1.97638
3.75842
0.426825
8.51549
0.669881
-1.0
-1.0
6.47079
1.79075
-1.0
0.68513
9.17722
1.43907
-1.0
0.166671
4.08158
1.61841
0.62497
1.18848
8.66855
5.49112
0.91437
-1.0
2.26502
3.47195
-1.0
0.187632
-1.0
1.55216
1.79526
0.226474
0.105219
1.65784
2.37198
1.31518
0.800855
0.498128
-1.0
2.88886
1.91723
0.878409
-1.0
5.74366
3.20167
1.9322
0.0519179
-1.0
4.06423
-1.0
0.808426
1.93612
-1.0
3.9908
0.415035
-1.0
-1.0
1.59592
-1.0
0.972167
2.64728
0.976496
7.9337
6.17113
0.196716
6.25386
0.520072
7.27385
2.37541
3.48177
2.07824
0.806812
-1.0
4.08797
4.78239
10.347
-1.0
-1.0
-1.0
1.25309
-1.0
1.41216
-1.0
-1.0
3.84947
2.68792
2.20733
0.790898
-1.0
4.18236
0.954642
0.942624
2.93437
0.88929
5.67219
-1.0
0.905402
1.08972
0.63558
3.49163
5.87106
4.12885
2.32082
2.45848
6.72599
0.858516
-1.0
0.354857
0.435554
1.14334
4.03559
0.723549
0.572011
5.18723
2.20162
-1.0
0.0334736
4.80701
2.16232
5.23511
1.30404
-1.0
1.22581
1.212
0.759403
4.38763
0.188619
2.09859
2.26071
-1.0
0.814565
-1.0
1.35838
2.97818
1.42813
2.88069
1.26897
0.439916
1.7501
0.325227
1.67023
2.96969
0.323465
1.78826
1.92289
0.429841
0.0815526
0.760932
0.72925
0.717111
0.965866
0.0778335
1.48466
3.03556
5.38234
0.915288
1.86624
0.810689
-1.0
4.73927
1.73375
0.932001
3.10406
-1.0
6.23813
0.208991
4.14163
0.518178
0.257224
0.793623
0.769952
-1.0
3.19473
1.97773
0.181716
0.31836
0.722001
-1.0
2.0574
0.761062
-1.0
-1.0
0.266465
-1.0
-1.0
2.66894
-1.0
2.19837
-1.0
1.86183
0.510542
-1.0
0.106901
-1.0
0.455855
5.62013
-1.0
1.11696
-1.0
0.371775
0.780049
2.57891
0.699068
0.156041
0.723482
0.198064
0.408669
3.10757
0.132592
-1.0
-1.0
-1.0
-1.0
2.66138
1.24399
3.52393
2.37161
0.303385
1.04932
1.8904
0.322089
3.52422
-1.0
0.432722
3.12436
8.23023
1.76948
-1.0
1.24714
0.19396
1.58241
3.99235
0.749179
1.21817
3.584
0.560986
-1.0
4.03319
-1.0
2.59917
0.572319
-1.0
0.0628169
0.573785
1.61686
-1.0
1.99853
5.56916
6.2918
1.15171
0.593257
2.83031
3.89134
-1.0
1.15286
6.85244
2.3744
0.367302
0.60594
-1.0
1.08318
1.19498
0.155254
0.782679
3.49575
0.210613
-1.0
-1.0
0.609349
5.04228
-1.0
0.17453
4.29228
0.743971
0.20755
3.02001
0.469335
2.12422
-1.0
3.01271
2.47837
5.0918
-1.0
3.0646
1.08619
0.991013
1.28387
0.0364757
0.48389
0.250562
0.0637224
3.20418
0.424869
0.718337
0.126643
1.06171
0.246035
0.119183
1.36835
7.0601
1.50246
2.47434
-1.0
-1.0
-1.0
3.0174
0.688687
-1.0
-1.0
1.52982
1.08501
1.69565
4.94979
0.0219468
-1.0
4.28998
0.310643
2.6492
8.45639
2.53895
3.59959
0.115147
8.55926
0.188681
1.24143
8.36246
3.74383
2.28222
-1.0
1.16465
0.432906
-1.0
2.07593
-1.0
0.324895
4.06754
-1.0
2.94338
3.51551
2.77337
-1.0
4.27416
-1.0
1.38559
0.121413
0.103331
1.39958
2.38957
1.52146
1.29183
0.678737
0.0560647
2.76426
1.2276
2.13478
-1.0
0.850666
0.115045
-1.0
0.133784
4.29078
2.15707
-1.0
-1.0
-1.0
1.27755
3.81847
2.83439
5.13088
3.63151
2.89715
1.02191
1.11692
1.78688
4.19764
0.347782
0.404199
1.20847
0.756294
-1.0
0.204087
-1.0
0.198486
2.36621
0.15433
0.429018
-1.0
1.10255
1.3722
10.6374
0.642793
4.99024
-1.0
1.92256
-1.0
0.949443
0.81062
1.42161
0.298973
1.61101
1.30162
0.318006
-1.0
3.96783
0.0639276
1.20566
2.13509
-1.0
1.85639
0.807691
1.22127
0.112697
2.12144
1.97306
2.93127
-1.0
3.088
4.66315
0.495995
2.91432
0.733408
4.08708
-1.0
-1.0
1.36389
-1.0
3.98197
2.04731
1.78967
-1.0
1.38707
4.96882
-1.0
0.34057
2.08883
5.053
0.0484143
-1.0
-1.0
0.936725
2.79568
2.83826
-1.0
2.31841
-1.0
-1.0
2.11231
8.45641
-1.0
0.944622
2.8689
-1.0
2.10219
-1.0
0.21717
-1.0
0.947129
0.163541
-1.0
0.483995
0.105809
-1.0
3.13084
-1.0
-1.0
-1.0
6.15163
0.132705
1.32477
-1.0
1.63221
2.96094
0.0385534
0.0278123
2.36937
0.459716
-1.0
0.161572
2.50945
2.04362
0.512176
0.802877
-1.0
-1.0
0.969313
-1.0
2.30099
0.260806
3.57293
3.952
0.742937
1.01566
0.265441
0.658468
1.01659
3.21421
-1.0
5.3238
-1.0
0.499914
2.99156
-1.0
1.27325
0.0456862
0.169859
0.115212
0.528072
3.02604
-1.0
0.457666
0.526136
0.841
-1.0
-1.0
2.51917
0.721034
-1.0
-1.0
-1.0
0.261178
1.81821
-1.0
1.17518
1.66294
2.17033
-1.0
2.19001
3.83115
2.70777
-1.0
1.26171
1.35684
3.40657
-1.0
0.353042
1.96561
0.0407369
2.28569
1.26297
0.236111
2.65967
0.0884443
0.154695
3.21722
3.1699
-1.0
-1.0
5.75934
4.61117
4.82837
0.314257
-1.0
3.43134
1.93879
1.34038
-1.0
1.8434
0.917615
3.69674
1.75325
-1.0
-1.0
0.918254
1.03005
-1.0
-1.0
0.48875
-1.0
0.670189
5.44197
-1.0
0.539201
0.261553
-1.0
1.04087
9.08722
0.999105
0.482134
2.72785
2.86671
-1.0
0.239125
0.893484
0.930399
0.751126
0.686231
0.357179
4.06436
-1.0
1.61812
-1.0
-1.0
9.82937
1.83644
-1.0
2.29401
1.16897
1.32725
0.344788
1.74218
2.7627
0.752876
1.61464
0.562375
6.59791
0.43925
4.1454
1.28844
-1.0
-1.0
0.0288121
5.48929
0.531507
-1.0
1.67703
-1.0
0.46709
3.94499
0.11793
-1.0
-1.0
-1.0
-1.0
5.60495
6.96035
-1.0
0.809264
2.1639
0.225137
2.97336
1.30918
1.5876
0.122907
-1.0
-1.0
-1.0
2.92103
2.97814
3.31667
0.124379
-1.0
8.46883
0.38642
0.878906
-1.0
4.68692
-1.0
0.589376
0.78271
2.20762
0.767015
1.96717
1.31581
6.99312
0.614305
-1.0
-1.0
3.88295
3.469
0.525923
0.225175
8.01578
9.07206
-1.0
-1.0
0.174148
-1.0
-1.0
1.24759
0.214955
-1.0
0.350852
-1.0
-1.0
0.565893
1.61017
0.149528
1.44849
-1.0
-1.0
0.483521
2.32017
2.83285
2.62578
2.56394
-1.0
2.53696
-1.0
0.306225
3.21762
-1.0
0.555825
1.80678
-1.0
0.672731
0.694629
3.48331
1.4182
0.513571
-1.0
0.211679
0.0587757
2.27933
0.418603
0.877931
0.124471
0.213197
3.82236
2.62161
-1.0
2.79757
1.23734
3.73957
1.47831
0.463686
0.21497
0.545702
0.674257
0.314759
3.40796
0.0470555
0.669613
1.90672
2.36941
2.39491
5.32768
1.54932
0.475266
2.02677
-1.0
1.96477
0.501214
-1.0
0.0655384
-1.0
-1.0
1.12415
1.37918
3.14506
1.76922
-1.0
-1.0
0.152366
3.1095
0.0399971
0.228698
1.23523
0.159858
-1.0
0.946001
0.0835724
-1.0
-1.0
3.23851
0.486141
15.5279
2.55975
0.307203
0.431242
0.910259
1.76932
0.120369
0.319394
3.51554
1.42353
6.47928
1.30088
0.800214
2.01445
2.84722
0.734106
-1.0
6.18425
0.461615
2.89737
1.38083
4.38645
0.516728
-1.0
0.129241
0.612529
0.623878
1.3077
0.23793
1.65885
0.217211
2.70572
1.39648
2.69025
10.5653
-1.0
4.10554
-1.0
1.81149
1.15477
1.57633
0.483388
0.418899
2.88012
4.27903
3.33064
0.988537
0.393348
0.806354
-1.0
-1.0
-1.0
0.427577
1.46318
0.892194
0.9876
0.329575
-1.0
1.98369
1.65709
0.127689
0.591704
1.78189
0.895294
0.621256
-1.0
0.373603
0.930218
1.11803
0.130206
0.0753885
1.53148
0.699089
4.52555
-1.0
0.0929677
2.60301
-1.0
0.581262
0.0842828
2.2296
-1.0
0.814977
0.787614
0.130208
0.975646
0.822445
0.198527
2.99878
-1.0
1.46038
1.67517
2.83875
5.70035
-1.0
-1.0
-1.0
0.511636
1.01166
-1.0
0.715845
1.41108
0.665226
1.24973
2.44262
0.182838
-1.0
2.15791
1.95687
-1.0
1.90595
-1.0
1.40602
0.657401
-1.0
8.85739
1.08008
1.25618
-1.0
0.751663
3.92765
0.695267
1.96163
4.59468
0.438195
0.259317
-1.0
0.239338
6.63351
1.4293
-1.0
-1.0
-1.0
2.55452
6.91184
-1.0
0.180627
3.12062
2.95736
5.47033
0.667696
2.71753
-1.0
-1.0
-1.0
1.6062
0.93445
0.885243
0.0506552
-1.0
4.85546
0.977694
0.157264
0.150219
1.5651
0.0910622
0.408986
0.431588
1.5635
-1.0
0.783437
2.03288
0.374913
0.810971
3.75591
-1.0
-1.0
0.364029
-1.0
0.497506
-1.0
-1.0
0.718297
0.771752
-1.0
-1.0
0.393228
3.95152
-1.0
4.77606
4.92862
2.06713
0.871537
4.25115
0.173647
-1.0
0.843211
0.0858259
1.15442
1.87194
-1.0
2.06286
0.683625
3.23184
0.586951
-1.0
0.113807
0.05687
-1.0
1.82912
1.68294
0.412161
2.17132
5.26092
3.88977
-1.0
2.48693
0.463455
2.1867
1.05298
0.709812
0.77732
-1.0
1.56949
0.793119
-1.0
-1.0
0.160957
4.3961
0.935339
0.367323
1.15903
0.446114
0.0476845
3.55125
5.05956
1.25644
0.0588873
-1.0
0.328392
0.767464
4.74993
4.37448
4.54066
0.796553
4.40618
1.00441
0.049706
1.14823
0.0715274
0.659668
3.53137
1.24913
1.85125
7.88719
9.47235
-1.0
3.62441
-1.0
1.06197
-1.0
4.08666
3.25649
1.48826
1.58464
1.1508
-1.0
-1.0
1.61932
0.163045
0.295733
4.88659
3.90734
0.0325351
0.575015
0.86831
6.57954
0.583224
1.28444
1.59486
0.222787
1.06293
-1.0
0.669635
1.26113
-1.0
0.764629
-1.0
-1.0
-1.0
0.318428
-1.0
-1.0
8.19689
-1.0
5.1344
-1.0
0.500513
-1.0
-1.0
1.59862
0.739445
0.91801
1.98839
0.356936
0.161694
-1.0
-1.0
3.9689
1.30631
0.509917
0.285124
2.09041
-1.0
6.70925
0.0757503
-1.0
3.28753
-1.0
0.180903
0.0691776
0.970667
-1.0
-1.0
1.22242
0.42335
3.89246
1.8833
1.53055
0.646424
0.560823
1.6332
1.18313
1.14766
-1.0
1.10881
1.26872
1.29468
-1.0
-1.0
4.95879
0.733248
1.54193
0.504332
9.90675
1.36557
0.56451
1.28349
1.27012
3.54788
1.73321
0.925216
1.64125
-1.0
1.50375
-1.0
-1.0
-1.0
-1.0
3.85313
4.8499
1.45689
1.63861
2.8505
2.8243
3.34991
-1.0
1.12911
0.5071
5.54379
0.481658
-1.0
1.12621
0.0368802
1.01578
0.953819
5.02431
1.54504
0.672864
4.34392
0.474177
5.65822
0.105898
0.155572
1.04426
1.22739
1.77448
4.02323
8.8411
-1.0
2.45432
5.05508
1.15433
1.45877
-1.0
-1.0
-1.0
0.13764
0.113613
2.5001
0.239548
1.104
0.369526
0.484162
1.46076
0.133101
0.926577
0.180109
0.972796
5.05762
0.353503
0.30454
0.600396
2.55793
0.758708
0.503599
-1.0
0.377921
2.95783
0.651482
1.5424
-1.0
-1.0
0.332336
-1.0
1.02465
0.868323
3.98045
0.174053
-1.0
0.164907
4.44224
1.38286
1.842
1.41496
3.9082
-1.0
-1.0
-1.0
1.62031
1.25898
0.377847
-1.0
0.564263
3.09183
-1.0
4.12899
-1.0
1.79288
-1.0
0.48965
0.7969
-1.0
0.502625
0.250582
1.8876
0.354179
0.646077
-1.0
0.816304
0.145724
1.5229
-1.0
5.81464
0.173915
4.57888
-1.0
-1.0
0.182279
-1.0
-1.0
5.73002
4.91646
3.22726
0.642564
2.5016
-1.0
0.344531
0.893669
-1.0
1.13725
0.374517
0.0843586
1.57125
1.41807
0.195324
0.415487
1.76629
-1.0
3.88898
0.723955
-1.0
0.502285
-1.0
-1.0
-1.0
0.611386
-1.0
4.63338
1.39153
0.112378
0.730068
2.61939
0.102233
3.43559
0.822204
1.0971
0.607805
2.28402
1.45994
1.54088
0.103626
1.11005
0.766053
0.10727
-1.0
-1.0
1.38772
2.17933
1.02718
0.0738747
2.03982
-1.0
1.32181
1.89212
1.42817
-1.0
-1.0
0.0930077
6.28317
1.04621
7.31844
5.43383
1.1617
1.03213
0.621366
0.647684
3.99182
0.312852
2.64922
0.962419
0.30404
0.330178
-1.0
-1.0
1.90296
-1.0
6.46903
0.993707
6.80782
5.37606
0.121126
1.15426
-1.0
3.61937
0.788884
-1.0
0.410751
0.163732
-1.0
0.636651
-1.0
0.730094
2.37932
2.9146
2.52257
2.90387
-1.0
2.097
2.39119
5.79044
1.92869
3.32549
3.73649
2.15025
5.98928
-1.0
3.09981
0.393172
0.23971
3.30919
-1.0
15.6007
0.794297
0.605737
-1.0
0.582093
1.47261
2.10241
0.216234
1.50975
-1.0
1.8987
-1.0
0.60716
1.57118
0.714836
4.1413
0.284634
1.20021
0.110484
13.9981
0.839812
5.34135
4.94245
0.690517
-1.0
-1.0
0.0948932
0.0730788
5.17101
2.13004
-1.0
5.67536
0.175233
0.374586
2.52019
0.478267
3.95575
2.41662
-1.0
0.099785
6.46201
-1.0
-1.0
-1.0
0.0545918
0.80636
0.300627
-1.0
7.7343
2.13567
0.397018
0.17284
0.800825
0.592245
2.11844
3.12001
0.129274
1.67229
1.29472
-1.0
3.44882
0.738964
11.663
-1.0
1.12999
-1.0
3.90478
3.25158
-1.0
0.504226
2.22059
2.23226
-1.0
-1.0
2.59818
-1.0
1.7939
-1.0
1.09867
0.555817
2.08946
0.313083
0.413417
1.87772
5.14444
-1.0
0.625002
0.279782
0.0918555
0.327304
2.12191
0.553359
0.158547
-1.0
5.12306
1.42866
0.533175
2.78796
0.603231
4.50543
0.114459
-1.0
1.42932
2.5281
0.372732
1.30163
7.56401
0.395854
0.418051
1.30578
1.68273
0.758181
-1.0
0.974628
4.83275
0.626842
1.07276
4.97965
5.21297
1.9029
1.49603
2.07284
0.675665
5.89072
0.78846
0.508914
1.60256
3.38077
0.229533
1.40061
1.05106
4.68067
-1.0
1.57438
0.550169
0.426495
1.45212
0.947322
0.649581
-1.0
0.385336
1.13753
1.10121
0.724591
1.0009
-1.0
0.707275
3.00665
-1.0
-1.0
0.374918
5.64597
0.117657
1.05748
0.133847
-1.0
-1.0
-1.0
0.0965596
1.04039
2.07012
1.42673
2.01031
-1.0
-1.0
7.84257
1.3012
2.83491
0.492027
1.05699
2.27308
-1.0
0.427405
4.27727
1.05096
5.62581
0.0934525
-1.0
0.113892
5.60017
4.47637
0.43341
0.0509632
2.16805
0.497203
1.41094
-1.0
2.72317
4.96819
1.20124
1.40653
-1.0
5.41557
2.71477
-1.0
0.898471
2.8006
0.0526393
4.42261
7.58166
6.81696
1.45131
0.190583
-1.0
0.1885
0.256419
3.69743
0.542078
2.0879
1.09537
0.788309
0.185488
-1.0
0.696871
1.82972
0.0930462
6.29697
-1.0
2.51861
4.00736
2.99378
0.695939
0.0568026
-1.0
-1.0
1.52232
1.36667
9.45067
0.962057
1.14061
0.397142
1.96953
3.36088
0.337831
0.0487733
0.343915
0.161069
-1.0
10.4436
6.38434
7.83796
0.895354
2.04235
0.14652
8.97903
2.42966
2.28267
3.83152
4.61945
3.00229
2.12903
6.00027
-1.0
0.678557
2.13473
3.8168
0.104549
0.217067
0.905443
0.199238
-1.0
0.634135
0.831612
3.28268
-1.0
0.502141
0.251399
0.0968171
4.84215
-1.0
7.83713
-1.0
0.0580853
0.356225
5.41537
0.0300019
2.84389
1.14613
2.40389
0.404906
1.33049
0.175665
0.344314
4.90261
4.17656
0.619745
-1.0
0.507083
0.652277
0.503633
0.598243
0.198335
-1.0
1.13711
1.70897
0.718013
9.49847
1.73229
0.603349
2.04103
7.53169
2.00413
0.109801
-1.0
2.21709
1.27696
-1.0
1.48436
2.8152
1.86585
1.03834
0.336686
0.222907
-1.0
0.0566624
0.22324
2.94258
0.353872
2.10488
0.0715687
2.5773
0.47458
-1.0
-1.0
5.33331
-1.0
-1.0
0.259626
0.233745
3.87528
1.84911
6.40842
6.07054
4.24293
0.855395
-1.0
-1.0
1.741
-1.0
2.87482
4.35138
1.1033
0.497093
2.74672
-1.0
0.293276
2.14507
1.43127
8.62043
1.63212
0.50812
-1.0
3.79411
-1.0
2.70929
0.55752
3.49289
-1.0
0.834665
0.422146
2.56791
-1.0
0.0735181
0.356305
3.93921
1.60595
1.34166
2.36252
0.358113
0.806444
-1.0
1.93725
-1.0
0.068375
0.223221
0.0690258
0.375776
1.79586
0.275854
0.191381
5.70062
0.906391
-1.0
3.21407
0.856029
1.14533
1.88165
4.90929
-1.0
0.737584
3.56785
3.28483
5.67315
-1.0
0.317349
0.668854
10.2326
-1.0
0.274107
-1.0
-1.0
-1.0
0.234775
6.69894
0.825741
0.197684
1.3877
0.478982
3.43732
1.05926
-1.0
-1.0
1.91534
1.8656
8.97612
-1.0
-1.0
4.3549
1.47301
0.929519
1.58425
0.180705
3.04208
13.8546
0.497153
-1.0
-1.0
1.19938
0.566458
0.7152
-1.0
5.17721
1.22051
0.963192
10.2585
1.8535
1.49121
1.49213
2.9862
2.73724
1.08633
-1.0
0.0690656
3.00092
-1.0
1.3247
0.209751
0.874855
-1.0
1.19327
1.22465
1.95282
7.17776
0.679017
5.41803
2.41012
-1.0
1.45499
0.123016
0.435682
0.74222
0.306227
0.152187
0.163881
0.52654
-1.0
0.13585
-1.0
5.47742
-1.0
-1.0
0.493232
1.47607
3.35834
7.16647
4.3126
-1.0
-1.0
0.230594
-1.0
4.0198
0.54371
2.65698
-1.0
-1.0
1.22024
-1.0
0.793883
0.17008
-1.0
0.612956
1.18598
1.42271
-1.0
0.064803
7.31525
2.72688
1.04681
3.14573
5.29477
0.020955
1.18186
0.490447
0.214957
2.50085
1.16371
-1.0
-1.0
2.73752
0.0918407
-1.0
1.01943
2.84653
3.78903
1.52563
3.51259
0.0749773
-1.0
0.773669
0.703872
-1.0
0.496714
0.96647
0.166033
0.616603
0.40068
9.03262
0.631333
0.619921
0.339381
-1.0
3.1967
1.04718
-1.0
0.871734
2.08679
0.982495
10.1735
6.89736
0.317411
0.212861
-1.0
0.155175
0.158455
3.07412
2.55027
1.26633
0.0792843
0.679467
1.47559
-1.0
-1.0
2.37175
0.584389
0.06353
-1.0
0.404799
1.06629
4.34509
0.110291
0.164195
2.06271
0.391671
0.939705
0.708192
0.510552
2.55447
3.85693
0.132193
0.345909
0.66128
1.12146
5.79617
2.69694
1.69735
6.77142
2.57216
-1.0
-1.0
3.38479
0.889707
-1.0
0.188999
1.11933
0.117482
0.217047
3.75309
0.138012
1.54606
0.125745
0.814379
4.20165
1.50509
5.47754
0.871193
4.64248
0.882082
0.110014
-1.0
-1.0
4.46781
0.458875
0.623169
-1.0
0.0805656
1.12227
0.200546
0.236517
0.487594
0.59757
2.06206
5.78743
1.83689
4.17524
2.2132
-1.0
-1.0
-1.0
4.08157
3.95112
-1.0
1.27119
0.226037
-1.0
-1.0
1.81485
1.32227
0.810238
0.750657
6.35331
2.18156
0.0593752
1.22813
0.152622
0.0517717
2.89294
1.38521
-1.0
0.487789
0.168424
-1.0
0.188198
0.228751
-1.0
1.23115
-1.0
-1.0
3.03251
1.26328
0.877882
5.81744
1.46888
-1.0
0.615638
1.42365
2.94125
0.532365
1.43313
2.89368
2.64084
2.49709
0.89687
9.11972
0.61546
3.51094
1.42998
2.20919
0.874992
4.19982
0.954174
3.03332
0.161572
-1.0
-1.0
1.51227
0.192437
0.197215
1.14561
0.360894
-1.0
1.5007
-1.0
4.28572
-1.0
2.33038
-1.0
0.547101
2.47934
-1.0
0.310996
-1.0
1.86434
0.375895
0.397028
13.2252
7.85962
-1.0
5.81692
-1.0
0.172756
3.82884
0.0527023
1.58403
-1.0
0.278712
0.764924
2.76085
3.47952
2.54946
3.08415
-1.0
0.693932
0.681461
5.78572
1.45149
0.660785
0.356224
0.184176
7.75955
0.423851
0.81765
4.45902
5.39838
2.1542
0.642318
0.119839
0.0875709
2.84522
-1.0
1.41552
-1.0
-1.0
1.34033
12.2624
4.36291
0.361386
1.55117
-1.0
2.27984
0.8512
0.11187
0.948675
3.00424
1.63635
-1.0
0.100759
0.550116
-1.0
1.63112
-1.0
0.878716
2.25445
-1.0
-1.0
0.946465
-1.0
3.28535
1.76883
8.11568
-1.0
0.318663
0.855827
0.34387
0.0678572
4.32866
0.166731
-1.0
-1.0
0.445093
1.16142
4.04575
0.621392
-1.0
4.83261
0.923183
-1.0
-1.0
-1.0
0.706841
-1.0
-1.0
0.930408
1.25873
4.27388
-1.0
2.14494
2.57832
0.183277
-1.0
0.0620353
0.231655
0.644661
0.154706
1.44844
-1.0
0.736788
2.85608
1.05973
0.480819
5.63835
2.30837
1.60333
0.392009
1.01165
1.68957
0.131565
-1.0
-1.0
0.133491
3.29009
-1.0
3.3701
0.309762
-1.0
0.158889
0.988526
-1.0
-1.0
-1.0
2.34919
8.91649
1.40888
4.07708
9.758
2.82851
0.237635
4.85416
-1.0
1.02098
0.0929991
0.771712
6.99885
3.02254
0.0627788
0.767315
0.146802
1.57959
3.66338
5.10803
0.321002
-1.0
0.131799
5.3377
5.65123
1.47696
1.60216
0.771319
3.84153
-1.0
3.89135
0.150772
0.616752
3.23494
2.03802
2.20679
5.73253
0.851511
-1.0
2.56634
-1.0
0.606117
0.160136
-1.0
1.35764
0.143193
-1.0
6.49281
3.66773
0.323845
0.170352
0.132312
0.109651
-1.0
-1.0
-1.0
4.50096
7.84811
12.0787
1.05512
3.48355
6.01479
1.95267
4.37462
1.96702
1.4245
4.21974
2.48296
-1.0
-1.0
-1.0
0.45621
3.4027
-1.0
2.1319
1.54959
6.10842
-1.0
1.50396
0.146881
0.875189
3.22873
1.74259
3.37815
0.758365
-1.0
1.71027
1.5267
0.725898
0.327162
-1.0
8.87999
3.75225
-1.0
0.112414
1.21304
-1.0
0.671441
2.11593
0.131764
2.59058
0.0530981
1.91781
1.29369
1.61414
1.37944
2.04555
1.28595
1.88052
1.54884
2.23161
0.950627
0.780667
1.35251
-1.0
0.177189
1.50474
2.74271
0.482673
2.87739
3.98813
-1.0
4.98834
3.30714
1.37795
0.394644
1.81095
-1.0
0.515204
-1.0
0.888254
-1.0
-1.0
-1.0
3.80042
0.331896
1.33039
0.471558
0.205867
-1.0
0.0554444
0.898533
-1.0
3.18268
2.40774
1.57856
0.585184
1.73073
0.0380141
4.27816
3.11533
3.42707
10.7449
3.90226
6.16651
-1.0
5.29675
-1.0
1.86138
1.03765
5.41077
1.29366
0.507134
2.84981
0.523545
2.89857
0.234322
0.89258
0.64981
-1.0
4.66659
1.5969
-1.0
3.79128
1.09282
5.90393
0.956144
2.24975
0.134786
8.72824
4.18714
0.683294
1.29002
0.936485
-1.0
-1.0
1.5879
-1.0
-1.0
0.170769
2.73557
0.387397
0.676041
4.2136
2.72912
4.77138
6.65658
-1.0
-1.0
-1.0
1.7402
2.8865
0.901348
0.705331
2.07412
2.48408
0.176926
1.17387
0.732225
-1.0
-1.0
1.99003
0.212737
0.938046
1.67711
2.81597
-1.0
0.652815
2.5546
-1.0
-1.0
0.226863
0.196796
0.203756
0.262837
6.92022
-1.0
3.76883
0.61984
2.50811
-1.0
3.45797
0.0645596
-1.0
1.3733
-1.0
1.69081
-1.0
2.05334
2.42979
0.129196
-1.0
0.197062
0.973834
-1.0
0.819497
2.40606
-1.0
2.76854
-1.0
1.78066
7.64057
0.111177
1.30303
3.18613
1.55874
2.40519
0.944918
0.33061
1.07916
0.38292
9.15805
0.248588
3.37008
-1.0
2.3702
6.00214
0.139079
1.13383
-1.0
0.336137
3.21403
0.036018
0.7319
2.16702
1.29682
0.608104
0.359563
0.500274
-1.0
0.249286
-1.0
3.30166
3.16956
0.29309
5.93716
0.316692
2.35326
0.348126
0.812299
2.87566
-1.0
4.81209
1.03966
0.200583
1.18255
-1.0
0.200804
1.64308
1.70974
0.333824
0.10872
-1.0
-1.0
0.919442
1.12962
0.581745
0.379109
0.1844
1.64518
2.2468
-1.0
0.400239
-1.0
3.03026
1.92034
0.67859
1.741
0.520631
0.359478
-1.0
0.127076
0.782815
2.00306
-1.0
-1.0
0.605553
3.52474
0.194337
3.86598
0.460628
-1.0
5.1683
0.607167
1.05377
0.52723
0.638042
1.15313
0.534411
0.959136
-1.0
-1.0
-1.0
0.77976
0.136542
-1.0
0.434126
4.33919
-1.0
0.326596
0.411688
2.37475
0.600693
2.22363
-1.0
-1.0
0.434137
-1.0
0.304414
3.24681
5.25783
0.316409
-1.0
0.34415
-1.0
0.0967324
-1.0
0.386665
0.168877
0.354231
0.0559584
0.686718
2.96788
0.891036
0.287054
2.38379
0.669358
1.17863
3.01412
0.609902
-1.0
-1.0
2.60758
-1.0
1.77828
0.730613
6.51754
2.55693
1.01806
1.16913
5.18975
12.3267
1.39862
-1.0
0.156375
1.6233
-1.0
3.50515
0.167168
-1.0
1.105
6.05088
0.0936047
0.388295
0.680692
-1.0
0.482587
9.68523
1.37759
0.130529
-1.0
-1.0
1.19245
3.37883
0.511748
-1.0
0.093707
3.67045
0.0358776
2.44554
0.335881
0.0731484
-1.0
-1.0
0.944965
1.05187
0.35352
1.81027
0.439613
1.87737
5.39686
0.258148
0.0431457
8.02538
3.01945
0.211681
-1.0
0.0782038
1.82012
0.836691
-1.0
0.118366
0.147048
0.128996
-1.0
0.67957
3.87745
0.118616
2.27585
0.768414
3.44518
1.31514
0.141614
1.03985
1.30155
2.42891
0.622402
-1.0
4.21976
3.43423
0.540278
2.0739
2.61109
0.257867
0.329635
1.89807
-1.0
2.73975
1.39208
7.29877
0.245281
2.79337
4.51201
-1.0
-1.0
-1.0
1.03643
4.06006
2.85996
-1.0
3.32164
0.337907
0.54964
2.02333
6.74924
0.373972
0.671949
0.963207
1.43903
-1.0
1.74225
3.2107
3.44935
0.407743
5.57452
0.08472
0.939339
0.0582542
3.72502
5.90015
0.544763
2.27173
-1.0
2.15087
0.545868
-1.0
2.22394
-1.0
-1.0
0.34865
-1.0
2.76366
4.02464
2.74282
1.95761
0.318904
5.98115
1.63455
0.172152
0.85763
2.08365
0.0802902
-1.0
-1.0
0.932623
-1.0
0.301117
0.456293
0.202973
5.75953
0.261419
-1.0
0.933861
0.985064
0.450139
1.44283
0.683927
0.525359
0.5374
1.4322
8.71579
2.36402
3.80975
0.737685
-1.0
-1.0
2.49406
2.14312
0.482234
3.70149
1.06849
0.598375
1.29039
0.267493
-1.0
7.947
2.45497
0.0822042
0.0328262
3.71252
2.53988
-1.0
2.34472
0.243449
0.756077
1.23925
0.672509
1.40757
-1.0
0.155811
-1.0
0.165939
-1.0
0.295066
1.1896
6.61274
1.29319
4.75288
-1.0
-1.0
-1.0
1.54127
-1.0
5.29792
1.47854
1.17932
-1.0
2.21875
6.79506
0.145521
-1.0
3.15586
4.76622
6.57262
0.510299
0.0704828
1.19259
0.745938
3.38618
3.82031
-1.0
7.5296
7.85138
3.5022
4.39604
4.77294
-1.0
0.0457566
4.36634
0.0344867
3.90612
3.60358
0.982394
0.0526112
-1.0
0.248687
6.01854
1.01378
-1.0
4.3143
0.187254
2.55087
-1.0
-1.0
-1.0
2.73046
1.47797
0.163686
0.286085
1.53992
0.214062
12.7424
1.04961
4.94285
1.65172
0.245816
3.51741
0.675064
0.471841
0.921671
0.0427814
0.27028
3.27536
1.76839
-1.0
0.0298022
0.19947
1.29965
0.435784
-1.0
-1.0
1.9935
0.974552
1.32643
-1.0
4.42823
0.484139
0.936418
-1.0
0.299732
1.00623
2.78723
0.870011
0.149093
-1.0
0.862183
-1.0
-1.0
0.121145
2.28525
-1.0
3.5244
1.92671
0.327371
4.35183
6.02204
0.925674
2.22727
2.62717
-1.0
-1.0
0.262515
2.55443
3.86564
0.545297
-1.0
-1.0
1.87489
0.157179
3.72528
1.35218
0.548385
0.568978
0.714956
0.148515
-1.0
0.599715
2.7143
1.84386
0.290605
0.721095
1.32489
0.367296
0.107609
3.83407
-1.0
1.89734
1.21313
0.254437
0.628967
6.81923
-1.0
0.940553
-1.0
-1.0
0.119761
0.429456
9.97096
0.0360958
-1.0
4.21381
2.18747
-1.0
0.288875
0.156765
2.99427
1.57739
0.0400265
0.361317
-1.0
-1.0
6.53804
-1.0
-1.0
0.35947
0.0577468
1.55025
-1.0
0.142348
3.52793
1.36296
-1.0
1.11244
0.280091
-1.0
0.557381
5.71022
2.538
0.144702
-1.0
-1.0
-1.0
4.48325
0.508633
-1.0
0.481266
-1.0
0.927644
2.72008
1.00121
1.22309
-1.0
0.450422
-1.0
3.39544
0.91855
2.16948
6.38398
0.07697
1.1327
1.63546
0.331509
4.96876
0.284117
-1.0
1.06167
0.545785
0.250546
-1.0
-1.0
-1.0
1.49289
-1.0
3.24241
0.322838
0.289174
0.0384018
2.291
0.0898486
2.26477
6.00421
0.151582
1.04111
2.12005
2.50419
5.23487
-1.0
0.494605
0.0377856
0.118196
3.64484
0.365572
5.69888
0.654628
3.45989
-1.0
6.52529
-1.0
-1.0
-1.0
-1.0
2.60916
2.93317
0.643322
-1.0
-1.0
1.37233
2.05
-1.0
2.55148
0.519324
-1.0
-1.0
0.783654
-1.0
-1.0
-1.0
1.44962
1.02888
-1.0
0.106168
3.57056
2.48543
1.43168
0.226329
1.56667
-1.0
-1.0
4.89224
0.736076
-1.0
0.505877
2.77057
-1.0
1.14987
-1.0
1.3162
0.660573
0.990982
2.76838
0.0774124
0.545524
1.33942
0.229275
-1.0
6.20826
0.942344
1.89889
0.214918
3.63206
1.83287
0.0588634
0.444756
0.339022
0.513923
-1.0
2.78315
7.21176
0.244474
-1.0
-1.0
0.181693
7.76607
-1.0
0.31674
0.0568132
-1.0
1.2863
-1.0
0.515455
2.18299
1.36127
8.02721
1.17408
1.95962
0.109259
0.139436
-1.0
1.56784
1.10602
0.0531314
4.82982
0.632551
0.918995
0.288587
-1.0
0.680814
0.559893
2.14862
0.923661
0.351047
-1.0
5.56222
2.89798
-1.0
-1.0
0.0769738
2.16671
1.56213
5.47561
2.25623
0.0413024
0.9647
2.0862
3.684
0.42858
1.93632
2.50914
-1.0
-1.0
3.42956
0.98272
-1.0
14.147
-1.0
5.60792
0.143366
1.97711
0.401166
-1.0
0.46763
3.13231
-1.0
2.49655
2.7944
1.83013
-1.0
0.886159
2.1048
-1.0
0.862272
0.320852
2.12992
3.0769
-1.0
1.3678
1.04879
0.496825
-1.0
-1.0
5.13415
-1.0
3.67949
-1.0
-1.0
0.273446
0.326633
0.271271
3.79548
0.301529
-1.0
2.65643
-1.0
-1.0
-1.0
2.75037
0.591199
-1.0
0.397434
2.9826
0.534176
0.916102
0.88087
-1.0
0.189545
2.40198
0.62116
0.386893
3.24409
0.249846
-1.0
3.78255
-1.0
1.45333
1.24739
2.89412
0.340812
0.963964
6.21694
0.0620097
1.12985
5.38463
0.544429
6.49168
-1.0
-1.0
-1.0
1.36429
-1.0
0.214099
1.07806
0.66198
2.07831
0.0646554
7.68914
1.86267
0.418594
-1.0
0.644724
0.585168
-1.0
2.68637
0.283151
4.66393
5.46283
-1.0
0.470561
1.31598
0.481477
2.82871
-1.0
0.347792
1.22978
2.66831
-1.0
-1.0
0.153962
0.907493
0.672436
0.398556
0.932688
4.6451
3.1436
0.89715
2.67145
8.00249
1.70242
0.0314637
1.2569
0.211317
0.379521
8.15518
0.353373
-1.0
2.49625
-1.0
0.55886
1.55889
0.0246493
0.267375
0.0570789
1.35706
-1.0
2.12419
-1.0
0.430096
7.63737
-1.0
-1.0
0.102574
1.87815
0.486621
0.321272
5.92696
1.22793
2.94449
0.220789
-1.0
0.437256
0.911922
0.580796
0.341529
0.636163
1.67378
1.74434
0.973164
0.173667
7.74548
0.450433
0.710264
-1.0
-1.0
0.263902
0.886256
1.8137
0.186042
2.3049
-1.0
0.241598
1.54383
0.0983032
2.56571
-1.0
0.475485
1.10479
6.69211
0.294674
2.04695
-1.0
0.0792378
1.39503
2.45245
1.30329
3.32224
-1.0
0.632047
2.08849
-1.0
0.101627
0.486131
0.0954227
0.295969
-1.0
3.57664
1.26414
-1.0
1.43028
0.355288
1.18357
0.374085
-1.0
0.722439
0.914744
0.69133
0.305751
-1.0
0.933517
0.195779
1.75934
0.176562
3.8099
1.02133
3.68881
2.30539
1.70199
1.01515
2.12965
7.65627
0.64692
-1.0
1.19735
8.09033
0.440162
-1.0
3.28607
0.10521
1.93807
-1.0
4.30342
-1.0
1.91651
-1.0
3.8448
0.0808245
1.34889
1.79793
5.58831
2.00205
0.481819
1.0815
3.63208
10.8986
-1.0
1.69237
0.674444
1.77917
0.34364
1.85387
-1.0
0.774464
6.39571
2.50977
-1.0
2.37863
1.92657
2.30011
0.234152
0.794692
-1.0
9.54581
0.175146
0.402359
3.16525
0.0724778
-1.0
0.364784
6.40701
0.797654
2.4409
0.708309
0.870966
0.166484
-1.0
5.18573
0.260088
0.0581832
0.9824
0.14748
0.69846
0.0595123
10.381
0.988703
-1.0
0.413741
1.24009
-1.0
2.47704
0.216942
2.62684
1.54736
0.81368
0.7176
0.0675386
3.47988
-1.0
6.0134
0.782489
0.387202
1.93135
3.25152
-1.0
2.77632
5.32003
0.0302001
0.965053
1.28345
2.71003
3.07972
2.54775
0.379454
3.53626
1.01121
4.6477
0.357103
0.591438
0.0295324
2.56431
3.04536
7.845
1.09558
0.242909
1.71786
4.05305
-1.0
1.1583
1.7926
-1.0
3.97861
2.14263
1.4763
-1.0
0.981082
0.534623
-1.0
1.16027
0.583279
1.34124
3.91792
-1.0
0.466912
1.17095
-1.0
3.65262
-1.0
0.37376
-1.0
0.56513
3.35605
0.611497
2.07611
1.18766
4.11807
-1.0
0.140935
-1.0
9.05151
0.783798
-1.0
0.584639
3.51674
0.836705
0.163003
0.999222
1.40406
1.06738
0.387331
0.574786
3.48652
1.01438
4.31478
5.0475
0.507971
0.622491
0.501791
4.3199
0.735402
0.895761
0.516127
0.167198
-1.0
-1.0
0.0871292
2.35363
0.885571
1.02623
3.62841
5.05918
0.0408527
0.358915
0.385896
1.07923
4.91634
2.65608
0.727273
4.83283
0.366859
-1.0
8.2696
0.240479
7.12835
-1.0
1.0042
-1.0
1.78075
0.317945
6.15815
11.1346
1.86533
0.0571909
-1.0
3.58329
0.480101
-1.0
-1.0
2.02938
0.240825
-1.0
4.41066
0.707148
1.651
1.53535
-1.0
0.175584
-1.0
1.28378
0.152117
0.221289
2.3263
6.10248
2.01345
-1.0
0.794979
0.905468
-1.0
0.483825
6.40164
7.20703
1.27816
-1.0
5.52933
0.959187
0.367847
-1.0
-1.0
1.50455
4.03444
2.30806
5.34183
2.67517
7.23718
0.330582
-1.0
-1.0
0.748569
4.06463
0.415473
0.22846
3.02387
2.4804
1.26405
3.67219
0.675962
1.9332
1.3022
-1.0
0.309392
3.90152
2.523
0.309576
0.900457
0.853685
-1.0
-1.0
-1.0
-1.0
-1.0
0.60645
1.06755
0.210867
4.40558
-1.0
0.493433
6.59504
-1.0
3.37597
4.1565
2.61848
-1.0
2.195
0.0451717
0.148185
0.90914
0.917398
0.657336
8.75457
-1.0
-1.0
2.89733
-1.0
1.57859
-1.0
-1.0
2.1194
1.08168
1.00375
3.35625
1.32356
0.587143
2.45659
0.743401
-1.0
1.67738
3.11786
-1.0
2.34049
0.703174
3.96668
2.07025
3.3031
0.625326
1.70868
8.66047
-1.0
0.889918
3.22975
-1.0
-1.0
1.33799
0.178564
0.0238001
0.605626
1.22813
-1.0
0.330111
0.146471
0.532624
0.537693
1.99235
4.83297
2.20691
3.74652
1.37814
0.0421894
0.54761
2.39664
1.00467
0.99755
0.865276
-1.0
0.821696
0.101297
7.59025
0.678394
1.83322
1.38179
2.78487
0.437482
0.214323
1.98373
-1.0
0.229781
0.484166
-1.0
1.20155
-1.0
1.72759
-1.0
-1.0
7.09567
1.18468
2.14846
2.16686
0.602381
-1.0
-1.0
0.560078
-1.0
1.78769
1.98437
-1.0
7.34513
-1.0
0.428613
3.0707
1.18361
-1.0
0.976191
0.330277
-1.0
0.744688
0.783849
0.234887
3.03119
3.35998
-1.0
-1.0
-1.0
1.19271
0.344503
3.90186
0.161212
0.461105
0.233768
0.15361
0.219316
0.0826948
0.848867
3.14965
-1.0
1.26968
0.925495
-1.0
0.960404
0.763902
1.93272
0.664225
-1.0
-1.0
0.264706
-1.0
-1.0
0.385047
1.80532
10.089
1.45251
-1.0
2.51267
0.0972594
-1.0
-1.0
0.508743
2.91566
0.0565119
0.287766
7.07259
0.0374926
1.40259
1.50077
1.09653
0.49334
4.51661
-1.0
-1.0
0.112475
3.11281
0.983718
0.532573
0.0357585
0.0321868
4.16173
3.44546
-1.0
-1.0
2.41972
0.0664714
0.590561
0.472287
2.53505
1.35939
0.349842
0.0457305
7.70892
2.31674
16.6215
3.93552
-1.0
0.760533
-1.0
-1.0
0.198043
0.244959
2.73224
-1.0
0.0659779
5.42106
2.95743
0.276711
-1.0
0.192971
0.845253
0.665677
0.0858452
0.683798
0.963816
-1.0
-1.0
0.869384
0.130698
5.08783
0.112523
2.39015
3.90085
-1.0
-1.0
3.49591
0.19322
4.37683
3.73891
1.95495
0.400633
2.68009
0.125547
1.25071
0.209711
2.05069
0.0369191
-1.0
2.3471
3.01867
0.919143
-1.0
-1.0
11.1067
-1.0
0.627754
0.128647
3.41051
5.51731
-1.0
3.54194
0.463496
-1.0
0.858716
5.92942
-1.0
-1.0
3.83632
-1.0
0.573357
0.486522
2.13447
-1.0
4.04789
0.659811
2.5623
0.214991
-1.0
0.155477
0.54559
2.44538
0.221136
-1.0
0.116406
4.06318
0.22691
0.0607767
0.0936733
1.01947
-1.0
0.130375
0.657945
-1.0
-1.0
-1.0
-1.0
0.0785512
0.936064
-1.0
-1.0
-1.0
1.49407
-1.0
0.478631
0.249221
1.4484
1.60543
-1.0
0.0995512
0.248447
2.44369
0.86809
0.144518
3.41717
6.19778
1.20791
0.156331
0.749411
-1.0
3.59382
2.36611
5.29421
-1.0
-1.0
5.57348
0.0429038
3.61563
3.70942
0.0969214
-1.0
0.757614
-1.0
1.97111
2.64948
1.76814
-1.0
0.663742
0.894703
1.22595
0.160199
0.0800089
0.896817
-1.0
0.109869
3.60474
5.07997
2.56162
0.540013
2.79734
0.941841
-1.0
0.25731
-1.0
0.205277
0.0381327
5.49792
-1.0
0.571295
1.17929
2.93194
0.106719
3.98471
8.37693
1.80908
-1.0
0.250523
0.351598
0.769231
-1.0
2.9619
3.37914
0.485882
1.203
-1.0
3.52758
3.08417
3.45335
2.30458
0.788685
0.580316
0.830514
-1.0
5.37077
2.39301
0.27643
0.0800949
-1.0
0.368617
0.479919
0.317123
1.46372
3.06484
-1.0
1.21333
0.248163
4.78565
0.801833
3.76062
-1.0
0.294442
0.267447
0.723772
1.05962
5.08191
-1.0
-1.0
3.86324
-1.0
1.68882
1.77948
-1.0
6.84086
0.81265
3.18998
0.601623
4.06394
6.33749
4.61862
1.50973
1.74406
0.390352
3.8549
9.08148
0.736984
-1.0
-1.0
-1.0
2.25449
1.80898
0.0978815
0.654695
0.152009
10.8175
-1.0
1.70003
3.8697
-1.0
-1.0
0.167962
1.3535
0.482956
3.06909
1.7923
0.802418
-1.0
-1.0
2.75804
6.64158
0.131882
5.21746
0.578327
1.50087
6.10972
1.12454
0.511746
-1.0
2.49419
2.83893
1.93884
6.69192
4.02115
-1.0
0.434557
3.15673
1.35509
1.72519
1.06643
1.09752
1.84902
0.0835814
1.35142
-1.0
0.531396
0.963512
-1.0
0.5912
1.00839
-1.0
2.13847
1.20447
2.50739
1.57369
1.12218
1.25144
2.81306
2.98618
0.453725
0.494884
0.360473
0.333187
1.34223
3.91902
0.913032
3.15262
1.45069
0.042093
0.241304
3.45477
0.222215
0.48968
0.352856
0.307948
-1.0
1.12464
0.982976
3.1789
0.105911
4.27557
0.554086
0.968704
0.0716875
2.13439
2.56307
5.90748
1.83352
0.826534
-1.0
-1.0
4.05323
2.11708
-1.0
-1.0
11.6491
-1.0
-1.0
2.77899
1.97142
4.63834
0.958093
1.27876
10.8647
1.03213
4.61429
0.146149
0.693922
1.00761
-1.0
2.09751
1.91611
-1.0
3.35465
-1.0
0.0580555
0.276773
0.589935
0.105155
0.0609242
3.47905
0.0290532
5.03649
1.94219
3.14584
-1.0
1.50731
3.20541
0.9537
0.651483
1.16895
2.10723
2.0198
0.863302
4.67801
0.037253
0.372239
-1.0
-1.0
1.34138
5.68514
4.03466
3.23165
-1.0
1.04456
0.951049
0.463243
1.69989
4.52777
0.529156
4.48249
0.626918
-1.0
8.41529
6.54327
0.54232
-1.0
2.00332
-1.0
0.758363
0.102913
2.70276
6.49496
0.560949
0.144661
-1.0
0.231632
0.916808
0.543257
5.99547
0.423419
2.71861
0.344472
0.972675
1.53393
1.88854
1.40594
15.1217
-1.0
1.2929
-1.0
0.443641
0.183336
1.41374
0.380544
0.413423
-1.0
0.889741
-1.0
0.362013
-1.0
0.957244
0.687824
5.79233
-1.0
-1.0
1.52187
0.591412
-1.0
0.650631
0.706541
5.15377
0.996511
3.66912
0.0435112
-1.0
1.34944
1.27216
0.0921054
3.57184
2.68373
1.0075
0.881909
1.04134
0.326876
0.258832
2.82366
-1.0
0.143144
0.660856
4.70249
0.122195
0.0608382
0.0976709
-1.0
-1.0
-1.0
0.9441
0.590534
0.665559
7.28342
2.92444
0.72556
3.40878
1.44145
4.16187
1.7186
-1.0
0.0286751
-1.0
-1.0
1.40739
-1.0
2.49482
1.20795
-1.0
0.440339
0.133692
0.631942
0.469479
1.79356
0.431115
-1.0
0.571128
-1.0
3.33288
0.622446
0.93812
0.593245
-1.0
-1.0
-1.0
1.22746
2.33061
10.1284
1.82675
4.64074
0.594105
6.28848
1.01329
4.84311
0.929701
-1.0
1.33946
-1.0
0.634353
1.44035
3.46619
1.43713
-1.0
-1.0
0.837226
-1.0
-1.0
3.01287
3.06502
5.37137
2.30551
-1.0
0.100364
-1.0
-1.0
-1.0
2.84256
0.795705
4.36471
0.214229
1.70626
0.152364
0.270752
0.764586
0.216069
2.43945
-1.0
0.504058
1.97958
0.330833
-1.0
2.07818
3.95199
0.385426
4.61386
-1.0
0.358108
-1.0
0.289325
2.40603
-1.0
1.84505
1.4696
3.73772
0.745722
0.875383
0.38192
0.451638
2.04728
0.15065
3.50974
3.45818
3.14487
-1.0
0.587359
-1.0
5.73419
-1.0
2.17072
3.48272
0.751722
-1.0
0.332627
2.75434
0.393434
0.0566417
-1.0
-1.0
4.08386
2.46772
3.35812
0.206966
3.6655
1.91377
1.49717
3.85223
4.64879
1.71244
-1.0
-1.0
5.49703
3.47206
5.07906
0.479271
0.451362
2.76141
1.18992
1.34322
0.328108
-1.0
-1.0
1.99933
1.30029
0.255831
0.21482
1.38423
0.0418674
3.57022
-1.0
4.40999
0.262047
1.67681
0.965649
0.0428519
2.24047
5.63896
-1.0
0.334007
1.69211
1.3332
0.113026
0.876356
0.202035
2.49135
5.87266
-1.0
2.57754
5.58719
0.229803
1.19932
-1.0
5.00799
1.33346
1.0513
0.812864
2.7444
-1.0
0.419089
2.81186
0.102155
0.195671
-1.0
-1.0
2.13242
1.74625
0.290251
0.392034
8.13153
1.12576
0.33675
-1.0
0.684201
-1.0
0.387337
2.09659
0.630085
-1.0
-1.0
1.13817
0.747695
-1.0
0.208146
0.704824
1.6296
-1.0
1.96353
2.37331
0.252279
0.117761
-1.0
7.47965
0.0873331
0.154599
-1.0
0.19797
0.368208
1.78493
-1.0
0.0569873
0.487531
2.13811
3.24835
0.643893
0.526732
-1.0
1.3451
2.46786
0.916335
1.13683
1.81138
3.10711
5.56095
0.129815
3.4045
1.21784
0.415304
1.09122
1.60442
0.109717
1.38465
-1.0
-1.0
7.12201
0.758441
5.96748
0.109118
0.891826
1.96155
4.17204
-1.0
2.44749
3.09965
1.10616
-1.0
0.730639
0.556438
-1.0
-1.0
7.3524
-1.0
1.78816
2.05555
-1.0
0.905981
-1.0
1.35894
0.336779
6.16638
4.64718
0.552589
6.19546
0.287435
-1.0
1.58238
1.39712
-1.0
8.04535
-1.0
2.59491
0.651227
2.61991
0.0658264
1.3923
0.332181
0.566079
-1.0
3.13865
10.5316
-1.0
0.0635525
5.92844
10.1936
2.94514
2.59834
1.08205
1.25386
1.98895
-1.0
0.380597
4.37183
-1.0
1.84352
0.348201
-1.0
-1.0
1.37824
0.541184
-1.0
4.64649
8.12791
0.132966
3.32995
0.661837
-1.0
2.08704
2.21853
0.831208
-1.0
0.0686059
-1.0
1.52971
-1.0
2.80303
1.49451
3.48395
0.991272
0.403226
0.0431898
0.172699
7.20338
3.81486
1.16024
-1.0
0.111894
-1.0
0.247485
1.27345
2.02242
0.43046
0.999958
1.07111
0.918243
-1.0
0.397306
0.829817
-1.0
2.05878
7.33429
2.40714
3.18646
1.02861
3.00828
0.772973
1.63102
0.178416
-1.0
0.853301
0.733363
0.167081
3.41393
4.44796
1.25833
2.45658
-1.0
0.484718
-1.0
4.1741
-1.0
0.121243
0.208951
1.23368
-1.0
7.1269
0.602031
2.80616
0.732792
-1.0
1.51409
-1.0
0.0616425
-1.0
0.249138
-1.0
1.11416
0.23624
0.626738
0.138026
4.346
0.814072
4.10546
0.0674506
1.01139
1.83143
1.53255
2.84381
0.473569
5.46778
0.123712
1.41953
-1.0
0.0268646
6.26087
0.634841
-1.0
1.46279
0.450808
0.654919
1.75914
3.44016
0.166987
2.97395
-1.0
1.63792
0.677371
0.381245
2.26008
3.62301
-1.0
0.966739
2.3048
0.31882
0.998843
1.42136
-1.0
0.565202
0.267585
0.973589
1.14074
-1.0
1.63149
0.82362
4.70017
1.87014
2.40089
1.46108
0.348703
0.54414
4.42504
0.637592
0.948658
0.152769
1.75404
-1.0
2.30432
0.255827
0.147526
1.6024
-1.0
-1.0
1.83905
1.37405
0.485871
1.2836
1.71181
-1.0
-1.0
0.372904
0.401729
0.775735
0.920334
0.314465
9.75078
0.363295
-1.0
-1.0
1.33849
-1.0
0.0466197
1.63034
0.346637
-1.0
3.38778
1.70336
0.961196
0.561309
-1.0
0.245889
0.0996159
0.139296
1.87646
-1.0
3.50887
3.18232
0.464189
0.0896867
3.84231
-1.0
0.0481829
0.451741
1.37944
3.65279
-1.0
-1.0
-1.0
1.11687
0.0516341
0.0480264
2.1327
0.22845
-1.0
0.759004
2.58339
0.509937
0.494673
0.290907
1.93498
1.9397
0.138344
0.715136
2.62105
2.06533
0.467038
5.70463
0.921371
1.91072
1.36656
5.21094
0.342417
1.77381
0.105223
2.34707
0.113429
4.21625
0.283676
-1.0
-1.0
2.66661
1.23349
0.141821
-1.0
-1.0
0.619905
0.263761
4.05569
0.198572
0.547771
1.64275
1.61491
1.14652
0.478001
1.09397
1.81412
1.08511
0.271111
0.69506
0.413849
1.54824
4.43539
-1.0
2.77002
7.37698
1.1658
-1.0
4.2323
0.5495
1.20557
3.07796
2.98435
-1.0
0.385005
3.22474
0.861815
-1.0
-1.0
-1.0
-1.0
3.45076
0.0301971
4.73031
0.229242
4.54208
0.750778
-1.0
7.89109
-1.0
0.178277
3.57618
0.0525066
0.0693226
5.96598
7.25534
3.24978
-1.0
0.0898527
0.216612
0.463918
-1.0
4.31506
1.64893
0.669117
0.184508
1.46961
2.22163
-1.0
0.226378
-1.0
0.527709
0.66876
0.073225
1.46688
-1.0
-1.0
-1.0
0.251729
3.42982
2.84622
2.23773
-1.0
-1.0
3.52236
0.639458
0.303364
-1.0
0.264712
0.0380416
2.66896
0.425282
0.860319
0.924113
4.86147
0.0946766
5.30072
0.479337
2.36403
-1.0
0.806485
0.22086
0.742553
-1.0
0.375631
0.397595
0.687005
-1.0
0.272043
0.254401
1.96879
1.09378
-1.0
-1.0
5.60236
3.25315
0.134766
2.86634
0.873819
2.76622
-1.0
0.366904
2.23058
9.5653
5.91664
2.48706
1.48559
4.82963
2.97394
0.0451717
3.70446
0.221752
1.18501
-1.0
1.39745
3.37722
-1.0
1.28586
0.524038
-1.0
1.38629
12.4278
3.73875
0.467319
0.0558744
0.702851
0.145867
0.62028
0.26261
0.615458
1.19089
0.173474
-1.0
-1.0
-1.0
-1.0
1.33066
6.06199
1.54012
10.1249
-1.0
-1.0
3.14385
-1.0
-1.0
-1.0
1.90549
-1.0
2.56105
0.126851
1.36228
2.84035
0.392717
2.88977
2.15728
0.0654258
0.101605
-1.0
-1.0
1.48352
5.06735
2.88944
-1.0
1.02585
0.377482
2.63868
-1.0
0.750187
1.31581
0.941318
3.48658
9.03702
0.512083
0.648006
-1.0
0.155051
1.15443
4.75899
-1.0
1.13283
-1.0
3.20392
4.97981
5.11385
0.581186
-1.0
3.35581
-1.0
1.47313
2.36167
0.907043
1.42844
-1.0
0.0923322
3.37801
0.620155
0.721133
0.228657
0.0545075
1.71266
-1.0
0.300919
0.736504
-1.0
2.02105
-1.0
0.120822
-1.0
0.026073
10.2201
0.437997
-1.0
1.27972
0.435634
1.22662
5.30891
2.74692
-1.0
-1.0
0.395659
0.118288
-1.0
1.80665
5.29481
0.168101
1.15214
2.5351
3.83043
-1.0
1.80702
1.86439
-1.0
-1.0
5.42367
5.507
4.35675
5.91195
-1.0
3.7472
-1.0
0.157953
3.07679
0.429828
5.31225
0.191217
0.24514
-1.0
3.71978
8.00398
4.16041
4.79554
0.0532213
-1.0
9.35771
0.317391
9.91149
3.56726
-1.0
0.398872
0.439993
0.830817
10.8665
-1.0
0.183856
-1.0
0.370541
0.35667
1.28863
2.20768
2.33418
0.502573
0.81693
1.8506
1.97132
-1.0
0.844059
-1.0
2.52761
0.42967
2.5561
-1.0
-1.0
-1.0
-1.0
-1.0
-1.0
-1.0
0.539478
5.47321
0.13164
1.89823
0.0951596
3.97686
-1.0
-1.0
1.28223
-1.0
0.324375
1.48559
-1.0
1.2135
0.961592
1.14957
0.276432
3.05521
0.544032
0.434022
5.20311
-1.0
0.21875
-1.0
0.73159
-1.0
-1.0
-1.0
4.61393
-1.0
0.205728
1.49487
0.129082
1.88879
6.05714
0.416662
3.61929
1.11086
0.314896
0.280416
1.40254
0.449308
1.47903
0.778878
0.434876
0.841624
-1.0
3.38716
-1.0
-1.0
1.3233
-1.0
-1.0
0.400571
0.892571
0.512643
8.06373
-1.0
7.54137
2.02052
0.379703
7.39299
0.434712
2.47369
6.24439
3.86924
1.18181
1.34786
1.24983
0.400769
2.55189
1.96608
0.704789
8.34308
-1.0
1.29441
0.701658
1.68841
0.499285
0.12553
0.109933
1.64367
2.32321
0.771917
0.333383
0.24411
3.63716
1.21336
-1.0
0.778284
2.42359
0.446189
-1.0
4.43483
-1.0
0.578983
0.634859
0.110248
-1.0
8.07093
-1.0
3.50946
0.14972
1.63605
-1.0
-1.0
1.63362
-1.0
-1.0
0.155319
9.86004
1.24138
-1.0
1.10126
1.11205
0.601152
2.15618
-1.0
2.77108
1.13331
0.848215
-1.0
9.09206
3.83087
1.93962
0.47754
0.280606
-1.0
2.15721
0.858576
0.384688
0.321818
0.189429
-1.0
1.77593
0.577725
0.159446
3.79625
-1.0
-1.0
4.54909
0.735489
8.67175
0.120252
1.3551
1.35432
6.15392
-1.0
-1.0
-1.0
-1.0
0.0322881
4.25275
3.42322
1.95783
2.10826
2.0894
0.885936
1.8159
-1.0
0.325933
-1.0
-1.0
-1.0
0.868065
0.564562
-1.0
4.57398
5.91813
8.78289
1.63319
-1.0
-1.0
1.50449
0.851489
2.39282
0.851531
-1.0
0.408118
4.10416
1.02222
1.52456
-1.0
1.97882
1.06114
3.55673
1.09673
0.99525
0.532154
1.34219
2.89032
2.27624
0.163157
1.81735
-1.0
1.91907
0.996584
0.520854
-1.0
0.680512
0.16912
2.00892
3.14916
2.32447
2.14098
0.194082
2.92569
-1.0
0.5229
0.110174
1.31862
0.246157
1.21354
0.806784
0.127058
-1.0
0.312188
5.65755
4.44742
1.56913
0.960839
0.516826
0.590643
0.301443
0.97495
1.28114
6.39288
0.572278
1.29238
0.858061
-1.0
0.310212
-1.0
2.42636
2.09749
0.679054
-1.0
-1.0
0.944903
1.1981
0.0769398
4.27464
8.94821
-1.0
1.79083
5.09698
1.68889
0.157604
0.326001
6.95902
0.511318
5.08175
-1.0
0.1742
4.41571
1.21562
-1.0
0.329444
0.923615
0.715695
1.06159
0.114462
-1.0
0.500645
0.6398
3.35205
0.0921849
1.13756
3.70875
0.0757588
0.814193
6.24833
5.35447
-1.0
4.63326
0.560221
-1.0
0.139909
0.624412
5.30071
0.825807
1.0939
2.45859
0.152438
5.32363
4.86376
-1.0
0.923577
1.732
0.702211
0.238377
2.79953
0.50288
0.742284
0.683416
-1.0
-1.0
1.15199
2.29368
3.67238
2.22937
0.280929
-1.0
3.51558
1.35977
-1.0
1.63416
5.92088
1.7711
0.63201
4.41266
3.68979
6.17784
-1.0
-1.0
5.48836
1.14696
0.0442973
0.431668
0.363498
4.58672
1.33296
0.831628
0.108928
-1.0
0.861198
-1.0
2.02795
0.223605
-1.0
-1.0
1.0393
0.418744
0.86189
1.32274
0.47998
0.0470265
1.23205
0.210564
1.80384
0.524656
-1.0
3.89939
0.714191
0.413206
0.980686
0.554429
0.347687
0.382477
-1.0
-1.0
6.94166
0.434322
0.567732
5.20589
-1.0
0.660169
0.210326
-1.0
10.6338
0.0271975
0.186627
1.37934
0.674207
1.16556
0.605282
1.44872
-1.0
5.35333
1.73584
0.142435
1.50989
0.256583
2.47162
2.24609
0.300827
-1.0
2.61732
0.683054
-1.0
2.5865
0.305821
2.95481
-1.0
1.80901
1.01498
-1.0
0.579298
-1.0
0.200806
-1.0
-1.0
2.68731
0.841513
0.395136
2.15528
0.443901
1.16913
3.67275
1.58037
0.131951
4.18047
1.04771
4.61739
1.26333
3.10616
1.23994
2.10107
0.569108
11.5716
0.57367
10.8906
-1.0
-1.0
0.807179
0.125848
0.664629
1.35176
-1.0
0.512424
1.71169
1.26532
0.0531073
0.481939
-1.0
0.05306
2.46915
1.68954
3.13247
0.51906
0.582264
-1.0
2.96806
2.58992
3.14446
1.55542
1.07919
0.9977
-1.0
0.886927
2.65463
0.967079
1.94623
-1.0
-1.0
0.0397163
-1.0
-1.0
1.81521
0.385418
3.85085
-1.0
0.0533323
11.7197
0.783209
0.215414
-1.0
0.942259
-1.0
0.797357
0.910396
1.30313
0.761728
1.29939
1.45308
0.296164
0.273071
0.255776
0.591654
-1.0
0.0711151
0.651371
0.098891
2.1978
0.651221
1.01109
0.415561
2.11031
1.50857
1.19559
0.979152
0.842129
4.01219
2.89833
-1.0
2.28998
11.6756
3.94601
0.38671
0.463149
0.0623178
2.4746
6.28366
-1.0
1.24446
0.820597
0.37346
2.28539
0.443189
0.453476
2.12031
1.73535
0.301708
5.48903
0.989606
4.07695
2.12074
0.661927
0.0884023
0.303812
0.882878
2.85501
0.641231
4.19796
4.73926
-1.0
1.53555
1.60315
1.9978
6.2923
1.32221
3.44952
2.58474
5.27214
-1.0
0.245165
-1.0
-1.0
0.218254
2.05555
7.06195
5.21001
5.14741
2.01318
1.62828
8.38616
0.248564
1.25874
-1.0
1.66847
1.79009
3.76904
1.18952
-1.0
0.838717
3.6294
-1.0
1.58143
0.343995
0.840431
-1.0
1.15197
1.42564
1.0181
0.505171
0.498367
2.13151
-1.0
-1.0
-1.0
1.80605
0.322796
-1.0
1.50431
-1.0
2.92671
0.904634
0.289428
1.35522
10.6668
0.0634785
0.932775
5.03516
0.269539
-1.0
0.88677
0.0543559
1.54262
-1.0
2.60525
7.34884
1.27165
1.05688
7.36313
-1.0
0.0795429
-1.0
5.58756
-1.0
-1.0
0.0553683
-1.0
0.348259
2.3994
-1.0
7.22959
-1.0
-1.0
0.686073
0.11323
4.00639
2.27752
-1.0
1.66547
1.12014
0.193085
6.95827
-1.0
2.30183
0.939284
1.06378
0.290659
2.85768
1.96196
5.87743
-1.0
3.83365
0.0753511
9.19791
0.165961
0.232414
-1.0
3.60506
-1.0
0.586276
0.795639
-1.0
1.26555
0.771704
0.947967
-1.0
0.851646
4.16995
2.08488
-1.0
-1.0
1.20588
-1.0
1.13797
0.112807
-1.0
1.01266
5.15538
1.54062
2.17506
1.41326
7.2555
0.410542
-1.0
0.323436
-1.0
1.492
0.315116
0.476947
-1.0
-1.0
0.397211
1.08761
6.45778
0.289712
2.38904
3.85846
0.288548
-1.0
1.8983
2.6549
2.21572
-1.0
0.583864
1.10684
2.12005
2.62287
4.54405
2.06986
1.69012
2.81962
4.4166
0.351894
1.66538
0.74797
1.85399
1.76419
-1.0
-1.0
-1.0
1.95974
-1.0
1.55237
1.1892
0.526475
0.627346
1.71815
3.44094
0.107411
-1.0
1.0106
1.26121
6.91779
2.51905
5.81839
3.10781
0.360389
1.40811
5.17628
1.0425
-1.0
-1.0
-1.0
1.36641
0.381896
7.77505
10.6859
0.136543
0.225967
0.100715
1.71879
1.01117
-1.0
0.419629
1.62661
1.88685
0.825435
1.7045
2.93226
0.710143
-1.0
2.6956
1.15252
1.21669
0.140196
-1.0
0.666762
0.628195
0.688924
0.14433
-1.0
2.99927
0.0646314
4.39035
0.124265
0.124321
0.405749
3.38593
-1.0
-1.0
0.226136
2.50847
1.55861
0.471196
4.21545
-1.0
5.16234
0.525957
0.353499
-1.0
0.320436
1.25123
1.87876
1.43004
0.343998
0.630219
-1.0
1.72748
5.53225
0.543317
2.07932
0.431544
0.169719
1.05107
-1.0
0.812751
-1.0
4.32749
-1.0
0.582424
-1.0
-1.0
0.0514235
1.68392
-1.0
1.19594
0.834579
2.73442
1.89326
2.94507
0.361152
1.26678
0.716653
1.55379
0.443009
-1.0
0.723764
0.0977834
-1.0
-1.0
3.45233
-1.0
0.25715
0.307466
0.615091
-1.0
-1.0
4.28103
3.13118
0.197256
3.60798
0.046691
3.2239
0.230409
0.476311
0.591276
6.23027
0.0259486
1.84549
5.61209
0.277897
0.162438
0.194463
2.49942
-1.0
1.82644
0.383839
-1.0
3.32286
5.57524
0.433617
4.19436
3.87128
-1.0
3.8188
8.70719
1.49932
-1.0
0.952616
0.202998
1.53687
-1.0
1.62651
1.72027
0.170088
0.764709
1.60999
0.514975
0.0800628
4.56398
0.325445
0.168996
0.363112
0.163268
2.13534
1.42947
-1.0
-1.0
0.468855
2.97905
0.20352
0.867189
4.6102
0.664422
6.27456
0.239211
2.02296
4.17676
3.06338
0.0992747
0.563728
-1.0
-1.0
1.52296
-1.0
4.03616
1.23199
1.66497
-1.0
8.52637
1.36668
1.3671
0.985534
0.298032
0.51152
-1.0
0.487091
6.28712
0.0920826
0.401915
0.0531912
0.594438
-1.0
9.90294
-1.0
-1.0
-1.0
0.163347
1.89639
1.76659
1.33475
0.876893
0.621212
2.6851
2.66881
0.343791
0.164418
2.78296
-1.0
1.407
8.55342
0.270116
0.946099
-1.0
0.18305
-1.0
-1.0
-1.0
-1.0
1.72456
1.10318
1.06364
0.340509
0.804834
0.0407655
1.3818
1.09897
0.245888
0.0591133
0.238941
0.879103
7.64706
-1.0
4.03872
-1.0
0.240103
0.194483
0.533178
1.30531
-1.0
4.66767
0.589857
2.18967
0.369085
-1.0
0.534265
5.46074
2.06116
1.60219
3.58445
0.87029
1.20361
1.9443
3.22991
0.116887
0.617332
-1.0
0.0291568
1.01409
0.16923
6.16154
5.97052
0.882189
0.608767
-1.0
3.5081
0.442965
0.253912
0.439399
-1.0
4.42044
2.58471
3.04029
0.584751
0.934327
1.023
-1.0
0.892487
4.41075
1.01034
-1.0
4.85542
0.544909
0.274783
-1.0
0.931866
0.128318
0.586921
0.227374
0.967105
0.98836
-1.0
2.88537
2.77558
1.31684
2.26332
1.95168
-1.0
-1.0
-1.0
0.65774
-1.0
2.80089
-1.0
0.88713
0.943943
-1.0
-1.0
-1.0
0.58928
0.0984154
1.1013
1.29562
0.279593
1.14615
-1.0
2.17594
2.81963
-1.0
1.15436
0.23533
2.28634
0.547098
0.97924
2.65368
2.23703
0.0690448
6.68603
5.13176
1.27519
-1.0
2.19969
0.354014
6.02722
4.22545
0.445268
3.24812
-1.0
-1.0
2.23669
2.55114
3.19308
0.37178
2.66825
0.658935
0.414942
0.422875
-1.0
11.9205
0.27498
-1.0
0.547469
-1.0
0.667274
2.00415
1.18559
1.12107
0.101506
8.18979
0.619219
0.0682886
0.452217
1.16069
-1.0
0.523705
2.54949
3.62362
1.16058
-1.0
0.407275
-1.0
0.499229
1.50351
5.90016
8.42525
1.72038
0.0770383
2.5045
0.173932
0.550697
2.47164
7.07845
4.31946
2.06866
0.0698506
-1.0
3.27995
5.0503
1.59206
2.30421
0.940995
1.57151
0.201237
0.690876
3.65944
2.07792
1.11768
-1.0
-1.0
3.15744
0.125542
2.61663
0.0657098
2.67781
0.0502276
0.25987
-1.0
0.109011
1.20395
1.87535
-1.0
-1.0
2.88759
1.55143
0.0951599
3.35115
0.561236
3.12785
3.76244
-1.0
-1.0
0.132121
-1.0
0.646054
-1.0
-1.0
0.419163
5.24487
5.22351
2.02669
4.98252
0.0633929
3.10826
2.88656
3.62668
-1.0
0.320333
1.6349
3.07175
1.98134
0.252807
3.70631
0.433135
-1.0
7.4019
-1.0
0.165389
-1.0
2.27702
0.75236
1.46323
1.90807
1.48868
0.172646
1.47391
0.943512
0.207435
0.0528867
3.12188
3.01327
0.68372
-1.0
1.78024
3.65892
0.131168
4.19521
0.0955773
2.43461
1.70913
0.618469
2.31354
4.10921
1.21813
0.169123
-1.0
-1.0
0.522529
0.253031
8.59531
-1.0
-1.0
0.19655
2.82042
1.4704
2.34609
2.06341
4.3648
4.49445
1.77558
-1.0
-1.0
-1.0
0.662171
3.61963
0.107401
9.37849
-1.0
-1.0
0.324647
0.607278
0.0440403
-1.0
0.435309
-1.0
2.37434
0.131591
2.236
1.41069
0.140965
3.55655
-1.0
0.079901
0.769854
1.97509
0.673405
0.373162
-1.0
2.59594
2.40195
2.74597
0.217255
-1.0
0.473267
-1.0
3.60297
1.37679
1.99264
-1.0
1.0541
0.672822
0.837786
3.47283
-1.0
6.89134
-1.0
-1.0
0.437186
6.18038
0.470298
1.17308
5.93463
4.9579
8.05629
1.15524
3.71325
0.855958
3.75987
0.602395
2.23869
-1.0
0.0657092
1.32751
6.45972
1.38034
1.53726
1.14849
3.14359
2.59097
-1.0
0.278637
0.412972
2.29336
3.00206
0.954514
0.147254
0.895342
0.125244
-1.0
1.93746
3.9421
0.177907
0.144173
0.257653
-1.0
1.89899
2.70752
-1.0
0.96723
0.240309
1.67587
-1.0
1.04031
2.98033
0.364457
5.30473
1.78618
1.02726
0.855261
0.294326
-1.0
0.800781
-1.0
0.234988
-1.0
2.29191
0.361522
-1.0
-1.0
4.6912
0.210572
0.345775
2.1026
-1.0
2.68313
3.82287
2.48434
0.07326
-1.0
4.03704
0.252908
0.99358
11.37
-1.0
0.180769
1.72316
1.83802
-1.0
-1.0
1.11092
0.127597
0.919538
1.06493
0.114487
0.0504462
1.77087
0.464695
-1.0
0.359137
0.383782
0.164905
1.97759
6.81833
1.41083
-1.0
2.34513
0.880575
-1.0
0.642986
7.59591
0.136453
-1.0
0.937692
1.49471
1.17931
0.238814
5.43783
0.963263
2.12844
0.328834
3.37099
2.91044
0.210001
0.766695
1.41398
0.664317
0.0752289
1.15886
-1.0
-1.0
3.16052
4.03685
4.45301
4.00001
0.28161
2.11759
-1.0
3.22346
0.0638706
6.61584
-1.0
1.41812
0.0957535
2.53579
0.0250915
4.51523
3.72765
-1.0
2.61803
-1.0
0.683211
-1.0
-1.0
-1.0
4.24402
0.38698
0.242678
-1.0
0.293406
0.780562
4.99551
8.16305
-1.0
-1.0
2.12379
5.91543
0.158851
0.330556
5.4495
-1.0
2.15652
1.60603
-1.0
-1.0
0.773926
0.0525957
0.555163
0.107413
0.423308
6.43023
0.217708
0.416977
5.39706
1.69948
1.60088
0.648212
1.36305
-1.0
5.67842
3.19926
-1.0
-1.0
3.91149
2.15483
1.29999
5.97672
-1.0
0.456059
-1.0
-1.0
0.382113
1.07025
0.36044
1.56565
2.03791
0.268968
1.16462
1.64507
1.48297
-1.0
0.677328
0.682818
-1.0
0.0474348
1.4748
0.791957
4.05297
0.24251
-1.0
4.53985
-1.0
2.72938
2.29347
12.205
-1.0
0.813289
0.624723
0.759214
1.15562
1.92977
-1.0
0.750306
0.97614
0.387474
0.673554
5.03427
0.622423
0.900797
0.239339
1.21334
0.223162
0.659527
4.46617
2.32168
-1.0
1.3538
1.17186
1.79824
6.49058
1.26093
2.24483
5.21163
0.236315
2.51581
0.232453
0.166754
-1.0
0.453455
0.451862
2.7673
-1.0
-1.0
0.776116
-1.0
4.02514
10.591
0.853892
3.01887
9.26354
1.25976
0.400666
0.605379
4.30377
6.55403
-1.0
0.0609939
3.3546
3.47558
3.39707
2.28946
0.314716
5.42692
1.90566
1.25372
0.983118
1.17217
6.42765
4.75685
5.23205
0.179362
0.800017
0.367974
-1.0
3.00827
0.388096
1.55375
12.5172
0.244193
1.22607
0.748896
0.551124
-1.0
-1.0
0.645568
0.263254
0.371418
0.66085
2.34166
0.477507
1.78419
-1.0
-1.0
0.0181145
1.42431
-1.0
-1.0
-1.0
1.84946
1.1539
-1.0
-1.0
2.62452
-1.0
0.972179
1.49079
3.78796
0.609302
0.765609
0.163337
-1.0
-1.0
0.865973
0.0382591
-1.0
1.17094
2.61084
2.75105
-1.0
0.586384
6.71191
-1.0
2.14832
-1.0
-1.0
-1.0
1.08079
3.23124
-1.0
0.418176
0.346252
1.00993
2.47165
4.05056
-1.0
0.484087
-1.0
1.59983
0.353565
0.457268
5.20783
-1.0
0.226828
-1.0
-1.0
1.93579
0.498498
4.10441
-1.0
-1.0
1.61769
0.958731
1.96302
-1.0
-1.0
0.824392
5.41199
0.146976
0.0821106
1.45302
0.49692
-1.0
-1.0
2.85061
2.10566
8.85483
1.78027
3.04575
1.20443
1.86343
1.24404
2.17775
0.217477
1.92515
1.15664
1.8349
-1.0
-1.0
1.69948
0.5048
0.368429
2.94947
0.518837
-1.0
0.0792467
4.79848
0.218443
-1.0
-1.0
-1.0
6.52001
3.5385
1.46253
-1.0
2.53924
1.05716
5.26149
0.780681
0.529511
0.447081
-1.0
1.42951
1.59326
1.00964
0.751083
1.46103
0.534816
0.470778
3.15237
1.64802
1.47351
3.1379
3.53339
7.94206
7.55669
1.31232
0.741842
0.131598
2.1984
0.776213
0.828106
5.21367
3.45695
1.75121
1.41165
1.21777
0.423576
-1.0
-1.0
-1.0
1.22034
2.27642
0.587915
3.9494
8.21492
2.73238
1.1404
2.80412
2.01758
4.59952
-1.0
5.4905
4.46863
0.961999
10.1111
1.4755
1.08744
0.933607
0.221807
