1.24336
1.6715
-1.0
0.269615
0.807812
0.307465
0.605932
2.77516
0.171486
-1.0
0.280721
2.62829
1.42169
0.963832
1.39037
1.44772
0.82526
11.1506
1.37792
5.57663
2.41464
-1.0
5.20052
0.225639
2.54745
-1.0
0.285751
5.83249
-1.0
-1.0
-1.0
0.258206
-1.0
0.438824
0.232144
4.28214
-1.0
1.45902
1.94964
0.360659
4.09891
1.00627
0.875708
-1.0
-1.0
0.116444
3.63984
0.82739
-1.0
5.03157
5.10949
0.71274
0.776719
-1.0
1.04466
0.695143
-1.0
-1.0
-1.0
4.249
5.99918
0.509654
1.97554
6.33238
4.13834
-1.0
4.71069
2.69864
1.68063
0.17683
1.67689
0.729977
0.689366
1.11751
-1.0
4.10135
-1.0
4.60614
0.556618
2.81377
1.76283
-1.0
0.737528
-1.0
0.80035
0.11442
0.239878
1.92589
-1.0
0.0897877
0.0697296
0.861491
-1.0
0.0791899
-1.0
-1.0
3.79456
1.44554
-1.0
7.19073
2.6137
4.95382
-1.0
2.75751
1.34399
0.468814
0.385601
0.219951
1.40041
0.0846663
0.125444
2.26506
0.271482
0.226216
-1.0
-1.0
0.34123
0.302098
-1.0
0.662849
-1.0
1.36302
0.713173
2.47163
2.21349
-1.0
-1.0
4.37744
3.8047
5.86032
0.125764
0.658059
6.69672
0.187834
-1.0
-1.0
3.86052
0.984979
1.78328
2.97497
0.152748
0.522393
0.0346824
-1.0
1.55188
4.59632
2.52795
2.66994
1.26453
2.67559
-1.0
1.45637
1.15434
1.28372
0.352759
1.17735
0.525703
7.46185
0.333317
0.698641
3.88995
1.97402
2.57529
-1.0
0.708869
0.0887988
-1.0
-1.0
0.868561
1.09619
7.84278
0.376737
1.45412
-1.0
-1.0
0.708902
0.938458
6.76478
0.120373
0.0981163
0.980784
1.40943
-1.0
0.281081
9.88816
2.77113
4.24139
1.73142
0.0572052
0.66194
2.20313
0.519633
0.332576
2.98702
4.25608
7.30267
3.77892
2.05819
0.922559
0.910628
1.00608
0.440965
1.25017
1.00933
4.54802
0.0589558
-1.0
4.95937
1.78339
3.96741
-1.0
0.1828
0.258776
0.161544
12.1229
4.91152
-1.0
-1.0
1.55149
0.129076
3.7793
-1.0
1.4526
0.410518
-1.0
0.207078
0.128035
1.86491
0.224223
-1.0
0.836184
0.585411
0.334425
-1.0
0.252301
-1.0
0.357477
3.20404
-1.0
2.24104
1.66467
-1.0
0.691485
1.84814
0.685712
0.0632721
0.219215
0.153751
2.7052
1.83401
1.13168
-1.0
-1.0
-1.0
2.72336
3.79383
2.59607
2.77501
5.97443
-1.0
6.83734
0.81846
3.57796
0.328229
3.85375
0.510211
-1.0
1.16138
-1.0
3.006
0.152359
-1.0
9.08608
-1.0
0.944199
3.57766
4.82768
-1.0
0.246868
4.21695
2.445
0.46375
3.38336
-1.0
1.23827
-1.0
5.18438
1.23436
-1.0
-1.0
2.9443
2.9851
0.0756873
5.69149
0.636137
0.0720562
0.608188
0.122912
-1.0
3.43992
0.395605
0.899634
0.790658
1.26774
0.116399
0.515424
-1.0
0.623622
0.614513
-1.0
-1.0
-1.0
-1.0
0.133844
0.834323
0.219818
1.41605
3.75208
1.79153
3.73772
2.79259
0.0406367
-1.0
0.238647
1.36237
0.861647
0.446358
1.95967
2.10113
0.0662999
-1.0
0.953363
5.51528
0.875569
2.86457
2.61429
2.15717
0.0781127
-1.0
3.9181
1.11162
0.381527
0.666811
1.22748
6.34836
-1.0
-1.0
0.717676
-1.0
-1.0
2.79296
1.70534
-1.0
0.699394
6.04659
6.98114
0.150911
0.0943948
0.109083
-1.0
6.07625
3.81249
0.493733
1.51617
1.7319
-1.0
-1.0
-1.0
-1.0
-1.0
-1.0
2.34302
3.69396
5.34983
0.166506
1.23612
2.2855
-1.0
3.52299
3.6474
0.165368
-1.0
0.763844
0.105483
10.5043
0.678098
3.03058
-1.0
0.682118
3.68686
2.20466
1.38307
-1.0
1.15788
0.832213
2.4114
0.620274
3.45191
-1.0
-1.0
0.69583
0.0378006
0.788986
0.0760208
7.68926
0.657075
-1.0
1.66274
0.899148
0.347703
1.67213
-1.0
0.0479174
3.28328
7.19184
1.73198
0.910835
0.133335
0.385295
0.424542
2.40348
1.52317
1.73869
0.430191
1.44324
0.680413
0.558767
0.0760211
7.42652
0.33328
-1.0
1.35404
7.37822
-1.0
-1.0
4.77518
0.395937
4.0394
-1.0
4.8078
-1.0
0.290097
0.54468
-1.0
2.14353
1.86603
2.24395
1.56774
0.683934
-1.0
0.161253
2.56535
5.29252
0.313993
3.19268
0.152136
-1.0
0.725863
2.33783
0.188372
7.33161
0.397043
2.23612
0.126285
-1.0
0.493683
0.182997
0.533797
1.31622
4.29318
1.48669
1.46656
-1.0
0.343328
1.53952
-1.0
1.08556
-1.0
5.65713
-1.0
0.929753
0.268493
-1.0
0.611854
3.23378
0.508488
5.51518
-1.0
2.46635
2.40844
0.547976
0.245855
2.2372
1.09314
1.91129
0.335434
2.21131
0.763374
2.66251
1.41078
-1.0
-1.0
0.372631
0.0450989
1.66655
2.58833
0.569358
0.502824
4.34185
2.57962
0.70631
-1.0
0.620483
-1.0
0.327616
0.6295
3.10445
7.2333
3.72248
-1.0
7.68322
0.0521593
-1.0
0.738798
4.55209
1.53427
1.37167
-1.0
0.416346
-1.0
1.62035
1.86781
1.19401
0.74162
0.675161
-1.0
0.160344
3.41201
5.04862
-1.0
2.63666
-1.0
-1.0
1.68745
0.956573
-1.0
1.15032
0.14571
0.393828
0.309323
-1.0
1.51782
-1.0
0.430088
1.86241
0.943473
0.832177
-1.0
3.64706
-1.0
1.01848
0.0730019
0.124741
-1.0
-1.0
-1.0
0.547984
0.341594
-1.0
0.222302
2.07796
1.40765
4.61393
5.66378
1.82985
-1.0
2.14036
4.28364
-1.0
10.9704
-1.0
4.05048
5.76708
-1.0
0.269975
0.218467
0.572717
-1.0
4.69234
2.99222
-1.0
-1.0
1.38096
0.819655
-1.0
5.6765
0.668988
1.81945
-1.0
0.037583
0.172082
1.0137
1.34379
0.68054
6.49334
5.20758
0.210608
4.00458
2.26621
0.154834
0.57236
0.90822
3.89893
2.058
0.0281382
3.65192
0.134104
0.587959
-1.0
0.946551
-1.0
2.01708
0.145808
0.35206
4.53929
-1.0
3.79919
1.10138
-1.0
1.88327
0.41711
2.00454
11.3359
1.35488
3.46238
3.93799
0.0901812
0.973424
6.05992
5.71182
-1.0
-1.0
6.57667
-1.0
5.26942
0.0608035
-1.0
0.0820988
0.822588
7.63298
0.785199
2.72595
1.14283
1.51585
1.77805
7.76528
1.34627
2.81671
3.47699
1.73795
1.50134
1.05441
3.89152
-1.0
6.57413
1.54228
6.91124
0.710526
0.250173
3.84636
3.97911
0.547095
1.31619
0.352838
0.109903
0.404951
1.03623
-1.0
0.225605
2.20539
1.80917
-1.0
2.3185
0.370872
-1.0
-1.0
0.137115
1.43843
3.41026
1.24948
13.2059
0.0572038
0.318456
-1.0
0.870209
0.426959
2.76776
1.03099
0.166749
0.574481
-1.0
0.93784
1.37815
-1.0
2.785
4.17036
0.314537
2.53432
-1.0
8.83563
-1.0
0.425268
0.300532
0.0738114
2.98886
7.39987
-1.0
-1.0
4.78124
0.155452
0.0596605
0.26536
1.37233
0.742924
1.37851
0.87762
0.0423069
2.15331
1.30628
3.69278
-1.0
-1.0
-1.0
4.4815
2.85837
9.43109
1.18235
0.0510737
0.986324
1.95163
-1.0
1.47956
3.57619
1.33017
0.445893
-1.0
-1.0
5.50749
-1.0
1.96257
9.93124
1.1739
0.457548
6.51349
1.31455
-1.0
-1.0
1.74289
2.63202
1.12308
2.31481
0.128351
0.423206
1.52235
-1.0
1.42576
3.7418
-1.0
0.599283
-1.0
2.28131
-1.0
9.86951
-1.0
0.854478
-1.0
0.538172
1.40827
5.97812
0.826871
-1.0
0.543634
4.24751
3.33733
-1.0
1.6519
5.28942
2.38423
1.85133
-1.0
0.129539
4.12923
-1.0
-1.0
1.33057
1.43891
0.648644
1.36549
-1.0
5.3111
0.228411
0.393652
3.95447
0.522757
5.36645
1.09713
3.16204
-1.0
0.0198633
2.33224
0.439915
0.136628
-1.0
0.553355
4.34178
0.0940521
0.344871
-1.0
-1.0
-1.0
5.52778
-1.0
2.11633
0.291142
0.641669
-1.0
0.467173
0.18891
1.43541
0.201686
0.288452
0.625136
-1.0
1.23393
0.971488
4.7931
0.265894
6.1114
-1.0
-1.0
0.466856
4.58725
-1.0
7.10004
1.81557
1.74974
0.967301
-1.0
0.184629
0.127549
-1.0
2.95288
3.15227
1.18447
1.59348
1.88912
-1.0
3.43094
-1.0
0.0687879
9.39398
3.40503
0.0929858
1.83374
0.433587
0.601872
-1.0
9.09853
5.71402
1.41927
2.19086
-1.0
-1.0
0.252257
4.7505
6.70188
1.86739
1.73554
-1.0
-1.0
0.79556
2.29886
5.21935
-1.0
-1.0
0.113105
0.224377
0.724369
2.71002
0.0725728
0.551742
0.907429
0.472178
7.48818
2.26729
-1.0
-1.0
0.232441
0.214418
1.2496
-1.0
1.94724
1.00627
-1.0
1.52833
-1.0
2.17603
4.02496
0.41522
1.9754
1.06068
1.44409
-1.0
0.247719
1.22258
1.2938
4.0909
1.06796
1.66854
-1.0
5.24125
1.14236
0.692914
-1.0
0.284633
0.665094
0.976843
-1.0
3.96418
0.733622
7.79498
0.171975
-1.0
-1.0
0.272536
0.159536
1.20193
1.4439
2.03253
0.90902
0.49462
0.262502
0.45425
-1.0
0.943467
0.814245
1.62805
3.71512
0.921635
2.37698
3.19453
0.467165
0.587379
0.524124
0.290395
3.56864
0.131458
0.0378197
7.91386
1.62077
-1.0
0.917566
0.722182
5.76908
5.19877
5.21214
0.954442
3.44402
0.387557
1.16164
3.03863
2.64606
0.358543
-1.0
3.07711
1.2852
0.066541
0.283682
-1.0
-1.0
2.15159
1.33383
0.415178
4.00248
4.68539
7.58212
0.85603
4.8188
0.3228
2.45159
-1.0
-1.0
-1.0
2.42776
0.709397
7.72969
1.68212
0.989112
0.757609
-1.0
3.46794
0.800296
3.24246
0.107063
1.70177
2.42572
2.22429
-1.0
0.290186
1.039
-1.0
-1.0
2.84967
0.183113
1.70751
-1.0
1.04428
3.2341
0.0941625
0.489925
-1.0
-1.0
10.4857
2.73839
0.141382
0.435946
4.6882
3.24698
0.634639
1.34353
1.43568
0.724659
1.92643
-1.0
1.64638
-1.0
2.84026
-1.0
0.331553
1.30864
6.02726
-1.0
3.53468
4.40068
0.791472
0.830129
1.91529
2.11674
1.22718
0.347286
3.31533
0.321345
-1.0
-1.0
0.464352
0.75872
-1.0
-1.0
7.51747
0.140487
-1.0
0.148538
0.0729572
0.620742
-1.0
-1.0
-1.0
0.173292
5.58093
0.072177
0.258952
0.0403999
0.34463
0.566051
-1.0
-1.0
0.48357
3.09533
3.27347
1.97837
1.26316
0.0650182
0.921
0.110126
0.824192
0.243261
1.68485
0.368126
0.37887
-1.0
0.0888565
1.58942
1.74148
1.55418
0.0738221
1.28005
-1.0
-1.0
0.881439
-1.0
-1.0
0.378541
0.726906
-1.0
3.07517
0.146226
1.70954
0.600083
2.13012
4.41491
2.08967
0.485917
2.99111
0.629945
1.86405
-1.0
0.289409
3.10264
0.195898
-1.0
0.0403602
0.978961
0.131022
9.68642
0.808773
-1.0
1.68843
0.157973
3.67797
2.20343
0.230593
1.59693
3.50426
0.0413441
-1.0
2.71923
1.47991
3.22909
-1.0
0.705134
-1.0
0.464747
2.08944
1.09143
0.222272
-1.0
-1.0
1.03941
-1.0
-1.0
-1.0
4.81925
0.191374
2.85081
3.59319
1.69218
-1.0
-1.0
2.83515
0.631953
1.82904
0.161784
1.94092
0.605345
3.71388
1.60551
-1.0
3.79641
0.071544
0.049976
0.576219
2.75342
1.57204
-1.0
0.813296
-1.0
0.471017
1.01056
3.5781
1.65491
6.42273
4.05078
0.136561
-1.0
2.45178
1.06049
0.265426
0.141561
0.974577
0.289253
1.12654
4.43564
4.32172
-1.0
5.40134
-1.0
-1.0
2.39302
0.096373
1.35702
4.98462
2.87252
0.510363
6.88311
0.450549
3.01812
1.13962
5.74358
4.34221
0.500036
2.00633
0.0538914
2.10329
1.57505
1.80963
1.13729
-1.0
1.24269
-1.0
3.00407
0.132826
1.12746
-1.0
0.627748
1.52538
-1.0
-1.0
1.18657
0.309814
5.4248
2.99749
0.1139
0.279648
4.02464
-1.0
0.596057
-1.0
0.443775
2.15484
0.188485
0.709071
0.321759
-1.0
0.248895
-1.0
-1.0
0.740413
-1.0
0.431818
1.90152
2.85277
3.40903
4.24526
0.170363
0.606888
-1.0
0.408173
4.07628
3.75804
2.20366
0.684123
5.30277
0.111173
4.04394
1.1056
0.609985
2.37782
-1.0
0.969696
4.00724
1.22765
4.14198
0.754672
4.01785
4.84854
2.45711
-1.0
2.69956
-1.0
-1.0
-1.0
1.31085
-1.0
2.1881
0.279898
1.09991
3.7799
0.233337
1.23084
0.375338
-1.0
0.578929
8.71444
0.898429
2.74169
0.898579
1.43866
0.215861
0.196464
1.65836
0.199742
2.56585
5.97289
1.2457
0.951363
0.116679
-1.0
-1.0
1.94641
-1.0
-1.0
-1.0
0.791105
0.790606
1.8125
0.668307
3.61421
0.456951
6.00436
2.35434
0.156442
1.41547
1.44919
3.0684
0.0455432
0.419871
0.473856
-1.0
-1.0
0.169759
-1.0
0.25952
0.546001
-1.0
-1.0
0.343573
-1.0
0.931779
1.46214
-1.0
0.388929
-1.0
6.9152
0.0411647
0.651022
-1.0
0.618864
8.81472
0.65376
0.392674
4.35284
2.65965
1.47883
1.51755
-1.0
1.11416
1.20546
0.613129
3.12188
-1.0
0.930351
0.151618
-1.0
1.2169
0.48367
-1.0
4.83817
-1.0
0.142259
7.3158
2.47567
-1.0
-1.0
1.52913
2.00367
4.99833
0.187422
-1.0
1.19734
1.07026
5.00769
0.321981
1.45879
1.28741
0.508825
6.76066
0.0642957
1.22729
1.20768
0.0555048
7.70696
4.03874
4.35083
1.47249
3.13979
6.80424
0.337722
0.982808
0.241817
3.70604
0.378344
-1.0
1.05056
5.59059
0.899172
1.26741
0.601983
0.334791
-1.0
7.69857
3.59853
1.08386
0.494325
3.88489
1.67003
-1.0
0.0541879
-1.0
-1.0
1.03376
1.06694
-1.0
1.22736
1.14886
0.0272241
1.57988
2.28587
0.300373
1.73384
2.83069
-1.0
0.469055
2.07426
4.08835
0.06496
7.47012
0.325316
-1.0
1.32735
-1.0
2.06901
1.06623
5.80979
1.09783
0.108781
2.66979
0.837397
-1.0
0.591533
1.71634
4.58896
-1.0
2.2754
0.463558
4.11521
1.7661
0.719942
1.15497
1.64995
2.21207
-1.0
-1.0
4.46136
2.37869
0.695651
0.485124
0.163564
0.830735
0.402266
0.423698
0.425169
0.63045
-1.0
1.35053
3.76367
0.249171
1.11698
0.362444
2.62583
3.98168
0.38808
0.3682
-1.0
2.02778
0.21018
1.17564
4.82051
0.47935
0.552212
0.232132
1.49523
1.19087
0.300223
1.50365
-1.0
3.49679
-1.0
3.5498
0.260599
0.946072
2.15857
-1.0
0.25736
-1.0
5.99442
0.988175
-1.0
-1.0
2.30021
1.87931
2.10236
7.45031
0.409616
4.85052
0.926698
1.75246
2.70424
0.048909
0.611396
1.69365
-1.0
15.88
0.0567952
4.55855
0.34734
-1.0
-1.0
0.638838
-1.0
0.524699
-1.0
-1.0
1.14557
7.63171
-1.0
0.930181
8.27605
4.24512
-1.0
-1.0
-1.0
-1.0
-1.0
6.99111
-1.0
0.213298
3.57248
-1.0
11.5399
3.86182
4.46991
0.726042
0.0621714
0.680089
-1.0
2.97986
0.120935
0.229241
3.07668
6.81278
1.44491
0.93775
2.12865
7.45224
0.336474
-1.0
1.84837
12.1649
0.987431
0.441429
0.828609
0.781725
0.622307
2.20893
-1.0
0.818872
-1.0
1.01584
0.554722
7.93297
1.99786
0.268555
-1.0
-1.0
0.439281
0.508627
0.0655559
4.3826
3.39997
-1.0
1.10724
-1.0
0.908875
8.28905
-1.0
2.19854
1.06447
2.27787
-1.0
6.27372
4.48111
-1.0
0.138408
3.2077
-1.0
3.66504
0.130015
0.464525
0.737715
-1.0
0.2762
-1.0
0.836472
-1.0
-1.0
0.22806
0.582021
-1.0
0.533327
0.548628
0.275892
3.00393
2.0875
0.221587
0.422287
0.237545
3.47221
0.40137
-1.0
4.0819
1.44048
-1.0
1.30632
7.01285
20.6063
0.597642
3.00726
0.712184
2.35772
0.807771
-1.0
0.17375
1.41983
0.504787
1.44431
-1.0
4.99715
0.293412
3.47095
-1.0
0.0814462
1.99032
-1.0
3.41797
1.28947
0.261327
0.197449
5.16338
1.14127
1.41568
7.24807
0.0652241
0.89128
0.164845
1.80441
2.93047
0.743251
-1.0
-1.0
0.434356
-1.0
3.84063
1.44941
3.58676
-1.0
-1.0
0.0558974
0.826102
-1.0
0.0854396
0.275993
13.8353
2.54191
1.30093
-1.0
0.951802
-1.0
0.480023
0.61285
0.438517
-1.0
-1.0
-1.0
0.282282
1.05467
0.491842
1.6809
4.46844
0.381965
1.01484
0.62418
1.61049
-1.0
3.14752
11.9287
4.75673
2.99625
-1.0
1.61637
-1.0
1.38257
0.930151
1.07004
0.792318
-1.0
4.2026
0.133909
1.5573
2.11117
1.73351
0.0979785
-1.0
0.877855
-1.0
-1.0
0.615841
2.81299
1.90752
-1.0
2.0304
0.0997334
-1.0
-1.0
-1.0
0.253697
0.127775
-1.0
1.3737
-1.0
0.107733
0.131148
3.00565
3.61782
-1.0
0.156888
-1.0
4.29652
2.21813
6.56705
1.9592
0.950362
-1.0
-1.0
-1.0
-1.0
0.372626
0.420724
5.07666
0.440869
6.61755
3.73826
2.28514
2.06166
0.866622
4.99873
4.26969
1.57394
2.9595
3.35314
-1.0
7.12819
0.32535
5.94559
3.06084
1.11576
1.97982
0.668655
0.824047
3.18406
3.07193
2.04944
2.24322
0.720939
0.335295
0.0368608
5.96767
0.196836
-1.0
-1.0
5.2061
0.0296347
0.783498
0.107245
1.17448
-1.0
0.138476
2.55864
5.70252
0.657935
-1.0
1.26108
1.08166
6.29279
-1.0
0.925331
-1.0
0.131282
2.64983
0.219295
2.53432
5.15164
-1.0
-1.0
1.20689
1.89363
-1.0
2.5835
1.77344
0.97472
2.5811
0.256744
-1.0
-1.0
0.245085
0.78773
0.67091
-1.0
2.92322
-1.0
0.30425
0.0421385
1.93746
2.22796
3.61579
2.49548
0.996564
0.486259
0.111162
-1.0
-1.0
0.213544
0.247949
0.344811
0.0566199
0.705117
2.23789
0.644453
0.968549
0.061333
1.21244
0.896877
0.629337
0.581969
-1.0
-1.0
-1.0
0.883027
0.541714
2.11727
0.479163
-1.0
6.03155
-1.0
2.19893
1.44977
0.0632803
1.06017
8.18002
0.229217
-1.0
0.976155
-1.0
2.93487
9.57918
0.286951
0.536078
1.95216
2.16583
1.0453
-1.0
1.47186
2.31338
2.51701
1.43552
1.58228
8.52835
0.0347926
-1.0
1.17624
0.267167
0.418454
1.21828
0.197049
0.0652457
-1.0
2.04255
0.912468
0.443258
1.12809
0.471524
3.21909
6.11503
2.27946
-1.0
1.36418
0.30773
-1.0
1.50866
0.0723192
4.98346
7.21085
5.39757
-1.0
0.502972
-1.0
0.632716
1.44766
1.32942
0.927131
0.331062
2.56017
4.48599
0.399038
0.523763
0.269676
-1.0
9.66406
-1.0
-1.0
-1.0
0.870326
-1.0
0.486923
-1.0
-1.0
2.22573
2.14998
0.154371
0.663725
0.488233
-1.0
-1.0
1.11645
-1.0
-1.0
1.28617
1.8665
2.47057
2.65921
0.14425
1.12065
9.39102
2.23317
5.45276
5.56618
0.454389
0.623946
0.229536
0.0819254
0.161458
-1.0
1.7068
0.675478
1.28527
0.163405
0.868431
0.368335
0.731141
0.572891
0.64606
1.27209
0.593171
3.85141
3.15932
1.55446
6.93634
0.534461
-1.0
-1.0
0.284527
0.151907
1.54257
1.5196
0.44702
4.05357
7.46962
2.49025
-1.0
1.11914
1.35211
1.79318
0.889498
0.499921
7.49167
9.65511
1.60432
1.34041
1.1362
0.427766
7.87586
0.474828
7.2092
0.590922
3.2875
2.36918
0.649965
1.56384
0.67892
1.24113
0.529082
-1.0
-1.0
2.98811
2.81844
-1.0
3.43661
0.129723
0.158194
2.60305
0.192529
1.72524
-1.0
0.407697
0.648989
3.22214
-1.0
4.46107
2.3779
0.545442
0.48136
0.386256
-1.0
0.315415
-1.0
5.80684
-1.0
0.655535
4.06486
0.304665
0.925302
0.287603
1.75104
1.77776
0.56876
-1.0
13.4332
-1.0
1.62526
-1.0
2.09613
-1.0
0.720484
0.0341935
4.78287
0.804896
0.109008
3.78497
-1.0
1.73041
-1.0
0.666572
2.51063
-1.0
0.7828
-1.0
1.62041
0.259783
0.0285813
-1.0
0.134379
-1.0
0.96505
2.69032
0.988595
1.29126
-1.0
2.77023
0.61099
1.91326
1.87218
-1.0
2.06565
-1.0
1.95305
-1.0
0.815804
1.3486
-1.0
-1.0
-1.0
5.2979
-1.0
0.751527
0.716621
3.09222
1.06411
0.978707
0.44837
1.19292
1.15459
-1.0
3.53812
1.36322
2.31346
3.30277
3.42903
3.64807
0.271446
3.71096
-1.0
-1.0
-1.0
0.0476662
-1.0
-1.0
0.863837
0.260026
1.2841
1.6027
0.259238
-1.0
0.968263
5.69972
-1.0
3.59803
0.781456
0.124387
5.36537
-1.0
0.0427347
0.60007
-1.0
0.135943
2.35742
0.267814
-1.0
-1.0
4.11993
0.428729
0.611798
1.00389
1.46037
0.330895
0.535171
2.7386
1.88439
-1.0
-1.0
2.02665
-1.0
2.94175
1.17023
-1.0
0.491156
-1.0
0.118559
0.0519458
-1.0
1.73276
0.628562
-1.0
0.391361
0.770168
8.01595
2.55182
-1.0
0.940557
1.64853
-1.0
2.33151
6.49357
0.560425
0.169837
-1.0
1.13335
-1.0
5.47819
1.18424
3.87264
4.1445
-1.0
0.572175
1.97828
0.169187
0.490007
1.82097
0.0522509
0.130619
1.49521
-1.0
1.19368
0.988912
3.78666
-1.0
0.175321
3.05835
-1.0
-1.0
2.49649
0.963758
0.917631
4.70853
0.217598
1.23982
3.31086
1.02999
0.510407
-1.0
-1.0
0.75217
0.707767
2.10701
0.930238
1.55132
2.35691
5.15753
2.02872
0.372591
8.41249
3.55576
-1.0
2.08266
0.544828
4.95418
0.768838
0.214346
0.866304
5.34466
-1.0
0.192928
0.0706853
8.31658
-1.0
-1.0
-1.0
5.88077
0.549247
0.333513
2.03281
-1.0
4.70718
1.12225
0.0964223
0.785262
0.518191
3.07693
0.182433
1.21267
0.229701
0.474975
0.262128
1.80414
4.08727
0.306195
-1.0
0.625444
1.54171
0.864101
-1.0
5.52113
0.0913732
-1.0
4.12523
1.26867
4.09744
-1.0
0.755657
1.8902
2.50804
-1.0
-1.0
1.13438
-1.0
0.0794014
0.558819
-1.0
7.14597
-1.0
2.86642
0.41415
0.102617
0.689327
-1.0
2.05228
-1.0
-1.0
0.853455
0.401831
1.53424
7.74951
0.714698
7.93219
3.10496
0.444639
-1.0
0.294696
-1.0
0.544372
0.530289
1.07629
0.983418
0.884195
3.30411
0.874861
1.28112
0.222035
2.33767
3.81457
0.62521
0.820369
5.381
2.55783
0.11042
2.9196
0.0318232
-1.0
-1.0
1.31974
1.24613
-1.0
1.79289
0.5715
0.649461
-1.0
-1.0
1.71516
2.22909
0.953596
2.53104
0.025463
2.52782
0.891542
-1.0
8.48857
-1.0
1.19578
0.764332
1.31447
0.504184
0.410896
-1.0
-1.0
1.96139
0.0769428
0.747587
-1.0
-1.0
1.24474
4.35597
-1.0
0.520937
0.42699
4.08084
3.34483
1.66502
-1.0
0.244024
3.67603
3.74682
0.633833
0.049417
5.0995
1.28374
2.69829
2.95279
3.32143
-1.0
3.98237
0.565451
-1.0
-1.0
3.25055
1.08217
1.22659
-1.0
-1.0
0.682994
-1.0
-1.0
2.72321
0.991088
1.11937
2.05364
0.0829719
-1.0
0.985906
1.68893
2.49563
0.805551
2.88784
0.100167
0.495032
0.260345
3.52372
1.78781
0.777712
0.285968
-1.0
-1.0
-1.0
0.214131
-1.0
1.60952
1.32825
-1.0
9.96052
2.65982
1.11339
0.884526
1.89158
2.30916
1.55853
-1.0
13.2372
0.325596
-1.0
0.912485
2.49714
-1.0
1.1838
4.38075
-1.0
0.139752
12.0386
0.124341
-1.0
0.241065
3.27501
3.82879
1.27821
4.44033
0.517604
1.31787
7.126
2.58823
2.508
2.10913
0.814387
1.15925
0.307315
0.331487
2.10577
1.54507
0.0415681
-1.0
-1.0
5.04867
-1.0
1.84887
0.460926
1.597
1.45548
0.33727
0.105035
3.5114
2.44864
1.30251
2.747
4.48797
2.24811
-1.0
-1.0
-1.0
-1.0
1.23328
0.769529
0.491455
5.89933
0.363513
0.601102
0.661218
0.578995
1.11535
0.930646
-1.0
3.41495
1.67883
4.90718
1.20253
1.68934
1.34943
2.24773
5.15862
1.50002
0.401064
0.0962059
0.170117
0.0430509
1.47048
0.697126
4.49622
3.17152
0.0432067
0.159034
1.25184
1.09216
0.15988
0.0658328
0.758633
3.68938
1.71847
3.79554
-1.0
-1.0
0.55732
1.12498
-1.0
1.35942
1.3199
4.7
10.4219
1.21893
0.656097
1.9847
1.11867
0.195273
1.23526
1.43521
1.18291
-1.0
11.2813
4.9425
0.0369991
1.49218
6.0155
6.20382
5.14993
2.47349
2.04104
0.0252075
9.04028
1.74216
-1.0
0.0743183
1.71099
0.593468
-1.0
1.40367
-1.0
1.57332
4.39008
0.943354
0.390671
7.92305
4.11403
-1.0
2.5071
0.0765181
3.37028
0.529996
3.15151
0.472364
-1.0
0.0884405
0.917089
7.77264
-1.0
-1.0
1.26315
0.241791
-1.0
0.963355
0.0735429
-1.0
3.98353
4.26038
2.42443
-1.0
0.0275592
3.42792
2.21373
1.49326
0.510284
0.521295
1.58553
-1.0
-1.0
-1.0
-1.0
4.27257
2.07289
0.457893
-1.0
-1.0
-1.0
2.5578
-1.0
5.60336
0.504531
3.42637
7.8283
0.0162273
0.219477
0.400661
4.15532
2.0151
0.582864
-1.0
0.273668
0.529664
1.29749
-1.0
1.30453
4.04728
1.52248
1.40149
-1.0
1.19231
0.111034
-1.0
0.749155
-1.0
0.436741
0.157399
0.212467
0.73255
0.0583877
-1.0
0.426485
3.02205
-1.0
0.593043
0.754153
2.71277
0.512898
0.975514
0.891988
0.659183
1.02142
-1.0
6.51473
2.21674
2.97633
0.173038
0.592373
1.53907
0.0579794
-1.0
2.03459
-1.0
0.538713
0.744401
-1.0
4.43917
1.71946
3.2712
2.05755
1.53679
-1.0
-1.0
0.270256
8.13562
-1.0
0.138852
1.00424
0.527818
5.00512
3.88503
0.451534
0.552624
0.326011
0.0658231
1.11014
3.25856
1.08552
0.137216
6.14207
-1.0
2.05518
0.566547
0.515858
-1.0
3.79366
1.48409
8.16695
-1.0
-1.0
3.83254
7.55223
-1.0
1.77151
0.855008
-1.0
-1.0
1.62587
-1.0
3.45353
2.83852
3.82145
0.338849
-1.0
2.14877
-1.0
2.92237
-1.0
5.07306
3.01346
0.595285
3.1132
1.17197
0.96141
-1.0
-1.0
1.56576
-1.0
0.0572938
1.56963
-1.0
-1.0
1.01401
1.72557
0.321077
-1.0
-1.0
0.409606
3.0739
0.90879
0.326438
0.115744
0.0884925
-1.0
0.140794
-1.0
2.60393
6.08483
1.77921
1.48285
2.39585
0.152233
0.156483
-1.0
0.387628
0.630719
-1.0
0.235179
1.08788
0.035745
1.28635
0.132715
-1.0
2.41445
1.09189
-1.0
0.378877
0.164057
5.75976
2.26125
2.32388
0.186813
2.08749
3.04589
1.05329
1.47068
1.15623
3.01515
0.028194
1.34709
3.88443
4.87427
0.370076
-1.0
2.85582
-1.0
1.11409
-1.0
0.155077
0.622151
0.675891
0.331411
0.706127
0.587684
0.647124
2.68084
1.2988
1.94613
1.84057
0.945907
-1.0
1.27561
2.08333
0.474388
2.20578
0.48983
0.278427
0.050869
2.98606
1.25527
-1.0
3.18257
0.0548099
0.710328
-1.0
0.194786
0.720706
5.03197
1.31081
0.181871
-1.0
1.84299
2.22001
0.380612
3.85605
4.93191
2.82423
-1.0
0.105888
3.58934
0.0624147
3.53444
1.3147
-1.0
-1.0
-1.0
0.559376
5.2972
0.38174
0.101708
2.06381
0.0813049
1.19869
1.54756
0.965426
-1.0
1.76057
0.151592
-1.0
-1.0
2.39658
-1.0
0.27272
0.763183
0.279212
2.07922
0.661104
1.1577
2.65411
2.26467
1.55337
0.292705
2.71336
-1.0
0.838934
0.66241
-1.0
0.179708
2.07744
3.48641
3.84139
-1.0
2.44484
-1.0
-1.0
1.16795
0.182934
4.13726
1.46419
0.106445
0.255233
2.75185
0.766194
0.596013
0.786919
0.406504
0.134348
-1.0
-1.0
-1.0
2.00865
0.930119
0.145232
0.403542
1.80125
4.16194
2.01508
2.90545
-1.0
4.58066
-1.0
2.16346
0.756601
1.72698
1.45284
-1.0
0.367982
4.57942
-1.0
0.0860014
-1.0
0.107297
2.77415
1.23086
-1.0
11.4434
0.714778
0.452035
0.781968
1.6882
10.5577
-1.0
0.69386
1.80843
-1.0
0.8093
-1.0
0.150329
0.459748
1.78294
1.61268
6.50232
-1.0
12.1088
1.46945
0.267324
0.466462
-1.0
-1.0
2.63083
0.381703
1.20592
-1.0
-1.0
0.785204
4.24909
0.796821
0.307881
1.88185
2.65765
0.314337
0.908052
1.54765
3.00603
1.42087
0.684674
2.78442
-1.0
0.0372671
0.0404046
2.73372
0.132007
2.87274
0.901553
0.371267
-1.0
-1.0
0.0216274
5.48339
-1.0
0.0945531
0.355532
0.19998
1.15414
-1.0
0.270284
0.564588
0.531569
0.106239
4.89353
0.61069
4.21129
-1.0
0.649834
1.59323
0.641801
1.03588
-1.0
-1.0
1.70689
0.488732
1.25389
0.288038
-1.0
1.608
4.03925
-1.0
-1.0
