0.71268
0.443503
0.880498
0.286912
0.36339
0.544131
0.402906
0.287391
0.713372
0.520372
0.503118
0.22316
0.562476
0.581936
0.727527
0.873223
0.817442
0.224132
0.56313
0.201129
0.253049
0.806149
0.999986
0.962581
0.869765
0.997175
0.762229
0.864339
0.556225
0.247233
0.282548
0.631745
0.975265
0.228393
0.250652
0.50565
0.821186
0.688972
0.301841
0.642626
0.56502
0.800221
0.293614
0.408826
0.294119
0.48354
0.793878
0.461572
0.321123
0.719813
0.964436
0.841225
0.281073
0.684883
0.667808
0.74329
0.995551
0.995007
0.723187
0.738024
0.872513
0.89867
0.921513
0.799233
0.994661
0.661677
0.880669
0.55189
0.457687
0.433658
0.288144
0.41884
0.998351
0.722727
0.413344
0.209218
0.303222
0.756883
0.540197
0.638515
0.406688
0.711574
0.597788
0.661671
0.586652
0.635995
0.388744
0.245435
0.246056
0.998272
0.259779
0.720417
0.575819
0.514349
0.487129
0.992795
0.802973
0.866023
0.617504
0.995846
0.257359
0.732423
0.798186
0.972651
0.228266
0.832497
0.683311
0.901949
0.748722
0.809385
0.664133
0.959508
0.908004
0.602232
0.651492
0.861219
0.531048
0.278092
0.338717
0.630677
0.786088
0.814369
0.668737
0.265828
0.385405
0.429551
0.537716
0.224994
0.416204
0.996434
0.332816
0.749462
0.570226
0.806332
0.771192
0.665852
0.463223
0.429037
0.716653
0.277716
0.769855
0.596286
0.971814
0.555195
0.745978
0.554294
0.240338
0.430258
0.804962
0.334343
0.502928
0.833181
0.860757
0.723556
0.308516
0.858267
0.544566
0.860257
0.200293
0.792939
0.783083
0.384624
0.843005
0.8128
0.785951
0.550748
0.559248
0.818929
0.843651
0.81832
0.747765
0.74018
0.692383
0.826465
0.333321
0.811736
0.361376
0.894285
0.837098
0.310075
0.631292
0.36439
0.330809
0.372462
0.79874
0.918554
0.580987
0.812467
0.795081
0.539635
0.653202
0.734717
0.852688
0.994283
0.307491
0.999218
0.693671
0.394696
0.232879
0.678232
0.868294
0.99757
0.621825
0.293731
0.659993
0.354683
0.789795
0.710923
0.921547
0.378565
0.824083
0.578449
0.230416
0.649997
0.346632
0.99777
0.336705
0.503272
0.522713
0.961944
0.527264
0.397124
0.487653
0.855582
0.71761
0.78294
0.508645
0.998267
0.354799
0.390981
0.37408
0.876576
0.82308
0.818724
0.32775
0.348433
0.711547
0.275995
0.721585
0.663363
0.668033
0.630571
0.928335
0.548889
0.994541
0.497906
0.333746
0.991331
0.243861
0.898749
0.216281
0.534044
0.615794
0.388829
0.321503
0.834081
0.363466
0.229271
0.795529
0.838969
0.661786
0.520153
0.916403
0.286109
0.754458
0.548991
0.951001
0.539164
0.946422
0.789108
0.760322
0.499158
0.229681
0.78285
0.874051
0.304073
0.282254
0.282254
0.281416
0.820779
0.560286
0.254856
0.416599
0.882069
0.590306
0.802781
0.691787
0.207306
0.499926
0.790068
0.523882
0.442178
0.875806
0.386813
0.76965
0.846108
0.872669
0.888261
0.740418
0.655462
0.802781
0.450985
0.886321
0.257894
0.747973
0.423916
0.481926
0.417662
0.66641
0.752702
0.774285
0.833305
0.803154
0.282348
0.716293
0.312977
0.498002
0.670892
0.240286
0.203344
0.223845
0.355023
0.917504
0.716059
0.308675
0.762426
0.900446
0.497611
0.486497
0.591644
0.697917
0.215745
0.88374
0.481529
0.726023
0.533196
0.34396
0.836256
0.993886
0.388402
0.264147
0.381046
0.98097
0.661273
0.502332
0.980825
0.61761
0.858105
0.643128
0.850183
0.246866
0.281383
0.687677
0.696179
0.642151
0.75114
0.457649
0.970174
0.751976
0.428691
0.577657
0.786202
0.72022
0.929019
0.998348
0.727369
0.314104
0.827409
0.301943
0.293062
0.637317
0.857892
0.854504
0.331578
0.65459
0.995102
0.756412
0.726545
0.779378
0.7245
0.63308
0.418172
0.848199
0.819772
0.871504
0.995447
0.79947
0.461804
0.356038
0.298171
0.994232
0.504258
0.79831
0.547421
0.811682
0.330637
0.615157
0.642787
0.514157
0.391863
0.61291
0.561171
0.420237
0.456938
0.634735
0.206262
0.436696
0.902269
0.704539
0.394914
0.633521
0.884333
0.37547
0.842603
0.844355
0.256218
0.583633
0.85206
0.643912
0.43903
0.72959
0.749346
0.471291
0.614101
0.992016
0.333216
0.4624
0.805727
0.872289
0.776147
0.772899
0.206033
0.251381
0.283955
0.375443
0.533349
0.319738
0.518997
0.243075
0.887646
0.459049
0.648871
0.999587
0.855377
0.416216
0.796355
0.276969
0.791149
0.631046
0.34295
0.838839
0.257719
0.851124
0.268087
0.737358
0.669737
0.59548
0.792941
0.895798
0.922908
0.576759
0.600151
0.94685
0.864865
0.550359
0.420261
0.761631
0.578008
0.241257
0.768048
0.242169
0.251543
0.683833
0.515894
0.640549
0.706338
0.994359
0.430974
0.55255
0.930897
0.206198
0.349916
0.563802
0.544343
0.408996
0.93719
0.379222
0.475628
0.873588
0.772107
0.668511
0.289052
0.706098
0.690888
0.364557
0.99954
0.856321
0.366343
0.999494
0.302598
0.681785
0.382205
0.699912
0.643401
0.801269
0.586574
0.500323
0.30386
0.689348
0.999983
0.744603
0.602751
0.80172
0.740741
0.213625
0.459418
0.621689
0.985098
0.761796
0.660373
0.776587
0.713698
0.749112
0.55877
0.390128
0.818299
0.749013
0.224245
0.579388
0.771877
0.470074
0.518642
0.392083
0.222673
0.861108
0.820225
0.548608
0.835532
0.89169
0.857247
0.740652
0.33508
0.306165
0.428126
0.552902
0.497897
0.706514
0.887499
0.753933
0.859754
0.480247
0.620826
0.799638
0.691514
0.615128
0.669972
0.489746
0.36904
0.220323
0.748211
0.284462
0.216533
0.209339
0.667547
0.999744
0.227028
0.363963
0.827116
0.278363
0.794052
0.62499
0.691729
0.979778
0.302658
0.7721
0.453737
0.922711
0.716977
0.255014
0.760677
0.787969
0.294475
0.807328
0.999961
0.40166
0.317516
0.242562
0.814506
0.578829
0.802544
0.807729
0.46062
0.636458
0.838256
0.497117
0.85668
0.745481
0.578273
0.625488
0.736045
0.943368
0.203258
0.538543
0.631189
0.277974
0.781764
0.428339
0.622729
0.353392
0.804602
0.395405
0.849915
0.320411
0.812354
0.999615
0.737889
0.803326
0.579571
0.629123
0.240854
0.622727
0.533069
0.992825
0.716058
0.215515
0.713259
0.817814
0.788181
0.537457
0.493631
0.998958
0.207587
0.825928
0.230627
0.277073
0.665251
0.504073
0.822085
0.994748
0.375571
0.2307
0.354181
0.646373
0.944209
0.483773
0.937151
0.796756
0.221582
0.763909
0.217607
0.679206
0.85274
0.668403
0.383974
0.406867
0.371345
0.719007
0.649984
0.239414
0.502756
0.430924
0.420633
0.349247
0.461154
0.735313
0.874419
0.864534
0.999765
0.684918
0.576569
0.465773
0.893286
0.999796
0.530006
0.671785
0.476913
0.97525
0.874171
0.840869
0.382944
0.333052
0.748303
0.754019
0.551453
0.936563
0.58204
0.510794
0.66949
0.709914
0.5446
0.977102
0.434724
0.689428
0.846876
0.775522
0.85714
0.624009
0.299266
0.773221
0.830732
0.414607
0.369383
0.644493
0.310661
0.56799
0.813185
0.85736
0.883457
0.40859
0.423333
0.530061
0.681059
0.335312
0.70125
0.422851
0.805963
0.451926
0.859695
0.550853
0.303555
0.810026
0.364056
0.900717
0.687559
0.577173
0.676597
0.409342
0.325037
0.503868
0.215349
0.230586
0.757833
0.351629
0.703452
0.802782
0.944384
0.704532
0.900316
0.2284
0.718069
0.748246
0.579017
0.764773
0.857413
0.660575
0.452793
0.657168
0.227569
0.897916
0.803441
0.245468
0.602512
0.874554
0.461343
0.427905
0.620239
0.821089
0.455517
0.49884
0.333336
0.922614
0.644139
0.323707
0.500404
0.280848
0.406825
0.777917
0.379515
0.410142
0.459389
0.315911
0.516765
0.844876
0.532305
0.666997
0.513279
0.97042
0.974567
0.625689
0.829397
0.832344
0.867008
0.709961
0.867114
0.469007
0.756427
0.394066
0.981742
0.7824
0.588151
0.845535
0.595058
0.700523
0.747797
0.972953
0.867435
0.441385
0.894182
0.962296
0.287354
0.947201
0.488477
0.812475
0.354699
0.200014
0.675719
0.286179
0.76541
0.285635
0.726259
0.518964
0.81061
0.941182
0.526484
0.346991
0.573018
0.768626
0.733069
0.671522
0.317801
0.743597
0.777894
0.303578
0.248924
0.394455
0.269569
0.82673
0.238566
0.579183
0.384281
0.491136
0.678167
0.233629
0.659174
0.288545
0.808396
0.346682
0.786651
0.526386
0.598591
0.399837
0.83264
0.589217
0.208879
0.69451
0.217927
0.311886
0.498848
0.334056
0.731774
0.282192
0.499522
0.716314
0.817901
0.383778
0.979817
0.888004
0.807236
0.675516
0.421483
0.200176
0.974247
0.253162
0.441144
0.780234
0.905185
0.947343
0.501012
0.839585
0.269039
0.531803
0.813898
0.320667
0.287512
0.985315
0.458268
0.401579
0.78783
0.6411
0.988613
0.999145
0.683146
0.961102
0.477683
0.245475
0.57747
0.864282
0.271415
0.867562
0.356513
0.855396
0.787334
0.647339
0.999878
0.261861
0.57433
0.773012
0.999525
0.736113
0.768851
0.704726
0.438429
0.72205
0.497855
0.770382
0.410093
0.748959
0.204017
0.642173
0.683366
0.417813
0.22606
0.718911
0.648357
0.419036
0.674568
0.946556
0.489193
0.276897
0.776075
0.244123
0.920199
0.28668
0.836367
0.217301
0.215944
0.315078
0.534092
0.84093
0.706953
0.57959
0.355605
0.969698
0.340138
0.291457
0.52646
0.389829
0.440087
0.738947
0.64704
0.30417
0.926903
0.368088
0.882774
0.87102
0.392885
0.279112
0.811439
0.291864
0.869435
0.587961
0.999959
0.452863
0.927223
0.631453
0.727882
0.2894
0.996934
0.901601
0.722326
0.738009
0.67179
0.497397
0.361926
0.774123
0.679966
0.202286
0.685704
0.775587
0.270705
0.34778
0.581018
0.997969
0.615542
0.999272
0.327997
0.790601
0.29913
0.525597
0.614399
0.3681
0.627047
0.464534
0.846056
0.305033
0.781346
0.320284
0.631698
0.583216
0.829338
0.558206
0.316213
0.396141
0.367253
0.770379
0.804229
0.758978
0.742094
0.560933
0.517333
0.689564
0.801451
0.624866
0.999296
0.788182
0.910023
0.471463
0.222791
0.855527
0.605879
0.474491
0.892047
0.508287
0.47328
0.995427
0.508052
0.642988
0.364026
0.85285
0.630007
0.624673
0.630845
0.889012
0.227953
0.973109
0.850727
0.545145
0.586934
0.87717
0.970928
0.672269
0.553241
0.373715
0.730761
0.855015
0.339513
0.667331
0.493641
0.747775
0.219052
0.713092
0.264746
0.842961
0.944447
0.572993
0.872245
0.44058
0.237359
0.60413
0.832624
0.803558
0.2282
0.382485
0.303806
0.748764
0.274623
0.914698
0.897641
0.846198
0.99986
0.620578
0.49221
0.600912
0.559765
0.587481
0.639858
0.362708
0.997043
0.420149
0.98094
0.464157
0.655082
0.340806
0.578446
0.664751
0.395175
0.517204
0.281309
0.321526
0.711324
0.911272
0.465049
0.387255
0.385355
0.461403
0.318069
0.37845
0.371201
0.870005
0.785709
0.340265
0.778169
0.813576
0.666831
0.754513
0.777923
0.444448
0.330367
0.233549
0.740048
0.671055
0.800122
0.997512
0.315031
0.339323
0.769031
0.287958
0.507981
0.881683
0.901257
0.500308
0.92208
0.91477
0.698747
0.469737
0.960427
0.515853
0.895769
0.549106
0.876094
0.55421
0.45524
0.885666
0.908266
0.499342
0.229981
0.862566
0.412495
0.376439
0.984064
0.352551
0.470068
0.9992
0.984531
0.568485
0.743228
0.511945
0.380382
0.500171
0.376304
0.389354
0.511109
0.775727
0.485341
0.8635
0.584952
0.716365
0.289491
0.897023
0.306592
0.856178
0.66312
0.630603
0.773005
0.393874
0.332689
0.569692
0.908816
0.239495
0.636311
0.928875
0.500476
0.515031
0.796041
0.454949
0.750659
0.508241
0.759635
0.28972
0.507604
0.839636
0.497069
0.339094
0.770353
0.659775
0.215187
0.923246
0.857005
0.854223
0.970564
0.282604
0.660031
0.378109
0.696768
0.497948
0.968638
0.820378
0.46201
0.539526
0.833465
0.531658
0.666841
0.605221
0.263849
0.537846
0.931006
0.756083
0.329101
0.75465
0.926341
0.820911
0.858466
0.856991
0.398787
0.794987
0.892302
0.470995
0.671469
0.335323
0.855182
0.441925
0.84293
0.324813
0.743142
0.801687
0.751677
0.280781
0.342752
0.755243
0.336636
0.240375
0.87016
0.733163
0.301277
0.540779
0.631456
0.449055
0.999046
0.644533
0.872692
0.777387
0.594158
0.344382
0.55448
0.220499
0.260484
0.984221
0.764745
0.528511
0.631159
0.96623
0.844777
0.537126
0.999896
0.659052
0.503059
0.591375
0.408959
0.764226
0.425042
0.547234
0.890301
0.780277
0.238688
0.472593
0.509683
0.874189
0.994266
0.800556
0.331699
0.331376
0.914539
0.55931
0.400209
0.973229
0.609026
0.442769
0.864584
0.459357
0.721465
0.589778
0.357041
0.770094
0.846209
0.303769
0.834084
0.999952
0.256038
0.690187
0.787522
0.865332
0.287383
0.862123
0.91818
0.927896
0.829764
0.818027
0.460819
0.504374
0.798033
0.205545
0.778839
0.869569
0.749777
0.645196
0.799728
0.56553
0.872963
0.432939
0.799477
0.20041
0.681397
0.471877
0.928552
0.8628
0.307291
0.759715
0.668107
0.689841
0.23715
0.858061
0.932564
0.910108
0.818798
0.916844
0.764278
0.476135
0.422309
0.955657
0.242646
0.827876
0.782571
0.695687
0.854993
0.780528
0.791887
0.855666
0.589421
0.887138
0.816524
0.209462
0.57386
0.691416
0.602609
0.417186
0.475322
0.782509
0.762886
0.484857
0.246145
0.251139
0.638905
0.89501
0.899781
0.598394
0.826432
0.938465
0.693154
0.506209
0.488796
0.679662
0.34218
0.818985
0.315737
0.787681
0.999915
0.284484
0.717492
0.999952
0.364899
0.67662
0.688543
0.774655
0.440299
0.806001
0.225894
0.342948
0.521762
0.999908
0.887058
0.371693
0.323621
0.263853
0.762649
0.998576
0.796757
0.419293
0.83052
0.721931
0.745276
0.916432
0.21667
0.762656
0.285007
0.32552
0.302825
0.893422
0.999606
0.351514
0.856898
0.484785
0.858824
0.225633
0.995881
0.817551
0.562832
0.865399
0.906184
0.921875
0.626875
0.714287
0.643847
0.226407
0.489224
0.837123
0.853551
0.866329
0.817755
0.976656
0.597976
0.746797
0.344458
0.424593
0.715984
0.448356
0.635142
0.926848
0.423836
0.284845
0.629815
0.483877
0.909022
0.512595
0.833353
0.83238
0.551899
0.801791
0.774268
0.871458
0.759315
0.63402
0.573597
0.567712
0.640081
0.21565
0.708165
0.608237
0.893063
0.246663
0.854807
0.778086
0.812411
0.382821
0.959814
0.783736
0.845722
0.777396
0.691245
0.395471
0.623827
0.541648
0.335403
0.849168
0.391312
0.666938
0.215489
0.887982
0.867338
0.703756
0.507107
0.789199
0.656993
0.218302
0.205766
0.229373
0.84629
0.885684
0.753075
0.877154
0.327684
0.396511
0.860908
0.516949
0.55767
0.909222
0.442594
0.980306
0.209074
0.898556
0.554674
0.369604
0.902441
0.308157
0.80906
0.31485
0.21542
0.203094
0.231181
0.787491
0.885682
0.676871
0.652907
0.55506
0.8322
0.3801
0.865428
0.732357
0.57198
0.321199
0.577154
0.421607
0.973677
0.799685
0.85986
0.444992
0.999014
0.386958
0.745988
0.840508
0.822631
0.798225
0.471928
0.255038
0.996074
0.712292
0.88655
0.821254
0.747744
0.277807
0.833733
0.787203
0.497986
0.675648
0.740224
0.28533
0.285567
0.634469
0.232639
0.568439
0.226048
0.202399
0.757614
0.684183
0.486778
0.679385
0.335909
0.643535
0.204925
0.747018
0.612999
0.296593
0.809958
0.902409
0.570896
0.471527
0.426204
0.860061
0.339891
0.241789
0.694136
0.488754
0.745144
0.695253
0.704796
0.469966
0.750767
0.783606
0.799751
0.857134
0.64863
0.836308
0.875251
0.810984
0.747539
0.927031
0.313521
0.332227
0.422281
0.741288
0.922141
0.230421
0.913166
0.509474
0.601016
0.549357
0.851771
0.987845
0.333487
0.750686
0.308506
0.511551
0.464542
0.613478
0.654377
0.318572
0.666628
0.229868
0.527032
0.402952
0.845539
0.74848
0.494235
0.619637
0.227348
0.816516
0.727728
0.681408
0.262352
0.29706
0.817774
0.543086
0.578849
0.860657
0.371217
0.781965
0.487636
0.488732
0.245434
0.989841
0.856815
0.721071
0.823782
0.758328
0.699185
0.556389
0.27454
0.868547
0.282763
0.580714
0.76963
0.746862
0.470329
0.266557
0.667034
0.880978
0.23348
0.249927
0.887381
0.836362
0.823223
0.225036
0.360092
0.984073
0.761101
0.217362
0.528719
0.235979
0.713683
0.945933
0.935524
0.342359
0.461257
0.856883
0.747905
0.511088
0.832784
0.7137
0.799915
0.81311
0.315758
0.586087
0.288498
0.830423
0.868586
0.813899
0.994004
0.781545
0.490479
0.858616
0.568434
0.410622
0.646022
0.345784
0.824635
0.998209
0.990866
0.225862
0.272029
0.755187
0.459213
0.857866
0.664001
0.70583
0.742863
0.395423
0.595176
0.802823
0.801076
0.77457
0.388085
0.624449
0.509641
0.350308
0.799888
0.435153
0.685739
0.723506
0.784075
0.669793
0.736544
0.357917
0.442987
0.435991
0.849248
0.363601
0.553558
0.823114
0.268904
0.634185
0.82826
0.424897
0.444501
0.354829
0.588277
0.349323
0.629178
0.242913
0.716608
0.830672
0.880268
0.337442
0.760254
0.210565
0.785955
0.505379
0.920434
0.608531
0.678343
0.2771
0.976362
0.797486
0.52455
0.396879
0.767778
0.515852
0.834263
0.626302
0.998152
0.76507
0.463699
0.738258
0.999951
0.860573
0.997907
0.381226
0.542852
0.477304
0.548095
0.615201
0.751436
0.854313
0.700517
0.714146
0.43153
0.853168
0.887332
0.723123
0.753869
0.499866
0.382734
0.899171
0.916837
0.728119
0.681809
0.272659
0.579245
0.603577
0.281711
0.815671
0.468388
0.767609
0.58573
0.202908
0.845406
0.297452
0.904559
0.99811
0.775372
0.93195
0.504687
0.468067
0.524454
0.475531
0.382899
0.899135
0.812969
0.83137
0.872558
0.350066
0.776114
0.689722
0.496683
0.712313
0.295149
0.919201
0.597591
0.514881
0.859527
0.726986
0.718184
0.985505
0.382657
0.402567
0.701129
0.829433
0.826893
0.407645
0.507796
0.39957
0.874867
0.573959
0.665425
0.216041
0.776435
0.623972
0.483977
0.688415
0.21207
0.339265
0.99732
0.512138
0.329256
0.778007
0.234995
0.262366
0.896788
0.799596
0.818485
0.997182
0.386231
0.900014
0.590614
0.623998
0.957823
0.71544
0.621275
0.727022
0.807927
0.292176
0.753736
0.331905
0.79098
0.977261
0.57124
0.694859
0.659114
0.583045
0.457706
0.888214
0.869059
0.881219
0.583764
0.90282
0.782727
0.718218
0.992687
0.558783
0.841753
0.55481
0.697013
0.880157
0.54462
0.323529
0.745868
0.860711
0.362789
0.845764
0.87591
0.893703
0.72436
0.606177
0.853153
0.854798
0.734838
0.700546
0.834544
0.856415
0.35197
0.86751
0.360105
0.788066
0.866947
0.489247
0.75152
0.888656
0.61947
0.894625
0.295631
0.454406
0.484331
0.607064
0.817072
0.451699
0.226035
0.243728
0.588871
0.6431
0.998075
0.81928
0.857529
0.499828
0.754658
0.200266
0.721849
0.235689
0.742674
0.256112
0.317945
0.939457
0.431462
0.83608
0.228463
0.674067
0.766699
0.682881
0.971975
0.997111
0.464653
0.593258
0.288352
0.763266
0.664649
0.947559
0.813765
0.405348
0.66854
0.956509
0.711055
0.896793
0.873678
0.809836
0.60001
0.621286
0.749077
0.878213
0.739387
0.21847
0.398323
0.344806
0.529496
0.766122
0.741652
0.297039
0.348304
0.710951
0.536852
0.787562
0.899789
0.237296
0.638194
0.21061
0.712656
0.590503
0.744814
0.404232
0.303866
0.386118
0.250906
0.978982
0.872827
0.882246
0.578724
0.205524
0.629936
0.389078
0.711877
0.720881
0.979788
0.491281
0.892661
0.300924
0.892133
0.303261
0.285121
0.547268
0.79132
0.999851
0.508848
0.989099
0.816513
0.993693
0.600545
0.850964
0.603765
0.696661
0.527683
0.817953
0.870142
0.70072
0.927868
0.857212
0.857134
0.945228
0.492248
0.71907
0.983183
0.857041
0.533153
0.727945
0.856622
0.316161
0.556834
0.432994
0.993532
0.718472
0.622616
0.867459
0.805628
0.340865
0.521265
0.642661
0.986017
0.815237
0.581034
0.998676
0.387608
0.748292
0.218612
0.612528
0.836711
0.27731
0.992229
0.581725
0.499723
0.999193
0.690029
0.871223
0.357299
0.328455
0.767577
0.459617
0.284717
0.334446
0.657174
0.262499
0.715559
0.412469
0.273394
0.73407
0.525438
0.490534
0.613428
0.77526
0.713705
0.642982
0.706101
0.88511
0.73032
0.961928
0.97006
0.469926
0.819997
0.256869
0.830119
0.290507
0.999859
0.274851
0.999006
0.659168
0.765297
0.681289
0.766259
0.904297
0.733149
0.610313
0.73699
0.252406
0.815474
0.618491
0.649785
0.23025
0.302996
0.58227
0.996297
0.502474
0.762968
0.593967
0.991523
0.765602
0.366403
0.999993
0.985767
0.64468
0.732545
0.914032
0.999993
0.800524
0.32317
0.864488
0.497536
0.828492
0.546704
0.999887
0.683044
0.882925
0.721792
0.992443
0.768685
0.829355
0.871231
0.785777
0.601889
0.324686
0.856763
0.905874
0.429357
0.242721
0.399801
0.484887
0.846262
0.822215
0.643323
0.430649
0.882083
0.545645
0.800267
0.388764
0.399075
0.866726
0.785667
0.782153
0.855582
0.885026
0.812424
0.820866
0.360787
0.545922
0.663623
0.769212
0.795698
0.616235
0.437545
0.271751
0.677428
0.580715
0.792278
0.855991
0.715652
0.629308
0.815889
0.569942
0.524519
0.727448
0.757273
0.992954
0.498865
0.386731
0.840889
0.784941
0.795029
0.923071
0.623772
0.250568
0.711935
0.755721
0.651007
0.837894
0.908834
0.223766
0.437712
0.785599
0.527629
0.357275
0.227328
0.731845
0.856737
0.99993
0.426353
0.640885
0.999826
0.315218
0.993834
0.518595
0.783095
0.644981
0.336433
0.636359
0.253447
0.286299
0.58078
0.215933
0.238168
0.833377
0.76918
0.267173
0.798307
0.785665
0.283949
0.665749
0.472049
0.865418
0.335244
0.859644
0.607523
0.642892
0.414612
0.694678
0.303565
0.741917
0.692278
0.75124
0.333362
0.864932
0.852306
0.204562
0.630715
0.848474
0.465017
0.775883
0.912402
0.220844
0.875018
0.845708
0.999881
0.86084
0.223252
0.830956
0.795846
0.699437
0.742672
0.997702
0.36996
0.287716
0.581299
0.913027
0.713155
0.832015
0.974531
0.645898
0.246578
0.67565
0.477911
0.433692
0.984137
0.663727
0.478565
0.589246
0.591491
0.903122
0.98381
0.907416
0.662275
0.965904
0.683757
0.208147
0.211336
0.785579
0.66785
0.590228
0.832165
0.282882
0.907779
0.318792
0.805253
0.541694
0.853598
0.629641
0.704767
0.870544
0.816636
0.99617
0.807928
0.558394
0.53534
0.270227
0.272626
0.993168
0.390456
0.510195
0.254722
0.767929
0.829879
0.343005
0.998538
0.987715
0.642275
0.854482
0.250438
0.604898
0.245258
0.811328
0.999754
0.854519
0.261527
0.82231
0.818172
0.318458
0.723465
0.691375
0.263235
0.256404
0.837577
0.836112
0.832932
0.885281
0.794341
0.2163
0.98806
0.74984
0.993754
0.583419
0.814891
0.8473
0.813212
0.823114
0.999032
0.219851
0.501092
0.644238
0.988241
0.845303
0.323229
0.985776
0.830729
0.822754
0.36738
0.63711
0.423873
0.46745
0.273337
0.346116
0.446511
0.372859
0.267825
0.604406
0.994995
0.979679
0.688115
0.687887
0.652366
0.569036
0.201097
0.327135
0.771905
0.3757
0.69174
0.854379
0.894111
0.888885
0.401476
0.5544
0.799565
0.727819
0.867638
0.767326
0.72584
0.284084
0.291315
0.758953
0.999794
0.249525
0.906899
0.802375
0.551241
0.999998
0.653758
0.551395
0.836452
0.550079
0.557881
0.660944
0.642229
0.686189
0.267655
0.208289
0.433014
0.247577
0.330769
0.518444
0.419977
0.866489
0.54997
0.765277
0.344891
0.34309
0.688084
0.385872
0.295583
0.333759
0.491244
0.406737
0.913398
0.291992
0.997743
0.252355
0.356599
0.857287
0.753612
0.853495
0.571545
0.719799
0.892284
0.863373
0.714674
0.757437
0.300113
0.467364
0.646915
0.262206
0.810424
0.319654
0.666217
0.718555
0.421104
0.646569
0.693717
0.344214
0.36191
0.290783
0.827059
0.756041
0.589969
0.615236
0.88728
0.392298
0.833727
0.910978
0.384733
0.999732
0.701512
0.482167
0.861891
0.980345
0.622777
0.231323
0.334294
0.330952
0.719268
0.899114
0.236761
0.590166
0.655528
0.926787
0.643382
0.835173
0.921313
0.705385
0.882474
0.934045
0.75687
0.890557
0.71873
0.513861
0.778455
0.999268
0.231623
0.417201
0.891598
0.264509
0.921179
0.314452
0.308007
0.826487
0.243719
0.537789
0.37462
0.325779
0.461154
0.699565
0.569879
0.292706
0.853842
0.823524
0.998414
0.932823
0.776555
0.857108
0.864618
0.305406
0.34908
0.523873
0.602555
0.979635
0.536275
0.739491
0.666218
0.418215
0.893899
0.776659
0.390806
0.701591
0.22712
0.822177
0.783667
0.457966
0.622056
0.399937
0.718958
0.54908
0.72954
0.913466
0.992845
0.549925
0.882068
0.554108
0.860713
0.879334
0.234366
0.721385
0.921962
0.899891
0.896362
0.407329
0.95369
0.271399
0.975134
0.67181
0.515757
0.364119
0.699942
0.551072
0.418104
0.730391
0.845834
0.678425
0.375703
0.23082
0.793123
0.863384
0.606311
0.80499
0.976537
0.462732
0.664652
0.908957
0.656474
0.323764
0.478325
0.805319
0.538316
0.484195
0.999978
0.800539
0.438038
0.454633
0.244282
0.705562
0.999732
0.524173
0.331726
0.762757
0.799936
0.818275
0.568567
0.778887
0.635444
0.815198
0.720312
0.590751
0.666267
0.787633
0.233286
0.460951
0.840118
0.649121
0.307187
0.668326
0.927828
0.802706
0.662926
0.428121
0.599889
0.31958
0.99954
0.71083
0.873907
0.803757
0.295291
0.595113
0.916463
0.835596
0.585822
0.811537
0.993646
0.728173
0.664708
0.817363
0.719058
0.368958
0.703239
0.248666
0.856241
0.992298
0.28138
0.83711
0.776398
0.27281
0.623084
0.291213
0.247045
0.20921
0.557083
0.668134
0.303812
0.840464
0.224817
0.833146
0.663491
0.612771
0.928053
0.76961
0.333347
0.71271
0.652058
0.713365
0.771457
0.989006
0.79809
0.255422
0.570358
0.606345
0.345367
0.311686
0.457435
0.706558
0.991851
0.583255
0.48581
0.917567
0.418746
0.906056
0.532642
0.667967
0.346048
0.510259
0.927268
0.833298
0.905776
0.408052
0.744733
0.449809
0.904283
0.908939
0.749857
0.492189
0.334987
0.282049
0.783282
0.833327
0.521758
0.887987
0.742589
0.527314
0.415208
0.437392
0.723873
0.506557
0.505705
0.579068
0.724175
0.798643
0.582041
0.949193
0.43596
0.639173
0.568049
0.971657
0.7982
0.505265
0.802708
0.989538
0.302861
0.843269
0.950235
0.872695
0.835649
0.333256
0.279127
0.524858
0.662138
0.293609
0.722797
0.203709
0.409631
0.92333
0.694224
0.882137
0.774076
0.645258
0.389921
0.678417
0.999118
0.857284
0.733169
0.508219
0.714002
0.866598
0.655679
0.297014
0.755294
0.82795
0.601379
0.216544
0.955128
0.575353
0.26456
0.999721
0.254248
0.343825
0.510585
0.835274
0.8648
0.671536
0.302378
0.32086
0.933724
0.976901
0.701474
0.742141
0.628901
0.800538
0.824677
0.408319
0.456236
0.706471
0.923196
0.88151
0.984763
0.590241
0.326896
0.753787
0.863397
0.72222
0.833913
0.782514
0.322588
0.687942
0.726248
0.911636
0.39934
0.255312
0.663809
0.750071
0.218623
0.885834
0.863343
0.788793
0.85548
0.221728
0.832679
0.589835
0.867624
0.881365
0.600729
0.430382
0.820319
0.772539
0.675755
0.601073
0.996382
0.526429
0.430819
0.37286
0.67421
0.998302
0.630234
0.284523
0.453857
0.697681
0.623155
0.379863
0.798989
0.465132
0.791306
0.223093
0.712874
0.249264
0.907978
0.543563
0.377348
0.584883
0.411222
0.436614
0.668322
0.691786
0.786018
0.934857
0.58738
0.568613
0.634904
0.448059
0.798936
0.551799
0.715241
0.520737
0.857465
0.499893
0.306272
0.639867
0.546271
0.840417
0.915482
0.820185
0.724054
0.683069
0.797534
0.718989
0.902634
0.612197
0.819065
0.447234
0.842954
0.814721
0.813555
0.336572
0.880527
0.624982
0.683201
0.480773
0.227668
0.856857
0.573599
0.883779
0.607099
0.630151
0.823629
0.254817
0.848343
0.554171
0.766814
0.905172
0.368167
0.659012
0.454204
0.505554
0.77627
0.254973
0.874684
0.682794
0.526016
0.995108
0.841201
0.96077
0.62419
0.633868
0.754799
0.461704
0.862501
0.542108
0.751882
0.317617
0.784678
0.322204
0.251515
0.99984
0.285209
0.899915
0.267162
0.870127
0.828895
0.986491
0.865322
0.79047
0.998455
0.571474
0.831448
0.679345
0.554212
0.999629
0.999494
0.675307
0.800594
0.677407
0.667046
0.499704
0.231294
0.564884
0.340134
0.90738
0.342814
0.368404
0.683561
0.586371
0.786223
0.325028
0.571514
0.800235
0.952254
0.861167
0.247391
0.741026
0.84539
0.387775
0.911216
0.615447
0.619694
0.6721
0.852745
0.769781
0.771943
0.237281
0.556367
0.281617
0.403098
0.820881
0.469851
0.935295
0.464225
0.748386
0.503071
0.717919
0.752957
0.646383
0.293267
0.64709
0.376103
0.373413
0.737536
0.382236
0.437025
0.871525
0.205772
0.399883
0.570823
0.713382
0.822768
0.231568
0.864313
0.766424
0.580194
0.28192
0.430615
0.796788
0.255488
0.629242
0.393348
0.723227
0.845784
0.99691
0.768964
0.254784
0.275161
0.290635
0.709106
0.789097
0.254381
0.917801
0.881295
0.200103
0.320958
0.711609
0.810943
0.848659
0.78072
0.595907
0.319125
0.801115
0.721191
0.366492
0.271551
0.998871
0.629293
0.989919
0.584116
0.344957
0.909278
0.704942
0.783943
0.902271
0.973523
0.304509
0.667802
0.999979
0.673479
0.55206
0.28517
0.412753
0.565535
0.311351
0.825979
0.92842
0.369952
0.498687
0.381081
0.874296
0.571234
0.96456
0.251738
0.542216
0.488305
0.885987
0.825091
0.548895
0.633751
0.822252
0.347907
0.989314
0.272425
0.833169
0.406478
0.267227
0.827488
0.806458
0.999935
0.833147
0.609491
0.481551
0.799535
0.838804
0.583787
0.235625
0.587118
0.261753
0.347874
0.651429
0.349727
0.802822
0.698734
0.233018
0.867145
0.385699
0.535641
0.229452
0.867421
0.772782
0.999287
0.699565
0.995694
0.776653
0.441097
0.473333
0.933303
0.895324
0.305972
0.23006
0.204966
0.673218
0.755446
0.487383
0.372986
0.202642
0.753995
0.85769
0.556259
0.311315
0.806668
0.64079
0.886311
0.468858
0.751789
0.492185
0.928409
0.666658
0.316827
0.870409
0.746158
0.889396
0.958555
0.377708
0.808778
0.914255
0.690128
0.391529
0.821979
0.988502
0.411219
0.834917
0.889813
0.725838
0.747846
0.624766
0.202085
0.795134
0.449591
0.520685
0.350897
0.597544
0.768598
0.91181
0.785455
0.593639
0.931919
0.324121
0.287652
0.568478
0.812451
0.402397
0.499792
0.335934
0.23282
0.734243
0.49368
0.600033
0.74903
0.825312
0.370023
0.625007
0.623912
0.821868
0.852251
0.496619
0.523376
0.348786
0.818269
0.311499
0.726091
0.459773
0.671559
0.758721
0.978039
0.873547
0.535014
0.750278
0.991203
0.506506
0.854013
0.841568
0.688024
0.474423
0.730653
0.812548
0.785628
0.480991
0.637379
0.977732
0.998742
0.885175
0.833806
0.85125
0.200503
0.223101
0.860011
0.392159
0.854538
0.788111
0.912518
0.332252
0.422587
0.983072
0.642749
0.931368
0.907945
0.648344
0.877799
0.416617
0.277724
0.708698
0.633137
0.451657
0.294863
0.500181
0.716245
0.998214
0.909016
0.574726
0.828214
0.244014
0.749889
0.865139
0.463491
0.387568
0.81174
0.865925
0.31851
0.791701
0.284061
0.830577
0.841546
0.378124
0.413159
0.942626
0.525531
0.576642
0.756721
0.406596
0.974341
0.690905
0.79698
0.230748
0.312977
0.804859
0.81456
0.712116
0.219731
0.376322
0.733642
0.801222
