67.4921
-80.3071
-132.478
-81.2248
243.154
-141.048
226.263
51.6487
160.565
-21.4371
108.667
44.9532
131.665
66.0997
-82.1996
71.2711
-39.5445
-61.9952
81.2448
51.2766
-65.4647
48.4474
-53.2574
94.1747
103.605
51.8601
21.6868
27.2095
81.5247
-81.5481
352.114
-175.894
16.7883
-111.601
-27.9701
153.25
75.0528
47.9661
104.885
9.26156
148.284
112.583
-107.991
14.4584
6.60078
-109.918
55.7199
15.0236
-159.37
29.8805
78.4714
-71.0895
15.404
-120.552
82.8574
33.784
147.579
145.703
-48.5996
188.896
80.4585
351.735
43.9201
-320.497
127.161
68.8416
-46.19
46.7463
137.322
24.7286
202.202
2.55893
82.3685
-115.452
133.479
32.4711
-147
217.863
153.431
-81.2025
115.719
-125.846
-85.3671
106.058
-297.011
123.515
100.638
114.004
-82.7314
37.0346
-117.905
43.2318
65.0953
-45.685
233.749
31.6828
-158.769
16.3331
28.9907
275.018
13.1783
-196.198
-26.9083
69.959
145.357
53.2775
56.5819
-57.9627
141.424
153.172
44.1032
-52.366
24.6534
117.969
-350.327
-138.041
140.277
-144.376
-239.332
30.755
44.0969
59.9322
29.4732
45.2915
347.856
92.7901
11.2509
83.2458
4.51243
-103.724
105.492
130.04
-118.434
69.4145
-140.963
-93.1505
147.228
135.699
109.28
20.994
38.9707
-73.8991
33.3265
56.6866
6.16538
20.6624
-56.1957
-98.1451
19.6904
-80.6937
97.3254
67.7876
-115.38
-119.637
11.8888
-224.824
-103.218
247.536
328.127
72.6764
34.5987
-77.6544
49.6994
-46.1492
21.3893
-181.012
-339.273
195.228
31.6534
71.8967
157.098
-35.7827
182.67
12.9918
-84.2681
127.267
81.8295
168.009
51.0827
35.4472
31.852
-140.732
74.3132
172.922
46.6083
62.8006
170.891
-146.183
97.5761
314.758
78.6659
164.451
94.5788
-132.501
54.2454
-89.5897
81.5636
334.917
232.728
72.7624
-67.9667
57.0197
63.4967
168.1
290.587
-78.763
37.1134
-100.649
126.501
83.5888
7.25681
-90.4487
296.019
287.78
147.38
38.4492
274.754
52.933
144.336
-102.087
55.4384
57.7538
-78.0953
31.9072
-159.322
-59.5147
18.1173
248.831
-108.797
-99.3857
194.502
303.362
47.0169
-104.331
-69.8866
35.2344
28.3077
10.8008
-77.89
202.905
31.9275
26.0524
257.015
57.3803
-98.3023
169.662
46.4904
-102.232
-112.327
41.6168
231.553
-304.97
77.9317
57.2235
137.965
-30.786
99.3058
60.1607
21.1267
-323.081
327.69
108.546
146.82
2.55548
17.4249
-77.9632
-188.285
30.0465
113.162
49.3705
7.10815
59.5788
89.0244
-74.2791
103.257
159.806
294.38
-68.2273
-63.7458
96.6821
162.027
9.3254
132.478
239.386
10.8283
22.9812
34.6569
181.265
-59.383
79.1156
90.1228
84.7489
102.633
27.6208
27.6682
-89.0586
219.799
-57.9004
-217.966
-93.447
241.169
173.016
148.589
71.3267
95.1498
105.935
14.1251
40.692
152.456
42.8774
-14.865
29.4958
185.271
140.779
68.5936
18.8159
117.469
9.52031
9.06194
-292.386
-62.9264
51.1139
-157.218
22.3377
165.393
9.38043
75.7261
285.29
31.052
-87.0072
87.2056
80.6518
173.83
31.3406
189.251
110.623
-49.2313
47.3517
-156.02
36.1532
48.9347
38.9443
211.542
187.441
-102.14
83.0696
-77.2933
54.1057
47.2432
6.21541
112.287
22.2975
72.9224
16.7474
-65.5733
116.399
19.1994
108.556
13.347
123.665
-109.571
-59.363
78.9848
-48.189
19.7011
17.4456
-37.7501
63.8253
-177.047
1.39767
84.4817
68.7035
101.038
103.444
13.986
21.3134
85.4562
34.4181
216.023
61.3488
35.9238
335.504
38.8031
2.364
63.5516
75.3018
70.345
84.7676
42.4042
-152.883
49.2819
13.4671
55.6158
23.3458
122.847
-116.369
22.4644
-120.126
52.0339
43.2073
113.648
-60.4011
-233.615
13.9077
118.144
54.2002
-79.1316
116.293
77.8483
-171.535
51.9066
-11.2633
32.6248
41.6089
201.873
74.2436
-74.6639
303.391
36.3087
85.9872
81.8773
36.0548
-18.6612
31.9325
24.8357
32.8869
-229.788
-102.749
24.1434
33.6477
31.3736
61.8455
60.1688
29.0194
36.1536
41.2673
-159.452
160.365
-351.954
-88.7503
-214.802
305.883
58.3975
-182.458
65.7317
140.215
106.871
45.1204
234.014
104.491
129.849
-169.135
84.8696
230.327
-119.657
72.113
190.865
127.23
142.893
-60.2244
24.9484
43.1944
-138.396
-63.4485
-53.2315
-65.9409
169.023
-64.9824
129.748
27.2272
74.3574
16.3446
204.286
-24.8144
339.422
-134.272
158.176
25.8226
39.6135
151.24
80.4513
10.3998
135.472
40.0612
28.6335
5.09877
211.781
173.046
222.332
195.557
64.0471
-54.3663
-160.725
67.0315
5.74047
73.9684
-112.279
-83.9025
136.174
24.6541
260.046
175.046
98.7599
132.194
39.8812
33.6459
75.5869
92.5147
35.5102
-96.3277
102.966
272.113
-106.551
11.988
99.9161
136.7
153.472
28.8323
-109.317
-124.111
14.5499
159.55
120.154
97.9647
-134.642
57.7376
57.8519
-39.9417
39.9635
-86.5792
26.598
127.935
-62.5129
-115.516
74.6622
-35.2955
49.5296
116.568
-156.958
-352.772
-143.698
-45.5993
-31.5438
-165.492
18.9928
79.4672
65.4147
36.4969
38.8092
-106.943
-98.6468
86.8405
76.3608
-155.033
130.893
-64.823
12.6809
54.5548
45.072
52.2354
49.7765
82.9654
-247.6
38.8602
141.629
14.5821
-92.4383
81.4544
103.397
166.025
351.586
94.427
86.4093
65.9534
241.077
56.4152
4.94703
-114.241
-98.4922
43.279
9.06108
-78.5105
56.2521
-122.823
205.098
-126.594
-25.6713
-133.79
-48.593
221.722
62.2414
21.6634
202.299
-68.8872
110.095
51.9775
-105.069
130.357
13.2025
130.733
-156.615
328.645
40.6461
145.226
-83.7327
48.5171
106.573
116.211
74.5399
178.415
67.8211
50.0771
90.1605
-75.1728
-274.4
-226.855
67.5922
-313.588
74.4328
46.9088
-226.09
9.39616
71.129
188.906
-38.8406
47.3009
64.8134
53.8573
159.742
-347.31
-255.42
-146.849
102.821
72.3978
-85.7078
70.0223
-170.823
114.307
18.6971
84.4558
-96.3527
40.7186
44.1719
72.5273
186.784
162.45
-45.0518
27.0755
36.64
51.8329
-129.115
268.158
63.3523
-74.1945
118.286
108.023
67.9423
65.5879
34.6058
-85.8703
75.5792
20.6969
60.1562
45.7442
-340.266
139.579
5.47245
60.2058
60.6703
136.367
-73.874
74.0237
50.8827
7.9909
-93.0224
210.28
-29.8975
84.8891
-330.405
23.2048
-133.593
91.4154
251.872
84.1796
64.9873
18.6872
124.849
45.1299
55.4362
-107.41
101.19
219.334
187.205
111.074
281.192
168.598
73.3557
110.81
77.1626
182.511
117.052
206.668
301.838
145.651
10.4969
66.0366
37.0095
72.5817
89.5361
67.4326
71.0679
308.052
54.0662
32.6641
14.572
-130.887
77.7933
29.9651
-12.1704
-80.4525
-101.277
10.4267
7.53251
94.9523
16.1211
25.0201
-144.692
18.1647
135.897
20.9073
254.135
215.688
-328.147
-89.3264
70.6229
19.3215
-153.735
102.472
168.936
265.5
28.918
30.653
95.434
122.743
-127.787
-215.552
-172.052
-156.204
-222.798
-112.396
-53.9791
60.9433
18.1314
-95.3293
15.711
105.685
-170.804
80.9788
50.0292
183.792
60.9907
203.93
94.1563
21.9922
46.714
112.719
43.4187
40.3916
-64.6287
71.1686
-55.3759
20.1137
52.126
61.1272
-328.329
-158.956
60.4209
-101.945
214.227
46.7349
38.4058
33.1592
234.26
-155.803
309.265
58.2055
-154.124
-119.05
-48.9929
-76.7927
38.2932
131.604
-118.832
109.168
87.3107
39.5674
-234.886
-122.864
16.0464
89.3305
226.906
52.1112
-231.098
52.7281
152.489
96.8503
55.8736
61.6761
-120.715
-71.9609
-55.2073
92.8599
159.704
9.65816
239.653
276.349
-61.5234
135.813
104.72
13.4424
119.984
135.683
46.6017
140.9
251.683
130.856
89.7481
121.977
162.938
50.3214
-76.3254
92.9865
12.6604
95.6172
55.9744
29.4464
11.0774
97.5995
-132.781
130.244
55.5071
-110.822
-145.457
280.257
86.1564
-155.675
131.139
35.3796
-67.9179
173.594
104.34
-72.1211
9.89727
32.8089
104.747
-75.7041
84.0413
117.461
82.9357
68.35
252.625
82.6283
78.4387
40.3197
12.6687
25.3731
-119.935
6.04863
27.7113
182.963
-146.415
27.6566
-82.2205
222.442
-46.9198
207.35
132.461
28.1523
35.6957
-141.925
72.4724
25.9793
-79.3189
52.8931
-40.8754
-99.2895
7.43858
32.3696
123.736
56.7401
123.185
37.7568
188.781
137.444
45.1994
222.982
61.1337
46.6329
-126.435
-329.306
34.4289
28.0777
97.8494
10.7325
70.2857
56.0924
30.1885
31.1852
61.0031
36.7167
155.932
30.9495
71.3162
12.1888
27.5905
-176.481
172.73
40.0549
198.365
16.1096
38.6839
-84.7631
99.2538
33.2423
61.5565
51.0428
-61.9722
115.492
119.413
51.767
15.3645
229.756
32.4766
38.3967
29.7262
11.9414
60.9919
60.0331
81.4255
77.4552
88.0445
-43.076
154.711
54.4296
72.3504
-61.4189
27.7195
128.866
171.201
114.868
214.996
172.145
6.9529
30.1077
-168.728
115.932
149.502
-160.027
36.5547
124.578
-66.5983
92.835
-111.49
86.7714
167.12
37.4879
297.298
133.796
67.8712
48.4051
-141.921
265.076
-62.5701
254.584
84.3494
94.9925
8.23537
11.9565
147.368
-80.2203
109.463
121.207
-126.514
-137.231
31.3335
75.5765
-41.4238
53.8383
110.26
177.486
30.2031
162.81
94.7388
83.6248
239.528
29.5386
38.2035
306.581
-216.965
-85.7705
-282.431
-143.885
28.8395
29.8557
97.8245
37.1911
64.2195
43.8527
57.9827
224.017
102.218
63.0161
267.467
214.134
118.199
13.042
-38.3343
-42.404
-58.8703
106.537
20.7954
25.968
261.719
34.7828
318.425
-174.004
-142.222
111.127
94.0936
171.703
-125.801
32.6518
77.3372
86.5319
83.9023
-54.1855
25.5227
-169.384
14.2397
12.5146
-70.083
131.578
126.232
300.334
-148.665
-114.069
-95.0237
24.9339
-205.445
178.806
207.216
10.8715
56.9538
100.562
125.947
88.0137
11.1034
127.988
99.5542
79.6216
-127.933
15.9231
36.0986
-43.5175
-55.8158
70.8731
273.63
65.0142
16.7051
82.5676
-216.191
-308.632
72.8246
15.5154
195.164
4.05742
140.049
-153.899
157.101
52.0136
158.405
-105.994
-197.048
28.0559
-68.1412
97.317
249.793
44.3723
-56.1082
-120.845
-72.2237
127.36
118.595
-262.328
45.8382
-156.711
-84.2718
-148.251
20.8914
160.397
181.555
184.093
-102.824
76.035
184.682
18.4568
175.189
74.6364
-100.715
45.2629
87.4459
91.7494
133.525
49.9235
26.5156
88.2163
147.805
46.9547
13.4196
21.4094
66.4515
43.2596
-27.6895
-83.3056
50.7884
90.9892
151.453
22.9349
68.2892
-168.694
47.3249
9.89139
31.7863
89.5174
115.645
250.781
48.1018
78.6521
85.2376
-91.5574
40.9171
39.231
13.1196
54.2968
75.5228
162.846
329.56
57.0435
241.201
21.2538
-121.245
-79.9466
268.276
-87.6726
-168.254
57.2948
-73.6154
-65.8094
12.4684
52.3639
101.388
143.933
48.3912
-105.796
65.4502
-132.775
92.6004
166.646
157.289
48.6941
120.5
210.191
47.8925
97.3595
-159.997
-43.8327
29.4653
38.9232
95.3898
266.565
28.3612
-116.865
11.5547
67.0056
96.389
263.302
-47.99
53.6491
93.4387
-285.596
62.3501
-152.171
13.631
34.1999
28.0924
-183.845
47.6318
187.337
30.9324
204.442
95.9146
43.8832
-190.691
-73.7778
-98.8146
161.759
110.709
19.7392
-57.1255
128.126
45.1389
71.0169
34.2887
233.684
-60.3948
18.2337
52.4257
56.7276
-64.0139
250.519
85.0975
257.278
169.04
64.357
34.6597
24.4169
47.5582
206.886
-154.904
-24.6316
17.3759
22.3953
-59.7655
71.2644
57.5211
249.012
-181.623
45.2992
33.6718
42.1764
29.4896
8.37152
34.4771
64.207
-317.307
-67.574
-53.6763
23.7472
-71.6181
4.94478
142.37
-271.768
11.6949
-91.0793
-41.8687
4.99048
140.239
123.584
46.2849
61.8666
87.2778
72.9903
12.8231
45.6444
113.143
142.416
179.161
123.601
110.502
46.4264
95.7028
29.3178
159.623
-79.1145
-182.198
-173.41
315.714
56.0374
49.6462
188.876
94.4344
332.433
153.591
26.8265
88.0635
-63.5906
50.9138
231.082
81.5152
-37.8662
-330.633
136.099
-207.726
18.7122
216.492
75.4797
67.5507
324.633
31.9217
121.613
10.1043
17.0151
3.75825
98.4961
129.276
37.7481
105.182
188.566
58.8362
295.671
35.6784
-79.9673
182.014
-80.6996
92.85
36.876
114.457
-117.688
-112.992
27.4314
64.0125
140.782
-72.2641
10.9719
98.5641
145.522
238.042
-67.6377
248.312
192.576
44.6345
20.1682
290.049
-66.2339
39.5248
-92.6512
83.285
-88.6879
228.726
117.4
-43.6685
77.7606
22.0213
47.557
-159.278
44.0176
130.125
-105.678
116.63
19.9171
38.002
-173.445
8.41555
48.6037
129.141
16.0364
-65.5908
29.1865
77.6014
-48.2104
43.9122
-42.9008
217.773
53.7085
29.0241
95.9486
265.537
-98.0182
6.17481
55.1355
53.4582
52.3445
128.384
-61.8802
39.326
70.5363
222.406
68.6719
-202.811
30.2253
178.553
146.362
75.5041
-141.708
-84.9112
155.457
241.303
34.3142
-66.2688
12.5082
121.077
41.6333
102.551
-117.801
93.0863
74.5802
305.011
66.7933
76.4849
-67.8707
48.3287
-182.874
6.76795
227.155
103.508
135.265
-233.397
63.3353
0.806525
51.1315
326.203
-100.25
66.7186
167.454
51.6414
-63.5727
-53.9758
143.993
69.7861
151.734
34.6765
1.87901
167.576
61.709
-68.7537
104.527
49.1066
208.294
31.6731
-86.6642
171.848
25.5938
25.9606
-205.151
-211.576
206.186
54.1373
296.423
122.99
55.3602
-265.388
214.285
-40.558
-146.122
57.2498
-89.0764
60.1842
102.339
139.668
44.6649
91.466
-153.238
287.572
102.877
-242.226
5.7653
70.3393
17.1645
9.85096
49.0691
91.5613
25.4993
-292.32
47.0772
351.946
27.6639
4.66066
-25.2898
318.122
64.0382
-289.814
1.87155
197.741
87.017
208.107
12.3315
-185.359
221.787
-92.2405
58.9727
153.258
74.1663
71.609
-62.033
-74.6921
16.1468
72.9117
-81.2077
-92.912
-73.31
15.4491
30.7097
82.1718
-101.973
179.587
54.1178
-104.851
-102.467
83.0887
187.17
105.291
9.0713
86.3217
27.2317
-136.513
128.253
33.4084
-40.2982
-172.62
-76.9819
54.4799
15.8313
105.316
-184.756
23.1853
-65.3338
-120.39
325.032
18.9473
-175.334
-70.1841
-259.357
25.2671
65.9088
126.533
203.045
41.8724
115.394
26.3846
22.1191
145.839
143.181
287.52
187.267
141.841
34.0711
39.8965
74.4313
13.0415
-26.1863
11.2647
94.598
80.5782
39.3567
67.289
294.983
37.3314
126.606
14.4516
110.925
71.8752
84.2224
89.2591
127.646
105.748
318.431
-155.754
73.1825
45.9503
53.3374
79.5255
99.9659
-100.072
5.01174
24.0802
42.7534
-107.282
50.4622
102.368
-318.827
173.721
99.4868
36.2256
-142.249
17.0908
24.3034
247.743
90.4525
84.8278
108.607
90.2639
53.1526
-78.2125
21.4583
187.288
101.691
10.4567
213.222
-129.521
58.3789
273.176
40.2746
123.987
46.5922
68.5411
250.965
191.768
13.204
94.542
58.7674
68.7146
348.728
314.246
29.4856
15.9786
151.227
31.7613
347.605
105.992
51.4599
63.4511
-83.8117
53.4379
68.423
54.7913
145.094
45.3368
25.7448
97.1015
320.221
-160.581
115.101
47.2608
70.3486
-260.332
31.4419
-211.4
-58.6759
-89.3913
3.92628
54.374
-107.1
-56.4363
76.8904
101.05
339.871
-191.28
85.4795
34.763
-336.638
223.981
14.8995
26.9863
330.328
104.905
44.9586
86.7124
-61.1388
305.818
-101.937
279.359
160.969
162.279
172.771
76.9889
-56.1499
-63.0404
200.826
164.47
-14.4325
-83.3232
89.521
130.117
15.9112
48.1569
-32.901
-53.3036
44.4871
127.376
12.919
-84.1978
51.0443
-4.06117
34.1251
67.5407
-134.356
133.234
27.2697
118.362
104.291
-67.1547
19.6394
186.27
242.675
-101.425
-196.02
67.7188
18.3228
47.5472
122.698
-88.5685
23.4254
24.7686
123.004
63.5808
2.03304
-98.8017
288.059
5.41167
48.2291
87.2127
66.9879
113.754
-57.6119
-10.497
150.262
9.74317
146.107
88.8779
-110.953
16.9982
-104.662
106.691
20.2239
270.695
-89.8547
-184.861
36.5147
11.4648
97.6512
76.7517
21.6222
97.5887
207.571
183.35
42.7624
-48.3405
221.359
-172.373
-145.874
64.0946
115.85
199.707
123.746
47.4666
86.5891
160.033
23.4391
300.433
254.878
145.744
63.5154
103.002
14.7943
-209.78
42.3571
164.257
-151.087
45.6374
146.762
66.9747
-178.241
150.043
234.224
96.369
23.3178
47.7903
129.107
9.79594
109.491
92.1231
174.518
80.0606
-175.552
-108.69
29.6198
109.484
32.2278
50.0072
31.2835
21.1474
61.832
-114.226
218.36
89.8841
111.476
-89.5789
108.739
59.9488
126.568
121.628
78.2431
126.286
40.0139
63.3654
67.2319
16.1065
135.33
107.878
49.3509
-66.9055
231.114
128.027
321.701
239.612
5.72813
29.7645
-151.644
-246.696
77.3868
35.2566
160.04
121.885
259.501
172.386
-74.5832
47.2317
36.6554
30.3715
92.009
22.9835
57.8703
-148.682
146.407
-47.7837
149.595
-166.219
93.7917
197.328
38.8596
-32.7244
176.549
26.7634
25.7707
-84.591
54.1316
250.893
-119.436
191.137
59.9861
101.383
-127.47
70.1283
148.792
65.8349
-137.39
67.385
23.4102
14.0302
-52.1704
64.9291
-162.085
8.8378
-105.805
111.293
88.7541
150.902
38.6542
80.3535
29.2795
16.2019
77.0883
140.761
10.5255
-33.9257
126.948
-198.835
56.7189
146.509
41.881
307.133
-143.655
-84.0285
-119.388
-39.3902
-91.8545
134.901
35.8988
25.1339
-89.6936
51.8696
18.1548
-54.3418
-204.031
39.1408
89.9002
295.065
27.3543
220.463
45.9542
70.6374
326.071
7.34584
-100.179
77.5153
-146.677
-190.08
10.138
58.2889
20.0159
-128.698
77.4253
67.1962
54.4667
151.559
125.347
224.885
235.631
10.2554
76.9633
158.704
10.8389
36.3989
56.7108
318.132
106.108
98.3163
343.171
-119.987
-95.246
179.737
161.201
45.2843
189.127
-225.676
141.98
-66.5211
42.1424
112.681
147.155
46.1588
37.0612
133.165
277.256
312.714
37.8861
68.7753
33.1796
96.3214
86.1474
6.51109
-96.8116
114.888
230.931
66.1363
151.066
56.2008
-107.786
330.857
65.2976
11.105
44.3993
2.98308
-95.5107
-248.956
110.115
114.103
158.116
-211.53
-168.977
54.2926
80.0776
-287.975
118.268
14.1528
28.7037
88.2387
110.362
28.6429
91.4651
19.6085
137.816
93.4676
7.10861
317.908
89.8365
6.6648
27.5528
-57.4078
-108.862
-198.953
-90.5011
63.4521
104.523
17.7712
58.2019
259.554
71.8086
214.888
84.1625
92.2795
73.0587
327.145
228.034
76.7019
304.26
-245.226
-182.826
-84.8207
84.2171
263.886
-42.2155
-80.9274
-134.535
33.3568
-50.8846
35.5497
42.3514
-55.8471
-141.332
-100.131
-74.7797
275.02
-223.541
86.1671
8.67097
44.4862
-83.2634
97.0597
-183.971
10.554
206.985
91.4535
74.5667
66.9264
79.8383
-69.901
-72.2526
19.3278
53.0152
337.906
40.0775
151.358
4.13713
-76.8124
112.956
25.098
122.818
160.588
180.042
131.307
34.2178
48.5198
22.1678
11.8461
5.13681
271.873
8.64303
282.681
38.2664
75.8442
-59.1617
115.339
141.438
-96.0223
56.5722
8.47584
350.277
13.3117
-64.6826
214.662
43.4901
97.551
-91.9096
216.242
60.6109
218.74
-87.7411
-188.715
331.063
58.2057
90.6678
-105.938
15.5538
87.0667
-42.8023
33.2826
82.2235
-87.8804
56.6816
-79.4376
118.23
37.2204
4.76315
-106.827
44.8685
-125.166
182.919
29.4797
-164.019
39.1527
114.66
152.22
25.0206
171.908
95.9905
-55.1675
87.372
284.81
20.4458
105.783
124.743
22.7636
-40.7793
274.227
59.215
91.293
18.3949
45.5894
14.1222
183.493
139.49
163.922
134.292
39.4387
-200.899
63.1724
42.8932
9.01797
128.735
71.2662
23.5578
2.12298
139.109
-60.6202
21.8208
25.2515
1.30301
41.8387
114.701
14.6146
15.0227
104.211
68.9752
32.5349
137.623
28.4683
133.29
42.013
151.775
-129.135
328.008
156.115
-74.3894
-148.081
166.553
50.5379
73.9957
42.1422
10.8273
108.872
-83.7108
14.4464
-53.9612
18.0684
-47.1174
258.911
167.461
-66.6583
43.2746
39.601
88.2404
122.54
-70.136
176.215
92.879
110.233
-309.791
37.7114
89.4431
-262.644
100.39
42.3688
46.3663
-299.916
98.8105
95.3514
-88.5961
29.7628
101.038
17.2664
55.3915
6.34808
232.484
176.013
-155.424
40.7191
53.505
16.2828
37.6206
-71.1859
-145.883
40.3598
38.9098
-51.1385
-59.8079
15.3532
-22.5031
55.3906
229.237
56.1099
53.7587
165.83
228.593
105.63
-62.5387
36.1119
234.082
94.2918
135.237
142.037
-100.407
337.78
-74.8154
113.633
166.462
-126.118
23.8755
316.139
159.759
-81.7528
-93.5223
-133.967
10.3989
-26.9309
50.3104
88.5873
81.7205
89.3681
155.031
95.8641
18.0453
106.101
59.279
69.0782
72.5344
35.1263
115.869
189.295
19.5774
61.081
92.3234
69.1576
130.677
97.4631
-68.9899
-38.7978
100.631
256.286
124.096
129.447
223.312
95.9553
59.8126
53.6339
26.9373
227.713
128.009
60.5312
-121.392
-92.5247
-71.7398
90.7193
-120.259
123.87
260.87
57.1051
1.79129
76.5205
43.4357
75.197
85.928
125.484
44.2465
-99.5689
17.2953
-93.3387
55.9296
7.74543
20.8422
80.0707
32.6152
46.1663
42.2657
-156.044
-104.862
-158.704
-33.9078
33.9799
45.5854
95.2296
32.5546
13.1992
39.2622
78.062
32.0816
109.617
168.818
24.7582
9.73222
-52.0731
-169.206
106.331
107.273
7.36284
247.179
-249.601
46.1251
36.3996
61.7529
-320.828
215.031
12.2801
-116.797
41.3694
112.544
289.481
-62.4329
116.75
7.554
-131.872
107.975
73.4048
153.428
-210.399
330.297
-98.9513
61.1799
-195.811
45.8234
-70.0968
53.949
197.48
19.7564
148.719
-346.96
-66.0204
-122.877
67.2764
-48.8503
143.034
106.259
24.7537
29.3592
30.1969
-89.4523
-340.643
-156.765
40.7474
57.8952
12.5269
86.6322
49.5506
30.7402
41.5781
34.309
16.4194
44.4675
-172.439
67.3816
41.7471
-79.3724
-58.56
78.4028
93.6574
156.681
35.2692
128.501
55.0645
140.993
129.029
-197.471
-77.615
77.8868
13.8693
26.3093
-219.069
91.463
171.619
-66.5996
116.807
-66.3694
-122.56
218.363
-146.13
54.6862
89.6329
234.834
-126.91
67.4139
245.592
109.256
57.4835
169.093
133.851
-150.484
-78.2928
-76.3514
-73.886
171.416
146.173
33.9521
90.1844
38.4377
-74.4572
63.7471
26.7016
85.4231
171.831
34.0812
-65.8388
61.0163
24.1699
-8.45973
26.124
57.2926
95.7292
77.0819
303.964
52.6784
-74.3773
128.978
62.8327
19.1558
92.3052
39.2054
16.2757
-77.707
-115.591
66.7519
-61.9227
23.5624
126.137
103.489
41.6963
40.4106
161.349
61.4414
21.2831
-98.7266
169.892
111.146
-95.9522
-93.899
70.3121
-57.3775
61.0197
92.1509
56.1258
108.479
-76.8529
35.2088
145.009
273.818
46.2502
125.711
-75.3421
96.1833
3.2969
57.3827
34.7974
149.836
-44.1616
-98.4446
69.5195
-270.754
-28.998
29.5563
-77.2977
74.4406
168.963
107.205
18.9096
98.1909
192.86
-119.975
51.1028
77.3674
-125.417
-205.21
52.1478
38.9158
352.402
310.146
82.5093
111.953
160.945
35.9173
65.0607
90.0204
21.5616
182.269
34.2005
97.1901
10.0273
7.74886
29.1166
41.8722
83.7656
56.2835
175.579
-51.4124
21.8725
150.738
55.5523
-48.7193
66.7907
26.8648
68.5188
-112.735
131.708
-73.1038
167.26
40.5747
51.1926
16.6233
129.922
55.7544
-11.1754
51.0449
154.315
90.7416
125.19
71.9863
46.7942
68.5315
32.2285
66.334
-50.3757
60.1586
66.3637
-122.577
-75.5867
95.5339
98.3038
224.874
15.442
-141.925
0.702216
-67.3409
-64.2076
22.8203
92.0897
194.799
149.32
-182.5
47.8659
-21.3423
132.426
96.363
261.828
336.618
-39.54
102.963
-84.0461
189.217
27.8722
93.0086
-92.8858
-175.275
-210.185
15.2686
147.686
120.873
118.736
-78.0451
55.6063
-50.6836
66.8071
92.7817
74.3238
140.046
-175.689
-70.3507
70.8318
16.5862
286.883
14.7208
99.3026
-125.474
-275.694
14.2534
57.2731
-234.117
56.4053
-253.083
153.62
146.966
21.3918
68.6537
64.7309
-320.211
32.5029
86.734
119.924
62.039
21.1171
20.1286
-65.7635
12.9537
-78.2879
43.2495
152.089
107.727
266.482
150.47
157.691
12.3767
16.2593
37.5504
-352.587
48.1596
-320.193
61.7768
29.4454
27.2755
25.5239
-125.823
-142.135
215.337
13.3707
187.694
137.168
126.604
63.0761
32.7484
96.6451
-179.846
113.996
25.67
79.254
151.586
-74.1385
-120.201
37.1411
108.339
66.563
7.59437
15.1974
176.911
14.3116
51.9047
-248.167
112.36
41.0698
234.674
17.5718
194.128
315.034
-225.316
90.3402
28.3563
180.415
71.3679
113.769
219.654
21.3504
-206.11
12.5735
139.045
24.4619
212.569
39.4703
-43.4915
37.0569
137.842
251.587
350.438
115.758
-71.6491
-112.48
186.985
7.05719
340.774
82.9157
24.7247
-134.102
-41.7754
181.324
109.51
15.8805
42.1237
262.852
-192.158
81.6072
123.599
89.1524
19.4323
47.7471
73.7584
-256.359
28.8045
82.7934
26.4054
83.5698
41.3463
65.1223
-108.584
93.3635
-38.8858
281.119
-171.793
-104.301
-64.1617
-129.278
-227.028
-70.2438
137.069
8.881
108.117
3.38084
237.867
72.2241
207.877
23.807
-48.3979
157.539
27.8468
45.3438
14.0056
168.03
8.53139
83.2303
165.522
-57.6433
110.563
-141.482
146.944
65.9739
13.0895
-97.8271
-208.793
119.81
48.4326
11.7936
77.6076
24.6062
-178.824
-79.0581
53.8608
28.7051
106.379
-172.067
62.073
304.823
-114.43
216.096
-52.8719
56.6861
-70.66
-48.9832
123.795
30.6272
152.942
40.2458
0.000528097
-52.3905
-85.8222
104.386
63.0178
0.472141
82.2071
-50.0071
256.332
36.8896
74.0151
42.6907
51.9494
211.153
-42.3053
-149.337
63.1259
84.2199
25.3119
224.929
30.6889
36.089
16.0775
120.835
-77.082
32.4006
-93.2222
154.007
42.0972
-53.8803
14.0359
-173.831
59.5375
1.94163
99.3187
52.092
27.1793
69.83
-86.1059
54.5485
68.5184
57.7879
-92.1505
64.9266
132.679
218.206
-59.1029
262.771
30.5912
-70.1326
27.5514
25.7409
93.1563
58.8552
216.075
60.8713
-255.052
199.687
223.874
-106.521
56.166
39.0924
96.072
63.4941
28.4836
-129.267
30.3698
118.515
137.466
90.345
14.8342
14.8559
-255.041
83.8212
-144.231
137.824
-98.5355
122.123
60.6068
124.709
20.1831
-55.1422
91.8165
39.9233
4.0006
65.988
151.432
214.352
18.1987
-97.9644
-162.608
65.798
107.68
-323.365
66.2309
39.7768
-133.055
156.541
292.88
173.902
205.858
88.5752
52.414
83.0373
265.576
114.462
67.4081
-41.8925
129.569
15.1208
99.8681
-73.3519
178.061
-352.443
103.684
-352.507
74.7206
-60.1071
130.043
158.789
-27.664
-144.689
116.031
38.9965
-107.874
12.7188
-175.45
-39.7544
51.6576
59.3526
128.977
57.922
-201.924
10.7055
124.465
-279.858
137.528
12.2934
-129.828
-87.8155
-34.9868
38.3141
-241.275
6.03606
-49.2207
111.993
-13.7154
127.914
97.6528
43.5732
26.1422
223.47
80.0499
65.9138
-199.297
23.5677
-148.96
302.775
129.604
-98.097
113.739
-55.8552
-84.8046
10.1377
91.0662
8.82418
72.9959
58.7195
7.69339
76.6899
23.7851
141.779
-121.037
86.8973
7.79043
44.4515
125.773
-127.664
64.0381
107.813
193.326
21.5991
51.8866
26.364
3.52208
232.995
61.6023
297.805
-77.5816
40.0355
44.5415
-57.0258
57.6697
160.54
-216.537
83.3625
31.191
-38.484
59.9899
225.436
-161.957
42.0502
89.024
54.164
-243.225
41.8404
-94.7207
76.1503
-190.477
246.191
9.07994
11.7259
53.1274
-318.452
-41.5256
-96.3809
34.0586
76.2021
106.921
-282.396
64.7768
57.7019
-117.147
-145.968
-269.316
-105.64
20.8939
82.0908
56.0496
-59.8739
-89.9566
213.84
102.006
74.2934
-258.046
198.152
220.593
225.604
-173.366
174.634
23.3686
12.9454
184.979
87.7061
104.15
51.7329
252.999
216.365
176.432
-41.2572
132.492
103.805
0.477025
52.3488
113.17
87.2255
36.2931
117.23
-51.5006
186.657
42.5367
116.823
209.077
18.2675
33.3702
67.3464
85.2763
91.2324
133.215
43.4312
105.002
40.2876
-114.74
80.9945
-212.781
-63.6594
66.3508
55.7914
159.36
41.9603
26.2727
36.4542
88.9193
229.695
73.9165
87.4076
64.8276
129.447
85.1262
327.764
-159.96
28.1116
159.562
24.6815
152.068
111.308
88.7076
8.98443
13.5931
6.42113
-117.77
73.2648
66.6359
310.61
111.36
56.6109
-31.0781
180.654
-123.343
-181.267
55.6404
32.2394
85.9144
53.3008
140.281
-63.7121
41.0243
257.234
78.7708
44.2126
23.8109
63.4296
55.1491
68.9469
54.8549
33.0303
88.8555
70.8527
-65.7397
19.6168
172.013
-298
-196.183
-133.026
12.581
-132.688
-102.108
-49.4414
95.7075
81.3432
272.971
131.292
91.4252
93.5431
216.155
-160.012
-157.913
24.597
149.293
60.1216
233.891
8.11784
39.1126
49.8176
-172.695
8.92747
-59.7194
94.4865
-68.5303
296.166
42.051
38.4273
90.3368
238.119
-119.03
113.217
8.05099
151.142
44.443
5.83441
-75.2304
31.0274
33.2353
51.7669
-88.7786
-121.437
40.933
111.026
27.1517
-150.434
122.165
-119.348
61.5282
-72.1045
74.5367
260.608
97.6899
48.9877
-113.498
-152.48
186.438
62.9563
26.852
-118.437
-64.1643
18.6612
247.568
59.0614
100.908
-147.637
127.801
332.801
103.473
69.4071
-116.03
230.807
215.99
194.224
71.0659
138.165
16.232
48.0173
206.744
44.1482
169.582
158.62
79.8562
95.9872
28.2287
63.4629
118.637
-124.039
-200.668
46.0881
201.453
-118.843
316.871
13.1624
119.974
317.615
-57.3054
-62.231
4.35181
285.59
6.74787
5.25509
16.407
-110.368
57.9466
296.462
27.1194
56.17
-130.049
125.582
12.844
92.6577
34.8372
10.2528
107.495
152.15
312.682
27.8058
11.0756
-163.51
-96.3022
66.313
55.7191
-118.047
337.259
-183.795
77.1058
128.923
-297.861
52.112
56.7563
60.5267
204.082
33.3048
79.2747
-78.0014
80.3525
-15.4803
-118.096
103.769
-206.048
45.9876
15.2724
70.7368
20.5864
137.393
151.043
-103.309
-26.05
34.4297
46.1767
-141.169
31.5722
53.121
58.6474
247.746
40.9491
-174.452
25.6379
-105.185
22.448
-73.4608
-56.2529
74.5531
296.096
13.2189
102.332
72.8228
-69.2649
58.4816
19.0677
68.1033
-67.2075
100.796
297.004
17.0476
172.603
-108.53
39.0484
63.4711
13.7473
75.1157
26.2138
15.1422
91.7961
264.638
-260.318
61.6811
58.9615
20.0377
43.5086
105.667
64.9334
141.27
34.8298
8.17891
57.1571
76.1203
19.0345
48.2682
268.711
3.87903
67.6466
50.9375
-49.164
65.115
-90.7187
89.3623
81.0562
117.161
210.513
43.4766
19.9177
116.63
179.353
18.4038
86.8394
-62.7178
-28.0756
26.6482
91.5296
69.5211
65.7608
43.7744
3.80063
-91.0907
-51.3402
-149.455
49.5177
30.9845
84.6811
-321.764
-1.55416
-300.752
12.6108
73.1606
101.819
-55.8167
24.8265
20.6463
17.3752
97.9659
-18.3104
295
74.6453
314.629
16.2641
174.25
13.1153
174.172
-97.3903
8.17325
-70.9725
19.6332
66.2813
161.173
168.872
54.8684
230.664
199.156
-68.4851
74.946
14.0771
-72.1048
-132.339
70.2981
68.5371
260.95
-61.1671
114.163
139.586
241.136
109.563
14.7345
84.31
126.638
270.385
-184.272
91.0313
82.3582
176.905
76.351
210.066
-63.8272
64.6377
133.083
-219.422
40.8819
70.8017
155.975
-77.3579
-140.339
191.532
183.853
-62.694
81.0918
102.889
14.6986
47.0201
-130.703
36.2881
-119.775
-113.668
14.4211
352.577
-159.253
157.586
10.7169
51.8424
87.5476
42.7403
61.7383
19.8456
148.886
-136.362
-112.474
-84.1008
33.1505
29.2614
72.0272
-323.949
54.9234
-68.8595
87.8156
-48.773
130.429
-31.0031
163.449
-181.989
158.097
256.325
83.2682
20.6842
45.7645
101.4
-158.228
16.6308
77.3085
302.723
59.1986
-144.539
33.1414
-103.783
30.0249
5.53728
50.5254
114.102
-54.2092
175.097
19.0664
-66.1786
57.3112
96.5176
113.992
24.8488
-67.5791
84.1441
96.098
99.0008
239.594
15.4096
324.824
92.1137
93.0673
35.8454
82.1009
78.6945
5.18954
-139.77
6.4141
89.2473
60.1183
32.3322
14.364
61.2245
-74.6447
49.6016
148.314
88.8137
20.8998
61.7124
107.991
14.5064
38.4543
68.3746
-161.367
46.9534
60.8696
78.1957
115.617
30.6797
107.329
58.4729
-30.2376
-33.3033
263.849
-220.262
-40.2601
139.161
69.6445
59.4646
94.2614
19.6523
5.74227
-120.149
-137.454
87.9274
152.844
161.73
331.063
18.9466
20.0248
38.1984
55.7013
-351.716
24.9716
53.0271
73.5007
-59.3462
15.5732
11.4108
-44.2769
260.007
257.39
90.3144
71.4561
-131.445
-105.273
311.845
54.7422
9.29449
144.98
28.7551
-234.641
-44.4638
321.226
-119.999
-38.4476
310.305
78.6062
58.2245
68.4146
32.48
-199.537
-97.8455
45.6896
-143.08
80.0495
69.2198
105.77
24.9657
11.9628
24.0876
-198.313
145.053
89.8174
145.015
30.5192
211.077
64.1631
83.2966
75.5058
91.0696
-185.869
49.4481
-77.3795
102.934
5.0617
138.374
-99.0722
102.66
118.63
24.4411
-315.037
102.211
76.0518
58.8352
96.2288
-192.17
-37.5494
9.09465
65.627
86.1543
128.288
37.9887
44.5455
160.219
23.5162
-163.91
17.0927
-27.4286
21.9499
-110.35
30.7481
79.9959
-232.966
23.644
47.0389
-142.741
21.0077
-83.4925
78.5085
295.639
66.7086
64.1546
12.9612
-74.515
181.675
48.0166
-232.851
75.3801
-92.4801
15.5957
38.2987
40.7946
28.3953
-62.1646
119.376
24.1229
34.6108
35.5411
67.3915
-291.992
50.2023
189.548
234.412
-131.475
38.0157
76.1332
88.1536
110.633
-346.208
314.212
8.54623
99.8203
56.0079
101.029
60.9457
24.0015
29.6473
14.9581
-121.163
23.4072
-205.081
162.919
101.395
-305.552
37.3663
63.1801
8.94107
29.8374
73.0685
163.961
-159.456
168.591
54.8759
-186.704
171.186
128.096
214.296
60.3066
64.5532
-351.293
17.9155
217.352
279.009
3.83587
207.702
123.937
-44.2281
33.8322
26.6867
310.351
29.6192
31.1246
34.6894
169.559
41.1969
258.818
-62.4443
69.4244
293.574
282.83
136.245
100.258
-238.353
105.79
314.727
108.03
66.4041
185.893
259.905
49.4085
-71.0778
63.005
-77.8494
-43.9767
94.7475
44.4729
268.242
82.5679
-212.077
12.1775
-132.797
-96.0036
122.245
99.9883
156.005
-122.266
14.0955
122.577
202.81
71.3163
175.625
7.03509
-93.0182
-62.4606
105.772
53.2825
55.6074
-75.3139
-125.432
25.2594
190.779
5.89105
-103.851
129.918
-44.3761
19.4656
6.16081
109.296
333.658
86.0576
94.2564
43.999
-276.182
-125.378
103.165
148.177
-137.53
25.2779
109.897
30.2824
16.7989
23.7105
55.0925
103.912
-258.331
-131.025
-180.19
-68.2269
-143.788
45.2753
143.964
-156.146
-95.6938
-54.2467
42.9991
63.407
53.5568
-205.752
239.256
-55.494
255.556
168.426
137.017
38.5321
323.799
-181.45
71.1268
-204.451
-43.9132
6.27384
28.1059
-113.269
41.8831
15.6801
-134.016
22.8396
1.90069
39.8291
85.5529
115.752
281.873
-76.6419
23.7663
66.2268
-27.9407
-90.4409
44.0168
42.4748
332.735
34.8386
-51.5988
109.884
92.2344
25.4206
27.647
35.389
31.366
269.147
16.4919
10.4109
143.374
113.22
151.956
98.5341
45.298
17.8031
-285.458
98.1425
71.6786
59.9759
35.1187
68.038
12.4615
156.25
56.1401
123.865
10.7303
-87.9634
16.4144
-257.658
12.8316
-138.027
51.609
24.635
-121.953
-118.908
256.335
44.9276
0.128989
145.755
-239.332
49.4683
158.031
61.9856
-88.0193
98.659
191.95
19.0939
131.409
127.827
31.3394
38.6683
-103.292
331.89
72.4715
54.2108
101.664
199.337
64.3676
24.3732
238.029
29.4225
27.3124
-118.108
35.4672
30.8616
154.869
128.55
-192.647
-115.97
92.3444
26.9804
51.4126
201.53
-32.3093
135.48
101.032
47.6319
21.4055
7.28244
-41.4611
53.1563
119.344
166.658
20.2151
-117.182
220.887
-55.2388
63.4744
148.144
163.014
-39.9221
33.5092
-175.744
138.345
68.5288
-61.2904
248.877
60.5269
52.9206
60.9496
82.0631
62.8758
-128.057
-159.462
-58.8358
114.886
76.6856
171.778
56.5691
52.2416
-148.884
-40.9047
-57.8281
135.994
169.139
82.7856
-60.1976
-194.827
253.697
173.813
178.744
39.0657
-178.503
40.2977
7.17882
-334.016
43.8716
22.0372
3.04605
-167.883
107.694
101.883
161.783
-147.031
-116.689
-49.614
-64.1357
46.3949
-78.5213
-72.7904
-96.3418
-115.009
-74.3938
184.606
180.544
18.215
224.573
53.0521
27.1451
33.346
138.166
44.2426
200.922
-93.391
100.53
-131.47
97.4375
-88.1135
54.9342
125.676
119.275
195.64
131.721
198.517
77.8845
-86.6855
160.11
144.297
78.9683
109.204
-137.437
-56.089
139.002
71.3689
17.4084
-81.76
218.77
-92.8772
130.481
7.44565
159.786
52.2187
83.0798
149.178
48.3985
224.896
101.195
214.106
-42.7425
111.962
37.0534
49.9256
124.645
28.5857
72.5335
24.4065
207.935
351.975
-121.301
-79.7262
2.14715
20.3214
-201.632
99.2348
253.96
27.7887
11.31
160.637
158.504
28.9248
6.74253
86.5516
43.9558
-172.682
31.213
-87.7582
81.9809
48.2649
51.682
-94.0175
115.413
5.58286
58.7941
74.8966
-55.3221
13.9908
203.694
67.0195
143.969
-62.2007
28.5194
219.423
55.7285
82.9897
-138.588
-249.534
46.1393
-149.797
222.192
20.7645
102.631
-67.1765
-86.0767
22.1731
76.3801
112.574
350.715
336.252
84.7516
16.5108
68.9832
67.4265
142.684
-164.949
95.2625
93.5836
150.201
35.533
9.90125
270.11
28.9411
-104.884
-124.27
91.6139
96.1699
24.1177
-183.007
124.214
-87.9969
40.9178
-98.0424
61.9815
154.683
30.202
341.779
135.439
-162.482
104.157
-67.0775
-154.962
72.2186
37.8568
1.38789
-248.838
-110.813
26.4814
87.6023
220.939
54.5588
-124.439
59.0772
49.7007
-151.114
315.518
68.2194
36.0159
39.7113
80.4345
-55.4081
144.842
-81.2401
-202.273
106.965
112.609
14.8416
-32.7166
26.2774
10.51
-46.8424
32.5062
-76.4205
203.286
21.3498
-164.518
70.9111
-100.754
53.0024
34.7921
32.8601
-160.318
31.0045
17.3144
334.593
151.618
49.9935
52.0819
33.4554
-71.9384
170.139
53.5915
-193.744
86.2733
110.424
162.527
256.001
31.3008
17.8252
57.1549
-77.5566
223.138
157.319
-99.2971
-77.0053
78.0294
67.2119
136.996
-140.229
-76.7925
119.92
14.4479
132.742
25.9333
65.4033
160.846
42.7662
60.8835
115.423
193.59
-45.142
188.087
118.07
27.7421
-32.4723
64.7164
84.0688
-65.9044
116.058
43.039
126.342
160.614
18.1861
4.5067
137.189
115.282
118.498
102.984
148.437
59.5242
204.916
160.7
-34.1588
144.671
-50.0715
36.4522
-77.8793
-180.23
190.624
221.224
115.966
51.2581
82.6397
78.1287
15.9976
32.1682
-74.5068
-139.928
106.963
184.323
36.6575
20.3131
50.2348
53.0983
39.0969
200.449
110.684
52.3733
-55.5821
-105.774
56.2068
-129.309
-174.226
52.9269
170.727
42.1538
67.5242
-79.5221
-298.449
159.896
94.4035
85.3061
128.476
32.7997
60.1846
-203.25
-200.685
25.8937
50.0284
36.7476
14.9594
24.4872
105.788
32.4386
140.627
-54.7066
-250.17
-60.2905
99.4008
132.015
62.1065
21.2916
24.5007
35.4036
38.4361
28.3151
-213.705
169.244
14.1427
111.369
38.1683
54.5893
67.988
-160.303
49.7638
21.616
-74.432
80.8874
219.715
328.894
-82.7895
-60.5208
172.529
29.3783
11.1667
-94.9306
245.435
151.808
-117.515
-105.693
186.717
19.5939
-102.494
100.667
-45.1749
67.6142
60.2408
-85.9681
62.9937
-35.0083
107.595
-68.9197
-115.927
205.172
252.772
8.78892
45.7943
11.429
300.522
76.2512
38.956
42.4235
81.0974
209.769
237.851
157.464
-130.676
-164.511
33.9429
65.2571
-78.8531
284.787
-55.7389
48.2941
-135.635
144.152
161.689
45.3621
-71.5655
188.767
-201.143
69.87
107.937
1.56832
105.026
199.496
119.464
181.572
72.438
200.673
-59.4327
15.0404
-274.461
43.8191
197.451
-32.4712
101.334
177.256
150.686
45.0196
124.965
89.8364
15.5153
-210.527
219.311
10.1251
50.532
92.2002
122.23
2.98917
-87.7232
18.2083
-37.6169
250.461
-81.9353
96.7201
166.157
224.87
75.078
-52.573
77.0762
-42.3529
7.50012
108.604
-98.7087
128.387
57.6044
72.6602
-161.026
36.3073
340.062
56.9633
65.358
-49.9622
68.0897
31.3451
64.4371
189.765
93.9311
-309.314
64.0688
26.537
-31.7785
-148.662
11.6357
9.60609
222.851
34.5019
28.4305
88.5777
44.5659
103.067
80.4266
3.43168
21.0232
184.265
20.3145
50.8293
42.9495
-122.298
-43.8384
38.4744
13.0754
20.7505
-100.35
-99.9471
159.558
24.0763
-193.314
161.454
8.26048
101.491
-43.968
191.549
37.0065
24.9182
157.973
33.4523
137.295
-56.686
317.502
52.8324
64.5277
8.40636
114.42
-69.6251
-113.247
106.852
57.3687
-121.21
130.54
27.3018
304.889
64.764
55.3541
222.746
42.349
16.3588
77.3716
100.887
52.3546
35.7614
-201.948
67.7037
-227.355
17.7146
61.1798
29.375
183.765
-211.875
-239.931
-131.263
193.648
-204.126
63.1674
-176.059
-52.1119
133.968
83.1207
31.8888
22.4843
22.4134
9.68089
64.1626
28.6022
110.301
-59.1845
64.4483
61.7932
-87.0527
212.59
-73.4989
4.63022
12.6938
27.5154
171.87
48.7123
-201.54
106.692
29.881
140.933
47.4366
8.89155
-124.16
45.6257
49.7227
-107.272
60.556
137.259
52.2748
61.7017
50.4254
139.403
68.1672
127.936
49.7245
119.848
17.2033
-149.598
29.5405
180.012
143.426
27.4979
29.8116
79.5344
27.1134
292.201
-172.176
57.2803
62.3042
100.626
88.0187
127.942
171.634
105.113
60.8688
43.2676
136.552
76.7272
205.257
333.72
81.2418
14.0152
15.8588
-55.4448
128.456
170.491
219.869
47.2386
112.345
37.7672
143.962
247.039
104.384
-187.044
71.6042
-60.9403
23.5424
351.63
86.6461
28.6856
-50.9139
33.2626
85.7046
-157.337
3.39499
-92.5405
152.95
-220.25
196.255
42.0072
71.3731
-151.875
10.1187
59.1497
20.1657
88.2782
-110.611
32.6999
71.2784
83.2653
118.725
30.1112
-19.4082
17.2894
-112.04
23.3039
44.145
-258.118
126.921
74.3896
160.955
-70.8395
61.4995
82.274
-161.681
207.095
114.896
-26.7595
91.4794
74.2405
11.2338
-256.774
-114.059
52.3937
-91.8648
151.637
97.796
32.7473
17.9953
35.1919
118.153
17.2186
17.6986
113.439
-83.6345
-64.5098
40.7701
-91.0614
76.4114
-126.058
40.0602
187.526
-194.007
12.9821
-102.333
148.143
-43.9414
98.3463
10.4181
-76.0254
76.8304
12.595
138.576
-164.732
26.1124
33.5036
180.457
124.085
214.861
85.9351
-110.255
78.807
26.3874
121.58
113.106
316.365
48.9981
-162.66
108.232
-187.722
97.3925
36.7403
46.7401
45.3623
22.9689
83.3424
129.612
41.0506
25.3034
123.509
-94.1028
98.8491
69.894
174.367
83.2139
75.9049
27.2926
131.03
111.369
131.335
97.506
107.47
95.924
-139.747
120.042
-177.705
192.684
-351.63
-49.8443
-154.03
-99.7079
61.3682
23.961
70.5516
20.1847
59.9096
-71.3435
-71.7136
182.91
108.798
9.97454
24.5631
77.2317
62.6771
49.0125
129.947
86.6719
-147.715
-61.1695
152.67
-169.657
25.2249
82.0178
161.711
20.4168
31.3936
125.028
31.1686
0.0124023
-104.719
45.8265
59.0434
-63.0603
66.6678
56.5711
-45.3061
-83.11
34.8967
-44.7076
64.4491
-218.961
206.29
247.021
-132.209
92.0496
74.8858
24.8672
56.4879
-55.8892
37.5234
282.666
38.0484
-87.0395
97.2917
57.3833
13.5371
190.61
88.4173
7.57142
119.358
95.3551
82.761
-145.63
-150.705
-183.348
-201.673
21.4686
57.053
52.0342
113.319
-150.694
136.805
267.029
103.866
72.9058
105.141
52.5766
35.318
154.673
30.1932
233.413
66.1533
14.89
26.4573
-291.704
-108.787
104.575
15.6553
94.3307
64.7168
-148.904
167.94
297.574
116.054
-172.721
-74.1293
159.317
-125.3
111.992
-68.9549
82.9083
-75.861
-143.717
215.097
22.8737
-174.912
68.1663
47.8211
192.18
-59.0843
-137.098
52.7889
196.022
77.4972
245.396
73.0572
108.731
26.6867
14.6531
-105.527
124.273
134.163
73.9226
41.0311
233.415
21.6122
26.3814
89.805
273.901
91.9168
-198.736
-162.628
29.8591
97.0151
120.393
88.6604
13.7308
189.115
116.146
-59.0379
-56.0877
-195.64
162.134
86.5268
83.0279
187.124
58.2855
-301.532
-104.615
3.8424
161.001
-30.1239
55.2707
47.8911
163.332
22.4529
312.239
13.4323
194.849
46.5831
137.799
14.8127
12.6691
7.38247
145.527
29.2605
-175.684
193.363
161.696
148.235
66.3812
105.599
85.6394
158.123
-85.496
96.3323
88.8607
138.958
66.4046
23.517
-108.779
82.1869
99.2194
-120.046
16.2358
72.7274
150.598
62.9361
-53.0531
-19.0057
50.4127
-54.2413
-82.6276
228.059
-167.416
-33.022
48.7902
36.8584
22.9837
-47.8128
196.539
43.7358
24.5697
197.847
36.4432
146.814
-89.122
78.9098
-17.6895
182.026
54.8111
76.0596
-182.757
285.679
42.2838
-81.7115
309.951
28.9847
-169.449
26.4945
234.444
-36.7829
43.838
-84.2503
305.469
91.8341
56.8025
-315.635
73.6318
31.6912
333.578
92.5501
-251.659
81.4857
63.4493
31.0345
-84.6806
-317.027
-351.638
251.971
-136.448
24.0133
22.9126
12.396
75.4652
-26.179
220.92
-168.06
-17.2342
155.914
61.541
58.7846
62.7045
37.1385
76.1751
132.316
55.0915
50.1881
47.444
342.597
50.2556
-65.5404
101.815
90.5704
17.3001
-71.5137
55.3896
74.5741
279.755
138.441
-50.4818
19.6551
-80.4288
71.9818
-115.45
69.5365
91.6927
71.1694
184.638
307.784
97.9386
24.281
102.039
84.4322
16.0321
4.52539
14.4392
-338.99
106.435
89.6015
148.017
18.1338
103.724
-93.1578
135.58
96.4917
59.2852
165.086
67.4153
102.086
141.483
-44.6729
-49.2076
58.4984
62.9681
-76.4858
52.4712
-47.917
351.46
95.2798
-90.8089
115.185
24.2372
-343.93
147.904
52.1919
-322.503
23.2917
-65.1902
83.6869
-52.4651
-98.7342
86.4898
137.385
47.3963
-187.762
-75.0646
79.546
76.4117
49.6212
-55.5647
29.0085
95.3472
-88.6482
8.84208
57.9853
346.986
121.378
-114.414
189.098
74.2103
20.267
-299.712
210.532
-52.0279
24.4566
121.815
137.446
-87.1968
31.2236
123.063
-49.312
125.462
-107.861
158.241
81.2596
34.7994
-39.6239
116.582
30.2341
94.9012
324.418
50.4561
80.8423
56.6505
131.072
172.287
22.0128
-123.586
-187.606
111.689
-123.545
-65.2938
-85.259
-117.547
103.246
11.9948
92.1798
155.364
12.3412
-59.2149
32.0679
35.8318
81.2139
82.2977
34.2719
98.9716
84.209
-77.4294
-45.9328
84.6197
17.1541
-146.758
103.618
93.1873
77.1859
87.3524
25.7469
123.763
158.437
62.8573
67.4733
123.948
13.8826
281.941
154.689
-49.3395
40.622
29.7897
64.5337
-179.282
187.446
58.9481
16.662
104.592
75.4942
7.23661
22.7763
60.2899
61.9536
-227.874
50.7227
-145.722
54.3345
39.3181
-11.2418
319.527
68.4199
63.5243
4.72834
24.5438
79.4972
144.356
204.715
-85.8494
62.3857
37.479
-62.5368
97.3264
62.3209
348.73
70.2614
121.508
68.7985
33.9676
74.7863
23.4922
253.932
43.2929
6.74878
125.681
108.273
-134.439
240.674
35.4153
27.8735
62.8867
17.9341
-114.661
-335.231
-53.3946
9.00949
-222.562
-247.57
72.8061
65.1235
-173.605
49.0534
35.6055
-158.108
-139.352
121.822
-123.402
21.2535
87.4173
166.447
59.1236
117.394
29.3542
-113.5
180.843
-326.353
42.637
94.5401
229.886
53.3842
163.8
-82.1781
11.8322
-304.253
-178.927
133.903
96.4543
28.7742
79.0601
85.846
-201.844
145.4
-83.2985
39.1966
89.9091
94.4374
217.073
12.6621
61.3277
-25.9198
11.9626
-54.7336
-127.779
47.5647
11.3957
96.8068
44.3705
-51.7516
9.85225
64.8341
97.6922
57.7755
332.427
45.2844
72.044
320.311
23.1315
45.8148
104.011
-97.0037
180.581
-101.208
45.7727
-143.418
77.6881
-148.119
44.6896
41.9674
-244.169
53.1049
262.264
-98.9048
-65.8667
-86.5018
17.4547
68.7999
21.5643
78.0125
-111.387
-86.0639
54.839
-91.3644
-89.5587
92.2669
-166.005
59.9796
109.544
129.811
93.7941
51.6342
59.3062
55.4724
-130.348
295.804
62.9079
20.1523
50.3235
165.136
-158.999
48.35
313.642
26.7928
44.7268
91.0484
75.1718
34.0709
156.354
73.9401
51.5432
166.4
-225.362
74.0929
-101.039
156.459
-61.416
35.9276
-104.393
87.841
-208.852
91.4091
130.134
162.887
116.068
102.924
77.4665
-66.9732
-99.8637
73.9007
44.6092
-63.6016
101.868
-204.597
302.76
-53.1658
260.052
59.7034
253.362
55.1228
166.283
-56.3353
42.6408
-46.9921
275.899
135.828
25.6014
189.242
-211.429
55.1176
155.2
55.0664
-60.7046
55.0476
85.9442
45.9207
28.8953
108.443
238.492
104.757
-60.9673
220.11
69.7275
222.944
-127.534
300.253
111.811
88.5537
-209.374
-65.8689
211.874
-189.812
59.827
52.8141
-351.52
31.2998
105.09
81.6953
-332.417
16.0777
9.67669
19.4128
-113.977
115.794
130.813
34.6218
72.0395
142.501
29.6475
-101.637
179.957
-149.9
57.4543
96.6378
24.1713
226.549
-90.7142
49.1332
86.0924
32.0091
-54.2582
9.57585
20.5845
28.236
-257.613
19.2236
66.8121
30.4785
25.0657
59.9437
66.2706
97.9008
159.336
59.6748
87.6848
-120.79
21.1135
31.4481
79.2548
107.232
-193.165
97.8864
25.9433
89.4849
69.9194
351.859
22.1985
-91.4881
171
123.656
123.338
-154.974
-326.152
12.0768
-155.018
-113.521
27.2556
-66.1483
-68.9293
-193.315
35.2121
79.8777
65.9212
73.1218
62.3155
-341.74
17.8826
229.522
18.0247
65.0527
-228.024
286.802
227.199
-89.9899
52.4009
-52.8571
35.7854
31.506
145.486
39.1499
32.7606
159.949
87.353
47.1731
48.5598
-49.7713
35.0744
23.8142
-197.514
-164.145
-82.24
-352.022
199.895
23.3351
283.877
-64.3296
83.8549
70.6863
29.9963
-68.5584
-136.104
18.2392
-169.791
25.9002
-68.8722
-228.563
-66.2588
329.256
111.762
141.266
23.2104
64.4959
69.8706
-145.216
127.68
-89.0633
-80.9491
58.7684
-38.7339
6.51771
31.387
-203.786
39.3506
-35.4755
-63.456
-73.5523
-143.675
251.714
97.0219
27.8509
-123.498
177.011
14.9785
-134.48
-269.233
56.0374
30.2031
177.757
96.2781
217.351
69.6485
102.6
48.4266
226.92
40.0115
60.4467
52.3218
70.5294
-46.3597
-171.697
-128.531
89.3308
70.5074
121.823
18.4523
44.2225
340.459
20.372
148.661
74.7582
41.0093
116.49
75.3297
-126.533
84.2165
37.5241
-26.4867
55.1694
76.0799
95.6787
-291.079
93.9445
120.985
326.03
-326.18
42.3205
50.7308
60.5442
92.2729
62.3289
24.2929
111.287
-187.197
32.1524
27.0437
-36.8644
67.2266
121.338
-127.043
-52.7471
18.0283
98.5471
-187.681
26.9235
28.581
69.0454
18.2159
92.4335
43.3384
50.2632
76.4815
139.717
23.4394
80.8225
84.8881
-55.8246
-237.56
91.2108
96.6551
89.6174
27.6078
171.569
42.059
43.7485
14.7499
-69.4467
30.0955
132.38
26.4374
101.828
-79.5942
-53.6324
6.65123
200.949
89.992
12.2608
30.4251
82.0358
161.713
88.0116
82.1588
269.937
-231.328
183.043
19.6477
142.47
67.8451
-84.8195
24.1915
45.9342
-152.312
17.0638
-76.9618
42.8347
50.412
12.8434
15.9203
114.737
66.3203
19.2092
20.8286
9.69553
96.7047
-125.678
-113.558
127.467
52.6836
62.8471
31.2829
111.851
17.9287
-49.2501
-98.7322
75.5615
9.5625
67.3729
19.4902
243.719
53.2391
37.2222
38.484
9.43033
17.1651
-188.187
101.57
-82.5221
-64.8369
149.067
207.042
75.0075
-14.2882
39.0122
74.7379
104.846
20.0078
52.7838
50.7626
-120.967
34.5011
-101.516
313.546
56.6382
-77.0954
42.6217
85.7585
39.3591
200.405
69.9133
-41.7335
96.8547
183.24
20.2407
-90.438
351.884
47.0484
97.6547
17.4022
125.064
-181.499
-219.78
-132.479
173.244
187.274
-70.7778
11.3211
122.22
55.22
185.174
122.746
-105.193
42.6619
-136.166
135.176
5.35703
79.0928
86.2562
58.6376
30.6021
-123.445
88.1494
-97.8681
-95.8962
-104.48
302.071
75.8263
-133.119
68.2168
37.7486
43.9507
58.0472
35.2708
12.61
207.979
167.988
-111.34
148.954
53.6345
-129.159
74.3157
24.5833
21.7563
-41.987
71.6863
13.3544
332.421
-208.523
35.7491
-114.939
213.399
34.5208
80.6508
-230.513
8.99048
35.7907
136.031
72.5458
131.709
29.2986
-53.1887
57.4567
67.3917
-67.1003
246.999
67.332
99.2071
351.952
180.904
185.218
153.734
83.1121
40.7583
30.9682
3.06746
-98.3022
-45.5294
50.1641
-97.1863
-69.2088
73.2525
189.893
319.922
318.235
62.8128
13.3709
35.1397
-60.8191
39.8306
153.69
68.7132
157.062
-82.914
101.097
-35.4636
3.21556
71.0521
261.387
105.494
9.93972
82.6867
268.786
179.66
137.398
-115.087
6.58865
28.9454
16.92
48.5817
33.125
103.929
44.6556
-51.3317
16.9639
-288.708
-320.37
223.389
-182.197
17.4934
-305.235
80.0368
-90.9836
64.589
6.19639
26.8034
34.2861
38.7623
134.718
-50.8855
60.2655
100.64
279.033
18.0315
6.03922
157.385
155.336
14.0176
-111.59
-78.509
75.4663
-75.5902
54.9655
-152.296
14.9113
-59.0384
-51.0446
196.877
87.8795
64.7315
126.498
36.0066
157.57
45.0039
28.8644
153.6
-285.41
101.802
117.621
-111.537
22.5095
9.13062
23.9322
96.0506
86.0946
22.2133
14.1421
139.708
53.4515
76.1781
118.154
11.4354
124.26
9.08525
32.3724
22.0946
33.9981
-50.4198
42.69
13.1379
92.9959
13.4375
321.967
11.6926
135.998
-144.219
86.8875
39.8535
192.448
2.71176
-272.662
37.4129
45.1946
-50.1866
167.41
-279.495
-161.67
260.798
-204.965
139.669
-253.729
84.7136
73.3931
190.534
182.784
-324.407
148.982
98.8337
-190.41
33.118
112.002
66.3378
89.0147
-223.695
52.3351
53.5157
124.283
85.6836
328.967
38.8484
344.944
4.64836
-65.3695
42.1211
229.123
78.1631
15.3011
23.3691
-105.446
-192.201
185.978
56.005
91.9783
-164.85
19.2615
74.3017
36.456
80.5226
57.0598
-103.437
80.6267
-174.317
17.1443
42.325
43.5372
46.8563
51.8781
-101.43
-203.758
41.0293
16.2154
86.2322
52.2103
232.81
301.868
-69.6702
77.3845
108.218
71.0483
-300.257
229.724
74.0132
-85.4934
85.2656
-51.9654
42.9977
57.7477
-81.1618
28.8465
-121.965
-135.199
140.627
89.7421
70.7395
100.328
13.028
59.1069
98.2335
94.4308
61.2139
74.9053
34.4645
257.956
160.403
93.3803
16.3909
19.7715
83.6305
42.2824
-51.3504
-95.7525
293.581
172.145
188.29
213.42
12.6266
-62.1309
206.959
41.0266
211.294
314.658
-109.822
52.2609
38.3408
-97.2545
-192.778
169.017
149.758
-142.134
-34.2301
144.723
177.56
40.4379
107.177
-42.8022
70.1838
49.6913
264.259
18.2184
57.0695
96.5936
45.6127
63.5692
-109.058
44.9399
9.80364
-50.2392
244.606
-251.368
-58.9365
-85.7713
45.2129
179.775
50.7005
80.923
56.4423
-63.9932
64.28
-62.9479
87.0094
13.6213
270.27
74.7617
39.2709
-57.2335
-90.5481
54.7537
200.546
-78.7666
37.0086
41.2061
110.991
139.893
41.8888
16.3653
39.3147
26.2364
18.7899
42.0568
129.009
229.751
351.8
-54.0793
-119.901
235.412
15.2315
-136.089
-142.546
26.0104
97.8688
29.1101
140.406
109.72
158.047
-131.264
32.5731
-117.453
100.544
191.186
41.6841
-62.5203
48.7679
-26.6557
30.0485
149.927
-112.124
1.56641
51.9938
13.6933
74.837
93.604
13.5306
-143.758
85.4936
-126.078
-246.064
-36.4138
37.4996
221.274
19.7111
287.72
-78.2477
222.507
78.929
-158.237
48.8449
133.641
47.2552
151.233
84.869
37.2149
11.628
163.997
8.62874
332.49
159.143
42.9531
23.5437
-181.858
10.9747
-62.9652
36.3695
-203.457
84.5038
113.287
11.148
35.0909
-121.867
59.0747
119.688
75.5435
128.803
-87.1591
-80.1049
-51.5991
42.4874
-73.5974
-214.821
15.1997
67.6062
-104.303
-54.0774
10.038
206.536
126.343
16.4026
44.6996
27.9669
29.7669
-244.165
60.8426
121.558
79.6989
333.092
-206.66
47.3063
70.1848
22.829
106.76
34.8544
49.0666
136.321
341.557
-121.705
56.7347
80.2979
-66.8543
7.77053
185.619
153.437
-14.8762
5.7278
289.633
-169.621
38.4986
157.973
84.8363
60.9353
50.7351
-94.1741
1.98313
-45.8999
159.147
46.3983
72.0552
243.264
211.236
59.4093
14.6715
152.362
-234.304
-38.5376
87.1071
24.3036
44.1506
-56.6362
-51.2214
188.777
-97.8571
13.5227
-70.3954
12.7173
202.412
79.1376
48.3165
-225.052
-110.731
22.7173
48.7047
42.077
55.2597
59.7416
112.97
104.055
27.3768
70.7405
-222.297
22.8
105.976
18.8529
-22.0965
43.3137
26.55
33.5658
-93.5804
138.283
4.96305
22.1906
26.5407
-39.464
29.0536
74.107
94.4944
75.7691
194.905
130.994
-297.798
59.0738
229.198
13.3453
206.766
45.2527
106.348
36.648
65.3771
45.7747
-59.9041
77.1354
-120.713
48.5228
-162.52
68.2563
-67.0124
-58.7571
66.2468
60.9638
13.0144
37.4541
-189.69
203.419
51.4768
-192.855
33.7827
61.7736
59.3431
-337.444
53.0089
21.7688
190.612
25.4441
-140.146
194.088
28.5812
153.562
89.4032
6.30522
49.9374
-40.6262
135.578
60.3438
57.989
-71.7676
32.1632
-152.578
77.986
-39.8854
36.7743
106.843
51.1814
217.607
16.8977
65.2628
39.9602
-193.057
276.782
95.7395
57.9781
-62.8721
59.0394
146.849
-35.8882
331.392
-79.3605
67.7478
-280.498
107.287
-190.772
-86.1419
152.351
41.1273
-237.741
-223.809
182.559
78.3861
80.2625
-38.7922
62.0474
162.989
51.8725
177.528
85.7666
127.753
240.709
126.328
25.1909
127.974
104.598
40.0166
-186.159
-57.5727
-70.8686
42.9241
21.9282
-264.331
59.0338
146.807
-77.201
87.3948
13.6893
341.941
-88.1237
12.635
155.087
57.2826
95.8176
24.3344
254.429
155.772
-152.679
110.594
31.1431
46.0887
-327.525
4.20611
186.205
181.122
141.422
29.6281
39.318
185.101
192.339
14.213
10.0329
66.1265
7.55984
54.2138
222.625
24.0493
30.9929
120.028
73.7741
52.9366
-82.7101
-102.114
62.844
22.8972
66.8209
110.922
107.009
-184.683
91.5862
198.274
27.2489
42.2054
15.8884
88.984
110.605
17.0129
111.836
-47.8444
-71.4853
-149.979
191.844
49.8439
34.2525
-43.6992
-72.87
32.2993
41.128
78.9592
-64.144
55.6951
88.581
34.2553
-126.047
167.613
57.1726
23.4363
46.6885
-203.398
-67.0297
-172.219
19.6317
-63.2872
56.975
-48.332
352.214
-135.548
123.19
97.3924
115.437
-127.197
14.9859
55.1546
264.23
-90.3787
143.491
66.4447
28.2506
87.412
56.9246
128.181
145.453
14.0274
51.4525
-234.336
48.0816
68.2283
9.33562
27.1141
49.3755
141.017
145.251
234.336
31.3756
234.684
-87.8653
162.563
121.208
54.1306
73.9621
-135.705
62.9573
106.267
115.028
45.6455
3.14474
187.874
71.0339
-40.8982
16.7142
304.086
62.5491
165.411
174.086
-35.6386
287.078
114.794
204.534
275.539
97.7585
-132.486
-150.619
46.7657
117.737
3.63438
132.218
-112.048
85.6258
216.157
-181.393
18.6953
34.8104
213.594
96.162
116.796
-123.933
12.8515
27.3233
49.2896
59.6887
-191.643
-76.9624
46.2923
-73.0828
-126.803
13.385
223.199
84.9565
293.402
153.374
-133.704
42.1814
8.0923
7.39418
40.0284
348.281
189.359
-183.976
121.342
19.8278
40.3431
-100.391
104.238
57.2976
-93.2436
-90.5534
218.759
6.71704
39.1574
42.732
286.253
164.227
98.6827
-103.733
-101.342
45.8302
39.5079
-344.897
-194.037
59.38
289.35
-138.404
42.3539
96.7062
98.7883
82.1172
-70.9291
51.8178
26.4767
97.9215
16.8163
127.517
77.0265
152.39
108.35
89.6444
30.0208
138.797
23.1283
70.5341
36.408
-52.8586
102.469
43.2216
90.0057
-101.479
77.1229
-78.5768
102.335
41.8793
41.2989
17.7904
32.8709
159.062
10.9695
68.935
85.3978
22.9008
-203.361
62.4971
37.1177
66.371
-234.223
118.055
84.1504
41.7267
53.6774
-352.01
51.8501
153.315
24.624
58.0179
-77.9858
61.4374
200.819
-243.629
46.6525
68.5555
203.406
69.5158
351.578
40.3899
290.024
63.7937
64.2121
-250.868
46.8248
78.752
59.3343
47.1165
329.815
91.9294
-57.4633
16.1744
26.8092
-283.577
93.4607
64.0611
68.1559
20.1412
-250.348
152.269
10.831
13.1188
321.186
79.6919
332.576
168.498
226.146
170.345
72.6092
58.4407
104.75
83.48
66.9827
144.218
-82.2116
140.644
34.9715
40.2564
351.546
324.013
61.6189
13.8107
96.6479
-188.83
239.184
17.7042
68.9894
-135.645
25.3254
49.6645
-111.281
56.656
-185.244
-88.5266
94.5089
128.275
-211.303
-174.211
44.0588
80.6562
78.3807
141.657
-165.978
45.789
16.9724
32.7424
24.3838
30.6826
-121.636
14.7807
203.949
30.5423
-41.2211
255.541
28.6064
15.1939
62.6396
2.21443
45.908
-66.2384
36.0548
16.766
62.3121
32.2477
86.208
74.7331
66.5056
198.217
7.63115
-304.235
-68.3846
48.951
13.7183
261.625
14.8512
-122.398
302.653
-62.9263
107.996
30.3279
62.0567
103.615
-24.1632
-171.875
9.92527
62.5315
70.3035
44.5895
85.1387
12.2574
56.8771
-104.938
-62.1242
-72.3063
35.3403
-56.4854
-203.249
105.575
36.5414
-53.5354
62.6103
101.91
-43.5985
133.845
11.8358
170.255
32.0754
81.4636
59.9415
83.1305
57.9786
-93.9467
-67.1199
-145.24
56.894
206.824
50.96
-62.761
103.225
-178.231
187.807
66.3921
-183.734
87.9294
92.2985
87.785
-122.614
50.3384
-156.435
282.437
10.4231
47.5738
53.2078
101.102
168.924
46.7061
-86.6963
-150.555
87.8822
39.7117
-94.9362
-180.553
67.4366
30.6551
57.2155
96.6733
182.189
99.0947
255.614
-78.0439
124.755
36.6611
117.246
-140.759
163.485
8.28683
-97.429
52.2571
21.8379
-131.652
-275.53
-160.518
87.2492
242.454
-49.0189
52.9525
-108.037
-96.9496
90.3493
50.4904
44.3839
259.761
33.5364
52.2356
-112.747
198.323
80.5842
55.155
-235.75
199.404
16.0122
66.1973
94.5035
140.876
41.3341
175.821
243.942
278.668
8.15889
90.8286
263.281
-181.784
323.527
222.72
52.5413
47.5142
79.6815
57.0985
-134.666
-125.774
13.0119
52.4176
46.563
43.767
29.2045
48.3262
-105.955
87.5695
106.137
43.4324
19.9967
-87.1193
49.7839
37.2609
150.736
-119.221
31.2566
-145.223
74.7576
-101.328
68.813
45.8262
16.064
64.9314
7.93136
78.2784
115.972
12.0409
-53.7737
54.8967
4.05682
22.7513
90.3807
57.8348
-47.8732
-112.43
4.31292
-31.0155
-256.969
-73.9611
22.7535
-75.3662
-175.536
40.0689
103.21
112.815
315.093
-58.1184
324.163
12.36
57.3731
-79.2942
155.219
53.3017
5.36152
22.4646
26.3547
-106.681
268.911
19.473
61.4204
324.89
114.75
-61.5198
28.5782
64.6307
-85.6927
252.391
-93.1839
39.0752
46.3824
51.5453
-67.5498
54.4537
164.998
74.0405
68.7086
-233.18
-79.0164
-71.2697
86.6262
110.211
30.4894
71.3984
52.7346
9.50535
55.3078
39.9042
114.676
12.8805
21.976
81.8461
-86.969
16.3859
-66.1035
96.2509
-8.07362
75.8121
-14.7782
53.9837
69.972
-93.883
-246.51
-64.0507
90.1118
71.3191
-219.221
64.7833
-176.944
112.702
21.0166
-56.823
178.668
115.623
-49.1362
44.8004
190.474
90.5125
39.2195
-282.54
10.8957
40.0596
206.197
-215.246
-132.015
89.6982
77.8379
71.3817
-73.8218
164.462
0.491026
113.367
23.3018
17.6292
64.4498
-79.696
72.4898
94.0488
107.691
-315.762
62.6852
163.495
56.2945
-152.455
95.5486
-228.333
70.0565
168.738
344.547
45.551
-207.233
75.67
128.678
99.5405
24.6893
6.98752
140.299
-82.7731
40.4319
-125.123
24.1587
25.1835
-68.5783
-42.5593
100.004
109.848
107.79
-115.427
163.835
47.177
-116.051
121.627
83.7905
98.118
210.281
52.0222
61.4041
129.188
58.4909
91.19
127.105
83.1719
89.1432
149.929
26.0177
59.0509
54.1382
116.827
8.02082
279.388
46.4463
-41.4495
80.4381
111.528
-100.488
-203.166
-136.933
111.913
83.1246
23.1625
-174.651
-127.841
236.952
131.576
52.2514
77.6831
-69.8342
140.639
129.992
205.143
153.36
37.2131
-123.377
-278.092
189.901
64.5536
65.5583
35.658
87.6113
25.0128
19.446
74.9004
80.1154
-124.736
79.6257
-202.244
142.14
6.23098
-93.098
-53.1676
20.7338
-115.672
151.913
33.1331
12.3762
14.4241
53.7836
55.4297
-81.3882
74.5834
10.3847
144.638
322.342
41.6044
124.311
152.263
12.8552
-150.809
16.2802
-61.9914
-170.805
122.211
114.191
8.32618
-352.415
90.6342
120.948
41.3577
-101.63
256.046
14.3128
31.4419
351.425
36.6757
55.3424
-107.701
-119.393
49.5683
4.74414
-178.282
31.5742
305.286
89.8979
-218.684
106.445
-105.166
76.0159
-288.335
352.175
-108.366
-125.097
-59.3122
-81.6176
-64.4322
42.8231
29.9797
164.71
72.8204
77.0455
-53.653
-184.482
-99.6063
-48.457
-79.1621
83.4786
-52.7907
-166.976
104.529
181.065
175.973
113.967
81.8463
33.9904
168.648
39.9672
58.1429
102.893
-67.1596
83.8467
26.4482
50.1754
-57.836
79.0905
22.1241
13.4534
117.921
-106.268
39.6133
11.9509
-47.9336
-152.871
9.3368
-94.7333
61.646
16.5894
128.352
79.3295
69.2862
133.192
138.99
47.4341
36.6963
124.252
64.5746
-249.813
59.7863
-159.05
160.603
147.101
105.507
97.4347
177.278
41.8215
336.946
31.7678
57.667
143.924
-51.43
146.112
198.571
221.899
123.598
64.4053
42.0505
98.5802
-71.4541
71.7354
-40.7696
6.78875
44.39
42.527
36.1285
57.2809
31.0412
13.9185
8.61951
50.7952
-66.6644
90.2137
76.8793
57.0266
196.563
184.248
101.66
245.182
8.89096
16.1236
351.843
307.476
90.1066
7.9804
135.218
20.0233
139.661
71.6094
165.875
64.4165
-88.7292
24.6159
89.69
201.351
-78.4983
107.674
-75.7708
26.8294
24.2874
48.3854
-48.2385
-119.423
-103.793
60.3741
248.997
35.0955
113.924
34.4298
-104.611
310.8
-214.056
69.3897
-117.028
106.967
-48.1308
56.5827
65.346
17.1138
-75.1782
295.152
75.4202
97.7111
93.9956
-241.718
233.999
19.7065
27.8245
47.7352
-69.5561
85.4983
-126.801
52.83
93.3215
-351.978
-60.9219
-144.151
47.1999
126.622
14.4665
30.5312
45.9391
-70.0172
43.873
196.818
284.364
172.009
-136.903
202.647
15.8479
16.6419
57.7477
24.7711
-163.034
-76.3008
26.8398
54.8016
211.266
17.4478
83.7586
-34.5141
-92.4778
43.38
73.3806
77.0479
35.0413
50.925
117.577
255.502
73.0745
-348.21
-45.3854
-142.578
294.574
77.0796
18.1351
57.3957
-117.364
52.2533
17.107
-43.7628
26.4716
-51.9128
269.814
34.2717
40.7772
-139.825
66.5771
92.8275
72.3622
-129.201
31.9762
98.9617
35.6429
34.6241
140.069
78.1823
119.92
195.769
-160.348
86.7017
36.9073
52.4977
68.2052
73.643
70.0319
21.2764
97.9895
58.3211
-77.7727
23.5467
-210.978
156.071
17.1921
-74.2915
57.7495
43.6056
15.7226
-96.9674
19.8373
14.505
-100.329
115.733
-113.035
139.84
124.905
84.1506
-108.977
14.294
-90.1027
65.4024
75.2823
52.6209
-87.7829
309.775
-166.634
-123.336
64.1685
49.2752
16.997
176.023
168.87
33.9214
25.8061
239.187
36.8896
77.3395
-62.8124
-188.719
-207.028
-108.11
22.2408
-62.8202
277.202
36.1446
40.9544
32.2164
-284.395
81.2164
28.5886
-156.572
-216.374
41.7244
215.3
224.291
121.167
44.9419
248.879
-270.614
30.0671
65.5786
200.723
90.2708
43.3955
328.928
-79.6553
28.1235
79.2038
106.935
-179.511
-263.031
7.59122
-103.752
241.533
188.928
161.704
-137.594
131.575
-65.2964
175.972
62.1446
221.068
168.011
-113.312
31.2365
-173.865
32.1392
34.2383
207.46
-127.335
10.1407
118.702
26.1629
-77.513
54.7653
-35.7106
188.244
-141.694
-103.206
7.21385
25.9288
75.9773
156.202
73.4083
20.1091
-65.3518
16.4806
21.1623
-154.805
179.546
21.9316
-206.13
-54.0339
28.211
77.723
-60.3579
344.318
13.0427
61.9361
31.1555
157.458
40.1298
-173.174
-132.623
-66.5821
28.5027
55.1505
-289.775
-59.0083
105.159
24.4942
50.6959
127.864
-56.7699
39.061
100.197
-257.009
222.924
29.8777
12.5262
55.6476
94.1263
53.6051
-145.32
-129.087
80.0156
80.3446
25.5697
120.445
42.3972
-236.6
162.629
14.0774
31.939
-172.795
-66.5043
-353.307
-92.8756
-56.8389
14.8791
204.629
-70.919
166.293
101.366
-56.7723
29.4898
-69.0283
219.324
7.60569
-134.827
-343.457
23.0652
14.6479
84.1119
-68.5822
28.3526
-85.6538
55.4851
100.044
-94.9792
194.984
5.36781
92.5363
36.2584
95.5593
59.8196
48.3088
71.3443
48.3197
-71.4321
19.6263
54.0856
-42.7478
138.807
48.1796
-210.536
98.3782
14.947
-42.9093
-140.966
334.433
34.0976
29.7285
56.4314
52.6496
124.017
12.9082
43.1661
-162.105
-66.8671
8.36744
-62.1405
-274.298
32.929
-224.501
102.998
210.15
107.755
-106.174
9.57161
58.0595
80.6915
332.634
96.6491
-148.664
-108.558
11.9894
-104.546
10.5163
127.851
30.2616
-188.137
58.3998
320.458
289.453
-327.841
-13.9761
-114.973
41.0087
-136.872
-266.629
96.4192
274.952
-61.3995
49.5961
221.745
40.1028
26.9318
43.8941
37.3434
118.102
-81.2706
107.99
-220.392
34.767
98.1974
177.856
32.6943
-181.522
-146.331
61.4797
-227.102
-13.3289
41.8924
56.5518
20.8256
29.6583
87.9883
251.575
58.8598
84.4491
133.245
11.783
119.575
-115.228
-137.916
25.2977
-140.248
326.501
124.597
108.242
-97.9927
332.175
117.561
65.6126
-114.291
196.171
33.2536
145.869
-107.952
79.8642
79.3909
65.9564
148.244
-62.0379
278.109
55.666
147.595
60.3908
70.0303
34.4713
36.9826
-170.348
29.8479
119.845
30.2115
75.66
335.007
54.4525
34.4574
97.377
26.8065
177.743
42.1047
-145.676
82.7342
124.315
85.4723
42.8602
-142.942
37.398
48.3741
53.756
66.7387
107.44
70.223
19.0442
-94.4443
-112.437
-258.713
18.9035
90.9806
-109.22
-132.757
-166.285
45.5865
41.9197
46.9566
-100.208
175.653
105.969
7.79985
18.9602
18.4773
328.316
95.8024
8.11894
20.1034
76.5327
99.4567
88.8845
270.809
-95.7861
40.9597
51.9345
44.0249
-47.6847
18.8838
254.123
62.6373
-208.418
-56.7038
208.916
-44.8512
-297.375
-78.6853
217.956
48.3703
74.4395
74.6736
42.7395
7.56153
21.5204
-56.8197
-72.6517
67.2043
138.267
56.482
235.274
-104.942
-117.34
78.4523
-95.7085
97.0565
-88.1488
5.99754
24.3776
44.1812
20.155
169.899
349.82
34.0378
51.515
21.5495
41.2463
105.74
346.727
110.168
28.7523
70.3975
153.304
80.2154
-68.1611
161.049
-325.794
105.017
210.026
128.087
191.723
144.213
-246.925
-65.183
-53.7466
119.697
-32.9553
13.4763
129.107
92.9435
76.5803
146.096
136.913
32.5303
-126.185
65.6515
-47.2091
123.853
42.5953
-56.7031
-158.094
60.6345
95.5815
12.6048
-349.814
-58.4239
84.9265
173.011
-173.166
13.9792
-92.7628
11.6553
95.6752
159.176
179.453
65.039
24.7762
-117.417
19.2278
219.036
101.167
107.079
55.5671
33.2565
21.6366
44.9389
-98.7677
-79.7378
233.285
49.2648
-53.2525
27.5565
308.817
69.4202
72.2601
99.012
181.747
184.178
43.2413
126.574
17.5543
173.26
-49.8079
-191.792
21.9331
111.554
55.7898
30.745
29.468
64.2056
333.12
127.851
16.8673
-143.249
41.1499
35.9045
21.3028
167.821
160.823
46.715
117.33
48.0565
82.6454
16.8596
52.131
165.748
133.329
-38.0674
25.9059
67.0547
132.583
191.594
113.272
69.9834
170.967
122.319
-255.552
136.616
76.7502
115.32
122.135
73.0235
196.892
-268.205
13.4444
-305.178
114.93
48.6938
33.5177
58.4838
53.8929
213.348
21.5131
-94.9328
170.017
48.3629
-130.581
152.397
93.4761
-95.0251
220.342
-223.915
-63.595
245.364
100.656
-92.9979
-131.099
15.6003
-220.288
56.2337
19.0727
-35.1289
45.8562
-68.2422
109.872
-64.6306
121.287
45.9257
164.076
35.0058
34.7428
32.2162
-57.4327
31.9468
67.5575
178.785
-130.159
115.83
-129.68
46.2027
92.0965
-251.06
-149.614
38.3843
197.674
25.5517
20.7239
221.142
-324.09
14.5745
189.582
56.9297
-44.9456
159.751
226.573
101.027
119.712
144.069
-77.5772
-93.58
-148.277
75.9282
71.7435
67.0313
155.093
105.068
175.298
164.048
31.6204
-68.4553
14.2537
22.1516
-157.166
-115.447
49.8774
-41.0804
-140.817
10.9964
53.0209
55.3024
-117.76
-48.1666
56.5078
47.9075
-161.263
98.4751
195.171
171.807
230.737
-65.7015
-143.73
22.9987
87.9882
-111.627
42.8986
-293.887
-85.9348
11.4969
52.4859
16.536
101.871
7.53404
11.4093
46.0781
178.291
-95.1729
-289.19
255.746
70.95
129.293
-152.174
-325.994
37.9373
94.7373
197.772
82.2578
-104.409
30.9412
-106.816
302.507
-97.3532
127.025
67.0892
152.626
26.5916
21.4573
-350.868
-319.753
-62.034
-101.57
82.1144
140.999
29.807
75.3889
112.324
107.909
45.8539
57.0693
81.9714
15.1897
27.2454
103.879
35.8941
27.8333
67.7701
276.416
-52.0958
-50.0324
15.1428
84.2744
19.5479
42.1505
29.4926
8.50946
16.109
9.57906
18.2831
59.8127
93.3907
14.5061
272.742
120.228
71.2807
-109.895
-74.6633
78.4445
-42.4683
-53.2942
126.859
60.4209
58.679
161.636
23.0747
-86.0955
108.985
84.6859
13.0095
119.138
-37.974
46.2223
114.447
-60.6517
30.0583
50.8528
252.047
57.7316
20.4129
17.8303
-132.514
45.2579
155.393
37.7315
121.832
26.5822
85.1138
81.7161
50.8951
45.3897
44.1762
56.2584
189.85
78.2002
-130.649
33.2962
22.0233
-66.6617
336.553
121.226
28.4928
-88.9511
109.273
-111.549
191.203
-99.1886
-81.3917
18.8611
319.54
58.6832
55.1719
-134.286
75.3853
50.3774
84.6582
97.6743
59.869
123.239
55.749
279.874
83.347
168.197
43.2682
-156.524
88.2058
32.9655
123.012
126.743
103.019
139.62
15.2903
47.1301
15.3453
66.7079
-336.355
56.806
1.80877
6.67217
56.0631
187.123
-64.7876
46.5832
21.3816
127.417
12.4577
24.4336
224.078
201.118
-313.033
147.46
-309.684
-168.857
-136.827
-160.44
44.8664
48.4004
8.84953
-134.793
-73.1803
10.8988
-87.2002
7.28899
-63.3332
103.025
89.5437
-158.694
204.43
74.8977
90.2329
68.361
264.582
-73.5947
101.424
93.3471
100.777
36.1993
79.5284
88.6543
18.179
86.3566
43.8794
-68.6214
59.4861
297.289
176.951
84.2388
121.35
161.567
46.4072
345.728
-118.724
33.9465
44.2427
42.2486
42.9476
66.6301
5.47125
-221.302
100.352
-52.9596
-340.367
5.96268
56.9292
85.6907
-228.857
24.7183
51.3847
6.15709
-137.991
108.316
-69.1689
-57.017
-223.919
92.4215
23.003
327.481
-240.65
34.5834
78.2584
193.861
-207.272
-59.1929
169.774
205.022
87.4031
-86.0517
55.6139
97.1129
185.089
70.7262
30.48
312.451
85.1861
71.8101
90.0895
110.979
45.8039
-329.299
63.979
184.868
181.23
45.1357
-348.694
140.931
37.3581
-142.163
-48.8663
33.9869
126.992
-177.779
69.5173
54.5876
18.5255
31.8025
160.381
-149.047
52.0173
60.2007
73.6125
113.926
-64.9964
16.1003
-94.4086
-101.717
-148.11
-129.209
28.9629
-264.725
50.3207
31.0828
81.7934
-89.1457
10.5043
145.434
206.768
-122.846
148.65
-91.5987
130.053
30.4125
-124.323
-316.643
-161.56
27.2316
-76.3485
190.658
-64.466
170.51
106.926
51.8456
45.5697
142.934
165.659
-117.637
196.207
-136.381
-38.2703
199.535
78.077
93.0515
40.6024
145.154
10.5659
351.229
77.7088
26.3872
222.321
108.423
101.354
-134.879
36.3184
158.289
-43.8508
-125.191
136.729
-53.6019
33.6743
27.2835
222.463
12.2697
39.9501
27.4578
33.7074
177.584
-81.7975
116.763
139.306
42.6757
61.4576
87.7229
9.57396
-261.912
47.9092
73.9479
22.5169
-195.731
75.5229
-154.461
-69.4361
-87.672
155.202
39.1033
52.8294
108.101
86.5501
42.8519
-34.9794
196.166
252.294
32.3398
29.4522
-54.8727
40.4885
-56.4577
-93.5505
206.986
-45.3355
133.185
20.6632
280.748
72.4058
8.6728
-179.602
-65.7911
31.1062
-47.0754
-86.8675
-121.979
116.47
57.6101
223.493
-78.6628
-139.915
87.2663
194.494
-76.9562
43.6079
160.533
15.709
-68.4429
318.011
-81.3157
58.7188
5.79503
66.4948
54.1373
22.9972
207.491
92.454
180.868
29.829
30.1592
121.411
13.7666
79.4237
143.706
226.45
213.338
26.0653
17.4563
37.3475
-137.012
-172.592
197.36
76.9679
47.5743
101.803
20.8585
207.165
91.4482
26.0602
47.9554
18.4137
-134.19
90.5364
119.654
113.141
-61.2088
28.9946
-88.3701
-33.6636
39.8369
285.203
34.0602
-156.138
61.1803
24.8318
30.2141
2.51915
-137.686
38.7801
29.2418
43.6062
233.347
66.5217
312.541
-75.0781
109.746
-125.708
-193.862
185.047
46.4176
38.5513
22.1266
20.2049
91.9714
-325.399
155.057
110.214
83.8721
52.6368
14.0501
29.7319
-172.702
130.401
244.565
-56.8889
55.0511
39.0483
48.813
175.985
68.424
27.7919
21.5227
57.1226
54.4977
231.93
20.6823
40.6678
-198.063
222.464
23.4351
-161.03
-116.431
32.629
30.7444
-25.8905
77.4066
7.93202
14.3512
108.573
24.9319
78.0766
-352.063
202.64
-163.887
89.7068
306.658
121.063
118.766
-157.43
11.4378
21.3475
103.496
208.813
91.8342
14.779
34.6507
43.628
7.62674
103.666
141.888
18.6586
-106.865
79.1144
238.481
92.1142
-37.9744
280.604
40.45
31.7413
198.844
36.6003
139.808
37.2668
-144.904
317.912
-34.6179
4.82642
-67.3899
147.09
22.7983
63.2967
101.277
-86.0143
40.9427
46.0658
15.5579
-136.856
228.276
18.7003
105.048
34.5019
-103.281
73.9235
32.958
54.2296
67.5704
-63.7941
222.084
9.58737
30.2721
130.486
-150.423
61.433
16.8364
49.1136
-81.8285
346.504
21.0264
-52.9269
13.4638
-76.3838
75.833
120.412
-74.8338
-76.9099
-106.772
-98.0651
-67.0274
100.604
51.099
240.367
163.534
80.681
114.261
177.581
30.7114
-157.91
-15.0539
131.146
37.3208
79.3599
82.2522
13.2454
276.549
33.5709
32.0073
64.0509
51.1626
27.7678
101.719
191.699
92.5037
37.6286
21.071
88.065
27.5135
-63.4708
-338.947
14.7753
-40.7675
41.401
10.7396
-271.284
25.4625
130.664
97.9971
130.819
54.3979
99.9892
284.448
92.7483
227.985
64.8787
17.9598
16.2695
-269.555
86.4083
45.6165
19.1696
-52.5172
154.613
42.3661
92.5276
144.086
85.7145
-122.635
17.9621
17.3611
23.0916
41.8301
16.9079
39.0472
59.8083
-52.0737
26.2218
182.687
36.1572
144.594
80.5996
113.695
180.818
23.3654
165.855
25.2023
61.1094
-76.6261
137.941
54.6152
-62.0879
117.862
69.041
24.9647
69.213
154.791
8.08619
-155.969
33.6006
-92.845
102.435
148.506
118.662
204.321
-136.128
12.8574
160.6
96.4685
112.267
24.7246
8.39058
-46.0901
37.7391
111.083
27.6528
-44.318
-270.838
-72.6932
11.3245
126.475
91.9148
82.411
89.8426
104.839
24.0972
118.529
178.033
53.2076
348.632
-79.3062
-93.0285
14.2712
-71.7033
-37.0942
4.50039
68.0838
22.5978
45.9569
-158.251
120.116
58.3101
-70.8547
-71.6328
25.5744
27.9399
-93.5386
351.759
-176.448
178.312
82.329
147.2
156.647
28.4919
134.477
164.609
62.3458
59.3481
-188.203
312.047
-89.6952
-203.067
49.6285
141.973
52.4039
167.534
166.473
-245.101
94.7206
-176.541
38.9867
83.2143
-76.0839
94.2055
97.3761
26.8643
15.6527
3.83532
-185.046
-81.1109
67.9526
112.195
-177.54
-46.6442
54.2042
12.7992
211.915
191.559
145.195
91.4503
43.2766
333.812
56.1399
98.6655
21.662
75.73
51.7951
135.986
-79.8799
-242.836
14.2522
15.0905
-151.738
-179.53
16.0273
144.141
-102.497
87.6686
-12.2537
126.924
69.2937
17.2113
41.6959
57.5971
74.0767
-181.82
-80.4874
-41.0692
14.1341
108.483
206.753
48.786
-173.424
214.974
31.3183
48.3151
-87.1804
-67.3774
-53.3708
26.3116
108.183
118.398
-102.665
22.3979
131.19
249.226
78.3289
-145.023
194.848
113.328
-137.825
111.517
74.158
136.956
13.8138
-285.622
-83.2113
112.422
59.4247
207.851
24.4403
62.4872
194.565
102.137
85.4898
-50.4705
16.914
25.3399
47.6486
54.6166
43.7774
76.2339
222.149
-14.0978
-57.3054
231.767
79.574
7.01891
57.6893
7.19567
117.586
93.5114
96.5525
55.7305
-161.963
78.0826
-73.5995
333.875
152.716
-175.799
99.7757
-76.0566
75.496
246.15
-135.937
-122.721
63.7535
-143.317
20.736
53.3588
191.246
26.1357
9.35581
66.7498
176.804
-131.969
49.4618
-122.185
104.713
105.665
-137.34
223.331
-103.549
-106.279
81.73
99.5395
18.8155
30.2031
104.209
35.7521
117.133
74.779
55.3945
145.615
351.588
118.726
16.0193
151.597
-86.7623
107.019
-86.6112
-58.0691
5.51337
13.1867
74.1186
23.1213
176.96
39.0291
29.562
36.2839
-40.6446
-133.03
54.328
69.8571
190.226
299.498
56.3826
335.038
75.8747
113.527
91.2729
-275.137
50.3304
92.1336
84.9962
74.9468
156.872
122.178
63.1078
-81.8294
-168.112
217.236
92.7049
47.0719
84.9991
62.385
-138.303
151.41
62.7752
-176.797
52.8591
208.861
60.162
121.795
58.9333
20.4202
-79.0086
15.5938
54.9272
1.37114
144.851
71.035
298.823
332.703
102.473
19.4069
51.4148
18.6649
97.1138
240.629
-85.267
245.399
-125.995
-63.3428
81.6648
42.8098
89.2863
54.8879
91.1757
66.3161
103.066
-68.0235
115.788
91.4469
73.5273
33.3427
57.4755
50.1086
56.0915
64.7136
-80.2771
32.9972
78.2984
43.202
69.7669
77.5252
-176.311
195.416
5.51945
148.41
108.319
-96.7236
157.353
-126.994
58.0712
104.351
58.5086
-139.466
19.8986
51.5333
-52.6039
-48.7248
19.1747
-75.8692
125.722
35.6194
73.5058
61.4284
109.562
186.077
40.9207
116.339
16.1893
5.19568
-138.518
130.289
-331.57
39.9697
-28.5392
74.7692
66.179
-52.1187
158.035
119.339
-100.243
32.3484
-179.527
-144.274
149.556
213.35
77.4579
101.123
-70.2172
27.6031
104.732
162.465
121.449
51.9206
16.309
57.5845
-148.652
87.6526
58.515
-352.92
176.23
40.8793
26.8843
74.0064
175.667
16.8112
-214.971
21.6215
-135.02
118.144
125.387
-191.711
40.4646
71.8604
36.8944
173.123
193.258
52.4304
32.4503
343.979
31.2659
117.4
-54.2386
-199.212
96.1442
80.9611
38.5423
-220.446
-113.058
127.72
93.4172
47.5134
-245.897
69.2921
153.841
34.0803
5.26638
290.558
91.1358
22.4124
30.525
143.747
62.7842
53.6739
39.694
-38.5256
39.0388
-86.06
231.509
113.908
21.4712
-285.317
276.676
28.9247
80.1058
8.34189
269.884
32.7253
140.991
191.189
60.4221
117.725
107.97
172.422
38.1066
-250.955
91.3829
-201.818
24.0238
57.1397
266.126
40.4715
-144.831
352.227
13.8784
44.8742
25.2117
-49.9146
0.908274
-238.758
-78.3787
274.364
270.351
-150.552
76.5752
1.86229
29.0285
7.70333
286.54
4.09907
-29.7769
65.7438
99.2624
49.7049
166.982
11.1176
-50.4639
-90.9201
-61.0937
77.3759
145.162
16.9217
-150.257
344.705
27.9959
-89.901
45.4717
50.7793
-165.536
-149.12
29.5078
103.201
73.3985
134.695
18.8148
245.538
-81.0177
-54.0633
71.9697
41.1508
202.979
247.713
14.8922
10.1355
-93.9911
-94.2424
149.363
25.5551
279.749
90.598
-102.214
-26.2381
-207.713
-139.907
-209.534
12.4019
-86.9823
-161.336
60.5701
6.48976
-205.055
-72.8923
-146.016
58.971
71.2474
-40.9429
112.124
81.2294
53.0736
84.5021
28.3842
18.9461
10.1807
57.2841
-295.131
309.954
178.727
63.8156
112.696
37.3136
89.2653
112.018
23.0666
132.415
102.698
59.9606
27.3593
96.003
97.9014
-8.68016
56.5069
5.91998
111.867
14.7872
120.859
110.276
-192.172
-117.14
48.8076
-127.467
-186.005
72.6581
-149.115
29.7731
47.5213
20.6327
35.4578
-58.2508
35.5744
-60.994
334.372
-28.8029
-314.161
-135.273
50.1398
43.3457
9.46472
248.399
245.753
39.1236
79.1242
11.8324
115.339
85.1024
182.658
83.5325
52.2294
71.1385
17.9958
175.875
-37.3768
67.4376
-105.526
139.179
158.096
115.117
-99.062
62.0738
276.498
110.332
80.6346
132.637
112.95
70.6558
46.9583
36.951
-69.9604
95.9804
40.5116
-62.2048
8.47242
13.4338
-62.0658
-97.4752
206.473
245.157
116.625
60.3664
149.097
-19.2339
109.769
-72.9046
17.2394
78.9336
18.3911
122.092
308.291
84.1392
56.2828
130.117
-252.585
42.6594
351.781
252.582
-95.9955
97.5844
22.408
8.6028
90.7719
114.573
54.9205
67.1988
81.4536
1.79157
124.815
9.01848
-102.455
155.326
-74.6068
-83.0331
3.21087
57.4851
312.252
-94.6528
-117.798
209.058
121.514
140.761
173.243
77.179
125.082
65.4574
216.034
