214.993
447.9
374.466
296.246
331.526
48.0734
347.886
33.9401
158.59
351.309
246.542
162.252
367.225
62.6785
97.1263
55.5454
459.82
202.531
313.149
71.6563
38.4157
96.7221
282.956
185.86
108.715
195.006
186.231
458.537
32.2742
193.576
125.321
482.234
96.2318
235.973
92.8232
498.162
419.476
256.438
121.15
511.179
474.11
253.143
535.658
182.985
344.418
341.902
204.376
415.087
63.4672
99.8058
233.928
62.9391
150.549
34.7359
123.213
68.1271
120.635
219.452
113.241
30.7355
198.367
169.263
286.529
240.403
109.604
372.022
363.841
226.641
62.1695
352.386
168.147
396.269
171.201
200.013
260.773
80.0467
288.27
306.751
485.179
119.314
204.36
112.099
383.202
171.363
276.667
420.945
231.054
279.93
310.797
409.245
522.608
310.81
332.27
447.41
321.808
155.121
117.037
288.773
251.949
348.111
438.526
235.176
288.257
107.031
151.127
243.408
322.303
229.721
422.122
194.004
255.812
551.922
109.862
36.7747
434.632
189.897
62.6232
255.74
290.083
292.645
299.643
152.761
251.597
140.222
85.9986
363.902
356.12
67.5234
292.224
144.828
569.036
177.864
301.338
93.4298
116.072
123.561
318.012
434.287
211.663
103.892
323.508
30.1235
310.732
226.715
383.597
271.789
295.445
421.634
259.748
214.329
143.961
391.022
472.67
218.691
307.026
282.859
348.371
70.5946
157.749
136.44
340.837
321.119
476.519
118.341
95.5845
463.273
112.988
303.473
437.171
33.9481
347.031
241.61
518.308
116.772
61.0039
162.943
204.441
220.23
505.108
178.136
179.889
187.347
319.702
232.227
169.336
402.659
41.4787
330.697
341.089
193.42
167.984
324.122
172.419
193.318
455.993
60.6586
178.94
149.459
78.699
397.751
267.042
277.111
346.831
257.973
260.933
309.141
265.593
308.033
105.088
85.2045
288.09
86.0971
36.1897
203.917
193.221
32.6914
320.303
46.1789
424.356
152.859
484.345
101.572
178.981
38.0833
422.711
292.594
314.089
261.104
448.588
371.045
196.625
354.529
284.645
171.195
244.004
127.032
467.688
170.106
328.17
222.024
134.059
369.066
151.758
307.578
392.499
260.709
278.492
65.8831
111.39
262.624
256.219
307.642
235.642
501.389
129.231
321.206
123.418
372.669
252.719
322.742
215.481
77.3931
376.509
240.623
153.949
180.082
366.306
108.049
502.56
417.578
69.2931
338.451
213.331
351.305
260.307
138.772
390.3
394.961
349.396
247.539
338.14
229.128
278.164
305.167
120.958
78.444
71.017
186.691
335.107
396.616
107.466
89.824
352.088
331.364
286.865
218.068
413.053
74.1911
93.3407
182.543
208.512
163.975
94.8191
268.568
361.152
206.718
302.715
376.263
243.07
397.205
106.166
350.118
342.496
94.0426
461.677
145.03
220.524
488.643
54.2231
177.728
485.768
170.889
232.042
351.585
229.733
96.9274
123.569
102.692
203.348
366.826
175.949
97.0954
495.847
378.285
234.545
128.248
44.4865
241.954
109.189
195.66
78.8829
94.2077
355.058
374.744
263.536
119.41
118.1
306.745
153.471
33.1061
536.002
62.0763
104.143
230.765
103.433
502.764
95.457
306.279
93.5066
374.83
358.515
358.744
374.368
348.021
39.7331
305.996
297.817
95.6988
149.81
51.1651
203.623
149.814
93.7754
288.692
377.702
349.836
145.487
222.656
218.142
107.699
189.817
427.021
359.373
366.61
134.131
303.916
249.293
159.052
159.494
46.3769
33.8306
298.728
183.838
274.547
200.072
360.98
72.3638
142.691
329.927
254.9
192.177
224.112
126.808
373.108
199.257
356.988
417.66
61.6203
190.411
388.705
436.693
372.876
218.327
70.952
131.765
275.848
406.132
108.047
480.981
469.811
293.903
45.3022
107.299
493.378
130.338
394.668
307.629
193.114
334.133
86.675
54.6852
273.244
369.054
432.558
271.569
203.799
313.803
44.6645
228.277
483.737
420.379
317.969
284.122
247.332
230.682
308.718
373.242
116.354
159.395
525.968
209.035
414.288
345.693
267.396
479.565
443.873
160.382
376.474
34.5625
134.052
167.954
291.603
378.491
228.74
220.111
493.756
340.263
301.737
313.859
143.389
319.096
90.0248
109.224
72.8084
427.297
36.0664
195.528
473.104
352.513
89.261
500.969
205.043
212.639
348.913
299.75
124.398
191.35
220.87
496.779
429.71
523.871
392.126
529.522
411.129
146.847
185.876
208.661
61.9339
188.142
60.7332
41.3121
334.195
308.822
309.433
376.755
206.207
335.619
277.449
164.224
326.345
146.978
474.61
351.745
90.5494
224.223
536.922
371.87
375.181
257.421
175.937
355.48
345.621
320.078
143.316
100.919
117.589
356.311
137.356
141.248
319.174
99.3344
453.261
63.162
247.793
74.4847
280.485
311.133
85.2621
296.465
35.6601
402.965
511.313
73.1775
476.76
234.909
305.684
426.554
57.7301
575.735
508.176
222.101
356.536
153.96
231.152
325.109
445.363
43.9608
438.658
301.687
163.545
541.815
99.1946
68.8921
493.968
211.522
33.515
336.924
318.835
255.649
128.61
126.916
330.602
195.217
241.347
332.209
234.089
446.737
335.673
155.497
36.1786
306.686
48.7468
443.607
73.4474
150.659
366.067
63.6377
418.74
246.848
293.295
236.066
253.654
291.182
340.429
491.857
326.449
511.442
72.8706
313.189
442.888
373.016
359.964
83.9737
324.051
469.724
312.061
74.7075
192.874
424.941
399.27
99.454
215.603
384.477
117.147
187.528
116.99
302.345
323.344
304.246
360.821
290.299
92.3967
154.612
208.972
241.274
426.139
175.51
407.844
312.806
194.792
258.146
145.992
39.6802
42.0846
368.148
203.069
204.284
464.603
129.704
396.011
189.748
107.967
138.916
42.1285
126.45
270.079
219.162
188.486
285.685
250.565
185.057
368.67
315.758
305.577
450.187
176.581
125.449
325.85
130.565
440.509
336.625
510.737
361.871
214.93
112.342
327.587
401.544
219.844
82.2426
400.782
372.005
168.111
247.225
377.485
124.31
351.732
119.423
368.836
413.798
289.296
93.6799
273.615
123.404
125.083
378.204
314.423
92.2017
375.177
119.909
114.439
102.926
543.919
209.991
259.789
55.8864
96.7472
147.903
193.837
283.448
113.157
206.22
30.7816
297.66
215.93
186.315
172.461
323.204
290.499
253.049
317.881
246.55
257.547
104.8
328.58
205.118
59.1193
234.379
47.3475
346.173
318.474
376.729
509.655
70.626
156.148
299.334
184.162
107.996
380.167
424.811
342.061
159.47
204.946
225.7
208.19
455.436
374.299
429.171
87.9185
286.018
307.446
426.553
280.643
483.475
508.864
422.889
210.235
427.427
44.6729
461.098
249.999
221.511
525.412
367.135
569.903
185.117
282.154
283.149
135.531
228.163
434.094
443.108
95.869
175.785
289.319
230.777
238.661
217.271
296.489
291.213
396.615
62.7108
38.3962
250.475
182.771
469.424
398.568
294.52
364.72
142.222
157.463
66.7741
503.824
108.959
455.211
97.9765
443.75
331.117
223.609
383.498
184.27
384.574
490.67
417.138
413.5
416.241
58.8791
368.421
61.6792
475.949
147.481
263.798
437.07
151.799
141.113
294.549
207.459
255.61
108.029
206.569
204.403
145.277
50.3201
316.825
344.528
341.691
293.071
250.603
153.699
500.02
410.355
68.0596
40.6767
341.585
212.698
369.161
148.431
130.132
520.438
326.396
300.905
95.5092
80.3825
57.1446
482.861
275.268
33.8686
332.718
363.035
413.206
430.168
350.148
454.714
302.291
224.967
165.872
77.8156
474.508
255.568
493.421
303.836
397.456
30.7826
439.571
62.1166
495.206
115.919
441.942
92.1997
205.473
235.911
346.496
313.4
310.902
92.7678
373.896
115.472
32.404
470.634
66.1988
514.833
349.729
93.6955
93.2226
138.791
53.2548
234.244
135.009
55.0483
181.744
378.908
63.955
422.192
347.945
337.772
303.457
229.544
193.118
274.375
491.482
142.132
267.096
43.723
142.531
147.876
474.757
433.631
287.08
90.5534
107.758
79.673
90.6718
203.231
55.957
461.996
279.772
219.226
453.444
186.481
102.4
296.547
265.496
34.261
184.827
280.975
115.535
108.688
251.85
109.69
476.829
81.7717
269.481
37.6824
356.483
122.744
201.388
455.179
169.184
475.715
361.447
322.677
98.7833
206.934
359.106
80.6975
168.363
377.388
399.664
98.6495
98.1335
83.9341
424.384
322.278
302.601
61.6723
440.794
362.871
180.81
446.624
143.464
132.238
383.455
307.95
425.309
118.265
83.6385
218.696
504.406
491.998
448.248
413.289
198.892
229.932
374.704
430.031
43.2254
44.347
413.7
300.662
464.039
368.918
139.636
326.108
208.713
269.458
112.814
371.322
135.437
136.451
396.991
361.077
278.034
35.0825
118.566
256.293
396.751
382.023
102.481
485.077
403.965
371.614
289.844
353.445
438.057
330.009
176.339
336.516
82.6207
116.076
276.591
465.099
119.826
541.073
218.107
345.317
59.9149
365.017
204.122
325.485
93.1632
253.943
273.342
300.069
239.665
274.891
39.601
293.584
339.315
86.2882
286.521
122.065
372.553
133.22
378.977
243.865
276.897
47.2752
360.918
213.638
86.4241
84.0807
229.831
254.477
60.9548
192.04
498.471
99.7849
247.739
293.014
348.47
418.436
178.656
262.182
94.8041
249.774
200.988
243.284
234.896
92.5083
140.695
300.887
210.028
444.787
97.5041
49.872
403.421
144.322
192.085
428.482
100.171
235.008
266.313
49.4614
191.402
41.1663
227.598
180.805
363.175
373.561
135.919
373.51
116.682
224.204
276.87
332.83
46.7972
414.273
131.742
89.3118
71.3307
243.69
233.922
191.898
278.583
118.286
31.6988
32.3102
268.452
201.659
397.054
191.813
128.785
452.224
195.748
94.9662
387.57
128.015
247.305
193.949
205.754
447.573
201.643
330.515
434.853
177.097
376.683
87.3159
460.13
46.4582
32.2843
164.846
347.915
336.755
179.267
316.876
312.198
119.741
448.582
493.362
129.926
400.159
187.005
485.478
221.226
422.868
406.82
422.337
269.864
216.859
52.8282
437.615
227.784
277.3
345.125
244.882
46.4813
292.57
392.839
411.307
38.6595
332.8
149.485
383.861
229.061
167.433
90.6526
100.287
166.565
32.0585
415.621
478.354
393.428
269.394
243.654
176.597
210.73
348.612
374.156
425.622
294.15
329.594
243.495
376.933
357.26
102.309
60.0705
75.8395
75.3537
338.734
404.714
483.16
330.683
434.871
176.812
46.2442
237.404
284.805
146.8
64.4195
272.442
192.56
91.6142
443.112
140.719
324.833
489.631
573.925
68.9845
57.9857
305.734
210.754
40.9202
99.1157
458.066
317.09
171.192
332.626
388.499
95.4184
315.551
357.957
368.633
146.755
455.432
175.677
31.8467
224.933
441.435
177.5
353.158
202.698
161.767
274.54
273.516
205.164
475.13
113.838
398.604
296.141
94.1243
100.434
240.193
103.376
125.769
326.797
180.31
383.429
221.845
221.762
145.906
89.2912
365.94
118.033
368.7
199.535
261.077
264.883
317.119
419.162
60.9715
72.9132
142.801
348.209
254.928
451.916
317.227
136.833
452.379
121.049
165.773
325.868
48.1451
257.065
56.8887
31.7834
529.408
104.601
108.905
365.192
66.4764
170.348
345.841
217.286
282.054
172.186
238.93
414.088
133.341
193.847
407.194
33.8809
260.874
77.9713
279.681
391.765
184.88
107.6
420.344
300.671
527.349
248.204
143.116
353.697
64.6322
148.791
343.11
345.395
53.0499
298.371
72.5436
516.196
331.115
326.045
263.531
113.394
174.773
119.446
150.295
461.083
362.15
31.0283
63.3567
405.815
364.779
53.237
197.063
230.786
398.687
250.648
226.296
260.574
320.03
179.763
350.931
281.604
290.193
428.366
156.506
39.1781
361.468
205.518
42.6949
524.186
333.072
47.86
268.759
47.2689
182.934
239.704
367.214
145.564
298.284
105.803
364.469
145.62
323.856
494.442
478.226
290.448
231.602
133.536
341.584
411.803
124.911
345.959
65.3488
126.387
163.951
48.9611
500.572
245.968
291.412
349.315
317.569
152.209
253.772
146.22
194.976
455.599
107.46
64.5782
523.213
246.861
498.856
464.703
108.143
324.621
360.362
178.783
66.481
81.7421
199.57
282.125
45.4461
145.274
369.843
274.399
357.993
145.022
158.2
66.5716
156.179
283.948
352.888
117.764
345.526
93.8656
96.1068
40.8882
486.25
257.723
390.488
188.088
423.598
351.255
441.075
58.3145
426.575
267.021
313.35
504.101
65.8536
120.523
71.8196
416.382
183.793
351.429
185.097
238.745
143.55
50.8808
212.282
86.9465
175.055
409.805
416.136
271.065
196.624
40.8141
214.69
216.696
49.6814
62.5439
405.112
146.616
273.651
82.4311
388.789
102.593
493.261
98.5756
270.608
162.222
469.625
303.042
239.768
95.9247
72.908
201.228
115.297
407.098
327.692
426.856
412.404
490.95
271.563
492.283
155.164
306.264
438.131
415.827
330.128
294.684
35.4421
437.61
40.4003
157.304
528.637
165.302
305.308
405.908
196.308
253.575
366.441
154.133
39.9751
184.387
178.003
272.762
382.932
414.25
157.192
412.609
42.3103
55.4274
33.646
250.195
321.753
156.411
343.427
172.465
155.154
174.544
315.909
220.244
197.421
63.202
101.912
328.316
216.084
82.719
354.351
414.292
181.805
190.03
60.6243
287.476
290.281
81.9044
403.86
110.294
106.922
434.821
381.452
137.47
573.435
281.582
165.596
52.7653
414.015
253.75
467.382
137.229
41.6293
280.89
243.506
489.574
441.271
490.604
300.971
226.641
249.736
289.171
508.332
206.175
236.688
192.364
93.4691
386.462
42.8235
228.347
65.3451
376.21
100.381
265.224
73.6326
325.881
180.744
351.02
271.49
401.87
147.962
329.897
538.67
347.865
89.1685
127.926
178.558
473.906
443.98
339.737
349.3
454.616
429.885
352.974
252.585
188.869
49.8921
195.569
163.351
154.516
243.326
246.282
545.183
448.435
86.4256
225.247
116.593
416.538
348.099
282.397
76.8187
411.769
54.9498
205.214
105.701
295.829
42.177
333.621
171.447
466.835
60.1684
112
425.475
402.476
156.668
297.797
388.641
260.982
361.989
441.28
248.585
363.357
188.468
385.541
274.722
38.5839
433.442
97.0142
475.855
45.0321
447.032
332.667
86.5114
411.83
309.358
132.254
454.471
563.156
414.745
179.336
131.172
174.075
311.456
371.728
116.379
464.401
193.145
406.655
187.307
30.2685
35.0444
161.317
459.361
156.948
341.973
356.606
250.239
396.923
364.421
45.1594
464.679
312.17
148.352
235.893
301.189
324.836
334.634
274.792
367.066
204.815
331.866
87.5799
432.343
80.217
477.566
327.092
38.2186
333.893
305.594
250.433
372.292
255.211
271.679
450.944
481.082
37.4068
96.4277
127.133
185.086
347.107
368.344
459.743
256.01
93.2597
350.933
98.0538
85.7147
35.5154
69.1581
269.322
150.837
439.781
490.539
49.0272
65.5698
413.644
153.282
191.668
161.019
179.209
61.987
62.2229
41.5577
490.641
152.987
207.238
54.2046
213.563
206.259
297.736
417.157
186.549
486.25
321.164
330.556
276.407
74.4833
37.0078
126.109
155.328
177.179
302.975
174.515
217.746
155.432
416.335
252.552
431.11
210.384
336.45
403.487
313.398
354.101
286.288
160.058
298.308
181.342
101.294
382.458
54.9472
413.824
568.508
44.9428
162.374
408.31
67.3648
390.96
220.618
399.761
259.934
213.725
455.824
152.219
239.238
330.284
52.4335
309.301
204.734
448.984
179.752
65.7582
103.152
394.717
416.208
428.51
441.264
574.68
250.787
183.093
364.189
287.724
52.7757
257.292
241.539
105.769
272.453
115.003
62.1093
412.654
98.9394
169.384
322.37
355.218
361.431
214.456
129.746
304.014
429.494
401.006
186.074
63.109
204.237
329.7
412.231
182.771
481.608
173.595
396.178
270.783
386.242
66.4849
391.081
183.381
148.856
419.185
361.344
461.468
272.187
83.135
337.031
491.714
346.183
401.274
259.022
463.591
432.109
386.87
119.287
48.9835
39.8008
469.9
178.169
46.7582
243.702
54.903
392.561
286.029
194.696
310.481
179.242
139.129
266.984
170.825
150.446
204.257
35.7878
255.882
212.866
294.778
152.627
129.05
345.827
43.649
166.06
114.557
409.128
362.512
190.35
286.919
139.914
454.385
174.038
54.9895
135.374
387.818
356.697
369.273
350.605
114.89
90.7048
251.035
202.087
159.111
212.459
227.457
218.28
357.358
182.945
185.298
365.146
100.512
87.453
500.713
125.686
351.688
167.66
308.693
232.927
190.946
133.256
267.769
72.8482
432.403
95.2726
95.7904
284.401
353.067
363.999
124.718
374.572
189.368
84.8992
533.07
463.053
324.576
61.1904
550.095
299.731
380.58
503.399
437.574
34.0952
296.473
176.846
154.846
99.5526
51.1212
213.106
371.655
356.927
56.0269
320.303
273.532
146.722
32.4488
364.979
172.867
170.15
419.114
410.061
245.211
215.588
99.2397
401.526
185.819
308.899
377.225
386.898
105.12
32.1387
307.187
197.735
198.178
51.3396
327.467
356.257
439.387
132.9
345.623
296.56
127.488
179.096
129.433
335.085
226.188
88.8727
297.314
406.19
359.585
415.504
251.319
102.538
145.521
127.574
125.415
207.475
389.659
100.26
483.588
57.552
362.805
281.008
253.717
146.448
177.094
477.687
160.742
129.579
109.129
227.893
81.9971
121.038
379.265
244.699
170.963
326.911
355.842
542.427
334.814
51.988
98.1452
173.843
370.321
90.8685
343.491
331.988
184.833
280.763
83.5285
448.317
100.113
269.481
188.56
333.487
288.736
58.5567
340.681
364.373
396.355
485.16
205.321
361.921
375.251
220.9
365.302
105.573
348.346
499.392
423.784
96.5955
270.313
216.129
220.492
158.6
356.941
119.633
431.812
369.468
51.3814
135.03
366.303
334.667
310.707
295.737
342.772
398.849
324.155
351.476
410.197
51.9271
93.7289
242.563
173.133
185.957
271.698
172.267
321.967
270.841
229.661
363.433
31.7312
84.7922
343.866
184.935
275.882
177.906
304.267
250.12
172.647
335.162
32.9982
152.85
479.328
53.2318
267.743
422.746
74.343
258.039
431.139
152.294
543.617
202.165
105.48
66.8766
381.419
304.818
508.364
136.64
439.569
292.353
204.41
95.7608
122.214
242.664
151.66
34.3685
280.79
110.951
399.014
156.2
310.73
341.899
293.292
127.249
421.294
75.0354
475.912
56.3599
151.355
265.805
292.646
52.8043
341.639
186.006
368.1
133.612
275.173
317.575
414.861
323.553
61.5894
231.736
112.934
315.137
544.702
333.359
80.1579
393.345
417.157
246.964
180.254
195.231
145.235
226.689
40.8426
339.303
410.444
70.7759
273.656
274.415
153.127
227.086
335.061
269.365
367.441
236.01
132.624
131.893
318.311
387.348
125.907
401.777
326.7
300.355
80.4962
119.303
111.299
122.029
188.509
181.99
433.708
346.606
238.478
208.097
323.897
252.364
78.7769
200.175
356.543
149.787
168.067
474.897
305.311
366.318
318.293
183.356
184.808
162.111
224.455
117.466
314.767
413.061
376.431
304.586
97.6441
102.66
110.346
224.263
75.5623
174.334
81.265
370.13
34.5855
274.441
105.293
110.979
87.8329
192.88
45.2384
305.293
463.226
183.594
423.827
343.707
354.654
247.928
300.633
360.848
292.274
184.711
448.954
247.494
132.73
262.61
125.369
285.021
247.555
178.316
42.2564
314.994
146.972
62.8817
246.427
375.904
355.435
349.192
152.073
309.27
309.549
404.305
424.341
364.294
161.505
261.655
139.818
531.318
443.574
156.812
107.726
213.405
273.749
49.3689
151.527
336.991
95.1596
233.506
273.392
294.36
305.382
446.924
117.2
173.377
358.151
166.208
259.161
303.345
280.266
362.953
346.59
292.402
68.3221
254.671
56.7795
52.8793
458.282
343.809
389.653
489.981
353.601
334.508
398.362
46.9544
238.465
58.2574
357.327
440.035
314.128
183.25
309.175
330.294
94.8937
320.917
343.098
208.846
441.37
486.703
310.237
235.092
85.2802
60.9687
423.615
58.6656
367.394
256.236
341.949
402.966
233.92
385.748
147.285
526.63
301.346
164.849
369.125
307.589
238.852
89.4496
49.7992
304.3
106.271
257.348
184.298
107.086
88.6106
294.694
62.0367
42.6609
71.8144
319.618
434.432
345.924
261.718
45.0149
272.108
116.911
156.138
302.782
415.913
366.36
110.176
465.549
40.0905
221.152
236.486
397.426
185.788
373.131
61.1472
296.335
353.933
412.726
142.762
171.494
577.226
290.192
109.622
84.0073
307.343
140.626
63.3191
250.926
294.877
334.827
267.259
121.073
377.203
58.9905
345.973
238.778
255.613
254.8
196.437
415.467
118.289
94.0802
347.095
190.119
52.1147
213.389
188.925
239.041
435.496
56.0169
422.632
43.9036
300.49
208.459
169.959
413.004
264.212
291.316
276.422
334.591
94.7616
142.333
31.9218
132.726
42.7614
265.472
167.874
197.985
307.507
361.483
344.798
370.906
246.719
130.282
75.1098
156.757
124.566
257.006
62.6511
303.188
373.785
485.459
340.231
267.387
280.952
65.9961
62.9143
336.323
43.8014
171.128
63.0205
160.103
269.677
127.839
59.5213
132.364
127.576
200.193
454.791
109.445
349.955
171.857
372.985
87.1353
360.153
430.019
174.223
504.827
68.7124
37.9271
271.662
74.7981
280.632
338.806
229.676
200.407
145.287
287.653
140.974
165.552
300.244
79.2417
275.216
283.151
187.87
53.0131
96.1904
383.044
125.569
329.646
192.383
285.715
418.027
159.951
284.308
115.46
173.944
118.651
355.886
442.305
144.1
71.5428
39.9001
123.254
214.315
64.2317
111.488
97.2667
294.356
110.6
182.169
98.189
186.977
72.6076
481.129
283.946
118.939
330.886
473.294
324.594
92.0262
383.627
260.947
330.344
553.527
44.6098
429.024
263.001
154.893
224.663
527.07
379.36
530.933
87.0937
91.1749
127.308
176.469
352.993
331.192
203.206
165.705
448.036
340.516
265.295
84.1234
104.658
454.023
294.041
435.678
204.424
125.192
241.04
496.032
349.084
56.3083
204.059
348.604
127.999
218.609
226.473
194.215
187.383
206.252
87.1718
211.473
253.88
134.004
85.8297
173.82
283.869
523.459
271.439
314.876
257.721
460.872
67.9028
205.17
162.81
133.098
223.954
332.556
392.292
296.83
380.049
189.373
138.201
361.457
291.557
458.243
231.544
321.679
278.991
177.171
120.331
30.3444
272.269
479.957
76.6575
271.09
305.399
98.1764
263.67
546.988
273.549
524.003
116.21
40.5894
496.728
194.908
161.772
428.212
222.695
287.16
401.618
452.287
180.861
384.428
308.509
191.97
65.6821
222.469
119.722
219.283
155.689
120.45
55.182
404.248
305.647
307.328
228.936
304.479
214.048
146.424
318.656
42.507
131.564
284.764
420.215
469.144
34.7272
77.7837
541.671
256.6
77.1051
253.976
87.2069
235.017
349.35
307.494
495.865
392.906
350.543
98.9367
234.029
220.038
62.1473
168.64
205.793
200.438
339.804
225.671
79.554
455.957
46.6534
318.073
97.4436
269.872
137.173
170.358
253.45
106.511
188.292
267.035
172.086
347.118
278.066
48.965
433.384
315.058
45.2371
261.115
58.0746
275.496
46.7543
431.854
107.788
531.656
49.6695
297.327
252.648
358.914
107.069
100.241
136.886
224.113
186.148
234.812
132.869
465.275
247.062
160.261
51.2744
199.398
209.754
92.1524
42.1788
188.887
125.947
102.155
309.119
263.763
72.909
207.728
186.781
517.319
436.624
499.161
445.089
151.944
122.145
384.935
30.2757
100.657
298.083
88.5207
255.646
229.732
369.379
53.2182
485.322
84.1127
48.8015
398.789
112.99
43.5379
223.406
289.295
141.049
136.081
99.5343
360.639
120.811
104.835
123.681
81.9295
257.089
31.157
363.138
65.8406
183.232
68.5321
109.586
149.422
199.978
269.519
362.241
70.245
48.9255
318.008
405.251
68.0529
71.9324
282.325
181.064
490.254
163.214
185.144
30.3759
230.19
118.274
450.149
186.771
192.052
235.259
360.909
129.307
434.396
61.2569
436.509
447.506
178.323
60.2947
509.861
251.337
121.483
374.328
323.553
381.878
315.058
96.3143
136.438
65.1075
172.827
438.166
186.196
381.648
448.77
395.757
304.04
131.822
549.785
297.063
166.042
379.033
278.91
268.358
140.785
164.601
225.21
78.4531
516.753
217.849
364.352
407.067
371.997
369.269
480.914
119.052
63.3952
289.768
100.658
36.337
269.474
47.6245
70.2733
108.328
392.607
121.821
84.1049
346.739
386.028
118.256
228.177
389.014
41.8073
227.176
267.114
77.5438
126.86
111.295
178.224
251.024
90.9989
199.338
423.687
258.995
376.263
408.417
90.6564
325.742
413.443
322.307
199.501
73.3176
323.211
250.415
33.071
309.409
417.191
146.172
197.923
134.203
324.319
317.313
48.9209
126.394
245.644
490.899
107.597
37.4607
375.267
391.38
168.387
264.12
552.772
86.6705
311.964
359.969
35.6934
189.939
432.523
383.949
346.763
108.154
298.387
491.284
278.4
405.346
128.739
409.779
200.39
174.49
375.629
77.8946
81.8047
218.311
370.133
454.193
86.6491
385.278
282.532
119.72
334.347
239.558
68.4158
366.219
185.928
63.7567
305.793
32.6228
57.9151
44.0266
93.8521
212.669
30.4573
309.89
462.406
250.647
218.643
317.323
316.267
258.631
105.184
331.931
93.2984
231.152
236.582
371.171
222.543
204.624
183.427
68.3255
253.26
407.485
350.164
89.5721
446.882
249.92
63.8203
138.532
211.439
369.991
130.944
338.5
273.661
244.348
59.3766
43.061
327.167
163.118
143.919
343.903
432.118
317.814
470.23
101.923
391.459
113.331
266.004
82.2385
236.777
274.94
40.2024
73.5285
66.539
122.779
156.647
67.0805
384.786
459.377
206.904
242.606
150.094
125.396
55.1257
511.707
154.561
394.151
215.906
342.514
349.148
160.719
122.76
343.023
141.115
216.391
249.544
62.8226
198.121
425.136
89.413
67.9293
315.027
397.887
370.457
465.127
458.316
406.538
279.237
78.7784
46.7057
307.782
232.604
51.8685
454.877
209.675
417.356
212.085
268.888
48.2114
354.203
63.6926
377.097
348.281
541.775
47.0907
116.869
252.251
47.6557
272.579
158.246
111.133
30.4181
109.549
324.711
284.844
149.368
109.694
361.888
341.589
161.294
162.495
190.082
338.316
201.88
352.582
81.0263
149.935
400.729
350.617
219.346
186.619
326.373
390.628
436.626
398.417
433.197
266.877
337.996
293.327
318.626
84.3773
407.886
334.967
261.136
173.781
268.237
321.593
153.857
139.056
157.597
263.709
82.928
351.271
255.326
433.415
200.828
368.963
56.878
162.592
407.23
255.967
259.761
514.123
54.7923
322.283
328.185
46.2496
288.678
104.778
311.213
150.585
96.1563
203.901
161.358
74.6422
44.788
39.3186
256.351
131.254
320.779
204.024
172.547
200.991
235.028
281.422
321.608
223.068
509.678
393.189
493.396
457.702
550.899
104.921
76.3446
228.408
58.425
295.177
194.238
