515.978
340.763
80.6455
143.901
370.884
102.544
234.299
64.2601
139.051
424.415
308.347
396.726
120.94
194.873
458.306
149.22
127.939
151.223
120.91
318.357
276.014
78.2085
245.374
66.931
52.491
412.776
244.315
303.007
340.8
92.6622
384.759
328.093
112.561
530.19
440.307
257.28
299.852
98.7456
470.716
186.758
113.364
461.87
127.874
211.478
92.7775
56.0387
388.553
228.236
94.8654
348.576
484.93
360.743
286.956
294.166
276.184
261.704
34.2095
205.285
391.456
369.22
432.371
379.54
62.254
385.389
407.452
426.701
282.131
443.233
477.488
289.001
124.639
299.682
259.81
42.562
84.4667
310.005
438.321
387.087
189.778
319.34
361.965
54.8729
104.027
282.733
183.861
321.93
283.337
218.912
418.453
144.271
387.929
237.403
387.475
196.291
54.4841
172.478
304.093
108.498
111.142
113.174
111.225
319.061
190.385
537.031
370.403
220.742
244.863
313.855
323.331
124.886
62.924
352.845
343.593
225.845
345.083
117.283
89.3929
226.866
418.83
214.418
353.987
207.139
128.413
308.312
207.927
313.448
494.494
379.815
520.045
253.674
273.742
210.99
267.763
175.41
55.6446
152.636
156.587
34.7909
328.368
392.382
390.453
206.388
209.326
98.0117
102.27
255.75
278.579
99.1547
349.531
371.83
167.693
148.526
58.284
128.783
422.903
191.19
268.34
435.505
243.447
255.079
371.548
464.369
167.944
387.207
326.821
458.548
63.5418
376.762
131.833
400.802
87.1659
236.894
176.382
39.974
250.832
344.798
452.34
285.766
489.243
97.9947
81.0729
65.5447
339.879
364.427
80.6609
352.491
484.32
202.703
161.503
123.37
133.025
257.956
365.346
523.155
43.1037
328.631
217.971
387.048
51.9755
311.427
369.925
153.494
396.51
446.918
159.201
230.429
104.393
297.362
190.285
379.128
409.77
130.455
353.353
175.53
334.262
42.9839
316.566
103.875
101.906
64.2793
88.1262
252.222
307.471
244.472
154.351
520.273
351.78
207.93
346.033
209.316
146.105
501.742
216.587
99.6545
269.569
263.268
298.408
498.144
96.408
249.955
462.688
275.148
323.152
340.096
243.582
399.003
342.698
479.914
141.493
350.57
240.56
105.055
281.107
214.654
186.988
504.28
70.9196
364.836
502.854
248.411
188.098
273.589
106.69
425.458
301.383
175.188
242.497
531.079
55.4298
120.375
297.677
144.198
140.015
425.706
196.489
114.601
121.028
288.682
117.069
145.107
153.29
410.753
357.983
101.426
520.589
407.423
269.519
325.742
189.013
438.859
75.8454
107.579
40.9787
207.638
327.87
125.188
308.322
104.774
95.8293
380.663
494.946
273.462
54.4123
460.866
349.614
80.7389
205.102
234.429
36.8225
424.715
38.8921
108.82
424.535
260.742
293.37
281.657
248.504
262.427
133.708
158.957
364.773
179.198
123.059
175.098
318.102
68.0103
272.829
60.8236
242.983
401.169
127.353
307.393
49.2459
231.246
534.104
334.15
35.3296
572.776
414.644
30.8644
288.872
138.168
314.599
63.8471
179.638
57.6379
430.931
277.041
438.517
418.621
438.637
128.992
275.582
361.84
367.474
101.758
65.3934
261.964
436.123
219.181
471.517
135.184
134.265
236.96
101.722
232.945
228.677
477.563
313.611
131.45
52.4468
227.483
65.2536
478.741
132.012
434.81
370.85
66.3006
428.431
175.892
251.125
239.093
91.2152
52.5433
326.03
490.592
164.615
184.402
436.146
477.455
128.024
31.5291
112.114
248.863
407.752
44.6271
278.883
86.1993
310.15
236.11
172.963
57.6484
159.212
173.766
151.729
219.814
112.207
79.4259
531.69
292.455
156.757
444.415
237.958
181.706
225.052
96.6781
32.8505
303.746
114.598
53.9225
121.555
94.1749
122.874
363.212
362.965
124.449
99.1511
186.749
359.162
128.803
188.082
195.089
198.953
290.708
401.219
347.759
263.654
107.918
181.791
286.82
145.024
211.551
149.983
334.362
43.4464
144.65
151.616
31.3296
520.221
116.237
38.7541
202.014
440.692
149.878
337.052
71.686
517.901
35.9665
191.869
132.949
193.554
199.417
57.2717
114.888
244.955
420.703
162.461
292.8
535.811
51.8076
326.77
280.364
373.957
115.615
136.291
365.402
95.775
67.9805
130.384
190.661
321.644
380.17
313.351
112.139
255.883
64.9254
338.403
99.6598
67.9046
355.364
135.442
448.779
380.77
338.762
233.558
180.709
55.9829
449.702
297.873
188.11
255.753
72.6493
75.9309
90.1164
401.368
336.155
449.794
346.667
409.971
82.2445
83.7405
402.611
352.596
110.547
543.355
110.352
452.815
454.242
259.322
452.513
255.51
83.5272
235.144
250.6
155.203
129.095
146.406
195.432
230.034
268.846
346.093
96.6354
519.481
67.9359
451.824
262.495
421.742
40.708
138.755
299.65
68.2837
422.437
207.609
212.269
385.668
311.344
242.231
115.414
129.94
470.763
182.084
47.956
167.204
190.977
251.553
228.885
73.7015
340.787
150.44
52.7457
199.028
399.277
128.908
230.439
242.426
281.693
311.76
303.246
61.4744
90.9094
157.711
169.975
53.86
273.981
158.657
255.85
453.717
404.314
197.209
109.701
547.179
34.458
507.419
329.5
220.65
417.264
64.0151
358.647
373.701
250.144
433.192
115.334
178.849
462.46
183.481
394.927
190.731
305.665
263.038
201.138
283.189
107.752
286.064
92.8684
234.314
369.136
392.464
95.1192
309.454
323.395
338.05
301.942
249.535
260.151
54.0968
179.181
228.579
194.066
161.997
199.86
111.901
187.121
64.5146
359.515
376.043
252.059
216.433
119.37
153.292
385.85
60.8268
438.929
117.584
122.947
219.984
492.881
80.7598
433.863
400.342
418.577
209.842
107.25
229.93
479.617
265.9
308.443
42.4227
242.35
275.753
84.6225
428.666
69.485
171.274
138.707
289.426
46.2582
118.842
257.63
235.527
282.232
326.638
72.2886
153.891
201.47
219.899
160.291
254.411
367.503
220.75
185.328
183.583
325.783
398.873
378.112
322.995
274.525
108.355
377.305
487.999
475.828
108.782
355.462
138.481
119.413
277.011
104.102
247.163
533.881
197.782
193.056
224.61
538.548
198.002
50.0208
438.228
112.465
461.367
249.789
314.96
132.067
252.121
95.7194
139.805
287.852
264.773
219.157
374.033
252.321
89.435
59.8248
384.114
240.352
286.837
179.048
143.229
131.763
299.122
167.345
208.83
62.6848
307.995
222.68
452.669
239.179
216.36
365.111
357.663
123.867
274.658
53.1796
375.307
141.535
162.068
265
283.047
59.9689
209.767
418.424
415.508
410.726
336.799
184.005
167.263
119.528
292.087
120.638
344.747
377.079
280.682
233.272
61.4772
455.194
194.178
493.706
245.374
202.877
227.931
183.12
382.953
345.273
162.57
165.747
202.089
49.293
401.513
196.766
199.742
108.84
344.215
142.076
200.684
335.84
234.64
216.374
405.086
71.823
390.111
103.407
335.051
85.308
147.194
58.584
274.369
77.7407
66.5449
312.553
194.2
101.943
155.356
73.4563
412.936
379.398
273.262
182.005
351.235
292.223
119.063
297.827
90.0881
307.007
271.07
47.9784
545.975
436.526
148.471
317.358
375.701
468.369
381.011
287.859
491.867
89.7231
299.902
188.284
211.513
361.21
114.449
436.232
347.24
454.677
129.022
110.557
266.144
312.081
66.7338
507.816
484.285
459.427
244.919
311.128
149.322
346.593
103.104
147.369
162.571
113.307
437.396
142.772
259.123
326.155
474.572
326.024
218.301
312.296
138.004
330.225
532.065
310.848
361.181
304.032
30.8507
555.421
141.504
330.022
551.748
321.507
516.833
391.904
231.216
55.1355
103.431
140.619
159.302
467.207
146.178
147.884
475.42
235.955
44.5019
402.011
453.648
98.5108
272.547
474.868
186.809
247.641
80.8966
37.0723
365.728
45.4107
340.03
371.953
72.6388
320.962
286.864
247.421
46.6295
224.86
350.913
100.286
80.183
270.121
424.518
140.286
447.222
305.697
345.76
167.701
46.1125
449.647
155.624
99.1009
151.494
268.63
95.7759
320.258
43.4572
340.322
193.266
225.497
304.535
392.678
164.234
322.516
231.703
194.403
215.754
463.128
152.088
275.311
86.5606
365.824
232.517
538.575
473.127
125.636
159.077
106.301
54.3775
331.091
63.6118
98.3543
248.643
33.871
206.34
343.774
225.121
358.751
459.407
191.192
399.359
122.809
474.372
392.349
319.849
228.169
428.105
62.3864
505.672
33.598
121.986
159.008
46.1181
208.739
326.631
461.722
72.6677
429.837
373.437
307.627
339.369
113.359
57.9469
175.689
296.372
334.337
130.99
468.343
524.879
218.854
49.5326
485.788
320.055
433.973
368.887
166.051
316.052
408.899
329.951
384.907
156.934
313.057
69.0223
337.514
319.646
368.882
344.568
179.172
189.956
294.508
403.93
132.328
495.442
47.7943
322.335
260.64
489.008
72.8273
378.166
119.243
80.6651
300.328
394.696
365.011
438.071
349.34
375.378
139.029
199.038
164.234
67.1763
250.109
392.389
331.991
154.795
369.046
392.9
404.492
282.446
446.381
372.632
149.244
152.095
477.623
279.268
113.728
267.689
233.715
368.528
72.5576
121.88
446.144
235.513
164.447
107.896
356.68
40.4701
88.9801
242.346
286.078
286.009
90.7769
373.294
54.9083
429.701
297.668
129.093
533.844
243.49
111.193
137.548
291.046
246.772
385.633
403.713
457.244
113.133
317.23
469.766
525.793
331.181
308.516
291.555
91.1239
140.974
74.3801
290.033
462.136
110.918
378.84
65.8183
396.385
177.178
83.9739
270.949
33.5366
218.042
320.545
497.353
164.902
74.0763
383.351
30.396
454.269
407.693
482.724
377.075
85.7714
333.674
309.53
69.8406
52.0737
374.844
194.081
319.823
217.036
187.543
189.236
368.89
74.0303
460.785
328.524
139.634
354.984
30.4709
199.839
465.502
470.002
174.626
75.1409
72.6367
176.917
264.745
398.21
89.9438
97.0513
216.008
447.611
129.863
239.406
556.641
405.183
356.983
328.676
81.9591
239.486
186.531
129.968
406.691
244.443
322.84
86.6812
344.577
203.591
334.621
194.653
121.552
85.5843
164.133
307.134
40.0527
186.109
424.574
135.505
525.22
108.327
184.24
152.64
351.759
295.434
319.951
314.102
285.367
460.341
59.8901
251.823
348.695
139.773
389.534
437.957
77.3862
445.984
45.6443
150.752
215.135
238.51
308.328
377.448
70.8379
124.268
274.212
204.045
168.852
63.3596
349.76
279.681
239.451
297.228
120.232
327.025
423.757
30.6251
277.684
253.136
359.114
156.833
96.9405
478.368
104.766
241.844
551.022
143.582
111.362
223.228
191.336
292.15
360.189
181.113
136.889
187.404
417.315
73.019
165.376
373.125
466.467
267.537
352.836
105.297
247.479
234.617
226.262
86.4208
174.784
323.382
269.701
416.651
484.226
147.613
93.9632
171.877
46.8376
316.996
51.8964
369.023
331.875
67.6678
79.0257
143.454
107.486
79.2458
295.699
366.657
288.248
65.9576
171.438
246.115
384.598
31.8449
101.898
203.714
441.97
224.809
76.6848
147.328
458.332
135.646
462.22
114.853
77.4429
315.24
313.653
112.602
259.199
248.543
305.402
458.134
414.457
127.069
500.006
160.555
383.885
217.384
74.5876
392.954
439.869
377.494
401.213
316.77
228.493
315.967
85.1822
34.5821
401.055
276.778
309.982
237.2
397.266
148.563
79.2393
147.041
223.836
329.553
95.2403
85.2003
100.719
88.1452
415.897
56.2244
112.999
183.91
184.209
552.749
271.59
513.831
330.405
239.414
270.17
408.187
252.171
298.631
52.3254
75.8017
246.516
363.083
143.144
111.41
455.571
52.3748
256.591
321.897
192.912
155.09
261.335
465.152
109.688
73.6712
56.5065
35.5633
346.212
521.061
322.242
67.0215
168.552
78.844
374.77
334.357
273.282
388.721
388.252
112.158
219.715
152.1
238.661
68.1659
371.504
57.6348
252.876
331.409
172.576
360.394
472.067
51.5969
251.648
465.949
249.647
300.238
57.4332
149.557
343.18
114.831
108.313
222.118
84.2371
332.49
45.2718
215.697
143.424
79.03
260.661
79.3508
321.756
168.367
353.911
167.393
133.447
333.767
263.271
507.386
240.905
484.461
40.0986
184.682
146.252
58.9184
510.935
246.028
89.3673
100.843
536.402
380.389
226.504
173.662
269.659
244.428
285.19
364.392
320.021
254.755
455.173
31.8045
463.1
372.893
346.304
206.456
161.745
87.8009
87.7785
169.102
45.0601
444.474
372.495
34.2835
225.861
46.2564
269.191
304.178
392.766
316.588
206.256
274.909
102.795
253.698
43.7303
72.9892
117.144
317.348
246.427
285.752
234.19
94.8639
191.993
192.109
106.183
105.128
394.376
384.645
136.022
149.307
500.393
272.146
243.675
199.927
312.959
138.546
47.9268
376.542
34.8576
300.32
288.529
431.477
87.036
249.772
300.781
364.532
317.286
377.691
493.951
201.797
105.108
351.661
64.5164
360.586
450.43
205.037
301.156
209.429
271.122
397.939
236.586
295.46
321.341
97.2464
232.144
101.944
41.5413
286.285
568.696
447.227
104.289
335.626
260.386
292.698
370.389
165.165
71.1847
35.695
239.185
451.325
366.766
102.194
122.166
404.308
130.987
221.335
263
199.932
421.76
42.0973
369.971
190.245
75.0779
246.222
306.759
423.146
325.779
342.805
435.812
296.086
173.216
118.181
415.38
211.05
292.865
220.298
530.235
334.97
177.399
166.538
214.285
174.766
201.012
190.491
201.848
253.944
234.6
165.678
150.061
262.553
60.0119
412.739
43.8323
220.662
195.129
327.457
83.0218
350.091
269.786
172.859
339.765
32.8461
154.425
80.4731
319.685
47.5687
417.223
279.219
114.654
219.075
221.244
142.839
42.5707
295.467
79.145
412.042
194.937
459.419
357.099
227.965
80.7046
129.195
321.731
378.253
98.7192
296.509
152.155
141.206
172.417
266.775
280.58
169.99
308.132
93.3795
531.541
90.8959
107.488
310.096
375.206
316.969
408.008
198.992
249.41
473.729
266.202
76.9823
50.9594
458.015
48.9227
257.884
288.955
91.088
74.027
362.263
198.485
265.908
253.021
279.505
261.466
398.173
541.024
499.514
108.243
285.472
433.43
369.76
98.5422
282.58
95.7042
227.559
268.976
88.1181
222.628
523.709
190.169
187.152
57.5776
230.384
177.853
244.831
350.558
459.802
144.357
54.6579
62.1584
382.631
456.652
67.3181
103.313
136.994
351.738
338.558
124.296
343.638
497.474
131.377
263.76
331.28
78.1994
31.0084
439.61
369.119
334.26
459.458
58.3783
489.746
375.901
427.265
202.778
356.423
155.578
241.727
95.6527
148.194
470.332
339.575
275.615
157.218
136.236
289.431
84.3033
255.714
248.379
246.715
446.119
235.109
92.7581
156.968
260.062
325.229
232.394
162.178
131.66
226.715
364.724
272.879
352.409
75.2441
134.976
58.2675
419.802
476.648
467.404
253.937
151.737
64.8359
43.8127
143.142
437.068
253.833
50.6605
240.111
44.3395
260.984
413.909
169.404
31.4722
430.005
57.3238
232.361
97.9474
367.654
398.076
182.993
366.03
155.092
50.7008
66.2276
49.4716
180.644
341.361
106.013
378.852
403.381
491.423
188.953
188.419
130.003
94.2914
80.7181
346.444
380.983
196.826
428.568
234.735
244.318
134.862
260.873
168.777
239.043
401.575
89.5353
368.062
168.244
100.939
237.829
246.194
133.005
49.434
269.493
484.634
365.01
389.827
418.026
299.57
457.574
223.202
333.035
388.061
206.554
201.562
346.115
441.715
166.958
462.894
292.89
171.898
419.24
389.055
176.379
169.209
217.594
368.382
218.074
137.016
256.882
530.005
470.383
378.349
124.687
79.4631
210.251
351.32
57.7338
273.086
201.763
374.371
232.285
349.162
186.611
35.0048
371.317
387.342
336.884
173.114
173.446
437.322
95.6059
441.945
133.911
159.445
442.657
108.546
279.463
397.314
82.0677
149.267
144.83
384.361
120.455
179.975
105.055
115.374
327.188
349.949
70.7231
202.47
135.249
171.522
479.366
280.566
160.841
198.127
359.159
298.379
200.702
446.252
138.381
41.2007
480.176
259.195
126.074
281.362
90.6072
111.384
66.3691
82.6407
288.037
431.026
278.099
273.684
315.952
248.553
154.574
36.9426
163.008
410.984
49.5362
30.6148
404.979
403.6
289.647
345.671
192.255
347.857
121.539
196.493
33.3623
391.806
124.593
388.323
390.546
473.011
76.9615
281.142
252.816
69.4435
337.026
230.811
293.988
195.945
349.853
378.798
229.021
172.342
237.147
192.588
411.47
130.624
293.842
88.9365
371.301
523.939
365.755
322.706
65.2395
247.536
318.861
206.373
431.697
287.574
252.008
120.256
37.8104
109.056
127.577
322.179
245.406
93.5683
313.432
264.052
217.717
63.8288
332.819
288.359
438.47
173.875
104.366
292.278
512.499
52.6365
326.111
116.417
109.798
85.2069
307.858
345.851
333.279
162.084
430.786
139.729
406.381
333.918
351.69
264.989
330.943
278.79
283.326
181.29
287.259
267.831
401.888
155.685
224.054
395.736
184.917
358.648
509.078
281.454
378.939
475.473
232.187
40.0404
352.244
289.259
313.656
422.687
307.673
75.9114
366.39
162.592
91.555
370.77
65.4591
458.606
212.505
151.102
417.424
477.6
63.2487
135.016
337.754
202.679
98.4081
216.398
100.099
209.482
204.631
339.411
461.755
60.3782
409.934
279.454
385.651
231.777
122.942
174.93
82.8506
315.778
258.286
396.658
373.64
68.4337
387.727
36.1613
367.91
257.514
85.6853
245.732
75.6967
401.531
137.053
400.524
154.994
105.799
290.653
71.9622
69.5004
139.9
139.186
296.738
452.662
240.093
218.523
45.1528
164.326
451.318
53.4428
256.72
81.4111
232.466
196.175
474.244
197.542
51.969
350.182
30.2329
71.7191
314.486
220.091
206.276
316.261
392.177
377.404
183.578
342.158
336.457
431.43
448.372
34.915
129.219
447.616
92.9017
87.0405
233.972
487.024
269.937
312.613
468.068
339.903
126.888
382.278
290.655
38.9541
255.765
244.342
85.5384
340.865
68.7555
92.6694
277.274
43.0264
360.721
505.372
325.27
225.63
410.09
306.78
237.178
305.642
34.4324
427.881
247.692
253.784
84.7581
265.685
326.706
525.107
109.757
245.711
107.98
82.019
351.664
346.171
135.555
530.636
134.129
130.341
417.407
244.586
111.291
37.6544
227.071
105.465
334.021
526.067
521.171
406.206
74.8716
116.959
337.98
311.34
379.229
278.605
335.014
226.596
270.343
74.8547
138.112
302.975
189.961
359.589
93.8086
75.2955
80.6632
49.5177
394.058
147.912
549.888
392.71
285.263
290.645
302.038
270.945
349.967
105.175
301.32
217.399
324.719
336.971
255.887
140.288
63.213
142.092
489.947
131.971
78.6272
102.031
69.3492
39.7646
277.535
298.92
179.004
189.612
273.564
370.134
350.554
273.699
478.785
488.559
143.468
414.443
125.389
445.256
169.415
362.472
119.21
308.075
177.747
201.181
416.702
129.652
419.072
260.663
455.073
442.864
378.898
190.569
313.644
163.599
401.414
54.2085
415.089
242.664
96.3692
217.6
338.129
333.098
95.6254
517.553
187.772
363.16
42.9392
213.96
225.588
201.945
132.67
268.076
200.464
277.266
30.3056
469.427
542.693
132.075
102.784
60.2684
69.7361
445.39
58.0409
45.7621
56.3803
233.339
336.287
154.564
152.875
213.98
452.915
35.2145
421.014
137.846
234.896
481.172
229.117
384.571
103.501
316.207
57.7983
517.155
273.922
379.99
94.453
66.2088
334.413
362.389
101.64
220.876
475.788
71.0993
227.497
325.418
35.7359
211.975
56.9567
97.715
110.749
530.228
287.727
427.404
573.532
423.607
155.311
513.31
190.349
329.809
263.768
95.4456
94.3832
424.852
381.076
62.8573
235.001
298.132
330.984
307.306
102.627
341.125
229.974
91.1802
328.884
431.14
160.303
370.632
237.563
32.4556
365.308
67.8209
231.007
152.062
334.064
150.456
335.952
150.039
466.533
315.707
172.374
502.948
313.137
289.687
323.998
244.027
328.584
30.1791
311.536
290.155
58.6601
322.033
85.428
313.695
128.778
31.7226
375.819
372.017
349.463
175.213
183.839
130.14
78.7865
395.323
136.478
59.0468
447.847
93.8874
236.867
210.848
559.526
40.8291
303.05
286.142
411.922
361.404
220.494
387.974
103.563
340.889
134.635
314.525
323.433
293.197
424.726
53.8949
332.847
253.647
140.142
168.66
206.258
312.538
373.392
183.815
50.1124
208.11
226.134
435.674
434.056
361.786
337.722
249.843
337.043
179.411
236.992
139.886
138.213
245.998
101.98
211.025
347.115
110.458
204.066
206.715
358.627
392.665
41.4697
363.83
86.846
229.642
276.921
383.377
144.047
214.714
277.272
178.711
265.791
173.72
443.412
392.408
278.48
293.387
122.653
75.2607
186.188
157.903
72.0836
341.209
347.488
124.877
33.954
271.174
218.694
506.505
253.923
251.424
326.451
442.274
48.4415
262.399
115.984
312.961
410.782
267.218
250.029
121.415
65.3474
135.896
170.316
273.41
171.454
57.3169
94.6972
275.818
76.6936
49.1966
433.382
281.999
82.3208
115.072
266.57
197.67
57.9849
115.675
353.051
30.3154
319.742
148.965
48.3792
323.666
162.103
150.844
305.495
169.24
346.562
82.1192
469.664
274.081
383.233
265.488
393.977
362.47
473.027
172.86
203.153
415.201
73.8137
222.593
191.826
92.8241
289.156
134.264
299.262
108.609
162.168
293.029
496.876
496.35
530.686
301.436
72.4309
274.688
175.526
421.052
387.396
338.484
224.993
79.1932
343.366
114.729
448.236
254.391
314.425
288.047
244.077
39.3962
280.15
252.34
317.671
276.005
56.6728
47.7573
96.9311
439.117
265.835
302.036
469.063
85.0622
286.505
80.2064
393.885
178.083
277.139
268.982
194.164
245.819
367.876
391.037
97.8351
70.4928
361.922
166.567
66.4627
268.562
57.1553
362.064
311.802
372.111
286.119
126.616
305.022
257.449
73.0285
463.894
525.841
421.688
237.066
213.732
179.032
41.2822
266.179
118.477
372.387
245.146
44.6052
34.0247
287.924
97.2579
560.13
518.658
345.695
177.089
257.981
57.1196
254.11
198.288
282.769
429.997
456.915
356.538
336.121
484.157
431.914
142.461
144.264
82.9535
131.359
443.625
421.069
222.119
77.2534
145.522
398.045
455.847
105.071
208.068
190.134
300.566
296.067
405.407
401.397
229.458
40.4222
414.432
481.153
318.27
44.7407
53.7621
63.2163
43.9651
267.839
214.989
248.559
299.955
292.444
371.897
38.4546
388.615
113.743
273.999
83.7344
38.5374
176.892
155.284
357.693
233.069
133.001
313.113
48.3112
212.976
268.764
167.947
83.5258
87.189
461.019
357.613
421.391
508.018
276.62
180.322
222.67
117.844
192.433
470.733
382.836
256.94
309.161
102.785
134.417
90.9301
193.66
184.228
69.1773
222.715
207.538
308.795
389.046
337.753
329.316
140.163
127.195
406.96
346.846
200.918
119.417
337.242
170.782
32.9096
386.614
61.3818
181.311
244.337
172.576
198.271
317.581
71.8879
142.298
278.196
63.2376
74.9798
438.175
452.062
346.607
261.118
193.894
284.63
107.633
415.923
194.615
404.062
543.032
180.656
332.428
513.356
236.676
249.547
319.908
336.489
304.294
303.325
287.46
226.633
90.0587
441.216
295.591
398.021
50.8657
386.259
105.574
44.2809
202.477
218.215
110.303
86.3511
193.344
204.913
197.931
316.5
230.442
292.397
319.667
276.19
370.676
307.661
45.1978
92.6463
387.5
292.268
421.968
269.103
490.148
109.687
62.999
214.032
76.8928
146.127
203.762
113.308
258.411
242.842
428.264
316.056
216.309
177.652
206.453
247.025
268.845
157.001
228.9
268.202
259.347
472.539
527.886
331.815
456.7
170.472
350.433
359.892
141.867
360.386
43.9699
30.7651
377.135
167.999
64.1838
310.95
202.766
204.209
256.697
133.456
322
201.664
526.918
107.099
129.758
199.764
43.8539
172.056
468.931
204.953
99.3294
404.523
344.079
215.736
96.5537
367.767
414.522
270.505
127.82
383.915
96.2243
97.6091
299.835
502.558
351.337
135.181
321.464
353.821
465.731
454.86
220.916
406.781
220.16
210.021
364.482
372.559
345.472
278.74
330.18
544.508
398.695
50.7527
274.647
426.459
36.6997
210.268
44.8813
259.078
32.5892
31.3738
119.108
353.342
275.489
54.3428
211.599
277.32
162.348
161.252
300.501
384.43
322.458
132.82
216.397
32.3452
456.304
262.218
154.706
441.786
350.253
156.076
386.321
448.633
362.913
33.5812
377.292
451.701
373.409
318.695
58.2604
470.47
272.83
66.8165
291.647
102.624
113.155
222.473
355.034
257.794
432.628
380.433
449.708
73.829
212.114
93.7353
96.2731
117.209
136.015
39.5516
461.349
53.5169
399.872
326.987
41.8255
219.588
279.295
516.806
446.206
267.165
194.62
106.067
42.1894
226.669
483.273
40.7072
482.434
213.908
54.4417
363.241
173.751
257.159
436.497
309.432
325.777
234.696
173.569
335.934
306.653
243.782
503.022
267.775
378.003
45.4982
116.882
399.044
61.9145
356.772
146.966
266.328
302.797
266.823
48.8928
236.392
256.878
205.785
251.27
385.22
311.245
547.465
61.4862
275.777
183.783
156.029
204.844
181.254
227.449
375.801
225.331
369.42
141.539
395.024
84.3686
324.544
345.007
198.406
348.507
441.987
173.263
291.313
373.849
55.777
385.79
385.527
428.407
143.263
44.3609
296.54
81.4491
294.193
369.426
57.1498
243.274
315.69
59.5431
62.9379
227.999
80.5949
529.913
407.699
409.435
76.2358
58.6304
117.128
428.161
109.682
210.211
525.157
94.5335
178.592
376.518
70.4631
293.191
296.457
84.1544
327.842
107.005
104.266
298.124
161.884
290.594
383.223
301.535
417.979
360.107
66.9229
253.212
281.137
223.889
448.566
306.927
106.591
52.2066
250.2
347.038
211.726
467.464
176.436
460.211
129.138
280.057
368.288
464.324
67.373
49.0913
299.988
464.736
281.723
435.568
297.84
449.974
117.007
307.395
420.755
292.963
114.768
170.712
331.708
137.004
139.841
280.588
72.4194
317.779
473.733
219.825
263.097
46.272
458.668
95.2878
290.689
314.66
521.007
456.04
239.46
235.16
479.192
103.825
176.746
149.443
257.052
285.87
346.037
85.2033
103.522
399.573
294.493
80.5148
292.421
322.617
239.391
486.47
399.601
338.43
391.746
271.178
366.805
92.9044
104.254
329.44
289.356
269.527
350.417
342.267
487.85
66.1527
281.063
41.9729
238.213
170.409
117.237
301.252
71.6662
296.954
229.582
394.886
88.5542
285.236
132.998
280.246
249.555
308.199
295.044
129.915
478.196
356.788
147.842
33.1826
277.005
139.526
293.409
80.1272
351.793
31.3971
402.733
255.198
503.036
282.896
66.6516
140.265
50.3864
83.4645
54.886
128.027
401.678
307.176
159.112
78.3001
41.8497
185.725
114.557
403.455
161.061
222.04
217.461
62.525
171.93
203.082
244.264
513.998
48.3195
356.227
251.64
160.006
130.461
95.5594
422.793
161.864
122.483
364.375
76.4103
189.056
193.935
186.287
435.426
255.154
117.751
321.169
115.41
221.485
369.666
382.084
123.128
234.811
66.6852
477.603
341.825
299.917
89.6045
172.599
345.329
336.449
342.12
271.091
278.226
298.049
96.3162
197.427
410.611
333.59
429.553
411.43
135.932
134.302
346.958
115.999
302.379
