236.945
198.887
76.5924
231.448
123.618
135.269
331.827
382.519
323.492
354.776
309.843
306.795
83.6895
251.868
66.5661
331.51
391.966
326.397
140.852
427.416
299.53
332.696
404.276
352.879
125.552
332.323
284.442
205.92
132.229
97.1458
237.216
304.392
376.792
360.961
267.045
366.828
61.486
286.836
167.175
434.396
260.288
345.981
286.462
243.885
372.969
259.03
333.629
134.022
303.536
404.026
80.9856
402.544
301.719
412.801
413.804
318.114
93.5184
242.303
434.681
339.664
120.076
254.034
326.877
297.086
411.058
373.769
382.843
176.685
206.844
101.766
252.394
140.207
275.116
220.638
183.647
98.5131
378.06
273.437
122.212
327.197
349.592
214.295
340.961
379.868
365.271
332.547
410.486
406.973
340.3
240.643
360.857
314.795
385.092
113.079
255.348
367.369
59.9691
347.791
317.229
251.284
402.099
244.067
57.501
268.484
35.2436
341.681
367.785
391.858
250.659
352.424
367.82
262.429
358.451
49.8204
161.346
63.9994
354.459
184.555
36.07
316.6
332.437
197.601
162.804
110.041
108.423
197.075
186.097
56.2973
79.9041
115.971
343.706
205.393
393.107
358.639
270.759
263.453
382.225
163.543
223.989
53.3607
386.695
203.523
156.688
147.93
59.5045
223.353
285.256
290.644
114.676
312.48
377.626
374.978
140.327
230.574
330.97
310.297
380.009
289.529
90.1298
349.919
397.703
244.963
227.718
381.457
325.226
334.655
216.622
228.199
386.939
295.202
340.203
379.338
71.5053
136.291
429.387
85.2317
78.957
80.5396
427.685
419.487
360.75
361.299
301.338
292.611
384.951
135.252
196.892
252.332
344.007
370.165
280.16
358.961
416.482
105.471
93.0898
249.541
333.039
94.647
239.895
400.297
169.862
306.037
334.367
361.976
179.48
43.2043
148.178
145.778
307.611
105.855
295.607
260.624
147.165
369.294
412.193
51.977
363.503
92.9037
232.753
361.435
234.769
428.817
286.133
134.974
270.801
260.259
257.651
112.588
376.856
122.383
300.888
318.18
408.609
356.093
306.562
233.31
342.13
325.212
388.874
179.272
274.589
134.021
263.325
405.539
144.144
120.873
35.7581
204.043
422.954
366.46
226.081
265.343
239.196
68.7756
338.365
328.168
418.695
106.972
129.033
62.3346
237.878
261.931
119.724
370.156
200.657
434.52
255.317
234.594
174.105
245.633
106.577
252.407
397.618
318.582
294.209
154.965
426.579
255.558
384.446
388.717
323.592
95.3427
390.289
282.751
145.142
264.905
127.564
116.438
347.611
394.284
213.816
246.578
57.5387
223.726
391.394
311.912
264.5
426.708
255.134
394.521
199.515
37.3189
219.705
129.998
310.598
287.318
364.203
195.95
173.124
36.6925
141.292
405.394
219.197
235.657
132.949
403.427
94.3565
36.6595
321.069
388.333
50.3217
420.494
244.94
395.661
94.8448
338.793
333.916
154.3
54.9423
405.167
281.477
284.8
371.039
350.072
321.973
368.824
240.117
199.835
126.439
259.747
303.252
284.337
297.279
258.038
368.772
374.427
239.778
114.284
375.334
77.9397
291.797
271.223
326.193
377.397
379.524
375.322
323.828
119.353
194.276
119.971
30.6511
235.721
79.3448
319.665
254.142
361.641
358.83
81.6399
288.032
266.606
335.445
183.871
428.837
282.539
191.449
270.611
324.379
351.758
354.956
321.557
210.436
215.293
397.021
333.284
328.703
240.818
169.043
351.988
170.769
396.579
137.834
326.243
251.755
408.16
293.443
428.8
326.209
357.843
423.044
386.057
338.916
290.672
277.096
392.842
323.133
315.903
311.529
387.249
103.069
243.449
254.034
406.355
245.805
193.473
145.914
373.11
254.254
167.736
140.276
185.75
209.197
422.098
176.697
317.542
339.915
140.271
171.293
417.895
114.598
167.381
145.119
176.354
339.79
374.88
250.947
434.862
306.193
296.477
340.174
171.701
368.38
129.386
231.894
316.735
177.03
405.594
295.315
300.011
123.323
357.335
261.556
43.8212
238.266
407.093
386.494
403.278
271.615
175.766
45.3226
71.2216
292.526
348.166
180.282
386.89
55.8687
322.775
96.5487
316.051
281.403
39.6373
177.121
418.435
329.762
304.834
282.177
339.875
97.9482
195.345
311.917
279.847
311.315
377.843
428.936
196.882
361.413
307.136
248.318
203.618
209.927
229.784
90.8028
416.136
355.849
63.9722
185.929
104.53
108.103
262.905
131.685
42.2387
255.797
81.4094
102.298
375.817
351.83
290.387
269.209
387.218
227.758
285.993
367.38
33.1595
206.683
314.004
286.973
288.953
142.849
52.8843
181.857
409.154
414.756
37.2657
364.69
383.769
181.511
190.89
358.623
197.275
170.295
356.662
90.0534
201.681
72.3326
370.718
163.016
421.737
303.528
195.715
63.2469
326.84
348.809
70.5936
417.038
149.246
369.278
255.047
412.672
380.331
301.588
244.652
345.898
153.831
193.912
132.397
205.344
152.23
384.796
288.93
322.025
356.249
112.634
138.363
163.832
205.775
305.821
420.331
398.422
333.86
245.38
411.054
315.098
292.767
386.168
374.084
286.267
56.7109
330.813
69.2375
182.617
217.007
355.978
57.1462
32.4716
208.936
289.862
404.437
152.353
232.515
67.8472
366.412
240.833
286.23
121.922
299.894
246.592
251.425
66.5928
158.843
369.873
35.98
313.73
36.8596
361.801
326.313
215.031
359.579
403.177
372.111
417.696
336.142
132.535
285.344
360.294
97.0787
251.598
280.435
329.573
226.572
300.666
281.165
224.441
312.067
246.893
224.742
64.0861
383.913
366.931
139.692
359.418
369.215
309.306
305.736
147.092
382.45
351.081
170.052
321.542
420.415
190.971
203.077
382.844
210.369
47.8432
340.529
152.903
259.951
161.617
100.277
425.762
149.236
321.713
320.254
352.94
232.172
384.603
305.177
290.941
112.604
251.6
175.835
366.146
293.416
395.411
309.005
129.234
69.5955
433.316
145.292
411.101
97.725
276.103
291.813
228.928
181.261
369.241
317.99
344.887
204.996
387.744
237.956
380.027
260.681
286.927
204.522
294.463
51.5201
353.053
160.277
106.348
184.414
316.404
211.381
264.651
366.596
151.536
239.152
380.252
408.693
417.371
430.505
32.2971
420.63
260.272
316.393
300.84
295.349
204.986
197.576
387.91
360.654
394.894
146.639
53.2592
353.717
214.315
107.437
322.139
241.296
157.683
339.284
223.31
389.503
196.079
127.206
383.911
419.722
247.687
249.825
406.052
132.193
374.189
218.026
131.747
337.599
328.458
272.128
287.831
40.1636
134.891
402.759
163.875
172.842
234.282
401.208
320.051
161.611
187.583
195.049
336.401
413.118
257.906
232.215
125.442
158.688
234.12
310.862
169.763
46.835
407.238
151.524
144.622
106.38
428.521
304.068
229.519
386.809
434.985
111.974
95.3354
36.6834
91.9617
261.611
370.357
337.829
415.297
338.06
317.097
390.299
223.564
55.2073
316.966
367.725
367.369
318.752
41.1469
328.949
368.104
265.045
346.822
421.497
364.686
55.3172
144.946
407.329
368.071
145.829
324.435
154.155
325.592
359.33
87.5499
269.676
350.784
340.892
352.472
329.107
291.729
296.399
168.275
312.8
205.396
407.276
102.793
371.286
223.056
110.814
305.283
311.856
160.957
375.528
252.71
384.237
374.907
204.578
114.003
67.0617
249.377
392.174
239.516
368.339
355.283
194.894
335.486
338.831
396.635
246.319
279.728
337.74
281.787
254.326
284.792
38.6958
125.513
203.816
408.243
134.305
365.628
245.424
302.351
288.023
180.59
409.923
255.12
112.457
343.882
350.721
410.987
394.54
390.938
410.355
355.512
382.212
200.582
308.063
343.342
339.856
395.777
331.277
257.366
353.347
252.419
338.877
144.159
313.404
319.703
358.546
325.682
229.905
359.011
276.621
313.276
101.477
416.301
258.203
177.071
304.253
357.976
34.6274
132.563
133.915
375.987
220.6
279.434
209.852
138.458
409.793
165.281
312.284
169.926
341.772
144.433
285.243
371.419
368.952
433.726
347.612
111.027
386.134
392.428
81.0531
269.358
292.153
222.408
282.609
83.246
223.543
161.351
318.869
295.747
195.51
297.394
77.1788
309.162
378.408
357.435
279.775
124.41
392.201
297.205
345.87
280.148
203.002
82.8742
343.188
410.777
337.916
420.464
212.696
421.359
72.8653
310.054
54.7891
434.044
85.6806
315.622
88.8864
246.948
352.451
367.844
190.606
419.518
123.901
301.964
109.753
197.536
351.153
316.616
309.213
357.497
121.323
300.81
258.959
409.648
261.384
320.695
270.624
310.829
377.528
291.249
388.705
69.5127
53.6835
363.57
347.872
274.702
361.071
347.891
417.546
88.8981
387.617
339.108
339.522
329.123
122.476
54.5511
306.321
204.093
429.516
322.316
392.347
288.123
386.447
332.304
81.3807
57.6028
174.322
119.806
389.158
341.041
295.173
389.084
419.61
361.275
159.092
123.28
398.547
393.621
50.7894
228.243
426.261
349.417
377.999
85.1085
108.15
274.729
398.569
82.4412
247.815
382.123
289.512
315.785
261.481
342.297
107.082
350.861
335.886
354.201
225.067
298.131
346.34
240.857
349.714
185.476
78.4572
374.961
345.115
67.5785
211.207
41.6656
431.511
311.467
360.483
226.624
127.058
133.256
218.098
395.286
110.839
235.327
307.051
293.411
399.613
127.548
244.095
145.326
39.9009
272.476
332.896
311.359
430.416
90.8717
351.699
275.211
284.526
111.592
299.396
386.032
280.854
217.942
324.779
312.444
419.645
375.912
219.49
387.729
138.824
241.561
423.06
350.941
398.111
400.819
391.406
221.822
102.859
274.594
295.262
234.468
143.911
97.4775
30.7088
318.602
58.0538
373.467
302.118
221.432
116.246
206.481
348.694
405.748
173.785
313.097
274.158
171.592
95.3352
352.918
415.096
367.476
317.264
165.237
236.378
59.841
420.229
94.7485
158.136
39.9506
358.404
138.039
160.276
283.673
330.491
407.715
31.0162
297.857
434.282
368.546
134.391
334.205
336.001
93.7483
213.395
394.489
196.173
170.474
212.895
276.356
305.297
248.868
223.839
124.943
94.3284
354.439
331.919
360.282
316.57
280.848
373.253
276.861
91.8869
267.238
174.546
272.49
316.42
399.639
303.48
302.04
216.646
278.87
153.83
309.181
257.252
183.89
67.2558
355.915
223.443
390.132
264.196
383.07
163.214
60.7233
374.275
428.537
431.858
40.0784
90.4295
248.423
430.315
425.916
232.14
338.398
206.447
389.783
421.856
32.1237
267.839
155.314
317.88
314.7
245.298
383.5
370.419
334.394
162.631
258.905
329.28
49.3517
420.755
338.369
262.267
301.917
188.178
106.109
141.714
283.804
415.267
179.041
337.671
317.355
172.375
46.2983
143.163
59.4433
329.519
369.007
236.002
327.683
48.2278
203.544
276.973
57.1611
368.71
239.1
153.537
74.6861
304.907
356.635
97.9727
363.224
338.881
75.5308
347.315
223.002
393.833
358.766
218.521
250.68
301.499
418.08
220.723
153.83
259.152
363.541
223.787
249.928
320.581
82.4703
32.7556
323.707
287.02
175.397
264.182
268.528
369.947
124.3
165.498
270.879
433
218.173
322.726
48.2798
245.485
138.391
47.1928
319.515
105.711
48.16
176.431
379.337
369.095
321.357
316.091
401.72
274.819
69.2878
419.294
37.2774
272.178
328.339
344.517
409.051
327.935
262.141
208.395
305.277
247.901
318.712
313.452
205.823
308.574
95.113
289.735
369.914
172.336
159.469
332.438
330.974
423.53
362.706
377.069
181.658
348.468
399.916
308.241
103.926
148.101
107.141
344.676
230.161
160.512
158.091
167.931
385.393
367.529
390.194
344.477
248.245
208.432
96.3307
381.669
205.706
246.9
273.528
205.375
290.923
108.35
152.205
412.08
273.943
111.97
277.665
373.968
227.737
417.848
292.421
367.167
309.868
311.378
357.159
146.332
67.6096
265.213
221.131
292.999
322.422
242.209
425.673
65.1257
425.164
157.192
257.408
258.339
347.097
343.39
200.279
305.738
382.075
235.697
264.336
92.5355
172.008
312.996
305.547
317.898
218.104
146.896
73.6369
399.357
170.432
390.273
361.064
53.0261
372.898
311.984
405.587
354.572
297.589
421.441
87.3029
337.932
179.304
118.777
195.203
393.189
310.52
428.376
322.317
358.345
240.846
299.317
145.858
418.767
345.796
271.984
340.379
189.061
179.818
140.444
125.143
284.345
316.998
118.239
150.104
378.201
293.516
161.692
401.374
357.767
187.31
246.961
284.038
271.467
301.613
104.803
379.74
390.876
417.64
428.317
143.963
54.4474
388.916
210.716
296.555
374.435
155.642
338.457
326.532
172.535
371.489
130.283
275.76
199.797
256.874
380.516
260.951
313.408
33.2091
126.741
378.369
236.822
402.303
124.608
361.923
324.084
280.574
192.305
419.726
155.768
297.808
359.662
252.917
317.195
313.657
172.45
167.686
399.526
311.133
244.131
432.844
397.713
322.862
415.616
300.049
380.222
58.8616
381.993
95.7787
32.0293
184.452
313.686
383.976
317.652
317.339
254.424
189.508
362.1
376.598
242.256
212.887
153.302
89.2407
354.71
241.752
136.893
130.671
296.379
348.697
220.416
119.218
248.821
48.2044
263.721
364.688
413.177
337.051
55.4045
376.667
279.86
376.255
397.377
392.867
388.196
90.2609
211.697
81.2214
127.509
350.239
390.127
167.697
320.682
375.307
300.358
305.971
406.506
298.435
331.89
305.52
432.824
322.951
124.091
308.224
89.3108
168.647
105.057
432.793
390.017
96.853
180.582
81.652
284.218
147.227
246.142
118.339
294.98
324.879
241.555
398.359
389.411
159.699
77.7629
402.736
260.99
296.393
327.684
163.179
294.281
64.0904
353.638
313.557
309.048
208.164
116.952
356.403
342.023
258.517
159.71
417.01
328.296
215.726
323.998
210.906
418.577
419.498
282.326
207.479
53.5294
268.839
131.54
310.354
271.86
383.403
331.423
333.989
222.065
300.41
202.886
374.405
325.554
233.059
383.902
434.888
294.104
420.255
295.561
410.175
385.631
214.545
216.146
104.981
119.298
377.413
363.333
391.552
333.983
329.096
365.072
343.247
228.993
383.901
325.682
186.642
172.279
292.938
404.72
288.934
238.612
326.15
433.737
358.714
339.367
137.312
54.5787
221.999
309.383
432.635
70.4381
274.412
400.315
61.251
314.525
87.7932
110.408
222.671
295.25
366.652
192.36
261.387
263.867
281.598
118.728
221.144
359.46
280.735
370.25
332.872
121.987
354.83
411.947
182.73
416.898
406.883
225.867
89.5617
229.31
249.117
330.11
41.56
270.549
118.65
350.868
341.388
342.571
70.9653
310.657
183.59
172.569
388.63
112.95
235.573
380.337
206.084
376.281
311.176
50.1913
304.144
276.132
196.948
396.332
107.135
124.241
317.178
160.54
421.131
260.778
213.162
252.483
106.721
403.283
386.811
324.847
241.273
394.092
119.423
191.465
236.814
350.571
381.599
107.849
285.06
330.335
272.234
318.586
385.366
279.301
367.759
282.277
333.426
311.545
418.721
274.011
399.492
124.689
175.798
381.787
319.922
130.154
374.776
193.971
241.859
373.244
370.07
212.752
304.143
241.461
184.333
67.4806
379.925
376.307
176.937
364.625
232.343
34.3279
142.933
179.947
326.702
114.261
369.254
315.109
91.2184
60.3609
319.031
356.477
180.723
381.657
237.498
78.0324
304.26
237.802
308.713
349.781
382.186
414.117
109.86
181.637
403.111
189.122
344.39
237.02
384.295
93.5191
319.585
201.6
42.4681
351.333
418.283
360.398
419.801
250.464
331.036
287.792
42.7745
296.25
329.537
376.827
336.191
224.277
323.902
418.354
299.562
198.942
292.065
205.833
367.101
380.186
272.755
205.885
389.109
388.855
323.762
232.87
247.215
418.283
291.57
354.661
338.272
340.611
338.853
246.261
400.964
344.178
107.498
317.408
380.13
312.211
332.087
333.528
237.832
298.912
38.2089
315.341
387.914
425.614
133.121
315.807
371.479
91.8936
284.302
382.931
333.97
246.747
306.699
297.34
264.161
356.36
346.332
111.182
115.106
362.908
312.397
417.119
347.407
81.3493
262.433
345.189
349.478
409.522
397.412
173.701
289.761
408.041
246.471
395.39
301.418
306.103
395.109
127.808
268.919
110.546
220.666
197.237
178.512
368.631
431.04
179.134
122.868
324.662
369.37
418.611
326.391
369.511
319.587
119.608
260.509
267.023
403.306
262.791
338.772
367.31
368.586
347.792
298.586
251.246
368.911
316.334
380.356
394.293
198.051
100.347
336.616
431.765
401.976
149.921
146.624
89.8697
373.355
119.4
48.3355
419.717
269.962
185.916
413.63
271.347
147.801
278.273
194.927
407.582
264.281
293.738
272.745
343.85
326.022
370.017
35.1567
402.552
407.514
419.424
382.561
376.658
352.944
172.226
324.828
213.198
274.8
369.185
99.3175
379.983
198.002
326.517
238.735
346.414
202.815
285.345
408.056
200.857
429.939
409.145
44.4802
196.119
376.592
303.594
111.609
111.734
339.899
166.194
422.52
369.692
372.771
64.1511
293.592
315.939
122.887
160.907
166.652
343.72
295.772
116.884
410.583
115.018
361.223
108.767
382.087
281.342
262.33
384.613
112.182
233.059
232.369
302.244
56.5556
333.415
296.819
325.006
267.951
95.6161
208.163
326.303
100.389
160.494
200.352
422.245
393.485
56.9073
134.403
409.568
232.188
198.449
32.514
305.401
316.144
41.0628
237.861
134.947
407.988
428.73
193.024
223.341
340.527
336.639
157.366
305.946
190.592
313.688
169.381
416.408
314.453
65.0054
46.0788
293.519
155.962
379.669
293.768
46.029
244.608
373.042
310.905
248.156
132.865
344.974
385.045
176.167
275.493
357.722
345.492
308.226
365.476
351.798
426.306
36.1561
368.787
127.401
385.163
99.9495
39.185
295.94
316.546
259.228
356.464
165.59
156.149
352.324
421.802
374.002
305.988
243.042
51.2946
323.365
323.38
288.894
249.595
359.835
305.313
398.777
169.821
409.006
264.509
323.259
396.374
59.3543
302.96
338.104
289.535
335.032
181.927
326.047
197.603
380.846
417.96
63.1553
305.11
409.322
343.68
55.0827
395.856
268.144
312.142
362.834
285.077
72.1561
79.1448
371.874
396.313
294.501
282.683
299.475
260.973
46.2675
282.779
352.044
292.562
94.314
112.339
186.227
341.871
409.841
346.325
308.54
313.034
415.637
372.987
286.116
200.471
114.92
129.247
52.3056
318.871
252.778
226.25
326.742
125.448
210.82
62.8561
387.299
352.914
161.893
295.036
67.1264
378.592
297.087
82.7354
296.311
332.258
273.755
338.301
428.407
329.042
324.181
48.0182
93.7921
342.393
375.872
316.803
299.265
316.428
318.777
207.297
