47.0759
22.5028
40.2057
42.9156
26.5329
27.5124
-1.0
25.6221
44.7667
-1.0
52.276
38.9539
7.4739
40.174
44.963
35.1608
50.0243
51.937
-1.0
36.3133
32.4183
-1.0
30.7276
34.3344
36.6686
12.8991
-1.0
49.9934
35.8827
47.0686
-1.0
32.8796
38.8061
43.7216
-1.0
41.6904
46.3374
9.9373
31.4275
-1.0
42.554
-1.0
-1.0
20.5468
28.7196
28.1202
34.2846
-1.0
42.0242
-1.0
-1.0
19.3627
21.6359
-1.0
31.5349
22.2855
-1.0
41.9638
10.2261
-1.0
32.0672
38.8333
48.3182
18.0314
44.4043
42.527
41.9572
44.1441
48.8734
34.8295
-1.0
-1.0
34.0244
33.566
44.0898
-1.0
43.5218
-1.0
38.5278
37.0357
43.6682
-1.0
38.7495
-1.0
-1.0
39.8483
31.0436
47.3626
26.2381
32.4626
30.0245
44.1611
42.2164
47.1049
45.3134
48.8709
-1.0
36.0813
49.5345
26.195
44.5293
34.4747
-1.0
35.0278
38.0785
-1.0
42.9236
-1.0
42.4268
49.1786
32.2946
-1.0
44.3548
38.4448
-1.0
43.9979
30.9583
27.9239
38.6634
50.479
43.1543
31.4265
38.4936
31.1626
-1.0
32.8174
36.8761
50.6423
45.1146
-1.0
48.3798
37.589
30.6685
40.8891
30.857
16.4524
-1.0
-1.0
41.2022
-1.0
-1.0
30.361
50.2671
35.1648
45.3097
34.481
-1.0
38.2927
22.8418
38.0858
50.9238
-1.0
44.7392
46.2736
-1.0
47.9695
49.375
44.5875
49.5523
24.6294
44.751
21.9287
51.7828
-1.0
52.1479
31.1473
16.1528
50.9348
-1.0
44.6285
16.1119
50.4054
49.0752
48.3636
49.4404
-1.0
51.7169
30.4906
-1.0
28.966
36.3624
32.7568
-1.0
23.4701
28.5337
51.0165
-1.0
45.2873
29.4385
48.9643
49.6541
-1.0
36.5574
44.9786
39.4418
50.7624
33.3079
35.6052
9.13852
50.8098
16.5602
27.439
42.279
44.9772
29.7858
45.3369
24.8068
43.3778
42.1143
31.0743
34.6288
39.3494
51.0058
37.4541
21.3742
-1.0
22.3395
51.6377
-1.0
42.9747
-1.0
44.6586
33.3343
29.9187
41.8196
39.0966
20.8774
34.4861
49.0085
34.5778
40.3819
23.8308
38.4005
46.6304
-1.0
30.3518
38.4662
41.6329
46.4866
25.6613
25.0534
19.9556
32.4368
31.8202
-1.0
-1.0
20.4249
27.7001
49.0487
34.5073
36.0494
40.624
-1.0
28.9608
28.1252
49.3975
36.057
40.9037
43.365
10.4208
40.238
-1.0
-1.0
41.0001
-1.0
42.4716
47.4173
43.8112
-1.0
49.5354
40.8138
33.8262
22.008
52.2659
21.6109
48.5539
16.7532
23.0321
35.4724
26.4873
46.4708
37.7251
51.0971
-1.0
-1.0
-1.0
8.55575
38.9077
38.2742
35.4883
-1.0
45.8115
51.8734
24.7994
-1.0
20.8205
25.7125
25.4211
28.8803
17.6886
44.4692
44.1999
-1.0
42.1082
49.1686
29.8509
27.2577
-1.0
49.6873
-1.0
53.285
35.7732
39.8148
26.5512
29.4987
40.5101
46.9454
-1.0
40.7454
46.4586
34.7306
-1.0
21.0797
37.2291
-1.0
44.2475
45.3581
44.8322
-1.0
49.2263
49.9549
48.9615
44.6738
30.6074
29.5261
46.13
-1.0
37.207
30.8158
31.3635
-1.0
-1.0
30.1786
33.6221
51.7875
25.6648
43.5564
51.1506
45.476
48.3399
52.9194
35.9515
50.7458
52.313
-1.0
11.5679
-1.0
37.0262
39.0014
51.3206
13.9523
36.1677
48.6521
48.2163
37.8627
48.5252
51.0715
17.5375
-1.0
-1.0
49.6531
46.1154
-1.0
-1.0
-1.0
-1.0
-1.0
44.5743
49.7941
14.0149
47.7937
13.0164
-1.0
17.4774
44.5986
-1.0
47.232
16.1186
35.5431
51.0843
50.7452
33.2056
49.9759
48.6176
27.7562
32.1974
45.6811
29.1633
42.5056
30.5044
39.2892
24.5218
35.9588
50.481
23.8093
45.0943
19.4876
25.7957
34.4216
43.0591
35.0059
38.0088
48.9628
50.1523
25.9714
27.9248
49.8028
40.1852
-1.0
7.1772
35.2717
46.2871
-1.0
-1.0
32.7187
-1.0
-1.0
46.2384
42.3566
52.1412
-1.0
40.7152
-1.0
-1.0
-1.0
35.9283
35.7948
52.2896
-1.0
-1.0
45.9625
45.5786
21.0897
41.7668
17.4013
-1.0
23.6196
47.2343
46.2292
-1.0
51.5227
18.8659
46.5021
28.5774
48.0812
36.6036
33.9768
-1.0
46.4014
-1.0
28.4983
19.4461
-1.0
42.7804
44.1188
-1.0
32.1692
25.8824
-1.0
40.6776
32.1843
49.2289
-1.0
-1.0
37.7261
23.4506
51.2409
-1.0
-1.0
-1.0
35.2162
46.2852
50.2502
-1.0
25.5683
41.6297
39.9644
-1.0
44.9442
30.3716
24.2253
46.4022
-1.0
-1.0
11.0687
41.5489
51.1652
-1.0
51.1176
30.3294
-1.0
50.6733
47.2184
31.8133
30.4875
32.7165
36.6806
45.4629
-1.0
37.433
31.0893
46.7796
40.9024
18.9874
34.8901
-1.0
52.1296
41.3822
52.3872
39.782
41.564
48.1474
42.0675
34.9392
-1.0
32.1518
40.7255
23.1667
16.5952
40.8457
24.7351
-1.0
9.86362
-1.0
34.3637
36.2674
-1.0
-1.0
28.8679
40.1201
43.0554
-1.0
35.8797
20.532
25.5598
44.6447
35.0352
-1.0
-1.0
-1.0
29.7179
-1.0
-1.0
-1.0
28.0924
51.8907
6.36978
42.7431
-1.0
28.8337
44.2008
52.1374
-1.0
44.1576
46.5969
41.8292
34.653
38.9434
40.5419
38.4548
-1.0
43.496
15.6252
43.8324
-1.0
44.7029
33.1937
-1.0
33.4513
-1.0
49.5786
24.0522
-1.0
37.9434
37.2748
-1.0
45.3159
-1.0
31.996
44.9091
48.1
35.8603
29.7951
25.7725
32.3584
51.8903
44.6587
16.1304
36.4431
46.3522
26.6215
26.5547
52.4964
40.1883
37.4869
49.0985
25.7528
32.5475
50.3615
-1.0
41.773
51.5656
44.1241
45.375
38.3477
50.8876
46.7381
13.2866
-1.0
42.8836
40.258
43.4396
43.0522
49.1039
40.1221
-1.0
42.4913
-1.0
38.1939
38.4681
29.8182
-1.0
44.4513
31.1848
46.7971
38.8291
20.1061
29.1804
44.026
37.5367
26.838
50.3908
33.2731
32.0246
25.8169
43.3141
46.1008
21.1461
31.3358
39.448
48.8099
48.302
-1.0
37.6911
-1.0
43.2518
53.109
42.5227
-1.0
-1.0
41.49
31.6142
21.7717
47.1843
-1.0
29.6418
39.7237
49.469
42.8505
23.2263
41.8885
42.9551
45.092
48.8129
-1.0
50.9917
37.2842
50.9496
49.4475
34.7398
30.3528
25.2892
-1.0
37.6754
34.7907
44.5536
48.4167
43.9845
28.5357
21.8578
50.7387
33.8625
-1.0
44.9763
31.6596
37.0161
29.3881
43.4337
40.3976
36.573
36.4046
44.4142
-1.0
-1.0
22.1272
20.1873
21.8568
-1.0
41.4382
36.2858
47.1272
30.218
48.3673
47.1181
-1.0
27.6749
18.5228
49.4835
30.2632
27.3263
14.7763
42.7432
22.6446
52.3882
16.431
-1.0
14.5229
27.772
-1.0
47.8249
42.6303
33.7489
40.8939
49.7755
32.2861
-1.0
-1.0
20.7994
48.4635
27.8292
-1.0
36.8637
-1.0
-1.0
-1.0
-1.0
14.4785
-1.0
53.68
42.664
37.8305
29.5034
18.6261
30.725
16.8057
51.7844
50.3859
45.8634
15.8101
25.5368
48.5359
41.8835
51.686
49.9933
34.7301
31.4116
-1.0
41.5469
44.0234
30.7072
46.8775
38.3033
39.874
13.8133
37.1994
38.9735
40.2257
43.7995
-1.0
52.1633
19.6248
40.3302
38.795
46.8023
46.1077
-1.0
-1.0
41.854
36.5466
38.3897
28.0113
28.0759
21.9883
-1.0
32.5888
47.952
38.2124
30.1738
48.438
40.9143
-1.0
-1.0
30.4421
49.4935
36.5529
24.7417
33.6544
-1.0
34.854
14.7694
38.523
45.0791
38.0633
19.6248
42.3304
51.6883
-1.0
28.7519
50.4499
-1.0
32.0406
-1.0
14.2688
17.402
-1.0
23.0905
41.2886
39.9099
46.3071
-1.0
45.1129
29.4643
-1.0
48.3028
25.6825
-1.0
18.5366
43.6424
30.7713
37.608
35.5553
-1.0
-1.0
-1.0
-1.0
39.9667
27.232
51.8414
-1.0
36.5244
-1.0
51.62
29.0921
51.7985
23.8202
-1.0
32.2479
47.3911
48.0725
-1.0
11.7161
-1.0
44.7015
47.6966
-1.0
-1.0
-1.0
33.4341
-1.0
20.112
36.8324
45.9699
-1.0
-1.0
24.5973
35.9579
-1.0
38.3751
24.3406
42.4729
30.2007
9.22591
-1.0
39.6987
30.1194
39.9448
45.9978
-1.0
46.6055
36.283
49.1236
43.2575
32.6774
48.0972
35.4732
-1.0
-1.0
43.1401
41.4768
32.2243
-1.0
42.602
41.571
36.0424
40.9733
33.8325
46.9462
48.3386
45.6991
13.3064
9.27428
27.8913
-1.0
25.0214
-1.0
45.879
-1.0
-1.0
46.6815
43.5925
31.4285
38.1777
51.6078
43.9572
-1.0
49.5375
38.0573
-1.0
41.0234
41.2756
19.8504
-1.0
46.0511
-1.0
-1.0
29.8504
23.0524
39.4389
47.5216
41.6839
-1.0
45.3511
39.2831
37.1265
28.4538
24.7228
13.3299
-1.0
50.7732
43.7672
26.842
29.6276
28.7552
-1.0
49.8539
43.255
30.6437
50.6596
49.6376
47.332
46.5846
41.5321
18.7919
-1.0
50.2083
25.4765
27.0447
51.1038
-1.0
44.3874
38.8934
33.0714
30.0063
49.9243
-1.0
35.5761
50.89
52.6925
24.7403
31.3734
-1.0
-1.0
-1.0
36.3554
41.0399
51.0355
23.9238
-1.0
44.352
32.039
-1.0
31.7607
19.5328
44.8559
27.1144
-1.0
31.5029
48.8016
51.8276
-1.0
46.3742
20.7651
40.3329
-1.0
43.6569
31.4936
33.2809
41.977
48.6824
46.8591
44.6853
44.386
42.1887
38.03
47.4244
42.9669
23.4755
40.1866
41.8265
50.1913
12.2381
15.1575
24.875
38.7808
-1.0
-1.0
43.2299
49.2133
-1.0
51.5227
25.6541
27.0661
21.5228
25.601
26.5623
34.3265
-1.0
42.77
32.1953
44.8852
29.3809
39.1932
-1.0
32.6559
42.7454
39.9779
50.9766
-1.0
45.6354
-1.0
46.0439
-1.0
50.8069
-1.0
39.2394
-1.0
-1.0
49.7278
-1.0
15.5426
50.057
-1.0
42.357
14.5201
-1.0
-1.0
45.9917
51.0923
44.711
43.2228
28.9576
40.684
42.7628
-1.0
-1.0
18.2191
44.213
45.5795
31.1963
-1.0
43.3053
28.6101
51.9677
-1.0
38.5065
47.0606
38.7243
-1.0
33.7472
-1.0
-1.0
16.8978
-1.0
-1.0
51.6449
25.7198
-1.0
36.1073
42.6842
37.9691
22.4312
24.6129
45.638
-1.0
40.0628
35.9346
45.0244
40.1278
-1.0
40.8064
42.1696
15.7156
17.71
48.0589
28.3857
-1.0
23.0885
-1.0
-1.0
18.7498
-1.0
32.7503
19.3077
48.838
-1.0
44.6927
19.2028
40.3164
39.8269
47.8008
-1.0
26.6115
-1.0
41.0668
49.9295
12.3024
31.1129
57.3595
28.2334
45.537
46.5931
47.3611
48.7012
26.0357
31.6489
25.3097
51.9656
29.1796
43.3179
41.9182
49.2886
34.7865
49.1529
-1.0
30.5333
48.8836
47.963
-1.0
45.2959
13.8857
36.8267
51.0216
-1.0
40.5252
-1.0
45.9686
-1.0
42.3418
46.1887
45.171
-1.0
27.9168
-1.0
24.6083
32.6738
-1.0
45.7988
-1.0
38.8827
-1.0
-1.0
-1.0
25.9967
50.4508
41.5065
43.3846
36.998
27.9402
-1.0
36.2365
38.9253
25.775
50.9408
26.1087
25.023
-1.0
36.0472
-1.0
13.7688
26.238
40.8834
28.6143
23.943
47.9245
32.6547
7.20268
38.7226
-1.0
36.4834
35.1274
15.1977
-1.0
46.2339
34.6811
32.1414
47.4548
12.7683
10.9092
36.1406
-1.0
35.056
21.2852
30.8519
-1.0
38.6559
31.9369
34.1944
-1.0
46.7061
27.1529
16.1629
17.2357
27.459
41.7707
46.3798
48.3709
-1.0
41.0519
22.2352
27.8448
41.0529
-1.0
-1.0
-1.0
17.0063
51.097
48.1208
-1.0
39.156
50.5563
30.5137
9.95685
20.9301
35.4651
23.5335
-1.0
29.7227
33.9875
50.5239
-1.0
38.6418
-1.0
36.8695
33.9107
-1.0
-1.0
39.3646
35.9434
47.8344
37.3253
43.6335
15.4661
-1.0
46.6206
33.3016
26.4654
30.5274
51.232
47.0607
44.0644
18.4525
-1.0
31.2158
42.0403
28.7746
44.2615
34.9372
50.5242
17.3656
29.7758
26.0943
-1.0
43.8232
39.1681
50.8268
-1.0
48.5028
49.9283
-1.0
35.3475
52.0062
45.1178
-1.0
48.7366
23.5228
20.519
31.5887
32.956
50.1785
38.5078
-1.0
41.8572
27.8482
7.27992
41.6976
36.7472
43.6915
34.1043
14.646
36.2589
36.9499
28.7763
40.8517
36.7672
-1.0
19.3932
30.4904
48.6569
-1.0
-1.0
50.0344
22.1486
20.6405
41.3269
39.1614
-1.0
48.2316
-1.0
-1.0
19.6208
51.3062
29.6172
12.1369
41.7938
41.2147
34.7051
-1.0
28.6099
44.1173
35.5655
-1.0
22.0606
37.8837
42.7931
42.8847
44.8078
26.443
20.7127
-1.0
49.1528
26.9194
-1.0
36.7533
39.8064
49.0188
51.0714
14.8442
16.3818
50.4834
51.8301
-1.0
44.3453
48.5712
-1.0
42.3307
44.5571
34.6332
38.1386
41.5659
35.3708
51.0716
51.5521
25.1119
-1.0
32.4326
48.365
16.6618
34.7592
-1.0
30.7444
-1.0
49.1809
26.5174
52.1111
29.321
46.5648
31.6378
47.3069
-1.0
36.7538
49.4443
15.0557
35.0656
36.8026
45.7032
36.6364
28.9771
-1.0
42.2373
42.6714
46.7207
42.3646
44.944
43.6592
16.4743
-1.0
30.919
41.5769
15.7875
29.6001
37.3861
50.8759
32.0229
52.0249
-1.0
32.4007
41.2236
21.8028
-1.0
-1.0
-1.0
33.4741
48.8592
28.1507
-1.0
36.9528
44.0021
-1.0
46.328
46.0495
37.7333
48.7987
41.7073
-1.0
50.1568
55.0404
34.1037
25.6009
26.804
38.0136
46.591
22.9661
18.0395
27.3931
-1.0
-1.0
42.1006
39.3454
36.6319
-1.0
33.7017
52.156
49.9964
42.291
56.8495
42.9423
43.6769
38.6683
50.36
19.977
41.8018
-1.0
49.0229
27.4906
41.1316
47.1992
33.2053
31.1225
-1.0
51.7881
37.0377
46.0618
18.5289
45.9839
-1.0
-1.0
13.9011
-1.0
-1.0
-1.0
51.0217
-1.0
44.8733
38.0529
43.7284
37.2467
15.4288
44.4791
39.2049
29.2838
34.2284
46.9978
49.82
42.6034
47.1681
-1.0
48.7436
-1.0
34.7134
-1.0
-1.0
34.8652
46.7817
50.0992
47.1599
-1.0
45.6648
37.7979
49.436
46.5032
50.2669
-1.0
24.8627
48.7277
26.8437
40.2008
-1.0
51.0146
43.706
-1.0
40.9224
17.4382
44.5816
31.755
44.9043
31.7871
36.9836
24.1063
-1.0
50.6862
28.2688
48.7973
50.1896
-1.0
49.5035
28.23
37.1999
-1.0
49.2262
23.0911
36.2633
51.1084
-1.0
27.3932
31.9161
-1.0
44.287
23.6799
45.0537
-1.0
45.125
16.5844
39.6439
42.0409
47.4569
18.6513
15.0422
49.1808
28.9118
-1.0
-1.0
37.5519
50.7387
23.6343
47.9055
31.0286
-1.0
19.6133
47.934
-1.0
29.1954
-1.0
47.7542
42.1126
17.8851
44.9913
28.0345
44.774
30.5691
14.4685
35.2754
22.4785
20.7207
28.5435
51.0878
13.6937
29.5107
32.3116
-1.0
32.4119
22.13
36.3569
50.6745
42.8295
-1.0
16.5875
39.1377
20.9691
23.8952
36.7702
47.0966
-1.0
24.7323
-1.0
-1.0
27.1108
49.5506
45.5568
7.80771
35.2319
27.3191
27.6109
47.4059
17.1145
35.4867
51.2456
45.3974
18.7636
39.9187
41.7611
47.8967
-1.0
47.4888
27.3442
22.5335
42.2794
41.9786
36.1361
35.7025
40.6916
35.6196
-1.0
45.2009
17.7604
37.595
13.9337
33.1288
35.6659
33.4998
43.4005
-1.0
39.6548
32.7028
22.4847
18.5101
45.5351
-1.0
39.4141
-1.0
40.24
32.9757
19.5893
30.4231
23.7692
17.943
47.9939
-1.0
46.2045
51.5628
-1.0
40.4161
28.242
-1.0
49.4786
27.4473
47.9231
44.0212
-1.0
47.9101
-1.0
38.0302
29.2666
22.6664
-1.0
41.1435
36.454
36.7625
39.7635
39.9521
42.3107
52.0381
52.1893
48.0686
-1.0
36.9413
-1.0
44.3602
52.0063
41.6723
49.0241
41.9707
25.6752
-1.0
47.9198
31.1116
49.4023
40.2762
-1.0
-1.0
43.8444
30.8796
-1.0
49.3068
52.277
18.1858
52.2904
-1.0
51.1897
-1.0
39.831
-1.0
25.6796
39.3096
47.1232
45.5822
-1.0
50.4599
51.1978
-1.0
36.4882
-1.0
51.6475
30.3635
38.606
-1.0
30.4697
42.1393
-1.0
39.0992
-1.0
30.6907
-1.0
47.0199
44.252
-1.0
-1.0
-1.0
32.6827
47.0774
39.0308
41.8465
48.5921
29.5684
-1.0
32.6962
20.0041
44.4062
39.2883
44.4944
20.534
40.0799
-1.0
38.3379
27.4052
21.3735
41.9831
-1.0
51.7953
35.851
36.6806
30.4807
37.2397
35.2773
29.6363
30.5836
43.4742
48.2439
39.5002
46.0888
29.9681
19.9618
45.4464
28.8158
35.8926
-1.0
42.8566
38.4322
49.2668
39.5664
50.0619
33.7639
49.4994
36.7608
-1.0
-1.0
33.4581
40.9969
-1.0
41.5413
44.0489
48.9889
35.1991
19.1714
31.4013
50.9742
-1.0
15.1133
46.6119
27.6053
38.577
43.0183
50.3595
37.2372
37.2288
33.091
41.0451
19.8514
42.6669
18.346
51.3465
-1.0
13.4741
7.12592
39.1445
39.4717
36.561
-1.0
45.2143
44.7603
34.8158
50.8263
-1.0
-1.0
28.6261
41.4291
11.542
38.8905
35.0619
32.7321
48.4611
48.7794
30.2619
26.7978
-1.0
-1.0
24.7307
43.5779
26.984
-1.0
-1.0
40.7546
40.2633
32.5715
-1.0
34.301
-1.0
-1.0
46.4705
-1.0
43.7137
50.0285
50.7489
48.0226
28.2719
46.6893
41.5695
26.1499
16.1607
44.0972
29.6527
34.9205
52.2854
-1.0
-1.0
51.9502
20.2918
16.1283
38.8739
-1.0
-1.0
21.3598
34.247
28.3511
34.1365
29.4128
50.0114
36.2401
29.0161
51.84
20.6808
48.3519
45.4124
25.4635
50.936
40.9333
-1.0
41.1069
-1.0
28.8592
41.0774
52.6583
18.9625
52.1486
-1.0
22.9007
26.2295
45.9351
40.8765
30.7177
33.442
51.2775
26.9219
42.1059
40.6658
-1.0
17.0658
28.219
-1.0
19.9004
44.2219
38.6493
41.5389
-1.0
45.2913
48.4954
-1.0
42.0383
48.4678
-1.0
49.922
-1.0
36.2933
40.3457
40.6484
43.885
-1.0
-1.0
29.6278
-1.0
39.8796
44.0057
32.719
41.2494
33.5
45.8685
-1.0
42.6204
43.5876
48.0091
48.5005
29.5795
39.8085
35.8755
51.2278
50.2307
30.1306
32.4737
49.3802
34.0985
26.2922
26.6919
-1.0
39.3314
46.5275
26.096
28.9268
26.3212
-1.0
50.6271
30.511
47.1483
-1.0
42.6467
49.7068
-1.0
40.0828
37.7427
-1.0
31.1788
19.7027
37.7876
-1.0
29.2997
27.516
50.474
40.6549
35.3603
41.9549
45.2211
-1.0
-1.0
-1.0
39.0581
46.6726
48.0558
49.6993
-1.0
-1.0
40.8499
40.966
-1.0
35.7503
49.761
26.9297
40.1728
43.9183
-1.0
36.0111
30.2701
20.5614
19.371
30.5896
49.7172
45.0279
47.1375
33.003
38.4931
49.7837
48.5691
40.1235
34.863
28.8056
-1.0
-1.0
-1.0
-1.0
42.9287
52.2582
-1.0
-1.0
38.0668
24.3147
37.4291
46.7808
-1.0
42.9869
45.1407
40.7375
24.0724
31.3587
34.2052
-1.0
44.0988
38.2157
51.7669
-1.0
35.0749
25.4721
-1.0
-1.0
51.9845
-1.0
16.4896
45.0736
45.908
50.0018
18.1501
33.1018
18.4413
44.4914
36.7567
-1.0
17.801
-1.0
40.5725
29.5349
23.497
-1.0
49.7306
28.6321
31.4023
49.6369
27.3716
18.6977
43.8989
41.2425
42.0662
-1.0
43.8232
-1.0
-1.0
-1.0
22.4808
-1.0
48.1665
36.9638
35.7044
48.4664
46.0524
51.815
-1.0
36.3138
-1.0
28.4989
29.5175
33.6091
17.8449
-1.0
51.5871
46.8987
28.0025
-1.0
-1.0
-1.0
14.7592
-1.0
42.7571
46.4337
38.7787
47.3319
37.0934
39.0425
29.2735
44.6896
36.1599
30.8848
12.5598
-1.0
29.5547
33.7494
35.7763
-1.0
44.0029
42.3241
-1.0
-1.0
50.8961
45.4922
34.1287
-1.0
27.1241
13.7807
35.104
31.3389
35.153
49.723
25.2513
38.2277
-1.0
-1.0
44.5464
-1.0
27.2396
46.4782
38.6586
45.1046
-1.0
-1.0
-1.0
35.9207
39.548
41.8706
45.6573
38.5165
48.9191
44.7763
26.2052
39.5428
50.6461
-1.0
33.2638
43.1928
45.3791
-1.0
26.3167
26.0375
36.1702
48.6257
33.6552
28.839
-1.0
30.3014
36.7876
-1.0
-1.0
-1.0
36.9451
34.113
29.605
-1.0
34.2804
28.7047
23.1232
52.2215
51.5896
45.3744
34.915
-1.0
29.958
-1.0
35.446
47.5539
-1.0
48.6095
38.3886
-1.0
14.5349
-1.0
31.9806
48.7365
27.0045
50.6137
-1.0
27.9656
48.2809
33.3832
34.5842
32.3445
46.983
35.8514
35.698
48.6578
31.8415
20.0872
9.67485
37.7656
35.9419
-1.0
46.0988
40.3299
38.3555
-1.0
18.1352
-1.0
41.7606
30.6968
12.6048
-1.0
23.1977
29.7059
44.1672
50.7931
-1.0
51.5359
54.845
38.3665
43.2607
47.0162
45.2787
-1.0
44.0861
29.0672
30.6681
20.2966
-1.0
43.023
34.5384
16.852
29.2153
-1.0
49.3065
45.0973
30.9223
43.094
48.1596
44.8021
40.1663
44.3897
23.5039
20.6016
36.0531
50.7408
41.5834
-1.0
40.5035
36.5607
35.61
26.4753
28.3856
28.2464
26.6031
51.7559
31.3154
50.4216
52.0459
-1.0
45.9492
42.7031
-1.0
23.3603
49.6949
47.9172
48.2716
26.4945
50.9753
38.7758
35.5856
40.115
29.1849
32.986
41.6822
42.6576
-1.0
-1.0
30.6214
42.3466
43.6787
32.1012
34.7646
31.3265
7.03198
46.4736
43.1607
5.99104
-1.0
-1.0
34.1131
47.2242
47.639
46.8704
47.0719
51.2492
20.7812
-1.0
-1.0
41.4369
46.8917
24.212
38.3143
11.2462
-1.0
-1.0
-1.0
24.1069
48.5412
50.8339
-1.0
42.3962
46.5409
15.2549
30.5295
36.6163
51.5432
51.7293
-1.0
38.3975
-1.0
46.8665
42.6677
26.83
38.805
42.6934
45.0122
20.3251
29.7587
41.7128
24.1936
26.9194
20.9301
18.7022
31.5178
9.09386
-1.0
23.7293
41.9619
45.6867
52.258
-1.0
39.9996
28.5193
-1.0
-1.0
30.6296
45.9298
-1.0
29.1653
47.2978
40.0537
52.4602
50.0122
46.1179
51.1342
-1.0
40.7257
-1.0
45.2394
40.7208
-1.0
44.5249
16.4374
46.0234
48.9242
22.048
-1.0
48.9624
46.2573
-1.0
30.5169
50.8542
42.964
21.831
14.2202
41.2745
43.8929
38.2607
23.3963
40.6757
-1.0
40.4078
41.3216
-1.0
37.0285
23.1328
20.145
44.3752
-1.0
-1.0
15.3977
24.1576
51.6464
20.4849
47.4653
47.0584
39.9095
-1.0
39.0569
29.6194
44.1673
-1.0
37.0834
45.1185
35.0196
43.1142
42.5651
-1.0
-1.0
46.6916
30.4396
34.9751
47.3439
41.0032
-1.0
36.8873
43.6523
16.7276
24.0384
49.1874
48.9477
44.3753
38.1181
45.2683
6.49708
-1.0
41.7909
46.5378
16.0065
6.74251
28.0388
39.3493
42.3439
-1.0
41.9589
24.8407
-1.0
33.9009
24.493
24.8117
30.9373
23.8076
-1.0
-1.0
-1.0
-1.0
23.8472
50.0788
41.2912
44.393
-1.0
41.3295
41.7668
43.1902
-1.0
-1.0
28.5683
21.7763
-1.0
17.5636
39.6975
-1.0
29.4191
41.8097
39.7892
25.5114
41.983
30.6672
-1.0
-1.0
15.3887
49.1553
48.1474
-1.0
-1.0
38.5563
44.5592
28.9065
-1.0
28.009
36.9126
30.0334
34.0694
-1.0
20.7789
30.3613
51.5752
43.9042
31.1179
35.2135
22.1244
31.3384
-1.0
35.7824
-1.0
38.3458
15.7895
46.4805
22.1001
40.5961
46.4424
43.5759
32.1891
13.3951
24.7979
21.6263
21.6467
-1.0
37.9864
38.43
-1.0
40.6657
33.0164
44.686
40.9983
-1.0
43.8135
21.1678
44.7259
46.8773
42.5136
52.1243
21.9369
48.9998
-1.0
35.7931
22.8599
29.1995
29.2971
44.1249
39.7709
-1.0
29.3935
43.7555
45.4453
46.6634
-1.0
-1.0
46.7243
46.7751
39.3049
41.4302
39.6866
35.024
40.5046
39.6622
44.4787
34.9952
34.8447
45.8649
46.9185
46.4751
21.473
-1.0
-1.0
43.5191
48.6519
50.619
-1.0
49.482
-1.0
18.4325
-1.0
40.0862
37.5733
43.9765
44.7108
27.76
-1.0
47.7451
-1.0
52.0816
34.5585
-1.0
40.0845
41.0195
35.0695
49.5061
46.481
36.7172
33.0572
46.3679
33.896
39.5029
18.3915
38.5229
-1.0
46.5187
33.1414
-1.0
28.0967
8.7273
40.277
-1.0
32.8689
-1.0
16.1403
22.4272
50.8374
39.5335
29.9403
39.7659
40.7254
49.4429
27.7751
38.4536
43.3282
46.2842
49.2465
-1.0
-1.0
-1.0
50.8298
32.14
-1.0
33.4059
20.4676
37.5738
24.5239
24.9789
39.8637
-1.0
-1.0
33.378
-1.0
51.2909
46.3587
48.9998
27.005
34.4432
-1.0
51.1698
-1.0
35.5494
39.448
16.3551
31.3751
-1.0
-1.0
-1.0
49.7778
-1.0
35.6338
44.7305
39.509
32.945
21.1919
-1.0
38.6657
29.836
21.1404
38.3931
48.8888
33.4089
39.8581
30.3852
48.0095
16.5189
29.7596
25.2132
-1.0
47.5032
43.9785
18.1404
32.0679
45.0994
39.7469
38.2097
50.6883
19.844
-1.0
41.6855
30.9457
39.3955
26.935
50.0249
28.6816
-1.0
-1.0
53.4171
29.3067
15.9502
44.2341
-1.0
49.3998
23.4071
-1.0
50.8803
36.4276
41.7461
-1.0
36.8889
43.3158
-1.0
51.722
49.49
34.3734
-1.0
-1.0
36.7809
40.4251
-1.0
48.7995
43.3076
28.908
41.0592
-1.0
30.6579
26.2008
48.9504
23.455
11.4962
51.3879
21.0351
-1.0
50.1651
32.5925
6.81949
36.9914
43.9775
42.4319
23.4796
35.5205
-1.0
-1.0
27.1984
-1.0
47.9477
-1.0
27.0925
46.6702
-1.0
-1.0
-1.0
32.103
41.2639
29.3248
25.4822
10.6002
46.8021
41.5211
32.7795
-1.0
43.515
42.7969
36.2302
-1.0
54.8046
-1.0
23.0885
49.7286
36.8416
48.0671
-1.0
45.8818
38.0091
-1.0
29.4346
46.1096
41.2251
48.5216
-1.0
-1.0
-1.0
46.3317
25.0706
41.7694
42.124
31.3433
-1.0
45.9063
36.0489
-1.0
35.8149
20.0984
-1.0
36.7901
27.2256
32.6451
40.5167
39.0653
35.0042
45.9278
17.6558
-1.0
51.5901
39.9001
20.5011
28.5752
44.3513
-1.0
17.9289
-1.0
-1.0
45.0686
-1.0
35.0467
31.0003
37.8668
48.1199
28.1837
41.4611
42.1316
41.137
-1.0
50.4475
-1.0
14.6964
47.1626
14.088
32.7885
31.5109
-1.0
47.1635
23.2685
49.7551
35.5787
43.3828
36.625
35.4449
40.0524
45.8741
-1.0
24.691
34.414
-1.0
17.8367
-1.0
31.3801
45.8785
-1.0
46.9639
35.5375
-1.0
38.3242
34.2348
50.059
40.8479
28.2628
45.0725
22.0425
10.6971
24.7943
43.7679
41.3256
-1.0
49.9384
14.0698
-1.0
-1.0
39.7965
23.833
43.9902
-1.0
46.6116
-1.0
40.0812
18.1404
46.6518
14.0525
-1.0
45.988
38.8403
41.3137
28.0219
40.5639
50.1998
48.2909
45.8482
49.5861
-1.0
-1.0
-1.0
-1.0
35.6557
18.3615
51.1069
21.8043
33.171
36.1349
28.8073
52.0514
28.5953
41.0574
32.2517
31.9995
49.3228
52.0272
51.691
36.0973
40.9444
28.9458
27.776
22.834
39.2777
41.3261
32.7125
30.7237
-1.0
42.5426
23.9452
-1.0
30.741
29.0103
37.856
26.2832
45.2607
43.5505
-1.0
24.8998
52.3125
46.4783
-1.0
-1.0
22.6897
31.0151
51.2516
14.1123
8.72447
42.7733
-1.0
37.8163
22.2955
33.5511
-1.0
46.2004
46.3572
-1.0
42.1337
30.891
18.2542
-1.0
-1.0
39.5263
45.6018
42.6046
43.1548
51.75
37.1896
27.0532
32.6633
40.4817
47.9733
45.2276
38.424
28.5887
24.6948
26.3747
25.0938
37.6432
48.5342
20.3517
-1.0
-1.0
-1.0
46.5729
29.4956
-1.0
34.9494
42.9507
39.2307
12.9719
48.8306
37.0441
32.9468
44.916
50.8419
34.0352
42.6596
37.9986
37.9746
43.5872
-1.0
31.2256
38.2404
-1.0
-1.0
36.3827
43.9894
27.9165
39.0038
25.2799
48.9677
-1.0
38.6979
34.4409
46.3058
33.2777
13.1125
35.398
41.4644
39.0764
-1.0
41.8792
26.2994
-1.0
43.7812
33.033
43.9471
-1.0
48.7698
28.9928
37.0431
45.8551
-1.0
-1.0
48.5592
49.0505
29.682
37.3334
39.83
43.1002
-1.0
9.12901
39.5402
24.0865
42.3115
18.7731
40.5924
23.0337
-1.0
51.3985
45.1897
11.5845
24.0148
-1.0
44.2004
15.832
42.3526
29.7886
-1.0
32.4553
49.9325
36.8883
51.8038
16.2459
50.1448
18.3584
-1.0
50.0756
37.6468
33.2369
40.994
39.7058
-1.0
-1.0
-1.0
45.3525
53.0264
-1.0
46.7763
-1.0
18.2473
52.264
-1.0
24.5707
-1.0
43.2523
33.2137
25.9665
25.526
40.5377
-1.0
23.1832
40.809
38.9421
27.9979
36.836
43.5
40.8426
-1.0
42.4682
43.5086
39.6723
-1.0
13.6669
44.8705
33.6967
-1.0
47.5921
-1.0
-1.0
48.2395
43.5411
38.2055
45.4012
50.1243
15.0688
34.8725
33.4289
48.6277
47.7348
44.057
42.9748
-1.0
43.9449
-1.0
14.1769
29.0369
-1.0
24.3365
52.1096
29.5898
42.8724
40.9559
48.4418
-1.0
40.1133
45.8295
-1.0
38.1615
51.447
48.4457
-1.0
-1.0
36.2933
40.1455
-1.0
51.5014
-1.0
49.0847
43.9993
43.1593
46.0214
44.9943
47.2255
38.7383
56.6345
13.5957
36.4222
27.6782
43.1163
-1.0
18.9066
30.3956
25.5418
51.3791
-1.0
43.3062
41.4659
16.0978
50.3382
51.5825
-1.0
-1.0
38.5701
-1.0
39.0176
30.0763
20.572
54.265
37.3145
42.3686
-1.0
-1.0
-1.0
39.0078
22.5969
44.277
43.5721
49.7691
51.5295
-1.0
-1.0
41.4328
24.1408
29.7014
48.0407
-1.0
50.1828
47.3993
38.0532
23.8879
-1.0
48.6935
33.1015
18.3504
-1.0
-1.0
31.0695
-1.0
56.1084
-1.0
43.2507
37.2764
46.0237
31.0358
27.1773
51.0489
12.008
50.0834
47.1565
-1.0
44.8224
46.9895
-1.0
43.0759
-1.0
25.1636
49.4925
45.9843
19.3927
45.3552
47.3177
29.8245
51.0592
29.6828
39.0943
39.2916
10.4849
-1.0
-1.0
-1.0
42.2208
-1.0
31.5342
-1.0
37.0207
35.4745
33.8575
26.6082
49.7243
31.8333
42.7416
37.1882
49.8887
40.4299
32.3714
-1.0
39.9691
24.3874
-1.0
-1.0
-1.0
-1.0
51.3663
-1.0
50.5728
43.5747
47.8257
37.7021
-1.0
40.8439
35.0236
34.202
24.2972
31.3316
-1.0
14.1294
6.36128
41.9081
48.2407
-1.0
-1.0
-1.0
47.1086
-1.0
37.3433
-1.0
43.906
45.7827
35.4001
21.2872
41.3774
31.6181
-1.0
36.3374
-1.0
34.068
50.51
48.3809
46.7879
-1.0
39.8698
38.1722
30.8395
16.5923
-1.0
29.3703
44.3699
14.6435
38.5421
51.859
14.7843
51.6405
43.4459
26.7778
11.378
29.3774
50.9725
-1.0
22.84
49.7032
14.1536
-1.0
17.358
-1.0
41.7328
47.3788
-1.0
22.1238
38.8647
43.3342
50.3284
-1.0
-1.0
32.7668
30.6065
50.5662
21.2771
25.3775
42.0745
40.3385
20.3519
33.683
43.0954
42.2232
33.4368
-1.0
49.7341
51.5618
50.6254
35.1828
43.0381
46.4974
37.1083
-1.0
18.3695
43.9104
24.5375
23.4592
-1.0
41.4148
39.5687
40.5434
21.7263
-1.0
43.0787
40.4291
35.7544
30.4817
-1.0
17.0677
22.5877
-1.0
25.0553
27.1157
33.2815
13.844
28.6921
-1.0
33.1514
37.5836
20.5433
25.0135
42.6178
28.8217
40.7313
30.6894
33.6617
35.9431
37.2842
44.829
32.8607
28.6085
45.3831
-1.0
45.046
41.979
43.9894
39.3992
43.6972
40.6229
20.3469
35.8666
11.1714
29.7253
33.1975
48.3873
28.1067
50.1147
-1.0
47.6823
39.0978
42.3119
-1.0
52.1762
49.08
30.8881
35.9296
-1.0
20.3015
33.1703
26.3744
-1.0
39.9018
48.3246
35.5279
42.4024
48.5953
23.6774
43.793
29.3118
-1.0
-1.0
36.383
44.1939
-1.0
-1.0
37.648
41.636
25.1207
-1.0
-1.0
-1.0
-1.0
41.4402
40.1182
-1.0
-1.0
36.8339
-1.0
44.1559
41.1647
50.5677
51.4717
-1.0
21.9363
33.3292
46.8928
39.0557
34.0189
42.0757
51.0703
30.5242
35.3396
35.2167
39.276
43.0112
29.8774
25.16
-1.0
-1.0
41.4427
39.5257
-1.0
51.8403
36.2284
12.0545
46.0435
47.7024
18.8357
16.5802
-1.0
24.4829
51.4631
-1.0
37.4121
40.6688
-1.0
42.9295
37.4782
24.9817
19.3386
27.0112
24.7962
40.6984
-1.0
-1.0
39.0092
-1.0
44.8322
50.4064
14.0774
-1.0
40.799
47.9828
22.8181
51.671
-1.0
36.9932
50.3545
-1.0
-1.0
51.7165
-1.0
45.3899
48.9056
-1.0
11.8389
-1.0
44.8007
50.5136
-1.0
41.9622
51.7407
39.0261
43.2321
43.6342
40.0143
51.4418
50.9453
40.6774
20.4248
38.2344
29.4871
-1.0
39.7021
27.6047
37.5779
49.3773
40.6044
29.699
35.4157
28.2402
-1.0
-1.0
41.2101
-1.0
-1.0
30.5868
31.2942
31.0638
35.2523
33.5273
-1.0
-1.0
-1.0
41.4917
33.0885
28.3537
-1.0
45.9725
48.8004
43.2115
39.4764
-1.0
-1.0
46.9265
-1.0
47.6309
35.5639
36.114
40.6078
47.6927
27.1656
-1.0
17.4661
-1.0
33.4428
30.7892
21.001
-1.0
44.7442
43.4249
45.3249
43.7544
-1.0
42.446
33.4414
-1.0
47.0956
4.43005
43.6601
24.6107
14.2435
22.3126
-1.0
39.4408
28.6508
50.0352
38.0372
27.7613
31.0383
35.947
34.7485
18.5488
-1.0
44.1388
51.9842
10.3195
34.2718
46.2163
36.3018
-1.0
51.6648
-1.0
47.8221
42.8505
43.4496
17.0684
42.0956
44.6501
31.5035
-1.0
-1.0
42.3961
-1.0
51.7073
24.9692
29.1842
46.5623
25.5731
25.1333
44.0028
40.8118
-1.0
50.9256
45.4651
28.4314
-1.0
19.2485
37.765
51.0698
12.283
34.8433
43.3631
40.8375
-1.0
21.9119
-1.0
20.6701
32.277
44.1238
32.8059
-1.0
49.7021
27.086
-1.0
17.3085
52.2724
32.2349
14.2828
17.9246
51.6991
36.7271
47.8001
21.9847
34.7174
43.7491
34.6311
43.0307
9.72343
9.4242
35.6206
-1.0
39.8101
-1.0
-1.0
-1.0
-1.0
50.7325
45.534
-1.0
36.0891
49.2586
-1.0
30.848
-1.0
36.8926
50.1087
-1.0
40.7002
20.628
29.3469
40.8938
25.6852
44.246
44.0199
22.2336
45.6511
31.9268
30.7266
30.3502
29.8654
-1.0
38.319
49.5274
-1.0
45.2965
46.4637
-1.0
28.3676
-1.0
21.4921
36.1344
44.8084
25.079
-1.0
34.6232
-1.0
31.1473
36.6276
46.1274
38.3925
28.104
19.5111
7.87298
21.329
46.9406
-1.0
45.064
15.7589
39.9201
22.857
35.283
33.9016
-1.0
32.4981
41.4492
41.593
-1.0
20.6184
32.6801
44.7784
48.2692
51.5584
28.756
48.1989
-1.0
-1.0
48.5187
24.6388
48.4628
12.5682
35.6045
47.3619
22.7676
37.2841
-1.0
40.4865
37.8442
43.609
32.1485
44.4375
34.9806
25.2726
46.9493
36.4992
-1.0
-1.0
-1.0
31.3123
-1.0
26.1281
51.9639
48.7245
-1.0
38.1894
36.6379
27.7577
21.4159
-1.0
51.0005
31.1458
24.7758
38.4702
-1.0
26.7146
47.001
16.4314
23.6559
31.6434
24.4913
31.3951
12.9506
36.1005
-1.0
39.4287
48.8039
-1.0
46.6494
29.1891
16.3285
49.6001
53.568
28.4779
39.6422
36.1481
-1.0
13.5248
14.5679
44.7514
-1.0
52.2912
48.7759
-1.0
46.0596
16.1581
47.347
38.6861
51.6294
36.687
46.118
39.4047
49.4292
-1.0
38.9415
36.328
44.6396
27.7723
36.641
40.9329
24.7838
31.1029
-1.0
49.7142
-1.0
44.5321
42.4663
27.1052
51.8352
46.9301
44.1311
47.7517
40.8099
47.3454
40.5248
48.9855
18.2683
36.3197
46.5911
18.9143
40.1283
21.9653
36.2114
-1.0
37.3894
13.5744
29.509
50.2517
42.3089
35.8459
17.2534
54.0287
-1.0
45.1275
-1.0
15.7037
34.2678
36.6913
51.8571
26.174
41.4157
-1.0
42.3855
49.3537
-1.0
-1.0
42.4551
50.1737
15.0028
26.3343
40.6916
42.3754
37.7795
-1.0
39.8757
48.5888
27.2691
33.5426
50.0271
21.8888
13.9714
48.6956
44.2037
49.002
35.7112
43.4519
38.4916
-1.0
42.3971
26.7811
-1.0
34.4821
-1.0
33.6405
27.1991
-1.0
-1.0
46.532
23.8441
20.1475
-1.0
49.7293
11.7468
37.6817
13.666
-1.0
39.491
42.8694
33.6339
23.7379
50.4206
44.6246
49.42
43.6642
-1.0
26.9004
-1.0
34.3106
46.9051
34.1912
-1.0
49.9031
16.4807
24.1479
39.9479
36.0782
44.0383
39.8895
24.2195
50.8229
51.3982
29.1392
28.8241
42.3145
44.5275
-1.0
42.3231
40.1446
44.4791
-1.0
9.0377
19.6317
39.1742
40.5414
51.6051
-1.0
30.3296
34.0282
18.8773
38.482
30.2541
31.4906
-1.0
30.3554
-1.0
34.7464
-1.0
41.4637
50.4519
46.886
-1.0
52.083
10.1434
37.5129
46.9068
-1.0
29.8804
49.3314
-1.0
36.111
32.8055
40.2741
-1.0
32.3764
28.4138
39.8047
-1.0
40.0639
-1.0
39.7545
37.1615
16.5905
-1.0
44.7977
41.4709
49.9538
-1.0
43.3041
42.3419
14.1044
43.5011
33.1097
44.6799
46.4625
38.2462
33.4546
48.3179
50.5849
12.2854
36.216
47.0774
24.1294
42.7132
19.1872
46.0728
-1.0
11.4732
25.4491
40.1733
-1.0
46.6227
47.5009
-1.0
16.8821
-1.0
29.2285
32.4133
39.5636
33.2967
26.3713
17.8532
28.0543
41.5259
44.0539
25.3104
33.6492
51.4787
37.3935
31.4298
43.4625
40.7723
-1.0
35.1847
-1.0
40.9558
-1.0
-1.0
37.8399
41.5734
47.3198
49.2777
44.303
-1.0
26.7668
-1.0
-1.0
39.8037
23.2465
40.6812
-1.0
31.0743
49.4025
-1.0
9.56472
38.3576
42.7592
15.0027
49.5852
46.7899
24.8088
52.1955
-1.0
49.9639
-1.0
44.9417
30.8938
-1.0
35.4558
39.0819
42.1349
45.5123
-1.0
34.4134
45.1122
49.2559
44.6302
-1.0
50.4953
-1.0
-1.0
50.3373
43.0923
-1.0
-1.0
19.1839
35.9139
36.924
51.5881
50.8179
29.7104
5.78085
-1.0
26.9464
30.2188
28.5342
10.1048
20.1577
49.5608
39.7053
52.1721
-1.0
-1.0
25.9451
49.2332
-1.0
28.4383
45.6361
26.7829
47.8963
52.1883
48.7666
31.3137
46.5752
47.0816
41.2874
41.2169
30.1792
38.7862
22.9269
-1.0
32.8363
23.1251
32.5049
31.7889
-1.0
-1.0
-1.0
34.073
50.9468
51.1739
51.6293
30.2296
51.4387
23.0644
15.7751
-1.0
50.9945
-1.0
21.5221
-1.0
49.6443
49.0502
35.9087
30.5495
43.2863
44.8675
51.8354
36.5753
47.5209
-1.0
34.9346
22.2928
17.8406
48.6668
36.8055
20.1765
38.5579
50.474
43.5878
18.7295
42.5362
-1.0
45.3374
29.0088
52.0487
42.3809
40.0272
33.1903
-1.0
-1.0
-1.0
50.3394
46.2498
34.4947
47.1302
14.4053
41.1784
32.8784
27.3838
29.6464
50.8992
-1.0
32.8235
35.5152
26.1922
-1.0
44.4095
36.8884
15.5392
40.2443
51.9252
49.801
34.2537
-1.0
44.3614
41.7289
43.9982
-1.0
39.1207
38.5086
45.7632
-1.0
51.9958
29.4596
36.7941
-1.0
28.3214
45.5526
-1.0
-1.0
50.1821
18.6752
50.6626
-1.0
30.8426
-1.0
46.2109
38.8084
40.7543
23.8847
-1.0
47.3398
30.2315
39.8382
33.3231
-1.0
34.0934
20.4656
38.2859
-1.0
38.9734
-1.0
-1.0
-1.0
49.1276
38.5243
34.0198
44.9397
22.8476
-1.0
-1.0
50.7002
52.1677
27.723
32.5886
39.1727
-1.0
40.354
-1.0
43.7143
43.3077
39.6627
29.6139
-1.0
22.4614
26.4857
40.8031
43.304
44.6882
45.3742
36.0492
43.8665
38.544
43.1912
49.0179
43.2608
41.6345
19.0357
46.3394
33.6894
44.7783
10.5048
43.0152
-1.0
-1.0
46.8752
-1.0
43.5765
-1.0
33.9009
26.9173
36.6005
-1.0
33.1963
44.6926
47.6813
20.1736
52.1224
50.9657
50.8745
-1.0
-1.0
51.7646
-1.0
-1.0
25.9977
32.6891
39.453
48.0573
27.9136
46.8149
41.8694
48.8547
39.7184
50.712
37.2537
12.7085
50.5665
-1.0
-1.0
46.5364
23.0311
41.6475
23.3212
48.6173
44.9219
-1.0
41.4228
36.1511
28.343
-1.0
42.3961
47.5305
31.9859
37.6247
31.9139
40.248
7.94743
50.2669
-1.0
39.0178
49.0793
48.2846
37.7218
30.0696
56.0034
33.5748
43.0786
40.7292
50.3233
32.5502
45.1166
13.5875
11.7204
49.5973
-1.0
-1.0
-1.0
51.5537
37.0637
37.9375
42.6272
50.2619
45.209
50.4707
29.7875
38.1508
41.8088
36.572
21.03
10.9678
26.7888
29.7659
42.028
41.071
42.0935
26.0571
55.4451
40.0152
47.8494
50.3043
29.8158
37.7336
46.3844
-1.0
-1.0
27.4915
-1.0
38.1706
-1.0
44.1512
46.9368
30.604
37.0122
47.9428
14.4686
43.6778
51.4732
33.3733
-1.0
49.355
-1.0
36.8878
40.8772
38.0535
35.1834
-1.0
51.9615
29.1108
50.4673
26.9386
-1.0
44.9851
50.1556
-1.0
17.0379
43.8299
49.8234
18.265
47.0127
28.7325
15.7505
-1.0
-1.0
42.4381
20.9135
46.8763
52.1481
34.8913
-1.0
40.0249
42.1965
-1.0
46.6795
-1.0
41.0974
22.8777
27.0496
13.3297
16.0977
14.8322
40.3104
24.9162
46.6046
49.3181
-1.0
25.0095
30.288
33.7953
40.0733
35.513
25.8147
39.2034
9.18599
37.3406
38.8228
-1.0
-1.0
30.5593
18.656
41.893
41.2695
34.8374
29.0412
-1.0
36.1923
40.5339
49.1992
46.2827
50.7821
52.2666
44.3817
50.7215
52.7059
-1.0
49.3142
-1.0
-1.0
51.6343
-1.0
20.7892
25.8684
46.6147
41.1136
47.1664
46.6489
49.4348
16.2863
-1.0
50.3123
30.7692
27.9744
39.2616
-1.0
46.603
50.3539
-1.0
41.4935
26.6296
-1.0
45.9376
33.0227
33.7858
43.7738
51.9427
40.4935
28.6094
33.9868
20.159
26.8376
22.36
-1.0
19.6907
-1.0
37.3525
33.6688
26.0815
51.471
44.6245
50.6307
47.3096
-1.0
26.7551
18.5586
40.9958
49.7595
-1.0
-1.0
20.2826
40.4157
-1.0
22.378
15.9008
22.7807
-1.0
47.8901
29.411
34.6684
38.0824
-1.0
43.885
-1.0
-1.0
35.3366
27.3185
43.3131
51.3308
43.8786
38.8121
47.3156
51.5727
45.4247
42.7204
35.6105
37.5797
41.2386
46.3631
51.0415
25.927
48.8977
31.3423
14.7403
33.5658
44.9634
36.2258
-1.0
51.9039
-1.0
48.0649
48.3876
-1.0
19.9826
51.487
44.1656
16.0478
18.5853
51.531
-1.0
31.2908
45.3013
23.2075
31.4939
18.749
11.4628
29.5372
29.2115
31.9627
13.7128
43.9724
30.1414
-1.0
17.4826
-1.0
47.4708
19.8452
37.8414
49.0322
-1.0
-1.0
-1.0
-1.0
13.4385
-1.0
-1.0
35.2523
31.76
16.8198
-1.0
26.9417
-1.0
32.4376
-1.0
48.3504
39.4119
38.1693
49.8367
-1.0
50.8807
14.7233
-1.0
-1.0
20.2247
35.4669
-1.0
37.3955
38.3676
48.7059
51.4529
48.6961
47.4064
-1.0
-1.0
35.7499
31.2698
21.0178
27.7761
39.4651
26.4753
35.726
50.6068
-1.0
38.1859
41.3963
44.0388
44.6262
43.5268
-1.0
-1.0
10.1611
41.3965
39.3246
-1.0
40.1816
-1.0
29.3729
38.8344
31.658
20.6038
47.2174
49.42
20.2193
46.6902
42.553
24.7556
30.2542
47.3239
48.105
-1.0
26.998
32.4694
-1.0
46.4329
18.6156
31.223
-1.0
-1.0
23.5409
26.0715
47.2841
20.7676
28.1631
48.3214
44.0128
42.1241
42.3865
51.7648
33.8147
46.4402
48.8331
39.4845
-1.0
37.0363
-1.0
14.7855
-1.0
49.0279
41.7872
23.0153
-1.0
19.8827
-1.0
-1.0
49.9703
31.9629
33.4183
18.3206
25.8951
46.2792
41.7013
51.1893
47.3424
48.0753
39.9456
30.3861
33.7213
26.5878
36.2845
37.3188
51.5868
-1.0
-1.0
41.9265
29.5208
50.4695
43.769
-1.0
50.0016
21.1433
-1.0
-1.0
-1.0
50.0616
-1.0
34.6833
33.9888
8.87469
20.2281
33.2162
19.2158
50.4351
46.732
37.5378
20.6788
51.8459
40.6438
49.5082
23.757
34.8203
50.2338
-1.0
44.2269
50.3201
19.0836
51.8206
16.6989
-1.0
52.1283
31.9651
32.1232
36.6892
38.3965
35.6637
34.4906
35.6505
47.7582
-1.0
27.4744
29.2441
44.6546
50.1759
45.0321
47.5835
48.1514
18.5681
43.6812
22.8682
22.2756
30.0229
29.6248
41.2043
-1.0
20.5727
25.6349
45.7929
-1.0
48.6518
23.2219
51.1779
18.1898
25.0725
-1.0
48.9574
56.3459
44.1035
39.5491
38.6391
42.3958
49.6573
-1.0
29.7063
34.3098
-1.0
50.8425
41.1863
-1.0
36.7112
39.0016
18.5425
19.887
36.596
-1.0
52.1717
-1.0
-1.0
38.3879
49.4082
35.4438
18.6375
-1.0
45.363
35.1068
50.4692
49.2476
-1.0
28.8287
-1.0
43.0584
30.8976
43.9844
29.9904
-1.0
25.2569
45.5489
42.4716
25.9017
-1.0
44.662
-1.0
33.1905
39.2025
-1.0
31.508
43.8613
43.0436
29.3251
-1.0
48.7363
25.3817
39.2375
32.923
-1.0
28.44
25.3245
44.2701
42.4624
48.4182
-1.0
-1.0
41.4138
25.7501
-1.0
31.7901
49.732
30.3494
42.7109
-1.0
34.5029
47.4554
29.6737
-1.0
51.5146
49.1657
45.0091
42.5654
35.4925
51.735
-1.0
23.5675
36.5463
-1.0
43.2108
22.2826
23.3286
10.1157
48.8783
49.6085
23.4868
-1.0
-1.0
-1.0
44.3447
48.7306
47.7979
-1.0
51.5279
24.2028
40.1539
52.263
25.7727
-1.0
19.1712
24.8629
-1.0
-1.0
31.2117
38.392
41.3357
-1.0
38.3019
-1.0
30.8094
42.2248
13.0659
44.3435
45.5891
42.9127
34.7658
34.1182
34.9715
39.2144
30.004
23.6231
44.1393
45.4947
-1.0
45.2727
49.9136
37.7513
20.3216
46.1184
38.1539
28.0582
31.8671
28.7234
30.5176
-1.0
-1.0
25.48
34.4248
17.7341
44.4206
41.8104
33.6663
50.3745
-1.0
-1.0
-1.0
22.216
-1.0
40.0636
-1.0
-1.0
-1.0
-1.0
25.1839
28.8016
43.6915
39.0622
44.4032
40.3511
45.1051
43.8535
-1.0
-1.0
35.1906
36.8173
37.8148
12.7569
-1.0
46.0476
23.2677
42.2252
15.8038
33.1742
13.5787
51.7414
-1.0
22.8777
22.0784
25.4019
49.743
-1.0
29.5291
40.9643
44.8443
22.7663
44.2918
27.8071
44.844
43.4748
24.5625
18.1043
44.6716
36.8966
-1.0
45.2691
46.6992
22.6463
33.6714
-1.0
35.9514
39.2161
36.4481
42.5559
36.0516
25.4175
31.728
42.407
19.6342
38.3336
34.0758
10.189
36.7552
29.3406
-1.0
33.1972
20.393
32.1476
50.5826
34.5036
12.6608
41.0068
32.7041
50.6365
-1.0
14.4498
34.4819
-1.0
44.07
31.0952
26.8018
46.4877
42.0344
-1.0
-1.0
46.2695
-1.0
36.2443
38.0048
41.2703
5.5151
29.0563
26.0044
50.5614
50.8138
39.6134
40.1138
36.2848
31.8535
36.4833
-1.0
45.2091
51.546
45.8924
43.5551
27.7393
47.8856
50.5407
37.2557
24.5825
19.7693
51.8538
36.1146
48.4239
47.0821
45.448
31.0103
-1.0
45.428
44.6055
36.5322
49.13
43.4101
40.7595
18.2882
45.6089
52.2402
49.3145
-1.0
40.8939
29.8332
41.3641
-1.0
-1.0
40.0824
47.2124
30.196
51.4062
-1.0
46.1642
-1.0
50.3723
45.445
29.9602
47.5513
42.8364
-1.0
43.5567
-1.0
29.0959
51.5496
-1.0
24.634
36.1173
27.1409
46.0331
26.4463
43.0047
44.2415
35.0381
32.2078
23.7114
23.2932
33.1445
34.3744
39.4735
10.6639
17.955
52.7294
43.5331
23.5309
37.6441
23.747
-1.0
49.1868
41.8309
-1.0
16.9923
35.1669
43.3092
45.2258
45.0243
46.1787
-1.0
-1.0
25.7329
39.3054
-1.0
35.229
-1.0
41.3466
23.4773
48.6917
-1.0
41.2882
26.4809
29.1894
29.4634
-1.0
36.1222
35.3456
37.4002
29.8044
42.8981
50.5134
-1.0
39.8438
20.5827
42.9383
-1.0
21.5927
27.9524
32.3616
-1.0
29.6986
47.2257
12.9812
49.1188
-1.0
50.0635
-1.0
36.0027
40.232
45.3135
49.1809
23.7737
51.7994
50.8683
21.6928
43.5188
19.4324
38.629
26.6247
-1.0
19.6417
46.6133
42.2488
38.7151
24.8316
37.2441
-1.0
27.499
36.0921
35.6423
42.1393
50.1334
-1.0
-1.0
33.1653
25.8539
42.4276
49.0676
-1.0
46.0362
46.1268
31.3424
38.093
36.9761
35.6696
50.8454
50.7646
37.3855
41.8415
40.4099
-1.0
29.0875
29.949
42.37
25.6734
26.2405
-1.0
-1.0
40.9073
43.7425
24.5202
32.3934
39.6314
-1.0
28.0968
-1.0
51.2749
46.6636
17.4661
39.2531
12.2048
44.0455
46.2537
15.297
33.3695
9.60898
27.083
41.8495
48.8931
42.4008
48.3678
45.2486
-1.0
43.9693
35.8975
41.5436
38.5713
19.3845
14.8171
39.864
27.5336
19.1428
50.3724
50.0682
42.4874
-1.0
44.9478
26.8128
44.6386
29.3487
16.3556
28.3598
49.8196
34.3668
43.1037
39.191
35.384
47.1424
20.858
29.8093
35.867
46.2389
-1.0
36.5525
39.8627
45.1177
37.9381
30.6544
36.6255
24.6118
-1.0
35.9781
-1.0
39.618
47.1357
28.2508
39.6294
45.8869
43.1763
40.8436
50.4592
-1.0
24.3202
-1.0
25.9525
23.6354
-1.0
-1.0
39.3341
11.7256
45.1401
37.0476
15.9067
38.3264
51.1522
51.5401
39.6639
38.6248
23.7482
32.285
45.5892
-1.0
43.5652
44.7603
46.2242
26.8444
38.3126
42.4546
43.5394
24.0182
40.1357
-1.0
44.7598
40.1805
41.2699
-1.0
38.0906
19.3371
26.6144
38.4215
-1.0
24.0046
26.7587
-1.0
-1.0
25.2976
45.7201
41.2847
38.5911
-1.0
30.9851
39.9422
22.8607
36.9591
23.385
45.2116
33.9381
45.4504
46.3889
42.3007
45.6144
48.8382
-1.0
32.108
45.7933
-1.0
45.2138
32.6781
-1.0
22.732
-1.0
21.9615
34.3076
39.9295
-1.0
49.1045
48.1275
45.0381
21.6781
-1.0
41.4094
38.4341
39.0319
49.6718
39.7795
20.7152
32.6457
26.7683
20.0544
31.5821
29.323
42.2834
45.2149
-1.0
38.6589
40.0415
20.4126
39.4591
-1.0
22.5145
27.3769
-1.0
36.535
44.7909
38.6481
-1.0
48.4592
-1.0
48.5151
31.3583
-1.0
-1.0
39.9387
43.0215
32.7354
40.8468
-1.0
41.8451
45.5042
50.1594
-1.0
38.2903
41.3202
34.8073
-1.0
45.3657
49.0074
38.9839
31.9218
22.5492
46.4338
-1.0
-1.0
23.2929
22.4885
49.7912
-1.0
33.4188
26.4477
43.6158
31.7808
-1.0
35.8568
-1.0
40.2617
36.6353
-1.0
31.9692
41.1348
31.4049
-1.0
25.3374
19.2893
36.358
29.3414
-1.0
-1.0
34.582
50.0399
36.3397
24.5265
23.6929
50.1289
50.1329
31.15
48.9471
16.7325
47.6739
19.1128
6.35821
16.764
24.2369
19.8621
-1.0
-1.0
41.6395
46.883
44.0949
45.4031
-1.0
44.2767
-1.0
-1.0
25.1927
-1.0
-1.0
-1.0
-1.0
-1.0
17.2484
36.0813
39.8436
46.0039
44.9081
39.019
33.9124
34.6433
-1.0
46.0896
-1.0
26.0744
-1.0
-1.0
36.3144
50.7046
23.0076
40.4303
36.2666
40.5779
-1.0
-1.0
-1.0
32.9723
23.6438
24.1765
42.8317
46.6762
38.5026
36.8677
34.8559
26.6641
37.2473
19.4919
40.2477
49.8009
-1.0
-1.0
49.9969
-1.0
45.0281
26.866
40.6274
38.9881
32.881
23.029
28.2618
34.4436
-1.0
-1.0
-1.0
49.5744
47.8758
37.8147
41.5084
30.9455
-1.0
14.1254
30.4226
47.3799
41.7301
44.1593
44.3315
32.0824
51.9796
49.7503
32.0918
18.2423
37.0348
-1.0
34.4942
-1.0
30.9928
-1.0
-1.0
37.5798
32.8025
-1.0
24.2132
21.7564
35.9978
31.4122
35.6562
-1.0
-1.0
50.6522
13.1199
-1.0
-1.0
29.2853
19.5893
-1.0
41.1868
26.9875
34.9646
-1.0
36.8886
38.0405
22.336
36.1824
-1.0
50.477
36.8405
51.1566
14.1239
38.5632
39.6179
43.6035
13.309
50.2238
26.4193
36.1564
14.9217
40.8308
30.193
38.3158
-1.0
51.6355
38.2981
44.3505
21.3762
38.5689
46.0963
42.5515
42.171
15.3175
41.8168
35.8266
43.241
-1.0
50.3644
13.3638
45.5208
19.4065
-1.0
-1.0
-1.0
30.9978
41.9868
47.074
39.1162
44.9444
27.9864
44.3228
50.4753
25.791
48.6265
29.3053
40.3056
35.8947
-1.0
46.9324
47.3572
34.9188
23.2905
40.0721
26.4452
37.3164
14.9702
19.0192
38.6613
52.0281
48.0644
39.9293
44.6396
-1.0
-1.0
-1.0
28.2825
41.6544
40.7137
40.3834
47.357
47.3144
47.2281
50.2874
-1.0
49.7359
53.1339
45.1564
-1.0
-1.0
27.4193
43.6845
20.1849
31.8145
43.7799
13.8535
37.6275
-1.0
23.2651
34.0891
45.9369
-1.0
43.9839
41.3582
35.5538
19.2509
38.0395
-1.0
33.3544
45.3159
37.745
44.3705
38.872
26.3509
43.9324
47.568
19.0056
30.5987
51.7793
23.0451
31.8536
39.4112
34.527
31.4078
45.1833
44.2087
43.3715
36.6956
32.7927
20.6052
40.83
-1.0
46.9192
42.5462
-1.0
39.7746
47.588
21.9974
33.5987
40.482
43.2626
46.7086
-1.0
37.5513
35.2444
50.8752
-1.0
41.1579
49.2921
38.3118
34.9011
17.89
-1.0
47.541
33.3962
21.3595
39.1997
46.0489
-1.0
36.2842
46.4713
44.6352
26.9617
-1.0
29.4992
33.634
-1.0
46.75
31.4615
-1.0
37.1885
21.6688
35.0968
44.1537
21.3999
46.7988
-1.0
43.0011
52.0448
16.4728
-1.0
-1.0
22.4549
49.4591
29.1359
-1.0
27.3916
51.7542
41.2439
47.8506
33.8876
-1.0
22.3441
28.9564
49.1554
50.935
35.1421
51.9465
34.6683
8.73951
51.9676
46.1436
-1.0
41.3588
38.1398
32.661
37.3554
47.0195
-1.0
47.618
29.906
41.8264
44.131
-1.0
52.0128
46.1284
43.5488
18.8114
-1.0
29.2144
39.1615
32.6101
33.6212
34.3442
-1.0
38.0897
-1.0
-1.0
33.5083
20.8429
44.5151
40.2462
33.267
19.2238
33.3047
25.5322
15.7406
33.2406
-1.0
52.2834
31.4311
39.6638
40.2391
36.1423
37.5889
14.6747
40.1956
-1.0
17.1151
26.0506
-1.0
-1.0
30.9438
30.275
38.1284
44.7201
34.3273
37.3719
38.2137
11.0852
9.69259
32.2837
-1.0
50.103
18.8177
-1.0
35.6794
-1.0
32.4041
-1.0
26.5022
31.0467
42.2404
38.8479
-1.0
18.8822
30.5568
50.0215
41.3486
20.5689
-1.0
40.4544
39.1481
50.1306
46.6461
-1.0
-1.0
43.9
48.0074
49.1277
-1.0
37.4648
34.7174
46.9847
48.0518
40.816
12.4661
-1.0
33.1324
40.4248
43.2695
19.5527
51.6893
37.7023
23.0837
24.9664
48.1359
-1.0
-1.0
29.615
51.779
49.3898
30.3478
-1.0
31.7732
35.7676
47.5636
36.4913
42.3546
45.3335
46.2948
40.5289
44.2982
36.2652
47.3779
42.1063
27.1307
33.2821
-1.0
25.1211
49.2581
-1.0
17.1679
-1.0
35.5436
40.3667
47.1804
-1.0
-1.0
-1.0
32.8662
-1.0
-1.0
-1.0
18.0529
-1.0
19.7252
-1.0
34.3246
51.0494
44.0036
-1.0
22.575
48.1317
39.5318
44.3635
-1.0
43.5181
41.379
36.2822
26.0979
48.1843
-1.0
37.3974
48.7307
-1.0
-1.0
49.1515
44.436
36.4191
45.868
31.3528
49.9566
46.5914
-1.0
34.013
25.6099
28.7094
49.2477
49.0265
42.7659
26.669
-1.0
41.3012
-1.0
35.1789
-1.0
46.7513
44.8369
44.1288
37.3998
45.617
38.7076
48.6689
-1.0
34.2507
45.7133
27.6331
39.2435
43.6636
18.8515
21.7353
31.7438
20.5204
27.6621
31.7357
34.4841
36.2749
27.669
49.1469
41.8879
48.6477
28.103
50.0515
39.6318
-1.0
33.5199
41.2339
-1.0
30.7571
-1.0
39.8663
25.6339
42.7645
21.6898
38.6373
31.9785
22.1858
44.6795
-1.0
44.2645
43.8814
-1.0
50.6103
50.9078
44.3059
39.9218
44.7669
46.5657
20.96
49.7209
28.7887
49.024
41.5902
-1.0
47.591
-1.0
33.7315
43.7801
-1.0
39.8239
43.3081
36.5745
8.67925
33.8668
-1.0
51.5398
37.3503
-1.0
39.6192
42.8227
30.6284
42.9474
-1.0
45.7964
15.6854
49.8625
25.6578
13.7965
46.2701
-1.0
48.6705
22.4013
50.177
-1.0
-1.0
36.4957
50.5047
14.0203
25.7742
50.4467
32.6986
-1.0
42.4723
17.0215
28.1407
28.7238
28.5043
-1.0
-1.0
22.0411
-1.0
44.8996
32.9549
27.28
39.0776
43.3861
33.2702
50.1298
44.9211
18.7204
40.2617
-1.0
39.9987
39.0848
-1.0
31.5823
-1.0
-1.0
44.9112
44.2347
-1.0
-1.0
16.979
-1.0
38.6845
42.3333
35.4395
43.3343
27.9324
24.4256
22.1364
49.9633
-1.0
35.6245
38.5429
34.7163
43.3629
48.6219
49.2772
-1.0
-1.0
32.8354
31.2705
30.9863
42.1068
45.6239
-1.0
38.7916
-1.0
39.1362
42.479
45.9098
33.9007
30.935
32.276
43.2373
36.8035
48.2246
47.0624
-1.0
31.0646
42.2838
40.4375
40.3665
52.8204
45.0051
27.4661
32.0241
50.6407
34.274
52.2157
42.4151
45.7318
39.4644
38.3151
-1.0
48.1422
50.562
46.346
-1.0
20.354
38.677
24.0578
45.7184
-1.0
-1.0
35.5067
-1.0
44.8343
33.967
36.4201
-1.0
44.4347
25.5956
-1.0
-1.0
26.934
42.6035
-1.0
48.3632
49.4079
-1.0
-1.0
30.0177
21.7114
51.8206
-1.0
23.9583
37.3399
-1.0
29.5553
23.0714
-1.0
23.786
47.4375
33.9144
37.7199
-1.0
50.0631
-1.0
-1.0
15.3341
48.2576
44.045
-1.0
48.9235
25.4622
-1.0
20.2699
41.3528
40.8048
-1.0
44.8281
32.1375
22.8197
35.0588
41.2765
-1.0
34.9342
28.5137
-1.0
38.5966
48.166
41.3202
49.1001
33.7132
34.5481
19.8145
48.9367
29.699
29.9541
-1.0
31.8237
48.0446
23.9132
35.4112
-1.0
23.505
47.6441
39.7284
28.3588
22.3262
23.7484
41.67
-1.0
-1.0
45.6961
51.336
50.3043
51.4761
-1.0
49.4313
47.6736
28.6295
43.5799
-1.0
42.1904
49.3382
24.6599
48.4858
29.8052
39.2046
48.9346
52.1217
51.6528
-1.0
25.1515
39.3768
42.5661
30.4498
-1.0
28.2965
9.82187
36.4322
35.3614
12.818
42.8871
18.5425
8.89146
24.7522
37.7556
52.3008
34.8169
-1.0
-1.0
27.9655
31.8683
-1.0
37.205
44.8778
49.4552
31.437
-1.0
38.1752
30.1793
31.7076
40.082
33.2997
43.1753
37.2605
50.0212
47.8171
30.3534
-1.0
-1.0
28.2968
49.3749
51.6845
33.8507
40.0962
51.9406
-1.0
-1.0
48.2691
28.7829
41.9322
43.0689
-1.0
-1.0
48.072
31.6467
-1.0
17.4488
37.9964
33.7605
28.7816
33.6912
11.0495
30.2871
51.5594
34.3276
24.8967
42.8648
-1.0
44.3526
18.6034
33.9593
-1.0
-1.0
-1.0
29.7017
26.5018
26.2414
47.0266
19.1065
48.8962
-1.0
-1.0
28.4085
-1.0
10.2663
21.0997
23.7246
20.9723
50.337
-1.0
-1.0
44.0
12.712
45.3846
21.8434
-1.0
29.8294
50.3658
25.9447
29.606
50.2434
-1.0
13.2667
48.0612
34.994
23.492
33.6964
30.3869
45.4279
44.0476
47.8183
29.7997
31.23
51.091
50.3746
-1.0
42.7349
48.2055
35.0337
-1.0
48.069
33.569
-1.0
-1.0
-1.0
25.294
33.903
33.2177
32.2508
43.7998
29.6593
-1.0
18.7221
30.6461
35.6763
31.2193
10.7238
25.6892
38.0764
29.727
43.7535
-1.0
-1.0
44.3362
31.8075
36.7607
42.2549
16.0893
24.1384
-1.0
15.162
50.0191
50.0714
43.5623
45.389
-1.0
37.7171
47.685
47.1648
50.3868
29.3177
33.0142
23.5968
37.7856
34.1531
37.2284
38.976
24.2731
38.7869
-1.0
51.9509
4.80043
13.4271
49.3476
36.0773
-1.0
18.3105
35.624
-1.0
50.4378
50.8232
22.0478
16.1559
-1.0
46.8411
43.0527
17.1185
27.9635
-1.0
-1.0
51.8919
29.3334
28.9885
40.0691
13.596
51.2518
-1.0
-1.0
-1.0
36.7299
30.1237
23.7507
27.4446
-1.0
-1.0
28.3666
52.3034
3.82525
-1.0
36.8272
-1.0
-1.0
24.9677
31.7465
26.7754
20.3767
40.5735
36.7977
28.6116
22.5214
41.59
48.3667
18.8233
50.1291
39.6587
-1.0
45.7357
35.4576
50.0448
-1.0
34.0892
41.8881
-1.0
50.2922
33.2635
36.5892
28.661
41.8129
39.2447
-1.0
-1.0
34.3907
23.9702
45.0951
11.453
39.9253
-1.0
-1.0
45.3377
-1.0
29.3672
10.3593
-1.0
-1.0
51.8457
44.9231
48.923
-1.0
36.3776
24.9322
43.9787
41.3255
-1.0
-1.0
40.1584
12.7696
50.1565
13.4458
40.7324
-1.0
27.9527
-1.0
52.0943
42.9092
31.2669
-1.0
49.8629
44.0317
-1.0
34.3651
48.0701
42.7784
25.426
47.3403
33.512
17.4302
38.2801
41.5679
-1.0
9.96376
51.226
-1.0
42.6927
38.0554
44.4937
-1.0
52.1302
47.4601
46.3072
50.8599
46.6177
46.5589
-1.0
40.1823
17.601
-1.0
21.358
50.9867
-1.0
-1.0
51.9001
-1.0
-1.0
42.976
35.6752
37.3552
24.5475
34.7239
45.1484
44.1261
51.7187
21.3367
35.441
24.7439
-1.0
52.1334
46.1324
-1.0
-1.0
28.2209
46.8248
-1.0
43.0761
28.0753
50.4614
50.9303
27.6826
-1.0
32.1553
19.1143
41.2661
-1.0
45.5719
41.2187
36.4903
-1.0
22.7563
-1.0
-1.0
49.9397
51.7974
30.4066
49.2221
36.255
37.7544
41.8857
29.4042
20.2832
-1.0
43.197
50.3998
20.5648
48.7378
19.1011
41.3979
39.8983
44.4172
-1.0
32.0251
21.3363
26.7446
43.8497
41.138
-1.0
32.3154
-1.0
48.7057
15.5155
43.4163
24.0528
40.1592
48.7236
30.5321
-1.0
25.362
49.4904
-1.0
37.962
38.8914
31.2576
37.5916
54.3128
23.0
-1.0
22.7156
47.6626
31.9451
40.731
49.3226
31.7744
39.8812
47.6628
-1.0
43.3659
16.352
27.7943
32.4052
45.0493
20.3613
37.5624
38.8002
33.1674
47.5694
32.0911
15.7222
38.8166
-1.0
36.6211
-1.0
34.7753
-1.0
-1.0
42.0861
34.7362
29.9964
-1.0
43.9675
21.2143
-1.0
27.5273
50.297
48.3579
-1.0
48.4098
15.2751
39.481
27.6258
41.7884
51.5974
30.7581
22.7069
36.9925
33.2994
41.5902
46.6198
41.435
-1.0
50.0907
32.1661
40.5964
48.0626
-1.0
-1.0
50.9444
29.2842
-1.0
-1.0
40.4274
43.334
50.3557
46.9472
-1.0
40.4467
-1.0
20.4435
25.4695
-1.0
42.6866
-1.0
-1.0
11.6588
20.5909
-1.0
-1.0
40.5203
20.8563
40.7796
51.7434
-1.0
35.5842
47.5782
44.5324
28.7103
50.3113
48.9901
34.0903
36.1596
-1.0
47.0035
45.6469
23.9976
28.1667
-1.0
25.5683
28.8469
48.1668
17.0982
25.0043
36.0318
-1.0
12.6736
42.922
50.893
-1.0
29.9974
-1.0
42.8492
-1.0
-1.0
51.5699
46.0602
41.741
-1.0
26.5147
23.8877
42.0885
39.9041
-1.0
24.1314
47.783
-1.0
26.2258
-1.0
47.9467
30.7758
44.0394
47.4125
-1.0
-1.0
41.7999
-1.0
50.6559
29.408
-1.0
42.9729
36.24
49.4174
18.109
51.3079
49.8292
33.2433
21.2348
35.7752
-1.0
37.3126
43.7949
-1.0
23.7275
-1.0
-1.0
49.4887
33.4967
-1.0
-1.0
47.6997
41.8409
-1.0
23.2964
47.6432
51.2373
48.5234
-1.0
26.8911
-1.0
46.4675
40.616
40.9134
34.1975
43.644
45.6888
6.03649
-1.0
-1.0
-1.0
51.479
-1.0
-1.0
-1.0
38.2587
49.1491
46.8667
47.3934
25.7379
-1.0
25.3292
45.527
41.9066
23.3966
45.5751
44.041
-1.0
-1.0
29.5878
51.1529
47.7052
37.8096
42.1646
29.6719
43.957
35.2416
25.7638
30.6167
-1.0
39.3077
13.3024
44.8659
43.2432
-1.0
-1.0
-1.0
48.2826
24.0608
36.3475
-1.0
17.2711
44.3172
31.2032
32.893
30.7458
32.6414
42.3255
46.2916
29.5355
51.5251
37.9115
25.4799
45.6086
45.4477
22.9887
26.2195
-1.0
39.1261
32.0119
38.4824
52.1988
37.6978
-1.0
-1.0
-1.0
38.5983
41.1339
-1.0
35.7601
49.6375
19.8058
-1.0
25.8494
-1.0
28.9868
43.2965
38.95
-1.0
27.5603
-1.0
30.8349
15.6587
30.8322
28.2954
-1.0
-1.0
28.1839
-1.0
38.1041
37.9358
39.7749
26.0907
45.5814
-1.0
51.9206
41.1167
49.5608
34.1603
37.4864
22.0346
36.9143
44.3559
16.6726
42.8225
22.3514
43.9316
24.941
38.6601
29.2717
-1.0
52.0967
32.5604
23.3095
43.0376
-1.0
43.491
41.2012
25.0663
31.4996
24.0619
47.1016
44.3578
16.6517
50.564
41.7145
47.6676
36.7211
48.8068
32.9154
10.5429
-1.0
42.8581
47.8008
42.0134
17.443
31.149
32.5374
27.8597
36.1016
21.5429
41.2545
-1.0
47.0404
28.8591
21.9052
40.6669
41.7031
47.6602
40.1179
-1.0
50.9179
16.6524
-1.0
24.3158
44.3786
31.8361
39.0484
47.5269
42.7718
18.6065
41.0987
-1.0
30.3353
48.5516
40.2684
10.155
41.4262
50.0238
51.8829
-1.0
28.8778
30.4781
35.3884
47.7727
-1.0
51.9539
42.4851
-1.0
26.8904
18.758
50.1131
42.5675
37.3916
29.6306
-1.0
27.9713
51.8945
31.0195
24.4043
43.4178
44.3346
-1.0
-1.0
52.4912
17.9877
50.9987
11.0532
41.8604
25.5013
32.6012
-1.0
31.3145
31.4741
38.6673
49.4547
-1.0
43.2756
48.6394
-1.0
22.0505
24.5403
37.7911
17.4426
42.8736
16.6233
20.0714
42.1886
44.4678
35.4947
43.7646
48.1509
45.7609
16.2773
42.7512
-1.0
51.2681
-1.0
33.153
-1.0
27.5216
46.1968
47.6097
-1.0
46.894
44.1822
29.4328
45.9807
39.0972
37.3874
-1.0
-1.0
42.7222
-1.0
-1.0
50.7078
51.4077
43.375
46.6932
-1.0
32.2072
50.4972
42.1587
37.4966
47.2666
32.8263
17.8295
38.4776
-1.0
42.5046
52.113
-1.0
27.6788
48.1085
32.2864
19.3853
34.1915
34.2044
15.4828
27.5041
43.5485
40.4773
43.0246
47.2646
37.3847
-1.0
21.4811
39.1745
-1.0
-1.0
19.9001
42.176
41.8592
35.5773
-1.0
50.6185
35.93
54.3705
33.2169
41.8822
-1.0
25.2334
-1.0
32.0002
-1.0
23.6064
37.5294
-1.0
33.8857
52.2943
17.4346
-1.0
33.2625
47.0765
30.8844
24.5924
36.2893
39.114
-1.0
18.9828
36.2472
36.4599
-1.0
52.1903
32.8639
46.6912
-1.0
26.5041
29.8173
34.3007
43.9106
47.8901
-1.0
46.6566
30.7192
-1.0
10.4013
19.1282
51.5228
45.4548
39.5505
36.1512
33.1034
34.1183
51.2896
45.1963
31.7682
39.7903
22.9139
25.262
25.5461
28.4422
48.1613
11.5939
31.2902
38.8934
41.0239
49.8858
38.1091
31.1396
-1.0
-1.0
38.8501
50.7139
32.6182
50.5759
47.152
48.1759
36.7799
35.2541
44.9655
50.3176
30.3245
50.7128
-1.0
38.8868
22.5173
24.6694
47.6464
43.0602
-1.0
36.2454
-1.0
-1.0
50.8778
22.3154
43.4172
31.1164
49.7525
34.1327
33.4678
42.3834
13.0403
31.4895
31.9825
-1.0
55.9038
-1.0
31.0112
47.1446
27.1905
48.234
26.844
43.4332
34.0368
51.5037
26.1127
49.1781
20.3178
16.1452
42.0883
8.42879
29.4986
45.0988
30.7126
46.4624
42.2676
30.9817
34.2855
-1.0
46.8285
28.5645
37.068
37.5809
49.8357
-1.0
34.3205
34.9908
-1.0
-1.0
51.2814
16.1762
-1.0
24.8874
42.2573
44.3458
39.6871
-1.0
44.8616
-1.0
37.7856
45.2543
38.8414
-1.0
45.5788
50.3727
-1.0
48.3231
39.6872
-1.0
24.7208
46.1481
37.5922
49.8323
33.1954
-1.0
30.7242
47.4643
28.691
50.8234
36.5411
39.7446
36.189
48.8419
-1.0
42.4685
35.9027
-1.0
50.9942
-1.0
38.3336
25.8961
8.48776
43.3421
-1.0
29.1331
-1.0
37.2881
42.8484
50.1229
40.0976
50.2115
-1.0
-1.0
-1.0
30.4478
33.6232
34.3414
22.6132
37.3745
44.8205
51.9195
38.8865
-1.0
41.1031
47.2193
47.2932
-1.0
18.8293
24.766
18.6774
-1.0
51.462
-1.0
47.9085
-1.0
-1.0
12.6242
51.5056
-1.0
45.3545
29.1132
12.2482
-1.0
-1.0
26.5339
46.2172
32.6821
23.1257
-1.0
-1.0
40.0484
33.2087
30.9613
52.7953
37.1191
-1.0
32.2564
48.9718
23.7794
-1.0
27.2852
42.9872
19.8459
48.5958
47.5807
26.4764
48.2842
30.5825
42.5898
39.1502
27.0739
41.626
40.3662
48.9999
44.5952
25.2754
33.7049
35.4481
33.9961
50.5508
48.498
42.0134
34.7754
-1.0
24.5076
46.6438
46.5932
34.2382
31.6728
40.3508
46.2239
31.9284
26.9488
36.0276
28.6176
21.041
40.5817
40.522
27.3468
37.5967
-1.0
-1.0
48.943
23.4651
27.2114
37.2969
-1.0
36.1888
-1.0
-1.0
32.2871
49.9117
41.3419
-1.0
41.6314
31.9082
34.2422
32.0488
26.8229
31.5573
-1.0
-1.0
41.3816
40.5002
-1.0
-1.0
42.8728
27.2512
48.7536
32.8076
35.4363
-1.0
42.8748
8.63655
47.8116
-1.0
37.6469
-1.0
-1.0
51.0541
38.1152
41.4996
45.0424
25.637
21.3315
32.7739
37.949
46.8763
50.319
-1.0
46.2364
34.378
44.8982
-1.0
-1.0
39.499
-1.0
36.1193
39.6006
41.8361
-1.0
-1.0
32.3864
49.0519
-1.0
43.3321
-1.0
48.6128
36.375
34.547
-1.0
30.9094
-1.0
39.7779
-1.0
43.3573
40.2912
50.8671
38.6572
48.0743
49.9231
-1.0
35.0256
43.4109
38.8771
46.7358
12.5888
39.9469
38.9364
-1.0
18.2898
38.781
46.0464
-1.0
-1.0
49.7944
35.5892
53.9556
48.4166
37.1689
46.8596
46.6862
43.8722
41.1766
50.4025
-1.0
-1.0
35.4296
48.722
27.1879
-1.0
25.4537
42.2996
37.4966
48.6603
44.8482
18.8396
-1.0
29.9066
49.4263
23.6511
43.0575
-1.0
39.1167
-1.0
-1.0
-1.0
50.6849
-1.0
21.9665
18.6794
-1.0
38.0639
49.2463
36.9814
24.0245
48.9308
-1.0
51.9631
-1.0
39.8579
51.5312
44.2294
45.6073
46.254
-1.0
-1.0
33.9132
-1.0
43.4479
46.2898
27.6676
-1.0
-1.0
42.7053
34.773
27.5431
35.0065
51.7091
47.3415
-1.0
44.2108
-1.0
17.9555
53.1685
36.73
-1.0
25.1901
40.3413
51.0208
50.0531
44.8556
48.0365
51.2849
-1.0
36.9216
32.4655
50.7093
-1.0
-1.0
51.7421
20.3685
19.804
52.1593
-1.0
30.6373
17.2115
42.0039
42.0304
39.1927
43.9545
11.4852
37.1609
24.6259
41.2918
27.7498
-1.0
27.7972
-1.0
-1.0
24.0894
12.3197
-1.0
31.985
-1.0
-1.0
38.11
29.3841
47.5579
-1.0
25.1012
23.7295
44.1207
39.7992
-1.0
26.8226
46.4403
49.4401
26.8095
13.1855
23.8928
38.5609
41.9166
43.8887
-1.0
47.2101
50.771
38.0225
12.3255
40.1923
37.2798
51.0574
28.8698
39.0207
49.2221
32.5857
22.5803
-1.0
51.8727
36.8237
37.6073
26.1487
38.9445
28.6879
26.4813
24.7245
44.418
22.1635
41.9421
34.7769
-1.0
-1.0
40.2057
43.0932
24.1801
-1.0
27.3496
48.4998
49.5349
44.7636
-1.0
41.959
35.4677
40.6144
-1.0
30.8926
18.1282
25.0586
-1.0
15.8491
24.2593
-1.0
49.7106
46.7802
23.8569
-1.0
51.3801
35.644
19.3916
53.6817
37.3059
35.439
41.3173
35.4869
-1.0
27.4568
8.27606
40.5278
50.4722
44.2705
-1.0
43.4621
26.9918
52.1522
51.2266
22.2514
-1.0
40.3847
25.4662
27.7828
46.138
17.7311
22.7286
40.6847
49.4275
39.7437
51.624
-1.0
48.1583
-1.0
47.924
-1.0
49.7392
54.3713
-1.0
-1.0
29.0033
30.5553
45.7208
51.6593
-1.0
39.6981
34.6362
45.6985
-1.0
36.8944
10.7866
35.9558
-1.0
41.8825
-1.0
39.7564
49.7715
-1.0
41.9766
39.8452
29.2526
47.3766
30.0307
27.1546
46.5944
46.8299
21.9813
34.6785
-1.0
19.7431
26.8765
-1.0
41.3454
-1.0
40.5163
21.4774
14.7815
43.6872
27.6269
44.7129
26.4022
40.7017
13.3284
39.8691
38.8565
40.1823
-1.0
37.8134
18.1613
32.1025
13.3098
43.4976
38.4437
43.7309
17.1169
33.2639
35.7493
32.9896
41.859
38.8193
-1.0
43.3874
45.1623
-1.0
-1.0
20.3671
43.1418
-1.0
43.1163
46.8317
42.4743
-1.0
-1.0
48.2633
-1.0
46.5979
30.9879
12.2034
51.2394
19.3001
-1.0
28.9256
32.9964
-1.0
36.72
-1.0
26.9585
38.1711
48.9003
43.695
41.6775
45.8594
46.5705
29.3936
39.2107
-1.0
-1.0
-1.0
32.4944
48.4179
46.4026
22.5446
24.731
38.0894
-1.0
34.2078
44.5835
49.5471
27.5364
42.5331
37.9382
29.7641
27.6365
15.674
-1.0
50.8909
51.7561
20.8376
48.6544
32.9304
33.9278
49.6257
-1.0
39.4638
49.8155
39.1288
37.142
32.2789
-1.0
31.9748
36.3021
-1.0
28.8073
46.2452
48.129
39.0806
-1.0
41.3889
22.8235
34.9438
36.2611
33.788
42.4835
38.1551
-1.0
47.0104
29.2883
-1.0
15.5895
30.1258
52.1397
32.6225
10.7673
40.2084
44.9927
-1.0
36.7337
23.4332
39.2485
5.39271
37.1744
50.268
-1.0
-1.0
-1.0
25.1818
-1.0
26.052
42.0224
39.9206
45.8168
38.0294
38.1782
-1.0
24.1805
-1.0
-1.0
12.8695
47.9665
-1.0
-1.0
-1.0
-1.0
27.4799
45.0526
38.32
41.1966
49.0794
