-1.0
44.0568
42.1736
33.6183
34.8465
28.8187
45.1354
49.2076
-1.0
-1.0
40.8174
37.413
51.9332
45.7175
34.1771
18.8396
40.1665
18.2319
29.5767
-1.0
37.3546
44.2226
-1.0
18.5421
31.6931
42.381
31.6245
26.6251
-1.0
38.9983
33.2845
18.7919
32.3164
44.6408
28.262
34.8841
50.8849
46.6268
-1.0
47.9807
46.1074
38.3266
-1.0
38.7117
-1.0
-1.0
48.54
49.7028
-1.0
-1.0
40.868
30.7054
29.4999
36.0639
-1.0
38.581
49.0297
-1.0
31.7259
37.5726
-1.0
28.1097
37.3191
44.7183
50.4302
29.2936
-1.0
47.5652
51.1872
31.8576
43.536
-1.0
45.6087
-1.0
38.3336
24.5375
42.1373
41.0528
-1.0
30.2566
10.3453
-1.0
49.3217
37.2159
-1.0
40.2009
40.6322
19.2712
36.2438
-1.0
34.3661
46.3372
47.054
22.8269
35.7584
-1.0
48.5924
34.3849
15.8627
-1.0
-1.0
46.085
41.2366
-1.0
44.2268
-1.0
45.174
49.7008
38.0584
33.7797
-1.0
-1.0
48.1471
45.2845
33.4573
36.5351
38.2458
14.3542
39.3184
24.0233
48.4366
-1.0
-1.0
-1.0
-1.0
49.6688
28.649
39.2269
41.3329
-1.0
34.1158
46.7357
-1.0
31.8158
24.551
30.5534
49.9773
36.4593
50.1601
-1.0
-1.0
33.5606
45.1294
48.4153
37.7735
-1.0
36.9329
44.5868
32.2955
39.4964
20.0292
-1.0
41.6584
-1.0
17.5684
-1.0
45.289
13.2991
-1.0
13.7213
37.89
43.0415
11.4678
45.8546
32.3152
41.5912
37.9669
36.0848
51.8536
-1.0
47.7614
47.7529
44.611
47.7647
32.4671
-1.0
49.1833
19.6398
46.4119
-1.0
47.247
24.5563
27.5171
-1.0
-1.0
42.9234
43.5032
-1.0
51.9123
33.5964
44.4137
48.9531
39.2132
42.0343
37.5279
22.0712
49.8633
-1.0
16.5308
39.7412
-1.0
40.2493
29.434
38.2059
24.8944
32.1299
41.4003
49.7318
46.3672
-1.0
48.4683
52.3166
47.2196
45.526
-1.0
31.7688
-1.0
24.0498
43.9763
-1.0
41.6604
15.9487
40.0604
23.1117
41.2371
21.5515
-1.0
-1.0
37.3765
38.6164
-1.0
26.9056
25.8543
46.6694
-1.0
14.2624
48.9931
12.6225
51.9865
42.1376
44.7377
35.6417
34.976
48.2973
44.4047
14.1512
34.0424
28.517
39.0364
24.6778
28.2358
46.6138
-1.0
-1.0
37.2823
36.3177
42.0533
-1.0
22.5875
26.3797
43.532
29.3306
43.9688
34.4315
34.3534
14.1475
39.295
25.3327
35.4118
-1.0
37.0639
48.9034
41.1171
19.7046
46.0471
-1.0
26.3577
23.6815
19.9031
46.1535
36.2498
32.2158
18.0952
34.5639
20.3687
-1.0
-1.0
-1.0
49.9679
33.6418
-1.0
39.1869
-1.0
47.6368
51.3757
-1.0
30.7773
40.6825
21.5129
40.8813
43.0625
28.5125
-1.0
-1.0
35.4827
16.4854
-1.0
51.9567
49.018
46.2785
49.3794
33.5782
-1.0
39.9851
49.2362
38.7194
-1.0
24.8918
-1.0
42.1155
25.3123
38.3369
19.816
48.7502
-1.0
41.5117
39.5381
44.1914
39.06
-1.0
49.2981
-1.0
14.9913
45.48
34.431
16.5088
25.6706
-1.0
27.6999
46.2699
41.4464
46.4662
46.9705
35.203
33.2652
21.7664
-1.0
17.7757
30.5372
27.362
25.7863
35.18
38.2701
48.2856
50.9865
-1.0
28.4962
43.6762
-1.0
49.835
22.4745
29.179
51.9107
-1.0
-1.0
35.0179
23.8955
35.3463
-1.0
-1.0
11.5559
46.5217
47.2619
38.8932
31.5312
29.0583
26.2955
42.9277
21.1468
51.9276
8.02915
-1.0
46.1419
45.1986
-1.0
42.2194
19.5019
24.485
-1.0
44.906
42.2274
35.1729
34.1886
-1.0
23.8264
25.2606
24.8085
33.7915
30.54
43.4759
-1.0
7.72173
31.4886
42.2428
47.375
28.5621
-1.0
31.5114
33.7171
35.5862
43.3407
44.2449
50.1118
44.8636
35.6319
32.9513
24.2193
45.3646
41.863
36.4896
25.8353
37.7936
36.0819
-1.0
38.9629
36.4625
50.5337
46.9843
52.0316
51.1862
28.0195
52.2982
-1.0
48.3379
48.8204
44.1309
37.79
34.9304
19.4857
-1.0
-1.0
34.9228
27.7406
-1.0
43.8004
-1.0
41.7121
-1.0
-1.0
29.1293
-1.0
-1.0
32.301
48.4691
32.5587
26.9544
40.7727
17.048
18.1216
-1.0
46.3087
38.8732
43.0636
26.4517
-1.0
48.5718
-1.0
28.8628
-1.0
32.973
-1.0
49.9484
44.8806
41.3456
34.7687
45.5645
-1.0
-1.0
51.4413
-1.0
31.4614
39.5441
46.7926
-1.0
47.9081
30.0743
26.5252
-1.0
33.4423
-1.0
32.0205
-1.0
37.6628
36.6223
33.3656
31.2448
51.8517
47.2135
35.0162
50.1165
45.1358
27.2993
32.6235
44.9631
38.1052
48.5757
38.0595
46.7171
24.0391
26.4961
-1.0
32.7411
29.5997
44.8958
30.1096
-1.0
50.2211
51.1014
42.6768
46.7642
33.4167
39.7493
47.6745
37.9432
29.2716
34.6383
43.8733
33.6602
35.5336
16.6338
-1.0
-1.0
-1.0
-1.0
45.3507
21.4673
-1.0
48.5016
-1.0
33.1321
-1.0
41.8416
28.0817
28.4036
29.0562
34.132
23.621
44.0081
-1.0
42.3402
-1.0
50.3287
44.6735
-1.0
37.2487
36.4056
-1.0
41.8564
44.8422
44.1001
48.278
31.5434
-1.0
18.0416
21.2824
-1.0
23.7098
42.8614
39.9142
39.2146
49.4342
32.2916
31.3214
-1.0
-1.0
50.6397
32.2458
11.1755
33.7554
49.8294
32.9838
46.4984
44.1726
24.3429
47.5684
51.443
17.0202
31.7885
30.5917
47.9887
-1.0
27.5282
49.363
51.7576
45.0157
40.5548
-1.0
49.2515
37.4299
37.2734
27.372
21.0254
22.8793
46.3006
43.1693
43.9589
25.1337
33.2119
45.0828
-1.0
41.1502
34.4997
20.0014
17.8773
37.2226
6.9229
44.9373
32.9353
16.3966
49.736
47.873
45.5941
-1.0
-1.0
29.1765
-1.0
39.7683
29.8885
50.1887
29.2392
42.6298
45.0757
24.7691
39.3443
35.3343
44.2643
41.7249
-1.0
29.4884
-1.0
29.0324
21.0462
32.2532
-1.0
39.27
23.0873
-1.0
16.0495
37.0691
-1.0
-1.0
46.3576
37.6783
23.6566
-1.0
46.4874
43.9091
47.4403
-1.0
47.171
50.8142
42.8061
42.9463
-1.0
-1.0
47.6612
37.4
-1.0
11.9012
48.1471
41.9309
29.0816
40.7311
46.6335
46.4421
33.9528
8.94813
29.3094
41.5593
37.7218
13.453
32.1384
46.796
44.068
45.7612
46.4114
26.877
41.0731
-1.0
-1.0
-1.0
26.5558
-1.0
49.5292
42.9759
42.4267
-1.0
40.5491
30.5365
32.8408
49.3133
38.9345
38.979
41.0951
29.7562
27.9465
34.1039
34.9926
34.0528
43.5238
-1.0
-1.0
36.0443
43.6922
-1.0
17.2468
50.6478
34.5557
40.3677
39.3721
33.8346
21.7399
40.1478
-1.0
31.4888
44.4022
17.0087
27.6435
-1.0
20.2672
27.7602
23.8264
21.1408
34.5038
49.0684
52.0733
51.4569
32.8994
33.5051
38.8667
49.1138
37.5526
43.0598
33.6128
19.6917
34.0189
43.9017
45.4535
35.7141
39.9633
53.4494
43.228
31.8469
-1.0
-1.0
37.9994
-1.0
34.523
-1.0
45.0097
-1.0
17.2049
-1.0
37.839
52.2617
45.3849
-1.0
42.1868
32.9911
15.2399
-1.0
47.603
-1.0
26.1028
51.3035
39.9294
46.6398
47.7502
38.0905
44.2785
-1.0
34.4869
18.6582
34.821
42.9786
38.1217
47.2793
-1.0
38.1177
-1.0
-1.0
49.1391
-1.0
36.9581
47.3342
33.3952
27.5244
46.8199
48.9722
-1.0
-1.0
25.3779
26.4676
-1.0
36.4756
48.8885
36.4256
32.8059
12.6769
51.4478
32.2601
34.016
40.688
38.077
32.1623
-1.0
22.403
25.932
-1.0
42.1277
28.4074
42.3623
-1.0
41.6867
-1.0
-1.0
37.117
38.8637
24.7959
-1.0
-1.0
43.4396
38.5294
18.8621
49.4922
-1.0
50.0409
34.506
29.0305
42.6335
51.4181
40.8414
40.944
33.7094
-1.0
34.7924
26.1709
37.3992
35.486
55.1131
-1.0
28.8705
-1.0
39.044
-1.0
44.8611
40.8202
44.2501
32.4122
16.226
42.2221
31.6821
49.7077
30.3719
43.791
-1.0
45.5753
44.8916
43.6139
32.3215
25.6558
47.449
37.8409
36.7939
39.1322
23.6004
37.5382
-1.0
31.6647
36.4564
32.1121
20.9537
47.908
33.9178
41.409
28.2886
-1.0
42.3571
28.756
51.4419
40.5965
51.0886
45.3681
26.8705
-1.0
27.2309
-1.0
-1.0
45.4186
37.7864
28.9834
31.4107
20.6214
25.7266
50.6108
50.9589
39.856
49.6962
-1.0
30.1722
18.1838
-1.0
31.1403
24.8517
13.6666
26.5797
-1.0
-1.0
-1.0
39.6613
46.7332
24.4439
45.569
-1.0
35.6941
37.7044
44.8014
40.3275
31.9306
-1.0
39.7524
-1.0
31.6019
31.2608
20.4493
47.2975
42.3765
-1.0
25.5365
21.7412
25.7576
-1.0
47.3116
21.6404
50.328
45.6531
49.1946
38.7142
12.7649
40.039
20.7267
47.5409
38.153
-1.0
31.5538
-1.0
40.4947
37.0356
-1.0
35.6093
46.3513
46.2868
42.9841
40.6463
45.4503
43.4492
-1.0
-1.0
19.7066
-1.0
47.6626
39.7857
47.4322
42.2567
21.2421
24.8551
34.4881
47.8849
38.0202
49.6796
-1.0
26.044
23.4691
-1.0
49.1004
19.3636
30.6906
45.4885
40.3387
49.1656
42.2591
52.1905
44.457
33.4391
34.7256
-1.0
-1.0
44.6812
50.7628
39.4451
9.31461
30.0345
44.2941
-1.0
25.2224
49.7406
21.4268
3.63041
48.2566
-1.0
-1.0
15.9713
30.3063
-1.0
50.5952
37.5725
51.1198
-1.0
-1.0
-1.0
43.5309
43.1253
24.7725
32.1788
-1.0
19.2087
36.5877
48.2726
51.0333
-1.0
46.5405
32.9104
-1.0
51.0668
-1.0
-1.0
43.9677
44.7683
40.0215
46.7719
-1.0
38.5697
45.9564
45.9529
32.3561
-1.0
45.9478
42.1103
27.0344
17.4245
24.3946
39.7586
37.9559
-1.0
21.1038
20.9145
38.7293
42.3875
-1.0
12.8497
24.5192
-1.0
40.8722
-1.0
22.5505
34.6213
35.2557
36.8706
23.4337
41.4926
49.7455
37.0234
41.4727
32.8009
40.184
-1.0
10.1574
38.8365
45.0354
-1.0
46.3982
39.7314
38.3406
35.9896
-1.0
28.5993
26.9431
27.647
-1.0
43.6271
40.6168
27.1281
47.4954
47.3321
46.9907
50.9118
35.3589
-1.0
29.9608
31.0386
-1.0
33.9007
45.9038
47.7087
42.4021
-1.0
47.9631
13.3054
47.0783
41.851
46.4599
-1.0
48.4141
15.7109
-1.0
-1.0
41.2902
20.6441
46.624
-1.0
39.1893
48.653
31.0865
19.8877
44.0342
31.4908
51.4915
30.3642
16.6476
35.3456
34.2646
46.9273
39.0635
33.8554
-1.0
42.8488
44.4409
-1.0
-1.0
27.3495
-1.0
44.3394
49.4649
12.478
33.9417
11.8682
46.6401
-1.0
49.1922
-1.0
33.294
-1.0
52.0944
14.6852
-1.0
47.937
31.6769
30.1623
31.4964
31.4686
21.0377
44.2786
43.8436
-1.0
-1.0
24.3498
48.1617
28.5308
49.9283
28.801
44.1525
25.6336
-1.0
36.3195
27.5441
39.5944
45.0789
-1.0
-1.0
-1.0
-1.0
39.1786
38.8213
47.9951
44.3318
31.0317
27.2554
27.8444
22.8635
39.4668
30.2488
23.1656
-1.0
45.2187
-1.0
39.4146
39.6741
28.6012
-1.0
-1.0
50.7461
49.0996
51.7732
44.4867
34.8771
-1.0
-1.0
-1.0
42.7099
21.0284
46.7007
-1.0
-1.0
45.3014
-1.0
-1.0
28.9022
-1.0
-1.0
-1.0
38.9605
40.3668
-1.0
36.3679
46.9784
44.1254
47.0312
-1.0
27.7468
36.7477
20.7846
29.4546
35.6815
36.1336
50.5638
24.0633
46.2108
23.2666
51.3642
10.4935
24.7349
29.2194
37.8779
44.3198
47.6368
36.2534
50.8739
48.6989
34.1575
26.9491
18.7356
-1.0
30.7921
48.5481
22.2483
47.3339
50.7663
35.6146
17.4133
33.8585
52.236
24.2325
50.1614
34.3624
48.3986
43.283
-1.0
38.9765
-1.0
53.9455
-1.0
34.7656
40.772
27.3345
-1.0
37.4964
-1.0
36.0596
51.0616
34.2571
39.5609
33.3028
41.2262
37.9495
-1.0
-1.0
39.7808
-1.0
-1.0
47.6396
49.1215
37.7972
-1.0
44.2448
43.0894
25.3471
-1.0
-1.0
24.0317
-1.0
49.2461
28.7522
43.6242
38.3938
40.1195
-1.0
7.90864
43.8317
24.8612
41.3213
13.5724
37.6946
-1.0
37.3052
17.7888
-1.0
27.5727
15.7934
50.8507
17.9762
47.1452
40.0053
35.7912
-1.0
34.7583
47.1278
44.1604
-1.0
39.9592
13.4071
34.7952
-1.0
39.7286
-1.0
-1.0
31.5067
-1.0
30.6732
-1.0
36.2194
41.8062
29.0181
29.4794
46.2913
36.4628
40.3311
14.0794
-1.0
28.2266
-1.0
-1.0
31.7263
-1.0
40.1597
36.2232
48.0064
45.8391
-1.0
26.3389
39.1992
51.7591
47.1158
31.8968
30.4927
35.9601
-1.0
-1.0
44.919
33.0911
22.8337
22.1083
29.2674
23.1788
29.8907
48.8487
27.1434
50.0418
38.527
40.2752
54.4286
32.3928
39.9733
27.5269
21.8089
43.6923
35.0918
32.6548
-1.0
45.0879
33.3965
31.2314
-1.0
12.3118
-1.0
-1.0
33.7759
41.4803
46.999
42.91
44.8996
15.2889
19.0207
40.6542
21.5235
13.552
18.4136
23.1986
28.2257
-1.0
44.1935
38.833
43.9506
17.072
52.0348
28.9906
31.7485
45.4421
51.6902
30.821
38.3392
18.2119
24.0605
40.671
47.7393
37.3084
29.8629
27.94
46.997
42.7188
18.7208
-1.0
37.5486
50.7302
36.1585
36.3948
25.4669
42.8933
46.0379
41.6371
-1.0
37.014
50.8824
29.7795
50.8126
37.3172
20.5793
-1.0
33.5024
23.5216
-1.0
-1.0
46.6532
52.007
25.7087
46.6988
20.1771
35.4857
45.6639
38.6913
-1.0
33.6745
20.1743
39.6537
39.9837
46.5417
17.2574
24.7938
-1.0
37.3412
15.6509
-1.0
-1.0
-1.0
24.2746
40.3268
18.6983
-1.0
25.0734
36.9347
48.969
23.7894
14.2766
42.3176
44.1269
35.1149
46.0313
19.0432
40.0774
-1.0
44.4888
48.9057
-1.0
51.9563
-1.0
37.4213
30.8248
51.9835
32.8999
52.1589
29.5825
-1.0
42.7393
36.2317
36.651
-1.0
44.912
38.0644
46.1429
44.0442
-1.0
28.3137
44.9815
38.3887
53.0327
37.3734
24.6681
48.9981
36.6748
35.0762
38.0857
34.1606
35.0712
-1.0
-1.0
35.6994
50.0044
15.0792
37.0602
51.1224
15.2339
44.5036
56.0063
31.0282
40.4526
44.1999
45.6652
44.209
49.5707
25.034
44.7761
-1.0
-1.0
51.6243
39.7599
-1.0
50.6757
23.2689
51.3788
22.8315
-1.0
-1.0
42.1168
44.361
24.548
43.4978
44.3144
29.0033
32.2221
-1.0
31.8166
-1.0
-1.0
28.9183
40.7864
-1.0
30.5096
7.72173
32.1166
39.8402
33.3259
-1.0
32.1881
51.6457
41.5215
32.2109
-1.0
29.8974
-1.0
-1.0
-1.0
-1.0
23.8096
39.3468
30.8485
29.5302
13.7215
-1.0
33.4593
45.0599
46.879
25.4704
31.7967
46.6885
33.2305
48.1471
34.2809
31.487
36.2213
-1.0
28.9359
45.0725
9.12902
43.7151
-1.0
-1.0
27.2339
49.2226
42.6154
45.0652
25.5192
-1.0
21.2429
41.1525
40.7183
40.4474
25.0595
18.5527
-1.0
38.359
41.4091
52.3119
30.1563
25.6294
52.1455
22.9586
13.5203
41.6605
23.9614
40.5887
47.1001
-1.0
-1.0
32.1471
22.2927
23.7084
26.5514
36.528
51.3968
39.9769
30.654
48.8619
39.915
46.2432
41.3153
-1.0
-1.0
36.5819
-1.0
32.4454
26.8233
43.7595
-1.0
-1.0
47.4987
37.1407
-1.0
18.0551
32.1624
-1.0
20.7457
50.0488
-1.0
31.4068
31.5185
-1.0
41.7339
49.0583
36.2279
49.6121
25.6994
47.3053
47.7004
39.5964
26.8361
38.528
45.6136
48.4963
-1.0
39.1429
-1.0
50.6414
18.3353
47.9922
47.1315
43.9755
36.793
38.7305
37.0459
29.868
29.915
34.2141
47.7601
42.8336
35.5327
-1.0
16.2221
34.3132
-1.0
-1.0
-1.0
33.8007
-1.0
39.8713
39.4456
50.4363
-1.0
22.4348
47.3457
43.1485
41.3132
43.312
-1.0
51.5986
27.8957
25.7668
24.5138
36.7505
-1.0
29.9952
39.1368
-1.0
52.2076
42.3552
31.7858
51.0913
10.3913
49.5383
50.0027
-1.0
36.9877
-1.0
-1.0
45.7692
42.171
45.268
32.7947
28.9595
33.9775
30.7589
-1.0
40.6067
40.621
38.1261
35.1099
18.8533
48.5501
37.8105
-1.0
27.6183
-1.0
35.1534
-1.0
14.667
28.5536
-1.0
-1.0
-1.0
49.6271
-1.0
32.8329
-1.0
-1.0
42.2459
19.1965
33.9561
41.849
38.0326
-1.0
48.6698
31.0838
30.4635
42.4088
38.5656
47.6248
34.9767
24.4841
36.1281
-1.0
39.6338
51.3182
38.8057
29.09
43.6
39.4445
-1.0
29.2478
35.9486
41.1659
-1.0
46.2621
20.039
23.2774
31.4413
14.1647
30.8048
27.2214
50.5599
48.7553
45.9965
33.9932
37.7419
51.9811
45.7124
-1.0
32.9806
44.4117
-1.0
-1.0
46.5791
26.1239
31.2945
17.2906
32.0265
48.2157
-1.0
-1.0
50.3338
-1.0
38.3676
21.0553
43.2311
38.2031
-1.0
39.7108
23.846
37.5734
51.2705
43.3962
-1.0
36.5336
46.4665
47.8443
24.6733
49.0901
34.7416
21.0834
24.1876
-1.0
25.3153
44.5393
20.1567
15.7571
19.0275
22.7776
45.965
47.5429
48.4794
45.6031
27.2244
49.2239
30.609
47.3187
49.8157
36.8745
40.0874
-1.0
47.9468
46.775
-1.0
40.66
36.7394
37.9156
-1.0
13.1914
37.048
36.1948
-1.0
27.7047
-1.0
44.5802
-1.0
23.4246
40.0149
27.8155
47.2688
-1.0
48.4781
41.7974
43.7267
33.3829
34.0491
42.2673
22.0694
49.7021
48.8714
34.8102
51.7021
19.3823
29.4382
34.6554
47.2733
42.3625
50.3166
49.1449
49.9993
46.8746
52.1677
45.3131
49.8106
43.7933
35.8522
37.0031
34.5896
40.3352
-1.0
49.6671
42.1904
46.1012
47.7602
37.9666
33.1885
38.9857
18.6724
33.9947
41.2225
36.1404
17.7471
50.8879
47.6486
42.5903
36.5257
-1.0
38.8262
-1.0
24.2759
-1.0
47.2457
-1.0
44.3504
29.0813
42.4478
37.3627
31.4279
49.9835
22.3113
-1.0
16.6845
31.681
47.7278
37.8583
27.492
44.2066
42.2248
35.8061
33.2525
41.078
30.0566
51.8445
41.1575
-1.0
-1.0
50.3007
53.1672
-1.0
41.5726
-1.0
28.258
40.7185
-1.0
47.8094
49.7629
49.3825
32.5879
39.6733
-1.0
46.7326
41.1489
44.0263
48.508
20.0977
38.4238
33.424
38.4279
51.0119
16.4147
-1.0
-1.0
29.1596
46.5249
52.0355
-1.0
49.3253
32.2776
35.6643
41.6079
-1.0
40.836
32.4333
10.5938
25.256
50.5275
35.0409
32.7688
23.8065
-1.0
36.7834
33.2578
43.3939
46.17
-1.0
33.8321
-1.0
40.8144
25.8012
56.0001
23.5438
47.2984
-1.0
23.5461
35.7461
51.9973
30.4692
21.0103
-1.0
-1.0
49.536
34.0236
-1.0
46.9375
22.2156
40.2287
45.8531
32.356
22.6366
24.9116
42.7618
-1.0
44.1752
26.1596
47.0165
46.9548
43.6679
10.5548
50.2595
39.6395
41.9538
45.6131
35.4241
31.028
42.6654
-1.0
45.905
46.5378
28.8785
34.7355
19.8368
39.7184
48.758
-1.0
23.6113
29.3136
-1.0
-1.0
24.5412
38.4709
-1.0
24.0469
42.8918
22.1317
-1.0
39.0607
51.1389
37.6405
44.1826
33.2032
-1.0
29.8975
48.7025
32.6613
20.9527
18.7292
10.1527
45.86
38.0414
33.9545
50.3121
24.8808
50.2211
-1.0
27.4502
25.0962
39.545
25.0867
49.798
37.4688
30.6137
44.1088
44.1488
-1.0
15.612
24.9066
-1.0
-1.0
34.348
43.9106
39.9763
-1.0
17.9591
25.5695
17.2154
-1.0
30.0404
37.2247
55.3435
7.7105
-1.0
39.9322
43.7475
46.3733
29.4803
37.4411
40.0661
44.3553
-1.0
14.9641
-1.0
47.7036
18.5575
16.2265
-1.0
48.3627
44.8473
-1.0
26.7131
48.1547
17.7613
-1.0
45.3339
46.8173
26.094
-1.0
11.6991
51.5203
29.2803
-1.0
24.8443
26.9107
46.8252
38.9993
32.6383
51.7627
40.3794
19.9378
16.5108
54.777
40.4751
40.3725
44.8902
-1.0
49.0747
45.6397
22.9394
36.3227
41.0292
35.463
41.168
29.9721
40.8653
31.6647
-1.0
10.0446
33.224
34.4847
42.9053
29.3636
35.1385
49.8995
48.4343
34.4563
47.4313
27.5586
33.3626
32.8154
45.8278
43.6559
27.5513
8.96267
45.3301
25.0657
-1.0
41.5675
-1.0
49.4921
46.485
26.3686
44.0466
-1.0
43.7723
42.1493
40.4577
30.0781
40.4553
-1.0
41.2664
28.2438
27.1666
34.4626
24.8097
16.1946
-1.0
-1.0
49.0104
-1.0
45.7143
-1.0
36.0004
36.2163
30.0527
-1.0
38.852
45.3814
49.6259
44.3055
44.001
48.4712
40.533
35.1859
-1.0
35.4569
26.9958
41.5418
47.4948
-1.0
50.6681
-1.0
33.3877
26.691
45.5454
33.7646
26.4835
19.1907
-1.0
51.0342
-1.0
31.4008
-1.0
43.9279
-1.0
45.7784
-1.0
46.2516
29.974
27.088
37.7065
-1.0
-1.0
34.8591
42.8917
15.2284
-1.0
29.4516
37.5451
49.6192
31.8442
-1.0
-1.0
13.0616
32.1121
41.4233
51.2897
26.1749
48.0699
-1.0
46.7709
38.1112
-1.0
18.1581
46.1532
31.4148
44.2548
-1.0
29.7937
40.9138
51.4863
40.0132
32.7287
45.029
42.1007
35.3535
18.7436
-1.0
-1.0
34.7276
-1.0
23.5209
40.2518
43.0189
24.8252
31.419
-1.0
36.3067
34.4923
29.5716
-1.0
45.8364
-1.0
-1.0
37.7176
13.5596
34.4639
38.4944
45.8689
23.7927
48.1159
-1.0
-1.0
30.2175
47.0859
40.2032
48.1117
35.837
50.8742
41.4744
32.9081
30.5807
21.4273
51.5402
40.3336
51.8524
-1.0
-1.0
51.63
29.0051
33.5563
31.4323
45.9687
51.6335
-1.0
31.787
47.9346
36.6295
32.9195
39.8016
19.1746
-1.0
36.3751
36.0568
26.5198
27.6076
24.8573
30.2877
-1.0
43.2331
23.6471
17.7044
-1.0
51.9093
-1.0
48.34
52.8811
24.0091
41.7175
-1.0
42.4632
-1.0
45.9444
27.2154
34.4987
-1.0
33.8852
29.0163
33.9766
23.9164
-1.0
51.8343
12.3283
49.5555
-1.0
12.0324
24.6667
35.8091
33.5002
-1.0
38.3822
48.4204
-1.0
-1.0
46.8623
-1.0
38.437
40.8832
35.763
-1.0
18.261
-1.0
50.0977
36.5569
1.92811
48.0398
17.6034
34.0903
19.0747
33.9052
29.9768
50.8731
38.7675
40.1343
-1.0
50.8518
44.3301
56.1687
50.0228
15.9208
41.1358
43.224
20.9289
49.3069
25.7308
26.0537
43.7803
38.7036
51.241
33.0684
36.1478
45.4366
26.2672
39.6531
-1.0
-1.0
35.6627
29.8001
-1.0
41.5313
22.5619
-1.0
39.3544
42.579
52.1607
44.684
48.9727
-1.0
39.3115
48.5709
38.0416
49.9911
-1.0
23.4551
12.8351
44.6237
25.7411
30.9256
45.578
36.7465
47.0607
35.0384
17.6789
36.5851
46.5436
41.925
33.5281
29.8362
51.472
-1.0
-1.0
-1.0
38.0866
39.3324
40.3836
-1.0
32.6195
15.4609
-1.0
-1.0
-1.0
39.7685
33.8327
29.8723
48.9891
42.9032
30.8339
49.5611
-1.0
-1.0
-1.0
43.2213
18.1611
-1.0
22.1037
-1.0
45.711
31.5501
-1.0
51.637
-1.0
27.6355
-1.0
50.2514
38.1554
14.9762
-1.0
46.1666
30.7784
44.17
44.5548
35.906
19.0511
-1.0
-1.0
53.9194
38.9778
29.1961
31.3389
41.1507
-1.0
52.1544
31.0672
52.2215
42.6398
44.6452
34.8503
-1.0
-1.0
47.2045
20.1462
-1.0
36.3431
14.1435
-1.0
41.56
30.496
42.6659
43.5316
31.3155
35.5765
8.1482
-1.0
31.088
45.8825
37.1763
56.4777
34.4908
-1.0
41.1236
28.145
48.0299
-1.0
-1.0
-1.0
14.3935
17.4489
44.5474
-1.0
43.4776
23.6034
37.591
49.7907
28.0117
14.8187
42.1247
-1.0
42.397
36.8738
37.0139
24.4385
44.4336
-1.0
37.4962
-1.0
45.099
42.7314
-1.0
40.924
41.4306
37.683
31.0077
26.9667
50.4823
-1.0
39.1052
36.2988
37.7917
38.9035
33.7812
47.2614
39.4022
-1.0
23.5619
30.7054
23.0944
36.5588
-1.0
39.2191
-1.0
-1.0
36.7998
43.5188
48.8243
-1.0
27.6268
29.6211
-1.0
-1.0
46.0083
37.7125
29.6093
30.6378
43.4193
16.6034
-1.0
35.5376
43.2996
36.3167
22.2362
9.34619
30.618
44.6457
51.1779
