4
8
12
31
33
49
55
56
63
64
82
84
85
87
93
109
125
131
136
137
161
182
183
185
195
201
208
212
219
228
228
242
245
246
247
259
263
271
272
273
279
296
300
308
323
323
337
340
347
350
353
356
359
370
372
380
386
397
407
415
420
423
430
453
476
477
479
480
484
490
492
496
533
541
546
552
552
584
585
588
600
605
616
621
623
626
632
634
643
674
675
678
683
687
711
715
723
728
733
745
749
772
775
784
785
785
808
811
831
832
834
835
848
863
869
869
870
871
890
892
899
901
912
918
922
937
952
966
968
975
980
980
998
999
1010
1020
1030
1034
1037
1039
1055
1059
1065
1068
1070
1072
1090
1092
1098
1110
1112
1125
1141
1142
1143
1159
1189
1202
1216
1228
1231
1247
1249
1285
1291
1305
1307
1311
1312
1316
1327
1338
1354
1355
1365
1365
1370
1371
1380
1383
1391
1392
1395
1413
1425
1429
1468
1470
1477
1479
1482
1502
1509
1511
1513
1522
1531
1538
1578
1591
1593
1597
1616
1620
1643
1647
1647
1648
1651
1660
1661
1663
1667
1671
1686
1692
1694
1702
1704
1706
1709
1716
1731
1732
1735
1751
1759
1763
1772
1774
1784
1784
1788
1796
1821
1821
1821
1860
1861
1863
1873
1878
1900
1904
1911
1912
1914
1918
1939
1943
1948
1959
1963
1976
2008
2009
2018
2033
2038
2046
2064
2071
2094
2105
2116
2119
2122
2128
2131
2132
2134
2140
2141
2144
2155
2157
2163
2176
2179
2196
2197
2222
2225
2235
2240
2246
2250
2250
2254
2261
2264
2268
2269
2283
2289
2306
2307
2316
2349
2350
2358
2365
2373
2376
2384
2392
2395
2415
2427
2432
2432
2434
2444
2444
2457
2472
2483
2484
2488
2489
2508
2509
2534
2537
2538
2541
2562
2583
2586
2592
2605
2606
2609
2611
2619
2619
2619
2632
2632
2654
2656
2660
2687
2688
2689
2692
2692
2709
2710
2711
2717
2721
2725
2740
2740
2748
2750
2753
2757
2762
2763
2764
2770
2774
2776
2780
2783
2797
2798
2808
2808
2814
2829
2832
2835
2839
2846
2847
2854
2854
2880
2881
2882
2888
2894
2897
2903
2909
2911
2918
2921
2931
2932
2940
2952
2960
2961
2966
2971
2975
2994
3004
3008
3013
3037
3038
3040
3054
3054
3060
3082
3084
3089
3114
3120
3122
3127
3128
3132
3142
3153
3157
3159
3171
3172
3173
3177
3184
3187
3190
3198
3206
3208
3208
3217
3240
3241
3249
3249
3254
3263
3263
3265
3277
3277
3280
3290
3292
3310
3321
3321
3327
3333
3339
3344
3347
3359
3360
3361
3378
3379
3382
3382
3384
3385
3385
3396
3399
3400
3408
3427
3440
3444
3444
3457
3459
3473
3496
3502
3524
3538
3539
3542
3543
3545
3555
3559
3577
3586
3591
3612
3622
3627
3633
3634
3646
3657
3669
3675
3679
3686
3725
3735
3737
3744
3749
3751
3756
3760
3761
3770
3776
3788
3801
3812
3813
3824
3827
3839
3858
3859
3861
3882
3889
3904
3905
3911
3913
3924
3925
3936
3940
3943
3973
3979
3980
3983
3985
3985
3992
3995
4012
4015
4023
4023
4027
4027
4031
4039
4043
4046
4057
4060
4061
4064
4072
4073
4074
4091
4097
4097
4101
4106
4113
4123
4145
4157
4157
4166
4171
4172
4173
4173
4179
4180
4196
4196
4198
4202
4219
4230
4242
4243
4259
4269
4270
4272
4280
4286
4287
4290
4293
4310
4313
4315
4330
4347
4358
4365
4371
4372
4383
4385
4428
4440
4443
4450
4451
4462
4474
4474
4479
4488
4495
4505
4507
4516
4520
4536
4538
4545
4552
4559
4585
4591
4607
4610
4610
4625
4625
4638
4640
4642
4642
4646
4646
4653
4664
4666
4673
4676
4686
4704
4745
4747
4756
4761
4763
4775
4780
4781
4782
4786
4790
4793
4796
4802
4807
4817
4824
4828
4829
4836
4845
4863
4874
4874
4875
4880
4903
4906
4918
4928
4941
4950
4951
4953
4961
4962
4965
4966
4969
4979
4989
4998
