72.8531
49.3198
45.1789
8.67507
352.575
38.0411
-182.075
43.1777
132.902
88.4527
-83.003
10.8128
-20.1129
-93.1825
115.019
123.931
-129.094
-69.8601
193.962
-86.5026
18.9161
-184.362
144.444
9.20114
67.8531
-21.0209
6.60211
99.1062
26.072
-45.9157
54.7336
125.537
-71.2364
5.27336
-105.226
-30.0639
5.27188
69.5236
277.504
8.58098
233.675
49.8173
-12.2835
-5.04406
213.885
28.3688
-103.794
13.4681
52.0947
125.407
-207.22
-24.0947
159.256
80.225
30.3877
-16.243
71.8652
114.956
18.2133
-99.9699
-112.328
26.0629
-15.7959
67.1172
-338.341
-196.391
-17.6951
37.7406
16.2431
63.257
27.2474
80.3607
-36.6042
38.4065
98.1055
148.675
-228.345
10.5758
56.6888
-44.1419
26.873
-164.236
-29.3891
131.051
336.744
5.05471
-108.326
11.4031
-65.8288
-34.4383
-245.368
331.756
58.9123
87.7753
60.2091
78.9314
29.7368
54.0232
162.11
-72.2185
-140.628
35.6173
216.935
57.8683
-253.954
107.984
26.1273
-113.328
20.2042
91.9573
-45.9926
122.813
-32.0725
-177.354
-55.1888
117.535
50.8748
-192.586
120.4
12.013
96.8666
-324.405
99.3386
43.5508
15.7878
183.764
118.573
200.686
51.7594
80.0734
-90.3976
85.0297
77.0777
-80.1604
-159.907
-100.972
-130.028
89.9857
-15.2214
157.055
-184.93
4.3896
31.1024
44.2123
72.6344
-67.0732
-197.862
-20.3778
195.901
9.46195
12.3007
-66.4685
-89.4842
78.709
54.4572
-80.5259
88.7359
61.8517
77.3339
-36.5829
-153.517
-139.275
73.7327
-8.00674
171.859
134.035
8.17246
18.2479
-10.0651
65.6527
155.094
127.128
43.7205
-1.38514
-7.232
-19.1416
68.0038
-151.274
181.477
-195.879
-1.94761
-68.371
-41.5058
168.633
136.127
-87.3194
-38.8327
21.7028
71.9103
-82.6099
143.774
-102.452
162.437
249.139
179.281
-19.3284
108.148
28.2465
138.501
129.843
184.629
-80.9389
22.8119
23.7073
11.9013
63.497
38.433
63.4132
65.1439
98.3021
-29.8363
125.278
47.753
83.5413
-82.4206
14.9345
106.655
16.8235
-59.2481
112.093
-22.8367
22.8098
-20.4137
84.6206
-7.53316
-78.1244
35.5668
50.2704
-5.55045
-13.0442
-67.6731
37.1525
-7.36919
-96.7411
85.6071
64.9251
29.5112
31.61
-146.441
20.1606
10.8684
11.9333
23.4596
-87.8884
-123.634
65.6558
-106.091
55.566
20.2114
70.8936
55.0596
93.8727
72.0963
141.337
76.6142
-181.511
-262.286
55.9134
-210.158
28.7045
246.893
-154.994
42.75
326.14
7.56881
16.3826
16.4848
-61.2709
-17.6021
-64.5426
332.794
-259.831
165.35
229.054
11.4357
96.7165
19.7174
124.983
18.5799
65.7579
31.4045
54.8097
-90.5935
23.3826
14.3208
44.6572
6.19931
80.6496
42.4126
-26.3544
263.427
-185.453
-118.991
-45.1671
72.2788
20.4718
53.2709
20.0808
327.034
95.9612
37.4991
-223.69
22.3723
-340.076
-111.77
15.7445
-141.07
104.768
113.925
-109.6
-11.8628
89.8212
142.991
155.537
116.75
287.876
-64.5752
-62.2644
44.2141
-66.7732
-7.98501
-7.19085
21.1265
-119.931
61.1222
-65.9639
25.9677
136.318
194.986
27.775
49.3709
57.4337
18.2804
48.5765
-34.4335
31.3261
27.9537
243.77
99.9056
-45.6221
16.8729
-24.049
-110.291
41.8216
147.387
-13.1597
-266.893
5.13459
127.402
67.8865
98.6229
-4.55035
-47.6447
29.8836
198.98
43.0847
-132.394
29.7343
335.401
61.0099
197.363
-22.8026
66.4021
-286.982
53.8804
-121.369
327.375
-14.5507
72.1548
32.5385
30.2228
244.63
59.6546
90.2231
102.695
-124.694
104.531
17.3221
-66.6785
99.4315
-61.6461
196.44
-86.0631
-73.6856
166.131
13.3254
58.3356
-46.5939
36.5462
66.2571
-155.761
18.3978
131.321
46.128
257.838
11.9962
61.9221
-125.514
-332.589
58.8193
242.446
-130.105
-99.787
296.136
111.927
80.5745
30.1177
42.885
205.493
-32.2337
-105.394
44.8293
-6.87084
339.278
35.7279
84.963
271.518
145.675
71.8769
5.08531
95.5029
17.5695
-38.0314
-74.1078
-13.3583
-64.6321
-26.4678
92.4341
-97.1659
25.6393
242.655
88.7519
71.2062
13.4737
17.7005
-194.001
-136.815
73.3965
25.0996
-21.0808
-31.5193
270.872
313.405
-68.145
11.0355
58.2496
80.1648
-10.5092
-15.7629
-233.982
139.217
-7.89117
136.686
-28.5589
-55.0678
305.228
155.864
-55.2085
131.377
-71.9741
-21.8066
71.2539
5.87966
38.5175
84.4315
-58.8643
-69.7908
85.2345
-21.9013
60.0521
27.9115
61.6151
86.6544
126.447
-30.3799
-124.57
30.2483
-20.9736
-52.0985
-90.5595
-87.8226
32.9712
-167.717
299.562
94.0908
73.2643
5.51518
61.5168
87.6696
37.9122
-106.925
-85.8598
-202.575
122.437
23.1948
106.978
-87.5998
-260.522
-92.3819
-31.9944
-90.42
-13.7078
-318.348
139.477
59.5522
-92.4651
23.8507
265.676
18.8154
-187.454
116.781
38.2546
37.1729
73.4887
-43.4465
212.418
59.9907
116.926
269.036
107.996
-37.8181
195.982
125.127
-176.992
31.048
7.03854
-16.3639
57.1396
-84.2579
89.2953
143.454
22.9824
-5.62845
-67.9611
83.4554
-217.206
-127.089
12.0727
-78.5035
22.3323
32.3595
-187.721
252.604
-43.7017
46.7778
-93.7316
-125.959
-116.172
-59.6957
-18.998
-30.4203
-172.295
164.558
108.855
148.297
132.307
-71.1258
49.1208
-122.173
42.8352
-96.9557
10.5371
-109.813
63.2388
82.4639
72.5921
14.4537
-29.7725
-71.862
-61.562
-37.6455
31.8218
-39.0432
50.0977
78.5614
9.87333
204.63
30.3262
90.6509
-80.4182
14.2663
-32.4692
32.1698
192.843
161.523
-244.821
-46.7629
-334.609
53.0099
86.0964
-138.87
9.10372
-60.6399
-21.2622
-99.1425
-126.138
16.9209
-35.8708
4.77704
46.3481
70.5183
35.4604
17.9337
229.655
-265.558
-80.2293
-204.049
-160.98
140.677
-273.113
53.419
95.4067
188.308
25.3765
-66.5726
53.4473
-77.1446
12.4948
289.874
-13.8991
177.279
80.7796
317.302
113.174
-18.1166
-255.353
-15.6959
88.944
197.427
68.0256
71.6946
116.798
291.482
27.4336
17.4737
171.194
-40.855
50.4513
69.5356
-260.7
87.4772
67.2548
42.3849
-64.8382
204.708
26.0906
23.6115
125.54
350.66
95.4217
133.532
-107.699
-57.7698
18.8107
30.7584
97.5665
-41.8228
-143.306
166.328
-42.6306
-10.4094
217.022
-42.666
-8.69918
96.8794
-33.7583
29.4907
-87.6509
-114.541
-69.0056
72.5097
-121.283
-62.6685
28.3435
5.41526
87.3001
330.633
44.4867
107.317
-13.2445
4.93285
157.358
-263.633
135.117
-69.3518
23.7359
75.3914
-113.008
8.87548
45.328
-283.958
35.316
26.9627
-21.8705
26.5839
-15.2906
295.125
26.0237
-59.5922
27.7305
91.0527
114.437
109.382
69.7503
28.1541
128.283
-87.3246
38.1587
285.353
253.019
-160.266
106.632
109.062
102.988
-36.0321
9.81263
336.541
46.7822
-249.113
-61.4259
70.1805
-21.1885
-164.757
-10.8716
63.9179
30.2217
133.418
13.4201
63.8757
-90.6711
-28.7296
38.0503
-43.8523
-64.4977
21.9529
-12.8703
44.4816
25.6304
19.5963
-68.9955
68.365
5.76419
295.683
66.4629
165.941
46.2224
16.353
-142.849
-7.09363
118.347
-26.3103
143.672
37.2625
-10.4787
30.6881
-134.656
-71.7556
26.013
183.823
23.8328
148.261
9.98536
176.036
-22.8966
38.9164
320.434
-128.924
-261.802
-153.715
124.635
-39.1501
199.79
76.1636
211.43
12.65
66.9283
13.9921
-16.5752
77.9366
12.2436
-202.919
192.107
-47.6363
65.111
-45.8438
27.4279
105.393
97.0438
-30.4354
-21.5641
-11.1205
11.6061
-18.3829
15.5321
-50.8541
-72.9311
204.142
-38.6477
41.9192
78.5682
24.2509
9.00901
13.9293
64.7853
96.2417
-10.0313
-292.012
128.117
77.9271
24.7494
351.679
4.30731
-27.1177
12.8042
-70.3358
66.2019
59.2415
69.9859
111.637
210.42
31.8975
-30.8668
92.0677
235.747
-23.6167
15.7817
-50.7613
-5.90002
55.9794
-54.5383
96.1426
123.782
182.338
-199.388
62.1252
109.95
92.8219
50.8556
-99.536
-38.5023
-227.289
-147.205
16.1163
30.8631
12.2517
189.874
-12.0999
42.111
42.3591
-110.564
223.249
24.804
-41.4106
49.5834
-177.547
-61.1908
103.969
-130.996
13.5932
-10.895
91.8255
82.5424
24.6993
-39.2803
113.645
244.069
-10.4414
154.18
-13.567
15.1912
17.4029
-73.2086
-69.6805
9.1719
14.1273
-92.4385
-18.6703
166.47
19.1064
83.2107
39.319
38.0303
-64.897
-109.01
58.5631
40.1905
128.354
11.7628
-138.125
-199.62
72.5124
41.961
-260.094
343.88
-44.2531
-316.159
14.6381
33.8628
-68.7014
352.178
-174.687
-112.473
85.3289
249.593
212.207
22.5961
-81.9367
82.4249
143.285
70.2367
30.1829
-40.1394
-97.7365
20.167
74.844
61.0167
296.412
33.4351
34.2595
-166.338
42.8103
-44.4434
33.5957
4.08122
91.384
53.8989
109.163
77.4646
-21.727
-250.939
-22.7086
-29.4156
43.7621
84.6271
98.4497
85.4564
58.9195
-30.7425
60.272
-173.608
91.4634
89.4265
25.8899
34.0202
14.0509
58.7429
16.4739
-29.4826
85.9022
24.5495
-36.7854
-6.85763
82.8444
50.3537
70.5037
18.5214
-149.272
-6.76085
-45.9442
25.0525
-105.326
74.9786
18.7781
-310.903
60.1707
90.9901
75.7623
15.4825
71.3213
84.8187
33.4316
-63.9929
42.8422
-49.4435
116.393
36.2365
197.954
13.7889
64.5889
86.8248
49.6213
-91.213
268.007
13.5317
29.3604
-35.2757
-210.412
-199.828
45.1214
13.4723
-85.065
-330.879
101.571
-232.427
230.979
14.8268
-24.3291
100.113
64.3376
-35.2051
-18.7694
179.135
90.3684
-76.3606
189.054
-94.0141
-180.35
-104.769
75.1068
62.9939
235.052
34.4718
30.7123
22.8989
49.8907
59.0609
24.1047
61.8022
61.3652
-36.3479
144.974
11.4855
331.185
22.0411
-77.3769
49.312
-8.02875
-340.051
176.139
-74.0641
15.7135
75.964
77.8479
29.8651
-8.18639
59.9392
38.2536
-290.953
36.2459
17.4303
-22.6426
8.1726
32.3399
167.569
-27.9097
187.019
21.7188
-39.5893
22.1658
-291.545
-240.471
260.172
7.73572
72.598
31.7459
-52.4442
141.747
101.799
-151.324
52.03
53.287
-101.753
-273.805
306.265
70.0012
96.2378
42.1337
-160.958
-62.0544
-109.759
46.0755
117.93
62.5754
57.2904
87.1462
29.8691
-19.7146
-108.48
-138.362
-98.287
95.8586
44.1072
-31.192
-74.9565
42.0666
8.68767
-122.046
3.80111
45.231
99.8118
60.9699
22.8768
143.198
42.5493
144.306
27.3976
-12.879
14.6647
6.23026
16.6492
20.505
74.6717
38.5226
-12.3745
-19.6439
139.467
14.3586
12.8353
39.9823
-32.6035
99.536
77.6287
7.61437
-98.7033
38.2394
-35.9402
211.992
-11.8819
69.4359
37.5344
-20.0084
84.8039
-45.313
-72.0411
23.0113
59.4472
-58.3698
43.3167
27.7752
283.926
146.046
14.745
-18.1363
20.561
325.878
329.945
88.5198
-7.94553
37.419
31.2428
34.4034
334.308
-32.5007
18.0444
3.85502
26.3019
-137.035
6.35587
139.264
45.8095
167.698
-121.143
26.5774
80.1127
14.5432
33.9218
140.999
-130.178
112.777
79.5614
14.1856
131.197
10.8293
9.52185
4.28479
-86.8574
93.3274
-18.3624
196.239
52.6748
-32.8943
35.575
17.1047
305.656
20.205
266.371
-8.32581
-94.9751
-10.3464
63.3782
34.3094
303.79
79.6831
131.79
-17.0113
46.1146
30.0841
7.28845
163.839
-102.258
162.885
-80.3541
101.093
-159.805
32.97
78.3625
11.6979
43.206
65.8108
22.4397
350.797
145.896
-35.8996
144.998
62.5062
94.8244
-179.194
-12.3815
132.667
-86.3164
12.2816
-185.229
180.784
70.0331
56.7983
86.6699
-125.627
-192.966
106.574
137.566
51.6556
-31.7285
29.1445
68.2769
127.34
124.892
-28.6933
-33.785
10.3428
-89.6913
18.5089
-23.9741
116.461
-25.1489
82.0203
-112.846
-14.3482
27.0023
37.9908
158.966
104.177
-75.7274
-38.6421
-40.1196
109.397
-68.3399
67.1722
21.8262
46.674
-80.4878
100.035
-36.6246
31.1441
28.6689
20.3638
86.7201
-69.8681
120.151
20.7417
-35.8861
-151.558
-48.7845
25.6687
-127.877
-17.1321
-55.1302
83.2077
318.201
-46.2882
-109.047
86.4126
-16.3424
-3.79362
85.0383
-335.869
93.4316
17.0981
-58.2179
-331.832
70.6295
-47.0607
202.339
-166.957
-37.0983
54.167
33.2533
26.961
-64.4027
42.5607
28.16
-244.483
-31.6241
23.6458
61.6806
18.2051
