13
11
27
24
7
15
17
19
25
16
12
11
13
15
8
12
11
12
17
6
18
9
15
14
15
10
14
7
10
9
16
12
11
20
7
13
7
9
6
14
18
7
20
15
12
9
16
10
14
13
12
19
13
8
14
13
17
15
7
20
14
17
10
19
12
8
19
14
15
6
18
6
20
11
13
17
15
13
8
14
11
9
6
9
14
10
8
16
10
12
8
8
20
10
12
6
18
8
17
15
12
20
14
19
9
9
13
6
13
21
8
12
14
16
12
12
15
6
19
8
8
10
10
12
14
14
15
18
7
15
23
16
7
27
7
9
16
16
6
13
25
14
13
9
9
23
14
6
6
9
17
12
12
6
16
24
20
16
8
13
16
12
18
16
13
17
11
17
7
13
16
16
7
25
8
7
6
19
23
14
16
20
12
24
15
11
9
6
9
12
19
16
12
20
15
18
16
11
20
16
14
11
19
12
12
16
13
14
14
20
14
7
6
12
11
18
14
18
12
7
13
7
13
13
6
8
14
12
7
14
14
9
17
6
15
14
13
17
10
14
7
12
14
7
14
11
9
29
22
20
12
16
10
10
15
10
10
18
6
25
16
13
18
13
40
13
14
10
13
19
13
6
15
9
14
17
14
12
14
11
17
22
9
10
21
14
18
9
9
16
18
23
8
6
13
19
9
17
9
11
11
13
10
8
6
13
16
8
13
8
22
16
19
8
13
13
17
18
15
16
6
6
13
9
10
14
15
18
14
15
32
14
13
7
21
13
18
10
10
6
10
8
19
8
18
17
12
12
13
12
8
10
17
12
13
14
15
9
16
10
14
15
13
9
13
7
20
16
14
10
24
16
20
16
7
15
10
31
10
9
14
29
16
11
19
13
8
17
14
15
8
7
13
15
15
10
11
16
16
16
14
6
15
8
11
9
11
9
14
16
12
18
28
19
11
11
9
17
18
9
7
17
9
13
8
7
9
7
7
13
14
14
11
14
15
6
7
16
9
20
11
17
17
15
10
11
13
18
12
8
9
22
8
7
12
10
17
17
7
10
13
10
7
7
9
16
6
14
13
14
16
14
11
15
19
13
25
19
12
20
12
20
28
9
10
14
23
9
19
22
14
23
23
8
10
15
6
8
8
11
19
8
14
16
8
17
6
13
13
13
19
14
6
8
9
24
15
16
16
14
9
7
15
8
18
26
17
15
10
12
14
9
16
15
8
15
13
12
13
20
18
15
6
8
6
16
18
12
21
15
9
10
20
15
12
11
17
9
15
8
9
12
22
18
17
12
8
16
7
8
7
25
12
6
19
15
9
13
19
9
20
12
9
16
14
15
11
8
18
18
19
7
13
14
12
7
7
10
7
13
17
16
14
16
17
20
9
16
16
7
16
14
16
7
13
9
13
13
11
15
13
16
6
6
15
9
15
11
17
26
14
15
7
16
12
14
13
23
12
10
14
12
9
13
19
12
7
14
15
14
11
31
8
22
15
12
7
7
8
9
11
6
10
8
14
17
24
8
15
6
14
20
13
14
11
7
21
6
10
18
9
13
14
14
9
10
6
23
12
16
7
16
26
10
16
23
6
14
14
8
14
17
10
24
15
6
13
6
18
21
12
6
10
13
18
13
10
13
18
10
6
7
16
25
24
18
7
17
11
20
9
11
7
17
14
6
17
14
14
13
14
21
15
8
14
13
20
11
7
8
17
19
16
19
12
8
13
6
28
10
20
7
13
14
14
12
7
10
11
11
7
14
18
8
13
21
9
27
13
9
14
9
10
11
21
11
17
10
13
21
12
6
7
15
14
20
11
10
24
13
10
17
12
11
17
13
15
15
14
19
7
11
10
19
20
19
15
12
11
6
16
6
13
12
17
10
11
20
16
7
13
17
11
17
16
12
13
11
14
7
6
6
13
17
12
14
9
10
14
20
9
10
9
17
19
15
12
12
23
7
11
21
15
6
8
9
29
14
8
26
17
18
16
8
15
10
15
14
17
24
22
18
14
9
9
17
9
11
20
10
12
20
11
18
13
13
19
12
16
8
17
20
11
6
19
18
12
11
13
9
20
8
9
10
18
13
10
14
17
10
18
18
16
8
11
15
12
11
11
21
14
14
11
18
18
16
19
14
9
10
16
13
12
13
19
14
17
14
16
14
8
6
11
8
19
13
17
16
9
12
15
16
9
7
14
16
16
14
15
7
16
10
7
25
7
6
17
17
13
19
19
16
7
15
23
17
11
9
7
10
6
7
11
7
14
15
15
23
9
8
19
13
7
11
14
13
18
12
7
16
14
14
20
16
16
17
14
18
11
7
11
16
10
11
6
22
27
8
8
14
10
15
12
27
39
14
11
10
16
18
13
11
9
16
15
10
21
19
7
15
19
12
10
16
12
14
13
17
18
12
16
13
13
13
12
13
18
15
15
6
17
25
21
13
6
8
17
9
14
14
9
10
10
8
17
6
15
12
14
20
13
9
16
15
15
16
10
14
18
14
14
6
10
9
7
9
14
15
15
15
6
10
18
10
11
16
15
12
15
16
23
21
22
8
11
10
8
22
9
8
6
14
11
18
19
7
8
16
15
15
24
15
7
14
19
26
15
14
6
15
7
21
21
23
17
22
11
6
6
12
15
9
22
6
6
13
6
11
22
11
17
11
12
9
14
7
12
20
7
14
14
10
6
19
17
11
16
19
15
7
9
20
14
10
17
12
15
13
14
16
9
6
17
14
11
15
11
15
14
10
15
19
11
11
18
8
9
16
10
20
20
13
6
11
12
12
23
10
9
9
13
12
20
15
7
21
13
8
16
7
7
13
19
12
11
14
7
21
21
12
10
15
16
15
17
10
14
16
18
13
14
17
14
15
18
12
18
23
19
17
8
18
11
8
19
6
19
14
22
13
15
16
18
18
15
14
9
17
10
13
15
7
27
22
12
