25
14
19
25
0
19
0
15
3
11
9
20
23
7
8
7
0
15
4
19
21
7
13
11
7
11
14
13
22
4
12
21
14
11
13
30
37
11
0
14
4
12
8
22
0
11
2
5
8
4
7
14
2
15
15
19
4
11
17
12
8
27
32
18
25
4
29
21
19
10
12
2
1
42
8
19
2
23
20
25
13
2
14
10
23
37
8
13
18
4
10
18
10
16
10
15
22
14
3
8
1
26
1
7
1
8
17
9
15
8
15
18
20
0
10
15
2
3
1
3
10
0
17
2
30
6
10
1
18
17
13
29
13
10
4
8
1
8
18
2
3
38
22
1
15
9
3
15
1
32
10
1
16
16
11
7
4
15
13
16
1
9
13
15
0
6
12
21
6
12
0
8
21
22
19
25
16
7
8
14
6
8
13
5
0
1
27
9
7
4
0
2
15
5
2
16
15
31
6
4
0
3
20
5
1
5
13
14
8
10
10
3
6
7
6
16
15
17
5
1
8
41
22
6
34
22
18
1
13
4
17
19
13
1
7
13
15
7
1
7
21
16
4
13
1
8
4
13
16
13
11
15
11
8
13
1
4
7
5
10
10
1
15
10
32
8
20
7
27
9
19
13
9
1
12
18
5
1
17
7
7
14
3
7
25
2
23
1
21
20
1
3
10
24
2
18
18
13
30
13
8
9
21
1
1
9
0
3
7
11
16
7
8
5
18
2
4
14
10
9
30
17
2
3
19
1
9
8
7
5
16
7
11
7
29
6
23
4
11
11
3
9
1
27
7
10
1
34
6
9
1
20
5
6
9
31
1
11
25
4
12
16
25
23
14
13
12
10
5
19
10
0
9
10
11
2
13
22
18
6
3
4
12
12
11
27
8
6
5
15
4
20
0
28
5
24
19
4
16
25
6
4
11
5
0
7
9
13
3
18
5
19
24
25
15
10
5
0
14
3
4
26
33
5
29
16
21
13
13
12
6
9
11
10
11
2
14
18
28
11
39
0
21
9
5
10
16
35
3
4
6
6
4
14
6
0
12
11
7
12
21
17
8
24
4
31
22
8
17
28
5
15
11
6
2
16
11
18
3
12
10
7
1
1
18
3
35
9
9
24
1
5
8
11
16
12
12
7
18
28
13
33
2
4
11
2
7
1
14
1
7
11
15
2
19
4
9
3
19
4
27
1
1
9
20
14
19
15
17
18
4
23
15
12
9
6
9
37
7
16
8
6
4
2
26
14
4
3
6
11
29
7
7
2
22
10
2
16
3
0
2
5
21
15
11
9
6
5
11
13
6
14
4
10
9
28
12
4
9
0
22
10
25
5
4
0
21
1
27
15
7
31
10
11
27
4
8
6
18
2
22
24
14
1
4
19
1
12
15
4
15
11
7
25
23
12
0
27
28
12
11
4
23
0
22
5
2
6
0
12
7
3
14
2
23
3
30
12
5
1
5
2
15
0
1
20
32
0
1
18
0
3
6
15
16
16
19
2
7
13
33
0
3
28
2
31
6
1
3
1
24
11
17
35
0
7
7
4
13
11
23
4
1
1
6
1
14
5
17
15
4
31
15
21
25
14
5
21
10
11
10
7
11
18
21
6
4
18
0
2
1
2
5
10
19
31
38
17
4
0
2
7
5
5
12
28
8
22
6
16
6
3
15
3
14
20
7
7
21
16
3
17
2
24
10
22
5
6
11
6
10
4
2
12
12
6
5
27
6
7
11
15
10
16
21
0
9
1
4
10
28
9
6
3
7
9
27
5
10
18
2
12
14
19
20
8
9
8
6
22
40
26
14
27
9
21
3
21
10
10
15
18
18
7
8
6
3
13
15
13
0
10
8
13
4
8
12
16
9
0
42
1
13
2
6
14
5
6
4
6
15
7
0
13
5
8
7
5
5
8
1
12
17
26
7
8
4
5
10
16
3
18
10
5
5
18
3
3
20
28
27
6
27
15
6
0
12
2
13
12
26
3
4
32
23
2
22
6
23
7
17
2
25
11
18
28
1
2
1
0
9
32
0
21
12
18
20
40
0
41
1
5
10
0
2
19
10
3
1
19
4
25
6
11
10
13
1
11
15
0
8
17
21
29
14
2
4
5
32
1
30
12
12
2
6
19
6
22
4
0
13
7
7
9
14
11
8
18
5
14
22
4
2
17
18
8
7
8
1
28
5
18
2
0
5
13
3
16
4
5
16
17
13
11
13
29
5
7
9
7
1
12
19
28
19
16
4
13
6
6
12
21
10
0
1
19
16
2
7
27
30
8
8
14
0
13
10
12
7
12
7
6
14
8
8
8
9
4
8
9
2
18
29
29
21
23
30
33
2
8
13
6
6
1
13
16
22
1
20
29
7
24
13
0
5
0
22
1
4
22
9
2
11
8
3
11
3
9
14
20
42
10
1
4
10
8
6
3
19
3
9
8
13
4
6
25
29
1
2
13
3
9
12
15
9
13
11
7
1
4
7
7
6
12
2
32
17
17
23
2
17
6
10
16
11
12
21
24
17
2
6
9
13
8
18
15
2
8
8
9
7
4
29
14
7
17
14
12
12
1
1
10
17
35
19
3
10
17
12
15
3
1
22
3
18
3
5
22
5
26
8
5
1
18
31
20
6
11
29
6
25
7
9
10
26
13
23
25
3
13
4
24
9
20
14
1
16
9
14
11
18
2
14
10
12
20
26
19
7
12
2
11
0
2
6
2
29
8
8
10
1
2
28
3
5
4
12
29
0
14
5
12
1
16
9
2
2
11
3
0
4
10
14
18
9
5
15
3
1
16
25
12
7
7
6
9
25
8
16
8
14
8
13
14
1
4
10
32
7
9
1
13
17
27
21
17
20
9
27
10
4
4
21
1
20
15
14
19
6
9
5
11
6
13
28
9
23
14
2
11
5
4
8
18
16
14
4
6
20
19
6
28
1
12
15
