1
13
26
33
34
36
38
56
57
58
61
73
88
92
96
105
121
127
129
130
134
139
141
145
165
187
190
198
202
207
215
215
222
223
247
250
261
264
274
277
280
281
289
294
303
313
323
325
325
326
326
344
346
349
366
373
388
390
397
399
401
410
411
414
424
427
430
447
460
461
473
502
503
505
516
531
532
537
547
549
550
553
558
563
566
569
583
610
610
611
621
622
623
625
646
649
650
657
675
677
686
696
697
702
703
707
709
721
723
726
728
730
732
734
738
741
751
770
776
779
786
787
792
804
810
812
821
834
844
850
851
869
871
872
872
873
874
875
884
891
891
899
899
918
927
938
940
944
981
986
993
994
999
1015
1038
1045
1058
1059
1064
1066
1080
1091
1107
1131
1133
1133
1150
1152
1160
1160
1161
1163
1164
1176
1192
1195
1202
1211
1212
1214
1220
1231
1234
1234
1235
1235
1246
1249
1255
1256
1261
1273
1279
1299
1311
1318
1335
1338
1338
1345
1354
1375
1385
1394
1408
1415
1417
1419
1420
1420
1425
1434
1445
1449
1461
1463
1467
1467
1488
1490
1505
1508
1510
1512
1536
1542
1546
1547
1549
1552
1556
1562
1569
1570
1575
1577
1582
1582
1590
1601
1635
1639
1643
1645
1646
1654
1660
1666
1685
1687
1689
1691
1699
1709
1734
1735
1737
1773
1780
1790
1792
1793
1813
1827
1835
1882
1895
1899
1908
1916
1921
1963
1965
1971
1980
1983
1989
1995
1997
1998
2000
2005
2008
2013
2019
2028
2067
2092
2098
2108
2118
2133
2138
2140
2148
2149
2154
2158
2161
2168
2175
2176
2184
2185
2202
2203
2217
2220
2232
2245
2248
2263
2272
2273
2277
2277
2288
2290
2291
2294
2298
2303
2310
2316
2318
2319
2324
2358
2370
2372
2375
2377
2386
2391
2397
2415
2416
2426
2428
2441
2442
2473
2475
2483
2484
2484
2485
2503
2508
2512
2515
2527
2538
2539
2545
2550
2562
2563
2567
2578
2583
2593
2597
2600
2615
2616
2636
2639
2641
2643
2663
2665
2670
2671
2679
2690
2701
2703
2703
2704
2725
2726
2736
2739
2748
2758
2764
2764
2764
2778
2798
2804
2811
2814
2819
2827
2833
2836
2852
2853
2886
2898
2898
2906
2915
2917
2922
2928
2930
2937
2951
2967
2975
2975
2988
2988
2990
3018
3018
3019
3020
3032
3035
3039
3043
3065
3069
3081
3085
3091
3096
3103
3133
3137
3137
3138
3139
3148
3155
3155
3164
3165
3180
3186
3192
3195
3202
3206
3211
3220
3247
3254
3258
3268
3276
3310
3328
3340
3369
3370
3373
3375
3378
3380
3380
3387
3394
3414
3418
3437
3446
3449
3470
3471
3474
3474
3477
3479
3481
3487
3498
3500
3501
3506
3514
3517
3533
3561
3565
3568
3570
3578
3583
3588
3590
3602
3617
3622
3623
3630
3653
3660
3661
3669
3684
3695
3715
3718
3727
3736
3739
3756
3765
3782
3794
3800
3801
3810
3824
3839
3867
3870
3886
3912
3914
3924
3928
3951
3953
3976
3977
3983
3985
3989
3990
3992
3998
4001
4029
4070
4071
4078
4082
4086
4088
4091
4112
4133
4134
4148
4153
4172
4173
4180
4181
4195
4195
4203
4203
4212
4224
4246
4257
4266
4269
4277
4297
4315
4318
4327
4328
4329
4331
4334
4346
4373
4374
4379
4397
4411
4412
4424
4426
4441
4445
4449
4458
4464
4465
4472
4493
4497
4498
4499
4501
4514
4516
4521
4525
4525
4536
4542
4556
4571
4585
4589
4590
4590
4593
4609
4616
4617
4630
4641
4672
4673
4677
4678
4678
4680
4685
4687
4689
4698
4703
4707
4708
4710
4711
4715
4717
4730
4739
4740
4743
4745
4747
4749
4754
4756
4757
4758
4760
4776
4796
4800
4801
4806
4822
4823
4840
4851
4864
4868
4868
4870
4877
4878
4900
4905
4907
4922
4928
4936
4940
4947
4949
4956
4970
4978
4984
4987
4990
4991
4991
4992
5000
5002
5006
5006
5023
5024
5041
5045
5048
5079
5167
5167
5169
5169
5169
5171
5176
5177
5196
5200
5226
5231
5245
5248
5252
5258
5263
5266
5269
5274
5275
5277
5290
5305
5319
5332
5342
5363
5370
5372
5376
5378
5379
5395
5401
5403
5414
5430
5430
5432
5456
5461
5474
5478
5480
5490
5497
5498
5518
5545
5548
5550
5557
5585
5587
5591
5604
5608
5608
5614
5615
5616
5618
5621
5625
5628
5644
5650
5660
5661
5671
5679
5680
5688
5695
5695
5715
5724
5726
5731
5733
5736
5739
5744
5768
5772
5777
5783
5783
5784
5785
5799
5799
5804
5804
5806
5807
5809
5814
5821
5824
5826
5827
5829
5843
5871
5872
5895
5896
5904
5909
5910
5914
5924
5956
5958
5959
5963
5968
5972
5982
5982
5996
6005
6006
6011
6029
6031
6031
6042
6053
6054
6061
6063
6064
6073
6082
6082
6086
6091
6094
6096
6126
6133
6134
6142
6149
6154
6167
6169
6178
6179
6179
6181
6187
6188
6190
6200
6201
6208
6211
6215
6228
6228
6242
6242
6252
6265
6266
6270
6279
6283
6291
6294
6297
6310
6311
6319
6321
6329
6331
6364
6382
6389
6391
6392
6430
6433
6453
6455
6482
6488
6488
6492
6498
6499
6507
6508
6509
6519
6519
6532
6546
6549
6551
6556
6567
6572
6572
6585
6587
6593
6600
6618
6619
6627
6628
6632
6637
6645
6645
6651
6652
6657
6660
6660
6664
6678
6680
6683
6684
6689
6691
6693
6694
6704
6711
6729
6744
6754
6762
6766
6776
6791
6791
6812
6814
6820
6830
6835
6840
6842
6844
6870
6893
6895
6897
6900
6905
6910
6917
6924
6928
6932
6933
6934
6952
6960
6964
6970
6975
6976
6997
6998
6999
7005
7008
7012
7014
7017
7025
7029
7036
7038
7038
7044
7066
7079
7080
7087
7089
7096
7104
7108
7111
7116
7155
7157
7159
7159
7159
7167
7169
7170
7171
7183
7199
7204
7206
7212
7228
7234
7239
7246
7252
7260
7269
7269
7297
7297
7319
7320
7325
7344
7352
7376
7387
7389
7390
7395
7421
7423
7438
7439
7442
7443
7457
7465
7469
7470
7474
7476
7512
7524
7525
7534
7543
7545
7547
7547
7557
7559
7569
7591
7606
7607
7614
7615
7616
7623
7631
7634
7642
7644
7644
7646
7650
7651
7654
7669
7670
7671
7676
7677
7687
7697
7700
7703
7706
7726
7728
7728
7738
7740
7743
7746
7748
7751
7754
7778
7779
7779
7779
7784
7787
7819
7825
7826
7842
7849
7857
7866
7878
7884
7906
7917
7940
7943
7943
7946
7952
7955
7968
7970
7981
7992
7992
7994
7995
7998
8014
8019
8021
8022
8034
8066
8079
8086
8090
8096
8096
8101
8132
8150
8153
8164
8168
8190
8191
8218
8218
8219
8220
8225
8244
8244
8252
8265
8268
8269
8270
8277
8295
8295
8320
8339
8355
8365
8365
8383
8385
8399
8410
8415
8439
8442
8444
8448
8451
8453
8472
8473
8483
8488
8495
8507
8518
8519
8549
8551
8554
8559
8563
8564
8576
8595
8599
8610
8611
8611
8621
8626
8645
8646
8656
8662
8669
8677
8679
8691
8699
8704
8704
8710
8724
8729
8731
8731
8731
8741
8748
8757
8758
8765
8769
8776
8777
8793
8805
8811
8812
8823
8824
8832
8832
8833
8836
8847
8854
8857
8862
8863
8864
8868
8874
8874
8881
8897
8899
8906
8908
8912
8913
8915
8919
8936
8940
8942
8943
8944
8947
8952
8956
8966
8967
8971
8989
8994
9003
9014
9033
9034
9037
9039
9052
9063
9087
9098
9121
9121
9129
9150
9160
9160
9177
9183
9184
9192
9195
9198
9202
9202
9202
9208
9220
9222
9230
9240
9264
9280
9288
9291
9294
9302
9309
9319
9332
9333
9337
9348
9354
9373
9377
9387
9399
9407
9414
9427
9430
9438
9454
9455
9470
9472
9506
9522
9522
9530
9532
9533
9534
9544
9573
9580
9583
9584
9585
9595
9612
9617
9625
9641
9644
9645
9647
9653
9664
9667
9671
9673
9680
9681
9686
9689
9701
9711
9716
9721
9728
9755
9757
9763
9781
9786
9787
9790
9795
9796
9803
9807
9807
9812
9813
9815
9835
9835
9848
9852
9852
9865
9880
9886
9889
9890
9891
9894
9897
9904
9906
9909
9916
9924
9925
9928
9931
9934
9944
9946
9973
9976
9979
9986
10001
10016
10020
10021
10028
10034
10051
10066
10068
10070
10071
10075
10079
10081
10087
10089
10090
10091
10091
10108
10114
10121
10145
10149
10150
10157
10166
10170
10171
10175
10197
10216
10225
10239
10240
10242
10242
10245
10246
10250
10255
10262
10266
10267
10282
10282
10286
10288
10290
10310
10311
10312
10316
10332
10340
10346
10355
10358
10366
10366
10375
10392
10399
10404
10434
10435
10436
10445
10455
10462
10472
10476
10482
10484
10522
10522
10540
10548
10567
10569
10598
10620
10643
10650
10652
10654
10656
10667
10682
10692
10695
10697
10716
10719
10724
10725
10736
10736
10742
10769
10787
10788
10794
10799
10800
10803
10804
10805
10818
10819
10820
10830
10832
10855
10861
10866
10875
10885
10888
10907
10916
10923
10933
10936
10950
10953
10954
10964
10966
10980
10980
10984
10991
10997
11006
11010
11018
11026
11029
11033
11041
11044
11065
11068
11077
11090
11093
11098
11110
11114
11124
11127
11135
11145
11153
11157
11158
11159
11198
11205
11217
11245
11245
11251
11267
11269
11273
11287
11301
11304
11309
11315
11317
11324
11335
11344
11357
11385
11392
11404
11410
11421
11423
11424
11444
11447
11449
11451
11463
11488
11520
11531
11540
11567
11575
11579
11602
11605
11611
11617
11619
11634
11640
11642
11643
11668
11682
11688
11695
11701
11701
11701
11704
11707
11716
11732
11741
11744
11771
11782
11786
11788
11807
11812
11822
11824
11825
11827
11845
11845
11851
11859
11868
11881
11897
11898
11900
11901
11903
11909
11921
11929
11930
11939
11942
11943
11950
11957
11957
11966
11977
11994
11995
11998
11998
12000
12004
12011
12013
12038
12042
12044
12047
12056
12057
12061
12079
12087
12096
12099
12102
12162
12163
12163
12166
12166
12167
12168
12170
12177
12178
12186
12189
12199
12199
12200
12201
12207
12221
12231
12231
12236
12240
12256
12257
12258
12261
12263
12267
12280
12288
12289
12304
12314
12318
12327
12335
12335
12336
12348
12351
12356
12357
12357
12363
12365
12365
12367
12379
12386
12390
12406
12408
12409
12412
12437
12445
12461
12464
12479
12494
12502
12508
12517
12520
12520
12523
12533
12541
12558
12559
12569
12571
12577
12577
12581
12582
12588
12592
12594
12604
12604
12611
12612
12618
12619
12630
12641
12641
12643
12644
12645
12648
12652
12653
12653
12655
12666
12667
12668
12675
12682
12699
12700
12708
12718
12744
12744
12748
12749
12752
12752
12765
12775
12776
12777
12784
12788
12798
12814
12815
12817
12819
12838
12843
12846
12865
12874
12874
12875
12877
12877
12878
12893
12907
12912
12915
12922
12942
12954
12959
12973
12975
12980
12983
12988
12989
12990
12994
12997
13001
13010
13048
13054
13070
13075
13075
13079
13084
13085
13096
13121
13124
13125
13138
13142
13160
13161
13170
13183
13209
13211
13214
13220
13223
13227
13256
13267
13269
13273
13282
13301
13302
13329
13333
13356
13360
13371
13384
13387
13390
13408
13414
13424
13427
13427
13427
13439
13445
13458
13461
13467
13476
13485
13489
13490
13495
13495
13499
13503
13505
13512
13514
13520
13528
13532
13535
13541
13541
13542
13558
13558
13562
13567
13587
13608
13624
13632
13635
13636
13636
13637
13648
13654
13664
13672
13675
13676
13683
13691
13701
13702
13705
13706
13707
13709
13713
13715
13719
13739
13742
13744
13746
13747
13748
13754
13773
13788
13789
13790
13801
13803
13805
13811
13812
13815
13815
13822
13824
13829
13833
13848
13859
13873
13879
13881
13891
13896
13900
13902
13913
13914
13915
13924
13930
13945
13955
13976
13986
13987
13988
13990
14001
14015
14022
14043
14043
14047
14064
14067
14069
14081
14085
14089
14095
14126
14133
14142
14161
14163
14169
14172
14182
14184
14190
14192
14200
14219
14244
14246
14249
14260
14261
14262
14277
14293
14298
14303
14303
14321
14322
14324
14325
14333
14335
14352
14357
14360
14363
14369
14369
14375
14384
14389
14393
14396
14398
14408
14412
14419
14428
14429
14429
14433
14433
14442
14443
14446
14447
14448
14453
14456
14476
14485
14488
14494
14499
14504
14504
14516
14525
14529
14536
14539
14543
14560
14568
14570
14571
14582
14609
14609
14615
14624
14626
14631
14639
14652
14652
14657
14662
14663
14666
14675
14676
14690
14693
14705
14719
14723
14723
14732
14736
14737
14740
14745
14746
14749
14759
14767
14769
14773
14773
14789
14793
14798
14803
14806
14814
14821
14823
14832
14833
14840
14850
14854
14858
14878
14884
14885
14887
14888
14893
14902
14904
14922
14926
14929
14930
14930
14932
14940
14944
14944
14944
14948
14967
14973
14976
14981
14985
14985
14995
15001
15014
15036
15038
15038
15043
15047
15059
15067
15071
15071
15072
15074
15075
15078
15079
15085
15086
15090
15096
15099
15116
15123
15123
15125
15127
15147
15153
15158
15158
15165
15166
15168
15176
15179
15182
15200
15200
15203
15210
15215
15216
15216
15219
15224
15226
15230
15233
15242
15247
15249
15253
15265
15269
15275
15279
15286
15296
15314
15317
15318
15328
15331
15335
15336
15345
15354
15365
15381
15392
15398
15405
15423
15428
15429
15449
15451
15451
15453
15460
15461
15479
15480
15484
15490
15490
15498
15500
15511
15512
15519
15546
15574
15578
15587
15590
15593
15599
15601
15605
15611
15615
15621
15640
15642
15643
15644
15645
15649
15673
15684
15686
15692
15697
15699
15716
15720
15723
15726
15729
15731
15736
15740
15742
15752
15755
15755
15764
15771
15778
15780
15792
15794
15796
15802
15810
15818
15819
15821
15827
15836
15852
15858
15870
15874
15881
15915
15926
15928
15930
15931
15936
15936
15947
15962
15963
15988
15990
15999
16001
16005
16008
16011
16018
16021
16027
16057
16060
16062
16084
16088
16091
16094
16098
16113
16119
16120
16121
16133
16136
16144
16152
16155
16174
16175
16176
16184
16185
16187
16188
16188
16195
16196
16200
16205
16208
16222
16251
16255
16257
16267
16272
16282
16283
16284
16288
16298
16301
16302
16304
16307
16313
16318
16323
16335
16336
16344
16346
16352
16367
16374
16378
16409
16419
16419
16423
16426
16436
16455
16455
16461
16461
16463
16475
16484
16486
16502
16514
16542
16544
16545
16546
16548
16552
16555
16556
16576
16584
16586
16587
16588
16591
16604
16608
16622
16624
16627
16627
16636
16642
16660
16663
16666
16667
16679
16684
16690
16699
16702
16703
16712
16716
16722
16725
16750
16754
16767
16772
16778
16779
16802
16803
16817
16818
16823
16830
16841
16841
16844
16854
16862
16881
16886
16897
16900
16901
16911
16916
16935
16942
16960
16969
16976
16987
17015
17015
17028
17033
17048
17069
17075
17081
17084
17084
17085
17088
17097
17099
17109
17115
17123
17138
17152
17161
17164
17169
17176
17180
17180
17180
17181
17182
17188
17201
17204
17205
17207
17209
17209
17232
17238
17241
17258
17259
17263
17269
17270
17275
17280
17285
17286
17286
17287
17290
17324
17344
17348
17374
17388
17409
17410
17412
17414
17415
17424
17429
17458
17461
17461
17465
17475
17482
17515
17524
17537
17571
17577
17583
17591
17592
17602
17615
17632
17633
17637
17639
17654
17657
17662
17662
17676
17691
17738
17741
17753
17754
17757
17766
17768
17769
17770
17773
17781
17802
17808
17810
17812
17815
17816
17824
17841
17843
17845
17851
17851
17853
17855
17856
17859
17873
17877
17881
17882
17882
17918
17929
17939
17948
17949
17974
17978
17980
17987
17989
17993
17993
17996
18017
18018
18023
18029
18031
18035
18036
18043
18046
18048
18055
18076
18077
18077
18081
18088
18098
18102
18103
18108
18113
18114
18122
18134
18138
18143
18158
18165
18167
18174
18184
18192
18207
18228
18233
18233
18235
18256
18271
18284
18289
18305
18311
18326
18329
18332
18333
18337
18351
18351
18357
18362
18371
18376
18377
18384
18402
18405
18409
18410
18413
18438
18452
18457
18464
18469
18469
18476
18480
18485
18488
18489
18497
18502
18506
18508
18512
18514
18523
18539
18541
18548
18549
18562
18564
18579
18583
18585
18597
18608
18615
18627
18639
18647
18651
18655
18663
18690
18718
18735
18736
18737
18743
18758
18759
18770
18776
18777
18781
18794
18807
18812
18819
18826
18831
18834
18847
18851
18866
18878
18886
18887
18891
18893
18897
18918
18925
18942
18950
18954
18957
18962
18974
18981
18986
18998
19008
19020
19036
19039
19042
19050
19068
19074
19076
19092
19101
19108
19119
19137
19162
19165
19179
19180
19190
19191
19193
19210
19215
19219
19222
19276
19279
19279
19283
19293
19293
19297
19298
19304
19305
19307
19336
19349
19361
19371
19384
19385
19389
19394
19397
19426
19427
19431
19449
19452
19452
19465
19468
19484
19494
19495
19510
19513
19527
19530
19541
19545
19549
19560
19563
19564
19576
19577
19579
19601
19602
19605
19608
19625
19637
19646
19664
19673
19676
19683
19692
19704
19713
19713
19719
19726
19729
19744
19745
19747
19748
19751
19752
19759
19805
19809
19828
19831
19835
19839
19846
19852
19852
19860
19862
19862
19864
19878
19880
19892
19894
19905
19911
19920
19922
19929
19930
19934
19936
19942
19944
19944
19945
19945
19946
19947
19947
19950
19952
19956
19963
19965
19971
19977
19980
