0.368241
0.85056
0.851454
0.576426
0.543191
0.416548
0.246724
0.376719
0.993387
0.857107
0.744166
0.605486
0.366934
0.738486
0.460588
0.646084
0.629771
0.585883
0.459074
0.234171
0.899254
0.719364
0.263905
0.769888
0.244208
0.245675
0.287358
0.24109
0.650907
0.909484
0.799769
0.996592
0.955854
0.54423
0.497506
0.4035
0.855033
0.889853
0.336794
0.34162
0.848798
0.645654
0.81963
0.876468
0.800274
0.224023
0.783936
0.785994
0.539841
0.616656
0.507092
0.333842
0.72123
0.755827
0.756118
0.485935
0.841069
0.710786
0.438358
0.852838
0.542473
0.266225
0.998144
0.687104
0.816355
0.878384
0.397634
0.995901
0.701356
0.762237
0.579792
0.332941
0.905915
0.728177
0.443967
0.219929
0.465623
0.300085
0.278947
0.589687
0.906964
0.886131
0.829395
0.591187
0.649425
0.411575
0.221798
0.558488
0.782741
0.977749
0.784092
0.218315
0.453426
0.938391
0.226993
0.627209
0.873161
0.521999
0.576922
0.922686
0.356885
0.225883
0.295168
0.86547
0.659931
0.870639
0.456494
0.776434
0.442551
0.203795
0.853531
0.387722
0.807265
0.291942
0.926144
0.837419
0.805835
0.221412
0.484455
0.524527
0.295625
0.330297
0.886562
0.737053
0.999973
0.65593
0.203817
0.53476
0.797982
0.525045
0.686705
0.819593
0.357338
0.266392
0.559612
0.996877
0.628787
0.345633
0.386198
0.707015
0.667195
0.674539
0.799899
0.344048
0.63466
0.203537
0.233126
0.214378
0.698925
0.261978
0.2762
0.33758
0.282901
0.308539
0.218136
0.85716
0.722642
0.41455
0.827243
0.901018
0.923802
0.862243
0.757171
0.617426
0.220264
0.747325
0.317463
0.28372
0.361487
0.859748
0.501473
0.617638
0.696703
0.857164
0.845758
0.450823
0.686955
0.869529
0.93805
0.739466
0.45485
0.397965
0.802401
0.507653
0.426149
0.633587
0.565708
0.990398
0.493215
0.343922
0.233387
0.990587
0.68578
0.974768
0.797641
0.582331
0.999458
0.833778
0.815198
0.805655
0.715898
0.34012
0.47986
0.765467
0.226
0.289268
0.500128
0.708516
0.623892
0.535056
0.436265
0.537385
0.599236
0.473536
0.503327
0.687418
0.227169
0.567358
0.732484
0.6815
0.880504
0.241285
0.323886
0.554947
0.987335
0.855753
0.871446
0.441598
0.21297
0.429215
0.953581
0.731933
0.539724
0.302145
0.276723
0.480189
0.558841
0.6793
0.260358
0.808629
0.922138
0.352452
0.463687
0.514719
0.861848
0.918792
0.803649
0.567525
0.875001
0.774643
0.569006
0.417761
0.303184
0.226209
0.757516
0.585447
0.253589
0.208816
0.257331
0.598654
0.234646
0.26286
0.492184
0.435829
0.651556
0.500222
0.601074
0.992129
0.254801
0.937894
0.98922
0.343336
0.646941
0.644678
0.815729
0.946181
0.490805
0.995659
0.999132
0.831909
0.803802
0.997136
0.564586
0.865014
0.553579
0.314212
0.836524
0.795374
0.491895
0.61425
0.819158
0.338949
0.771524
0.875365
0.722573
0.857249
0.534257
0.468966
0.230919
0.805705
0.916578
0.84016
0.752061
0.872912
0.455896
0.863434
0.801897
0.87429
0.846244
0.2036
0.201033
0.541144
0.225383
0.501573
0.609992
0.279651
0.534948
0.61624
0.223996
0.24668
0.660299
0.783097
0.294178
0.35958
0.723769
0.403288
0.722094
0.719992
0.717286
0.500486
0.838672
0.33128
0.429035
0.362462
0.381485
0.481633
0.556567
0.442758
0.212096
0.936884
0.998526
0.969874
0.206788
0.875087
0.669785
0.261684
0.220068
0.695132
0.831998
0.740291
0.331995
0.6272
0.845618
0.871148
0.227742
0.70574
0.585613
0.239312
0.848871
0.275419
0.248639
0.774506
0.34722
0.591335
0.433043
0.61867
0.655008
0.400006
0.483553
0.377611
0.402715
0.256989
0.87501
0.553062
0.53251
0.601748
0.867999
0.580577
0.999901
0.843644
0.431165
0.430686
0.231895
0.261967
0.389084
0.999752
0.928292
0.33749
0.419383
0.874421
0.215523
0.749911
0.710858
0.999496
0.699831
0.877605
0.663908
0.266909
0.23538
0.350498
0.80676
0.912811
0.582522
0.611053
0.391525
0.864751
0.615916
0.544408
0.524947
0.775927
0.429915
0.684614
0.231347
0.491689
0.339136
0.866773
0.618861
0.599563
0.363228
0.729462
0.672234
0.670993
0.63964
0.824965
0.875231
0.851951
0.607553
0.79553
0.802314
0.350685
0.855736
0.999372
0.505593
0.862727
0.203136
0.467672
0.984216
0.633065
0.2689
0.802838
0.238077
0.705859
0.438644
0.920613
0.281442
0.559313
0.548011
0.557526
0.319046
0.839739
0.501855
0.691702
0.915033
0.248926
0.999194
0.902821
0.442903
0.796253
0.263048
0.233257
0.698276
0.259812
0.50447
0.413679
0.926273
0.290235
0.689648
0.278764
0.640081
0.280879
0.221242
0.205966
0.822374
0.4623
0.582719
0.95536
0.270292
0.525953
0.280566
0.607626
0.306665
0.265528
0.553622
0.56966
0.997907
0.211816
0.898665
0.220193
0.781407
0.746451
0.77761
0.25967
0.832936
0.689605
0.21787
0.764346
0.622032
0.242074
0.394029
0.207642
0.822802
0.916868
0.207749
0.319853
0.666577
0.924288
0.976463
0.526731
0.949526
0.518602
0.824899
0.999924
0.416894
0.788898
0.86473
0.630779
0.875897
0.390446
0.400381
0.998694
0.304784
0.287784
0.77255
0.372785
0.939688
0.22037
0.213529
0.81729
0.813658
0.524623
0.82139
0.852937
0.476978
0.921251
0.331573
0.388296
0.994926
0.761999
0.845318
0.877132
0.899683
0.773787
0.721345
0.833804
0.84544
0.654793
0.924715
0.509396
0.464534
0.818293
0.373113
0.764257
0.373814
0.737781
0.31904
0.230143
0.637548
0.797688
0.615536
0.528271
0.253134
0.303888
0.348439
0.986237
0.743594
0.485677
0.435581
0.548212
0.907844
0.85652
0.38247
0.886915
0.638418
0.825719
0.299959
0.789108
0.680439
0.440046
0.589902
0.928526
0.933919
0.490019
0.830915
0.854877
0.903815
0.919852
0.330683
0.898965
0.931458
0.87746
0.88617
0.939192
0.497793
0.261883
0.997965
0.763057
0.999886
0.843093
0.601837
0.601124
0.467695
0.384039
0.737276
0.497706
0.864579
0.744376
0.744989
0.335594
0.484863
0.549091
0.62508
0.714651
0.485251
0.482032
0.504975
0.237154
0.949623
0.813243
0.781476
0.762661
0.527036
0.871395
0.683383
0.806296
0.74306
0.750514
0.23472
0.866619
0.616758
0.545432
0.343317
0.474881
0.999991
0.702913
0.871827
0.99994
0.823544
0.830188
0.517153
0.334246
0.666056
0.316212
0.424229
0.410353
0.806639
0.631541
0.829872
0.693382
0.300991
0.311658
0.279476
0.520173
0.857129
0.698546
0.516932
0.777812
0.574605
0.874967
0.248678
0.216347
0.722694
0.433889
0.469739
0.234341
0.520074
0.984391
0.404304
0.768797
0.687086
0.275449
0.324242
0.920901
0.746986
0.802232
0.923032
0.42811
0.9961
0.784419
0.863094
0.315439
0.52392
0.260167
0.901607
0.277724
0.781645
0.999002
0.683819
0.874726
0.799916
0.785333
0.658705
0.502275
0.368866
0.916063
0.811799
0.749299
0.334328
0.733539
0.475971
0.244079
0.776562
0.425824
0.255955
0.738189
0.305036
0.282329
0.829228
0.750001
0.631077
0.666375
0.596714
0.334673
0.366847
0.656685
0.261016
0.643275
0.706517
0.367691
0.73669
0.354845
0.984873
0.996968
0.368465
0.805618
0.768432
0.978009
0.645894
0.683201
0.778707
0.999864
0.696387
0.347634
0.236983
0.709176
0.692504
0.875038
0.736422
0.749464
0.857281
0.360159
0.587072
0.867981
0.607105
0.338785
0.868955
0.545414
0.632987
0.307649
0.835582
0.441355
0.789174
0.678763
0.420855
0.390842
0.559975
0.433089
0.211467
0.937209
0.684602
0.651964
0.208361
0.444916
0.930565
0.240502
0.377661
0.477129
0.83146
0.686032
0.851166
0.45235
0.690111
0.335362
0.307072
0.767503
0.564834
0.476733
0.304774
0.616252
0.928079
0.992172
0.280682
0.675304
0.415683
0.443877
0.807353
0.242716
0.591719
0.465937
0.769081
0.712507
0.633936
0.999194
0.754472
0.643692
0.667515
0.274923
0.933327
0.627267
0.466356
0.649726
0.455255
0.536238
0.713313
0.852127
0.288764
0.689341
0.650042
0.840198
0.441744
0.394097
0.829754
0.714254
0.625471
0.555191
0.64262
0.294338
0.25472
0.77729
0.76022
0.413417
0.291262
0.324029
0.751126
0.45967
0.294519
0.999523
0.471263
0.400039
0.77779
0.909837
0.773715
0.799767
0.847721
0.36683
0.521015
0.864915
0.684187
0.880425
0.451886
0.672706
0.475863
0.711626
0.778261
0.608491
0.799193
0.575308
0.214418
0.907091
0.788853
0.576323
0.745308
0.997231
0.462523
0.869944
0.880173
0.891249
0.898557
0.528205
0.801529
0.279632
0.963896
0.749849
0.835217
0.746448
0.824363
0.347917
0.284392
0.7507
0.476258
0.799452
0.772343
0.790883
0.676716
0.691679
0.989604
0.811087
0.225028
0.46893
0.783033
0.269994
0.662491
0.9769
0.562302
0.631164
0.90508
0.999949
0.832909
0.233982
0.320711
0.557262
0.99998
0.778726
0.473047
0.740629
0.793418
0.347656
0.612352
0.254769
0.893308
0.643894
0.278601
0.930935
0.866506
0.222635
0.928708
0.830094
0.499465
0.557508
0.671326
0.865138
0.644712
0.305068
0.226788
0.249114
0.244567
0.2749
0.892431
0.243448
0.665811
0.279924
0.888716
0.38157
0.89742
0.638671
0.733512
0.202109
0.928344
0.281959
0.727724
0.639688
0.923604
0.779963
0.460829
0.205744
0.795553
0.270808
0.727651
0.866744
0.709309
0.879494
0.344458
0.889217
0.812798
0.34239
0.483863
0.999255
0.882208
0.677927
0.427475
0.903078
0.999475
0.667678
0.828799
0.780367
0.779398
0.841258
0.694399
0.323619
0.822756
0.998109
0.341804
0.266217
0.233561
0.401899
0.316987
0.626794
0.599764
0.217919
0.815585
0.636709
0.800017
0.793302
0.768376
0.907272
0.692722
0.833159
0.324236
0.919482
0.402854
0.409254
0.217875
0.511578
0.864917
0.558145
0.607657
0.569187
0.925374
0.933295
0.908863
0.999603
0.891317
0.459163
0.709104
0.557868
0.827006
0.629325
0.859452
0.615826
0.739957
0.732942
0.381084
0.640609
0.837154
0.415394
0.358768
0.331748
0.817284
0.767667
0.445951
0.780536
0.688133
0.222602
0.316903
0.225555
0.362995
0.220287
0.5519
0.702806
0.409669
0.718976
0.425841
0.967929
0.538144
0.660859
0.705505
0.616063
0.866465
0.214666
0.910139
0.874779
0.747671
0.226365
0.20699
0.706425
0.619034
0.694931
0.997564
0.984972
0.331789
0.243398
0.712112
0.495424
0.944299
0.481234
0.882183
0.231055
0.86816
0.301951
0.741578
0.833577
0.422692
0.998722
0.879305
0.676115
0.663384
0.571666
0.721757
0.715136
0.855244
0.274978
0.96969
0.558005
0.927346
0.746275
0.73156
0.747061
0.568805
0.365503
0.649686
0.823598
0.357318
0.555531
0.95186
0.363464
0.927462
0.702394
0.836808
0.220104
0.799423
0.521996
0.878723
0.572366
0.721246
0.437451
0.329246
0.380631
0.250577
0.905942
0.707353
0.717216
0.865968
0.655815
0.355548
0.43126
0.33497
0.815284
0.254609
0.359556
0.223508
0.700098
0.305007
0.221435
0.8249
0.733295
0.545394
0.428612
0.60263
0.658061
0.452781
0.774673
0.659351
0.402558
0.928334
0.763253
0.223012
0.255013
0.812461
0.956907
0.988691
0.853991
0.903825
0.924276
0.256294
0.932308
0.748334
0.219812
0.71063
0.734025
0.235719
0.455916
0.721433
0.884795
0.800395
0.369529
0.266829
0.915297
0.549844
0.731605
0.605409
0.975175
0.579134
0.21947
0.862558
0.614433
0.749431
0.555555
0.202048
0.601741
0.873181
0.675144
0.689509
0.995048
0.363196
0.666003
0.208921
0.272256
0.636819
0.644274
0.856739
0.818471
0.589558
0.499378
0.763067
0.878728
0.582022
0.443661
0.543921
0.419752
0.73242
0.707016
0.398243
0.785881
0.349947
0.606925
0.496411
0.444417
0.806235
0.655794
0.719589
0.464191
0.59399
0.725088
0.661501
0.680774
0.999782
0.639898
0.549342
0.669615
0.824379
0.333351
0.777152
0.716684
0.831684
0.966174
0.999714
0.275285
0.964686
0.202328
0.219399
0.611583
0.785369
0.607544
0.230982
0.540551
0.72335
0.811438
0.53056
0.357109
0.459435
0.334804
0.530012
0.326591
0.553343
0.28473
0.973023
0.907586
0.439797
0.715995
0.408583
0.395314
0.713746
0.881254
0.437068
0.530169
0.535992
0.837824
0.998627
0.845883
0.22645
0.433986
0.933333
0.922633
0.359951
0.211222
0.480418
0.529474
0.874352
0.427755
0.649475
0.818399
0.999486
0.853206
0.997148
0.880249
0.991269
0.440795
0.376193
0.921725
0.822409
0.699998
0.266281
0.502845
0.576756
0.999507
0.458771
0.977861
0.99978
0.344664
0.798413
0.499747
0.435469
0.805879
0.252938
0.302107
0.505286
0.998295
0.761389
0.422304
0.936866
0.690258
0.916548
0.552185
0.830113
0.375359
0.705088
0.749965
0.857099
0.512854
0.452285
0.372041
0.856066
0.393569
0.460734
0.612469
0.303462
0.529325
0.792219
0.999597
0.228469
0.223986
0.991904
0.741936
0.652826
0.780297
0.770936
0.613506
0.928263
0.999827
0.565003
0.599746
0.407642
0.866651
0.855343
0.951945
0.264031
0.862652
0.856429
0.432446
0.849409
0.346709
0.505883
0.269675
0.858873
0.678719
0.73425
0.71385
0.748617
0.460913
0.715285
0.780786
0.456109
0.200547
0.262849
0.623353
0.203181
0.219985
0.323488
0.988636
0.911811
0.753977
0.351857
0.892521
0.290635
0.269497
0.777763
0.823779
0.245209
0.655099
0.411176
0.267255
0.634038
0.830246
0.389429
0.218935
0.997355
0.857891
0.997854
0.749682
0.496819
0.530404
0.989668
0.500255
0.496935
0.649196
0.381361
0.577753
0.499991
0.601659
0.659318
0.399888
0.507051
0.743768
0.921232
0.601646
0.614777
0.265422
0.58616
0.71227
0.207464
0.775588
0.32846
0.793931
0.405276
0.603769
0.687059
0.494368
0.797879
0.458984
0.853047
0.858062
0.747093
0.289441
0.777893
0.351394
0.309201
0.731587
0.990069
0.424228
0.857186
0.78643
0.957094
0.337639
0.853342
0.853431
0.992401
0.926913
0.258566
0.999801
0.858456
0.417155
0.833073
0.714213
0.785319
0.881854
0.20263
0.74512
0.747661
0.23961
0.37149
0.91704
0.291317
0.385579
0.693289
0.465056
0.784279
0.649878
0.499962
0.265711
0.76354
0.431037
0.804105
0.598016
0.477525
0.832484
0.757654
0.229686
0.699075
0.363097
0.353459
0.856959
0.56532
0.346728
0.793414
0.215814
0.472985
0.65387
0.832863
0.824508
0.833227
0.754904
0.283255
0.986346
0.664096
0.827597
0.66702
0.615739
0.811226
0.304692
0.770903
0.789024
0.274287
0.20798
0.779393
0.690972
0.999729
0.532595
0.999978
0.291119
0.322773
0.760502
0.243938
0.482158
0.294806
0.741155
0.604335
0.32852
0.690945
0.457777
0.925149
0.425245
0.294939
0.211042
0.997371
0.72469
0.89814
0.249492
0.874704
0.341726
0.500959
0.397598
0.871038
0.479333
0.678387
0.388261
0.708057
0.849791
0.605374
0.225148
0.742957
0.652006
0.492582
0.800108
0.48926
0.331673
0.92753
0.732027
0.492256
0.998274
0.347692
0.846197
0.492124
0.570182
0.996452
0.545999
0.414879
0.933262
0.387458
0.66755
0.894548
0.712126
0.852464
0.971962
0.827418
0.226186
0.319743
0.226479
0.305555
0.654584
0.923878
0.979736
0.576655
0.287134
0.746392
0.402304
0.677633
0.525958
0.538189
0.837976
0.226023
0.999977
0.80059
0.814942
0.222149
0.328121
0.666525
0.522939
0.587491
0.249312
0.998709
0.850395
0.57258
0.424724
0.7719
0.876606
0.734957
0.243417
0.665003
0.284205
0.468809
0.21596
0.672555
0.614273
0.65356
0.710659
0.253627
0.23078
0.601858
0.356681
0.897654
0.480339
0.248893
0.612215
0.270471
0.568492
0.446673
0.915753
0.892574
0.356689
0.662989
0.665268
0.998611
0.926826
0.285351
0.4082
0.494566
0.94251
0.624695
0.685253
0.540184
0.200019
0.924619
0.559097
0.767226
0.40542
0.671696
0.550087
0.250803
0.709273
0.24695
0.725385
0.734712
0.35867
0.245294
0.949976
0.788898
0.906643
0.999983
0.374841
0.577639
0.872941
0.641244
0.745314
0.502117
0.634728
0.644331
0.405769
0.310493
0.932912
0.692912
0.460434
0.751007
0.628733
0.325497
0.756288
0.285972
0.769394
0.535367
0.630945
0.990726
0.68292
0.715143
0.315887
0.743387
0.94923
0.552938
0.84336
0.798672
0.42165
0.211142
0.216477
0.321883
0.209578
0.664596
0.982367
0.800379
0.745992
0.289947
0.319486
0.395036
0.625387
0.611334
0.882287
0.758492
0.643228
0.842829
0.298952
0.322799
0.840834
0.469925
0.896725
0.658744
0.235684
0.312109
0.572595
0.845535
0.541547
0.509329
0.406344
0.83246
0.840042
0.460556
0.461452
0.277011
0.597619
0.758608
0.409698
0.538803
0.451012
0.878035
0.252475
0.797429
0.893888
0.794509
0.686801
0.859934
0.419857
0.687508
0.300094
0.73534
0.91845
0.337978
0.591717
0.515889
0.855868
0.598351
0.492408
0.512875
0.930247
0.361879
0.297006
0.860096
0.907512
0.92015
0.999326
0.223565
0.410707
0.628758
0.769811
0.666226
0.404184
0.232431
0.403629
0.536338
0.483699
0.856982
0.219547
0.456892
0.731863
0.766785
0.314486
0.807193
0.865324
0.436375
0.298564
0.762962
0.538762
0.750163
0.9328
0.857412
0.206359
0.206359
0.569968
0.999753
0.218229
0.645755
0.311219
0.21889
0.20838
0.594825
0.716089
0.524406
0.621053
0.773844
0.398649
0.65268
0.838248
0.303694
0.775178
0.524496
0.291626
0.414028
0.427316
0.547774
0.617593
0.361719
0.866097
0.696838
0.75494
0.732967
0.89755
0.236127
0.928505
0.618758
0.526925
0.855404
0.556537
0.890635
0.560705
0.846051
0.665415
0.589625
0.517513
0.899972
0.666062
0.482631
0.459852
0.999155
0.474291
0.745502
0.749074
0.421894
0.738807
0.999626
0.729024
0.786732
0.243869
0.800541
0.841637
0.662028
0.662905
0.810616
0.755699
0.287273
0.880443
0.528102
0.254122
0.762674
0.278397
0.724608
0.931749
0.871228
0.625484
0.886552
0.379914
0.457378
0.961361
0.962964
0.374538
0.236332
0.735639
0.341574
0.480674
0.993911
0.898422
0.999627
0.974745
0.402449
0.862328
0.886459
0.755259
0.48793
0.497833
0.479223
0.706986
0.238489
0.340427
0.243102
0.996444
0.836709
0.211641
0.779961
0.698815
0.6896
0.609167
0.561214
0.738175
0.28801
0.676763
0.269559
0.215734
0.404365
0.854336
0.723983
0.368593
0.272183
0.92324
0.451
0.805555
0.306727
0.61961
0.999137
0.977287
0.867322
0.492292
0.877174
0.618059
0.907629
0.518507
0.329313
0.855684
0.822539
0.74247
0.489633
0.62886
0.916553
0.60665
0.578297
0.418703
0.778365
0.292038
0.479489
0.308766
0.578583
0.545118
0.769953
0.994827
0.289676
0.707947
0.607528
0.53786
0.245988
0.60964
0.896029
0.881407
0.22449
0.844093
0.765969
0.914641
0.298844
0.404429
0.35329
0.232654
0.314292
0.792342
0.93671
0.408499
0.626139
0.800011
0.205871
0.265083
0.705152
0.748194
0.259418
0.631412
0.999984
0.27423
0.335873
0.714553
0.652994
0.214289
0.806967
0.774521
0.409879
0.496488
0.222931
0.808623
0.469194
0.823858
0.709357
0.675772
0.593642
0.87532
0.918893
0.333348
0.733986
0.426657
0.887733
0.643889
0.213434
0.576767
0.625873
0.874357
0.36306
0.791081
0.677617
0.296362
0.886307
0.728522
0.313671
0.299041
0.699857
0.886111
0.265122
0.522475
0.799762
0.819983
0.772309
0.977569
0.324886
0.544394
0.420141
0.999191
0.275164
0.365883
0.600677
0.328733
0.687361
0.686687
0.94023
0.444407
0.603321
0.230563
0.525157
0.67374
0.769338
0.758626
0.755637
0.972132
0.820706
0.742997
0.691173
0.994914
0.777883
0.779451
0.414109
0.609372
0.563472
0.446876
0.879906
0.933278
0.919867
0.664841
0.500245
0.910634
0.935288
0.350263
0.511764
0.856559
0.386329
0.295546
0.823093
0.270598
0.371169
0.545158
0.588524
0.762099
0.318065
0.476742
0.69993
0.857541
0.854804
0.62908
0.896706
0.66829
0.662787
0.504795
0.328299
0.99731
0.239544
0.230138
0.313532
0.259738
0.855349
0.425525
0.596673
0.470886
0.316832
0.873963
0.923217
0.394756
0.234621
0.838919
0.612159
0.990025
0.444817
0.866863
0.721503
0.933262
0.84907
0.556141
0.785725
0.241091
0.714781
0.640832
0.964939
0.789768
0.946877
0.272482
0.817261
0.526045
0.223052
0.265736
0.452129
0.838258
0.381441
0.312316
0.478879
0.994388
0.916746
0.665578
0.816856
0.873802
0.507296
0.329446
0.539776
0.487652
0.621295
0.257899
0.280106
0.800506
0.502348
0.823737
0.715054
0.333385
0.856891
0.224319
0.649912
0.538599
0.285636
0.657423
0.418068
0.949614
0.815355
0.842272
0.686698
0.613336
0.21476
0.770548
0.675197
0.726665
0.682695
0.969169
0.689117
0.994365
0.612773
0.274119
0.26093
0.575481
0.758336
0.20584
0.211077
0.821452
0.842903
0.208807
0.837645
0.956422
0.41797
0.244426
0.23321
0.551298
0.855669
0.684746
0.820735
0.355525
0.263242
0.356602
0.585825
0.335404
0.785496
0.727814
0.509961
0.826795
0.283526
0.907166
0.743565
0.563043
0.573893
0.696823
0.921017
0.280242
0.85822
0.205927
0.339412
0.618381
0.832354
0.782338
0.424086
0.258558
0.28486
0.846688
0.909114
0.751069
0.917058
0.398786
0.810643
0.687847
0.370338
0.724774
0.831161
0.890082
0.458513
0.615238
0.640339
0.332549
0.603582
0.689794
0.999613
0.798133
0.460893
0.218195
0.24493
0.881801
0.589974
0.342113
0.219838
0.412162
0.648949
0.474573
0.997221
0.781417
0.698184
0.427945
0.725159
0.30449
0.535162
0.663456
0.971143
0.788151
0.234879
0.323022
0.399247
0.799411
0.244505
0.293906
0.766324
0.354774
0.619853
0.502205
0.887531
0.38228
0.66637
0.294872
0.362225
0.533387
0.215411
0.993046
0.500738
0.477917
0.253024
0.323103
0.219458
0.446792
0.998179
0.635948
0.850352
0.33325
0.705638
0.30332
0.868847
0.247153
0.413642
0.901824
0.863841
0.612369
0.994164
0.241133
0.54679
0.46442
0.771841
0.302592
0.597814
0.326368
0.402191
0.838871
0.34242
0.32866
0.807403
0.848386
0.504399
0.710093
0.804328
0.230057
0.414323
0.285784
0.992808
0.33726
0.539328
0.997445
0.469017
0.285367
0.866444
0.44016
0.72286
0.857513
0.282612
0.768558
0.830661
0.570365
0.974779
0.73676
0.816039
0.941871
0.254497
0.998236
0.432756
0.308721
0.251873
0.963554
0.869015
0.809904
0.242042
0.54006
0.610773
0.403616
0.43796
0.87223
0.91475
0.998059
0.66267
0.504147
0.905732
0.888945
0.978686
0.21216
0.862043
0.23261
0.987519
0.297408
0.699334
0.26017
0.609363
0.597579
0.87856
0.533316
0.644948
0.284812
0.262201
0.499671
0.631928
0.513394
0.384183
0.501682
0.275925
0.507935
0.223626
0.782455
0.795244
0.727749
0.353747
0.5627
0.282763
0.552076
0.995893
0.99615
0.817953
0.776282
0.473908
0.429051
0.998988
0.888826
0.99999
0.602397
0.410135
0.368367
0.875063
0.590434
0.928506
0.310612
0.247481
0.821363
0.381973
0.417307
0.20214
0.696753
0.427337
0.885153
0.258921
0.998306
0.748573
0.4343
0.814416
0.221368
0.932554
0.394614
0.731449
0.713275
0.75056
0.851324
0.90579
0.818109
0.848962
0.304727
0.402418
0.992796
0.810692
0.717031
0.810034
0.92685
0.674581
0.776152
0.927556
0.666081
0.51498
0.280911
0.274304
0.607217
0.510518
0.499199
0.323687
0.500172
0.216979
0.855277
0.299796
0.799847
0.378079
0.324313
0.794462
0.25947
0.469322
0.616624
0.405197
0.796948
0.821269
0.665338
0.777176
0.738788
0.864932
0.999837
0.959184
0.735384
0.302837
0.543712
0.777799
0.309273
0.871167
0.728012
0.727135
0.767323
0.910112
0.86322
0.811495
0.998847
0.473754
0.747738
0.396357
0.260127
0.261427
0.933045
0.966176
0.508897
0.548127
0.328755
0.888564
0.576437
0.456947
0.224268
0.749926
0.288496
0.74166
0.421755
0.641609
0.428852
0.991513
0.596342
0.999933
0.759482
0.518167
0.726433
0.492904
0.717078
0.896887
0.368009
0.943106
0.433957
0.818576
0.660782
0.437271
0.540655
0.802278
0.71177
0.856105
0.997255
0.823886
0.889513
0.815525
0.740874
0.780337
0.686596
0.25465
0.312116
0.251806
0.681947
0.627535
0.840097
0.912953
0.744046
0.81482
0.867872
0.767219
0.801209
0.234524
0.531519
0.386103
0.76198
0.62778
0.559887
0.845961
0.779005
0.600003
0.833528
0.497977
0.833484
0.321919
0.926621
0.789492
0.769398
0.66944
0.440168
0.926563
0.244452
0.69626
0.655747
0.370188
0.306425
0.675764
0.734301
0.401757
0.308434
0.823716
0.930693
0.838163
0.508615
0.853604
0.291979
0.773342
0.319992
0.455422
0.424011
0.88331
0.505736
0.9293
0.916689
0.514083
0.640218
0.503237
0.816022
0.463132
0.999993
0.336264
0.466973
0.74679
0.819532
0.860588
0.486992
0.426013
0.5452
0.331319
0.21355
0.448982
0.882183
0.866749
0.328794
0.503796
0.948053
0.90615
0.886325
0.999558
0.716385
0.807846
0.500013
0.872058
0.706281
0.490176
0.810972
0.828374
0.907692
0.340158
0.483691
0.719513
0.778383
0.542161
0.570331
0.739562
0.999983
0.874651
0.21851
0.235859
0.800584
0.928369
0.573968
0.83352
0.320582
0.390186
0.99971
0.469893
0.425444
0.575671
0.327225
0.573112
0.748534
0.492776
0.755188
0.213107
0.382252
0.2136
0.832879
0.538347
0.652354
0.437498
0.33288
0.798549
0.559349
0.745827
0.269765
0.758196
0.996559
0.802189
0.222887
0.927965
0.425465
0.816431
0.398417
0.868189
0.303106
0.378365
0.211014
0.232802
0.726532
0.595079
0.283452
0.268196
0.289583
0.409838
0.785453
0.616771
0.868973
0.376102
0.670958
0.352267
0.409542
0.656515
0.461568
0.317757
0.881778
0.64006
0.642502
0.232138
0.897205
0.85695
0.358
0.513699
0.208122
0.712045
0.349057
0.538012
0.249913
0.858866
0.429485
0.527947
0.435411
0.552999
0.842892
0.714947
0.715944
0.811841
0.528744
0.75021
0.375821
0.59405
0.414258
0.969617
0.322359
0.271872
0.344422
0.333571
0.55564
0.793583
0.49054
0.677513
0.692434
0.665532
0.607788
0.997959
0.742033
0.35285
0.617626
0.576032
0.774174
0.505271
0.996488
0.775652
0.796476
0.367934
0.893693
0.208082
0.760805
0.799908
0.495833
0.256704
0.869146
0.221479
0.256164
0.252091
0.642879
0.237919
0.83088
0.814887
0.893526
0.215912
0.800125
0.554005
0.45138
0.639588
0.555185
0.313577
0.820639
0.999875
0.875047
0.602067
0.22171
0.99726
0.803106
0.756534
0.826024
0.705058
0.367729
0.640167
0.609406
0.916598
0.37673
0.695052
0.571355
0.901703
0.823247
0.667026
0.507979
0.598744
0.293216
0.577371
0.537059
0.510297
0.819352
0.761304
0.942371
0.925916
0.788467
0.297315
0.282086
0.655278
0.709636
0.874801
0.999496
0.749896
0.57388
0.369643
0.4315
0.357718
0.503127
0.604322
0.271625
0.305686
0.626102
0.348993
0.920683
0.421204
0.265442
0.999798
0.237957
0.610904
0.77441
0.551117
0.671027
0.998378
0.550246
0.799814
0.314819
0.856135
0.882302
0.389763
0.396933
0.898037
0.584065
0.247935
0.497848
0.374586
0.388366
0.679707
0.861566
0.294529
0.337494
0.750365
0.64172
0.391157
0.341137
0.47275
0.473828
0.999327
0.437205
0.882005
0.813469
0.537847
0.797865
0.833795
0.789225
0.64912
0.499664
0.543985
0.284745
0.803804
0.413747
0.998843
0.668403
0.736661
0.263763
0.477842
0.24884
0.24884
0.240673
0.787629
0.674291
0.630129
0.363326
0.548545
0.696357
0.732092
0.251431
0.732258
0.3205
0.668645
0.827216
0.44298
0.961752
0.343451
0.88464
0.63947
0.626202
0.299559
0.68167
0.499327
0.367294
0.887863
0.958855
0.305259
0.539587
0.224209
0.880194
0.850402
0.879671
0.921603
0.635728
0.231777
0.88222
0.620176
0.805608
0.853884
0.444089
0.645263
0.905602
0.566101
0.683127
0.89615
0.432314
0.323693
0.362932
0.380243
0.384492
0.999672
0.874705
0.926887
0.562286
0.629151
0.530497
0.910276
0.347206
0.225409
0.832065
0.987363
0.392879
0.770247
0.875748
0.924379
0.427565
0.285934
0.999194
0.308986
0.397889
0.237287
0.354118
0.998675
0.29141
0.99983
0.21777
0.633013
0.667049
0.333809
0.944008
0.224872
0.31555
0.417637
0.575683
0.511083
0.649646
0.264119
0.474027
0.215068
0.999245
0.483832
0.826432
0.418172
0.652365
0.685643
0.671907
0.97424
0.920412
0.553601
0.244545
0.602695
0.800303
0.443564
0.387445
0.378551
0.541061
0.586384
0.983862
0.365109
0.332047
0.623325
0.328765
0.722196
0.807981
0.7383
0.525754
0.993493
0.830183
0.24971
0.500649
0.28118
0.276505
0.876073
0.461506
0.672133
0.219903
0.689069
0.999436
0.406932
0.862779
0.469885
0.352033
0.719028
0.718966
0.512078
0.558472
0.396386
0.842468
0.247452
0.200915
0.599731
0.735449
0.615538
0.651726
0.663339
0.484972
0.706082
0.452825
0.333724
0.421926
0.426157
0.616897
0.997254
0.619981
0.403172
0.856177
0.221042
0.842044
0.322836
0.794437
0.874628
0.776507
0.742304
0.999676
0.644844
0.673243
0.566973
0.689529
0.668019
0.812627
0.835024
0.852784
0.819249
0.69653
0.399855
0.652329
0.499992
0.357988
0.584347
0.741602
0.736173
0.214522
0.752198
0.650284
0.690389
0.560635
0.413012
0.717056
0.517292
0.8391
0.361979
0.788085
0.202701
0.477415
0.567041
0.714217
0.928331
0.333292
0.996567
0.319939
0.499453
0.495034
0.597021
0.617012
0.724502
0.915392
0.800513
0.794418
0.725625
0.896198
0.846528
0.892476
0.888522
0.574605
0.609777
0.701466
0.780179
0.465338
0.935349
0.317654
0.622807
0.652941
0.502901
0.858161
0.638047
0.745353
0.664264
0.315792
0.750013
0.25024
0.788891
0.217506
0.223465
0.999266
0.263949
0.282234
0.630744
0.790442
0.223863
0.214802
0.217776
0.606472
0.232924
0.791347
0.668517
0.581611
0.679848
0.436649
0.881059
0.429577
0.6992
0.590725
0.444758
0.288722
0.640481
0.651291
0.508881
0.719179
0.619566
0.863712
0.415767
0.504072
0.425684
0.405858
0.87286
0.994888
0.272586
0.998696
0.214006
0.294004
0.278744
0.28413
0.541537
0.532428
0.616661
0.865304
0.632678
0.227649
0.863104
0.365918
0.753793
0.632182
0.268345
0.999762
0.707027
0.895657
0.26279
0.880188
0.818628
0.788956
0.90275
0.362533
0.298125
0.329751
0.588061
0.504887
0.33492
0.968443
0.70614
0.270301
0.470766
0.642857
0.537234
0.745497
0.254109
0.370469
0.57065
0.88887
0.792064
0.913644
0.368955
0.527015
0.389988
0.460344
0.749805
0.349585
0.93596
0.78342
0.839134
0.606601
0.628793
0.383706
0.843037
0.230023
0.699061
0.668159
0.825475
0.209962
0.467837
0.99451
0.388665
0.78556
0.46941
0.484247
0.813706
0.791722
0.866584
0.899631
0.217764
0.726544
0.511431
0.679745
0.549917
0.396489
0.555379
0.897049
0.273708
0.370275
0.280796
0.449551
0.782678
0.719465
0.944731
0.944677
0.769534
0.863872
0.402701
0.211985
0.714898
0.214553
0.670881
0.996782
0.742216
0.859016
0.873947
0.810409
0.292244
0.809177
0.277253
0.818834
0.656769
0.67335
0.551545
0.426314
0.949302
0.804197
0.305944
0.424865
0.740283
0.280572
0.638448
0.777855
0.861792
0.426415
0.78477
0.809982
0.307474
0.380879
0.600403
0.926871
0.999643
0.789118
0.998517
0.376557
0.233496
0.703905
0.359356
0.867122
0.991407
0.420214
0.902248
0.933368
0.772071
0.761275
0.405864
0.781029
0.237404
0.766528
0.617139
0.685767
0.668986
0.91464
0.20714
0.216995
0.782004
0.688439
0.884066
0.999711
0.682605
0.202565
0.317636
0.261258
0.991021
0.831906
0.266121
0.734889
0.59198
0.455858
0.759301
0.92624
0.765936
0.356051
0.358922
0.621044
0.704457
0.875187
0.56107
0.345597
0.378238
0.890269
0.982061
0.387247
0.623168
0.980483
0.250361
0.849836
0.403874
0.769165
0.486769
0.818571
0.399221
0.678166
0.815532
0.443946
0.514233
0.906877
0.997737
0.476035
0.348523
0.654723
0.486051
0.663144
0.42674
0.98847
0.492111
0.604179
0.84952
0.79897
0.846407
0.329285
0.635346
0.666713
0.293923
0.800642
0.501315
0.739385
0.93598
0.786573
0.496576
0.335068
0.671935
0.674316
0.574449
0.891461
0.834267
0.354134
0.97328
0.663633
0.339967
0.701057
0.232526
0.740624
0.565979
0.74178
0.222776
0.873854
0.330366
0.232986
0.272652
0.928602
0.960558
0.991047
0.545386
0.781841
0.603393
0.986773
0.701773
0.384557
0.856475
0.618157
0.3555
0.756381
0.756381
0.572668
0.551677
0.780862
0.833434
0.849651
0.732359
0.685804
0.816017
0.394605
0.729741
0.732428
0.268731
0.796825
0.961623
0.690784
0.994789
0.791027
0.668286
0.289221
0.671389
0.265088
0.66645
0.559403
0.898758
0.656344
0.737993
0.799277
0.677542
0.598038
0.60642
0.785544
0.499607
0.37076
0.70894
0.355727
0.371367
0.683409
0.751064
0.853349
0.31855
0.995577
0.205189
0.47376
0.236169
0.418191
0.591536
0.295633
0.423507
0.404253
0.879822
0.706486
0.826853
0.722788
0.879885
0.215196
0.753344
0.316979
0.759995
0.292075
0.790488
0.885241
0.28489
0.502713
0.99072
0.763109
0.299001
0.87194
0.507387
0.574519
0.981177
0.778426
0.248298
0.789454
0.280161
0.413935
0.788925
0.567264
0.984591
0.411398
0.310765
0.50497
0.725636
0.997285
0.337732
0.878624
0.888824
0.342189
0.531208
0.566418
0.845842
0.230423
0.600629
0.212933
0.26438
0.491989
0.805233
0.609706
0.95626
0.218555
0.254959
0.759939
0.294719
0.323146
0.54479
0.569028
0.573343
0.561643
0.359066
0.476351
0.493533
0.332307
0.701262
0.870248
0.999923
0.561827
0.924025
0.47759
0.709309
0.716669
0.865359
0.733288
0.314077
0.834901
0.770614
0.900409
0.688291
0.426149
0.234548
0.578147
0.785758
0.710324
0.802049
0.622973
0.266177
0.354061
0.858871
0.758333
0.29833
0.89596
0.999977
0.480828
0.856041
0.351378
0.718157
0.561578
0.941248
0.607316
0.553224
0.827621
0.852057
0.300856
0.679353
0.603092
0.922196
0.835699
0.686968
0.907042
0.620778
0.929525
0.759478
0.750756
0.258458
0.735572
0.487793
0.753007
0.999651
0.979597
0.953405
0.506962
0.577014
0.228677
0.228677
0.670671
0.517872
0.262199
0.807678
0.808308
0.906691
0.975179
0.56903
0.691709
0.999951
0.451052
0.281316
0.832522
0.242611
0.946378
0.321431
0.293257
0.550075
0.339261
0.54292
0.811642
0.452245
0.358199
0.443665
0.444543
0.722729
0.473895
0.478365
0.900667
0.579169
0.428982
0.764009
0.996962
0.351912
0.424772
0.768024
0.564745
0.71128
0.619952
0.852699
0.332341
0.352747
0.613967
0.90718
0.747459
0.537815
0.75213
0.626053
0.623822
0.630332
0.480042
0.82905
0.358114
0.843503
0.298514
0.392956
0.603395
0.748645
0.430209
0.999165
0.835808
0.667442
0.315564
0.54298
0.736685
0.370041
0.995615
0.881708
0.292335
0.846348
0.551437
0.386548
0.819251
0.243984
0.209578
0.362861
0.301988
0.6961
0.999936
0.734055
0.919877
0.735107
0.591339
0.224818
0.999962
0.271637
0.775931
0.575132
0.822303
0.648224
0.854686
0.901834
0.411356
0.707184
0.762839
0.335099
0.800035
0.349777
0.816097
0.467084
0.847612
0.88878
0.366418
0.456957
0.235388
0.258307
0.879184
0.22012
0.908311
0.224268
0.340629
0.834064
0.733607
0.320614
0.611944
0.571578
0.388632
0.211356
0.999564
0.776904
0.35689
0.881531
0.958798
0.53809
0.435897
0.698735
0.779858
0.220701
0.387893
0.639527
0.671259
0.750855
0.831117
0.245103
0.551821
0.39409
0.856924
0.79972
0.29294
0.822879
0.55662
0.878976
0.606017
0.967763
0.481504
0.860019
0.777582
0.575299
0.646837
0.613968
0.395341
0.575611
0.335711
0.382423
0.641902
0.683795
0.99661
0.992361
0.310246
0.831513
0.314341
0.993507
0.999154
0.681067
0.909257
0.851929
0.239454
0.898512
0.343991
0.556989
0.273613
0.326198
0.737193
0.799533
0.375307
0.42743
0.206519
0.387641
0.746554
0.281614
0.800065
0.572208
0.602422
0.373421
0.323509
0.765622
0.500225
0.672404
0.403963
0.26163
0.551625
0.529415
0.599806
0.983995
0.860772
0.431096
0.856402
0.533318
0.528868
0.698313
0.381795
0.297292
0.764357
0.378573
0.858853
0.253334
0.896491
0.930761
0.855606
0.678797
0.998873
0.608096
0.841277
0.932655
0.695588
0.71142
0.200812
0.870194
0.353424
0.250612
0.778184
0.913539
0.68908
0.221784
0.569959
0.503046
0.778396
0.799563
0.440343
0.852122
0.537204
0.50224
0.614786
0.822693
0.954243
0.429928
0.505968
0.606378
0.608207
0.547869
0.800069
0.668563
0.691821
0.617397
0.686839
0.657868
0.230666
0.211729
0.766225
0.22632
0.544388
0.805969
0.841835
0.544621
0.439485
0.631041
0.653565
0.208866
0.536077
0.999894
0.762113
0.482532
0.644057
0.239737
0.684954
0.796721
0.8798
0.97775
0.92853
0.704917
0.734729
0.766165
0.297054
0.678411
0.814085
0.999994
0.835149
0.725719
0.70048
0.835392
0.529314
0.803963
0.731325
0.641878
0.714538
0.532675
0.855943
0.875005
0.331119
0.350943
0.624887
0.777663
0.920007
0.686026
0.53419
0.858964
0.989484
0.830764
0.749864
0.884513
0.354267
0.546862
0.706332
0.413053
0.749975
0.565976
0.430173
0.881809
0.836519
0.357555
0.9551
0.218262
0.602031
0.599795
0.744837
0.826166
0.638764
0.477834
0.791233
0.650986
0.694009
0.91278
0.549378
0.910208
0.498434
0.559491
0.788763
0.41413
0.93452
0.874755
0.559699
0.362504
0.85689
0.72286
0.898566
0.307295
0.318966
0.518522
0.783684
0.467628
0.489382
0.210853
0.838092
0.315199
0.758564
0.841228
0.217452
0.327887
0.859532
0.503379
0.68681
0.798555
0.759969
0.768333
0.608518
0.999029
0.466644
0.23431
0.594751
0.293427
0.69685
0.727416
0.995797
0.461345
0.267226
0.261594
0.596637
0.84653
0.817238
0.303852
0.47349
0.250187
0.468078
0.898865
0.928515
0.989302
0.261093
0.76374
0.906864
0.513912
0.4398
0.85537
0.784313
0.847951
0.308068
0.975936
0.835064
0.538314
0.713268
0.999822
0.85502
0.216311
0.551713
0.998967
0.687331
0.229172
0.718644
0.730642
0.646402
0.664673
0.498019
0.859824
0.666698
0.990817
0.566606
0.401167
0.790483
0.681236
0.269659
0.760445
0.726397
0.227081
0.926923
0.867161
0.910661
0.264828
0.262889
0.248732
0.751604
0.262525
0.808184
0.866914
0.34684
0.205958
0.712804
0.448004
0.865996
0.232467
0.886676
0.685023
0.72762
0.823137
0.657879
0.919838
0.821513
0.849617
0.690046
0.336117
0.63507
0.41498
0.490254
0.879565
0.420133
0.779773
0.686854
0.421878
0.90684
0.799105
0.408591
0.203808
0.612633
0.314142
0.213994
0.440232
0.902286
0.666891
0.534267
0.291724
0.466344
0.794329
0.51047
0.852734
0.399285
0.466632
0.465864
0.818737
0.225613
0.572653
0.896793
0.929357
0.735233
0.805671
0.857749
0.607874
0.87635
0.725041
0.88017
0.622288
0.656369
0.246795
0.964825
0.767698
0.696585
0.562006
0.881282
0.976298
0.870689
0.704104
0.437148
0.265262
0.543114
0.664113
0.694145
0.999697
0.931769
0.887935
0.433912
0.223174
0.307218
0.672411
0.692242
0.214537
0.219564
0.548305
0.626154
0.725364
0.803746
0.307538
0.900575
0.328985
0.673596
0.287458
0.438768
0.328964
0.781067
0.887086
0.859169
0.950022
0.200882
0.849407
0.757521
0.383836
0.783791
0.599366
0.382571
0.841223
0.378328
0.316514
0.249376
0.396013
0.369719
0.627198
0.578544
0.690004
0.84037
0.797792
0.662193
0.57616
0.50216
0.5706
0.635366
0.325208
0.308126
0.669911
0.671761
0.256341
0.468774
0.728055
0.847416
0.72659
0.730601
0.28104
0.265295
0.311046
0.663408
0.771506
0.784725
0.275372
0.371246
0.799952
0.740366
0.353984
0.665377
0.562232
0.286239
0.827418
0.282846
0.752319
0.237177
0.717294
0.310324
0.623378
0.667356
0.761942
0.782884
0.75864
0.528835
0.528835
0.885138
0.887386
0.533893
0.717161
0.217347
0.220111
0.855976
0.749958
0.699652
0.92765
0.228607
0.53897
0.642836
0.699116
0.673935
0.996648
0.842795
0.6374
0.484795
0.569875
0.301534
0.295086
0.450803
0.835907
0.744788
0.888517
0.513759
0.831405
0.460415
0.658364
0.780781
0.717026
0.599299
0.531804
0.775645
0.302266
0.756178
0.833431
0.538712
0.819532
0.996291
0.746135
0.546353
0.639197
0.99946
0.302076
0.991163
0.372503
0.723644
0.242624
0.621074
0.853797
0.827422
0.850698
0.584077
0.701366
0.857356
0.201849
0.586307
0.908347
0.38698
0.967102
0.654009
0.212387
0.528436
0.344801
0.253232
0.752523
0.415018
0.92308
0.831908
0.219517
0.373557
0.678682
0.746821
0.547598
0.227487
0.774043
0.474893
0.489567
0.774673
0.749925
0.522895
0.574035
0.730132
0.424845
0.255298
0.865527
0.339566
0.678925
0.775486
0.799772
0.578827
0.350154
0.801661
0.465877
0.836676
0.673479
0.239986
0.673885
0.431607
0.931159
0.29021
0.806196
0.641808
0.648112
0.791794
0.741175
0.8729
0.696828
0.324107
0.385693
0.790198
0.709199
0.845381
0.523855
0.470082
0.531874
0.595043
0.84223
0.99966
0.743711
0.851599
0.651758
0.830291
0.928544
0.620438
0.815065
0.221963
0.713782
0.554392
0.542219
0.507159
0.986807
0.260154
0.384992
0.486731
0.395547
0.291216
0.339242
0.354438
0.829956
0.458112
0.568457
0.404474
0.789172
0.204296
0.237354
0.33336
0.798519
0.568733
0.882234
0.99144
0.570402
0.750101
0.881244
0.38284
0.603609
0.553811
0.910036
0.993924
0.402089
0.845654
0.726972
0.459843
0.858382
0.748731
0.582784
0.304664
0.930373
0.885268
0.455946
0.762995
0.536547
0.755781
0.885272
0.652976
0.638656
0.998781
0.694743
0.83308
0.659662
0.619029
0.998161
0.90704
0.714276
0.935045
0.463402
0.884391
0.773999
0.687044
0.340509
0.534819
0.451777
0.237531
0.516636
0.999745
0.97056
0.333253
0.616099
0.599733
0.804703
0.490013
0.314404
0.732946
0.835806
0.853843
0.412548
0.999264
0.874697
0.35598
0.465469
0.927693
0.436902
0.939577
0.976079
0.572085
0.820595
0.469904
0.592062
0.694676
0.762786
0.59017
0.565858
0.36562
0.948951
0.857115
0.428472
0.534889
0.367449
0.872965
0.58474
0.690443
0.263647
0.345444
0.913616
0.784821
0.602013
0.318322
0.599724
0.868849
0.490103
0.798337
0.678594
0.791466
0.522904
0.308548
0.545828
0.560922
0.376663
0.219019
0.833394
0.571486
0.706002
0.997103
0.367176
0.218391
0.856465
0.584616
0.709595
0.750102
0.367098
0.884196
0.610777
0.292612
0.261718
0.807853
0.540671
0.56463
0.786458
0.513326
0.99381
0.614121
0.867827
0.997641
0.440339
0.772222
0.612896
0.341049
0.886455
0.328221
0.717506
0.733732
0.587834
0.587834
0.848761
0.995826
0.859317
0.585795
0.690694
0.211254
0.246463
0.650942
0.490925
0.537872
0.504513
0.296578
0.501973
0.536086
0.624996
0.943118
0.922645
0.989139
0.997413
0.835361
0.287817
0.68435
0.999879
0.603494
0.733488
0.404185
0.651894
0.557081
0.374685
0.285696
0.601503
0.999465
0.667742
0.760586
0.346289
0.225749
0.928563
0.52935
0.866975
0.832271
0.459496
0.858516
0.42116
0.229215
0.87383
0.715193
0.309135
0.802666
0.291441
0.791936
0.811949
0.71269
0.620425
0.371691
0.739303
0.600968
0.524242
0.80806
0.804879
0.57426
0.253557
0.983414
0.42971
0.83332
0.602431
0.928726
0.807917
0.242008
0.601436
0.303953
0.980493
0.229415
0.366469
0.281028
0.684911
0.999901
0.769858
0.99995
0.782519
0.74164
0.844956
0.436597
0.694374
0.565289
0.77521
0.452569
0.446162
0.583896
0.407335
0.550075
0.666716
0.883382
0.73037
0.331191
0.437745
0.624592
0.275058
0.791349
0.464719
0.273465
0.305318
0.435577
0.494924
0.38365
0.608332
0.570317
0.999955
0.987428
0.588203
0.485233
0.603658
0.715259
0.636935
0.830821
0.866246
0.728026
0.593556
0.71021
0.454854
0.319326
0.725136
0.787684
0.564355
0.498903
0.473047
0.362712
0.458828
0.913179
0.516741
0.896966
0.845636
0.799374
0.263827
0.232547
0.362089
0.90509
0.6574
0.24613
0.239301
0.415174
0.66829
0.352895
0.284048
0.395086
0.715225
0.231734
0.761746
0.467249
0.999695
0.80595
0.628125
0.480196
0.994576
0.527978
0.526236
0.837961
0.586747
0.877665
0.347897
0.580346
0.27296
0.665369
0.399186
0.806176
0.914673
0.338878
0.242304
0.838738
0.559783
0.209693
0.857402
0.898476
0.358129
0.857189
0.998063
0.727664
0.874384
0.256536
