37.9777
426.711
237.997
321.927
325.825
67.8304
178.184
425.154
378.784
374.957
321.596
294.29
287.895
414.757
270.861
311.009
138.993
397.502
389.155
357.039
253.732
372.18
410.852
420.945
239.47
333.235
66.2603
267.203
305.005
310.414
258.652
299.048
379.87
339.707
276.341
410.577
30.6961
256.332
259.536
402.206
101.555
286.445
104.358
104.149
370.335
315.486
278.656
282.628
248.461
316.492
238.435
320.911
137.307
370.693
111.959
334.305
350.525
272.047
398.503
351.634
174.251
299.121
383.962
366.689
174.76
350.06
213.755
165.277
339.957
405.78
272.71
251.655
234.735
300.918
46.5342
274.606
434.243
227.868
218.624
380.482
384.822
90.8455
122.075
279.292
359.96
401.44
144.966
160.704
318.909
318.057
208.913
232.664
160.606
299.353
373.644
282.66
321.954
33.5768
150.053
155.665
136.419
407.568
302.135
71.8788
385.561
235.937
322.947
398.612
336.724
276.518
357.67
335.359
158.739
329.141
415.465
224.739
119.837
265.907
231.561
388.484
386.643
101.378
329.146
264.733
67.4733
414.474
175.898
244.351
423.883
255.207
299.058
274.462
198.885
363.966
244.327
213.258
269.133
150.634
245.378
145.44
382.313
121.136
327.384
399.004
357.423
87.084
423.255
271.172
282.649
232.544
380.086
252.785
390.367
419.324
68.2993
249.594
375.076
31.6879
125.395
357.888
177.87
401.708
387.011
58.9354
423.224
246.863
202.678
258.173
256.88
286.497
365.734
107.286
102.848
339.355
324.116
154.325
331.699
376.898
368.939
71.6364
307.773
420.827
235.582
394.022
250.214
316.932
76.4468
398.702
261.806
50.7177
115.515
419.079
197.063
374.561
246.743
266.902
343.839
328.732
423.919
291.174
372.669
330.266
407.254
213.624
314.355
322.523
288.656
222.431
374.768
269.883
346.144
323.495
46.2969
141.082
392.26
314.471
137.65
348.155
98.2448
423.033
352.013
45.1443
271.785
318.831
360.146
191.799
354.091
104.916
302.031
155.324
171.37
268.958
198.234
329.559
282.544
146.032
307.588
394.978
385.403
420.71
137.628
322.833
293.59
310.976
286.628
427.012
431.892
355.251
372.022
363.015
159.051
261.482
353.358
402.227
311.783
211.491
364.535
91.8538
294.975
327.62
405.85
414.433
400.717
399.533
183.073
264.184
225.13
336.26
409.492
305.486
56.8138
334.405
336.563
358.559
97.7404
373.864
248.558
72.7988
339.219
75.2867
400.458
138.685
132.088
362.264
224.075
286.291
205.791
294.931
289.698
232.564
261.825
349.501
250.565
165.413
209.148
334.078
335.584
289.571
258.061
316.355
224.112
169.386
353.106
251.635
413.469
150.103
284.162
178.362
75.8345
139.076
411.525
300.657
121.795
255.19
74.4513
283.164
324.129
420.161
308.615
359.95
299.859
138.345
266.877
235.455
317.358
337.027
292.61
180.337
128.494
249.521
377.086
153.042
165.447
294.798
263.791
201.436
313.428
250.544
405.052
333.936
216.918
326.377
313.443
146.366
339.292
397.266
234.972
388.557
417.291
266.683
317.256
150.573
48.302
341.58
429.067
254.566
329.479
366.85
86.1132
239.652
293.49
415.879
198.739
389.345
274.132
112.128
73.352
356.936
415.821
58.2718
115.747
422.176
428.453
77.5909
402.647
409.659
255.232
107.133
339.104
256.414
368.434
316.486
34.5173
356.444
375.266
321.448
248.743
244.631
367.321
319.987
73.7374
292.054
83.6611
271.338
222.757
355.697
432.706
322.304
332.231
433.605
165.833
390.178
388.078
383.242
327.252
242.828
362.556
75.1166
416.817
350.994
223.689
41.8335
427.081
153.741
182.256
308.698
365.953
65.5506
279.121
432.859
191.436
347.195
151.629
106.116
243.463
158.16
416.008
120.088
337.312
360.219
316.207
388.671
357.383
235.803
411.816
310.687
59.4478
355.737
253.001
318.952
304.465
419.018
424.895
316.116
214.015
411.755
118.967
140.596
246.761
101.591
342.959
335.487
327.199
95.0533
326.353
338.712
375.372
365.226
183.211
296.815
242.52
114.529
404.739
412.013
364.026
125.539
286.023
277.725
39.2712
404.944
394.579
374.456
262.797
359.008
225.877
315.398
413.349
404.56
181.906
317.485
404.071
190.25
380.359
368.258
311.109
282.813
78.6541
318.06
298.017
349.626
55.9105
60.3859
248.423
265.539
319.396
328.89
139.135
261.153
332.281
277.024
238.851
252.205
106.945
354.973
427.964
198.431
161.24
302.748
321.678
155.101
66.3926
405.961
125.383
330.87
414.644
424.23
392.535
367.065
381.295
186.006
188.519
51.9998
249.442
53.2081
221.55
236.357
163.005
433.156
252.173
341.38
384.568
202.544
236.891
137.965
310.951
402.26
434.735
244.436
343.352
264.648
390.456
200.254
251.058
76.623
396.095
385.849
200.25
301.865
56.3458
379.441
302.478
230.093
270.1
323.968
348.711
142.305
279.423
148.287
237.186
63.2412
302.784
367.624
55.8815
132.198
86.2035
122.678
165.912
301.753
364.408
235.673
168.637
268.737
124.219
372.819
271.846
317.694
150.253
301.064
433.005
343.192
302.235
383.007
345.774
295.526
85.986
293
348.349
299.983
398.913
71.7232
229.978
258.983
388.116
49.2364
341.562
245.893
198.388
403.67
387.065
64.7543
333.21
408.323
404.844
366.653
348.194
413.428
59.9464
365.847
243.594
404.163
378.402
265.67
206.929
202.957
47.9423
71.7143
370.75
425.811
357.553
354.061
352.929
321.384
100.78
81.3995
395.676
131.448
430.547
140.336
353.893
112.044
412.826
423.038
352.776
376.967
257.622
76.0541
340.361
220.072
372.556
317.708
241.22
424.128
247.856
282.433
238.626
324.318
64.4922
234.088
358.125
75.004
394.554
354.78
387.654
287.487
224.74
322.394
270.053
392.15
431.913
252.126
158.75
240.495
196.518
332.709
266.112
55.6585
286.496
351.782
322.64
30.8429
339.562
36.3594
385.906
378.643
124.384
245.333
404.685
384.194
411.265
410.073
284.762
290.044
275.536
206.722
83.083
258.026
328.723
421.335
365.82
348.11
334.867
266.983
309.83
391.339
232.616
257.519
196.274
125.236
255.046
351.705
372.411
232.643
398.287
388.192
410.577
274.246
251.158
73.6336
104.922
404.015
45.3913
286.812
293.693
259.277
269.637
424.074
364.434
375.584
323.913
286.235
32.5187
138.614
297.839
329.179
138.607
94.593
232.771
263.642
258.58
347.126
395.534
284.589
115.927
39.0993
378.331
121.159
188.023
247.097
270.022
150.963
105.837
236.35
157.139
309.953
391.268
249.918
205.34
356.422
374.397
245.713
190.77
146.816
268.384
429.932
72.0347
46.7093
314.616
340.203
297.857
69.0387
144.49
288.921
413.566
426.849
155.019
380.508
145.602
329.118
301.309
286.858
280.19
400.495
66.7209
344.411
336.256
267.887
373.752
255.51
376.72
114.215
412.607
198.111
337.499
311.153
76.3357
382.43
257.228
414.083
134.97
200.51
262.592
306.914
351.004
256.032
163.284
161.02
245.154
434.678
136.334
76.1579
148.543
270.605
289.203
342.836
64.4567
410.037
419.431
369.097
292.414
172.593
311.153
396.811
38.4798
363.816
246.246
201.223
325.521
421.308
297.534
195.752
327.233
54.4472
420.809
328.681
242.843
372.748
159.441
223.251
125.077
354.878
343.75
162.373
242.534
369.403
218.35
247.108
289.253
398.956
339.654
126.35
336.184
215.087
61.1195
88.2985
292.901
413.09
388.486
410.955
415.841
72.7153
188.775
70.2886
363.944
305.005
287.289
391.87
428.61
78.5855
376.633
406.035
387.785
238.022
382.571
406.857
392.467
282.773
357.639
262.256
285.8
266.12
285.854
289.819
252.925
366.698
103.992
237.89
434.214
394.943
276.277
87.2677
160.089
263.548
395.327
385.448
111.023
194.666
412.033
280.975
317.004
136.774
338.386
58.6819
381.793
155.815
405.377
65.0816
220.323
34.3804
407.939
237.535
295.354
173.984
342.553
259.642
46.5337
142.213
163.199
248.616
43.6353
261.078
47.9242
218.299
360.076
164.923
165.821
298.938
343.033
197.768
386.997
293.954
35.9572
220.02
329.985
109.431
386.438
388.775
378.826
373.432
425.946
316.466
120.773
279.674
358.817
418.426
375.33
336.868
108.155
408.647
49.2751
339.041
294.156
292.226
109.685
336.962
346.939
311.985
378.167
241.657
84.3681
218.439
342.442
350.606
353.729
114.78
280.154
164.365
426.232
266.535
306.898
222.719
330.285
428.327
49.1935
65.4328
365.375
118.988
71.4549
151.64
331.869
396.204
291.084
141.154
295.974
418.835
374.566
95.0961
302.639
135.047
262.77
195.942
140.21
411.39
354.949
396.341
341.954
318.068
419.676
347.515
383.711
377.343
157.293
304.037
98.2793
329.033
254.402
363.024
434.253
308.864
79.3636
351.953
389.894
301.452
336.652
426.158
217.621
154.342
234.971
253.966
275.487
168.971
369.761
252.642
312.88
255.247
361.392
259.175
44.9997
337.548
105.238
351.223
345.119
422.252
48.2229
237.602
153.841
66.3471
408.534
251.843
342.524
313.993
380.107
83.6463
422.271
331.656
360.195
160.273
184.069
375.314
432.569
245.768
428.301
341.482
332.556
281.174
126.627
54.7164
183.415
330.473
110.725
166.886
169.028
314.126
167.884
114.474
317.141
277.745
423.618
58.4547
346.797
204.637
346.352
337.964
122.16
313.865
277.882
397.632
224.947
407.113
177.655
288.212
345.276
354.569
237.373
431.695
335.605
255.507
154.916
299.286
245.469
279.732
192.559
250.929
426.268
126.393
122.849
276.524
415.904
324.052
38.4183
380.634
313.68
396.557
358.372
368.973
206.254
379.586
160.917
287.66
306.381
174.433
265.924
46.4874
411.388
330.992
62.628
399.574
66.2215
324.56
427.324
359.747
134.043
409.231
193.747
398.237
202.792
229.059
176.235
407.254
235.812
165.067
259.115
352.75
106.885
332.093
255.712
292.916
256.905
432.292
364.063
285.908
415.47
72.362
92.7608
168.472
256.666
127.205
400.234
279.531
43.0068
123.055
410.844
272.623
280.999
331.483
135.591
434.198
302.054
364.417
174.235
94.1761
306.48
48.5175
75.9633
204.987
189.358
412.012
335.716
76.3481
254.621
167.102
209.784
241.654
331.224
150.892
372.621
132.912
166.772
150.627
258.366
194.17
297.298
343.439
329.786
213.794
377.159
296.813
341.492
393.772
322.579
298.202
421.059
274.401
30.551
281.994
84.6165
297.164
356.009
307.196
216.932
156.502
304.354
143.56
430.223
96.4859
124.605
212.546
275.888
276.318
62.2852
91.485
409.804
275.319
66.0996
35.8165
242.14
221.791
301.329
300.102
263.216
260.463
342.161
306.491
325.721
335.147
42.4445
322.136
276.937
262.46
408.794
83.9717
423.302
427.765
347.473
314.81
245.033
350.088
403.696
135.939
30.3342
118.148
40.9947
201.543
423.928
304.673
361.953
375.553
343.059
313.912
270.054
146.882
187.675
340.497
340.704
344.354
101.295
187.954
133.103
125.255
341.429
224.988
401.424
336.791
409.644
419.605
381.403
302.415
256.957
289.275
413.457
311.781
72.0585
202.125
251.89
163.278
55.8236
317.014
374.093
250.391
367.65
104.375
271.912
260.149
382.914
353.792
378.132
389.033
364.917
44.2529
56.595
288.907
418.186
59.8699
281.404
424.777
343.557
405.856
399.426
59.1598
238.074
292.756
313.978
171.124
115.335
353.499
105.016
280.391
208.931
344.85
62.4516
377.24
421.016
222.918
283.559
113.405
368.796
52.2981
180.78
321.078
225.936
218.586
64.1348
329.908
357.028
430.113
337.533
296.368
130.07
397.802
360.356
397.59
230.221
129.837
373.706
402.506
38.4669
223.634
395.046
385.525
289.343
30.1535
426.705
127.451
320.927
30.5646
375.068
366.715
386.606
246.944
361.139
421.337
388.013
430.376
90.1958
339.236
183.135
383.341
414.94
105.056
60.8134
67.9514
339.602
269.819
215.062
143.713
312.163
232.926
347.986
352.339
115.986
409.408
396.91
376.025
119.466
307.126
374.613
245.754
314.717
240.533
247.646
237.756
141.331
44.3776
176.505
394.401
104.297
111.031
317.098
191.731
232.695
398.294
378.507
265.784
244.525
415.518
315.212
258.976
358.076
171.949
362.929
290.034
427.788
423.554
346.804
210.727
279.975
371.125
146.058
247.463
394.46
271.659
123.705
329.874
283.883
244.761
373.936
428.445
264.523
349.593
234.104
205.937
224.078
208.485
365.418
323.891
238.415
404.339
398.254
405.385
266.328
153.332
246.37
402.697
386.539
121.538
284.63
353.183
416.121
391.713
221.851
41.0486
283.223
133.843
119.355
113.306
412.384
329.98
420.838
256.327
308.483
213.222
312.075
242.943
370.611
416.509
305.865
130.011
278.821
219.415
359.113
345.2
411.435
403.665
386.733
100.776
412.82
400.588
103.401
251.873
328.961
430.365
255.519
62.2758
171.15
337.615
254.247
318.424
223.497
346.056
371.231
405.912
420.187
334.787
244.958
345.688
293.136
359.775
156.577
196.242
127.186
270.188
32.7533
180.005
76.0715
242.818
336.856
291.014
214.882
125.01
408.675
290.684
320.744
365.48
370.583
429.598
428.848
399.07
382.816
346.302
87.7587
310.191
397.015
394.517
195.332
370.33
427.046
340.521
381.684
236.247
331.139
431.856
414.43
384.646
89.1021
69.1302
333.005
123.695
45.9207
297.153
431.519
283.472
241.589
184.083
240.076
76.1075
408.664
370.295
216.804
172.069
174.291
145.708
277.624
433.198
310.045
415.88
306.38
107.558
312.31
374.218
288.834
232.241
92.6887
366.67
76.4521
406.454
322.692
310.285
223.7
375.935
341.21
110.785
330.931
352.017
211.789
348.527
369.836
78.2258
223.67
168.972
375.382
253.03
262.639
103.992
243.424
242.19
390.964
86.2453
360.779
32.3457
208.98
128.627
360.403
192.65
358.632
198.257
161.853
255.869
73.1073
415.312
289.399
223.784
355.335
264.908
309.58
265.875
129.451
341.145
137.925
263.209
420.07
320.149
413.115
299.556
182.923
293.934
191.075
414.259
41.7822
183.021
137.648
254.935
387.269
329.903
400.423
163.791
403.651
387.518
237.088
260.97
254.744
145.733
318.907
423.694
258.547
297.468
236.672
423.614
96.3822
356.656
353.425
405.339
401.16
62.4905
272.845
364.082
122.382
287.299
360.053
342.685
384.366
404.219
387.754
341.021
61.4669
125.256
304.602
263.546
370.929
331.651
162.187
397.633
242.161
330.036
158.374
91.3599
244.048
200.945
91.507
428.94
265.322
110.965
399.49
177.761
334.482
296.961
382.473
248.638
39.3736
301.409
175.085
50.8593
369.779
278.259
347.675
180.432
318.965
320.16
351.827
142.493
278.76
237.65
339.912
354.552
326.053
320.261
341.611
45.8226
298.803
183.68
388.205
64.1977
297.158
279.961
216.465
431.478
215.169
408.819
78.4939
301.645
246.24
133.194
254.113
161.046
422.527
362.49
319.923
268.692
150.743
300.212
324.805
271.799
143.262
301.741
258.802
172.523
274.122
261.375
246.239
234.416
413.788
253.445
321.148
331.879
321.368
426.567
396.815
238.654
353.326
117.452
391.358
217.879
193.893
56.3793
281.205
207.653
78.6639
302.952
265.992
386.782
244.303
278.98
295.628
281.929
232.448
108.813
425.402
317.068
258.081
206.813
291.51
432.631
95.7391
314.292
334.568
30.4092
166.502
249.024
159.567
105.326
190.81
199.266
205.419
168.874
154.188
32.724
134.793
76.4408
411.936
324.087
321.711
59.2314
121.786
426.258
422.103
199.122
279.278
130.364
406.269
375.852
72.991
135.283
367.633
190.366
411.191
296.212
227.002
226.923
338.162
419.367
411.284
290.886
224.34
431.54
264.061
321.582
137.573
273.264
272.153
121.187
124.249
350.814
88.9715
399.794
172.566
245.158
292.935
414.668
242.057
312.833
324.774
307.086
364.579
210.751
197.987
238.761
249.682
363.122
188.562
259.778
372.568
328.714
267.97
298.864
329.776
115.166
398.152
287.17
428.247
393.891
268.972
117.351
83.6191
402.477
433.322
78.2993
295.191
52.5703
56.4333
430.346
344.736
398.881
339.008
389.704
76.5984
119.453
203.577
263.034
260.129
306.914
124.864
427.988
310.781
382.903
176.683
295.769
277.316
227.097
302.427
167.841
327.462
402.094
284.185
119.016
134.166
421.026
39.4172
295.719
390.535
206.502
195.83
425.94
254.217
237.979
254.696
328.007
165.659
346.66
286.489
321.863
363.266
259.83
113.05
201.783
250.521
291.395
392.439
190.257
346.529
263.374
47.6013
235.301
340.996
251.044
184.584
245.302
331.463
298.891
398.359
136.706
291.284
202.96
342.208
210.556
253.859
226.688
86.498
160.808
288.404
306.122
337.391
305.362
141.178
213.054
261.282
371.658
320.364
325.108
136.863
346.804
385.939
146.619
73.9706
347.369
397.816
99.3566
363.147
209.15
320.455
190.508
394.356
165.245
403.764
158.827
245.27
318.144
61.892
392.546
274.776
219.003
262.32
431.841
34.9531
321.242
108.808
110.29
63.1059
168.83
337.975
398.437
403.726
295.443
134.948
32.9068
296.928
294.435
350.602
278.843
40.5677
263.938
412.765
132.57
386.511
371.023
253.863
300.936
97.2788
142.913
105.647
338.456
352.092
343.395
282.478
107.658
257.137
339.117
137.885
121.595
155.822
123.814
404.097
243.466
265.527
91.6442
122.714
248.271
268.056
312.837
31.4087
370.997
248.159
156.564
340.75
101.299
320.817
181.942
47.3494
232.668
127.125
181.201
302.319
406.153
307.499
381.628
313.453
261.842
312.264
37.3084
277.481
355.626
292.19
317.06
267.418
321.462
417.089
366.184
141.398
152.097
198.912
252.402
324.311
356.785
312.284
269.023
371.27
380.798
79.0614
416.922
283.876
252.713
346.971
302.199
237.93
357.614
278.719
263.194
411.401
370.328
391.557
394.674
307.139
177.426
124.541
107.408
265.915
372.724
238.567
64.5428
278.745
260.351
416.457
132.544
330.08
293.527
423.442
185.76
66.5703
85.2115
161.87
349.697
187.551
152.739
384.454
292.344
347.877
63.3052
175.375
382.018
108.747
424.745
224.745
372.17
152.878
364.394
350.866
30.16
326.819
111.528
223.704
367.571
164.38
333.215
255.058
289.517
276.254
291.809
301.204
398.307
377.585
245.454
292.806
149.029
270.763
392.597
43.4229
342.512
267.513
202.336
363.124
154.935
214.049
392.19
332.571
63.7809
226.521
221.162
66.8794
179.21
137.307
80.818
173.592
196.03
415.039
353.708
262.062
166.863
302.47
385.04
124.857
288.589
232.443
293.906
305.8
51.7441
239.445
191.364
397.564
366.897
238.589
427.242
185.279
172.236
371.451
421.603
275.866
307.072
349.623
337.513
206.471
242.273
416.228
137.285
350.898
330.334
415.245
302.217
315.426
155.413
263.053
311.164
403.082
330.302
419.435
346.039
329.736
174.228
131.78
422.413
238.544
432.471
63.7737
329.268
385.112
399.619
408.42
294.384
232.651
298.588
292.947
147.04
232.122
128.567
275.671
47.4622
242.464
92.9826
41.3467
282.675
373.003
60.7616
147.511
283.339
396.964
32.1858
101.004
428.841
300.681
325.622
67.6901
340.439
341.286
327.084
240.751
294.829
241.656
266.062
168.3
37.6821
304.071
350.636
339.299
119.218
421.396
244.927
125.2
221
287.26
400.907
356.339
404.353
422.974
292.194
221.438
394.256
345.52
373.307
280.131
169.027
197.648
360.609
270.688
110.761
314.324
381.691
383.17
351.049
280.142
190.644
217.023
260.56
41.7326
269.446
342.555
245.334
244.461
423.221
171.819
401.575
43.6348
305.19
232.622
305.586
272.569
357.605
412.786
364.242
75.3193
398.546
284.521
100.872
351.072
183.372
366.602
205.313
205.024
64.6897
238.996
312.806
415.333
154.339
305.283
365.196
262.095
341.77
251.002
346.984
285.076
250.747
319.727
160.571
333.189
317.709
236.388
252.416
419.595
178.958
319.403
84.6584
120.098
397.538
312.169
353.384
252.703
214.615
325.211
419.138
280.437
82.1905
150.475
137.381
362.752
251.219
318.248
282.149
240.86
396.654
414.762
69.7302
298.764
125.143
398.76
403.717
269.723
169.703
82.7543
259.52
327.934
431.483
184.142
358.075
300.259
257.781
322.548
313.433
238.098
151.408
308.384
344.751
411.738
282.065
316.283
106.08
350.053
400.891
245.462
372.793
270.632
291.579
296.401
300.968
415.576
403.649
360.296
419.817
339.932
356.026
52.7099
420.409
363.661
150.249
164.557
392.648
320.487
320.133
355.018
31.3081
390.187
266.132
338.501
393.112
348.565
360.036
124.424
355.338
340.979
337.296
273.636
398.908
197.176
330.37
294.993
214.514
409.473
333.173
129.648
348.11
365.85
329.707
339.367
238.277
93.2498
409.925
272.649
334.814
86.2649
419.203
121.755
367.178
203.538
425.584
223.82
414.77
304.698
369.473
302.878
189.192
244.891
75.2701
362.074
276.249
417.821
178.414
186.197
252.258
50.7408
264.732
220.969
409.511
34.4153
164.597
398.794
219.485
351.388
302.278
380.676
337.388
115.516
225.119
415.227
300.894
230.243
403.471
321.109
403.651
112.979
199.405
161.01
133.143
331.378
329.973
404.959
374.188
161.626
283.884
335.48
396.987
242.884
309.03
260.644
433.635
131.991
399.966
151.692
428.251
253.645
121.959
357.28
235.237
83.7861
181.613
310.046
42.0083
134.399
296.468
352.994
430.173
327.655
383.491
259.453
40.5534
72.8882
110.399
211.553
276.748
327.689
327.238
378.945
304.967
284.339
293.014
183.124
390.639
308.983
422.196
111.385
105.469
342.82
236.284
338.536
225.98
398.288
279.658
218.748
90.7139
203.459
316.859
315.354
382.363
330.924
290.609
397.24
55.6341
339.245
344.181
422.979
310.257
415.047
55.6204
118.874
53.4013
194.298
426.249
175.835
319.131
220.937
391.865
427.283
293.484
140.153
196.633
189.358
401.818
99.5461
327.959
420.637
256.969
325.644
169.062
259.154
188.884
338.644
251.304
374.98
339.9
209.146
377.306
120.731
178.304
157.636
76.853
351.188
373.676
313.614
79.9928
184.094
431.004
257.25
184.762
399.115
424.869
291.61
289.012
357.868
387.222
376.511
245.806
193.665
309.054
212.938
409.774
359.584
150.098
385.535
71.5738
331.328
300.13
256.303
340.831
134.785
267.349
77.7558
331.349
122.324
252.753
414.433
124.808
225.006
129.098
350.154
427.197
330.588
254.908
370.351
386.909
77.7902
342.663
319.819
223.953
72.5181
195.299
297.575
258.395
294.141
125.924
119.217
167.521
275.818
337.636
202.748
235.235
341.532
345.391
72.4123
415.186
423.041
420.47
303.96
64.9934
387.716
270.824
105.875
426.503
274.991
100.172
209.211
322.313
363.7
234.63
327.459
99.5997
37.0221
77.8245
269.189
275.216
212.804
69.6334
98.2305
125.628
174.511
72.9926
147.893
158.204
368.219
278.64
281.973
243.681
292.175
417.249
47.59
391.715
376.155
387.759
199.427
347.647
88.8555
301.451
111.619
146.135
184.353
247.621
296.1
334.953
359.611
214.392
163.774
235.081
279.266
283.591
121.122
327.581
183.556
288.082
109.636
138.566
404.215
376.593
369.324
271.019
265.011
97.7597
183.706
271.251
313.91
93.6306
290.804
292.304
281.373
140.23
118.987
428.711
72.4171
108.152
235.223
333.43
88.2708
183.754
401.552
151.403
284.568
340.279
399.949
141.556
432.628
147.539
405.41
408.554
291.333
329.315
298.8
313.676
378.865
382.35
213.489
364.188
107.868
419.042
353.314
395.548
88.7601
343.116
186.147
423.927
390.332
89.4125
246.621
147.093
175.581
250.199
174.919
263.005
281.122
153.36
401.005
333.18
344.406
202.067
194.671
84.7127
37.9304
145.947
76.5233
277.33
254.178
305.15
353.327
198.888
385.423
56.9893
375.587
412.166
358.891
283.054
82.3552
380.701
252.588
126.579
180.495
144.83
393.356
69.567
176.442
171.291
111.431
249.443
413.494
113.049
328.741
352.604
311.233
378.532
86.8934
326.922
208.868
391.264
38.908
321.556
428.021
249.999
422.888
294.595
283.782
302.844
33.1521
42.4335
124.394
303.801
59.5664
429.138
106.651
212.279
256.917
270.754
286.199
187.446
358.252
261.28
42.7395
55.6954
348.041
197.31
325.494
414.539
370.118
33.1003
348.529
399.047
160.935
53.0368
106.282
399.807
412.375
177.019
157.776
419.355
87.4526
370.823
281.746
368.251
348.856
120.34
289.566
232.37
433.434
185.391
351.583
311.893
340.389
369.839
416.081
287.443
247.483
392.498
237.173
185.645
344.037
294.536
250.597
251.619
140.1
425.765
39.7031
310.645
239.047
265.278
429.709
376.67
271.82
350.998
423.986
202.074
49.3827
