-10.4516
-25.1067
-62.6193
-143.575
118.8
-176.34
-98.9394
-22.8079
45.65
160.28
-17.1417
132.012
-200.976
53.0466
87.4874
-179.545
-112.151
-18.4421
-72.6418
-276.852
-60.1115
38.2617
11.181
130.102
-73.7453
-24.4174
-4.14955
-87.8018
333.562
94.495
286.438
45.0926
-194.31
324.692
204.981
108.665
364.888
363.963
-7.6336
-33.535
-92.4133
184.821
-66.5002
-74.5705
-253.916
-74.4725
-19.9583
-30.4029
-37.7882
-150.79
134.234
12.7958
364.205
4.95833
-6.28093
-17.1016
97.4791
-92.3511
-157.819
-65.214
-133.736
196.575
-61.8757
-9.74132
23.4078
107.353
-76.2687
-137.719
-365.104
-131.41
19.5176
51.3377
-30.9711
-45.8424
-172.741
-61.046
-62.8854
-91.8706
-92.2327
17.6509
337.541
-210.95
-51.4259
-90.3841
7.4972
-19.5459
-36.4138
-178.506
60.2587
-58.454
-232.179
85.7499
-41.6494
-23.5595
-187.908
11.5825
-174.674
-123.941
-11.7986
-160.035
-344.245
-15.6436
43.0909
-47.8853
-39.8101
72.6555
-191.844
212.73
-69.9471
-10.9191
91.3399
53.1033
-238.03
-360.755
102.329
-22.0829
-90.3031
-44.2141
-95.1506
-207.77
138.952
-156.241
32.5475
6.19756
-12.4735
-40.1268
11.8753
-45.0954
-302.279
43.4666
-86.6667
16.4629
-351.353
-78.9551
35.4598
-43.3854
153.788
363.132
29.6188
-273.04
-25.4913
-54.1054
166.219
-62.4301
-140.337
-23.0169
-45.5698
-171.702
-53.573
-351.839
-28.8049
130.381
88.7476
59.1553
-23.7086
56.0344
9.08244
-153.085
-86.941
112.523
-4.49584
-108.902
-16.8978
-125.881
-40.7648
10.5144
-108.347
126.91
-30.7375
365.326
-3.90396
126.918
-36.1336
20.6543
186.189
-106.848
98.2183
-117.219
-15.6106
-96.6286
117.399
-7.1243
-21.9858
279.472
-106.895
84.335
-32.2009
48.1203
29.5429
-4.881
-91.389
-10.7484
-76.5036
-109.969
172.465
289.47
-205.756
39.3532
84.7622
118.526
175.465
-60.0578
-67.5137
-223.847
-66.2074
-48.1555
38.2182
-185.208
-20.1386
263.377
-106.362
-94.7879
-22.1953
-80.0429
186.731
63.4341
364.352
53.4725
37.9697
6.98242
66.8019
-227.023
-90.4783
-90.1895
351.002
218.583
49.0386
-57.3647
-115.29
-151.402
-4.73628
-282.229
-60.9865
225.773
1.65819
-162.893
351.344
-269.861
-18.8749
-2.90643
-44.7977
144.733
-43.093
343.145
47.6262
-64.1817
354.214
218.343
352.197
29.9282
-163.651
216.975
6.46557
10.0795
-198.453
-24.1822
32.6909
-75.8627
-2.95567
351.856
-49.3338
170.129
16.1171
154.884
-123.083
252.633
-231.307
-111.091
101.83
185.187
-13.8969
-179.971
-18.6988
47.2076
-74.8007
164.69
97.1292
-38.9819
153.367
-260.842
351.892
-66.815
-29.0232
14.2338
-94.1669
-36.231
-56.4911
9.88668
36.6615
68.7826
-243.537
-35.8183
204.006
-64.2275
-110.914
195.333
47.2093
129.124
50.1866
140.463
-33.3132
-14.6017
326.258
-106.074
26.5911
-150.389
19.997
-13.6348
-29.4134
-17.332
-79.8395
56.0735
-40.0793
-6.59734
-351.527
89.1436
178.905
-103.94
-91.4465
77.5468
-104.789
-198.355
62.631
218.151
-352.415
39.2156
-42.0151
-82.2036
-184.593
64.0958
-41.9064
-99.4286
-153.575
-88.3674
-50.4993
-69.7915
56.6771
27.2018
44.2069
-63.0876
-352.162
158.43
-6.50969
-201.375
44.644
-203.693
-18.872
-117.773
-50.9675
224.015
176.583
-96.6446
364.285
17.8402
118.38
217.938
-39.7049
29.3633
-168.631
-127.284
202.193
-90.1823
-34.5703
75.5583
-9.35729
-8.46959
-33.4725
-85.2152
30.3064
-54.9411
-30.7416
-365.15
26.6123
-55.2898
7.28706
-165.622
-15.8234
-15.6879
-51.6811
-36.4972
-32.7494
-136.031
-22.3083
55.3255
-66.9167
-238.741
20.3968
-34.2328
260.267
19.9642
-172.022
202.214
-190.825
-60.615
-44.6175
-34.736
-198.45
103.004
-57.7573
210.727
-167.41
8.45467
-241.832
64.3754
-76.6135
-66.4746
79.7415
-14.9075
-24.9077
127.179
364.05
363.463
102.697
-138.123
-101.015
140.109
227.222
-122.439
18.2088
-21.8361
-46.8636
-51.7765
-12.1944
-10.4966
-99.8191
-53.1629
64.262
-7.50322
38.8765
61.9903
163.927
-206.112
194.814
-27.8603
220.431
345.154
-20.4683
69.6016
127.877
-15.7175
-35.2959
-71.4585
-72.4227
-70.9914
-35.0408
-10.5023
-47.5579
-17.1122
24.0728
-45.9573
254.312
229.993
32.126
-25.0205
-38.3439
-8.01531
25.4104
66.91
-206.77
74.4392
19.5613
-10.9142
89.3264
245.143
164.674
-110.765
-79.719
53.7786
-42.4788
281.968
-54.5138
224.755
211.264
7.87716
-84.6334
-20.8063
97.4925
15.2465
-212.211
-4.85361
-49.8854
-126.52
91.4057
95.701
-71.1241
-53.5762
6.45031
-50.1258
-15.9228
76.4071
-10.3121
-20.2688
-189.691
23.9535
-77.2345
24.967
-60.6592
-28.9551
-309.241
-51.9492
65.6253
-112.844
-82.5264
-6.37518
-32.6852
-27.4311
-128.831
-145.927
35.0605
-66.9208
-36.808
33.6556
-3.77291
-97.9135
-47.6603
-73.6837
-181.911
8.37693
23.9252
-40.8421
-82.2161
363.475
83.475
-155.397
-16.8753
-85.7141
-6.60523
32.5279
99.6044
29.5498
22.1449
-7.97069
48.7673
-187.951
40.6563
-85.2127
47.4622
230.589
133.512
70.5652
267.463
364.786
69.2325
-219.303
-98.9854
139.849
-94.1035
-7.62122
-52.8886
46.7201
-40.9882
43.4808
297.427
-29.5983
-21.1587
-101.45
336.163
-197.367
38.0022
-11.6238
-34.0317
-67.6092
-154.053
-121.76
2.28075
-111.235
-39.79
-19.9702
27.5813
124.72
-304.697
9.85404
-100.183
-124.381
-32.54
-126.374
-88.8032
72.2187
-213.345
-199.96
32.5884
124.943
-62.3504
114.275
-72.0885
-35.6175
39.589
110.429
62.1394
-142.916
-58.9454
63.5974
-84.4773
-48.4138
109.301
351.677
-82.2896
40.6532
-11.9762
-16.5322
-65.7831
20.3817
25.0415
12.5793
352.312
230.014
-113.28
-61.1013
169.164
77.3079
-51.9761
149.319
-118.884
-4.66623
-21.1434
-25.6816
-4.16951
141.187
13.6027
19.7578
-16.6694
-95.1318
-48.4421
-66.7035
-78.2911
-144.164
-112.467
-152.432
351.671
363.681
200.463
-168.825
6.31547
246.113
270.924
-35.8896
11.0034
-29.9902
-51.2396
-29.6729
60.979
-97.1155
22.2879
165.168
31.958
-199.546
-18.9047
-306.618
35.0547
-101.844
-66.7832
24.4924
-162.964
29.3981
-115.728
26.3448
-3.96311
-44.9429
132.025
124.567
-23.7789
-25.7827
-98.4885
-307.846
-71.2534
-13.7813
206.104
-17.1589
-58.3225
-10.7263
25.7066
-351.717
111.346
78.2358
-37.0662
-81.971
93.0717
43.6013
281.712
11.4329
247.208
71.9844
39.8043
-43.1694
-36.1737
217.832
115.831
134.944
31.3686
-47.4201
42.7468
-255.39
-135.174
325.404
241.469
165.692
-15.2669
-23.3538
-86.4608
-19.8866
-123.974
-58.1482
351.323
268.045
105.432
270.314
20.3376
-12.7587
-103.704
134.251
-52.5156
-324.063
-97.8741
314.331
-111.132
352.398
-5.97781
255.106
127.224
-126.429
-146.698
-23.6832
-147.119
-108.553
-197.355
-10.5781
19.0633
-71.897
152.821
-48.7781
-272.758
275.555
-35.917
-76.0952
112.116
-62.2944
-147.638
-89.044
178.428
-21.8144
102.668
9.09642
-70.5935
-64.5713
8.52378
-177.456
-10.801
-202.87
-128.054
8.43103
-97.7566
-12.9822
-44.8054
308.481
-89.4299
-132.205
266.129
-53.2325
239.565
-9.20256
-12.3496
25.6195
109.709
-67.016
-58.0091
-48.549
-105.342
-53.8065
-179.818
22.0171
19.5717
-25.7315
-5.93298
135.513
-83.6923
145.729
-11.9157
67.7903
89.5289
-76.1783
127.329
-11.8399
190.506
-60.9179
-3.80408
44.5996
112.359
-38.7388
-65.1734
-42.572
119.194
-63.0944
286.965
-261.406
-122.619
-167.733
-353.002
17.3474
-58.4331
-17.0622
-11.0305
136.758
-23.2694
-130.461
-97.1015
135.735
-59.4394
35.1873
-13.5101
-34.8462
355.787
-352.026
-18.0143
151.843
86.618
-351.705
31.5036
7.06568
87.9192
-11.5944
46.1756
-30.4822
293.72
102.231
112.153
15.8512
-129.631
-117.726
-164.048
-65.8514
-44.687
-138.289
126.403
163.532
-95.6815
-188.534
-12.7568
-352.079
65.9317
-231.407
66.2206
-30.9402
-38.425
-72.199
-9.22643
-90.2206
5.08883
105.903
91.9154
-101.061
-109.203
-155.913
-34.1323
-196.894
236.27
61.5607
-125.353
-2.04024
-109.386
24.3834
207.473
45.9776
187.514
24.9007
-64.0724
30.0226
-88.3489
-276.125
-42.4122
-172.296
32.0391
182.996
-87.2483
-174.136
-4.81537
6.67705
-314.707
-49.5194
-19.8713
-175.141
-26.3816
-57.7034
91.9666
-46.7748
-166.543
72.8976
6.17996
-234.334
-120.229
-36.9381
-351.326
-4.54329
-19.7321
-142.507
-142.091
-30.7408
-143.88
-80.9421
-199.055
-230.25
61.0355
-100.429
133.478
8.75543
-213.962
-40.2827
-286.951
20.8358
-57.6539
176.712
-35.0736
-19.8992
-268.718
-190.628
363.718
179.683
-118.672
-11.5897
30.8688
-13.8768
-77.2188
-98.8499
256.604
-127.545
-185.594
157.462
-56.0683
-25.5887
32.4104
60.3063
-14.4797
70.3245
49.359
22.1067
-50.5219
126.696
-14.5742
-143.232
-138.431
-30.8933
130.441
22.5421
72.9386
-96.716
57.7455
95.3528
51.9978
-95.8079
-14.7581
-7.86657
74.4597
-71.3514
-223.149
-15.8794
-205.204
-151.73
-53.777
6.75767
192.857
-352.718
30.1829
37.3414
-26.7049
-124.04
-162.529
-31.9869
-32.8341
-38.3917
36.3624
-103.775
-97.2539
-352.668
-351.085
-36.9766
9.34713
-220.97
142.675
-24.0673
-69.0241
-101.641
-79.5039
-162.024
41.0846
347.561
45.0635
44.8269
-172.584
122.024
-240.086
283.427
-160.686
-2.64486
-12.0361
178.784
-27.3343
75.9837
-19.9811
-54.7122
-125.61
-81.2022
20.2135
141.107
-59.4529
108.386
-8.59743
-170.618
227.008
20.3236
49.3492
-161.78
63.9197
-108.381
-51.1637
66.9586
-68.6441
-144.231
159.462
65.0073
-104.823
6.17158
-187.416
-162.141
-8.00084
-178.861
-34.7689
-218.327
167.728
40.5546
-56.4432
-23.358
-76.4966
-26.8394
-5.77976
351.678
-6.26358
-196.254
-171.453
15.457
-167.529
52.9613
87.1537
-3.50877
104.235
-145.253
-14.8574
-189.989
-38.5089
82.5023
-127.346
-35.0577
-49.0078
29.0447
-287.013
-116.95
-354.371
-65.5196
-94.2496
11.9815
364.209
-15.525
126.25
-35.2117
-139.688
-201.467
121.104
-5.61267
-74.0476
52.4397
-141.536
-156.35
-302.614
-122.455
-96.8619
103.512
-85.5826
366.012
-106.337
60.2434
-104.141
-83.0391
-269.041
-62.0175
-7.76085
-87.9756
-132.975
12.8212
95.6105
-43.0187
-40.5728
-361.687
79.1997
-50.7491
-168.505
-156.239
-129.988
-47.2625
-22.9381
-100.681
-156.094
-254.869
110.995
-20.3883
4.77762
-259.014
-154.91
-5.21862
-328.906
-54.3997
-113.172
-20.2527
-35.562
5.37061
-81.1783
159.175
-228.811
-23.8278
-185.734
22.2363
-67.5396
-32.5569
99.6781
16.128
-19.3018
73.1522
-55.9568
-186.771
10.3413
-24.2807
89.7648
-116.113
-30.1876
-72.562
-92.0096
-327.544
-169.569
-26.8157
-103.563
-192.511
-47.4919
-37.4599
18.8767
-6.34439
-82.4595
83.3801
-30.056
-67.4839
-16.2978
-41.5451
-24.4647
-68.302
195.968
-204.301
-140.031
-19.0737
-224.774
137.322
99.3293
-51.5138
-225.375
-63.2069
-20.2917
131.472
234.064
-106.138
-161.787
-76.3686
-65.3219
-10.4718
54.0804
-75.1117
-57.8661
73.3751
99.3932
363.558
-6.84184
17.8637
82.6268
32.9425
-51.0046
134.398
-144.114
-12.6677
-69.4862
-46.0142
-5.56242
18.5696
-8.31052
14.9286
-352.442
-64.8455
128.523
-10.0448
19.2076
-27.5542
-52.2543
-111.666
-56.1821
103.763
-174.364
-129.871
-364.522
45.6937
-28.2518
-73.9924
300.915
-151.989
-185.408
-20.266
-214.62
-177.342
75.6128
-40.7708
223.798
-64.3064
-102.493
-119.467
-142.963
179.409
-108.498
-133.562
157.706
48.6064
344.391
-14.5933
-158.676
180.494
23.6505
-80.785
-19.9633
-351.023
-165.131
-184.614
-53.1097
-113.821
-75.1292
80.0832
80.879
-18.1093
-35.2295
-78.8623
170.639
22.4735
-117.754
21.7821
-38.6944
-166.757
-26.0023
-60.7404
-30.5952
-111.457
8.56638
13.7989
-14.0936
-68.4971
-195.395
-126.156
-16.1934
-71.5715
51.6369
-127.888
168.589
-44.9367
-117.512
-41.0831
-48.3257
30.9434
17.2044
-64.2592
-57.7626
-64.4174
-53.7451
289.559
216.346
-282.665
-15.2286
188.265
115.518
-20.6687
-106.464
-19.9566
290.377
-79.3617
-25.9247
-13.9943
23.4576
-54.0585
7.69528
-77.3683
33.8522
54.9971
-84.6309
-24.6775
-126.614
-35.2976
-176.002
-193.204
-111.043
17.1378
-113.954
-165.137
-322.158
64.8712
-146.332
-141.076
2.89865
-49.2053
-55.8341
352.103
-62.2358
-162.056
53.128
-212.368
-106.931
-23.4309
36.7304
-13.2827
-87.5257
-150.117
13.1645
24.8703
-63.9295
-20.1578
-81.4737
23.6919
-115.645
-30.4638
-134.739
-20.1498
41.9933
-37.9228
37.8888
-39.3516
-38.2623
-115.321
-33.6563
26.57
223.908
-6.31774
18.5214
47.9143
34.793
65.6456
-352.315
53.7772
-84.2476
-29.0711
-50.4785
-117.057
-5.50801
-33.8103
206.81
-19.6176
-4.91048
-12.2112
-11.4094
-6.87013
61.3225
-110.921
-45.434
-2.16939
195.553
123.768
-18.447
29.1012
67.7403
-24.2151
41.6821
364.374
-186.522
41.6355
-19.755
-15.5593
-20.643
121.535
-29.3273
-120.591
247.461
-101.773
198.621
-198.692
-155.471
97.6854
134.005
-3.27653
81.7391
122.768
-39.5703
-23.8166
-77.8274
-181.38
-22.6168
-16.37
-92.2279
-55.907
-216.122
-7.9611
-75.0758
-41.5507
230.468
260.068
-5.42371
24.2992
-140.761
207.188
-292.034
23.3671
-3.60995
11.2138
-1.15549
-133.221
-142.839
-232.245
47.7235
-45.4531
66.1581
-45.6286
13.8694
-45.6157
-98.532
-65.9156
26.9822
44.6858
-14.2406
-41.7039
-140.947
123.04
227.844
-63.024
39.1644
-153.02
-15.0638
-302.976
-155.991
-25.3971
30.7611
-35.1796
49.558
244.811
-19.8995
-53.4323
205.366
95.8976
135.079
8.89557
74.9946
-128.681
45.1606
-3.55728
54.2104
-363.304
13.9939
-112.517
185.639
-14.9554
240.71
-86.3096
-293.985
136.652
-14.0669
-6.47191
33.9467
-5.39736
-35.5138
115.199
83.2827
-56.06
-30.5632
351.438
-18.2312
-14.5641
182.142
-8.8325
-29.38
-35.5077
-65.2241
163.447
-55.3861
-37.1207
-126.94
-21.2345
-71.2848
-230.629
-136.113
-111.694
47.233
44.063
-9.34908
-235.704
9.4279
-302.637
45.6092
-28.7977
55.2271
-176.242
-151.824
-63.7559
16.3113
60.079
-9.77404
50.841
-72.2532
151.987
-21.039
26.7632
12.7523
83.2951
360.578
-28.9831
167.012
-46.3443
57.1018
2.7716
-12.551
-28.0401
59.6211
-38.6235
-133.984
66.7616
266.671
-277.512
14.1459
-77.6183
98.9888
-167.752
20.9223
-39.9056
-115.085
-183.885
-98.0778
-9.73746
15.8296
95.4198
-302.661
199.668
155.716
-44.6825
37.3463
44.1
-124.744
21.6674
-13.2804
15.6461
-142.703
-364.646
196.975
-32.3502
-64.5302
49.3348
-36.0761
-116.808
-53.4647
281.002
-146.206
64.1338
-63.7805
-138.139
-21.3465
-130.667
-4.50824
-15.1077
209.069
-38.2724
56.6537
19.3287
85.077
-183.987
276.235
-23.9367
-11.9522
-120.27
-160.154
-77.0567
-9.91882
-53.4245
-3.30377
228.833
-94.1639
75.0724
-365.382
-16.7884
-57.3871
24.4872
-107.166
-31.2415
-84.2974
85.0163
-50.2223
-362.641
-19.2147
-163.369
108.836
45.688
-9.0341
11.9838
-57.3829
-265.954
-67.2529
-141.747
245.937
70.2993
111.16
-30.3375
-36.2583
-29.1008
-3.68193
-42.9165
-59.7463
120.551
31.0472
-2.99787
-65.2827
-173.911
-353.249
-303.517
-80.1279
90.1015
-88.9599
-102.805
-364.724
8.39558
-352.801
-16.53
-99.1177
41.5008
-87.177
-31.6366
152.53
31.2251
60.9351
-95.8954
-144.6
64.1289
-82.3176
-69.6092
57.3865
-30.3179
75.3088
14.6662
-78.4964
-106.425
-63.9623
31.3406
-73.4803
-51.1027
265.797
-109.367
-7.06175
-8.02045
282.903
-75.9407
39.1917
-32.5368
-28.6701
65.0564
146.88
17.587
363.762
-65.2047
-26.4778
-9.80407
74.6036
198.052
94.7639
-6.7529
295.666
54.5693
156.537
148.229
12.9273
-59.2265
142.9
53.7541
-130.573
-21.575
-172.676
-102.84
27.1516
-80.2973
52.4662
-55.888
-144.22
-112.857
-186.381
-71.0283
-6.08929
88.5528
-98.8365
-167.035
139.249
-153.942
45.7517
-30.4313
-76.261
-352.353
-66.35
-42.1535
-9.06251
-112.141
-142.983
-121.743
-4.64369
134.635
-32.1336
-24.112
10.555
135.124
-28.9064
-5.30431
75.841
100.609
52.9927
161.327
29.6471
-91.5748
55.5166
184.565
-86.2315
-141.533
101.507
-137.309
-54.6896
-15.7903
-142.471
-45.4294
-21.4018
-317.603
24.2645
178.372
-124.142
-197.52
-145.963
-107.766
98.0011
-22.3769
293.835
174.039
93.4155
-4.76566
156.625
-66.4673
-33.9711
107.619
11.7975
-119.432
98.1697
-209.511
37.6467
-20.8959
-191.556
-125.982
-4.17958
364.48
-96.3871
-14.6315
-244.887
-40.428
34.4639
29.719
271.601
-40.9578
-73.4586
151.546
-21.6459
-34.7384
193.718
-14.0311
253.761
47.9834
-23.9215
-194.053
360.336
-27.6093
-93.073
-34.3209
-85.0866
-89.3529
-80.6873
-31.675
90.4068
-34.107
150.658
-351.618
19.5985
-35.3544
-48.6551
96.2231
89.6463
-16.6431
-9.24498
-41.1937
-101.974
84.3004
-72.3138
-65.9272
29.8167
-20.9501
104.448
179.441
29.5377
-68.6565
57.3741
-218.777
-47.1856
-28.8361
-39.1187
49.4021
-175.352
-152.39
-148.431
77.5635
-36.0133
-23.396
233.067
-77.2865
-158.94
-258.579
349.378
-109.74
-3.60214
-38.1483
-131.332
92.7177
-120.165
-9.64291
81.2433
-20.548
-26.8188
-4.35481
150.564
112.21
36.3123
-81.2868
-38.9124
-120.899
-135.186
171.421
65.2639
-163.52
-30.8643
-75.3435
229.049
-72.46
-74.7333
11.5289
-153.051
-23.9905
-261.842
-84.7974
-29.0374
-48.9739
-112.293
-218.716
-99.3682
88.9194
-30.1291
53.8184
-15.2639
-203.854
-22.2025
27.0918
301.86
-16.8827
-14.1096
9.43623
-56.6979
-287.425
53.1797
236.837
5.90929
-146.899
-127.577
-24.1055
-50.0045
362.877
-84.5242
-51.0332
11.3547
-14.6167
-79.2482
62.953
45.6667
285.689
-77.3208
-96.4502
-25.1896
58.8355
193.997
-55.1667
86.1705
-19.1905
139.796
33.5167
-339.695
-52.3805
-235.607
-252.51
-60.175
222.051
101.931
13.5627
-207.87
-34.4444
217.157
90.4691
-92.0995
76.4491
-162.618
-9.30742
-59.3406
-122.405
-46.2845
35.0658
195.786
-26.471
-38.7041
-11.6906
-38.445
-9.17421
-25.7205
-31.6019
-95.792
-41.4928
360.798
208.242
-20.7394
322.2
94.9112
-112.761
69.0842
151.651
-45.4665
-20.0825
-63.5376
-12.17
-42.1321
-139.358
30.3387
165.266
57.1667
52.6714
275.608
-45.51
9.69274
203.175
96.8888
52.1486
-33.8452
-65.8014
96.4702
-25.5526
-56.6403
-38.8317
184.93
21.9781
-266.523
-7.42431
-54.6453
-15.2435
-26.6521
-12.2632
364.766
-70.3309
-47.5108
54.7136
-22.3874
-69.7872
-115.908
-31.9604
85.1231
-9.34042
-69.9067
-9.29032
-42.161
87.8688
58.9807
-115.522
-4.57433
8.20391
348.301
-58.3357
-365.947
-40.1845
-175.423
-10.078
-40.842
-127.657
364.342
-9.17836
40.2153
185.112
21.1417
-22.7529
42.896
-83.271
102.715
-4.18575
320.421
349.485
-18.5159
-205.601
-39.5846
102.343
-51.3564
101.225
-160.125
-170.886
-105.326
-79.3157
-75.7765
71.2068
66.5244
-117.996
-69.6379
-42.6699
361.133
28.0819
-9.87809
-39.2735
-56.6053
-12.4395
6.03687
21.5387
96.5289
-235.364
22.222
-172.43
-65.8647
-10.6928
87.4711
-22.1824
-92.5255
-9.67959
-82.9488
8.99666
9.20346
-222.567
3.53462
-332.672
-54.7345
-24.9155
-11.801
51.0066
-33.4545
-105.537
-78.7593
-10.1679
-8.94269
-46.2059
-22.3772
-78.0873
-6.77307
37.0544
-36.2894
-122.329
-174.114
8.65581
-21.539
48.253
-53.2448
7.21404
-223.918
18.96
-20.6388
-10.1367
160.198
-126.695
-94.6694
-45.2073
-62.5583
-7.66091
-29.316
103.992
-174.735
-41.0655
-18.2383
-364.256
42.6869
-174.766
199.59
-50.7609
109.732
37.1933
-131.219
196.32
94.3863
-38.6555
122.557
-52.9533
-89.7459
-50.1586
-364.823
-37.1608
-142.359
-113.372
364.356
-138.898
-160.467
-9.84002
-120.859
363.806
55.0961
32.1717
19.7402
-116.199
33.6346
32.0889
-92.9126
-76.0898
25.4788
34.3118
-47.1911
-99.753
-72.4428
-52.3069
135.871
-45.3874
-39.1755
46.2735
-77.2862
261.116
-115.915
19.3057
21.1419
26.4313
-204.447
94.1847
-97.023
199.355
296.744
-39.9405
64.5402
-120.603
86.2385
47.7227
-186.473
-80.87
-232.143
-48.9738
33.2001
-11.663
31.0396
-36.0501
-250.787
-80.9823
-75.0006
-364.374
-130.08
69.9933
-102.811
67.0495
71.5942
-14.0399
-352.849
-23.5062
-14.8424
36.79
26.3216
-10.6476
180.886
-104.045
-117.913
-3.82692
-36.6076
-44.9155
-65.5681
-63.342
-122.765
-15.7876
-142.09
24.2665
-364.861
-28.7316
-48.6284
75.5238
340.027
20.3221
110.053
194.273
145.145
-129.579
42.3152
-42.4543
211.087
20.266
-177.539
-347.069
60.5935
7.83527
-101.582
-79.8869
23.6772
-61.7413
30.9272
-38.737
-116.618
86.2007
-22.4325
59.5644
-18.9722
-363.194
-170.071
-159.344
28.2865
61.4352
-191.311
-108.541
-88.8804
53.155
14.8589
-231.301
14.2851
-19.7685
170.53
46.3777
20.1011
-200.553
-96.7234
-178.099
-121.554
253.886
122.171
-69.3581
302.672
28.4792
-8.67207
-202.381
-351.802
130.639
-247.546
-82.0714
9.31506
-28.1098
-54.5309
149.21
-156.888
-38.3155
-30.3498
-25.8844
-124.83
-8.82897
190.96
32.2329
-63.2775
-35.1867
132.04
-365.414
31.1787
-80.0717
-40.941
-13.9783
293.468
364.086
5.08434
29.5236
37.9887
7.76952
117.551
-99.9763
215.168
-284.621
128.769
28.8878
200.105
-175.398
-29.2597
-174.458
-143.304
-276.527
-5.72411
-145.603
220.213
-31.8082
25.9126
88.7512
72.5075
-64.8676
-33.8192
-13.7425
-39.024
-97.3626
-29.6932
-257.663
229.692
352.343
47.7479
28.2059
200.457
-74.4595
190.865
-80.4747
-105.173
-122.478
-102.805
-16.7518
-70.1088
-101.702
-78.86
-39.0688
8.62436
-5.24954
-118.493
50.1137
-47.746
-22.2876
-68.7189
252.68
46.3013
130.695
207.767
-73.6921
13.2185
42.5591
-65.3
-58.3945
-221.846
41.1626
-65.1658
-72.5267
-38.6335
-52.4652
61.0341
-101.437
42.4409
209.811
-2.71177
106.646
17.0479
361.93
-273.822
46.8014
-256.373
-209.947
-187.082
-171.487
-174.752
72.0427
51.4386
20.2446
28.4225
74.3243
-121.797
-103.405
0.9617
54.8456
-249.759
-227.358
-219.83
-137.79
145.025
-102.949
-24.4961
11.2116
-41.5299
146.866
115.416
-114.431
-136.829
141.948
-62.2206
91.962
96.1765
-74.1526
-160.409
-34.2106
36.3493
58.682
-98.3409
-66.1234
-18.7102
30.504
-104.587
60.708
-86.7383
-6.24337
-178.856
-6.47164
-34.3151
-362.78
109.7
-126.713
-140.495
90.6904
-55.4915
70.7437
-3.44782
260.862
-83.564
-88.1902
26.7615
-222.005
110.055
29.2746
-59.3086
-11.33
-141.077
-351.449
167.187
163.449
-54.7781
-124.606
57.2177
-123.574
-10.4234
-49.8886
-151.656
-17.8583
-136.314
-72.7666
-92.097
-40.9577
-29.8682
-31.3964
-112.304
-228.176
-19.4814
-156.748
-7.74371
98.9597
364.042
61.5962
-100.865
7.38706
-11.9944
-76.7435
-48.4199
14.2197
-17.6393
-64.2863
-137.745
-92.6091
-9.85565
151.859
25.0541
69.1065
-54.8368
362.107
-113.762
146.592
-216.864
-6.98236
-75.8296
-37.8866
364.358
-68.9216
241.056
-294.292
99.0713
-0.281065
-84.6803
20.1451
140.142
15.3126
-9.03899
-111.384
-81.6547
363.456
-140.616
-15.3725
81.4989
-78.5643
-1.368
-0.702211
291.591
-20.3159
-70.0075
-219.432
186.583
8.97404
-22.5206
-71.8581
210.931
-83.3912
144.543
-147.199
47.6833
-35.8873
-65.5775
-19.1847
-96.4615
71.7977
-121.385
109.802
-98.7392
-134.44
-172.177
-101.267
-90.9234
-89.5635
-37.7147
-38.8755
-319.034
-65.8759
-40.0053
-178.117
230.344
-91.6175
-10.7768
-181.271
88.1239
79.409
-38.3327
-154.56
-56.7465
115.253
-48.6627
-35.962
-65.1463
97.8482
-22.158
-43.3022
-90.8438
-25.0398
-63.5196
28.5409
7.94325
-67.4372
80.2278
118.648
17.0391
58.2319
52.2647
-262.818
73.2741
74.737
-36.4358
84.151
-255.178
-71.3484
-35.6998
-84.4887
28.4337
-87.7335
-30.1662
-79.0498
-47.6227
139.559
-160.904
-104.835
-23.3905
32.446
-69.2336
28.6678
49.7323
-68.7371
-48.356
-228.394
19.0344
44.7278
244.901
-12.5303
38.6536
66.9314
-180.29
-21.285
-364.904
-98.609
-148.29
-19.3534
72.8015
143.315
363.724
-87.6686
-75.9426
-20.1217
4.93308
7.11681
-205.268
-125.609
-52.5435
-38.4635
-52.9519
-367.721
-63.9671
104.622
-61.5165
-16.4177
-54.8982
51.3259
-158.844
12.4876
-217.139
-31.9918
-50.856
-110.663
279.25
86.5
86.3356
-57.5756
-44.5827
-26.2266
-70.7949
352.029
-11.9841
-15.8897
-9.12965
-120.511
-33.6819
-18.242
-77.7633
-181.854
21.1947
-265.235
295.074
42.474
273.524
71.219
-9.23549
147.785
-235.022
68.0046
-99.0167
-352.259
-149.612
121.744
-15.0578
-106.41
-51.7781
98.4408
42.986
-25.0409
351.887
-79.669
-23.5235
364.493
7.24259
265.728
-153.803
120.132
-8.11393
-174.588
67.9928
74.9961
-34.4189
123.124
-61.4743
-35.9037
-210.841
-48.6518
-70.6652
34.3425
-56.4604
-127.085
-24.3438
-65.9829
-117.515
-70.8121
-46.0454
-26.5391
-13.8176
-140.609
171.028
-87.8297
-49.4108
-149.339
15.2892
-113.036
-12.5451
101.478
-151.694
-39.1991
-102.044
-15.0513
12.3215
-20.897
351.29
72.5011
-169.039
128.005
52.7475
362.83
-8.06742
-45.9133
-142.111
-190.514
126.632
-223.828
-19.1244
45.628
-208.15
-67.6264
-127.442
-194.47
-148.449
-145.705
-82.0471
172.924
-56.1071
-114.952
-351.892
-88.8438
-29.1541
330.459
18.8443
-13.7885
-105.273
-26.5125
-68.2071
-4.11928
-69.1261
-100.504
-196.541
-6.38799
50.5292
-45.5731
-68.3777
32.3006
132.274
-29.2029
-163.131
229.408
-12.7879
-96.5286
-28.2416
-4.81593
-290.115
202.873
61.6216
-18.5922
-34.4944
-339.821
269.657
58.9041
50.6628
-109.4
-60.7167
-74.5879
-35.7671
-33.6432
-20.9652
71.1988
-234.073
-80.6239
-208.62
-149.338
-155.596
11.4947
137.643
-20.7515
40.2847
-88.6561
-10.1057
-106.635
364.271
169.317
-42.1495
-67.4986
-110.778
-122.655
38.444
-8.73715
64.8881
-245.335
11.2732
-312.911
-6.12699
-19.5564
-86.5498
-32.9723
102.513
-38.9939
56.1275
-18.8294
15.2679
158.794
-352.175
-69.7105
-22.3237
335.381
12.3844
-63.9549
-133.637
178.983
-285.382
-56.9457
203.693
-179.754
-65.7111
-169.883
143.581
-159.663
361.897
-119.866
-25.5078
27.4431
226.847
-97.1124
193.573
107.652
48.0446
14.6582
10.2081
134.243
-108.893
-9.67255
-192.994
-49.253
-6.72108
-4.50569
-24.2729
-48.9892
60.0234
28.573
-234.473
-18.1049
51.3346
65.4285
-33.906
-20.2718
-73.4407
