50.6945
-1.0
41.1424
43.7174
22.9637
-1.0
24.556
31.5277
27.7323
47.8249
27.1825
52.2699
32.3196
25.9245
33.3957
49.4919
26.8614
51.4034
37.5011
51.5221
31.8156
25.7488
39.3974
-1.0
-1.0
41.9036
39.1393
49.7917
51.4981
50.0756
36.7749
39.9267
43.4087
26.9568
42.0167
35.7146
14.6177
49.2431
46.0404
28.5516
-1.0
-1.0
29.5962
50.1217
38.8557
45.2495
45.2058
44.9332
21.3879
35.4787
20.2932
41.856
51.2291
43.757
31.0777
42.3095
18.1584
51.1085
24.4543
38.5869
50.6036
43.5637
27.1419
37.5559
36.1578
18.9881
27.4295
44.0593
48.377
-1.0
29.7018
42.8576
23.5551
43.9948
38.9478
42.5166
51.9202
24.3473
52.1668
49.2223
-1.0
21.4358
32.0739
-1.0
15.5161
52.2058
19.617
23.7943
32.7303
53.0842
47.1484
27.6164
45.6099
42.9584
-1.0
28.889
41.4399
43.3438
31.9335
-1.0
42.6077
39.0253
35.1438
-1.0
45.6274
43.3241
29.315
36.7802
30.9672
43.2886
-1.0
37.4975
16.861
49.5503
14.6222
45.5623
16.6566
36.1401
50.744
50.1182
37.5804
49.3655
46.0379
35.9294
43.0413
46.9979
28.8296
50.8124
51.4626
32.0682
16.663
36.5944
51.9788
28.4339
30.5787
45.6775
13.9447
34.0847
44.519
43.1488
43.9526
36.4641
-1.0
39.1551
50.1958
24.0124
35.128
35.7695
24.8524
46.2958
43.3268
-1.0
36.1449
25.9059
25.3844
29.1979
45.362
42.43
45.2833
-1.0
43.0755
46.9123
29.078
43.423
39.2597
40.6349
18.6153
50.8734
45.6904
33.3459
49.2078
28.2873
22.3569
14.8436
50.0424
36.1493
29.4157
36.8656
50.3328
-1.0
40.323
29.1951
40.8536
35.6332
38.4008
41.6523
-1.0
13.1326
30.3509
43.5033
12.0083
43.8725
49.5896
48.5307
21.0297
18.8673
49.0786
19.3727
40.4416
-1.0
47.0982
21.9923
48.8639
43.3173
23.3083
32.1684
40.3596
25.6892
43.6608
30.6187
22.1612
39.0146
22.3086
-1.0
17.6972
-1.0
34.3388
-1.0
23.4937
28.9386
46.9828
29.7096
47.9959
37.9191
-1.0
-1.0
34.0005
11.7874
34.568
40.9816
36.2918
48.609
25.4112
46.6806
28.6834
35.3231
31.5432
35.4294
51.2795
38.4354
40.7312
40.8275
21.8384
26.9576
-1.0
41.0534
14.6464
-1.0
47.2549
14.2865
32.1381
43.2602
51.7614
46.394
41.4115
41.9297
45.9022
28.7005
27.0007
36.525
50.519
-1.0
33.4034
47.1612
49.5673
35.6564
48.6214
-1.0
16.8974
35.549
43.1846
36.1386
27.4581
41.8352
47.8355
20.4119
-1.0
36.3035
30.1918
43.1311
27.9074
32.3326
8.80696
42.5257
-1.0
32.7542
42.7333
38.4482
50.3365
40.1332
44.0076
30.7409
44.5391
38.1465
32.0563
34.0768
51.7041
30.5375
48.7041
-1.0
36.4877
38.8349
36.3254
40.2321
37.1977
32.4737
37.4979
25.9441
-1.0
49.8583
50.0877
18.2387
43.4589
44.7042
36.0734
-1.0
47.0429
38.3503
40.2951
36.0559
35.7535
35.8807
37.3012
34.6291
26.9212
45.0445
29.458
34.0593
29.1908
47.0788
-1.0
23.8089
29.4145
49.3909
39.8991
51.6193
49.7949
44.294
31.2636
16.9812
-1.0
43.0644
46.8768
41.5617
51.2428
37.2881
18.2709
34.9429
37.1771
24.3501
15.2725
44.6804
48.0841
47.8055
-1.0
41.7532
41.152
42.1243
34.1346
35.0511
38.7698
33.9076
37.3597
51.2823
34.9841
38.5137
51.6002
-1.0
47.5851
41.8643
48.8193
39.193
32.3339
25.0106
52.859
25.3579
41.0544
39.2472
43.9304
51.6326
36.0425
52.0739
7.41061
16.2925
26.0616
25.4367
51.9255
42.2866
43.3984
41.6109
31.1557
45.3483
43.0856
51.1884
51.6639
31.0369
-1.0
25.8228
36.5065
38.921
19.2914
25.5689
34.9347
40.3483
44.6126
31.3106
51.0581
47.5189
-1.0
-1.0
-1.0
50.0388
49.7168
-1.0
38.6443
44.9369
50.7345
36.9538
49.8194
34.063
47.2657
50.958
45.7831
18.2141
30.5799
28.3362
-1.0
26.0154
-1.0
44.2324
42.0759
39.7957
48.7342
47.804
22.5647
42.6995
34.9442
-1.0
-1.0
45.4795
33.4776
45.868
31.3556
49.26
34.9822
26.7394
-1.0
26.4846
23.2793
30.7196
33.8361
38.6968
34.9244
33.8625
51.0992
44.0971
48.6293
50.163
41.1782
31.0605
27.9873
-1.0
32.3478
50.2378
-1.0
29.2309
28.3886
26.9378
46.3892
38.1703
41.4749
41.8178
34.4312
-1.0
45.4564
32.6969
-1.0
38.2338
41.8445
43.9916
46.3341
42.8612
35.6747
-1.0
43.7637
27.7342
41.9835
34.5317
25.9663
48.3321
48.4849
22.3811
34.115
47.1484
36.5411
42.0599
31.0187
31.7237
-1.0
36.8201
19.3196
16.706
47.9409
46.6927
50.0089
32.8026
37.6733
15.1115
44.5506
46.6502
42.386
15.2387
39.0552
41.7468
38.3892
46.7265
44.645
32.0771
15.9013
14.8418
28.8018
46.3319
43.4971
24.6076
40.4412
39.5116
43.8794
43.062
47.5652
35.6712
32.6715
31.2983
34.6308
29.0435
49.433
39.6635
37.0821
39.7321
50.4583
25.1251
24.2316
24.9916
16.7958
32.7328
31.4832
38.9316
48.1677
43.3362
47.6702
49.253
39.3957
34.4981
45.4851
36.2276
37.5051
23.1807
41.3663
42.3449
-1.0
-1.0
50.7754
34.2721
45.5743
31.6965
36.506
46.4769
36.2723
26.0724
25.6824
-1.0
30.3002
44.9149
26.7884
36.0256
28.8359
34.0539
40.5083
42.2179
31.934
46.7647
26.3242
-1.0
33.8052
24.7123
39.7294
26.7544
42.3484
51.589
41.4127
33.8629
46.4459
28.0349
17.4284
45.7197
40.9846
-1.0
42.265
35.1194
24.5166
45.6997
30.0857
34.1198
36.7388
41.3579
32.4454
52.0571
48.5396
38.1131
42.5604
45.0733
34.9709
41.2686
38.0797
35.554
42.993
-1.0
38.9871
44.6989
36.4548
51.8277
-1.0
20.7969
19.3328
46.0375
36.3181
36.6428
45.3641
16.7235
44.1843
29.6
33.3408
38.547
25.4949
38.6716
-1.0
34.8202
36.2615
41.4388
32.0348
17.4537
37.6627
49.6325
30.4364
41.2838
46.9816
51.0609
24.7005
41.7858
29.255
16.0467
39.9427
27.9412
-1.0
-1.0
19.6498
43.3809
18.8256
-1.0
38.3626
19.8669
-1.0
45.1914
51.9448
38.6254
49.2761
-1.0
51.9288
41.7789
25.1076
42.6797
34.2888
50.5474
41.3656
-1.0
39.6421
13.4281
39.6077
33.7048
29.253
32.6991
38.1417
34.4382
-1.0
22.1813
-1.0
44.8292
49.3174
46.0272
37.0263
37.8332
42.1437
-1.0
36.2707
21.6596
31.874
-1.0
37.0888
34.5865
38.7228
35.1133
51.9811
28.8893
22.651
46.4914
40.0574
48.291
42.3942
39.7414
29.4415
-1.0
-1.0
22.5098
41.4928
41.0411
29.8811
34.1904
52.1173
42.7097
-1.0
47.6294
48.2954
52.1543
12.9028
27.0008
42.4347
-1.0
49.4342
24.6395
27.1568
44.5309
19.1056
40.935
43.5162
30.4219
47.802
34.5837
37.2577
36.582
-1.0
-1.0
32.7328
38.8144
52.1035
39.3122
30.0018
46.4774
31.5479
48.2928
50.6953
29.5481
42.3705
-1.0
46.5715
27.6079
13.2966
35.6283
51.0213
31.6573
33.4819
42.1072
34.8026
-1.0
52.2302
29.0185
48.0879
-1.0
44.1606
35.3993
28.6378
33.8165
50.4216
35.5979
34.2811
45.7228
51.6143
11.9008
-1.0
42.1677
14.8698
52.1258
27.8453
21.8816
41.0794
43.5369
44.201
-1.0
41.276
25.8211
21.6529
33.2127
44.9193
44.4787
46.2457
46.0615
52.165
-1.0
-1.0
50.3042
48.4414
22.1188
29.95
30.0488
51.4271
51.3621
44.6524
-1.0
31.8645
46.6937
-1.0
36.3868
46.4276
33.3426
37.9619
52.023
42.4859
42.4046
-1.0
30.168
31.326
41.3641
41.1981
47.8992
44.8423
22.8604
21.12
49.901
17.226
50.3055
43.2393
37.8863
38.9249
24.662
42.8555
27.5498
49.8431
22.6396
38.1888
47.3584
50.5751
44.0662
23.3854
47.8534
49.9081
20.8734
-1.0
39.5027
50.7465
45.4898
18.7296
43.7757
49.7949
21.0663
29.6489
27.6496
49.5284
31.1193
26.0089
51.4921
41.3495
26.6795
45.4005
44.3293
41.8559
34.2916
51.5207
12.2141
23.8799
30.2467
37.7021
50.2245
19.5835
41.0603
45.4388
33.9953
40.4235
25.9557
34.3424
39.5256
46.002
19.729
35.827
35.6572
30.4242
-1.0
49.4737
52.2323
33.7122
45.2797
26.0491
24.5593
39.0604
21.4059
40.5699
18.3381
42.3732
49.5238
51.284
45.5298
25.3159
28.917
17.2226
-1.0
50.3624
-1.0
50.7246
32.3465
26.3936
29.2182
-1.0
34.89
34.1178
47.2034
46.5761
39.873
38.3297
34.7158
37.2814
36.766
46.3611
40.7798
48.1894
32.3637
25.648
43.4668
-1.0
37.287
36.8066
35.2225
54.2998
42.2674
44.9793
14.1791
18.7033
49.8338
30.5369
-1.0
35.8163
45.226
-1.0
38.3269
27.8915
45.5227
50.634
13.0315
34.3577
38.1756
43.4202
-1.0
10.9052
51.5648
49.7789
33.9735
10.2896
48.173
45.946
29.9609
45.0712
25.6444
42.6357
48.4705
36.9281
31.267
35.0512
45.8729
-1.0
48.104
38.4414
44.0481
48.6452
-1.0
22.4156
46.9306
47.3429
43.8279
39.2889
-1.0
26.0992
36.189
18.6723
40.994
45.9017
30.0309
42.9563
43.4202
-1.0
25.4997
43.5813
33.1938
52.3038
49.6622
24.591
47.0624
38.4901
48.74
43.5925
30.9984
37.637
38.7016
37.4002
49.4342
42.3081
37.7039
46.3637
50.4978
17.8477
46.229
25.6332
39.8204
-1.0
-1.0
51.3896
50.4871
31.0693
26.1789
23.2533
37.5522
39.4465
-1.0
27.7462
26.3099
48.804
47.7122
37.3192
-1.0
36.5242
31.9655
49.1757
47.0493
17.5213
-1.0
48.1753
28.538
42.7639
44.7498
33.6456
35.0179
44.6455
39.0728
-1.0
39.1594
28.9867
-1.0
28.2277
24.3689
46.9988
40.1213
40.2838
34.3535
33.7127
30.9573
49.5065
-1.0
36.5792
18.2468
-1.0
48.4576
38.8684
47.2425
15.4084
14.6914
49.4921
36.4527
49.1814
24.6053
7.0357
-1.0
45.8055
37.6714
37.7452
26.4983
45.2703
-1.0
20.712
-1.0
35.5678
35.7842
38.8991
48.8733
49.2385
32.0719
25.3013
-1.0
15.163
43.6725
-1.0
44.4224
33.6915
19.9296
34.6124
44.4427
48.4284
33.6238
45.9789
42.0542
34.6894
23.1618
35.9796
46.993
36.7738
45.7299
29.5126
45.9406
51.7665
42.9597
29.1858
22.8898
35.2977
46.1804
35.2065
19.0671
24.5315
46.2366
31.6914
44.8049
-1.0
48.7839
19.8961
33.861
23.2296
23.1253
45.4409
32.9174
37.1283
50.4338
31.2641
23.5228
32.9055
24.1849
38.872
43.0423
45.299
28.1128
21.3103
36.1912
45.6436
44.026
17.02
39.0573
43.5824
33.0147
22.9175
38.0994
44.484
34.7757
49.189
24.4387
44.8099
36.196
49.1477
24.1419
48.8028
51.4225
38.2214
46.9668
28.542
41.3468
42.4139
-1.0
38.3244
31.4829
38.0887
33.6256
37.6775
37.7888
22.5528
-1.0
31.4593
15.4106
29.9702
26.0554
47.4679
47.4441
39.5589
45.6044
27.4084
24.8182
-1.0
43.6705
22.1843
44.8701
-1.0
44.0041
27.6251
24.2824
43.0063
34.3041
49.274
43.6634
22.8265
45.3939
42.4523
51.7437
47.306
-1.0
33.0759
42.9915
42.0006
37.7487
41.4973
36.6323
28.491
37.9664
38.3989
7.64476
45.3732
48.7585
32.8607
51.3232
43.701
48.0583
33.5771
26.2169
42.6978
24.1688
46.8632
50.4954
42.0984
47.7875
29.4288
26.0879
42.5368
20.7187
51.6513
26.585
42.6843
44.1052
27.1475
11.5719
46.3917
48.7684
-1.0
46.1515
32.2556
33.4005
25.9622
33.6835
53.2866
47.7772
30.7429
30.6053
43.4444
33.0561
-1.0
35.93
36.6718
24.3233
16.8988
35.6102
10.8405
49.3828
-1.0
30.0115
46.6547
29.1963
50.4933
38.21
36.352
35.675
43.7726
35.3882
-1.0
34.4141
48.0346
48.5494
24.2637
-1.0
44.9917
31.3014
47.9477
31.2621
18.9068
46.9941
44.9885
23.9914
45.6694
30.7657
47.8932
19.6224
-1.0
38.2911
21.5695
29.7797
32.83
46.7634
42.2223
51.174
52.0768
46.4609
38.7108
40.5588
29.1794
39.2279
54.9353
20.935
42.7301
41.284
33.1292
22.1147
51.0815
37.7001
49.165
46.1024
44.1007
35.8665
43.0239
43.0119
33.0521
26.9981
22.2731
34.3954
29.1689
43.8067
41.4051
48.7072
47.6459
15.4901
-1.0
30.3762
-1.0
51.958
43.422
39.2132
51.7346
46.4151
44.3168
48.0055
31.7321
45.7524
-1.0
45.74
28.001
-1.0
54.2633
36.5252
51.3035
20.2132
45.5678
21.0949
26.1925
49.1514
26.2059
37.6199
34.3368
51.5206
22.8751
46.4543
42.993
28.1639
33.5891
36.9007
33.7556
26.5459
48.5356
20.4107
37.4654
21.2859
-1.0
28.5026
45.8028
42.5678
42.1541
50.1871
41.2491
32.5179
20.6438
-1.0
47.4968
24.3942
47.2929
23.3967
38.8123
41.1658
49.2088
34.6278
22.1453
50.5691
48.7393
49.1474
35.5568
51.1766
52.1204
49.2961
32.4737
-1.0
-1.0
46.8958
39.5373
51.0586
51.1494
21.83
23.6501
35.9236
37.9586
42.3058
51.0218
43.9338
38.5088
-1.0
33.1192
33.2721
30.3412
32.2936
46.7874
33.3188
17.1397
22.7194
-1.0
45.6835
47.1773
21.7446
31.3961
42.0235
47.4789
27.7336
45.9855
41.6599
39.2797
-1.0
36.7569
25.6215
49.6717
51.8706
28.6358
46.97
27.8591
33.071
51.6587
32.8785
-1.0
44.8637
20.7831
38.0747
51.1386
20.0542
21.3702
36.4189
31.9533
48.1182
-1.0
31.9419
43.1979
23.8489
-1.0
32.0361
43.9974
38.2287
46.3153
-1.0
-1.0
-1.0
27.7397
51.5213
8.76084
51.2787
38.4201
35.4731
44.7182
44.1886
-1.0
28.6117
-1.0
23.7692
45.5511
28.5302
32.7576
39.8669
51.3205
26.3034
30.2246
29.6418
-1.0
-1.0
23.2194
38.1281
47.3577
39.1994
38.6628
24.7478
-1.0
48.595
29.9824
30.5952
50.8778
34.3943
-1.0
28.6561
40.1424
16.4531
28.3568
26.6018
50.834
49.1049
40.5611
49.736
50.2338
35.0455
24.9158
52.9091
15.8166
43.6772
38.1182
46.0964
50.7895
46.6478
35.7537
25.9158
36.465
45.4438
-1.0
51.7697
36.5194
50.1696
47.8612
24.9555
36.5802
40.4439
23.6943
36.5124
42.304
36.1719
40.5619
40.8267
-1.0
42.928
35.5689
31.6876
41.4958
26.4573
-1.0
42.6625
15.437
11.6735
37.5109
27.0542
50.9886
50.1404
48.8566
32.2364
46.6169
37.1625
8.42393
37.5389
34.0902
46.6307
32.7845
48.753
-1.0
43.8838
47.5395
-1.0
-1.0
48.1496
32.9729
35.6579
-1.0
24.5196
38.804
22.7526
49.9216
49.3425
9.99445
-1.0
45.8263
48.9188
43.8336
22.3245
35.8563
42.8881
29.9365
52.1275
16.1917
43.1645
43.3281
37.9348
49.4981
37.034
48.9677
23.75
27.1912
19.5146
38.0519
46.3809
45.8628
48.0724
39.0173
40.0518
48.8952
35.7324
42.6189
27.588
27.7859
29.5753
47.9261
50.3564
49.1422
47.8971
23.3434
16.7319
24.8985
48.3116
17.532
-1.0
16.4772
28.8234
48.9653
18.8029
23.2033
-1.0
47.4889
50.2946
49.1931
46.741
11.4491
41.4302
9.78703
-1.0
33.3192
-1.0
42.1252
46.2443
41.0262
27.9371
30.4424
42.6948
41.1662
41.9059
26.7213
40.8868
49.4173
52.1612
13.7605
23.525
43.4925
14.6276
32.7286
26.6471
42.0162
29.3291
15.7316
42.1893
19.906
30.3479
-1.0
35.6081
40.596
16.1923
49.2024
49.2127
44.1543
40.612
44.0483
-1.0
44.7655
38.0925
44.3627
48.7217
27.7198
24.9928
-1.0
39.1607
38.0844
51.3843
35.3366
25.2297
46.1455
43.8219
36.7831
41.3073
50.8273
48.0863
23.4799
36.8991
30.6027
-1.0
50.6832
48.2802
25.9031
38.7492
31.4955
46.2959
40.05
36.8706
30.8338
33.3614
36.1952
-1.0
-1.0
47.1902
27.8921
34.385
48.5819
44.3546
27.8077
27.1822
31.0857
-1.0
48.2641
48.7754
37.8923
35.5784
43.4603
50.3875
-1.0
46.5575
33.5012
-1.0
42.837
40.214
19.1133
36.0007
37.2781
35.5751
-1.0
45.0868
32.1139
19.5776
19.8541
26.9001
16.7588
26.5198
29.8426
43.3963
39.0026
42.4696
46.1331
14.4861
18.1573
31.8173
36.4881
25.7387
45.3839
27.2958
-1.0
54.7334
44.2794
41.0236
49.6901
39.8363
28.2504
18.6968
-1.0
45.2732
51.6734
-1.0
52.593
26.6685
25.989
46.8716
38.7725
22.7983
34.7467
31.1398
39.2668
35.6535
50.0479
43.2548
49.4533
41.7485
36.0496
51.3983
44.3719
23.7295
44.0616
41.961
36.4021
39.8375
50.2971
35.7879
-1.0
38.1462
47.7642
43.5463
34.3643
44.3673
44.6591
44.6457
35.8237
49.9924
41.6944
45.7504
20.9619
41.7303
51.9336
-1.0
51.5187
46.7804
47.7665
-1.0
40.8267
50.6092
23.4023
25.3961
37.8329
51.0548
51.6113
40.5613
-1.0
50.4225
41.7166
22.0474
44.8618
32.0534
-1.0
30.2541
49.3804
46.418
29.9658
49.9592
32.7263
42.4794
41.9985
46.9458
47.372
40.1733
30.9142
33.2675
-1.0
34.7572
34.7601
31.9609
51.8737
31.2983
19.5768
34.9306
48.4035
-1.0
45.8741
-1.0
25.8156
33.6348
38.8355
37.0281
26.4676
33.8862
35.7617
24.5451
38.9572
30.9103
34.0201
46.7338
26.8705
42.7787
48.6513
51.2343
21.7637
48.6227
25.9941
29.6762
50.1168
26.8621
22.7109
18.3648
22.5541
36.811
32.8017
51.1223
21.768
48.8998
38.445
53.7741
35.8519
43.3028
32.0634
48.6455
39.8382
29.6863
49.6718
46.242
25.2559
29.9833
29.3393
27.5781
37.5836
48.6209
32.6694
35.8882
19.8717
34.3777
39.4601
20.0786
28.4551
42.9645
24.1601
50.538
31.076
47.0205
42.682
-1.0
32.4582
49.1536
49.4342
31.2343
49.7497
36.2359
41.6999
51.5193
18.407
31.363
34.906
29.1463
47.1303
49.0701
39.7104
27.6658
13.9814
46.2894
43.2484
33.4655
21.3664
38.6071
21.9499
30.2165
29.5426
41.7581
47.403
33.1068
35.3573
20.8315
30.9218
37.7424
41.1871
30.8888
40.5147
10.8448
43.9205
38.9578
35.8396
-1.0
40.6214
32.5391
28.866
46.7218
-1.0
46.3573
47.1459
13.525
52.0896
32.0851
40.276
50.4651
40.9244
32.4081
37.8102
46.3105
46.6637
33.4928
47.178
49.9999
52.2874
-1.0
32.4089
50.1238
-1.0
34.6727
39.9817
32.0787
-1.0
49.4415
50.2302
33.8802
45.7298
16.7385
-1.0
26.196
44.806
35.2489
46.7273
40.7948
48.2325
48.4745
37.7989
50.3331
27.2392
51.6786
29.4824
51.0955
45.1346
-1.0
29.7488
28.0015
17.1074
28.0801
14.7121
48.3163
41.8551
38.1097
47.1918
51.6512
48.5363
38.2356
22.4206
32.109
47.0806
-1.0
36.6204
42.2907
27.6809
46.1575
-1.0
23.7389
12.3977
34.5054
36.3821
-1.0
35.9294
23.0186
47.8495
37.7345
48.3439
21.2101
26.3314
37.3586
36.7611
38.2203
18.3878
48.9507
31.977
17.6938
46.9703
30.3493
33.8876
51.4133
14.4068
49.0011
49.1754
45.6556
-1.0
19.8686
38.3801
48.1355
24.9807
27.6952
39.1844
34.3229
39.0251
41.7505
46.7599
32.2581
30.2749
29.2012
24.8279
46.4247
20.7992
51.9381
46.5748
52.0368
36.5646
26.3856
35.4456
46.1105
32.3941
16.148
43.503
31.4088
43.7268
26.2803
40.5914
32.0035
-1.0
43.4663
37.6082
10.9034
-1.0
29.807
51.1941
49.1565
50.7926
25.525
24.0983
31.8321
43.4007
20.8155
23.4805
39.4453
25.7226
-1.0
34.3846
45.7586
13.298
35.86
18.0308
44.4323
37.7958
20.7636
28.5532
31.148
19.6951
27.4759
37.3426
52.1747
45.8453
-1.0
46.0385
47.4194
46.2438
27.1822
47.9393
40.9517
18.8398
26.1953
13.1787
41.0012
45.2227
40.3812
36.8631
51.4762
34.3182
46.8687
22.786
29.2895
49.7151
50.4364
33.8843
35.0732
-1.0
12.9904
30.071
23.9357
34.9806
21.525
15.5596
45.3872
36.1183
35.075
50.3943
34.4025
51.9095
25.13
47.0639
30.5864
31.519
21.6956
13.9215
46.4875
44.1485
50.2352
39.1909
24.7725
51.4541
-1.0
35.5461
47.0651
32.0106
42.4307
45.1742
14.8535
16.7238
47.9443
22.8388
42.8475
46.807
36.0436
42.0704
24.1003
48.2227
31.331
54.044
50.3079
33.2725
52.1191
36.7211
49.2609
49.3709
45.8222
33.4547
-1.0
24.0917
29.1902
51.5455
52.1028
50.5358
47.496
-1.0
28.5532
44.857
37.6829
51.237
38.136
42.8696
52.021
52.1362
47.488
42.1644
51.6286
47.1502
15.1271
15.5639
32.7309
30.1064
36.868
49.094
46.7598
43.8177
25.0547
33.4794
11.198
48.8721
44.769
42.2745
42.7765
23.9843
8.78692
36.1371
43.561
-1.0
52.0394
43.0996
42.6867
51.9372
42.2999
35.5895
43.1016
23.9597
51.7288
19.2471
-1.0
35.0055
46.418
32.2936
39.3805
13.2503
37.9514
40.7596
48.0019
31.3213
40.907
50.7769
29.8253
30.8867
40.4752
35.2333
39.8655
41.0529
41.7597
43.3129
43.2547
47.6717
46.8904
33.5439
47.1484
20.0399
-1.0
46.1796
44.4479
40.2028
45.3005
-1.0
49.598
29.4191
39.2256
23.6396
43.8151
37.3034
27.7605
37.4692
51.4552
45.78
39.0066
33.1441
30.5642
41.5339
40.6487
-1.0
47.1441
29.0824
30.0981
49.3398
42.9238
33.3474
24.7137
10.5607
54.2954
41.5377
39.1051
38.8549
30.0758
35.8403
21.4957
50.3234
21.4354
42.7009
46.4504
-1.0
18.014
40.1038
45.4269
34.3237
51.918
35.5476
37.109
50.3716
14.36
-1.0
39.3436
26.3888
42.0518
-1.0
49.0842
50.6924
-1.0
32.2153
23.8231
41.5398
44.3272
42.9449
35.5911
38.9722
40.0551
41.2978
