58.9109
427.731
229.992
322.578
267.25
0.647037
1.63488
412.465
359.633
199.829
254.178
285.165
233.498
332.237
462.07
361.028
0.418051
462.438
446.086
440.416
462.56
356.511
367.108
433.162
82.7809
264.212
48.097
171.281
222.067
287.359
462.397
399.775
443.213
190.318
404.374
430.078
235.867
324.909
449.534
462.216
205.05
335.402
0.301569
37.2231
447.237
405.292
237.376
429.881
233.682
71.6914
162.424
193.716
187.625
397.27
107.379
461.841
417.876
207.445
462.221
462.292
328.859
431.405
289.786
433.036
151.024
209.564
177.83
397.329
309.291
311.159
285.416
198.75
332.707
188.012
231.709
162.684
253.254
259.25
379.423
397.699
46.6017
319.52
145.612
-0.0392871
402.501
462.104
15.7482
235.979
214.802
192.355
27.0855
327.017
0.934873
355.166
400.547
240.818
462.265
0.203495
166.355
55.5256
439.672
193.045
358.231
416.526
249.958
241.875
256.876
409.393
0.528074
299.336
0.440984
239.556
426.813
303.638
462.114
219.29
145.27
362.268
277.724
452.766
447.467
12.251
313.164
462.168
115.456
393.359
156.795
148.317
417.432
159.209
203.532
278.402
349.788
385.935
200.118
133.164
226.135
162.962
107.498
411.787
406.255
0.560746
273.579
420.139
450.533
0.399517
462.231
373.473
129.733
250.361
181.982
217.413
431.518
112.498
0.998754
382.851
372.846
21.3772
281.192
334.519
146.958
419.697
381.522
43.2302
0.61207
247.601
135.332
125.057
232.352
317.58
315.793
138.807
317.316
319.44
387.442
204.509
358.259
212.289
462.22
-0.0270407
53.5588
348.455
384.245
186.487
25.5461
243.321
227.681
210.75
392.348
0.332402
113.904
192.427
-0.113713
408.231
209.674
327.698
258.931
433.017
462.431
320.187
324.79
309.613
374.354
187.955
435.779
267.246
282.508
408.122
416.409
333.075
366.444
310.297
65.6656
12.6716
386.115
462.306
135.84
462.052
95.173
462.089
462.064
274.755
0.652688
286.625
303.187
176.438
462.261
85.2761
299.944
76.1225
163.488
256.828
195.175
274.045
461.856
376.67
24.7589
125.991
413.613
397.24
104.195
391.738
364.835
109.515
288.987
400.923
264.226
260.945
288.341
414.651
64.9843
200.087
462.246
380.454
29.0696
391.268
393.257
105.696
274.996
279.016
338.942
94.3536
466.421
10.3385
0.43114
462.511
0.18834
175.461
462.303
429.886
-0.240793
385.423
160.994
206.506
461.631
216.647
301.447
55.2715
355.629
462.286
242.07
3.02455
4.26165
461.571
134.046
133.062
462.031
352.079
278.572
284.435
345.008
462.09
24.1802
0.350604
208.556
119.279
158.35
364.66
285.782
248.483
92.0641
45.5253
64.5846
355.162
180.385
26.3385
291.43
187.136
0.239283
114.528
378.428
251.347
81.6949
171.692
219.683
308.7
462.422
425.385
298.589
462.078
273.356
0.473266
454.867
327.579
395.543
387.37
324.201
252.706
351.05
374.583
341.186
189.047
385.273
232.412
462.487
119.673
403.596
306.799
162.371
313.171
418.165
345.642
326.594
141.37
63.3819
412.464
109.927
462.03
335.111
78.415
373.805
424.679
82.4561
242.009
390.035
462.076
319.283
310.027
164.842
0.152823
0.174223
412.946
128.582
440.822
295.334
137.778
11.034
462.066
1.88214
56.6277
3.77958
430.35
442.243
93.805
411.54
168.453
209.602
122.366
376.214
280.591
325.18
450.478
-0.146532
395.785
462.003
253.837
462.108
328.423
343.919
461.657
461.988
305.927
88.9906
299.512
115.787
341.393
233.051
218.854
313.497
462.44
-0.435256
456.412
403.706
307.004
431.023
267.851
348.438
41.3194
450.977
0.164974
257.107
36.2649
215.143
223.989
220.795
305.056
118.351
462.521
290.883
274.203
8.25505
439.44
180.005
195.517
345.629
381.648
462.523
208.255
322.091
462.452
247.953
286.047
32.3296
287.8
197.342
203.468
50.2805
431.309
263.908
331.933
283.392
322.117
411.92
169.107
461.941
232.516
205.101
138.751
224.603
12.212
401.08
210.447
317.573
301.18
339.658
252.099
367.521
462.09
22.0461
237.094
232.519
110.25
378.136
239.138
374.717
0.0661886
246.976
182.379
462.351
209.545
322.19
184.056
262.708
436.359
149.655
168.88
462.054
116.921
461.914
324.838
62.4756
43.5428
284.3
435.409
186.651
461.407
74.2841
79.7485
420.703
363.586
130.973
0.206161
1.1402
462.105
251.792
461.862
-0.279685
313.091
292.944
462.578
188.99
39.5159
173.938
313.518
232.899
462.323
21.7444
462.164
435.94
242.419
77.2952
249.483
169.842
293.369
277.281
78.8389
333.136
352.529
421.399
-0.01917
131.976
102.935
320.556
68.9968
143.106
248.24
26.5794
426.379
376.937
314.989
368.306
252.336
415.049
227.912
348.002
439.72
312.337
440.487
293.719
260.325
227.293
287.163
276.041
39.005
462.018
188.537
462.176
375.6
236.441
407.739
199.649
62.9774
122.67
263.75
341.809
56.3869
357.059
180.156
337.726
74.4836
280.618
381.033
227.003
389.337
97.291
196.205
146.691
462.415
320.017
462.291
49.0373
304.958
34.8629
310.747
388.95
299.224
44.5944
139.062
0.284149
382.149
300.13
441.338
261.803
406.611
72.3329
194.848
387.723
226.149
462.317
298.63
224.073
362.655
23.8418
462.444
152.347
88.6981
91.9168
401.363
288.592
0.738495
97.9968
131.752
463.289
269.875
153.941
423.056
300.384
389.486
385.164
400.357
358.387
165.943
451.723
171.011
60.7512
-0.798299
354.472
346.779
327.195
322.604
354.332
9.84531
179.449
153.748
411.944
274.103
384.426
97.1736
225.956
171.564
462.303
226.536
334.024
268.107
161.095
222.471
351.04
100.191
384.064
382.408
379.207
232.55
201.295
451.871
270.669
1.06437
169.064
424.774
119.927
250.61
70.2092
263.583
252.056
215.847
462.463
370.843
272.65
1.19891
227.722
276.176
266.091
210.061
370.301
301.044
147.387
165.399
394.564
461.79
388.966
0.469456
313.2
353.908
401.954
318.003
188.13
276.554
255.417
379.253
341.349
403.971
0.279999
297.916
125.885
222.219
42.6314
178.675
462.265
83.8517
462.402
419.761
462.292
187.785
323.892
313.476
285.785
174.013
184.775
98.1892
310.073
461.836
418.632
369.976
110.977
344.877
455.404
389.724
347.03
104.576
19.5461
379.509
0.135308
356.403
296.9
277.185
-0.253824
442.45
370.241
121.944
425.23
462.332
134.309
280.192
432.241
462.238
0.136644
95.11
422.024
0.38822
198.545
250.113
286.143
315.309
163.809
34.6726
383.737
0.221821
1.75851
462.335
202.898
167.347
462.552
462.194
208.562
406.47
341.97
360.637
-2.25396
426.431
406.653
259.466
194.517
143.928
255.148
0.228901
135.519
21.4573
17.5715
418.028
294.252
24.3314
134.431
266.847
336.543
453.454
261.375
462.064
205.692
302.633
329.825
461.725
253.899
56.8888
19.4599
218.943
270.409
104.72
389.518
255.681
171.208
0.383781
118.411
190.167
156.374
462.685
142.173
143.593
319.475
227.012
222.96
364.415
179.116
288.773
0.256073
352.525
199.909
305.521
348.108
354.736
366.641
36.7011
0.185536
-0.0413017
310.021
461.915
73.0372
462.355
462.203
56.9407
316.487
1.98267
409.334
265.575
0.0784509
147.377
415.079
22.7778
344.563
445.966
199.699
283.738
402.558
0.174854
423.519
300.221
152.249
395.962
192.287
91.6546
0.226064
383.391
383.331
48.4766
148.98
398.31
141.742
462.265
461.868
321.175
273.193
0.122637
261.936
3.94868
74.2629
193.574
421.346
335.484
462.229
430.86
102.768
240.906
103.482
0.000270404
221.389
391.386
460.362
376.253
400.76
0.438242
308.988
462.34
295.704
261.097
79.9209
462.266
78.6826
227.087
164.057
365.209
148.005
141.086
387.271
9.53297
331.242
232.053
119.146
175.749
419.447
9.04038
141.308
89.2457
0.0946414
461.87
314.543
264.644
326.45
206.278
462.285
131.639
232.314
185.922
415.467
72.6209
350.74
311.596
390.922
192.545
78.9832
59.7591
214.025
270.403
387.685
194.056
167.86
300.906
386.519
93.7601
0.11576
275.171
61.858
234.164
120.485
0.990623
462.097
80.0411
183.916
16.3362
261.435
180.441
283.267
291.401
143.628
170.528
266.439
50.7961
220.172
331.851
462.084
209.572
341.37
277.054
65.594
408.288
278.745
462.352
36.5607
237.905
0.364104
423.741
101.237
268.828
356.422
277.676
69.8696
202.318
0.515989
354.609
303.804
259.686
133.267
462.357
363.475
462.174
326
256.712
462.527
212.705
458.546
328.382
427.223
304.291
462.247
462.122
50.7231
12.6762
462.167
327.433
120.47
322.673
384.566
218.023
352.301
368.711
445.157
462.149
462.273
5.23593
160.821
64.7825
322.697
-0.18018
74.6243
134.895
264.291
278.722
274.167
219.927
42.9474
322.188
435.931
301.173
109.206
462.704
0.879458
58.3902
179.289
296.855
462.141
287.785
0.614124
400.545
425.821
340.475
453.705
426.026
201.492
0.152076
213.304
462.371
251.899
462.327
236.228
263.403
0.354742
228.607
453.572
307.047
63.0304
72.3988
161.797
361.455
294.74
316.859
41.5528
231.85
279.143
4.09897
199.854
292.102
458.203
309.527
333.684
40.3187
395.639
331.453
352.208
462.212
-1.79312
396.483
331.034
228.519
69.8143
460.888
301.876
236.106
89.6571
110.24
217.181
299.583
247.165
0.441341
99.4454
282.282
439.626
28.7914
457.542
91.418
234.09
47.2479
401.343
106.404
297.814
285.551
51.5584
71.1515
337.78
446.687
305.886
299.339
52.4186
34.8609
284.535
99.9534
267.121
351.632
461.901
297.104
45.4926
205.048
170.362
209.615
345.137
3.3078
323.976
78.3122
222.099
263.285
84.5201
205.61
-0.26016
355.675
296.086
367.665
462.37
0.700536
461.991
366.673
10.9573
308.393
162.218
462.318
250.279
297.862
371.476
279.569
319.032
350.157
7.18273
85.4378
400.212
243.126
126.087
437.245
232.427
269.652
334.703
153.191
156.58
409.422
3.82246
101.915
161.838
284.493
0.278325
461.952
462.35
328.193
461.591
458.007
320.731
263.248
405.636
100.893
0.306907
35.9872
327.158
327.041
264.231
232.259
0.17645
462.431
346.229
461.943
455.849
309.172
0.489092
449.236
343.325
385.835
214.382
462.302
389.184
470.404
362.239
228.836
226.128
0.421232
335.826
179.396
328.173
92.7317
132.425
0.725917
301.207
0.569583
337.365
65.8656
124.346
371.638
243.64
422.837
340.766
237.315
170.465
304.247
461.773
307.212
461.846
391.223
274.164
224.065
223.783
433.631
29.1752
132.859
129.004
271.807
357.694
192.117
454.326
189.447
343.666
44.4029
417.106
20.9705
222.471
374.453
235.688
407.886
0.241394
111.232
270.849
145.548
222.455
125.385
134.336
74.9493
218.313
47.7883
333.699
238.403
434.969
402.311
378.295
331.826
21.2371
422.8
285.226
378.585
414.874
284.38
0.465103
317.617
232.641
219.007
73.1238
462.226
234.949
99.9785
6.16313
0.870355
0.430562
116.506
232.608
393.377
406.789
372.425
462.245
392.566
270.481
211.053
151.671
340.518
308.965
138.821
87.7213
318.786
256.687
275.694
335.142
249.148
394.482
330.646
462.228
222.322
368.409
305.751
5.24802
397.609
452.212
29.5893
331.852
117.779
295.393
164.927
180.933
287.952
408.655
347.157
452.444
89.9592
363.673
144.165
462.192
387.747
461.828
267.514
256.366
93.4972
281.082
281.104
461.491
84.4316
98.1216
461.145
333.13
352.415
461.641
76.4551
136.249
461.875
332.32
19.0798
162.744
449.482
414.479
311.222
423.803
232.891
0.264349
392.426
0.142976
224.606
219.347
49.4186
341.47
0.221274
407.123
411.734
95.5718
207.887
11.8914
291.864
180.553
460.984
375.539
143.513
168.493
384.803
462.252
385.392
266.249
247.805
233.866
460.84
16.2837
197.207
415.972
405.386
281.735
52.5799
224.184
387.015
246.125
0.143716
462.013
358.456
126.053
10.099
0.879533
445.733
233.022
460.843
221.142
462.473
30.2466
232.497
355.323
168.97
0.413458
0.272984
388.267
337.607
232.958
65.3256
335.016
243.213
166.261
105.225
453.466
460.785
128.994
154.428
462.062
196.219
462.259
204.729
382.591
316.84
232.19
181.312
210.226
6.74795
234.389
293.986
46.5947
336.522
254.957
33.2149
264.735
132.371
312.174
319.861
309.616
461.714
283.192
233.504
341.594
259.136
381.185
203.017
401.977
342.708
292.239
165.602
412.287
461.419
224.657
-0.0596918
291.297
0.300172
-3.63697
458.626
242.032
374.376
293.888
442.733
381.461
314.377
251.944
137.888
149.31
0.508169
313.741
289.242
380.049
274.906
414.057
417.886
382.192
30.5186
214.681
407.665
434.943
3.97356
378.211
431.038
263.721
309.759
166.587
135.8
299.271
462.503
316.551
148.343
462.309
431.897
429.737
66.6932
347.592
51.9786
426.586
341.398
6.54189
367.247
260.489
51.5408
202.596
193.243
257.7
248.956
316.076
375.127
427.838
125.735
292.543
258.829
306.516
309.205
316.153
445.844
188.12
32.9242
207.218
272.346
232.582
183.18
132.844
130.932
460.917
461.979
156.881
251.75
183.801
397.992
260.585
286.347
0.259887
286.214
0.293031
261.838
66.7298
295.669
105.967
328.544
67.9629
302.556
185.007
226.037
462.051
314.49
232.519
376.522
462.236
408.855
335.792
162.972
462.169
121.321
175.587
312.195
462.053
449.52
35.9978
373.086
354.569
379.671
431.746
65.7229
287.529
379.325
451.813
462.352
84.221
428.044
278.947
0.239598
232.471
331.261
382.747
232.559
158.519
462.046
435.739
461.876
236.881
344.341
382.051
97.5592
209.685
97.2955
316.502
419.59
13.7284
12.3967
462.269
126.987
381.396
281.653
462.025
462.074
163.226
390.925
0.0579919
350.885
279.096
429.596
234.648
447.81
274.813
208.534
233.331
401.678
137.537
461.922
373.889
129.435
226.687
1.48569
461.924
297.391
249.907
119.072
94.379
461.801
234.282
461.85
449.467
0.601246
185.891
-0.0397512
105.667
41.6819
462.161
114.472
171.559
382.707
340.654
258.294
281.15
253.14
361.694
315.804
163.823
184.225
0.0485982
452.469
132.139
248.805
422.026
289.77
306.908
272.166
305.113
461.789
206.286
265.718
0.106815
167.951
124.481
439.609
359.481
279.993
437.622
0.457578
461.502
361.042
18.6489
336.507
235.46
214.285
259.052
196.536
148.857
455.553
194.137
217.766
367.652
2.79932
271.345
368.05
404.393
83.1636
462.059
329.67
163.069
256.577
307.909
284.246
291.822
343.188
284.958
459.147
0.106484
221.431
176.323
76.8584
341.914
370.944
0.490992
462.004
213.39
462.038
342.393
412.614
364.026
104.096
10.2929
462.677
461.777
67.699
433.594
53.8848
350.812
461.611
227.944
317.121
140.169
242.657
431.473
10.8241
358.438
236.646
433.903
79.2402
418.21
357.437
462.344
250.347
462.487
400.074
232.123
344.001
369.131
284.27
345.888
80.6506
462.235
225.731
385.605
53.8796
462.238
287.11
25.2821
351.024
181.376
149.844
11.5209
433.02
279.449
346.955
14.1941
170.335
459.722
411.84
418.131
241.673
229.268
31.5934
431.811
328.208
148.38
426.732
369.422
156.981
462.375
459.827
279.411
302.916
462.423
0.0903585
225.995
242.525
359.261
274.975
308.951
285.899
438.422
106.928
462.442
125.488
230.039
69.4395
231.993
422.062
44.1077
462.099
273.653
222.083
325.189
183.329
84.3214
118.014
217.314
6.65305
329.569
197.951
204.442
70.8065
399.866
259.988
115.98
170.109
325.681
212.369
212.186
442.348
205.606
160.796
-0.227504
36.3847
168.812
328.755
0.437522
0.477328
241.823
6.48152
462.386
462.076
250.834
154.441
2.51937
462.434
461.731
323.017
74.9016
96.0747
172.911
462.052
70.9164
218.574
452.037
158.105
361.865
462.006
253.131
188.732
20.7349
422.385
441.559
393.671
462.529
169.811
262.689
462.24
107.918
316.681
461.912
158.359
68.136
330.488
169.091
373.697
462.327
65.6604
358.691
348.256
0.33017
35.3451
355.415
286.629
462.487
155.026
180.903
258.113
249.751
461.947
155.47
184.156
417.784
247.795
462.138
232.462
199.859
165.858
415.155
415.38
337.562
346.128
292.983
93.7094
23.6258
462.241
409.089
65.527
186.003
216.02
7.17196
316.31
319.116
447.931
428.475
352.396
76.4036
79.0515
74.4337
296.312
303.643
238.077
145.46
436.667
158.596
306.503
265.374
253.19
194.581
284.811
239.144
188.691
106.321
460.609
453.039
369.549
-0.157461
324.484
0.0272804
449.331
462.081
404.911
0.810184
440.521
131.968
105.564
364.832
332.751
169.352
457.275
343.075
198.138
361.601
293.674
-0.209822
202.735
241.933
341.006
422.013
2.14517
379.883
324.152
18.0122
311.549
462.24
147.462
47.5048
462.556
300.737
455.3
310.463
139.678
148.418
71.6298
191.864
8.11592
330.2
234.043
19.8237
65.3248
232.361
449.166
421.838
303.465
461.592
440.998
179.498
224.439
264.629
422.421
122.037
426.471
354.908
0.418503
0.133981
433.989
0.615141
138.921
334.905
217.022
0.485373
266.336
462.131
100.025
375.788
195.717
119.501
395.043
0.379968
137.301
346.376
147.652
392.668
262.211
0.159946
223.246
172.594
118.269
91.4409
74.2806
462.377
356.959
418.915
131.671
157.024
157.927
226.988
462.09
191.167
214.76
462.307
385.721
235.012
168.698
395.43
461.874
46.5919
306.936
412.142
3.55256
149.726
207.084
421.425
355.215
325.82
462.364
387.575
462.288
204.57
208.592
404.724
182.318
462.262
290.744
300.868
110.548
5.04785
308.507
165.021
342.224
25.393
275.078
138.77
107.031
268.51
177.657
47.325
202.317
99.8395
254.97
285.334
187.578
297.519
404.121
145.623
462.443
337.485
10.1165
163.804
284.075
462.454
29.5744
0.0234077
67.8928
351.754
281.781
323.571
290.212
320.866
281.264
284.644
50.132
462.207
118.753
369.696
286.439
295.887
195.19
95.0571
462.173
218.361
332.794
367.34
118.148
232.75
461.484
323.84
39.7238
396.494
319.19
462.092
388.873
254.999
82.5465
160.355
0.932386
338.315
462.244
194.11
462.434
232.477
232.157
461.874
193.93
354.818
462.091
426.343
101.506
161.982
61.9912
150.395
380.412
283.02
193.883
154.76
302.714
306.139
213.547
317.076
396.687
104.788
272.897
134.553
462.289
0.106113
363.576
321.796
71.0334
458.073
18.8796
296.174
74.4786
28.5277
462.474
221.787
9.86967
120.15
131.115
262.197
164.351
403.194
309.027
279.273
46.91
462.389
444.667
289.447
164.943
104.608
135.044
364.34
283.731
264.538
250.186
276.422
61.0832
101.076
331.961
98.3016
-0.0567077
5.09889
100.554
32.2151
218.211
414.541
353.967
318.608
161.957
328.88
254.306
22.5454
462.143
291.544
311.707
187.463
0.182406
381.722
252.115
159.554
388.011
158.554
299.557
285.439
236.938
296.206
462.217
0.530666
287.463
324.333
171.717
328.448
353.925
103.694
0.132791
398.138
105.858
462.24
268.788
285.953
6.2887
108.398
419.024
462.279
324.071
322.021
259.468
285.269
-0.0806832
80.1668
261.835
441.001
343.799
0.0325488
416.347
280.525
246.023
329.974
461.565
416.684
282.829
235.429
0.447611
367.146
243.972
0.0129797
0.305234
211.667
120.948
462.124
462.482
145.765
156.8
76.8128
228.55
248.238
145.928
158.338
97.4701
156.197
462.351
47.687
424.942
0.19302
342.163
296.424
328.375
166.101
220.344
459.794
98.1678
305.021
405.266
403.333
271.931
330.594
462.475
107.238
91.5707
137.479
350.399
232.561
202.35
403.561
291.342
462.212
216.602
427.363
450.999
176.007
372.725
238.92
260.129
235.919
0.0410795
417.386
379.702
302
462.225
133.452
389.348
236.287
448.585
51.1418
184.885
368.38
68.8049
269.331
392.976
174.643
461.99
210.334
379.223
257.385
462.305
462.016
360.983
459.203
207.293
60.3861
274.478
275.811
-0.0143931
436.691
238.993
0.0170959
210.571
128.226
0.261275
290.624
205.708
388.192
203.517
419.705
265.963
462.997
391.118
455.083
462.178
308.839
254.853
351.824
0.355531
254.358
314.516
395.165
248.759
462.277
11.3407
233.377
125.81
57.7833
462.134
461.75
334.243
347.226
220.618
307.186
320.518
362.447
0.563417
366.949
140.087
34.3625
260.682
447.935
418.312
138.311
335.779
369.433
77.5915
67.5119
10.5238
293.842
325.249
274.588
175.518
56.4218
210.117
406.585
462.164
103.549
265.528
323.484
207.235
462.333
462.163
232.25
196.696
301.981
359.442
414.427
368.169
92.5622
229.853
355.878
462.47
123.799
305.018
344.838
299.08
363.927
236.578
337.102
441.207
213.393
251.415
388.393
384.846
84.4113
462.41
326.065
227.249
281.646
409.794
53.1613
331.471
212.952
126.244
410.61
461.938
288.377
355.302
294.336
138.834
317.274
76.1284
461.832
462.319
462.213
462.218
-0.0285316
400.4
308.045
205.678
462.189
462.06
256.438
357.519
308.194
121.101
462.474
49.7494
70.1035
395.385
274.974
154.687
165.752
253.988
116.236
462.134
184.763
462.095
223.643
418.471
458.903
360.536
462.305
4.79382
155.998
121.978
310.659
242.722
330.235
462.32
42.7733
329.076
0.211559
206.09
289.781
173.315
130.686
75.5603
183.341
172.182
462.233
442.503
311.98
421.079
73.5331
120.176
321.07
399.732
110.161
237.423
294.904
262.127
174.576
247.71
336.859
42.498
406.832
288.74
365.104
276.46
239.524
289.849
153.417
377.057
461.719
202.094
270.682
395.816
140.673
462.4
0.397952
446.36
73.0098
80.5009
356.679
216.5
71.4954
109.787
232.279
151.695
58.2487
376.922
331.067
444.575
461.574
410.818
462.536
6.9732
462.455
274.217
0.907923
320.602
428.892
282.843
380.793
446.003
66.605
273.491
148.708
416.239
330.274
462.321
219.499
40.3223
195.013
215.179
6.84112
-0.160139
373.15
247.385
240.702
126.183
23.1414
232.535
208.386
263.899
434.825
354.401
341.999
45.0101
338.214
343.075
336.147
452.931
328.071
50.8463
138.094
0.226319
400.18
429.974
224.415
35.977
266.063
355.72
297.914
148.336
235.49
259.107
289.834
461.981
457.349
205.107
431.62
141.779
189.731
358.909
67.1958
271.848
381.121
281.483
425.283
9.24359
218.252
462.398
70.5703
313.99
0.534249
93.4549
339.256
372.802
5.28854
462.366
229.347
104.337
182.421
432.847
93.9955
462.456
255.565
185.987
172.561
306.09
320.743
456.155
38.5163
116.427
422.419
232.837
379.387
0.132694
420.188
44.8853
416.115
419.422
288.852
255.742
31.6478
320.264
31.0278
377.971
161.898
462.181
368.6
186.238
441.019
246.862
177.052
279.646
277.814
237.503
343.583
453.061
28.622
359.931
272.014
338.694
116.523
295.813
423.088
326.444
325.348
58.9404
104.926
198.267
256.016
287.297
243.724
200.434
218.003
462.966
-0.162675
321.12
397.441
272.184
274.912
8.87898
462.241
295.716
332.79
462.213
348.829
95.2854
462.164
255.568
290.975
435.306
342.808
219.103
56.7773
0.221892
237.546
322.293
269.347
0.283027
81.812
462.139
5.8541
155.93
266.184
94.6391
291.848
447.545
0.106953
118.964
265.125
437.564
0.233083
254.343
155.042
310.581
153.395
281.171
0.0740948
0.0769092
145.512
186.445
129.559
169.129
208.747
235.128
9.33913
301.116
236.585
331.067
462.274
461.668
102.658
388.426
127.625
462.345
95.5249
101.899
409.31
326.477
279.13
259.75
280.133
341.048
0.435412
31.1788
427.885
214.786
232.464
339.167
141.63
55.9276
168.962
375.12
87.209
5.88585
279.035
278.508
205.308
219.121
153.103
287.494
299.266
271.394
19.9955
267.082
397.402
23.2963
462.213
461.907
319.9
300.321
100.946
1.30665
461.91
106.494
299.025
262.158
284.143
421.376
290.623
430.457
0.868211
462.242
294.54
239.529
346.51
0.526611
0.360798
227.125
-0.333941
292.32
49.157
0.427463
71.8714
75.2354
447.918
201.613
390.533
223.266
342.563
50.9491
192.743
74.8916
461.724
425.222
410.957
248.233
355.152
221.421
385.272
97.4646
405.545
461.991
462.199
380.492
148.407
462.189
461.93
318.321
264.188
21.3171
399.634
4.86481
288.957
323.038
161.225
264.956
232.962
113.906
372.075
365.411
333.985
240.89
0.372362
169.51
37.3049
462.509
179.111
293.54
343.458
252.696
116.233
335.115
248.069
148.658
36.5461
210.751
154.49
415.544
106.456
236.87
349.791
266.777
260.506
304.75
91.8935
352.629
370.659
0.236918
57.297
208.123
266.514
460.427
237.767
448.98
331.32
50.1096
462.337
311.429
140.551
180.678
145.608
52.1341
329.259
20.2211
462.305
130.372
125.766
393.247
293.014
274.042
337.705
0.663904
0.0806068
392.116
339.87
249.87
309.4
199.369
275.849
372.823
245.793
314.663
415.262
399.542
168.87
63.206
255.668
144.185
238.257
157.157
102.521
388.365
96.0053
461.992
245.761
348.121
331.883
363.863
279.266
362.161
268.869
339.292
0.030889
