45.2754
31.7432
45.206
46.1713
40.6622
38.585
35.3321
29.0883
-1.0
-1.0
34.8442
26.0452
20.4851
50.4734
18.3032
46.3404
45.3269
32.2165
-1.0
-1.0
-1.0
45.2372
45.2535
22.6139
-1.0
36.6904
-1.0
29.7486
49.122
45.7305
32.3085
29.3548
25.7553
24.9522
-1.0
15.9938
45.5877
26.934
50.9231
-1.0
50.5373
45.8202
32.7863
-1.0
31.6503
44.8993
50.2422
29.3081
38.3535
-1.0
-1.0
-1.0
12.4198
51.0423
50.6298
31.7496
36.2498
34.6013
39.6111
28.7959
38.2866
27.876
47.328
15.1534
-1.0
28.9704
30.2168
32.0608
27.4535
44.6358
24.6536
42.6435
25.438
31.0063
46.5813
45.9766
-1.0
37.963
-1.0
42.9793
-1.0
44.8245
39.7891
-1.0
21.3655
43.3023
-1.0
39.5641
39.5035
-1.0
46.6844
22.6777
-1.0
-1.0
35.3269
30.0643
27.763
39.8151
-1.0
-1.0
50.3972
-1.0
30.6307
-1.0
25.9904
30.7579
51.9985
51.1302
30.9492
-1.0
38.9408
-1.0
-1.0
-1.0
-1.0
49.4464
22.898
-1.0
49.5341
30.3899
50.8985
29.9938
23.423
51.9447
47.7367
37.5335
43.9523
-1.0
50.7642
42.5426
31.1206
-1.0
-1.0
24.2712
51.771
-1.0
-1.0
35.4683
51.7549
49.4596
54.307
41.7939
-1.0
39.42
-1.0
48.0484
-1.0
38.5409
-1.0
38.4409
46.158
16.9822
42.9627
-1.0
35.4061
47.5675
31.2368
49.1248
18.6158
-1.0
51.3586
32.7115
33.4587
46.8427
35.2819
38.0147
36.0789
48.9966
16.2626
31.5523
33.8425
43.0481
41.9358
48.394
20.0775
35.2529
24.0824
40.7594
36.8755
47.2856
-1.0
74.1771
28.6953
-1.0
51.2199
-1.0
26.6232
27.7737
-1.0
-1.0
44.4564
-1.0
17.2378
35.2603
39.9879
37.7893
35.6358
26.1855
32.393
-1.0
41.521
12.4353
31.8974
39.5493
30.1149
20.7326
44.5293
35.6597
25.9946
45.9505
40.4415
21.8569
43.1914
-1.0
35.9075
52.017
-1.0
-1.0
35.6054
38.4777
28.5921
22.8297
-1.0
44.4991
39.0592
18.9838
25.7794
-1.0
37.1941
43.5875
48.2143
42.1141
48.9779
-1.0
-1.0
31.9277
23.4935
37.5156
41.7136
41.3727
48.4881
-1.0
21.9982
34.0607
42.8698
27.7906
-1.0
-1.0
50.3837
51.3573
39.8946
-1.0
-1.0
-1.0
39.5102
29.7004
49.9715
-1.0
51.3667
-1.0
6.73359
-1.0
20.5076
28.8533
36.7625
18.4683
-1.0
-1.0
47.5203
41.7976
-1.0
9.97321
27.1687
-1.0
48.3959
-1.0
-1.0
41.2727
46.0664
-1.0
35.5872
47.1983
36.1225
44.7386
47.9735
-1.0
43.7113
39.2367
42.9982
45.8889
34.6508
35.3119
-1.0
28.3758
50.7766
39.3385
48.7662
-1.0
46.7464
25.0093
42.2378
-1.0
29.964
13.6271
17.6855
33.9391
38.2367
45.5359
45.9802
16.2291
45.3072
-1.0
-1.0
21.3313
-1.0
25.7232
34.8834
53.5836
-1.0
50.4841
43.1814
45.181
42.992
-1.0
42.1624
49.1772
47.2807
44.0511
-1.0
30.5716
41.9723
41.5983
47.6387
33.6911
-1.0
31.5855
-1.0
-1.0
50.0288
-1.0
-1.0
36.5883
29.65
-1.0
23.6292
46.037
44.0063
42.8081
-1.0
33.1738
51.9799
10.5026
48.5799
31.6744
36.3359
44.5483
28.6972
8.33156
-1.0
43.0066
24.5577
-1.0
-1.0
-1.0
49.3001
30.7955
22.2552
-1.0
40.8837
30.4651
27.9825
48.4781
-1.0
50.7041
45.9812
42.7812
37.7398
47.3785
-1.0
-1.0
41.0974
23.3299
24.5716
-1.0
36.0605
-1.0
36.6607
21.9885
-1.0
27.01
27.2966
16.6862
21.7307
43.3362
43.2686
42.9365
32.5862
32.6221
48.1218
33.8978
39.9045
47.216
16.9261
41.1831
34.3167
48.2079
43.0075
20.6401
39.9363
51.9329
28.2396
39.918
15.7731
42.4219
45.9119
38.5787
-1.0
49.2249
37.2909
10.9254
41.6233
42.8293
50.5351
26.702
-1.0
45.0475
50.3487
48.7796
27.9553
42.2776
-1.0
21.4975
45.6045
45.3268
51.7269
29.4779
47.4328
47.3398
36.4199
43.6407
20.6341
23.8442
35.5534
32.1258
34.2294
-1.0
41.6304
40.1645
27.7641
26.8614
46.4029
22.7457
-1.0
32.4249
26.8393
36.6842
-1.0
49.9278
51.1451
-1.0
49.3262
-1.0
37.6766
-1.0
-1.0
41.1623
49.7655
46.8064
44.3012
-1.0
-1.0
20.5132
31.0049
37.7469
31.3558
30.5477
12.5887
-1.0
-1.0
-1.0
50.1115
25.6492
51.8963
32.8526
51.6483
33.9655
32.254
30.4504
26.7653
-1.0
21.127
37.1175
29.1595
32.6616
48.5088
46.8425
-1.0
20.6784
41.9553
11.9431
41.5379
45.3729
45.3995
12.0813
17.8869
-1.0
-1.0
46.8499
32.7043
40.2662
45.52
15.264
-1.0
46.4978
23.5848
-1.0
47.6569
-1.0
45.1854
24.9134
19.945
17.5157
49.1582
28.6059
56.5141
-1.0
43.6862
-1.0
24.7583
-1.0
34.6271
-1.0
33.8014
41.4186
-1.0
14.3494
30.1378
23.4806
31.6401
48.0956
46.9388
-1.0
30.358
-1.0
21.2306
49.7619
47.3262
46.8478
33.7426
-1.0
-1.0
-1.0
49.215
43.1328
49.7455
31.8052
41.1705
-1.0
-1.0
25.7663
39.1398
34.3214
-1.0
36.0997
25.0056
52.0938
32.0246
34.3429
-1.0
17.3961
38.7428
-1.0
-1.0
-1.0
23.9245
-1.0
46.8361
38.6681
15.0123
-1.0
37.7547
16.7308
33.0958
49.6257
-1.0
40.7164
35.9229
47.9146
-1.0
27.6952
47.8542
29.248
-1.0
-1.0
-1.0
35.353
39.2296
35.8
45.3459
-1.0
44.5084
35.1512
-1.0
-1.0
35.9604
35.2188
-1.0
27.0822
43.2643
46.5336
27.4893
-1.0
35.7754
37.7034
39.0245
48.5849
-1.0
38.438
34.6509
37.435
29.4499
48.9666
48.3427
42.2808
39.4057
52.251
52.2455
46.3455
35.452
48.907
38.1934
-1.0
28.716
32.5762
33.0104
38.7076
43.2795
41.5526
30.8966
-1.0
39.7832
-1.0
39.0856
22.6866
20.3492
38.4925
9.25609
22.1096
46.9647
28.8799
34.8534
33.0465
37.5775
40.6127
51.3431
47.9937
52.6621
46.5511
-1.0
-1.0
-1.0
47.7398
43.109
37.3793
-1.0
-1.0
40.406
51.4712
52.0145
-1.0
36.4219
23.8824
44.5525
47.2123
44.705
38.7519
33.8051
49.8656
-1.0
50.9461
48.7681
37.0393
42.2048
20.9462
43.2236
-1.0
44.6427
36.0506
47.7587
-1.0
-1.0
-1.0
42.1282
23.7432
37.2148
44.986
-1.0
36.5763
46.9798
47.1716
40.2839
39.8331
42.7218
45.3145
33.2531
26.7021
49.1007
18.6378
41.6698
51.6291
-1.0
-1.0
26.9257
37.2639
41.5948
41.9795
19.8019
27.4688
49.6634
44.958
48.2881
40.4121
36.5678
46.3509
49.6915
37.1379
35.5501
41.2558
31.5498
43.6794
38.8672
45.6387
16.6145
14.0413
36.7996
46.6037
33.2446
-1.0
35.7091
-1.0
36.4784
32.3731
45.5411
43.5594
49.9463
29.7346
33.6701
-1.0
48.3084
49.7603
51.4346
-1.0
48.4433
26.9002
-1.0
-1.0
16.4788
34.9503
26.5794
30.2492
-1.0
-1.0
50.2884
30.1656
-1.0
47.1098
49.148
-1.0
37.886
36.1803
41.5968
41.0634
49.0682
47.886
31.287
-1.0
44.3421
50.9926
13.056
-1.0
45.5712
50.3207
-1.0
45.0435
47.7718
35.9934
43.4752
51.5442
23.1607
9.04144
-1.0
16.5783
26.9882
32.5294
44.4733
-1.0
34.9017
34.0502
47.0221
30.4494
47.8758
36.3406
41.0613
49.2786
40.645
-1.0
22.8535
13.834
28.177
35.5379
27.0123
44.299
33.7489
45.5341
40.6094
-1.0
33.7032
52.1748
-1.0
44.5826
30.7653
29.4597
49.2406
-1.0
46.0647
-1.0
32.5101
16.2744
28.4451
48.9068
-1.0
30.2376
30.9763
33.674
-1.0
-1.0
43.4862
-1.0
47.9999
40.8188
-1.0
30.1667
35.8991
44.4848
40.5188
38.8174
29.3815
48.1845
48.0493
-1.0
-1.0
49.0816
40.8087
29.5776
32.1968
41.7947
18.8624
39.4946
-1.0
-1.0
42.7325
-1.0
-1.0
35.079
46.6042
47.0624
35.8672
9.32367
26.1309
29.7953
46.5465
18.7371
-1.0
37.1126
47.0159
48.2534
-1.0
44.6584
49.4779
37.2567
40.3675
52.0394
-1.0
42.9712
37.6772
47.6517
13.744
34.751
31.4608
42.5033
35.3847
38.2728
42.1486
41.962
39.8519
49.2133
-1.0
27.8801
-1.0
20.0879
48.1543
-1.0
35.8375
36.1814
12.9485
22.2405
24.7973
31.5409
50.7839
49.0621
27.8152
51.8219
51.6263
48.8
29.9185
49.5449
33.605
49.607
33.2668
18.7456
20.5479
48.5906
32.0068
34.512
34.2105
36.3909
17.281
-1.0
37.5004
46.0633
-1.0
42.5261
32.0856
42.2875
27.9983
51.0897
31.8567
41.63
47.6869
51.3686
32.8499
38.1129
35.8006
35.7333
26.5707
26.1747
18.8392
51.0504
44.9535
-1.0
-1.0
-1.0
33.6516
12.3011
-1.0
36.7624
51.4156
41.3015
-1.0
33.5542
32.8001
-1.0
32.2727
38.9092
36.8825
-1.0
51.1305
51.1451
-1.0
-1.0
50.8069
34.8356
49.8658
-1.0
25.9421
48.2263
47.1815
-1.0
30.7348
28.0216
44.5729
47.215
50.7766
32.5349
38.3449
44.7426
49.2703
-1.0
-1.0
44.1028
14.7651
39.0379
-1.0
-1.0
50.6107
48.0507
39.0254
29.4256
-1.0
26.2071
47.1512
33.3643
50.8841
-1.0
-1.0
-1.0
46.2251
-1.0
31.8779
44.1433
-1.0
-1.0
42.3097
44.75
43.1072
-1.0
48.8249
-1.0
25.414
22.3915
44.5662
27.744
-1.0
41.2125
43.4676
49.9593
35.3601
37.8136
25.4254
-1.0
-1.0
34.5586
-1.0
25.7234
19.258
19.9292
40.7764
50.5866
40.2706
35.3884
48.4738
-1.0
41.7528
-1.0
44.1426
44.6693
50.4975
29.7236
50.0385
8.00085
22.1844
49.4662
44.3904
-1.0
47.9492
31.3325
40.3663
38.4211
39.9758
44.3202
27.5621
24.588
-1.0
42.5251
17.9348
-1.0
-1.0
44.9372
-1.0
31.537
15.1667
33.6368
43.6044
33.8268
43.2987
38.7722
-1.0
34.1504
-1.0
30.267
31.523
36.8993
36.9434
28.337
-1.0
33.5603
32.5542
24.7448
-1.0
51.614
27.37
26.0928
36.1368
34.6151
32.2776
39.9205
40.8406
-1.0
46.628
46.0741
41.214
41.8261
-1.0
51.7002
-1.0
45.9512
35.0409
43.0157
28.1514
27.163
52.0687
29.3183
24.6853
36.5202
38.6686
36.1466
39.1264
-1.0
51.8743
26.5639
51.4824
-1.0
34.3087
41.7458
30.0582
48.4008
-1.0
47.1782
24.1117
28.8262
43.4082
-1.0
-1.0
-1.0
-1.0
27.4845
42.3279
51.7948
28.7632
27.923
36.322
38.2825
24.6451
46.9907
-1.0
40.6663
39.9439
35.2632
8.84884
-1.0
35.7014
26.0164
31.2755
39.5991
25.9215
36.4479
34.8607
41.7154
37.5715
21.122
50.8699
47.5416
45.1721
-1.0
19.1143
35.4192
40.3638
-1.0
33.6944
23.0192
47.7136
47.418
5.58959
21.9218
49.0904
31.8695
34.2624
40.902
48.4618
-1.0
44.6743
40.3799
36.9601
47.8037
38.8076
-1.0
35.2149
49.9266
47.4325
38.3093
25.3554
-1.0
-1.0
-1.0
43.5656
-1.0
38.0359
-1.0
42.099
39.8583
43.2442
46.7864
32.2883
-1.0
32.5102
-1.0
32.8281
46.5088
-1.0
-1.0
-1.0
42.2046
39.9479
43.7612
51.3854
52.1316
44.2368
42.824
39.1888
25.3937
74.4078
41.7069
34.153
43.6963
24.2214
12.4818
-1.0
-1.0
8.88264
34.714
41.0002
40.8986
13.4786
14.3347
-1.0
17.9384
36.2547
21.4941
21.7902
-1.0
39.8315
52.2046
-1.0
38.7145
-1.0
34.6033
36.74
33.0768
46.0901
43.278
50.5898
33.3437
34.818
32.4408
20.5515
29.879
19.5127
49.2763
-1.0
36.4319
46.0995
43.3466
44.2803
38.4656
31.8741
45.8915
40.4329
47.0324
-1.0
35.3013
34.3053
46.6795
29.7525
-1.0
50.9534
24.7641
42.1715
36.4027
39.8324
20.2696
29.3505
-1.0
37.1127
39.87
34.5877
-1.0
33.1675
46.0953
38.5338
51.097
30.6995
46.2872
22.0431
26.29
24.8577
28.5585
29.5182
11.9959
34.186
38.8397
50.7766
49.6943
46.8102
18.1723
44.0801
19.1573
35.3384
-1.0
47.1892
48.2437
42.6856
40.3072
30.4292
35.5853
39.9257
46.2848
30.1242
11.8463
20.4736
42.7905
39.2533
41.4349
49.997
42.2426
-1.0
-1.0
37.5356
35.5245
-1.0
37.497
34.1687
-1.0
20.4547
47.5769
-1.0
34.5279
26.9807
46.2398
-1.0
-1.0
40.2562
40.7339
50.8635
-1.0
34.7009
45.1736
46.6585
-1.0
51.8641
23.1897
49.2149
41.5343
44.7819
-1.0
-1.0
17.4715
26.7923
38.0978
37.2184
50.1612
-1.0
10.4312
33.0021
33.1797
36.1543
50.9392
23.5881
51.1252
29.7132
45.0532
31.1565
-1.0
48.2649
-1.0
49.6263
44.2888
-1.0
22.9646
27.2478
47.0312
-1.0
-1.0
36.5336
47.9679
11.2203
17.2756
24.2527
46.8035
38.3735
32.3025
25.6522
26.8667
32.9342
36.9912
25.4369
30.9401
19.8808
22.0206
25.267
33.189
54.0589
50.2105
41.3672
45.5654
44.3995
-1.0
33.3943
43.9996
37.6694
49.9087
25.8659
35.6897
17.51
-1.0
47.0816
24.5814
-1.0
33.7367
31.9963
51.8027
32.1227
47.6481
-1.0
38.7804
28.9939
49.5241
40.2174
37.5211
46.0739
41.6033
46.4074
17.9588
22.8809
39.1301
31.1267
32.7849
36.0562
34.8513
44.4626
32.551
15.4923
27.5175
40.4728
30.2698
-1.0
-1.0
44.9981
31.2231
44.7756
38.9634
-1.0
-1.0
42.389
25.5619
37.9595
46.0504
35.0833
14.8852
21.7884
27.3818
13.6948
-1.0
13.7562
32.0255
-1.0
50.9207
49.6515
-1.0
26.946
47.541
27.3009
31.3424
34.1002
17.9193
46.582
36.271
40.575
25.3643
21.7597
51.0658
-1.0
47.3801
36.6039
14.3239
29.2833
49.7209
32.6397
51.0868
46.5387
-1.0
52.2687
48.7622
-1.0
32.5018
24.9075
42.7111
30.9212
47.4363
48.8276
35.3969
40.95
37.5241
45.6399
35.8193
27.8289
-1.0
37.1591
52.0229
29.0863
43.6312
-1.0
34.8752
27.2212
43.7961
46.2136
48.6921
42.107
28.5067
-1.0
-1.0
50.1789
21.2936
31.4805
48.7396
36.6398
46.0858
29.1322
34.8956
49.7878
26.2711
43.7234
42.7366
34.0998
45.5474
-1.0
27.6142
43.8714
28.804
44.7187
38.9143
43.6969
35.6944
45.3832
37.215
-1.0
43.7
-1.0
41.3514
10.5231
44.157
48.1223
48.5339
35.998
32.6573
-1.0
27.2769
25.8443
-1.0
48.3577
45.5176
-1.0
26.5814
27.8164
-1.0
32.5711
-1.0
33.3947
-1.0
-1.0
36.8198
52.0371
45.8322
20.524
-1.0
-1.0
40.226
47.0095
-1.0
23.6292
33.7879
35.9673
34.9618
-1.0
18.4181
46.6631
40.7948
36.2389
35.2262
-1.0
-1.0
32.3042
-1.0
46.75
35.2697
42.1473
31.9701
15.138
-1.0
36.9753
36.3184
-1.0
47.7734
33.7237
47.1588
28.5541
-1.0
53.9551
26.4602
41.4749
46.3807
-1.0
-1.0
34.3073
41.1079
42.8224
-1.0
45.3191
48.2293
36.4064
27.8133
41.979
38.7469
24.214
50.1081
38.1256
33.4647
25.9769
-1.0
42.543
55.0054
-1.0
-1.0
32.3373
33.9776
18.4504
-1.0
-1.0
31.1426
31.7098
50.1042
30.5806
48.7189
-1.0
48.7305
28.9004
46.4376
37.4153
32.4881
18.7055
49.9375
17.3244
-1.0
49.4978
-1.0
25.391
31.8105
23.3511
42.827
-1.0
39.7254
34.3144
44.8506
26.5501
47.6406
38.7349
37.963
31.8399
46.7669
37.3761
20.1168
50.7547
36.4447
-1.0
-1.0
33.6833
49.6879
40.0813
35.3619
36.4452
-1.0
50.347
51.6084
46.4045
-1.0
-1.0
34.5467
45.713
47.4909
33.0692
-1.0
28.7819
44.5762
46.0776
-1.0
-1.0
30.4269
-1.0
38.3103
37.384
38.3503
-1.0
-1.0
48.9032
31.5916
31.5433
50.9079
34.4075
47.5818
29.039
35.1374
23.308
52.2585
-1.0
27.9531
-1.0
50.7766
-1.0
29.788
37.5446
-1.0
25.6137
28.4032
38.0147
-1.0
-1.0
33.8157
29.7918
16.3131
46.4987
-1.0
45.8727
49.6189
33.7867
52.1483
-1.0
-1.0
32.0199
-1.0
15.957
41.4391
20.3281
30.7876
47.9284
44.1243
39.129
29.906
38.9183
-1.0
-1.0
12.1021
-1.0
51.3956
35.8907
35.4888
51.5048
-1.0
-1.0
-1.0
-1.0
-1.0
45.9955
38.9322
18.784
47.2117
16.7787
43.1738
41.2472
28.6298
51.9282
20.0386
23.1118
-1.0
-1.0
29.3031
43.3781
30.424
39.7688
40.4124
-1.0
25.0757
40.1788
18.3009
46.8303
34.9559
-1.0
32.7534
-1.0
39.521
32.2258
12.6352
44.3066
42.6783
36.4421
18.6365
43.2628
35.7643
32.1628
47.7474
32.2059
-1.0
32.2216
31.5555
31.4105
49.3975
43.5
-1.0
37.3624
-1.0
39.4267
-1.0
-1.0
-1.0
-1.0
45.0434
-1.0
45.5525
15.8044
48.8472
42.1188
35.3501
50.9262
35.9262
44.5143
42.6888
33.432
18.0752
8.17455
28.4883
47.294
24.4321
-1.0
21.911
39.5981
46.1768
28.7614
43.7261
45.6964
45.2206
49.6324
-1.0
41.3065
40.6058
47.5945
-1.0
39.3942
-1.0
39.1134
44.0064
-1.0
47.8279
-1.0
35.9632
51.7247
41.3502
-1.0
54.4627
43.6133
26.879
31.4436
41.8905
51.3677
-1.0
30.9121
44.9273
29.4207
-1.0
24.7034
24.0994
39.4792
-1.0
53.045
38.6162
47.5587
-1.0
37.9071
-1.0
-1.0
31.0009
36.9248
-1.0
43.5904
40.874
48.9406
22.3269
38.2043
-1.0
27.5458
28.2215
17.6603
12.331
38.0069
-1.0
48.8893
-1.0
-1.0
50.2928
29.809
20.544
17.1914
36.6632
45.0794
35.8685
50.4366
39.8042
30.1155
32.0222
-1.0
37.5765
27.6991
31.4087
25.5951
33.6047
14.1368
25.1175
44.3895
25.3659
55.6976
-1.0
-1.0
44.6681
50.7232
46.3518
25.5083
44.2224
31.5567
50.9095
39.231
51.9266
30.7637
47.01
23.1794
33.1967
49.7594
45.1928
-1.0
47.323
-1.0
45.3648
35.8047
15.7217
-1.0
20.1126
25.5274
36.2637
-1.0
39.1211
18.5427
40.4055
34.4073
34.5034
36.4602
-1.0
50.2488
-1.0
45.8134
12.9649
35.7003
47.2112
46.0806
45.0668
46.5526
-1.0
27.446
-1.0
-1.0
28.143
-1.0
48.2748
22.1969
-1.0
42.358
48.5656
46.3435
-1.0
51.7101
-1.0
46.491
12.9699
38.8884
-1.0
22.0884
45.7948
27.6413
18.8984
-1.0
37.9028
32.0981
-1.0
-1.0
43.36
49.597
45.8885
16.1969
50.684
48.4258
39.62
24.9448
-1.0
-1.0
-1.0
45.3824
50.1771
52.0699
-1.0
32.5967
41.4781
41.8021
37.542
8.16535
13.4545
-1.0
-1.0
36.2386
41.0601
32.1957
48.9683
33.4862
-1.0
-1.0
42.5476
28.7013
46.8176
21.2761
-1.0
49.5751
35.8194
24.8189
49.2075
43.5217
-1.0
41.3693
37.9601
39.8144
50.2458
38.5278
43.6965
-1.0
43.6534
29.2749
47.0292
42.3854
25.4135
25.3203
49.2625
40.8156
-1.0
27.6344
34.7666
13.8228
32.7479
41.6629
46.0146
34.5326
48.6866
38.0318
33.6143
29.2104
-1.0
33.7852
-1.0
-1.0
35.7623
37.759
33.4656
37.4117
36.2317
40.1979
-1.0
-1.0
25.4022
43.4273
43.6873
44.238
47.8283
43.5264
46.447
25.8922
41.407
-1.0
44.1027
33.6007
24.0942
36.0249
32.9369
-1.0
49.9343
39.7583
-1.0
32.5845
29.156
42.7882
50.6258
22.5141
44.3799
-1.0
48.2536
39.2471
-1.0
36.4596
-1.0
11.7403
24.7001
-1.0
27.3397
13.489
32.0091
25.7386
40.3404
31.3394
36.1381
49.3813
44.1903
49.669
28.6773
48.8436
27.128
-1.0
35.7995
28.5875
24.5591
44.0699
43.9605
17.8738
32.7403
45.5123
26.6905
-1.0
31.2066
14.9519
37.7603
47.942
-1.0
38.4258
35.4632
-1.0
37.5456
34.4558
27.6055
-1.0
34.7753
31.9969
49.9378
31.5779
-1.0
-1.0
31.5684
-1.0
35.3786
51.2656
-1.0
23.0958
27.9441
26.8795
52.0493
15.3193
29.3996
9.84312
31.8054
43.87
47.2708
19.0944
30.3183
42.7949
43.1874
30.1442
52.0126
38.9227
19.233
48.6487
21.6017
38.1239
-1.0
34.0848
-1.0
50.3311
42.1342
45.4585
-1.0
47.1185
39.2138
40.8342
-1.0
48.122
-1.0
47.7113
43.7756
31.4192
-1.0
41.6572
39.5504
47.4619
29.3195
42.171
-1.0
30.2936
51.0873
-1.0
31.7126
50.88
21.0952
52.2603
-1.0
10.8071
39.9598
-1.0
36.0961
27.6514
51.0819
49.766
33.66
28.5992
51.4358
-1.0
23.4831
46.6069
34.9932
28.5979
34.2883
32.1937
21.5977
51.6978
20.3592
47.874
46.5967
39.9204
51.5477
42.1075
-1.0
-1.0
33.8562
-1.0
36.0187
33.4476
20.8338
34.4566
-1.0
26.7482
33.1836
20.4154
41.9968
44.8297
30.6006
38.8705
33.9323
39.9583
40.0198
30.0444
21.8186
50.5482
28.1906
23.8113
47.2828
46.4759
39.8517
-1.0
35.6259
39.6173
42.5985
49.9086
46.9973
40.9793
52.2106
44.5766
25.2478
28.1771
43.2854
44.118
-1.0
43.334
-1.0
-1.0
44.371
43.3223
20.4118
23.0826
-1.0
38.0708
44.3941
38.7764
-1.0
23.9305
49.4116
22.5284
46.7314
28.9898
17.0827
25.0236
-1.0
47.4616
50.2004
40.9325
38.6273
32.8768
21.2976
-1.0
41.6861
47.0776
51.7804
34.3468
30.5741
47.2159
-1.0
-1.0
18.3089
44.2736
43.0339
43.608
27.7126
15.2639
32.3291
25.1575
31.8143
18.0763
51.9698
44.5033
-1.0
28.5317
21.6477
34.2084
-1.0
-1.0
34.2549
48.8484
-1.0
32.3987
37.9303
52.0586
36.7151
22.0112
27.6047
40.1493
-1.0
44.9043
49.1544
33.8154
47.2016
46.5474
38.5181
-1.0
43.7593
45.536
-1.0
38.0056
-1.0
39.8576
29.4379
42.5094
29.6657
44.8788
32.9996
24.8007
35.2092
40.1715
51.9913
-1.0
-1.0
-1.0
46.0583
21.4819
29.2461
40.1678
39.364
-1.0
48.6539
33.4205
-1.0
46.7979
50.7307
-1.0
49.2416
18.7715
50.4617
37.7074
17.5037
43.6753
45.0582
46.3919
30.4176
-1.0
23.2049
-1.0
47.1696
22.4151
-1.0
40.2976
43.1346
51.8962
-1.0
45.3599
-1.0
33.3123
-1.0
39.1629
19.9786
47.5837
38.3652
47.4872
-1.0
-1.0
-1.0
31.0825
-1.0
32.8972
43.5311
34.8328
40.3696
-1.0
35.2628
48.9407
49.1288
37.9476
52.1294
49.2882
33.5762
-1.0
51.3878
36.6922
29.494
51.4529
-1.0
-1.0
7.05241
43.9731
-1.0
28.4475
35.5629
39.922
39.3895
49.5674
30.0839
31.2758
35.5672
41.7407
38.731
42.6994
-1.0
42.754
33.3191
-1.0
49.5399
-1.0
-1.0
28.706
44.0729
51.8268
46.3662
32.8866
23.9427
48.5807
47.0698
43.6009
39.3317
51.6385
-1.0
27.8558
44.7077
50.0534
41.2108
45.6439
48.2492
43.1844
50.4619
46.5879
26.5494
48.3523
-1.0
33.4679
51.1815
9.50137
-1.0
-1.0
46.4197
-1.0
-1.0
-1.0
-1.0
38.1732
44.767
4.87216
50.7946
51.5903
45.7411
37.8344
-1.0
51.8722
52.1458
14.9409
-1.0
48.0762
40.4007
22.6444
44.2037
-1.0
-1.0
50.2782
49.9045
46.9357
39.183
29.1279
39.9568
50.9006
-1.0
23.2511
28.4263
-1.0
18.4803
-1.0
-1.0
-1.0
28.0599
49.1235
-1.0
46.1536
49.3208
49.0467
47.2302
-1.0
39.711
42.3786
31.5825
44.5316
-1.0
17.4105
-1.0
28.5905
41.2661
34.1943
12.4809
39.5887
-1.0
46.9035
16.3433
24.3095
44.5278
42.5022
5.21475
43.3429
46.9707
50.0931
20.5743
22.198
42.5665
30.9557
-1.0
24.1798
44.6032
29.723
30.7651
41.691
-1.0
6.42046
51.7411
26.9161
25.3692
51.7349
51.6135
52.1758
32.1433
46.5405
-1.0
-1.0
-1.0
35.7809
45.083
43.6135
-1.0
40.5705
38.1776
24.9097
43.3013
-1.0
34.9988
-1.0
49.3906
-1.0
-1.0
7.06321
32.1657
38.7351
29.4107
30.8079
29.5624
46.0045
47.7085
48.6416
34.211
15.7696
14.0716
-1.0
21.9862
35.9976
46.1254
48.6172
26.7718
32.8594
49.6677
12.9483
21.3013
-1.0
49.2678
37.3198
23.2235
-1.0
44.9473
45.9608
-1.0
-1.0
49.4845
48.8227
28.1253
48.8248
50.485
18.1141
16.5909
-1.0
44.4379
50.3906
50.2408
48.3376
-1.0
28.7498
-1.0
-1.0
21.0035
31.1556
37.4321
42.2302
48.8881
40.2252
37.643
42.516
39.7458
44.8764
33.2996
33.3365
50.7791
-1.0
39.6835
30.4642
52.004
27.8262
28.2839
-1.0
12.5161
-1.0
47.6085
30.1546
32.2133
37.4006
-1.0
35.4432
39.6996
32.3705
39.3255
29.1653
-1.0
30.9929
-1.0
37.2775
-1.0
-1.0
26.1627
-1.0
9.30806
-1.0
43.4436
51.9341
27.0709
46.1922
45.8566
-1.0
36.9561
46.4852
51.5148
18.8247
43.5203
29.6046
44.2856
12.2633
48.9674
33.6073
-1.0
21.6601
43.5632
24.4842
35.0039
48.6218
37.0255
34.4302
40.8012
18.3275
-1.0
15.4941
-1.0
35.5163
38.9726
19.1816
38.4463
34.8712
-1.0
43.1034
36.8321
40.0273
-1.0
49.1196
43.1496
38.0907
51.2094
-1.0
37.9009
21.6812
-1.0
42.558
18.382
35.7148
23.1932
17.3447
40.2254
51.8219
25.2972
47.003
43.2447
-1.0
50.8199
-1.0
25.3598
30.4892
40.1003
45.8032
51.4048
24.4223
26.0374
-1.0
27.3904
35.4399
35.7837
51.9087
34.5454
48.4636
-1.0
22.9169
34.0146
-1.0
44.7774
50.4915
24.1951
34.107
37.8276
47.1271
41.2332
41.6208
41.7453
32.4164
30.4114
47.287
-1.0
44.0213
14.6056
30.4797
25.2044
-1.0
28.8842
50.7303
29.8388
22.2763
30.6142
-1.0
34.625
-1.0
-1.0
-1.0
-1.0
34.9333
-1.0
47.3518
49.2238
39.7474
24.1107
51.4017
38.7484
38.5833
22.5191
41.395
34.362
47.3441
32.0625
47.7173
27.889
51.0392
34.1438
46.9256
32.8813
-1.0
21.9128
40.5679
20.1015
-1.0
-1.0
48.3437
-1.0
-1.0
37.6942
-1.0
27.3611
48.0108
26.3861
33.4286
-1.0
26.5595
52.2061
49.7669
13.4964
38.4577
-1.0
-1.0
17.5147
51.5923
-1.0
47.045
16.9611
37.0892
29.1389
44.712
26.8745
-1.0
23.5449
40.1335
26.1351
40.6811
51.5848
23.8744
44.781
46.2444
-1.0
38.7407
50.348
29.8182
31.8793
49.7261
50.6291
22.1291
33.9258
30.0684
-1.0
40.0359
31.5973
15.2192
29.6816
30.6774
36.7228
-1.0
-1.0
49.4214
-1.0
44.7519
17.9231
45.7018
37.5844
-1.0
50.6248
28.7843
39.1149
-1.0
49.1795
29.8239
41.7836
36.9763
14.1129
19.5243
-1.0
23.5071
47.2126
-1.0
33.5618
-1.0
53.1216
39.9807
38.6817
-1.0
-1.0
39.0573
15.6532
51.4739
27.9201
23.0707
36.0868
19.7824
37.5656
43.0037
42.4219
23.8021
-1.0
28.6851
8.60376
-1.0
22.4157
32.7736
-1.0
34.645
33.0772
50.6155
-1.0
31.2883
40.4307
17.91
30.1235
33.1271
-1.0
-1.0
8.32943
16.5573
34.1642
52.5745
20.3245
37.3228
-1.0
31.9368
29.5286
-1.0
43.5643
46.58
47.545
44.5192
10.5352
-1.0
47.3955
40.5353
49.8406
17.5842
44.0601
-1.0
28.6029
43.6798
-1.0
41.797
-1.0
48.3288
32.479
21.2261
39.0243
29.9499
37.4906
27.7319
-1.0
37.1012
33.4336
41.6899
-1.0
35.4595
33.9653
37.413
32.2689
28.2161
-1.0
34.4384
38.8875
39.5859
29.4264
37.2928
18.2965
-1.0
43.5238
31.6726
48.5779
45.6042
42.1094
32.5779
41.2985
30.9658
-1.0
-1.0
18.1907
33.0553
31.7036
-1.0
-1.0
35.5009
39.944
51.0818
-1.0
6.22267
-1.0
46.1427
36.0508
23.2418
21.4778
-1.0
-1.0
-1.0
20.4425
30.7941
50.7998
-1.0
30.2445
31.1541
40.1113
40.8595
38.6641
46.9814
47.4712
44.9362
44.0648
27.633
51.4718
42.7473
47.2176
-1.0
-1.0
30.4671
50.4664
25.7552
33.4958
5.93037
34.7728
-1.0
36.6438
47.3668
-1.0
-1.0
37.6854
27.1835
25.0187
43.3056
7.80604
35.9852
52.1305
-1.0
17.0225
13.4351
-1.0
-1.0
31.9442
-1.0
47.2483
49.2422
44.8233
37.3749
49.9616
-1.0
-1.0
-1.0
33.1529
-1.0
51.9187
47.995
-1.0
39.2865
43.1626
18.8874
24.1212
23.06
31.0274
-1.0
51.8502
42.3955
50.0626
48.8225
17.099
47.8225
33.1541
-1.0
-1.0
35.0788
38.7225
46.6988
29.6062
28.488
34.7751
46.8572
51.4
29.0378
36.4622
19.8178
43.1365
-1.0
38.0912
51.2368
-1.0
-1.0
49.0726
39.9623
41.8131
46.2201
42.4769
49.9825
39.4178
46.2975
47.4423
-1.0
30.1943
-1.0
42.7212
6.87771
41.398
40.9199
-1.0
-1.0
39.1771
51.0829
30.2452
39.0048
26.0385
33.6786
50.1192
44.6732
30.5846
31.7774
21.286
44.3898
22.4621
39.7243
27.7837
50.1128
-1.0
38.5441
21.5294
22.5408
35.4073
49.2147
40.9076
13.3148
32.9516
32.8914
38.1275
48.2993
50.0056
35.6278
36.3039
48.2833
37.5598
45.6695
32.7418
38.8669
-1.0
45.6146
34.0354
31.4507
31.5583
34.6367
26.984
17.1542
-1.0
44.4282
52.156
52.1861
41.3485
9.82795
47.8274
31.515
21.2748
40.4032
-1.0
21.4517
12.9705
51.6002
26.8615
-1.0
38.097
-1.0
50.5113
40.6748
28.4352
-1.0
30.1993
22.217
-1.0
50.7314
38.0353
51.1559
34.5427
30.4678
40.6116
29.695
33.2438
28.6104
-1.0
-1.0
-1.0
35.3762
32.1595
-1.0
29.8437
26.1859
24.4264
42.0087
46.8201
44.7749
20.5653
26.2752
50.8663
-1.0
-1.0
35.4147
30.1779
44.4352
39.1292
-1.0
36.5159
10.0542
46.3203
50.2661
43.8258
35.4302
-1.0
18.5717
46.9228
44.5042
32.4925
-1.0
48.1441
45.339
33.7954
39.0439
15.3026
23.1429
-1.0
-1.0
27.6861
42.0546
-1.0
43.9406
44.7204
-1.0
50.269
30.4954
-1.0
51.6765
28.1869
50.7015
-1.0
40.3587
-1.0
45.6725
28.2548
38.9836
40.4544
51.1077
53.8671
-1.0
41.7664
36.1032
26.8439
31.1752
45.7414
43.1683
50.999
-1.0
-1.0
40.2205
-1.0
48.6024
-1.0
30.3959
42.3359
26.1097
18.7675
43.1261
-1.0
34.2869
41.7969
45.6913
31.0519
22.4649
42.2865
19.2362
-1.0
39.83
45.3332
45.9225
18.8169
-1.0
17.8097
43.8378
-1.0
14.7137
14.2259
-1.0
26.1818
-1.0
48.7662
27.7639
-1.0
32.1238
31.3663
51.6906
41.0038
41.435
41.531
18.5196
42.0327
49.9992
36.4137
48.4918
41.3217
34.4471
51.3002
53.9666
34.7231
23.022
48.2386
47.8938
47.2652
37.8236
-1.0
48.2171
34.7414
49.1658
34.4083
34.292
25.5307
-1.0
-1.0
23.0967
19.7016
-1.0
-1.0
34.6476
48.3378
51.1696
35.7922
44.2431
51.5501
-1.0
-1.0
34.9593
42.9488
43.11
11.6912
29.294
20.9311
51.5774
43.1592
35.1353
49.7548
25.1717
37.5029
41.5421
19.9894
-1.0
-1.0
22.5243
46.2845
46.5033
39.6453
47.8901
41.3181
17.2915
42.3133
-1.0
55.1381
-1.0
27.5645
33.9336
46.4115
-1.0
35.537
20.8116
46.1051
9.13685
48.1899
45.52
-1.0
23.8336
44.8466
20.9451
51.4535
43.5313
-1.0
39.2271
26.7103
-1.0
50.0955
21.4365
17.1904
13.0882
35.8617
48.3171
34.3814
38.1917
47.6553
49.2099
47.7463
45.0397
35.6287
34.0831
38.5614
-1.0
44.8592
30.4773
21.3178
45.0138
41.9179
-1.0
51.8354
33.692
34.8297
-1.0
38.0613
-1.0
43.1891
32.0742
49.6676
38.4838
49.2402
46.9653
35.1436
33.7713
-1.0
21.8066
33.2701
31.2763
-1.0
46.0784
36.0613
-1.0
51.3814
46.5383
17.5279
47.3065
26.0151
-1.0
50.5376
28.841
40.1903
-1.0
30.5644
34.8342
26.3692
46.9832
41.9012
10.9801
40.9478
38.4109
-1.0
27.2138
38.7894
14.5244
29.9312
50.2509
35.8045
-1.0
53.7966
38.1705
-1.0
-1.0
31.0156
-1.0
43.8586
24.6537
50.6946
40.8309
-1.0
15.4314
-1.0
34.8615
39.5835
46.6282
35.4708
-1.0
41.5832
17.4171
44.5391
29.1809
38.4758
33.2955
-1.0
16.7404
45.924
34.3154
39.1995
38.89
35.5752
50.2682
35.0982
31.957
45.3584
-1.0
19.0725
-1.0
-1.0
17.22
-1.0
50.0971
21.6358
26.7698
37.847
34.8424
-1.0
29.159
-1.0
33.0422
20.037
51.4694
21.7608
46.7219
49.166
-1.0
43.8137
38.5387
25.4883
43.9967
46.1091
37.1986
35.1162
-1.0
35.901
37.8142
50.3371
50.3371
28.7789
44.7456
32.0772
43.7265
-1.0
37.2894
49.9611
47.3598
-1.0
28.4047
34.0562
45.7885
23.9933
51.5436
40.6973
48.4015
-1.0
31.0368
49.0974
43.6223
30.9732
34.1814
-1.0
48.0932
42.1188
44.889
-1.0
46.4205
7.23625
46.887
45.7641
42.4615
35.5962
37.5118
34.588
-1.0
47.5768
32.2525
47.0441
-1.0
51.3884
40.1369
43.562
49.9636
-1.0
45.3442
27.2459
40.2942
-1.0
34.3292
20.4183
-1.0
26.5848
43.6331
42.6637
-1.0
51.5686
46.233
38.2844
43.7006
-1.0
40.0768
-1.0
31.5024
49.9016
34.4545
49.3171
48.5448
22.0376
19.4737
16.6976
48.6841
18.8806
-1.0
-1.0
-1.0
31.6138
47.0221
48.3036
-1.0
38.946
-1.0
-1.0
36.244
42.4483
43.7333
43.7433
31.7283
-1.0
43.9579
36.7097
39.4825
-1.0
25.7221
-1.0
-1.0
49.5373
44.1789
42.332
-1.0
40.1678
40.3676
14.6046
43.2612
21.5245
-1.0
-1.0
16.5919
27.1746
28.4301
39.7617
38.2205
