418.661
223.533
229.997
147.223
315.299
87.0693
339.364
418.388
170.561
67.1157
101.884
306.966
114.288
326.891
347.051
253.965
376.745
264.974
347.599
369.46
162.245
341.727
253.854
301.67
251.009
366.104
152.489
344.317
350.954
318.098
222.812
428.432
338.425
151.579
417.3
240.555
284.09
188.166
349.519
340.255
338.736
75.6185
227.534
323.024
422.09
191.755
313.438
41.3825
116.494
279.378
411.721
416.223
84.0235
415.209
104.707
217.119
159.316
338.961
232.503
309.627
413.147
214.149
257.776
381.647
342.053
282.648
377.758
322.073
416.878
129.637
310.707
335.869
168.204
386.313
351.543
210.427
146.974
319.726
400.463
46.438
296.299
374.783
387.235
187.885
305.571
229.205
319.714
239.068
327.225
315.961
428.026
413.645
415.671
238.771
395.967
377.369
207.387
349.031
330.29
300.791
115.716
108.256
332.43
357.914
426.241
428.46
325.862
287.056
80.1127
373.065
77.342
66.9717
335.745
332.88
73.1815
398.603
425.944
258.029
383.945
266.066
242.678
210.03
270.976
91.9102
237.672
233.634
103.202
115.246
207.899
32.0928
343.088
424.113
56.6226
341.84
280.194
255.414
317.083
180.922
397.087
340.028
335.417
298.915
312.366
362.171
84.9853
289.938
323.99
170.636
163.716
337.334
285.947
244.459
259.702
221.372
375.285
433.225
432.748
356.894
333.825
253.609
244.289
328.272
332.255
356.943
318.311
192.527
179.977
237.07
346.771
103.112
343.343
265.443
248.41
274.373
329.984
74.9224
382.912
92.3171
263.953
405.808
412.949
297.642
84.4858
277.819
249.003
290.549
268.152
334.724
234.359
116.958
266.274
423.444
434.223
269.008
376.293
312.37
250.807
99.8069
171.804
344.375
103.96
395.276
98.155
430.221
138.285
254.743
377.203
420.877
390.519
56.8797
305.697
268.986
166.086
331.555
290.97
252.561
302.924
182.993
238.031
391.522
135.082
337.682
146.583
323.795
318.024
334.432
363.947
357.061
205.415
340.181
117.282
186.39
357.805
315.297
433.945
286.862
136.587
320.392
419.907
201.976
104.414
429.846
224.859
343.398
313.241
414.747
303.37
50.2709
212.476
123.242
278.413
156.462
111.775
413.738
382.92
142.189
386.58
99.7774
383.721
335.814
352.756
238.978
324.458
266.911
149.01
183.009
33.4096
366.706
281.47
387.07
430.293
144.491
192.671
145.895
397.09
274.678
97.4665
169.4
339.961
340.647
319.44
330.979
44.5096
285.005
239.281
395.981
140.201
299.401
288.652
230.003
229.547
425.044
183.56
288.651
353.896
343.213
270.372
192.584
347.55
187.087
55.9359
135.198
355.889
124.488
364.845
327.011
146.144
361.843
379.413
271.241
346.162
232.714
415.165
112.901
325.228
243.049
52.1911
152.211
145.473
294.992
258.346
424.776
269.836
344.265
155.193
364.018
418.562
264.997
365.818
134.49
134.281
267.797
223.962
427.998
292.332
348.045
287.884
294.499
157.067
311.768
293.058
75.962
118.957
314.617
380.469
85.3339
339.421
124.627
371.975
73.7902
406.501
168.618
49.6597
315.581
341.823
247.067
67.6516
399.159
94.7033
187.168
262.493
356.704
332.814
431.553
395.096
172.57
408.324
380.369
256.215
384.402
179.132
280.824
391.587
56.3693
209.478
257.707
395.856
391.731
232.639
318.634
307.538
434.471
368.568
136.797
88.8642
371.043
278.894
382.614
335.101
319.03
395.147
390.081
337.037
370.077
159.151
311.853
302.122
196.83
353.648
294.376
232.619
224.012
331.453
109.88
100.24
279.63
376.13
294.254
377.517
259.781
221.758
55.9289
262.959
247.963
208.822
339.023
246.243
396.112
47.6357
340.027
132.918
277.482
349.122
341.301
195.531
353.833
306.715
347.185
162.293
294.455
145.25
192.773
343.266
292.067
239.14
103.98
387.345
83.2526
208.602
315.833
312.754
390.754
324.085
344.983
336.722
259.107
74.6237
337.457
269.223
211.817
379.72
348.035
262.532
167.015
185.989
316.996
153.168
166.875
373.501
53.1911
345.903
263.036
279.938
132.647
208.874
430.763
34.9892
427.608
267.735
265.028
303.726
215.714
112.798
240.261
375.612
414.312
236.951
243.471
253.204
370.022
391.551
181.608
191.106
386.595
324.716
209.877
124.155
412.095
328.654
294.146
349.481
380.655
275.713
413.287
313.203
125.941
304.927
130.592
213.468
326.384
369.264
127.604
341.564
279.483
335.723
51.4884
68.9865
267.241
426.463
292.934
252.612
237.93
355.239
294.952
343.394
122.558
140.03
407.462
293.632
398.65
142.484
337.407
303.453
269.819
162.25
305.405
387.232
339.613
371.338
170.711
216.251
428.386
76.7685
408.286
133.084
261.361
106.413
391.554
144.587
346.541
181.764
272.561
279.541
264.542
353.592
303.396
356.054
387.823
240.13
317.233
114.833
269.541
83.9592
348.038
317.161
185.772
158.605
375.471
393.048
388.057
267.474
194.925
353.69
130.097
359.348
274.019
332.376
69.8472
238.764
358.193
409.576
132.636
129.233
189.819
155.7
210.931
306.461
218.861
295.499
170.402
428.409
127.74
293.617
281.905
333.179
181.271
328.233
162.857
83.2321
125.779
126.895
301.916
273.792
36.2071
328.784
329.926
405.98
350.316
337.903
193.764
317.663
342.414
191.789
274.463
357.825
209.021
307.422
258.22
356.826
154.463
61.938
249.806
315.924
430.296
334.553
255.539
248.283
133.986
296.829
234.497
92.8464
334.103
244.361
426.139
375.948
79.6836
414.026
274.909
157.617
57.4073
357.855
174.516
429.59
268.659
370.456
262.289
122.465
396.8
304.259
298.831
226.278
397.881
351.759
405.266
131.523
298.108
192.064
393.358
333.584
425.918
84.771
387.279
327.825
358.52
361.563
307.769
101.369
313.121
173.237
163.739
280.573
134.332
40.9997
253.932
212.55
122.431
385.98
294.376
164.56
172.977
249.25
183.415
170.297
375.847
277.598
42.0817
201.216
105.519
262.841
248.92
432.371
261.051
186.219
170.8
78.2688
275.529
196.372
351.437
406.866
359.358
363.887
138.3
319.192
431.311
310.029
119.265
352.81
380.684
413.942
232.517
407.464
425.621
200.216
202.53
368.853
323.154
334.494
342.74
164.444
242.199
322.271
412.343
330.909
223.253
371.251
343.338
107.944
147.001
164.041
404.728
351.081
102.559
309.981
160.63
173.639
130.465
328.728
379.889
288.473
81.5155
353.828
265.382
119.135
406.591
108.443
145.609
362.537
293.682
199.288
36.9291
297.327
365.691
201.662
43.0427
314.299
128.014
66.2569
358.055
83.7936
77.6317
160.949
262.057
291.065
124.49
161.959
278.162
381.354
404.509
434.1
178.948
35.73
206.703
135.269
351.389
426.647
291.339
139.419
377.543
295.44
39.8286
209.369
319.981
342.759
308.498
426.252
293.456
295.341
410.185
261.045
335.689
303.596
420.606
343.157
325.556
302.094
264.107
137.679
391.828
126.715
74.9481
269.72
312.813
333.641
277.625
157.534
236.081
118.058
319.57
377.034
162.787
232.388
304.163
280.563
332.418
426.265
102.355
399.249
343.091
74.9068
224.626
415.871
224.798
318.167
359.912
400.741
432.052
388.629
310.128
112.368
421.274
283.691
343.133
371.407
178.773
421.271
97.1037
179.19
408.733
324.35
190.299
422.482
321.562
76.3603
419.376
193.159
398.757
175.986
188.877
280.981
288.951
315.289
405.93
178.145
208.561
32.9397
327.794
131.882
375.619
182.15
262.54
268.653
61.7367
44.079
322.313
363.856
324.148
337.668
101.185
242.135
134.682
112.962
425.72
391.573
215.829
389.665
398.1
329.219
433.541
356.179
251.975
302.464
417.935
391.754
350.061
205.237
55.4605
199.043
181.261
188.143
368.309
216.168
328.686
350.777
187.748
424.581
409.318
417.384
266.637
169.498
40.0254
356.508
235.754
262.609
266.613
94.3193
244.192
293.688
321.805
285.114
46.6485
344.349
278.101
426.378
248.111
146.002
180.594
253.38
59.7046
101.739
359.846
162.655
426.008
361.734
243.043
366.7
99.6601
398.018
343.215
343.19
317.512
170.037
314.6
100.637
142.141
337.668
177.49
331.108
342.473
351.556
99.4536
351.854
407.434
232.725
362.094
154.984
137.257
42.7825
95.1118
149.2
310.985
74.5157
320.828
419.759
157.288
387.246
309.189
383.083
74.6571
401.628
380.967
360.567
415.165
319.793
87.3732
254.366
224.438
348.146
36.7729
293.953
267.35
64.5132
232.565
353.647
328.894
304.904
406.067
415.587
265.448
288.345
328.581
399.355
320.404
257.048
101.716
339.133
30.671
408.484
304.676
113.112
302.49
111.223
345.221
418.319
308.239
99.736
422.276
381.102
370.78
133.231
267.84
382.57
417.686
244.647
279.425
334.105
424.269
237.176
185.815
356.091
142.877
280.444
394.819
100.828
256.93
292.625
180.403
329.719
338.015
280.406
311.709
147.572
234.612
394.584
133.808
262.927
350.067
288.942
254.529
189.165
349.382
333.699
202.357
40.1192
331.481
264.847
319.49
308.012
96.846
352.752
422.285
252.142
253.21
291.32
123.647
203.042
366.828
403.348
247.367
342.534
273.188
124.628
380.057
306.722
265.185
426.142
309.162
112.716
314.511
366.28
257.895
410.392
169.21
282.99
64.2069
370.536
179.587
52.935
398.037
76.5017
299.898
199.2
115.601
353.951
315.723
99.2141
144.502
256.507
305.833
345.561
370.925
93.451
49.5984
299.727
385.491
345.319
410.944
352.149
213.663
254.024
70.0995
363.2
123.362
392.609
116.28
250.158
380.212
401.076
361.727
427.578
302.181
246.467
148.896
44.4235
238.801
103.557
398.144
338.775
328.831
189.881
327.212
405.085
33.2818
281.38
132.096
336.974
378.278
426.24
93.3799
89.144
305.771
332.719
232.278
292.709
173.346
365.307
408.949
372.23
91.0532
357.736
369.03
119.013
355.026
418.038
246.05
34.2912
304.844
338.593
374.845
357.089
289.948
363.051
252.919
418.868
298.637
39.0557
253.594
161.859
169.893
404.621
300.839
148.398
127.935
427.15
342.478
102.328
109.524
376.76
374.634
232.475
160.279
267.547
284.894
49.7865
173.805
281.177
286.718
69.0223
412.599
420.123
285.658
266.938
363.035
137.769
136.137
409.142
378.245
281.698
232.49
241.589
409.309
250.493
235.687
283.339
146.883
134.043
173.744
299.582
279.981
349.232
393.587
212.184
237.062
84.8155
94.5319
84.9414
363.975
152.76
405.112
310.217
388.937
273.132
38.0669
79.4276
416.258
385.821
173.589
399.282
374.858
233.842
321.06
152.521
364.169
92.1497
123.791
374.773
82.0551
283.673
54.6432
408.971
96.6908
269.581
78.6386
233.872
60.6514
173.386
287.833
342.11
224.593
347.441
425.165
430.19
114.763
359.075
342.782
326.605
136.474
96.0187
396.473
342.646
272.35
327.669
271.885
49.2998
386.992
265.655
323.944
261.939
429.581
352.026
405.356
70.9238
211.447
167.771
125.966
280.421
406.458
251.49
386.391
363.1
253.95
150.245
180.093
255.665
265.985
412.147
210.675
373.152
425.899
164.842
398.773
139.195
407.443
413.427
346.004
353.445
169.75
112.046
339.05
396.285
72.6923
140.327
219.993
187.188
324.688
424.305
105.742
389.117
433.055
248.096
38.0783
300.006
364.355
338.269
76.6776
205.423
426.415
88.8815
265.556
340.628
391.871
131.559
90.8044
95.1553
394.752
253.457
145.341
343.537
347.577
181.957
308.179
91.9471
220.298
372.276
181.41
341.843
339.714
404.721
399.264
273.464
359.105
151.226
341.322
310.497
147.461
177.155
350.501
316.171
364.756
365.899
368.349
392.011
330.861
369.632
93.2107
172.034
100.047
186.554
142.562
324.605
359.52
363.215
216.63
236.547
368.084
320.092
171.722
332.652
366.806
103.869
91.2336
135.046
313.049
281.463
313.694
240.081
40.2386
277.67
334.603
429.573
241.204
294.434
104.953
319.249
140.099
70.5713
406.832
274.872
431.053
378.75
161.921
271.067
39.3776
357.276
256.563
382.772
377.433
319.693
354.25
400.425
253.591
248.57
302.687
172.877
55.3357
396.436
322.639
115.51
207.283
186.442
92.7877
372.41
72.6187
340.411
375.76
271.822
65.3799
145.664
407.967
222.502
375.347
85.7106
221.753
142.551
396.206
123.265
329.737
422.812
167.233
114.66
51.389
317.183
105.127
353.953
206.253
259.92
338.535
318.653
277.771
339.712
232.922
343.23
372.175
315.274
81.946
146.85
281.119
393.919
375.68
128.441
145.537
330.798
47.3507
336.692
45.9931
280.64
145.546
140.888
249.347
319.061
248.696
417.719
243.486
135.384
350.998
261.242
372.307
110.991
110.224
219.729
392.557
140.978
282.246
272.312
426.25
301.323
359.773
368.745
246.785
336.184
405.7
97.2467
430.029
193.108
147.759
313.736
368.843
55.9736
286.796
268
223.526
364.711
287.017
382.068
38.0978
186.655
97.9596
90.657
250.275
210.071
271.7
428.82
328.45
94.2621
47.1184
296.569
291.517
303.873
35.5341
51.6855
105.802
339.068
70.1527
107.956
228.154
292.612
296.092
158.417
340.603
324.881
250.196
377.074
344.096
296.628
429.684
131.502
89.9756
397.623
320.996
222.764
233.981
292.593
391.804
390.096
357.406
368.527
332.174
268.013
46.3689
346.417
74.2499
394.344
324.205
280.219
298.968
188.305
386.948
300.997
187.651
393.309
402.517
279.315
67.6279
184.669
351.525
56.3047
317.788
172.051
230.429
347.549
257.131
318.017
259.369
214.247
310.014
274.519
182.986
378.307
299.643
398.306
416.53
339.077
257.531
268.234
65.3708
163.927
341.755
400.196
399.975
72.6431
423.188
353.066
112.243
271.18
426.26
396.816
217.311
244.749
324.719
136.468
326.362
344.542
307.926
402.745
338.197
34.6841
378.965
236.168
72.3851
334.234
292.766
311.712
153.68
332.374
245.82
221.421
428.642
400.259
294.055
294.181
360.135
113.636
286.608
257.172
313.646
400.375
332.693
86.5732
193.025
144.79
99.9896
401.684
427.077
230.194
363.981
179.398
350.79
176.01
335.294
129.89
142.87
80.7608
400.654
397.785
126.117
208.176
216.316
378.528
30.7809
381.684
120.706
200.375
403.353
351.78
340.036
359.056
287.073
434.958
298.078
343.21
80.9925
226.04
407.014
309.744
359.865
365.704
285.951
359.199
233.799
402.036
271.874
382.808
347.834
194.734
126.681
287.696
110.983
156.413
329.005
360.387
332.96
363.106
389.792
354.778
295.843
164.681
366.884
334.643
277.141
374.399
108.852
298.931
232.888
154.429
123.793
412.615
296.61
213.507
383.099
374.382
84.876
208.574
320.068
269.428
184.105
250.459
135.604
327.38
240.898
290.193
284.018
339.646
87.7818
368.828
250.028
253.847
38.3923
308.23
281.705
256.668
235.213
86.8669
413.82
326.8
238.565
354.369
94.9895
216.922
433.307
300.994
320.092
321.69
380.835
41.8585
367.834
243.947
230.149
343.31
392.019
377.543
398.527
368.132
432.806
379.353
240.511
422.817
108.606
259.519
408.816
44.9648
250.212
339.688
388.657
405.339
92.8616
358.344
163.864
32.5658
204.429
277.852
134.951
235.645
375.87
407.025
297.01
37.6985
35.947
301.287
244.658
232.98
327.346
121.647
241.723
395.161
319.589
421.341
182.106
256.855
296.322
300.717
258.87
154.025
314.329
243.277
397.989
238.086
67.7346
208.293
417.742
157.582
162.946
283.795
216.133
322.354
177.377
35.2655
359.59
433.868
76.7755
319.86
253.459
301.752
103.208
253.053
204.754
376.036
395.471
282.728
390.754
380.041
208.508
190.883
73.8591
72.4793
164.354
100.467
183.971
131.115
292.612
111.147
397.293
268.158
237.499
376.664
407.817
360.212
356.647
129.109
223.855
126.145
382.482
300.603
338.38
181.796
354.127
280.531
111.343
176.968
61.1852
406.678
352.216
39.8634
165.64
54.7567
339.496
350.865
376.61
376.569
267.308
106.504
162.234
80.589
385.483
250.542
327.027
400.09
410.197
291.759
177.459
79.2234
220.292
422.152
59.705
430.939
315.1
369.628
360.253
282.859
275.433
251.675
130.892
364.177
116.915
140.404
276.568
313.098
360.501
125.24
315.32
112.952
388.473
298.403
318.314
128.203
150.561
429.079
207.018
318.08
132.95
330.525
306.306
276.136
412.318
412.64
261.009
60.3273
134.008
307.036
266.199
374.794
99.8134
73.7086
342.373
401.366
293.706
122.746
347.592
187.877
184.836
347.611
334.278
299.522
258.246
322.769
334.702
157.266
280.542
281.687
340.556
201.12
381.202
302.221
419.26
344.541
303.084
409.28
292.144
407.945
173.441
301.214
210.887
323.326
279.689
300.339
356.146
248.737
313.257
73.1401
250.068
348.337
167.388
264.323
264.515
369.304
371.202
138.901
245.545
116.59
418.71
373.069
286.05
232.575
320.777
168.205
240.644
428.78
382.133
223.198
379.972
349.018
429.996
363.835
349.158
353.148
78.7055
253.077
393.492
379.094
169.953
253.734
360.855
415.327
408.481
215.498
283.843
341.727
328.071
323.76
98.2828
357.652
68.8754
103.722
252.975
225.495
124.924
39.5406
265.88
225.816
188.621
282.933
390.808
118.628
312.42
216.91
256.14
186.666
158.783
259.769
139.755
431.206
272.151
369.755
239.296
316.142
79.4632
141.186
353.764
335.036
255.938
143.228
178.458
321.762
102.656
291.693
96.1395
141.038
124.944
237.096
180.459
373.902
191.908
125.466
318.595
380.746
340.898
373.85
341.89
124.548
159.983
141.912
364.415
358.696
419.842
326.544
423.17
394.322
382.378
418.579
96.5535
333.21
256.3
429.854
94.5535
389.89
45.2925
334.613
277.899
211.998
94.492
159.045
374.546
416.671
234.011
339.75
242.791
207.512
315.369
319.1
333.676
264.375
77.899
333.435
290.72
256.338
203.472
333.009
155.402
305.528
339.88
383.139
396.448
110.899
313.638
331.713
126.463
342.476
205.479
325.333
63.2932
328.372
104.105
433.518
127.952
122.619
353.308
426.028
389.091
422.504
415.22
348.67
112.755
398.358
271.747
433.523
156.757
94.5173
403.153
42.8615
130.569
348.217
110.711
143.894
101.481
418.983
295.601
79.8298
187.701
248.975
353.915
332.646
132.327
319.478
53.2012
421.704
112.347
248.351
174.444
292.453
347.814
229.183
432.759
342.436
284.252
328.649
146.721
380.631
365.614
389.813
184.25
221.415
271.784
43.7644
306.971
340.356
226.885
348.017
34.1856
174.626
112.648
214.739
408.59
386.098
60.5786
352.288
327.872
356.851
114.613
68.942
72.1397
323.184
90.4233
315.206
234.521
324.243
207.026
287.872
246.695
283.153
368.729
268.309
127.223
76.3112
124.6
273.836
89.779
274.13
244.018
224.155
126.509
109.806
43.0521
211.709
419.923
200.437
172.807
377.634
407.24
48.4159
340.76
329.496
310.697
237.517
206.165
302.572
384.974
117.173
389.344
266.628
388.813
365.899
252.851
307.505
414.285
402.249
104.3
367.075
250.825
146.235
290.2
358.146
408.602
403.491
348.931
173.094
245.975
313.316
397.621
206.084
324.332
129.872
302.102
262.826
248.532
326.569
364.411
349.54
434.39
306.013
335.841
52.7979
68.9084
393.536
233.788
191.887
307.104
419.039
329.392
31.8261
87.0013
142.098
224.727
317.184
283.227
33.2995
328.086
263.943
81.2092
325.44
247.752
328.618
430.447
217.067
280.482
347.733
262.731
163.029
294.384
371.347
243.306
381.856
248.159
46.0141
283.991
333.149
418.07
311.087
57.7491
260.401
407.326
243.938
250.624
86.3314
148.423
92.2321
270.564
281.671
382.384
124.271
210.409
304.68
98.0708
257.783
161.482
367.382
408.261
232.405
289.973
413.66
120.978
385.678
175.994
335.04
279.919
176.003
286.382
301.28
135.975
67.6871
293.114
326.83
324.832
156.571
313.311
354.478
323.22
157.272
266.985
311.167
277.852
390.467
329.948
316.144
359.46
409.076
317.215
193.755
296.732
298.913
358.807
335.341
92.7671
329.04
185.498
255.852
325.763
169.594
277.403
386.957
358.374
175.047
223.373
232.754
400.231
234.804
420.139
384.568
196.455
122.396
298.834
191.85
388.599
158.6
377.077
413.343
115.736
61.4489
262.307
414.232
388.991
189.86
318.097
354.714
432.827
346.017
76.1957
311.13
311.743
389.035
140.325
233.451
262.012
176.04
129.847
137.727
376.697
262.164
431.591
415.457
129.046
316.478
100.405
226.501
238.299
77.4105
191.398
158.688
411.118
68.9923
380.172
431.38
168.618
125.587
384.757
59.8367
275.567
344.898
95.112
278.198
103.73
237.815
38.4753
422.733
407.132
355.269
121.963
339.269
267.567
322.376
337.846
321.212
392.454
307.63
404.393
231.58
405.559
396.428
422.935
396.029
344.723
223.698
130.233
111.221
358.924
242.193
292.146
340.819
81.5598
173.477
271.753
315.357
384.657
345.079
290.379
66.7089
352.251
234.222
132.778
352.482
235.788
273.848
224.44
313.496
117.007
365.572
152.293
265.587
418.936
118.78
372.662
236.459
427.493
232.002
215.769
217.214
423.859
89.6708
318.749
83.1025
253.939
62.0249
99.0604
149.542
388.575
359.83
278.318
274.494
431.869
234.054
131.457
133.4
223.104
328.88
31.76
374.086
395.811
383.085
156.272
296.425
300.771
272.812
325.123
288.446
371.226
189.273
157.436
334.573
66.9233
232.437
151.515
253.452
283.577
304.16
174.112
163.03
56.5095
188.347
80.4394
358.606
283.297
155.572
72.7006
209.607
69.8523
92.2468
202.859
428.644
367.707
413.521
281.53
343.79
314.28
264.796
211.454
140.892
310.399
267.856
145.987
371.836
191.757
269.741
294.622
129.506
418.149
127.866
146.029
152.788
246.248
85.6861
73.0408
49.5676
99.1639
369.549
360.98
222.753
409.199
271.611
136.672
211.812
278.942
400.042
241.218
328.245
371.993
320.893
269.605
258.36
427.895
76.2597
328.842
265.873
193.188
258.621
118.209
98.4236
381.306
416.263
258.112
270.52
422.159
335.023
267.527
394.219
361.307
218.466
308.685
123.851
288.365
326.097
357.751
299.744
431.783
349.651
327.969
371.84
37.9716
324.556
283.346
333.783
381.085
233.609
347.115
295.305
316.592
179.462
52.2496
195.933
155.924
199.006
218.414
167.172
313.642
400.221
272.981
67.2774
279.445
299.579
344.746
342.359
408.584
224.769
298.804
283.76
366.425
117.631
303.158
241.434
84.507
179.005
133.463
399.762
277.665
377.988
406.569
43.2442
102.404
365.039
256.762
300.196
301.244
141.462
39.8456
409.482
116.065
282.714
295.343
402.67
151.784
70.5301
401.488
295.076
240.777
334.161
252.074
76.0886
290.451
339.697
238.302
101.482
347.963
328.317
145.348
259.807
297.911
90.1506
339.76
154.328
392.648
337.267
292.457
200.012
388.354
290.927
399.923
318.765
338.76
51.3503
293.161
389.385
305.572
287.051
106.497
378.686
374.263
219.435
355.801
339.564
148.066
366.176
326.462
193.96
129.772
184.347
188.904
273.501
199.705
148.997
295.778
361.907
381.805
406.386
202.851
252.828
223.227
130.123
274.393
387.717
365.648
299.937
420.83
292.93
65.934
274.536
328.72
398.978
77.9863
342.727
354.043
390.556
201.91
36.36
426.821
186.545
177.902
273.122
37.1883
222.858
392.081
321.294
270.067
35.3583
365.63
170.811
240.694
368.164
378.517
362.037
254.947
271.391
322.689
289.701
240.941
129.72
280.362
409.826
403.065
223.855
310.719
387.842
356.561
330.231
408.36
286.396
284.151
338.881
79.843
307.85
425.829
199.432
110.701
260.243
263.371
211.113
76.9989
282.181
423.77
424.19
87.3801
277.88
274.366
245.805
149.019
232.715
362.697
380.712
302.219
409.243
363.781
269.187
405.347
238.279
338.35
236.009
383.142
381.2
278.658
214.73
172.538
283.345
154.029
293.776
356.148
117.774
339.769
311.426
98.654
378.579
294.311
259.918
173.945
158.271
183.51
281.651
351.013
190.13
430.495
337.863
263.054
369.674
352.378
232.125
315.633
256.673
72.4304
233.132
228.243
250.973
237.648
375.965
166.288
373.673
250.947
360.004
290.933
245.398
296.771
115.472
373.449
243.011
345.026
418.123
283.372
342.498
244.015
416.378
294.253
267.493
68.0066
171.737
299.542
242.483
319.981
299.411
412.413
126.664
249.231
284.399
395.399
265.08
179.513
221.326
242.13
371.151
194.019
358.305
317.655
336.428
141.069
423.257
366.761
391.578
427.916
43.9886
64.0705
370.602
410.619
329.044
331.619
130.662
301.926
88.4972
412.428
375.376
229.738
379.885
192.738
171.053
73.5175
327.451
382.863
250.612
257.22
393.312
165.005
411.598
133.513
265.987
356.346
399.571
404.068
305.518
304.039
99.1245
404.502
366.832
377.518
39.1563
290.985
299.429
275.883
283.496
74.6305
414.061
287.922
256.58
377.582
421.314
98.5553
93.0324
240.868
396.79
248.639
254.01
115.625
253.427
214.123
210.063
232.311
206.184
277.187
45.7081
388.637
334.703
152.369
32.4228
372.587
388.056
376.919
189.038
223.63
434.981
365.959
77.9289
358.925
343.719
166.603
279.717
309.221
275.274
269.359
417.453
373.194
180.908
366.652
169.335
194.839
93.1904
271.013
300.721
272.174
272.144
81.7649
296.457
144.816
284.851
278.975
63.5023
332.438
157.015
420.472
290.385
66.1861
274.875
156.592
35.5293
404.081
130.229
414.81
424.562
366.533
110.355
355.264
378.817
163.924
356.188
341.897
401.603
100.264
356.198
392.227
123.384
155.691
298.295
165.346
358.458
401.483
118.425
308.475
38.3996
379.81
287.466
231.624
150.252
255.245
360.68
398.205
329.645
170.999
301.99
136.299
186.46
390.573
51.3116
224.265
120.191
184.729
189.264
381.673
33.82
344.769
366.906
216.173
372.88
422.214
332.45
410.433
426.989
211.272
317.072
123.901
168.894
333.714
96.6092
145.6
295.505
374.501
353.249
304.113
120.022
248.882
253.68
222.229
266.805
301.684
191.139
398.215
236.411
67.4292
343.119
37.6176
194.634
323.808
317.181
66.5807
305.062
264.289
112.929
323.925
150.912
150.757
302.103
386.744
390.475
251.88
292.467
366.97
395.495
377.547
222.031
421.219
289.992
366.593
76.2943
200.351
310.66
317.534
338.675
138.16
165.08
296.405
304.699
265.093
365.657
335.322
101.341
297.359
254.896
194.572
336.897
290.975
247.861
346.739
394.699
75.3556
384.257
169.38
383.021
371.842
376.118
142.553
131.808
341.291
62.5365
161.46
71.7481
343.536
295.066
426.007
175.562
322.648
306.839
409.573
125.897
371.783
56.5527
369.837
232.848
262.124
423.638
278.662
427.726
306.909
180.641
217.106
316.302
313.208
190.094
372.476
156.019
431.726
224.959
286.023
309.224
46.7437
330.161
263.276
278.88
293.254
373.947
412.544
361.55
104.875
332.042
318.573
263.413
247.949
313.391
429.09
139.91
419.482
412.035
433.274
345.137
316.295
375.641
178.662
109.516
283.843
432.579
354.855
253.876
327.588
359.181
397.926
197.468
343.765
428.467
309.203
302.791
344.096
191.069
124.296
374.864
419.689
191.185
142.522
303.192
132.455
239.196
105.712
367.083
116.236
246.924
148.95
332.784
369.213
265.895
171.781
161.043
371.635
199.066
122.794
284.086
316.795
321.845
195.61
357.432
392.563
378.598
339.141
296.999
291.641
256.677
246.362
421.388
201.537
328.881
355.687
152.383
107.388
293.493
322.183
300.606
89.2105
407.42
68.1253
296.374
81.1584
338.938
354.852
396.3
50.0467
376.113
371.659
319.894
380.658
311.93
64.9763
199.774
222.318
368.759
177.01
167.566
35.1849
348.024
232.655
412.166
258.137
129.13
428.774
326.958
46.0858
117.429
357.945
53.1646
296.807
201.832
232.602
302.29
132.412
147.139
404.393
334.802
392.252
138.332
334.795
386.381
287.934
319.962
345.704
246.988
267.724
299.548
264.992
297.754
52.5538
344.083
383.271
193.197
165.809
281.334
273.812
304.882
106.224
344.44
200.139
247.443
261.635
136.468
406.026
365.101
344.014
416.464
402.587
243.208
61.9172
376.178
377.494
363.188
291.223
92.8743
370.356
169.139
331.115
38.2211
417.473
389.866
310.576
67.8461
330.356
312.282
333.003
95.7558
309.377
343.548
101.618
330.817
411.261
119.86
273.579
274.018
296.631
377.181
97.6261
386.277
382.931
253.76
321.028
217.605
402.089
303.733
328.628
320.618
345.82
173.255
38.8729
359.727
290.76
279.17
358.686
410.381
343.362
301.935
362.664
257.457
186.435
421.971
34.0997
152.493
47.0251
307.894
367.366
91.0031
67.2619
251.217
337.295
149.535
279.225
375.317
411.383
215.867
249.704
329.618
431.097
220.841
381.117
282.043
428.245
342.22
434.222
92.3601
203.597
431.627
153.808
371.686
292.699
285.994
178.517
194.028
383.058
336.182
334.838
263.099
282.42
389.777
403.132
307.564
141.259
356.211
413.588
249.401
237.883
281.408
241.853
217.092
271.16
398.332
242.025
130.037
100.755
239.84
202.195
387.746
145.842
408.992
360.799
315.457
141.513
298.526
252.673
130.562
329.638
113.354
396.571
428.221
227.421
121.21
260.66
387.026
149.856
305.162
230.934
72.0827
132.759
310.591
148.905
293.194
130.247
343.769
166.794
326.541
409.174
426.047
50.0706
147.08
391.989
297.277
295.178
386.573
266.276
91.9212
249.952
401.535
372.539
345.519
245.382
354.81
360.657
350.324
135.349
307.775
186.241
68.3499
268.803
336.874
298.733
434.607
341.618
405.097
75.2999
191.14
142.649
240.071
325.116
58.0642
196.173
300.627
395.66
344.629
43.8589
74.0278
389.434
275.287
188.342
127.635
405.455
170.767
37.4091
167.165
343.384
295.037
304.785
385.24
343.616
319.272
368.933
280.753
292.549
317.467
86.7891
297.119
324.716
421.147
297.51
257.784
317.914
282.802
282.181
51.0831
353.122
323.706
155.468
110.371
339.42
292.162
414.976
169.828
394.208
269.633
404.632
264.472
276.946
373.085
337.006
379.368
281.871
343.503
344.215
195.018
136.847
312.45
304.378
244.846
343.557
297.393
90.5213
304.687
296.891
329.713
368.687
345.605
243.666
222.231
174.905
212.016
113.441
86.8068
234.264
301.503
375.995
60.5363
177.73
45.4189
56.4437
289.172
44.7248
44.3544
284.308
264.617
361.01
379.179
64.5589
385.206
282.187
159.316
181.182
183.769
359.012
409.609
275.954
423.007
118.928
374.622
335.657
386.669
400.047
283.927
363.737
283.115
257.582
113.617
69.2091
98.1994
148.698
154.905
362.184
271.628
181.918
70.8881
250.557
369.994
374.887
419.763
35.9589
315.417
81.2572
327.554
170.029
135.075
147.667
261.048
413.105
336.622
287.262
408.617
370.354
250.948
201.382
58.9074
431.766
384.609
338.261
404.375
364.97
164.336
99.9097
283.185
153.455
144.319
322.253
331.945
113.526
177.269
127.67
431.07
383.733
55.3447
77.0916
302.394
76.1743
361.968
149.088
320.181
238.434
277.036
330.964
389.852
300.005
100.804
237.459
390.104
415.413
329.73
171.256
216.078
219.093
49.847
247.904
433.569
385.507
301.145
301.039
157.093
432.214
260.508
425.306
242.526
192.297
109.282
187.396
433.102
264.638
306.174
384.247
297.776
382.83
76.5031
216.489
39.7469
353.196
384.05
38.5387
158.746
199.563
337.885
306.472
274.759
78.0434
421.7
302.312
355.018
339.32
96.4508
116.062
281.94
257.414
340.373
232.094
324.739
220.311
263.22
412.146
177.094
218.037
346.309
340.121
386.709
326.135
371.948
263.785
371.806
333.259
356.171
347.692
379.97
182.302
294.643
429.667
325.776
251.044
233.229
203.906
298.591
320.644
321.704
193.593
87.9227
303.261
353.368
165.108
91.8502
357.211
178.419
76.6068
417.586
417.076
293.104
237.156
413.29
232.503
172.46
239.298
331.931
260.804
269.805
279.948
363.825
318.256
311.949
432.654
341.924
270.105
122.738
39.2394
36.9486
409.947
320.522
197.661
350.816
247.095
360.227
322.945
319.591
304.131
90.3329
330.037
140.849
424.142
345.311
119.733
232.621
398.734
320.83
167.601
39.1338
49.861
294.177
367.442
378.59
337.691
150.011
89.8705
243.577
66.7111
299.56
314.296
109.352
44.2111
236.998
391.072
292.275
330.483
247.702
434.018
401.486
99.0636
374.971
123.036
318.255
398.708
72.4245
327.335
117.504
135.716
246.334
355.5
330.999
333.351
273.089
312.187
367.42
158.702
103.387
430.585
392.461
376.559
96.4026
208.903
348.951
300.369
390.125
123.765
86.077
355.38
148.492
259.166
164.614
409.993
150.423
171.751
188.295
280.372
116.377
148.17
332.805
209.168
300.326
298.133
213.068
201.778
329.661
367.533
400.4
180.797
344.705
170.217
146.859
150.17
358.661
240.056
30.2027
278.553
382.14
41.5924
311.181
264.042
348.504
364.071
389.655
153.921
175.622
265.142
246.199
89.328
356.633
310.658
347.734
406.001
267.594
244.224
399.73
372.437
52.8785
117.967
223.865
173.304
253.618
61.1811
411.642
328.874
158.647
314.904
408.449
291.21
156.353
241.977
180.463
268.44
64.9841
305.378
326.092
97.0352
238.348
328.042
232.7
408.279
328.376
300.266
380.719
274.91
156.37
131.823
412.174
179.771
400.356
345.014
197.577
342.86
40.2335
347.848
314.145
50.6868
256.46
99.064
306.842
431.463
110.651
119.153
178.431
330.371
206.685
240.562
344.574
238.06
255.291
186.456
383.991
235.25
192.338
96.4361
149.645
399.145
220.651
310.394
369.964
178.17
428.392
357.202
428.383
297.515
398.309
84.8323
198.221
259.837
428.537
315.088
105.329
131.931
294.648
275.737
169.045
38.3423
352.823
225.691
312.827
418.185
255.51
263.791
44.564
233.015
425.062
344.071
187.48
150.054
85.7951
285.19
411.455
367.568
314.522
67.0462
370.714
355.007
160.041
383.634
319.565
282.815
422.931
409.635
349.176
36.1495
244.762
269.384
222.518
417.671
87.3993
332.619
422.413
246.777
301.71
412.294
332.542
166.225
178.64
208.345
301.083
377.477
333.418
423.278
371.003
298.004
406.188
143.802
324.798
363.33
242.958
253.614
196.384
93.1469
358.046
33.8715
251.36
213.003
294.075
320.951
181.083
208.758
185.606
116.154
141.058
35.8352
293.136
86.5
382.965
318.892
170.718
239.548
398.42
106.329
225.127
366.75
295.444
144.845
387.294
254.489
269.453
202.359
125.7
242.053
233.452
69.0091
301.782
56.3471
409.336
206.521
405.367
333.598
42.6432
284.332
382.544
265.64
298.23
403.793
363.754
374.134
263.328
411.522
248.701
349.697
215.575
98.7567
264.126
91.4256
327.83
50.3292
246.884
42.7019
408.72
280.607
266.894
184.974
181.432
254.06
96.9463
369.456
337.446
388.408
52.6779
299.446
177.551
88.3847
327.022
350.69
248.29
323.364
332.402
410.405
412.404
349.035
373.418
309.685
356.289
366.804
385.335
344.951
418.821
244.738
167.195
289.735
325.103
409.114
229.973
429.826
422.677
318.549
119.94
71.3506
99.3813
403.13
267.959
116.832
195.177
292.764
52.5209
373.422
34.6179
342.017
247.882
190.73
297.038
81.0642
420.782
329.553
382.237
340.223
63.0749
122.89
346.832
338.349
432.956
313.781
385.003
109.255
307.548
346.387
148.191
204.794
98.3027
151.235
325.06
198.151
115.762
391.083
270.99
386.079
273.889
209.989
263.548
265.189
37.6781
277.3
307.743
240.277
400.004
236.301
132.706
370.928
371.69
199.017
147.487
277.314
360.084
425.511
61.8778
286.123
294.588
256.045
85.8217
206.529
229.123
303.949
360.627
412.353
178.903
234.23
66.4365
93.9041
141.866
192.418
309.889
134.433
261.074
123.684
374.947
424.75
308.236
166.647
102.144
431.985
167.502
46.4954
344.553
252.453
169.292
329.947
190.411
361.903
389.886
247.108
357.364
342.505
251.678
77.2512
153.547
232.654
316.125
144.532
311.153
254.284
232.836
259.811
389.221
347.522
190.035
246.918
259.604
291.343
398.103
297.69
359.444
262.292
148.809
203.823
299.591
137.364
279.9
89.1608
301.035
256.072
366.683
159.572
235.476
271.061
262.171
327.382
325.145
342.036
175.232
313.073
193.527
61.2525
340.87
390.159
330.08
113.312
340.658
338.912
330.537
269.267
342.831
369.003
400.364
324.682
332.018
278.355
357.557
42.6683
275.021
189.524
250.422
335.324
407.536
47.5584
218.634
396.402
185.67
331.954
352.798
70.6993
270.905
118.416
79.4481
253.608
307.853
53.8684
312.865
320.638
123.6
239.155
376.725
396.459
417.387
97.5435
188.375
213.264
110.384
414.111
88.3131
276.02
360.5
321.746
295.08
342.301
367.267
427.285
298.662
346.126
162.82
174.428
384.876
390.268
41.458
140.247
72.1638
326.588
336.129
376.829
95.7943
161.287
283.366
399.121
395.998
267.733
272.625
148.335
397.831
274.145
173.365
38.3818
257.416
204.544
153.019
205.745
277.083
228.229
40.1496
224.396
199.938
353.288
391.785
131.351
160.265
106.279
59.0273
226.449
344.889
312.967
122.368
229.332
404.55
371.04
244.514
368.257
53.8078
336.773
135.925
197.445
42.298
31.9655
92.2179
279.759
113.631
197.593
190.478
378.001
400.701
341.752
259.878
292.238
343.615
144.68
289.281
100.888
101.516
410.221
412.173
185.014
298.924
389.766
124.475
344.383
165.81
332.334
353.082
250.935
386.368
247.766
403.347
382.948
316.982
218.132
296.19
322.339
388.613
322.556
345.845
347.83
412.66
274.585
368.513
345.525
385.6
103.114
244.048
248.021
63.5295
169.867
205.224
372.417
304.973
360.553
403.9
296.385
424.711
109.478
75.492
236.964
422.284
40.7536
430.651
176.421
76.0702
262.396
41.005
393.884
429.258
301.305
65.9869
199.038
339.364
375.1
372.354
196.042
405.418
318.929
270.655
384.427
171.909
196.473
423.206
322.152
211.535
374.57
360.044
274.071
316.686
397.145
313.666
371.048
365.271
383.828
70.6484
396.462
412.366
304.82
207.734
413.709
358.135
139.66
379.277
291.6
116.04
323.207
233.428
181.889
148.624
331.265
86.0508
253.62
360.44
282.029
191.484
60.7546
86.0163
220.36
129.343
360.996
401.75
276.949
359.126
234.262
177.709
366.13
123.109
409.286
430.443
324.178
328.629
154.488
296.414
258.01
284.399
333.835
389.745
383.436
319.662
296.481
385.356
207.881
319.252
350.983
353.902
341.898
220.495
354.787
383.853
350.561
402.035
406.333
388.262
59.6083
405.389
392.599
156.04
279.39
184.389
434.895
306.73
416.149
282.735
119.591
241.72
169.081
343.435
341.753
304.564
434.79
153.861
403.607
192.978
296.902
192.221
402.86
431.263
343.694
254.651
354.116
264.175
288.981
173.153
248.131
39.7629
401.254
123.794
346.961
98.3946
141.103
341.079
79.2576
193.513
97.9793
179.901
373.005
306.776
127.516
121.253
355.954
394.982
271.189
282.003
58.2266
227.359
421.31
330.113
162.395
233.341
50.4576
258.201
137.099
244.157
288.878
390.814
91.3655
58.0887
390.632
386.081
73.8677
112.226
152.221
291.227
424.526
268.514
340.974
320.37
242.648
272.352
87.3811
346.654
400.568
274.332
308.524
209.783
406.794
418.952
224.454
211.761
117.708
250.783
290.883
394.952
264.606
230.136
336.239
188.98
158.705
368.938
343.286
251.535
144.355
68.2942
94.697
307.415
421.239
255.234
337.182
426.971
386.042
78.9429
393.532
379.365
338.645
305.562
415.036
298.484
252.846
193.582
219.705
401.577
292.246
281.143
80.1654
336.707
302.48
267.398
109.05
135.001
419.196
417.264
205.829
225.556
64.0276
254.272
355.703
323.267
406.992
200.943
261.284
307.552
67.9135
136.617
338.664
207.653
62.8573
401.867
193.517
221.035
304.915
324.158
334.699
268.254
332.966
133.447
260.961
338.841
327.966
297.002
40.667
310.152
155.282
318.342
206.818
159.445
187.441
376.26
215.749
269.111
304.411
341.07
353.502
418.175
346.762
368.818
385.469
299.981
249.529
165.943
55.1668
410.847
77.4306
236.408
310.375
382.411
371.995
179.271
289.717
426.665
376.15
386.38
129.248
311.482
37.1908
152.447
316.779
93.4247
293.861
47.3334
240.929
339.436
410.777
114.689
33.4942
252.173
164.976
294.954
331.82
405.157
344.656
424.559
253.148
310.99
227.108
402.554
144.993
60.5116
279.512
175.807
410.518
256.15
308.223
283.628
53.9018
431.583
324.826
183.756
395.033
293.959
82.087
324.905
115.213
375.332
319.076
220.772
60.4961
390.047
104.349
291.69
112.087
109.347
278.209
283.695
392.945
95.9802
351.169
82.2018
127.964
120.545
168.117
71.5911
285.307
369.435
282.987
253.841
338.449
289.241
393.01
165.927
256.407
69.5323
281.511
303.809
390.891
331.265
405.893
50.3825
57.3113
426.829
376.811
221.056
318.053
179.558
232.651
338.303
351.003
282.629
290.891
350.926
203.572
71.2631
168.332
372.069
370.982
169.831
116.497
100.648
387.556
261.922
321.377
270.099
264.245
89.4061
218.255
313.908
349.055
300.278
171.686
41.1531
356.587
378.282
242.16
99.9678
41.8536
426.366
417.227
321.781
221.14
328.217
46.4099
315.381
279.537
265.666
241.635
417.898
341.762
388.156
267.548
241.131
410.23
84.1738
71.2436
150.103
208.427
210.88
193.687
143.24
96.7539
397.078
209.415
315.542
264.098
287.247
186.806
44.053
146.389
143.882
321.848
432.081
381.164
326.763
144.693
44.5999
91.8993
353.794
328.351
69.8775
44.3616
369.473
214.096
173.964
369.236
357.414
351.469
361.619
279.604
125.11
270.926
265.276
84.8594
193.729
403.354
187.49
145.276
328.59
415.501
126.007
278.964
264.386
342.99
325.353
428.651
250.639
314.821
182.554
303.891
90.6285
345.817
220.594
224.456
374.666
248.84
257.882
250.79
210.475
423.779
324.158
84.5499
431.168
404.108
150.939
111.505
354.841
334.072
284.325
249.176
263.06
369.146
326.256
107.832
427.677
351.615
137.608
236.587
308.524
168.868
355.982
319.742
392.591
368.062
432.581
76.3668
405.985
397.959
389.028
409.359
68.3099
224.82
345.662
41.9265
414.91
112.997
152.451
84.3613
307.732
369.495
349.069
246.408
331.133
293.406
235.954
281.14
347.5
143.759
414.45
287.424
343.145
143.376
365.607
321.983
339.009
371.942
106.984
257.415
81.0565
206.709
157.774
313.976
400.621
403.885
190.933
366.089
313.461
346.42
242.75
304.876
154.43
398.71
254.319
304.894
348.502
320.728
250.984
225.525
210.232
220.776
385.498
215.948
273.231
257.026
259.835
170.93
176.499
290.56
174.658
176.091
351.593
82.3325
273.008
391.138
374.34
289.69
93.872
278.07
197.699
300.522
176.088
357.464
396.05
324.423
50.6205
326.643
431.952
293.805
326.588
303.647
93.0987
363.98
364.509
201.586
196.852
388.677
306.039
297.639
356.202
400.085
335.046
256.968
229.707
423.98
362.584
255.009
413.492
352.168
169.925
244.259
343.036
105.562
321.664
415.701
338.148
376.514
239.688
297.745
263.082
116.359
268.084
412.954
374.788
214.53
194.684
73.8544
106.443
232.781
353.093
199.894
274.747
267.258
277.466
43.4176
315.98
411.287
280.034
419.994
302.226
375.998
363.674
137.362
281.441
308.708
349.184
291.307
167.617
403.144
72.0822
239.76
350.954
239.75
425.708
344.653
298.176
408.173
433.484
359.611
309.575
241.842
409.558
255.81
314.99
138.765
320.17
407.961
235.941
334.593
384.47
145.071
297.78
263.111
255.687
206.91
238.463
249.835
404.287
142.161
347.439
426.656
260.345
274.803
97.6971
167.564
55.8484
251.596
372.825
396.591
254.921
383.686
415.705
82.5674
404.216
234.579
242.871
343.396
422.755
337.53
168.969
204.561
409.87
164.315
114.894
333.496
324.32
328.073
424.57
332.201
358.061
370.472
432.436
37.7933
334.443
244.734
323.239
141.625
217.867
313.014
319.545
214.038
58.7957
345.145
285.811
164.233
158.317
213.476
196.336
348.855
423.309
301.848
306.519
330.091
332.263
420.068
101.093
414.606
266.204
426.477
412.538
186.869
360.156
126.836
192.049
330.963
56.6231
396.019
424.302
347.786
391.375
94.068
71.5302
99.4252
51.793
314.497
210.833
119.434
368.123
354.678
308.634
410.386
167.979
410.291
221.736
279.173
297.811
392.514
279.778
357.457
200.248
234.181
390.583
289.702
284.694
418.426
337.195
238.916
257.384
226.426
152.511
218.559
289.918
303.073
424.759
249.806
49.9804
289.358
362.377
414.472
371.778
381.641
105.041
347.356
386.344
306.427
87.5799
356.421
56.1163
139.472
77.7101
283.3
382.428
352.861
239.784
165.155
144.536
166.652
366.079
246.143
249.086
379.662
397.332
161.324
195.667
426.737
404.674
153.619
434.618
432.859
289.408
352.431
342.846
178.025
35.3142
303.131
327.355
235
291.501
369.055
322.761
100.715
143.895
432.751
194.884
308.92
94.1758
163.734
363.216
136.348
30.3676
37.8218
161.484
380.264
325.452
409.675
271.326
80.6284
294.126
375.767
297.231
301.795
341.471
354.894
363.631
332.425
161.048
396.808
261.041
434.672
234.357
335.808
295.096
303.972
171.823
383.315
335.005
246.001
129.32
376.974
291.948
355.198
184.416
303.968
338.57
345.82
289.529
264.098
139.417
269.585
61.2528
358.728
328.353
297.208
221.306
253.566
152.768
195.917
280.433
390.377
268.665
352.267
286.139
427.986
318.366
71.3722
63.3206
190.778
164.526
313.688
324.247
158.25
146.668
223.727
254.191
358.166
324.549
251.056
244.611
392.39
266.277
318.055
170.663
380.053
322.59
203.251
316.799
160.02
406.421
344.655
336.986
266.507
41.3091
209.201
77.3508
309.304
216.215
373.996
127.323
365.029
185.848
260.308
302.643
377.987
300.049
357.589
253.388
428.486
386.515
213.043
186.273
362.243
119.982
194.868
177.842
315.268
349.891
177.308
354.042
396.584
390.798
369.233
251.027
388.954
419.17
271.412
295.528
383.142
397.291
103.252
314.963
292.731
321.097
136.874
268.563
403.726
147.368
426.926
217.787
118.052
419.54
284.766
181.317
221.579
311.746
393.382
404.732
236.951
171.716
335.454
134.488
313.26
327.886
210.583
316.858
212.062
215.635
123.683
52.3106
91.308
336.507
300.834
98.017
393.495
31.5299
241.341
199.29
226.328
323.971
364.78
385.613
273.087
360.699
341.239
353.143
359.043
399.037
392.872
324.584
187.157
208.711
220.243
339.908
269.906
193.596
363.118
322.706
230.502
365.739
372.162
113.035
432.222
278.505
349.852
194.064
218.39
373.51
120.512
386.65
93.349
385.329
148.16
145.064
56.1087
414.775
333.118
243.336
321.003
432.5
96.244
48.9888
168.115
332.807
318.84
143.049
421.21
380.263
64.8061
65.4146
187.704
301.917
298.468
308.131
319.104
290.227
382.417
250.314
288.967
345.197
131.702
384.001
379.831
215.173
46.767
282.465
235.296
93.5856
144.254
298
242.132
197.908
368.341
428.006
164.827
421.459
67.0202
254.583
402.665
204.836
316.063
96.2474
78.246
395.303
413.923
350.155
273.319
407.165
96.2088
269.746
335.396
264.472
237.101
267.295
294.426
305.689
400.002
282.791
196.807
351.323
333.152
34.5392
37.8264
32.9577
285.911
259.263
340.541
232.53
318.176
255.314
412.267
295.949
223.407
416.96
204.348
340.169
281.251
134.21
157.89
320.234
252.88
227.356
234.067
276.133
128.971
254.011
393.433
197.748
145.492
166.117
45.8179
266.448
344.356
284.469
385.527
390.813
415.343
332.536
271.213
374.519
126.06
379.575
410.389
318.348
305.209
379.758
123.463
297.27
213.395
135.437
290.741
429.485
76.3228
318.285
89.4851
125.013
359.404
196.55
333.291
127.469
167.527
347.588
388.095
350.697
141.25
415.628
234.693
251.7
241.857
140.229
338.522
279.054
49.6748
190.068
426.34
368.505
116.675
220.67
249.477
299.88
47.1612
227.593
378.241
90.4396
50.9848
153.144
249.041
66.7795
256.557
301.134
271.023
427.777
266.973
49.2364
360.279
421.53
163.576
395.035
336.695
333.315
131.052
423.745
381.364
356.674
38.3585
72.9177
296.777
83.8407
250.439
191.302
84.7044
165.436
428.234
319.935
196.457
43.2301
232.543
319.829
159.847
275.222
355.453
178.689
50.5877
184.205
324.714
268.582
226.133
283.401
147.795
251.68
86.9044
358.045
236.47
45.2611
407.899
208.095
41.3454
369.878
236.795
216.085
218.923
430.348
314.989
70.8934
346.435
385.055
210.471
277.002
266.843
115.654
310.797
334.384
403.962
230.028
341.468
412.57
313.161
377.37
293.427
318.009
324.46
412.111
370.166
342.934
278.34
405.959
40.5815
157.216
155.374
218.445
311.53
323.905
163.249
268.937
88.552
324.075
51.7047
293.088
98.4618
68.6957
256.729
410.15
258.18
335.841
39.8906
332.964
283.585
90.2271
335.721
349.847
390.451
281.79
302.159
411.842
376.706
301.254
142.948
297.988
320.91
367.665
80.1055
417.847
251.112
397.745
116.717
41.9253
414.077
290.31
332.367
264.685
224.122
324.287
246.303
255.906
373.884
410.558
270.062
387.193
157.966
60.4054
66.5319
43.4691
222.351
132.762
149.244
395.365
269.188
176.953
233.445
403.847
337.018
243.322
279.182
269.194
395.667
201.8
129.771
415.238
85.5975
164.628
324.057
274.264
166.801
205.047
388.359
420.785
226.31
317.993
232.69
203.962
343.541
370.564
179.926
305.165
309.648
191.456
432.078
379.384
352.568
352.277
238.753
396.333
322.042
419.252
310.65
246.278
337.448
425.698
284.32
391.005
407.707
206.264
50.2967
125.743
98.4583
141.476
177.18
400.996
272.046
66.3991
94.6954
306.832
47.6271
248.583
142.495
247.524
354.583
175.403
212.231
168.044
146.105
337.897
292.104
297.392
319.843
258.191
141.853
391.685
347.129
403.448
233.291
285.434
252.184
360.645
354.899
64.2766
249.733
346.661
130.583
109.363
277.517
323.263
282.669
407.705
181.503
317.468
200.673
265.329
343.022
279.916
160.741
187.806
370.923
312.292
129.416
425.2
240.974
340.4
272.55
193.317
402.429
392.099
282.568
315.846
332.426
340.082
429.805
377.456
306.244
357.697
287.063
310.539
120.902
305.849
265.303
280.413
315.34
109.702
249.822
311.001
410.432
354.544
331.506
341.109
270.927
211.362
265.318
434.657
276.238
171.008
389.788
325.146
394.54
252.813
336.114
172.064
397.163
191.072
336.241
321.98
312.575
141.534
266.366
305.538
114.554
356.702
413.073
267.07
235.478
317.116
342.068
66.9533
340.203
127.127
291.83
373.237
163.987
342.135
119.732
241.862
320.505
271.418
71.7165
387.604
186.48
122.92
335.082
419.612
387.627
244.428
51.7587
160.529
423.394
348.087
202.021
136.655
213.752
104.203
231.556
131.548
215.17
106.889
308.413
212.931
250.937
69.5114
69.2235
276.602
375.644
375.451
269.693
278.579
427.813
259.686
373.668
44.899
115.947
50.2216
119.33
283.403
336.786
370.252
244.393
391.833
232.081
371.27
150.146
138.048
222.277
177.011
314.951
212.335
297.739
219.762
390.243
285.391
315.719
429.188
337.682
245.629
171.936
208.767
221.032
418.585
380.952
274.348
82.7527
402.259
322.931
235.887
131.818
218.877
237.485
350.771
315.787
433.221
67.567
402.356
283.031
393.499
116.244
311.77
55.1627
172.045
240.443
197.97
78.8302
360.01
371.625
54.193
336.034
159.142
387.64
118.315
317.87
238.866
263.564
218.295
228.497
118.025
80.3704
213.393
239.271
50.6827
102.407
194.895
144.454
350.237
185.978
221.089
120.44
391.901
236.44
367.735
310.406
424.146
250.267
239.238
288.017
219.371
88.8878
269.442
166.309
420.174
377.421
325.043
179.652
410.584
144.726
358.188
361.588
289.109
401.462
382.389
373.376
124.002
315.952
415.583
308.19
366.326
342.215
403.659
411.302
218.534
354.416
61.3173
142.316
352.11
134.776
331.495
41.9877
62.7793
384.738
421.302
166.271
247.767
352.74
327.942
311.613
267.284
182.676
205.518
292.386
114.976
304.549
251.43
252.985
135
335.63
357.64
279.978
67.9086
148.971
291.318
119.549
374.552
125.286
166.329
159.35
294.918
320.588
353.806
103.979
266.738
381.862
315.43
400.947
337.62
343.332
33.3894
395.175
139.248
127.219
285.47
410.006
95.6591
282.026
424.623
289.241
431.222
312.516
298.877
273.671
385.793
90.446
296.38
251.679
299.407
354.567
317.329
235.313
278.483
382.901
321.196
408.252
124.263
391.923
308.095
150.485
172.478
315.291
243.015
362.684
370.587
291.543
95.7638
423.551
99.6741
284.455
67.2412
193.421
211.108
303.548
418.102
239.315
178.627
371.099
240.062
173.942
384.811
250.737
79.8439
217.937
359.978
277.848
244.56
285.773
368.509
388.616
389.044
162.059
282.824
281.518
177.355
149.734
286.416
324.129
356.063
331.279
321.734
164.393
400.108
383.442
273.171
297.549
354.121
369.078
36.2397
236.744
247.616
273.465
287.853
379.841
420.015
407.942
307.656
126.423
163.439
228.331
319.132
264.216
379.075
80.8216
166.76
429.261
81.1664
348.754
388.372
361.285
235.041
322.362
281.655
95.5462
429.166
403.763
374.956
118.137
272.97
321.143
290.005
240.313
221.936
274.885
356.1
282.141
272.454
215.345
129.299
263.484
258.387
386.506
288.575
237.28
320.288
316.526
158.264
44.0562
65.7367
149.376
103.286
211.185
57.3002
238.871
423.552
326.353
367.393
319.082
273.046
248.736
281.395
300.147
391.184
187.369
158.463
320.529
291.506
304.079
352.143
385.472
140.25
292.811
227.725
313.157
229.302
146.272
370.552
282.978
226.571
253.874
160.641
219.082
171.481
42.7656
379.574
64.2153
387.043
139.59
320.866
323.507
222.617
218.67
77.6904
30.4168
298.556
103.446
69.2202
119.045
184.983
74.4163
108.787
415.863
379.841
44.072
306.645
420.286
359.366
36.7455
299.73
373.645
88.8838
89.0425
317.735
191.791
414.752
329.724
376.503
308.44
292.238
350.192
288.18
52.2585
183.383
186.746
203.075
117.966
299.847
338.485
277.53
356.445
378.754
370.449
341.566
363.556
316.774
221.55
372.29
301.824
327.136
315.702
261.303
84.993
277.575
376.2
287.85
311.505
360.199
349.655
361.224
380.193
182.932
106.341
425.127
320.302
180.288
255.21
314.346
398.951
90.2077
195.499
196.157
380.227
276.759
216.212
71.5806
294.376
314.42
376.991
103.264
336.511
354.788
336.554
267.796
244.197
389.716
170.091
93.3095
147.636
338.724
394.087
247.658
280.499
394.657
115.335
88.7254
407.899
139.871
250.805
340.67
316.009
336.978
236.542
