  -0.00000
   0.25763
   0.35713
   0.59124
   1.31239
   3.16410
   6.46468
  10.21628
  12.62588
  13.92756
  14.50000
  14.14403
  13.61752
  13.23893
  12.84590
  12.36840
  11.86024
  11.38944
  10.94663
  10.51031
  10.09356
   9.61290
   9.13486
   8.74174
   8.33586
   7.88281
   7.45546
   7.05833
   6.66030
   6.26621
   5.87507
   5.50293
   5.15022
   4.79867
   4.43962
   4.09523
   3.77396
   3.46806
   3.16246
   2.85600
   2.55512
   2.27402
   2.00235
   1.73695
   1.47977
   1.22940
   0.98784
   0.75144
   0.52042
   0.29802
   0.08731
  -0.11999
  -0.32082
  -0.51522
  -0.70630
  -0.88715
  -1.06367
  -1.23365
  -1.39789
  -1.55785
  -1.71202
  -1.86374
  -2.00663
  -2.14028
  -2.27007
  -2.39714
  -2.51594
  -2.62744
  -2.74146
  -2.85018
  -2.94813
  -3.04135
  -3.13510
  -3.22342
  -3.30824
  -3.38692
  -3.46153
  -3.53590
  -3.60509
  -3.66802
  -3.72936
  -3.78901
  -3.84474
  -3.89831
  -3.94653
  -3.98849
  -4.02783
  -4.06605
  -4.10196
  -4.13754
  -4.17118
  -4.19744
  -4.21893
  -4.24411
  -4.26926
  -4.29139
  -4.30923
  -4.32245
  -4.33044
  -4.33554
  -4.34050
  -4.34369
  -4.35042
  -4.35838
  -4.35934
  -4.35472
  -4.35347
  -4.34659
  -4.33726
  -4.32844
  -4.31759
  -4.30671
  -4.29373
  -4.28089
  -4.26539
  -4.25214
  -4.23416
  -4.21039
  -4.18724
  -4.16626
  -4.14460
  -4.12152
  -4.10007
  -4.07355
  -4.04724
  -4.02256
  -3.99501
  -3.96485
  -3.93290
  -3.90451
  -3.87344
  -3.84203
  -3.81045
  -3.77413
  -3.73687
  -3.70515
  -3.67211
  -3.63719
  -3.60152
  -3.56269
  -3.52461
  -3.49037
  -3.45427
  -3.41879
  -3.38021
  -3.34125
  -3.29844
  -3.25721
  -3.21881
  -3.18226
  -3.14284
  -3.10340
  -3.06581
  -3.02178
  -2.98211
  -2.94127
  -2.90247
  -2.86387
  -2.82137
  -2.77916
  -2.73772
  -2.69993
  -2.65853
  -2.61675
  -2.57722
  -2.53593
  -2.49483
  -2.45578
  -2.41382
  -2.37161
  -2.33279
  -2.29350
  -2.25304
  -2.21466
  -2.17436
  -2.13295
  -2.09463
  -2.05635
  -2.01762
  -1.97798
  -1.93828
  -1.89632
  -1.85639
  -1.82051
  -1.78196
  -1.74561
  -1.70714
  -1.66505
  -1.62542
  -1.59057
  -1.55439
  -1.51501
  -1.47717
  -1.44325
  -1.40612
  -1.36885
  -1.33401
  -1.29780
  -1.26288
  -1.22828
  -1.19287
  -1.15627
  -1.12384
  -1.08997
  -1.05534
  -1.02563
  -0.99354
  -0.95857
  -0.92595
  -0.89303
  -0.86153
  -0.83186
  -0.80160
  -0.76730
  -0.73348
  -0.70673
  -0.67744
  -0.64534
  -0.61689
  -0.58762
  -0.55934
  -0.53168
  -0.50530
  -0.47775
  -0.45008
  -0.42324
  -0.39511
  -0.36865
  -0.34355
  -0.31476
  -0.28657
  -0.26313
  -0.24038
  -0.21337
  -0.19062
  -0.16786
  -0.14405
  -0.11941
  -0.09378
  -0.07123
  -0.05137
  -0.03055
  -0.00717
   0.01487
   0.03228
   0.05249
   0.07590
   0.09680
   0.11887
   0.13748
   0.15538
   0.17430
   0.19315
   0.21107
   0.22903
   0.24718
   0.26521
   0.28207
   0.30261
   0.32016
   0.33634
   0.35314
   0.36734
   0.37863
   0.39446
   0.41459
   0.43118
   0.44797
   0.46466
   0.47975
   0.49259
   0.50265
   0.51388
   0.52871
   0.54708
   0.56166
   0.57147
   0.58514
   0.59815
   0.60868
   0.62038
   0.63491
   0.64551
   0.65839
   0.66984
   0.67978
   0.69141
   0.70466
   0.71402
   0.72242
   0.73197
   0.74196
   0.75051
   0.76037
   0.76791
   0.77284
   0.77778
   0.78863
   0.79608
   0.80727
   0.81701
   0.82493
   0.83136
   0.83604
   0.84120
   0.84690
   0.85784
   0.86526
   0.86980
   0.87489
   0.88051
   0.88589
   0.89242
   0.89868
   0.90169
   0.90782
   0.91463
   0.91780
   0.92242
   0.92529
   0.92764
   0.92967
   0.93311
   0.93649
   0.94123
   0.94619
   0.94825
   0.94797
   0.95064
   0.95710
   0.96137
   0.96445
   0.96606
   0.96788
   0.96981
   0.97041
   0.97158
   0.97391
   0.97669
   0.97876
   0.97810
   0.98029
   0.98350
   0.98280
   0.98384
   0.98768
   0.98771
   0.98830
   0.99047
   0.99184
   0.99117
   0.99174
   0.98953
   0.98693
   0.98970
   0.99024
   0.98874
   0.99071
   0.99116
   0.98966
   0.98796
   0.98827
   0.98734
   0.98870
   0.98903
   0.98517
   0.98381
   0.98483
   0.98547
   0.98210
   0.98169
   0.98125
   0.97536
   0.97247
   0.96894
   0.96788
   0.96689
   0.96463
   0.96327
   0.96228
   0.96062
   0.95743
   0.95545
   0.95279
   0.94963
   0.94707
   0.94635
   0.94629
   0.94482
   0.94478
   0.94103
   0.93375
   0.93009
   0.92960
   0.92429
   0.92047
   0.91569
   0.91149
   0.90831
   0.90699
   0.90716
   0.90750
   0.90846
   0.90528
   0.89498
   0.88686
   0.88308
   0.87962
   0.87732
   0.87520
   0.87223
   0.86909
   0.86395
   0.85936
   0.85607
   0.85349
   0.84937
   0.84293
   0.84420
   0.84265
   0.83639
   0.83209
   0.82867
   0.82309
   0.82070
   0.82048
   0.81721
   0.81172
   0.80677
   0.80199
   0.79910
   0.79437
   0.78884
   0.78413
   0.78057
   0.77499
   0.77127
   0.76750
   0.76480
   0.75988
   0.75607
   0.75170
   0.74493
   0.74159
   0.74064
   0.73563
   0.73008
   0.72635
   0.72142
   0.71526
   0.71269
   0.71095
   0.70906
   0.70604
   0.70095
   0.69461
   0.68905
   0.68536
   0.67920
   0.67408
   0.67041
   0.66532
   0.66175
   0.65877
   0.65512
   0.65140
   0.64883
   0.64409
   0.63882
   0.63710
   0.63310
   0.62781
   0.62355
   0.62105
   0.61383
   0.60770
   0.60480
   0.60400
   0.60190
   0.59647
   0.58861
   0.58206
   0.57925
   0.57472
   0.56997
   0.57010
   0.56531
   0.55620
   0.55130
   0.54974
   0.54550
   0.54236
   0.53815
   0.53310
   0.52770
   0.52153
   0.51549
   0.50944
   0.50837
   0.50606
   0.50164
   0.49951
   0.49633
   0.49182
   0.49213
   0.49054
   0.48231
   0.47590
   0.47324
   0.46685
   0.46364
   0.46352
   0.46083
   0.45513
   0.45151
   0.44780
   0.44291
   0.44085
   0.43928
   0.43525
   0.43129
   0.42895
   0.42554
   0.41909
   0.41424
   0.41065
   0.40823
   0.40511
   0.40390
   0.39899
   0.39349
   0.38833
   0.38611
   0.38550
   0.38223
   0.37468
   0.37153
   0.37297
   0.37197
   0.36633
   0.36241
   0.35604
   0.35111
   0.34917
   0.34726
   0.34203
   0.34043
   0.33689
   0.33286
   0.33136
   0.33137
   0.32638
   0.32017
   0.31638
   0.31335
   0.31257
   0.31222
   0.30851
   0.30294
   0.29738
   0.29331
   0.29203
   0.29447
   0.29226
   0.29104
   0.28651
   0.28114
   0.27548
   0.27215
   0.27117
   0.26728
   0.26684
   0.26434
   0.26034
   0.26061
   0.25981
   0.25722
   0.25387
   0.24988
   0.24597
   0.24369
   0.24573
   0.24284
   0.23603
   0.23276
   0.23155
   0.22613
   0.22373
   0.22263
   0.22066
   0.21651
   0.21276
   0.20699
   0.20706
   0.20779
   0.20467
   0.19902
   0.19938
   0.19699
   0.19234
   0.19110
   0.19023
   0.18813
   0.18663
   0.18411
   0.18074
   0.17738
   0.17804
   0.17682
   0.17282
   0.17147
   0.16686
   0.16298
   0.16405
   0.16494
   0.16276
   0.16111
   0.15822
   0.15234
   0.15018
   0.14793
   0.14656
   0.14483
   0.14325
   0.13908
   0.13381
   0.13239
   0.13112
   0.13121
   0.12901
   0.12660
   0.12256
   0.12088
   0.12056
   0.11681
   0.11538
   0.11559
   0.11284
   0.11036
   0.11040
   0.10776
   0.10454
   0.10237
   0.10124
   0.09922
   0.09985
   0.09655
   0.09075
   0.08949
   0.09014
   0.08769
   0.08653
   0.08731
   0.08667
   0.08470
   0.08125
   0.07697
   0.07429
   0.07406
   0.07245
   0.07110
   0.07053
   0.07096
   0.06662
   0.06289
   0.06164
   0.05846
   0.05926
   0.05728
   0.05648
   0.05682
   0.05656
   0.05472
   0.05170
   0.05295
   0.05258
   0.04985
   0.04623
   0.04483
   0.04355
   0.04059
   0.03968
   0.03757
   0.03769
   0.03902
   0.03664
   0.03360
   0.03187
   0.02988
   0.02524
   0.02537
   0.02779
   0.02792
   0.02944
   0.02663
   0.02387
   0.02508
   0.02432
   0.02059
   0.01923
   0.02060
   0.01939
   0.02081
   0.02207
   0.02131
   0.01620
   0.01426
   0.01310
   0.01244
   0.01302
   0.01224
   0.00887
   0.00660
   0.00876
   0.00815
   0.00596
   0.00622
   0.00723
   0.00620
   0.00391
   0.00239
   0.00443
   0.00477
   0.00202
  -0.00204
  -0.00091
  -0.00198
  -0.00433
  -0.00531
  -0.00502
  -0.00707
  -0.00785
  -0.00602
  -0.00773
  -0.00785
  -0.00700
  -0.00978
  -0.01378
  -0.01260
  -0.01361
  -0.01560
  -0.01459
  -0.01482
  -0.01734
  -0.01819
  -0.01649
  -0.01600
  -0.01412
  -0.01330
  -0.01421
  -0.01671
  -0.01763
  -0.01654
  -0.01957
  -0.02034
  -0.02155
  -0.02344
  -0.02227
  -0.02248
  -0.02279
  -0.02328
  -0.02201
  -0.02365
  -0.02422
  -0.02357
  -0.02683
  -0.02826
  -0.02675
  -0.02662
  -0.02854
  -0.02552
  -0.02396
  -0.02521
  -0.02647
  -0.02800
  -0.02845
  -0.02694
  -0.02417
  -0.02423
  -0.02405
  -0.02363
  -0.02334
  -0.02289
  -0.02424
  -0.02422
  -0.02327
  -0.02203
  -0.02324
  -0.02696
  -0.02755
  -0.02685
  -0.02799
  -0.03062
  -0.02915
  -0.03001
  -0.02869
  -0.02906
  -0.02877
  -0.02834
  -0.02801
  -0.03241
  -0.03507
  -0.03375
  -0.03422
  -0.03630
  -0.03339
  -0.03093
  -0.03573
  -0.03675
  -0.03577
  -0.03701
  -0.03696
  -0.03656
  -0.03606
  -0.03481
  -0.03321
  -0.03206
  -0.03328
  -0.03292
  -0.03396
  -0.03658
  -0.03715
  -0.03719
  -0.03618
  -0.03466
  -0.03393
  -0.03630
  -0.03602
  -0.03272
  -0.03030
  -0.03205
  -0.03296
  -0.03452
  -0.03553
  -0.03401
  -0.03203
  -0.03282
  -0.03441
  -0.03590
  -0.03699
  -0.03415
  -0.03037
  -0.03057
  -0.03081
  -0.02816
  -0.02647
  -0.02690
  -0.02783
  -0.03145
  -0.03372
  -0.03275
  -0.03114
  -0.02971
  -0.03139
  -0.03215
  -0.03674
  -0.03893
  -0.03780
  -0.03676
  -0.03323
  -0.03090
  -0.03301
  -0.03205
  -0.03173
  -0.03432
  -0.03450
  -0.03012
  -0.02978
  -0.03011
  -0.02901
  -0.02830
  -0.02826
  -0.02734
  -0.02730
  -0.03259
  -0.03437
  -0.03268
  -0.03316
  -0.02931
  -0.02412
  -0.02634
  -0.02949
  -0.02885
  -0.02656
  -0.02769
  -0.02754
  -0.02986
  -0.03272
  -0.02940
  -0.02401
  -0.02555
  -0.02695
  -0.02618
  -0.02618
  -0.02618
  -0.02618
  -0.02618
  -0.02618
  -0.02618
  -0.02618
  -0.02618
  -0.02618
  -0.02618
  -0.02618
  -0.02618
  -0.02618
  -0.02618
  -0.02618
  -0.02618
  -0.02618
  -0.02618
  -0.02618
  -0.02618
  -0.02618
  -0.02618
  -0.02618
  -0.02618
  -0.02618
  -0.02618
  -0.02618
  -0.02618
  -0.02618
  -0.02618
  -0.02618
  -0.02618
  -0.02618
  -0.02618
  -0.02618
  -0.02618
  -0.02618
  -0.02618
  -0.02618
  -0.02618
  -0.02618
  -0.02618
  -0.02618
  -0.02618
  -0.02618
  -0.02618
  -0.02618
  -0.02618
  -0.02618
  -0.02618
  -0.02618
  -0.02618
  -0.02618
  -0.02618
  -0.02618
  -0.02618
  -0.02618
  -0.02618
  -0.02618
  -0.02618
  -0.02618
  -0.02618
  -0.02618
  -0.02618
  -0.02618
  -0.02618
  -0.02618
  -0.02618
  -0.02618
  -0.02618
  -0.02618
  -0.02618
  -0.02618
  -0.02618
  -0.02618
  -0.02618
  -0.02618
  -0.02618
  -0.02618
  -0.02618
  -0.02618
  -0.02618
  -0.02618
  -0.02618
  -0.02618
  -0.02618
  -0.02618
  -0.02618
  -0.02618
  -0.02618
  -0.02618
  -0.02618
  -0.02618
  -0.02618
  -0.02618
  -0.02618
  -0.02618
  -0.02618
  -0.02618
  -0.02618
  -0.02618
  -0.02618
  -0.02618
  -0.02618
  -0.02618
  -0.02618
  -0.02618
  -0.02618
  -0.02618
  -0.02618
  -0.02618
  -0.02618
  -0.02618
  -0.02618
  -0.02618
  -0.02618
  -0.02618
  -0.02618
  -0.02618
  -0.02618
  -0.02618
  -0.02618
  -0.02618
  -0.02618
  -0.02618
  -0.02618
  -0.02618
  -0.02618
  -0.02618
  -0.02618
  -0.02618