  -0.00000
   2.53341
   3.45882
   4.52174
   5.72936
   6.97926
   8.21327
   9.62186
  11.22898
  12.72727
  11.57785
  10.20623
   9.16214
   8.47864
   7.86315
   7.24585
   6.65226
   6.05040
   5.49886
   5.03972
   4.65520
   4.31298
   3.98302
   3.68136
   3.40844
   3.17820
   2.94297
   2.72193
   2.49532
   2.28283
   2.09024
   1.89479
   1.68057
   1.46257
   1.26209
   1.06291
   0.83823
   0.64123
   0.44821
   0.27377
   0.13496
  -0.02247
  -0.17563
  -0.29331
  -0.43446
  -0.56836
  -0.67784
  -0.77649
  -0.86308
  -0.95338
  -1.00874
  -1.09218
  -1.17129
  -1.24693
  -1.31199
  -1.38223
  -1.45258
  -1.49531
  -1.57279
  -1.63154
  -1.67944
  -1.73908
  -1.79312
  -1.82459
  -1.85928
  -1.91296
  -1.95534
  -1.98783
  -2.00973
  -2.01953
  -2.04383
  -2.06910
  -2.10176
  -2.12863
  -2.12904
  -2.13618
  -2.17339
  -2.17640
  -2.18944
  -2.19479
  -2.21755
  -2.20176
  -2.18700
  -2.18947
  -2.19701
  -2.21002
  -2.19585
  -2.18125
  -2.17871
  -2.17686
  -2.16905
  -2.19734
  -2.17175
  -2.14599
  -2.13424
  -2.12996
  -2.09783
  -2.08153
  -2.04346
  -2.02271
  -1.99152
  -1.99875
  -1.99057
  -2.00607
  -1.98558
  -1.97856
  -1.95001
  -1.94505
  -1.92383
  -1.88328
  -1.86106
  -1.87884
  -1.88001
  -1.84628
  -1.81518
  -1.77377
  -1.74788
  -1.69935
  -1.67598
  -1.67630
  -1.67649
  -1.66038
  -1.62999
  -1.63521
  -1.61630
  -1.58951
  -1.53478
  -1.48532
  -1.47726
  -1.46506
  -1.43778
  -1.38091
  -1.36595
  -1.33437
  -1.29514
  -1.24824
  -1.20875
  -1.19294
  -1.17986
  -1.19360
  -1.15564
  -1.11340
  -1.13248
  -1.12437
  -1.10929
  -1.08771
  -1.04758
  -1.00236
  -0.99502
  -0.97886
  -0.95540
  -0.92028
  -0.88800
  -0.86883
  -0.82211
  -0.80281
  -0.79561
  -0.77061
  -0.72269
  -0.69835
  -0.70252
  -0.67626
  -0.64830
  -0.63200
  -0.61082
  -0.59927
  -0.56675
  -0.56437
  -0.53473
  -0.50458
  -0.49548
  -0.45588
  -0.42492
  -0.40766
  -0.39320
  -0.37280
  -0.37141
  -0.35471
  -0.32712
  -0.33127
  -0.30927
  -0.29383
  -0.30084
  -0.28336
  -0.26318
  -0.22717
  -0.20242
  -0.20503
  -0.20402
  -0.21468
  -0.21506
  -0.19443
  -0.16502
  -0.14187
  -0.11158
  -0.08980
  -0.09687
  -0.09099
  -0.08411
  -0.07130
  -0.06692
  -0.07669
  -0.02806
  -0.01018
   0.00845
   0.02082
   0.03426
   0.04124
   0.05069
   0.07306
   0.09039
   0.10526
   0.13230
   0.13833
   0.13951
   0.15613
   0.17936
   0.18269
   0.19428
   0.19080
   0.19912
   0.16681
   0.17166
   0.17771
   0.17692
   0.20117
   0.23346
   0.27413
   0.29538
   0.30728
   0.30244
   0.29523
   0.30418
   0.33495
   0.33331
   0.31668
   0.32527
   0.36198
   0.39161
   0.40739
   0.44229
   0.42085
   0.41518
   0.40161
   0.37803
   0.37306
   0.39175
   0.40211
   0.41782
   0.40584
   0.41432
   0.42703
   0.43849
   0.43195
   0.43796
   0.43536
   0.42586
   0.44603
   0.49118
   0.49728
   0.49750
   0.48972
   0.49414
   0.52653
   0.55224
   0.55395
   0.54933
   0.53988
   0.52841
   0.51451
   0.51521
   0.51385
   0.52313
   0.54251
   0.54768
   0.52855
   0.53727
   0.56575
   0.58438
   0.57787
   0.55531
   0.54500
   0.57681
   0.57283
   0.54069
   0.56245
   0.59031
   0.60202
   0.59071
   0.56757
   0.54915
   0.52526
   0.54367
   0.52502
   0.53256
   0.57586
   0.59811
   0.60756
   0.60858
   0.58680
   0.59609
   0.61279
   0.64449
   0.64505
   0.62054
   0.60792
   0.56083
   0.57449
   0.58968
   0.59961
   0.57466
   0.56762
   0.59141
   0.62443
   0.62092
   0.61976
   0.59592
   0.58925
   0.59749
   0.61701
   0.61242
   0.62301
   0.60415
   0.59824
   0.59235
   0.60417
   0.58618
   0.57036
   0.57719
   0.58909
   0.63663
   0.62687
   0.60880
   0.57687
   0.58134
   0.58277
   0.57988
   0.57778
   0.57185
   0.58531
   0.60065
   0.60168
   0.61055
   0.60924
   0.59110
   0.58761
   0.59905
   0.57419
   0.56829
   0.56060
   0.55491
   0.55452
   0.56034
   0.56605
   0.58020
   0.60845
   0.60553
   0.60981
   0.58906
   0.58517
   0.59547
   0.59827
   0.59516
   0.57503
   0.57397
   0.58458
   0.57760
   0.57816
   0.58645
   0.59804
   0.56268
   0.57118
   0.58488
   0.57990
   0.60312
   0.58306
   0.61145
   0.61731
   0.63295
   0.61474
   0.59799
   0.57104
   0.54715
   0.53420
   0.52317
   0.51741
   0.52606
   0.53017
   0.50222
   0.49072
   0.49356
   0.51470
   0.49603
   0.48335
   0.50633
   0.53042
   0.54481
   0.52758
   0.49452
   0.50450
   0.50948
   0.49427
   0.49501
   0.52098
   0.49210
   0.49179
   0.47926
   0.47284
   0.44577
   0.46197
   0.45923
   0.49340
   0.49834
   0.48918
   0.51041
   0.52587
   0.52000
   0.47885
   0.46151
   0.46601
   0.47157
   0.46951
   0.44762
   0.43473
   0.44264
   0.45268
   0.43594
   0.40185
   0.40072
   0.43079
   0.41324
   0.41194
   0.40323
   0.41206
   0.45523
   0.44726
   0.43030
   0.42406
   0.43160
   0.41698
   0.42128
   0.40506
   0.39700
   0.40530
   0.40929
   0.43166
   0.45466
   0.46391
   0.43897
   0.42914
   0.42946
   0.45047
   0.42708
   0.40599
   0.39704
   0.37610
   0.36084
   0.35009
   0.37860
   0.39275
   0.39105
   0.37440
   0.35145
   0.33807
   0.33521
   0.35289
   0.39193
   0.39693
   0.39908
   0.38008
   0.34628
   0.30682
   0.31825
   0.31625
   0.30424
   0.30096
   0.32408
   0.33042
   0.33058
   0.35792
   0.39067
   0.39428
   0.34653
   0.33570
   0.32212
   0.32105
   0.33668
   0.33215
   0.32426
   0.32229
   0.32004
   0.31165
   0.32438
   0.30660
   0.28406
   0.28102
   0.28444
   0.28327
   0.29895
   0.32399
   0.35528
   0.37288
   0.37048
   0.35582
   0.32261
   0.33873
   0.32279
   0.30541
   0.30188
   0.30582
   0.33688
   0.32085
   0.28070
   0.27208
   0.24946
   0.24806
   0.28783
   0.33590
   0.33255
   0.31144
   0.31947
   0.31452
   0.30273
   0.32588
   0.31987
   0.29764
   0.26825
   0.29085
   0.29695
   0.30514
   0.29880
   0.29716
   0.28000
   0.27549
   0.28991
   0.28711
   0.26978
   0.25436
   0.24661
   0.25678
   0.24483
   0.23443
   0.25694
   0.26831
   0.27014
   0.27485
   0.30514
   0.30409
   0.28343
   0.29548
   0.28291
   0.25487
   0.22099
   0.22174
   0.24399
   0.24627
   0.24379
   0.24648
   0.26583
   0.27404
   0.28083
   0.24707
   0.22827
   0.22691
   0.24807
   0.25673
   0.26049
   0.24886
   0.22277
   0.20270
   0.21486
   0.21603
   0.21202
   0.20084
   0.21017
   0.23477
   0.22573
   0.21818
   0.20620
   0.18747
   0.18642
   0.20192
   0.19365
   0.20675
   0.20874
   0.22477
   0.21889
   0.22764
   0.22802
   0.25094
   0.26517
   0.27277
   0.27547
   0.28955
   0.26173
   0.24675
   0.23162
   0.20312
   0.17751
   0.16735
   0.16281
   0.16552
   0.18725
   0.19067
   0.19380
   0.19537
   0.20160
   0.21898
   0.20106
   0.20881
   0.20675
   0.22085
   0.22245
   0.21391
   0.23028
   0.23049
   0.22480
   0.21430
   0.24014
   0.25445
   0.23470
   0.19953
   0.20538
   0.22836
   0.20632
   0.21622
   0.23435
   0.22892
   0.21034
   0.20129
   0.18071
   0.16574
   0.19360
   0.20148
   0.20366
   0.18876
   0.14799
   0.15072
   0.18059
   0.20038
   0.18796
   0.19544
   0.17033
   0.16164
   0.16220
   0.17866
   0.17126
   0.18055
   0.17291
   0.17228
   0.16474
   0.16362
   0.14491
   0.16136
   0.17208
   0.19451
   0.17791
   0.18720
   0.18189
   0.17601
   0.19959
   0.18123
   0.18388
   0.19818
   0.19085
   0.19481
   0.17423
   0.15194
   0.15150
   0.13969
   0.14824
   0.17061
   0.18860
   0.16613
   0.16558
   0.14576
   0.14805
   0.15550
   0.17097
   0.17930
   0.17135
   0.17453
   0.17957
   0.19546
   0.20077
   0.20928
   0.21649
   0.20619
   0.20377
   0.20164
   0.20311
   0.18950
   0.18285
   0.18657
   0.19743
   0.20811
   0.19563
   0.15893
   0.14685
   0.14781
   0.18527
   0.20767
   0.17762
   0.13800
   0.11837
   0.13765
   0.17350
   0.15171
   0.14112
   0.15682
   0.17806
   0.18479
   0.15803
   0.14925
   0.15426
   0.14173
   0.15475
   0.15156
   0.14985
   0.15226
   0.14253
   0.10850
   0.12378
   0.11904
   0.10955
   0.10095
   0.11802
   0.13632
   0.14485
   0.13347
   0.12104
   0.11620
   0.11028
   0.14891
   0.16753
   0.14608
   0.13250
   0.13545
   0.12675
   0.13509
   0.12474
   0.12857
   0.12612
   0.09756
   0.08984
   0.10491
   0.09690
   0.09727
   0.11626
   0.10241
   0.09480
   0.09877
   0.08265
   0.08748
   0.09040
   0.12975
   0.13181
   0.14222
   0.12397
   0.11507
   0.11143
   0.08849
   0.11663
   0.12874
   0.11533
   0.13188
   0.15774
   0.15941
   0.12985
   0.11592
   0.11390
   0.10624
   0.09342
   0.07429
   0.05938
   0.04893
   0.07530
   0.07135
   0.11075
   0.07783
   0.06217
   0.05437
   0.07457
   0.08943
   0.08458
   0.11651
   0.13441
   0.13267
   0.11566
   0.10814
   0.10052
   0.12000
   0.09694
   0.09060
   0.06405
   0.05199
   0.05380
   0.06049
   0.03696
   0.03663
   0.04729
   0.08136
   0.07663
   0.05586
   0.07739
   0.07187
   0.03627
   0.02783
   0.00685
   0.01141
   0.02085
   0.01496
   0.02657
   0.03751
   0.05385
   0.07457
   0.08217
   0.07573
   0.07346
   0.09301
   0.08699
   0.07387
   0.05160
   0.05960
   0.07354
   0.08478
   0.06048
   0.02509
   0.03799
   0.04016
   0.04886
   0.07652
   0.09622
   0.06802
   0.05799
   0.05705
   0.04658
   0.05615
   0.08370
   0.06783
   0.05190
   0.04107
   0.04509
   0.07347
   0.07491
   0.07824
   0.05731
   0.06259
   0.07237
   0.04890
   0.03197
   0.05970
   0.07326
   0.07535
   0.06995
   0.07787
   0.12613
   0.13206
   0.13934
   0.11260
   0.08546
   0.07081
   0.09225
   0.08943
   0.10413
   0.07077
   0.03457
   0.04144
   0.07465
   0.09903
   0.08960
   0.08091
   0.10013
   0.10713
   0.12112
   0.13837
   0.16479
   0.16666
   0.14543
   0.13091
   0.11475
   0.09548
   0.10457
   0.08735
   0.08364
   0.11160
   0.12413
   0.11620
   0.11317
   0.11276
   0.09864
   0.09264
   0.07752
   0.07752
   0.07752
   0.07752
   0.07752
   0.07752
   0.07752
   0.07752
   0.07752
   0.07752
   0.07752
   0.07752
   0.07752
   0.07752
   0.07752
   0.07752
   0.07752
   0.07752
   0.07752
   0.07752
   0.07752
   0.07752
   0.07752
   0.07752
   0.07752
   0.07752
   0.07752
   0.07752
   0.07752
   0.07752
   0.07752
   0.07752
   0.07752
   0.07752
   0.07752
   0.07752
   0.07752
   0.07752
   0.07752
   0.07752
   0.07752
   0.07752
   0.07752
   0.07752
   0.07752
   0.07752
   0.07752
   0.07752
   0.07752
   0.07752
   0.07752
   0.07752
   0.07752
   0.07752
   0.07752
   0.07752
   0.07752
   0.07752
   0.07752
   0.07752
   0.07752
   0.07752
   0.07752
   0.07752
   0.07752
   0.07752
   0.07752
   0.07752
   0.07752
   0.07752
   0.07752
   0.07752
   0.07752
   0.07752
   0.07752
   0.07752
   0.07752
   0.07752
   0.07752
   0.07752
   0.07752
   0.07752
   0.07752
   0.07752
   0.07752
   0.07752
   0.07752
   0.07752
   0.07752
   0.07752
   0.07752
   0.07752
   0.07752
   0.07752
   0.07752
   0.07752
   0.07752
   0.07752
   0.07752
   0.07752
   0.07752
   0.07752
   0.07752
   0.07752
   0.07752
   0.07752
   0.07752
   0.07752
   0.07752
   0.07752
   0.07752
   0.07752
   0.07752
   0.07752
   0.07752
   0.07752
   0.07752
   0.07752
   0.07752
   0.07752
   0.07752
   0.07752
   0.07752
   0.07752
   0.07752
   0.07752
   0.07752
   0.07752
   0.07752
   0.07752
   0.07752
   0.07752