  -0.00000
   0.23179
   0.32685
   0.56875
   1.23772
   2.68581
   5.20672
   8.16333
  10.24153
  11.80863
  12.50000
  12.03954
  11.47749
  11.20739
  10.88506
  10.37171
   9.86149
   9.49064
   9.12701
   8.71010
   8.35837
   7.96607
   7.52920
   7.22366
   6.92644
   6.51195
   6.10436
   5.76940
   5.46690
   5.13378
   4.77702
   4.46527
   4.18247
   3.88313
   3.58401
   3.28889
   3.00623
   2.75477
   2.50167
   2.23029
   1.97491
   1.74624
   1.52459
   1.29543
   1.06938
   0.86502
   0.66781
   0.46771
   0.27374
   0.08658
  -0.09520
  -0.26533
  -0.43438
  -0.60472
  -0.75832
  -0.90577
  -1.05716
  -1.20340
  -1.34097
  -1.47247
  -1.59896
  -1.72260
  -1.83779
  -1.94811
  -2.05680
  -2.16046
  -2.26180
  -2.35812
  -2.44622
  -2.53131
  -2.61582
  -2.69649
  -2.77486
  -2.84864
  -2.91436
  -2.98074
  -3.04468
  -3.09928
  -3.15023
  -3.20030
  -3.25162
  -3.30027
  -3.34418
  -3.38340
  -3.42228
  -3.45878
  -3.49055
  -3.51843
  -3.54352
  -3.57076
  -3.59592
  -3.61755
  -3.63604
  -3.65439
  -3.66890
  -3.68111
  -3.69163
  -3.69812
  -3.70384
  -3.70815
  -3.71134
  -3.71355
  -3.71195
  -3.71069
  -3.70737
  -3.70221
  -3.69507
  -3.68791
  -3.67763
  -3.66899
  -3.65927
  -3.64738
  -3.63469
  -3.62148
  -3.60719
  -3.59033
  -3.57021
  -3.55416
  -3.53770
  -3.51815
  -3.49532
  -3.47096
  -3.44568
  -3.42066
  -3.39571
  -3.36983
  -3.34367
  -3.31732
  -3.29227
  -3.26602
  -3.23734
  -3.20696
  -3.17559
  -3.14374
  -3.11073
  -3.08172
  -3.05113
  -3.01945
  -2.98835
  -2.95599
  -2.92300
  -2.88863
  -2.85388
  -2.81928
  -2.78715
  -2.75637
  -2.72232
  -2.68793
  -2.65151
  -2.61504
  -2.57758
  -2.54366
  -2.50960
  -2.47433
  -2.43795
  -2.40318
  -2.36660
  -2.32973
  -2.29277
  -2.25704
  -2.21944
  -2.18343
  -2.14686
  -2.11058
  -2.07459
  -2.03795
  -2.00287
  -1.96860
  -1.93453
  -1.89734
  -1.86227
  -1.82760
  -1.79019
  -1.75541
  -1.72250
  -1.68658
  -1.65067
  -1.61778
  -1.58393
  -1.55082
  -1.51598
  -1.48043
  -1.44414
  -1.41209
  -1.37927
  -1.34806
  -1.31602
  -1.28385
  -1.25207
  -1.22067
  -1.18995
  -1.15726
  -1.12224
  -1.08984
  -1.05962
  -1.03088
  -1.00328
  -0.97229
  -0.94276
  -0.91234
  -0.88257
  -0.85365
  -0.82438
  -0.79573
  -0.76646
  -0.73837
  -0.71170
  -0.68213
  -0.65443
  -0.62669
  -0.60247
  -0.57860
  -0.55407
  -0.52820
  -0.50242
  -0.47695
  -0.45144
  -0.42510
  -0.40085
  -0.37854
  -0.35587
  -0.33270
  -0.30792
  -0.28364
  -0.26156
  -0.24012
  -0.21863
  -0.19666
  -0.17625
  -0.15554
  -0.13395
  -0.11364
  -0.09235
  -0.07377
  -0.05449
  -0.03210
  -0.01171
   0.00709
   0.02482
   0.04307
   0.06198
   0.08025
   0.09853
   0.11745
   0.13544
   0.15200
   0.16838
   0.18608
   0.20271
   0.21742
   0.23090
   0.24494
   0.26140
   0.27909
   0.29378
   0.30929
   0.32412
   0.33754
   0.34985
   0.36394
   0.37789
   0.38996
   0.40326
   0.41492
   0.42703
   0.43958
   0.45279
   0.46587
   0.47701
   0.48767
   0.49936
   0.51055
   0.52093
   0.52975
   0.53855
   0.55028
   0.56328
   0.57338
   0.58195
   0.58975
   0.59930
   0.60677
   0.61393
   0.62707
   0.63762
   0.64282
   0.64768
   0.65575
   0.66684
   0.67471
   0.67863
   0.68558
   0.69399
   0.70359
   0.70985
   0.71637
   0.72268
   0.72694
   0.73102
   0.73559
   0.73975
   0.74260
   0.74646
   0.75282
   0.75911
   0.76212
   0.76770
   0.77264
   0.77800
   0.78315
   0.78647
   0.79069
   0.79474
   0.79830
   0.80218
   0.80662
   0.80974
   0.81264
   0.81345
   0.81536
   0.81809
   0.82092
   0.82428
   0.82820
   0.83025
   0.82840
   0.83033
   0.83356
   0.83587
   0.83706
   0.83555
   0.83701
   0.83897
   0.83998
   0.83938
   0.84157
   0.84364
   0.84407
   0.84626
   0.84866
   0.84969
   0.84719
   0.84488
   0.84426
   0.84403
   0.84533
   0.84632
   0.84540
   0.84542
   0.84468
   0.84239
   0.84255
   0.84391
   0.84142
   0.83695
   0.83585
   0.83578
   0.83264
   0.83075
   0.83025
   0.83013
   0.82988
   0.82991
   0.82966
   0.82776
   0.82677
   0.82488
   0.82194
   0.82041
   0.81638
   0.81405
   0.81436
   0.81339
   0.80972
   0.80563
   0.80117
   0.79978
   0.80098
   0.79978
   0.79716
   0.79395
   0.79144
   0.78839
   0.78364
   0.78052
   0.77940
   0.77634
   0.77321
   0.77101
   0.76861
   0.76671
   0.76462
   0.76149
   0.75722
   0.75213
   0.74959
   0.74774
   0.74524
   0.74341
   0.74075
   0.73779
   0.73294
   0.72851
   0.72511
   0.72204
   0.71883
   0.71602
   0.71448
   0.71235
   0.70619
   0.69934
   0.69515
   0.69154
   0.68732
   0.68312
   0.67982
   0.67790
   0.67556
   0.67131
   0.66977
   0.66671
   0.66319
   0.65793
   0.65508
   0.65297
   0.64964
   0.64464
   0.64011
   0.63594
   0.63409
   0.63229
   0.62866
   0.62348
   0.61844
   0.61404
   0.60941
   0.60630
   0.60190
   0.59732
   0.59365
   0.59048
   0.58895
   0.58630
   0.58390
   0.57969
   0.57341
   0.56823
   0.56459
   0.56084
   0.55669
   0.55417
   0.55021
   0.54657
   0.54169
   0.53760
   0.53501
   0.53372
   0.52991
   0.52559
   0.52132
   0.51774
   0.51385
   0.50674
   0.50163
   0.49995
   0.49753
   0.49469
   0.49219
   0.49036
   0.48537
   0.48063
   0.47662
   0.47318
   0.46886
   0.46588
   0.46304
   0.45919
   0.45593
   0.45052
   0.44644
   0.44286
   0.43927
   0.43382
   0.43029
   0.42714
   0.42390
   0.42105
   0.41543
   0.41323
   0.41086
   0.40885
   0.40596
   0.40098
   0.39562
   0.39205
   0.39012
   0.38873
   0.38657
   0.38236
   0.37970
   0.37634
   0.37295
   0.36905
   0.36669
   0.36347
   0.36212
   0.35997
   0.35663
   0.35357
   0.34975
   0.34710
   0.34585
   0.34194
   0.33806
   0.33355
   0.32925
   0.32634
   0.32358
   0.32333
   0.32151
   0.31804
   0.31095
   0.30721
   0.30546
   0.30173
   0.29644
   0.29427
   0.29322
   0.28937
   0.28572
   0.28158
   0.28021
   0.27656
   0.27152
   0.26896
   0.26600
   0.26443
   0.26290
   0.26064
   0.25618
   0.25290
   0.24980
   0.24767
   0.24417
   0.24257
   0.24102
   0.23873
   0.23767
   0.23567
   0.23302
   0.23015
   0.22860
   0.22741
   0.22403
   0.21999
   0.21622
   0.21359
   0.21223
   0.20985
   0.20646
   0.20257
   0.20092
   0.19893
   0.19739
   0.19601
   0.19340
   0.18973
   0.18737
   0.18370
   0.17991
   0.17612
   0.17470
   0.17457
   0.17441
   0.17180
   0.16906
   0.16648
   0.16593
   0.16379
   0.16285
   0.15967
   0.15679
   0.15602
   0.15373
   0.15075
   0.14862
   0.14818
   0.14590
   0.14310
   0.14080
   0.13868
   0.13739
   0.13426
   0.13257
   0.13041
   0.12904
   0.12708
   0.12420
   0.12275
   0.11967
   0.11772
   0.11515
   0.11325
   0.11331
   0.11235
   0.10922
   0.10607
   0.10523
   0.10421
   0.10230
   0.09877
   0.09673
   0.09425
   0.09173
   0.09127
   0.09171
   0.09149
   0.09141
   0.08835
   0.08392
   0.08137
   0.07970
   0.07933
   0.07691
   0.07497
   0.07304
   0.07115
   0.06967
   0.07039
   0.07216
   0.07232
   0.07019
   0.06858
   0.06399
   0.05934
   0.05990
   0.06203
   0.06068
   0.05823
   0.05656
   0.05328
   0.05010
   0.04957
   0.05031
   0.05136
   0.05199
   0.04898
   0.04560
   0.04060
   0.03829
   0.03808
   0.03727
   0.03650
   0.03479
   0.03686
   0.03641
   0.03445
   0.03182
   0.02974
   0.03037
   0.02900
   0.02548
   0.02552
   0.02564
   0.02682
   0.02552
   0.02266
   0.01962
   0.01858
   0.01837
   0.01483
   0.01316
   0.01321
   0.01217
   0.00860
   0.00888
   0.01062
   0.00981
   0.00975
   0.00785
   0.00616
   0.00457
   0.00195
   0.00093
   0.00044
  -0.00093
  -0.00207
  -0.00144
  -0.00173
  -0.00383
  -0.00477
  -0.00367
  -0.00021
   0.00069
  -0.00145
  -0.00287
  -0.00426
  -0.00490
  -0.00422
  -0.00575
  -0.00692
  -0.00861
  -0.01017
  -0.01085
  -0.01202
  -0.01275
  -0.01154
  -0.01124
  -0.01290
  -0.01289
  -0.01334
  -0.01260
  -0.01580
  -0.01789
  -0.01879
  -0.01917
  -0.01929
  -0.01767
  -0.01644
  -0.01716
  -0.01779
  -0.01869
  -0.02171
  -0.02414
  -0.02564
  -0.02533
  -0.02347
  -0.02282
  -0.02226
  -0.02192
  -0.02334
  -0.02593
  -0.02748
  -0.02723
  -0.02953
  -0.02981
  -0.03002
  -0.02894
  -0.02956
  -0.03075
  -0.03177
  -0.03355
  -0.03359
  -0.03471
  -0.03729
  -0.03833
  -0.03985
  -0.03923
  -0.03672
  -0.03605
  -0.03664
  -0.03736
  -0.03668
  -0.03853
  -0.03960
  -0.03939
  -0.03908
  -0.04092
  -0.04186
  -0.04040
  -0.03833
  -0.03893
  -0.03962
  -0.04054
  -0.04158
  -0.04057
  -0.04075
  -0.04121
  -0.04069
  -0.03937
  -0.04156
  -0.04451
  -0.04442
  -0.04422
  -0.04263
  -0.04247
  -0.03967
  -0.03931
  -0.03809
  -0.03952
  -0.03940
  -0.04036
  -0.03972
  -0.03890
  -0.03977
  -0.03813
  -0.03815
  -0.03814
  -0.03910
  -0.04047
  -0.04252
  -0.04192
  -0.03833
  -0.03787
  -0.03776
  -0.03690
  -0.03603
  -0.03626
  -0.03927
  -0.04221
  -0.04168
  -0.04181
  -0.04164
  -0.03995
  -0.03920
  -0.03811
  -0.03890
  -0.03938
  -0.03840
  -0.03939
  -0.04214
  -0.04359
  -0.04189
  -0.04002
  -0.03987
  -0.03947
  -0.03921
  -0.03877
  -0.03730
  -0.03690
  -0.03691
  -0.03736
  -0.03690
  -0.03588
  -0.03594
  -0.03517
  -0.03577
  -0.03772
  -0.03726
  -0.03728
  -0.03741
  -0.03683
  -0.03711
  -0.04050
  -0.04107
  -0.04089
  -0.04138
  -0.03920
  -0.03668
  -0.03478
  -0.03315
  -0.03464
  -0.03631
  -0.03499
  -0.03442
  -0.03466
  -0.03512
  -0.03281
  -0.02972
  -0.03039
  -0.03311
  -0.03354
  -0.03255
  -0.03407
  -0.03483
  -0.03538
  -0.03530
  -0.03516
  -0.03600
  -0.03367
  -0.03053
  -0.02993
  -0.03188
  -0.03296
  -0.03268
  -0.03291
  -0.03315
  -0.03147
  -0.02949
  -0.02876
  -0.02897
  -0.02859
  -0.02761
  -0.02764
  -0.02756
  -0.02928
  -0.03067
  -0.03167
  -0.02957
  -0.02698
  -0.02408
  -0.02209
  -0.02466
  -0.02611
  -0.02572
  -0.02628
  -0.02748
  -0.02827
  -0.02798
  -0.02802
  -0.02767
  -0.02633
  -0.02498
  -0.02498
  -0.02498
  -0.02498
  -0.02498
  -0.02498
  -0.02498
  -0.02498
  -0.02498
  -0.02498
  -0.02498
  -0.02498
  -0.02498
  -0.02498
  -0.02498
  -0.02498
  -0.02498
  -0.02498
  -0.02498
  -0.02498
  -0.02498
  -0.02498
  -0.02498
  -0.02498
  -0.02498
  -0.02498
  -0.02498
  -0.02498
  -0.02498
  -0.02498
  -0.02498
  -0.02498
  -0.02498
  -0.02498
  -0.02498
  -0.02498
  -0.02498
  -0.02498
  -0.02498
  -0.02498
  -0.02498
  -0.02498
  -0.02498
  -0.02498
  -0.02498
  -0.02498
  -0.02498
  -0.02498
  -0.02498
  -0.02498
  -0.02498
  -0.02498
  -0.02498
  -0.02498
  -0.02498
  -0.02498
  -0.02498
  -0.02498
  -0.02498
  -0.02498
  -0.02498
  -0.02498
  -0.02498
  -0.02498
  -0.02498
  -0.02498
  -0.02498
  -0.02498
  -0.02498
  -0.02498
  -0.02498
  -0.02498
  -0.02498
  -0.02498
  -0.02498
  -0.02498
  -0.02498
  -0.02498
  -0.02498
  -0.02498
  -0.02498
  -0.02498
  -0.02498
  -0.02498
  -0.02498
  -0.02498
  -0.02498
  -0.02498
  -0.02498
  -0.02498
  -0.02498
  -0.02498
  -0.02498
  -0.02498
  -0.02498
  -0.02498
  -0.02498
  -0.02498
  -0.02498
  -0.02498
  -0.02498
  -0.02498
  -0.02498
  -0.02498
  -0.02498
  -0.02498
  -0.02498
  -0.02498
  -0.02498
  -0.02498
  -0.02498
  -0.02498
  -0.02498
  -0.02498
  -0.02498
  -0.02498
  -0.02498
  -0.02498
  -0.02498
  -0.02498
  -0.02498
  -0.02498
  -0.02498
  -0.02498
  -0.02498
  -0.02498
  -0.02498
  -0.02498
  -0.02498
  -0.02498
  -0.02498
  -0.02498