0.0
0.105106
0.657607
2.27918
4.97331
8.15124
11.0776
13.3426
14.7787
15.4387
15.5448
15.311
14.883
14.252
13.4158
12.4428
11.4437
10.458
9.53414
8.6546
7.81379
7.05985
6.36814
5.77399
5.24029
4.73296
4.25692
3.81325
3.38596
2.95791
2.55556
2.18737
1.83917
1.51588
1.18437
0.887279
0.596762
0.308317
0.0473515
-0.208256
-0.46978
-0.694718
-0.916205
-1.14341
-1.34304
-1.52521
-1.7137
-1.91368
-2.08642
-2.2352
-2.36948
-2.50116
-2.64211
-2.76771
-2.8871
-2.99466
-3.13088
-3.22397
-3.3185
-3.41064
-3.47428
-3.55689
-3.61214
-3.67417
-3.72562
-3.77929
-3.8359
-3.87988
-3.92682
-3.99424
-4.00266
-4.01308
-4.02984
-4.02547
-4.04651
-4.05453
-4.05587
-4.07343
-4.08621
-4.08365
-4.09019
-4.09354
-4.07208
-4.05791
-4.05249
-4.07211
-4.03724
-4.01294
-4.03941
-4.01278
-3.95338
-3.91883
-3.89937
-3.87373
-3.85099
-3.84671
-3.84208
-3.8168
-3.78225
-3.72325
-3.69537
-3.68265
-3.64179
-3.60268
-3.60988
-3.56445
-3.50577
-3.45864
-3.38352
-3.33619
-3.30542
-3.28609
-3.26969
-3.25092
-3.21782
-3.15474
-3.10997
-3.07894
-3.02595
-2.98269
-2.95731
-2.91754
-2.86403
-2.80926
-2.75696
-2.72419
-2.68432
-2.67331
-2.6383
-2.57335
-2.51079
-2.46937
-2.43377
-2.41566
-2.34759
-2.3086
-2.27787
-2.22984
-2.20331
-2.16232
-2.11726
-2.06473
-2.0052
-1.98347
-1.94133
-1.90277
-1.85573
-1.82043
-1.78585
-1.77086
-1.72438
-1.68424
-1.67247
-1.64085
-1.61367
-1.59661
-1.54914
-1.48248
-1.42732
-1.41733
-1.39067
-1.33038
-1.27631
-1.23654
-1.1938
-1.17418
-1.12829
-1.09263
-1.07859
-1.0543
-1.02192
-1.00479
-0.9782
-0.931293
-0.897764
-0.883136
-0.863348
-0.833402
-0.808781
-0.747575
-0.707932
-0.699123
-0.66372
-0.631704
-0.63532
-0.6154
-0.583186
-0.558236
-0.53687
-0.514057
-0.488779
-0.458932
-0.442792
-0.407784
-0.394011
-0.354632
-0.311998
-0.295529
-0.289448
-0.269692
-0.26131
-0.239582
-0.229852
-0.215783
-0.210458
-0.17946
-0.133802
-0.099386
-0.105763
-0.0873222
-0.0679281
-0.0554699
-0.0377852
-0.0229602
0.0376545
0.0654965
0.0650034
0.0807816
0.0935357
0.088079
0.0855808
0.0989266
0.123284
0.135052
0.171375
0.213384
0.22673
0.233436
0.237841
0.221142
0.255756
0.299014
0.301151
0.31213
0.306147
0.321137
0.338953
0.339084
0.332313
0.342437
0.355881
0.360089
0.377807
0.399765
0.410546
0.430466
0.451997
0.459558
0.427245
0.442399
0.473133
0.482535
0.491147
0.493382
0.510179
0.506399
0.522605
0.541637
0.545549
0.557185
0.564877
0.551696
0.57464
0.582562
0.557218
0.568197
0.566126
0.554556
0.571419
0.56445
0.56583
0.556133
0.571846
0.563398
0.578453
0.615893
0.645971
0.629798
0.623125
0.613001
0.616682
0.656522
0.653137
0.649586
0.65718
0.662275
0.646694
0.638443
0.639364
0.653071
0.646727
0.652939
0.671939
0.667436
0.68397
0.692056
0.679631
0.677626
0.691169
0.683148
0.704153
0.707276
0.700143
0.678875
0.660105
0.641599
0.637391
0.652019
0.637819
0.626018
0.637194
0.634006
0.620791
0.652841
0.692188
0.685909
0.682392
0.666252
0.682688
0.688736
0.680157
0.700734
0.696987
0.661716
0.652939
0.657213
0.718813
0.718156
0.672695
0.671479
0.673451
0.677987
0.678809
0.682425
0.670164
0.656752
0.643374
0.647713
0.640087
0.657114
0.674207
0.650934
0.66714
0.654024
0.62513
0.653465
0.671314
0.659579
0.637391
0.645609
0.656062
0.61688
0.625459
0.648042
0.634006
0.634466
0.646957
0.617504
0.636767
0.666318
0.649291
0.653038
0.633085
0.618819
0.632986
0.637753
0.622435
0.60853
0.62112
0.604323
0.572832
0.566291
0.587328
0.589103
0.611456
0.596499
0.550217
0.543544
0.552518
0.52553
0.51889
0.524511
0.542853
0.537068
0.559256
0.586967
0.588051
0.577401
0.589695
0.556364
0.567014
0.555805
0.510212
0.501764
0.501403
0.507188
0.513105
0.5253
0.514091
0.520994
0.513828
0.502422
0.501304
0.539238
0.536772
0.46932
0.473396
0.499102
0.481253
0.482272
0.484244
0.481384
0.473857
0.465704
0.473396
0.482666
0.479379
0.470504
0.447231
0.437205
0.438421
0.422084
0.430039
0.43428
0.424813
0.446738
0.444009
0.43806
0.44802
0.437895
0.420112
0.419783
0.419257
0.412223
0.389279
0.390298
0.384447
0.361108
0.359366
0.377149
0.36926
0.394407
0.39822
0.387635
0.382672
0.370674
0.366006
0.352233
0.345889
0.367288
0.359432
0.355388
0.340629
0.308613
0.350293
0.354862
0.304471
0.28981
0.310651
0.34224
0.344245
0.350622
0.350096
0.338262
0.334745
0.33159
0.317291
0.328927
0.327875
0.285044
0.28225
0.278042
0.260029
0.276859
0.290303
0.289416
0.289021
0.290731
0.280508
0.2289
0.224331
0.251022
0.269266
0.272651
0.285833
0.293426
0.304438
0.28889
0.252929
0.252468
0.251318
0.246749
0.230182
0.241226
0.25661
0.227782
0.20681
0.208684
0.208421
0.20543
0.200236
0.195733
0.214995
0.206975
0.171967
0.169403
0.189881
0.167233
0.143599
0.148431
0.173051
0.170257
0.171901
0.181992
0.181598
0.192971
0.200992
0.190802
0.217395
0.222588
0.190079
0.198329
0.207402
0.192511
0.178376
0.151751
0.129431
0.131042
0.140016
0.136926
0.130319
0.127163
0.121049
0.10297
0.120917
0.132061
0.0864683
0.0977761
0.125717
0.116874
0.122199
0.141889
0.133836
0.133869
0.119668
0.116414
0.120983
0.126275
0.12358
0.129201
0.148957
0.135447
0.0851864
0.0797626
0.0801242
0.0728267
0.0656608
0.0799598
0.0907416
0.0649048
0.045182
0.0750291
0.0727281
0.07378
0.0683563
0.0536299
0.0645432
0.0749634
0.0491923
0.0808145
0.0978089
0.0827539
0.0702628
0.0700984
0.0956066
0.0846933
0.0824909
0.101425
0.111845
0.096001
0.0707887
0.0271356
0.0434069
0.0556351
0.0162881
0.0110287
0.00343544
0.0164196
0.0357479
0.0439
0.0509673
0.0380489
0.0371614
0.0369313
0.0483376
0.0563911
0.0631626
0.0426838
0.0441959
0.0360109
0.00991109
0.0163867
0.0178659
-0.00185683
0.03062
0.0442287
0.0494553
0.0289107
0.00356693
-0.0213166
-0.0392644
-0.0514596
-0.00925288
0.00652535
0.0097796
-0.0115867
-0.0318683
0.00123307
0.0362739
0.0353535
0.03726
0.0435713
0.0131653
-0.000607725
0.00136455
-0.000541982
0.00675545
-0.00501248
-0.0021198
-0.00908852
-0.00603149
-0.0156956
-0.0254256
-0.00244852
0.00770871
0.0136913
0.00126594
-0.00829961
-0.0054398
-0.00823386
-0.0203634
-0.0162545
-0.0355828
-0.0356485
-0.0393959
-0.0584283
-0.0243079
-0.00599862
-0.00698476
-0.00162673
-0.0126057
-0.00616297
-0.00839822
-0.00790515
-0.00767505
-0.00754357
-0.00524258
-0.0231574
-0.0400533
-0.0401848
-0.0380153
-0.0524458
-0.04574
-0.0602691
-0.0681254
-0.0423214
-0.0415982
-0.0478766
-0.0128358
-0.00668891
-0.00859545
-0.000607725
0.00136455
-0.000541982
0.00675545
-0.00501248
-0.0021198
-0.00908852
-0.00603149
-0.0156956
-0.0254256
-0.00244852
0.00770871
0.0136913
0.00126594
-0.00829961
-0.0054398
-0.00823386
-0.0203634
-0.0162545
-0.0355828
-0.0356485
-0.0393959
-0.0584283
-0.0243079
-0.00599862
-0.00698476
-0.00162673
-0.0126057
-0.00616297
-0.00839822
-0.00790515
-0.00767505
-0.00754357
-0.00524258
-0.0231574
-0.0400533
-0.0401848
-0.0380153
-0.0524458
-0.04574
-0.0602691
-0.0681254
-0.0423214
-0.0415982
-0.0478766
-0.0128358
-0.00668891
-0.00859545
-0.000607725
0.00136455
-0.000541982
0.00675545
-0.00501248
-0.0021198
-0.00908852
-0.00603149
-0.0156956
-0.0254256
-0.00244852
0.00770871
0.0136913
0.00126594
-0.00829961
-0.0054398
-0.00823386
-0.0203634
-0.0162545
-0.0355828
-0.0356485
-0.0393959
-0.0584283
-0.0243079
-0.00599862
-0.00698476
-0.00162673
-0.0126057
-0.00616297
-0.00839822
-0.00790515
-0.00767505
-0.00754357
-0.00524258
-0.0231574
-0.0400533
-0.0401848
-0.0380153
-0.0524458
-0.04574
-0.0602691
-0.0681254
-0.0423214
-0.0415982
-0.0478766
-0.0128358
-0.00668891
-0.00859545
-0.000607725
0.00136455
-0.000541982
0.00675545
-0.00501248
-0.0021198
-0.00908852
-0.00603149
-0.0156956
-0.0254256
-0.00244852
0.00770871
0.0136913
0.00126594
-0.00829961
-0.0054398
-0.00823386
-0.0203634
-0.0162545
-0.0355828
-0.0356485
-0.0393959
-0.0584283
-0.0243079
-0.00599862
-0.00698476
-0.00162673
-0.0126057
-0.00616297
-0.00839822
-0.00790515
-0.00767505
-0.00754357
-0.00524258
-0.0231574
-0.0400533
-0.0401848
-0.0380153
-0.0524458
-0.04574
-0.0602691
-0.0681254
-0.0423214
-0.0415982
-0.0478766
-0.0128358
-0.00668891
-0.00859545
-0.000607725
0.00136455
-0.000541982
0.00675545
-0.00501248
-0.0021198
-0.00908852
-0.00603149
-0.0156956
-0.0254256
-0.00244852
0.00770871
0.0136913
0.00126594
-0.00829961
-0.0054398
-0.00823386
-0.0203634
-0.0162545
-0.0355828
-0.0356485
-0.0393959
-0.0584283
-0.0243079
-0.00599862
-0.00698476
-0.00162673
-0.0126057
-0.00616297
-0.00839822
-0.00790515
-0.00767505
-0.00754357
-0.00524258
-0.0231574
-0.0400533
-0.0401848
-0.0380153
-0.0524458
-0.04574
-0.0602691
-0.0681254
-0.0423214
-0.0415982
-0.0478766
-0.0128358
-0.00668891
-0.00859545
-0.000607725
0.00136455
-0.000541982
0.00675545
-0.00501248
-0.0021198
-0.00908852
-0.00603149
-0.0156956
-0.0254256
-0.00244852
0.00770871
0.0136913
0.00126594
-0.00829961
-0.0054398
-0.00823386
-0.0203634
-0.0162545
-0.0355828
-0.0356485
-0.0393959
-0.0584283
-0.0243079
-0.00599862
-0.00698476
-0.00162673
-0.0126057
-0.00616297
-0.00839822
-0.00790515
-0.00767505
-0.00754357
-0.00524258
-0.0231574
-0.0400533
-0.0401848
-0.0380153
-0.0524458
-0.04574
-0.0602691
-0.0681254
-0.0423214
-0.0415982
-0.0478766
-0.0128358
-0.00668891
-0.00859545
-0.000607725
0.00136455
-0.000541982
0.00675545
-0.00501248
-0.0021198
-0.00908852
-0.00603149
-0.0156956
-0.0254256
-0.00244852
0.00770871
0.0136913
0.00126594
-0.00829961
-0.0054398
-0.00823386
-0.0203634
-0.0162545
-0.0355828
-0.0356485
-0.0393959
-0.0584283
-0.0243079
-0.00599862
-0.00698476
-0.00162673
-0.0126057
-0.00616297
-0.00839822
-0.00790515
-0.00767505
-0.00754357
-0.00524258
-0.0231574
-0.0400533
-0.0401848
-0.0380153
-0.0524458
-0.04574
-0.0602691
-0.0681254
-0.0423214
-0.0415982
-0.0478766
-0.0128358
-0.00668891
-0.00859545
-0.000607725
0.00136455
-0.000541982
0.00675545
-0.00501248
-0.0021198
-0.00908852
-0.00603149
-0.0156956
-0.0254256
-0.00244852
0.00770871
0.0136913
0.00126594
-0.00829961
-0.0054398
-0.00823386
-0.0203634
-0.0162545
-0.0355828
-0.0356485
-0.0393959
-0.0584283
-0.0243079
-0.00599862
-0.00698476
-0.00162673
-0.0126057
-0.00616297
-0.00839822
-0.00790515
-0.00767505
-0.00754357
-0.00524258
-0.0231574
-0.0400533
-0.0401848
-0.0380153
-0.0524458
-0.04574
-0.0602691
-0.0681254
-0.0423214
-0.0415982
-0.0478766
-0.0128358
-0.00668891
-0.00859545
-0.000607725
0.00136455
-0.000541982
0.00675545
-0.00501248
-0.0021198
-0.00908852
-0.00603149
-0.0156956
-0.0254256
-0.00244852
0.00770871
0.0136913
0.00126594
0.00012654
0.00001265
0.000
