  -0.00000
   0.40615
   0.64255
   1.14222
   2.09408
   3.66493
   5.68435
   7.55742
   9.13039
  10.43580
  11.00000
  10.65807
  10.18224
   9.86754
   9.59457
   9.24126
   8.85911
   8.49090
   8.11334
   7.74418
   7.37976
   6.98374
   6.62717
   6.33029
   5.98917
   5.60562
   5.25243
   4.94639
   4.65204
   4.34031
   4.03231
   3.74052
   3.45328
   3.18050
   2.91131
   2.64537
   2.39999
   2.16511
   1.92307
   1.68571
   1.46695
   1.25588
   1.04608
   0.84022
   0.64462
   0.45780
   0.27581
   0.09827
  -0.07079
  -0.23338
  -0.38945
  -0.54393
  -0.69447
  -0.83643
  -0.97286
  -1.10688
  -1.23483
  -1.35475
  -1.47195
  -1.58561
  -1.69581
  -1.80070
  -1.90055
  -1.99645
  -2.08634
  -2.17187
  -2.25602
  -2.33142
  -2.40426
  -2.47411
  -2.54210
  -2.60640
  -2.66543
  -2.72252
  -2.77749
  -2.82648
  -2.87236
  -2.91808
  -2.96034
  -2.99738
  -3.03204
  -3.06629
  -3.09618
  -3.12290
  -3.14921
  -3.17367
  -3.19610
  -3.21469
  -3.23085
  -3.24486
  -3.25631
  -3.26685
  -3.27659
  -3.28407
  -3.29141
  -3.29553
  -3.29938
  -3.30209
  -3.30556
  -3.30428
  -3.29710
  -3.28841
  -3.27739
  -3.27126
  -3.26289
  -3.25222
  -3.24372
  -3.23217
  -3.21610
  -3.20306
  -3.18642
  -3.17002
  -3.15286
  -3.13623
  -3.11844
  -3.10013
  -3.07942
  -3.05647
  -3.03099
  -3.00685
  -2.98485
  -2.95940
  -2.93508
  -2.90924
  -2.88308
  -2.85555
  -2.83015
  -2.80234
  -2.77644
  -2.75081
  -2.72220
  -2.69323
  -2.66289
  -2.63446
  -2.60456
  -2.57553
  -2.54541
  -2.51200
  -2.47878
  -2.44797
  -2.41695
  -2.38695
  -2.35498
  -2.32248
  -2.28957
  -2.25829
  -2.22526
  -2.18995
  -2.15598
  -2.12607
  -2.09629
  -2.06626
  -2.03181
  -1.99970
  -1.97123
  -1.93639
  -1.90327
  -1.87018
  -1.84047
  -1.80852
  -1.77683
  -1.74917
  -1.71585
  -1.67931
  -1.64792
  -1.61761
  -1.58637
  -1.55094
  -1.51804
  -1.48613
  -1.45525
  -1.42400
  -1.39377
  -1.36283
  -1.33353
  -1.30255
  -1.27474
  -1.24621
  -1.21504
  -1.18676
  -1.15804
  -1.13099
  -1.10234
  -1.07473
  -1.04635
  -1.01835
  -0.98998
  -0.96199
  -0.93389
  -0.90495
  -0.87619
  -0.84991
  -0.82510
  -0.79971
  -0.77457
  -0.74782
  -0.72002
  -0.69549
  -0.67309
  -0.64996
  -0.62441
  -0.60180
  -0.58180
  -0.56152
  -0.53778
  -0.51257
  -0.48869
  -0.46524
  -0.44210
  -0.41991
  -0.40058
  -0.38151
  -0.36050
  -0.33927
  -0.31703
  -0.29664
  -0.27587
  -0.25801
  -0.23885
  -0.21884
  -0.20304
  -0.18651
  -0.16561
  -0.14617
  -0.12703
  -0.11038
  -0.09378
  -0.07540
  -0.06038
  -0.04465
  -0.02942
  -0.01304
  -0.00036
   0.01329
   0.02882
   0.04579
   0.06187
   0.07867
   0.09230
   0.10816
   0.12333
   0.13820
   0.15379
   0.16723
   0.17971
   0.19168
   0.20124
   0.21441
   0.22652
   0.24207
   0.25678
   0.27102
   0.28430
   0.29288
   0.30338
   0.31161
   0.32247
   0.33160
   0.34348
   0.35360
   0.36286
   0.37401
   0.38448
   0.39598
   0.40503
   0.41280
   0.42173
   0.43177
   0.43884
   0.44615
   0.45198
   0.46175
   0.47292
   0.48512
   0.49120
   0.49820
   0.50842
   0.51465
   0.51687
   0.52537
   0.53351
   0.54007
   0.54884
   0.55701
   0.56274
   0.56802
   0.57192
   0.57447
   0.57858
   0.58413
   0.59028
   0.59553
   0.60283
   0.60755
   0.61107
   0.61391
   0.61802
   0.62363
   0.63134
   0.63515
   0.63790
   0.64247
   0.64595
   0.64890
   0.65199
   0.65414
   0.65419
   0.65935
   0.66711
   0.66978
   0.67114
   0.66955
   0.66916
   0.66989
   0.67266
   0.67684
   0.68044
   0.68149
   0.68093
   0.68277
   0.68520
   0.68820
   0.69147
   0.69328
   0.69392
   0.69389
   0.69470
   0.69355
   0.69215
   0.69018
   0.69155
   0.69255
   0.69413
   0.69581
   0.69542
   0.69476
   0.69474
   0.69663
   0.69531
   0.69336
   0.69232
   0.69270
   0.69425
   0.69432
   0.69344
   0.69364
   0.69555
   0.69683
   0.69589
   0.69587
   0.69575
   0.69298
   0.69351
   0.69271
   0.69151
   0.68958
   0.68889
   0.68615
   0.68682
   0.68513
   0.68327
   0.68181
   0.67972
   0.68004
   0.67770
   0.67540
   0.67472
   0.67462
   0.67507
   0.67344
   0.66951
   0.66784
   0.66879
   0.66817
   0.66545
   0.66298
   0.65848
   0.65298
   0.64958
   0.64492
   0.64313
   0.64484
   0.64606
   0.64409
   0.64038
   0.63556
   0.63278
   0.63406
   0.63528
   0.63266
   0.62905
   0.62088
   0.61757
   0.61552
   0.61541
   0.61234
   0.61097
   0.61047
   0.60960
   0.60527
   0.59891
   0.59490
   0.59199
   0.59173
   0.59281
   0.59088
   0.58614
   0.58035
   0.57494
   0.57032
   0.56851
   0.56566
   0.56378
   0.55993
   0.55973
   0.55766
   0.55578
   0.55028
   0.54685
   0.54168
   0.53889
   0.53858
   0.53609
   0.53214
   0.53092
   0.52915
   0.52586
   0.52411
   0.52059
   0.51737
   0.50916
   0.50483
   0.50085
   0.49965
   0.49629
   0.49332
   0.48922
   0.48669
   0.48427
   0.48259
   0.48287
   0.48044
   0.47815
   0.47631
   0.47427
   0.46973
   0.46408
   0.46378
   0.46078
   0.45781
   0.45588
   0.45340
   0.45066
   0.44560
   0.44211
   0.43968
   0.43427
   0.42890
   0.42557
   0.42404
   0.42158
   0.41956
   0.41771
   0.41479
   0.41047
   0.40832
   0.40765
   0.40693
   0.40394
   0.39816
   0.39456
   0.39086
   0.38591
   0.38323
   0.38133
   0.38348
   0.38529
   0.38065
   0.37681
   0.37197
   0.36693
   0.36231
   0.36006
   0.35840
   0.35475
   0.35298
   0.35268
   0.34988
   0.34557
   0.34132
   0.33778
   0.33713
   0.33448
   0.33314
   0.33052
   0.32507
   0.32402
   0.32206
   0.31899
   0.31643
   0.31231
   0.31030
   0.31202
   0.31067
   0.31023
   0.30619
   0.30507
   0.30347
   0.30102
   0.29614
   0.28974
   0.28361
   0.27996
   0.27791
   0.27806
   0.27753
   0.27613
   0.27404
   0.27371
   0.27089
   0.26768
   0.26655
   0.26433
   0.26144
   0.25961
   0.25893
   0.25651
   0.24959
   0.24540
   0.24321
   0.24295
   0.24119
   0.24048
   0.23616
   0.23044
   0.22673
   0.22513
   0.22603
   0.22302
   0.21968
   0.21648
   0.21534
   0.21636
   0.21550
   0.21425
   0.21235
   0.20925
   0.20695
   0.20499
   0.20005
   0.19841
   0.19524
   0.19222
   0.18991
   0.18995
   0.18912
   0.18597
   0.18436
   0.18067
   0.17709
   0.17364
   0.17332
   0.17159
   0.16998
   0.17118
   0.17162
   0.16803
   0.16507
   0.16357
   0.16335
   0.16262
   0.15996
   0.15907
   0.15561
   0.15455
   0.15289
   0.15074
   0.14524
   0.14203
   0.14320
   0.14315
   0.14178
   0.13877
   0.13516
   0.13412
   0.13595
   0.13345
   0.13085
   0.13008
   0.13099
   0.12894
   0.12436
   0.12476
   0.12343
   0.12236
   0.12110
   0.11792
   0.11313
   0.10887
   0.10882
   0.10970
   0.11040
   0.11017
   0.10806
   0.10701
   0.10178
   0.09595
   0.09287
   0.09233
   0.09438
   0.09549
   0.09646
   0.09468
   0.09270
   0.09109
   0.08731
   0.08537
   0.08063
   0.08106
   0.08268
   0.08138
   0.08020
   0.07584
   0.07507
   0.07534
   0.07375
   0.07341
   0.07186
   0.07233
   0.07214
   0.07224
   0.07097
   0.06915
   0.06765
   0.06537
   0.06421
   0.06273
   0.06088
   0.05888
   0.05629
   0.05370
   0.04978
   0.04754
   0.04786
   0.05082
   0.05421
   0.05555
   0.05538
   0.05272
   0.05020
   0.04796
   0.04603
   0.04480
   0.04452
   0.04571
   0.04314
   0.03968
   0.03988
   0.03684
   0.03470
   0.03358
   0.03345
   0.03698
   0.03741
   0.03511
   0.03280
   0.03256
   0.03008
   0.03254
   0.03418
   0.03227
   0.03135
   0.03068
   0.03160
   0.03310
   0.03079
   0.02622
   0.02201
   0.02147
   0.01866
   0.01717
   0.01784
   0.02026
   0.02057
   0.02056
   0.02126
   0.01833
   0.01556
   0.01458
   0.01319
   0.01239
   0.00989
   0.01143
   0.00957
   0.00835
   0.00546
   0.00660
   0.00653
   0.00691
   0.00708
   0.00674
   0.00486
   0.00368
   0.00176
   0.00348
   0.00399
   0.00689
   0.00694
   0.00522
   0.00241
  -0.00233
  -0.00651
  -0.00545
  -0.00581
  -0.00587
  -0.00458
  -0.00329
  -0.00184
  -0.00373
  -0.00691
  -0.00897
  -0.01275
  -0.01336
  -0.01349
  -0.01424
  -0.01418
  -0.01209
  -0.01155
  -0.01098
  -0.01229
  -0.01513
  -0.01412
  -0.01224
  -0.01305
  -0.01641
  -0.01900
  -0.01925
  -0.01830
  -0.01674
  -0.01595
  -0.01830
  -0.02070
  -0.02170
  -0.02407
  -0.02580
  -0.02305
  -0.02275
  -0.02142
  -0.01975
  -0.01771
  -0.02061
  -0.02048
  -0.02179
  -0.02271
  -0.02414
  -0.02685
  -0.02669
  -0.02580
  -0.02525
  -0.02585
  -0.02731
  -0.02623
  -0.02615
  -0.02692
  -0.02872
  -0.02768
  -0.02953
  -0.02623
  -0.02284
  -0.02266
  -0.02222
  -0.02408
  -0.02269
  -0.02354
  -0.02434
  -0.02687
  -0.02698
  -0.02861
  -0.02839
  -0.02869
  -0.02782
  -0.02708
  -0.02678
  -0.02745
  -0.02607
  -0.02474
  -0.02557
  -0.02555
  -0.02484
  -0.02558
  -0.02686
  -0.02736
  -0.02777
  -0.02489
  -0.02197
  -0.02155
  -0.02137
  -0.02174
  -0.02125
  -0.02039
  -0.02221
  -0.02661
  -0.02872
  -0.02762
  -0.02633
  -0.02482
  -0.02492
  -0.02538
  -0.02379
  -0.02155
  -0.02183
  -0.02358
  -0.02415
  -0.02045
  -0.01707
  -0.01740
  -0.01965
  -0.02104
  -0.02159
  -0.02106
  -0.02127
  -0.02123
  -0.02367
  -0.02427
  -0.02311
  -0.02101
  -0.02011
  -0.01940
  -0.01987
  -0.01913
  -0.02272
  -0.02269
  -0.02389
  -0.02310
  -0.02247
  -0.01989
  -0.01854
  -0.01647
  -0.01691
  -0.01702
  -0.01610
  -0.01581
  -0.01511
  -0.01557
  -0.01687
  -0.01819
  -0.01842
  -0.01943
  -0.02036
  -0.02151
  -0.02098
  -0.02008
  -0.01658
  -0.01290
  -0.01185
  -0.01332
  -0.01189
  -0.01294
  -0.01301
  -0.01472
  -0.01380
  -0.01276
  -0.01378
  -0.01466
  -0.01502
  -0.01852
  -0.01719
  -0.01565
  -0.01279
  -0.00928
  -0.00965
  -0.01225
  -0.01393
  -0.01368
  -0.01363
  -0.01334
  -0.01209
  -0.00901
  -0.00797
  -0.00689
  -0.00736
  -0.00962
  -0.01142
  -0.01329
  -0.01393
  -0.01341
  -0.01325
  -0.01115
  -0.01131
  -0.01307
  -0.01456
  -0.01141
  -0.00703
  -0.00703
  -0.00703
  -0.00703
  -0.00703
  -0.00703
  -0.00703
  -0.00703
  -0.00703
  -0.00703
  -0.00703
  -0.00703
  -0.00703
  -0.00703
  -0.00703
  -0.00703
  -0.00703
  -0.00703
  -0.00703
  -0.00703
  -0.00703
  -0.00703
  -0.00703
  -0.00703
  -0.00703
  -0.00703
  -0.00703
  -0.00703
  -0.00703
  -0.00703
  -0.00703
  -0.00703
  -0.00703
  -0.00703
  -0.00703
  -0.00703
  -0.00703
  -0.00703
  -0.00703
  -0.00703
  -0.00703
  -0.00703
  -0.00703
  -0.00703
  -0.00703
  -0.00703
  -0.00703
  -0.00703
  -0.00703
  -0.00703
  -0.00703
  -0.00703
  -0.00703
  -0.00703
  -0.00703
  -0.00703
  -0.00703
  -0.00703
  -0.00703
  -0.00703
  -0.00703
  -0.00703
  -0.00703
  -0.00703
  -0.00703
  -0.00703
  -0.00703
  -0.00703
  -0.00703
  -0.00703
  -0.00703
  -0.00703
  -0.00703
  -0.00703
  -0.00703
  -0.00703
  -0.00703
  -0.00703
  -0.00703
  -0.00703
  -0.00703
  -0.00703
  -0.00703
  -0.00703
  -0.00703
  -0.00703
  -0.00703
  -0.00703
  -0.00703
  -0.00703
  -0.00703
  -0.00703
  -0.00703
  -0.00703
  -0.00703
  -0.00703
  -0.00703
  -0.00703
  -0.00703
  -0.00703
  -0.00703
  -0.00703
  -0.00703
  -0.00703
  -0.00703
  -0.00703
  -0.00703
  -0.00703
  -0.00703
  -0.00703
  -0.00703
  -0.00703
  -0.00703
  -0.00703
  -0.00703
  -0.00703
  -0.00703
  -0.00703
  -0.00703
  -0.00703
  -0.00703
  -0.00703
  -0.00703
  -0.00703
  -0.00703
  -0.00703
  -0.00703
  -0.00703
  -0.00703
  -0.00703
  -0.00703
  -0.00703