  -0.00000
   1.16927
   2.06536
   3.33395
   4.90561
   6.65123
   8.34986
   9.84606
  11.25839
  12.70083
  13.91667
  13.00287
  11.83805
  10.89327
  10.09980
   9.29103
   8.43761
   7.60007
   6.81458
   6.10053
   5.46267
   4.93459
   4.47325
   4.04914
   3.67258
   3.34713
   3.06097
   2.78223
   2.51563
   2.26468
   2.01435
   1.76797
   1.52403
   1.28157
   1.05571
   0.84300
   0.62875
   0.42706
   0.22745
   0.02848
  -0.15896
  -0.33606
  -0.49912
  -0.66223
  -0.82588
  -0.96839
  -1.10355
  -1.24037
  -1.37590
  -1.49221
  -1.60440
  -1.71181
  -1.80315
  -1.87932
  -1.96223
  -2.03026
  -2.10916
  -2.18981
  -2.26289
  -2.33494
  -2.39443
  -2.46545
  -2.53658
  -2.58747
  -2.62419
  -2.65610
  -2.69718
  -2.74643
  -2.77781
  -2.80253
  -2.80985
  -2.81167
  -2.82039
  -2.83720
  -2.84875
  -2.87882
  -2.89535
  -2.89377
  -2.88481
  -2.88209
  -2.88699
  -2.89501
  -2.90236
  -2.92342
  -2.92504
  -2.90570
  -2.89541
  -2.88157
  -2.87357
  -2.87966
  -2.86216
  -2.85131
  -2.83803
  -2.82943
  -2.80925
  -2.78647
  -2.76176
  -2.74530
  -2.73414
  -2.72287
  -2.69936
  -2.68187
  -2.65457
  -2.62557
  -2.59664
  -2.58195
  -2.55868
  -2.53096
  -2.50741
  -2.47783
  -2.44536
  -2.41281
  -2.38920
  -2.36957
  -2.34358
  -2.31513
  -2.28800
  -2.26567
  -2.23772
  -2.20875
  -2.18381
  -2.14900
  -2.11012
  -2.07287
  -2.04802
  -2.02505
  -1.99874
  -1.94802
  -1.91072
  -1.89171
  -1.86685
  -1.84432
  -1.81414
  -1.78680
  -1.76127
  -1.72394
  -1.68007
  -1.65905
  -1.63406
  -1.60816
  -1.57925
  -1.55330
  -1.53148
  -1.49721
  -1.47108
  -1.43499
  -1.40510
  -1.37675
  -1.35516
  -1.31771
  -1.28939
  -1.26578
  -1.25093
  -1.24324
  -1.20649
  -1.17243
  -1.15629
  -1.13205
  -1.10966
  -1.08458
  -1.06265
  -1.02062
  -0.98387
  -0.95457
  -0.93241
  -0.90434
  -0.87945
  -0.85818
  -0.84635
  -0.82597
  -0.80095
  -0.78856
  -0.76724
  -0.73739
  -0.71382
  -0.71156
  -0.70171
  -0.67763
  -0.65919
  -0.63042
  -0.59993
  -0.57722
  -0.56293
  -0.53803
  -0.51597
  -0.49581
  -0.47978
  -0.46879
  -0.45107
  -0.43821
  -0.42706
  -0.41086
  -0.39702
  -0.37361
  -0.35552
  -0.34191
  -0.31388
  -0.28818
  -0.26710
  -0.25227
  -0.23877
  -0.23260
  -0.22249
  -0.20670
  -0.18393
  -0.16240
  -0.15279
  -0.13954
  -0.12739
  -0.10765
  -0.09264
  -0.07115
  -0.06087
  -0.05208
  -0.03765
  -0.03769
  -0.02067
  -0.01165
  -0.00947
   0.00391
   0.02245
   0.03805
   0.03916
   0.05730
   0.07653
   0.08413
   0.09938
   0.11636
   0.11826
   0.11948
   0.12419
   0.14414
   0.16715
   0.19221
   0.20398
   0.21343
   0.21969
   0.23127
   0.23375
   0.24059
   0.24573
   0.26070
   0.26276
   0.26889
   0.26966
   0.28611
   0.28784
   0.30598
   0.31141
   0.31555
   0.32048
   0.32415
   0.32593
   0.33501
   0.34217
   0.34973
   0.35042
   0.36169
   0.37251
   0.36856
   0.36291
   0.36111
   0.37649
   0.39073
   0.40049
   0.40358
   0.39989
   0.40343
   0.40920
   0.40713
   0.42000
   0.42784
   0.43347
   0.43703
   0.44758
   0.45584
   0.44697
   0.44838
   0.45205
   0.46065
   0.46730
   0.46835
   0.48093
   0.48901
   0.47746
   0.47857
   0.48396
   0.48182
   0.47687
   0.47895
   0.47160
   0.47371
   0.48201
   0.49360
   0.51143
   0.52021
   0.51021
   0.50816
   0.50362
   0.49886
   0.51231
   0.52290
   0.51396
   0.50539
   0.50758
   0.51870
   0.52099
   0.51069
   0.50921
   0.50347
   0.49400
   0.49262
   0.50786
   0.52177
   0.53521
   0.53738
   0.52634
   0.52053
   0.51468
   0.52445
   0.53235
   0.52750
   0.51037
   0.50602
   0.50768
   0.51136
   0.51577
   0.51058
   0.52572
   0.52105
   0.51905
   0.50233
   0.49952
   0.50443
   0.51941
   0.52767
   0.52475
   0.51040
   0.50463
   0.49318
   0.48030
   0.47916
   0.48444
   0.48538
   0.48765
   0.49509
   0.49965
   0.49961
   0.51040
   0.50865
   0.50710
   0.49910
   0.49492
   0.49237
   0.48256
   0.47116
   0.46706
   0.46466
   0.45611
   0.44698
   0.44384
   0.44944
   0.44645
   0.43193
   0.43275
   0.43969
   0.44930
   0.46090
   0.45660
   0.45705
   0.46432
   0.46491
   0.46053
   0.44806
   0.43634
   0.43834
   0.45349
   0.45475
   0.44905
   0.43769
   0.44883
   0.44906
   0.43913
   0.43559
   0.42614
   0.41486
   0.39757
   0.39351
   0.39555
   0.40419
   0.39495
   0.38375
   0.38101
   0.37886
   0.39477
   0.39421
   0.39577
   0.40796
   0.41785
   0.42450
   0.42029
   0.40574
   0.39216
   0.38086
   0.38051
   0.37237
   0.37277
   0.37978
   0.37602
   0.35871
   0.35236
   0.35415
   0.35874
   0.36619
   0.37454
   0.36806
   0.36249
   0.35736
   0.35360
   0.34163
   0.33435
   0.32827
   0.33652
   0.34368
   0.34086
   0.33889
   0.34067
   0.34270
   0.33533
   0.32625
   0.31595
   0.31547
   0.31532
   0.31105
   0.29526
   0.28677
   0.28289
   0.28274
   0.29377
   0.30224
   0.29986
   0.30322
   0.29594
   0.29006
   0.29387
   0.28599
   0.28341
   0.28235
   0.29429
   0.29816
   0.29219
   0.28274
   0.28097
   0.27720
   0.26553
   0.25259
   0.22995
   0.21707
   0.22376
   0.22930
   0.24019
   0.24730
   0.24361
   0.24323
   0.24107
   0.24270
   0.24242
   0.25594
   0.25312
   0.25105
   0.24756
   0.25102
   0.24052
   0.24086
   0.23250
   0.23450
   0.24617
   0.24618
   0.22905
   0.20822
   0.20217
   0.19991
   0.19810
   0.17810
   0.16852
   0.18082
   0.19608
   0.19602
   0.18589
   0.18232
   0.18147
   0.17554
   0.18223
   0.17994
   0.18301
   0.18855
   0.18749
   0.18920
   0.18664
   0.19006
   0.19877
   0.20962
   0.20122
   0.20822
   0.20082
   0.19606
   0.18266
   0.16197
   0.14218
   0.14636
   0.14579
   0.15175
   0.14468
   0.12377
   0.11996
   0.11507
   0.12128
   0.12292
   0.13274
   0.13195
   0.13078
   0.12244
   0.11999
   0.11950
   0.11681
   0.10666
   0.10817
   0.11014
   0.11103
   0.10736
   0.10361
   0.10870
   0.10228
   0.10051
   0.10620
   0.10949
   0.11768
   0.12739
   0.12666
   0.11595
   0.10769
   0.10410
   0.10091
   0.09867
   0.09324
   0.09701
   0.09327
   0.08714
   0.08228
   0.07902
   0.07430
   0.07810
   0.09319
   0.09747
   0.10273
   0.09271
   0.08874
   0.08117
   0.07733
   0.06974
   0.08258
   0.09016
   0.08449
   0.07376
   0.06816
   0.06004
   0.05281
   0.05598
   0.06400
   0.07007
   0.07778
   0.08228
   0.06776
   0.06465
   0.06506
   0.05321
   0.04137
   0.04040
   0.04546
   0.04422
   0.04069
   0.04895
   0.05053
   0.04679
   0.04485
   0.05100
   0.05686
   0.06639
   0.06094
   0.04249
   0.03498
   0.04115
   0.04570
   0.05239
   0.05642
   0.05444
   0.05288
   0.05019
   0.04346
   0.03554
   0.03814
   0.03568
   0.03411
   0.03600
   0.03828
   0.03292
   0.02048
   0.02229
   0.03030
   0.03234
   0.02744
   0.01330
   0.00824
   0.01528
   0.02537
   0.03059
   0.02682
   0.02337
   0.02168
   0.02020
   0.01277
   0.01152
   0.01512
   0.01867
   0.02672
   0.03008
   0.02253
   0.01528
  -0.00278
  -0.01062
  -0.00657
   0.00700
   0.00964
   0.00871
   0.00808
   0.01551
   0.02961
   0.02965
   0.03796
   0.04057
   0.04172
   0.03524
   0.03582
   0.02500
   0.00418
   0.00333
  -0.00072
  -0.00435
  -0.00687
  -0.00617
  -0.00748
  -0.00872
  -0.00467
   0.00109
  -0.01230
  -0.02831
  -0.03228
  -0.03172
  -0.02835
  -0.02357
  -0.00194
  -0.01334
  -0.01544
  -0.00020
   0.01237
   0.01360
   0.00134
  -0.01131
  -0.02086
  -0.02472
  -0.02998
  -0.02939
  -0.03521
  -0.02750
  -0.02801
  -0.01682
  -0.01485
  -0.01911
  -0.02118
  -0.01839
  -0.02703
  -0.02790
  -0.02664
  -0.02697
  -0.04373
  -0.03770
  -0.02975
  -0.01860
  -0.01121
  -0.01241
  -0.01506
  -0.02095
  -0.01093
  -0.00907
  -0.01816
  -0.01842
  -0.02421
  -0.03676
  -0.05001
  -0.04861
  -0.04752
  -0.03957
  -0.04693
  -0.04950
  -0.04663
  -0.05088
  -0.05574
  -0.05109
  -0.04464
  -0.03742
  -0.03677
  -0.04214
  -0.05197
  -0.06126
  -0.05281
  -0.02996
  -0.02009
  -0.02119
  -0.02151
  -0.02549
  -0.02113
  -0.02823
  -0.02721
  -0.03424
  -0.04046
  -0.04572
  -0.05251
  -0.05243
  -0.05047
  -0.05539
  -0.04921
  -0.04595
  -0.05020
  -0.05705
  -0.05977
  -0.05606
  -0.06279
  -0.06271
  -0.05079
  -0.04823
  -0.05856
  -0.06721
  -0.05864
  -0.05568
  -0.05052
  -0.06143
  -0.04873
  -0.04988
  -0.04734
  -0.04953
  -0.05124
  -0.05487
  -0.05607
  -0.06745
  -0.06710
  -0.06875
  -0.06606
  -0.05677
  -0.05340
  -0.04805
  -0.05140
  -0.05117
  -0.05449
  -0.04637
  -0.04655
  -0.05002
  -0.06202
  -0.07159
  -0.07822
  -0.07367
  -0.06798
  -0.05069
  -0.04545
  -0.05723
  -0.06560
  -0.06678
  -0.05501
  -0.05486
  -0.05258
  -0.05497
  -0.05150
  -0.05366
  -0.05584
  -0.05808
  -0.06275
  -0.06015
  -0.06725
  -0.06501
  -0.05865
  -0.06193
  -0.07102
  -0.05292
  -0.04550
  -0.04126
  -0.04995
  -0.04862
  -0.04369
  -0.04746
  -0.05160
  -0.06291
  -0.05335
  -0.05298
  -0.06356
  -0.07131
  -0.07298
  -0.07297
  -0.06879
  -0.06613
  -0.06285
  -0.07650
  -0.07241
  -0.06384
  -0.06215
  -0.06692
  -0.07261
  -0.07335
  -0.07051
  -0.06456
  -0.06349
  -0.07297
  -0.07158
  -0.06158
  -0.05095
  -0.05222
  -0.05881
  -0.06805
  -0.07101
  -0.07557
  -0.06314
  -0.05523
  -0.05991
  -0.05292
  -0.05888
  -0.05705
  -0.04127
  -0.04318
  -0.03460
  -0.03918
  -0.05305
  -0.05977
  -0.06024
  -0.06532
  -0.06938
  -0.06233
  -0.06789
  -0.06072
  -0.05188
  -0.04756
  -0.03993
  -0.04238
  -0.05396
  -0.06302
  -0.05626
  -0.05056
  -0.04663
  -0.04025
  -0.03464
  -0.04335
  -0.03789
  -0.04227
  -0.03836
  -0.04687
  -0.04222
  -0.03999
  -0.03504
  -0.04045
  -0.04003
  -0.04185
  -0.04648
  -0.04344
  -0.04182
  -0.04421
  -0.04142
  -0.03312
  -0.04109
  -0.03783
  -0.03421
  -0.03662
  -0.03455
  -0.02255
  -0.02365
  -0.02915
  -0.04152
  -0.05306
  -0.04687
  -0.04669
  -0.04458
  -0.03803
  -0.03654
  -0.03599
  -0.04500
  -0.04609
  -0.04549
  -0.04549
  -0.04549
  -0.04549
  -0.04549
  -0.04549
  -0.04549
  -0.04549
  -0.04549
  -0.04549
  -0.04549
  -0.04549
  -0.04549
  -0.04549
  -0.04549
  -0.04549
  -0.04549
  -0.04549
  -0.04549
  -0.04549
  -0.04549
  -0.04549
  -0.04549
  -0.04549
  -0.04549
  -0.04549
  -0.04549
  -0.04549
  -0.04549
  -0.04549
  -0.04549
  -0.04549
  -0.04549
  -0.04549
  -0.04549
  -0.04549
  -0.04549
  -0.04549
  -0.04549
  -0.04549
  -0.04549
  -0.04549
  -0.04549
  -0.04549
  -0.04549
  -0.04549
  -0.04549
  -0.04549
  -0.04549
  -0.04549
  -0.04549
  -0.04549
  -0.04549
  -0.04549
  -0.04549
  -0.04549
  -0.04549
  -0.04549
  -0.04549
  -0.04549
  -0.04549
  -0.04549
  -0.04549
  -0.04549
  -0.04549
  -0.04549
  -0.04549
  -0.04549
  -0.04549
  -0.04549
  -0.04549
  -0.04549
  -0.04549
  -0.04549
  -0.04549
  -0.04549
  -0.04549
  -0.04549
  -0.04549
  -0.04549
  -0.04549
  -0.04549
  -0.04549
  -0.04549
  -0.04549
  -0.04549
  -0.04549
  -0.04549
  -0.04549
  -0.04549
  -0.04549
  -0.04549
  -0.04549
  -0.04549
  -0.04549
  -0.04549
  -0.04549
  -0.04549
  -0.04549
  -0.04549
  -0.04549
  -0.04549
  -0.04549
  -0.04549
  -0.04549
  -0.04549
  -0.04549
  -0.04549
  -0.04549
  -0.04549
  -0.04549
  -0.04549
  -0.04549
  -0.04549
  -0.04549
  -0.04549
  -0.04549
  -0.04549
  -0.04549
  -0.04549
  -0.04549
  -0.04549
  -0.04549
  -0.04549
  -0.04549
  -0.04549
  -0.04549
  -0.04549
  -0.04549
  -0.04549
  -0.04549
  -0.04549