  -0.00000
   0.81240
   1.27843
   2.07591
   3.27152
   4.80671
   6.49143
   8.12150
   9.78538
  11.48383
  12.66667
  11.75588
  10.40922
   9.42335
   8.78724
   8.18932
   7.57519
   7.00169
   6.47685
   5.98332
   5.55988
   5.20682
   4.87327
   4.51225
   4.15688
   3.83957
   3.52846
   3.19916
   2.88829
   2.60369
   2.32483
   2.05323
   1.79561
   1.55694
   1.31391
   1.05696
   0.82905
   0.62687
   0.43168
   0.23312
   0.04713
  -0.11477
  -0.26786
  -0.41791
  -0.55737
  -0.68779
  -0.82936
  -0.98206
  -1.11087
  -1.22904
  -1.34174
  -1.45893
  -1.56677
  -1.65608
  -1.73943
  -1.83110
  -1.91393
  -1.97803
  -2.04156
  -2.10492
  -2.17427
  -2.23585
  -2.28946
  -2.33809
  -2.39116
  -2.44119
  -2.47609
  -2.51684
  -2.55022
  -2.57987
  -2.60610
  -2.62962
  -2.64850
  -2.65431
  -2.66623
  -2.69349
  -2.71366
  -2.72979
  -2.73449
  -2.74752
  -2.74896
  -2.74894
  -2.74095
  -2.74138
  -2.73983
  -2.74598
  -2.74441
  -2.73736
  -2.73795
  -2.72642
  -2.70831
  -2.68532
  -2.67164
  -2.65308
  -2.63644
  -2.62214
  -2.60860
  -2.60033
  -2.58496
  -2.56300
  -2.53859
  -2.51071
  -2.49936
  -2.49275
  -2.47404
  -2.45056
  -2.42825
  -2.40714
  -2.37721
  -2.33754
  -2.31323
  -2.28794
  -2.26858
  -2.24970
  -2.23176
  -2.20846
  -2.17545
  -2.14044
  -2.11538
  -2.09956
  -2.06596
  -2.03610
  -2.01667
  -1.98975
  -1.95743
  -1.91995
  -1.88490
  -1.86078
  -1.83602
  -1.81816
  -1.78175
  -1.74977
  -1.72475
  -1.68964
  -1.66209
  -1.64502
  -1.62672
  -1.60125
  -1.57790
  -1.54254
  -1.50188
  -1.46860
  -1.43716
  -1.40969
  -1.38851
  -1.36657
  -1.33304
  -1.30014
  -1.27334
  -1.24723
  -1.21620
  -1.20059
  -1.19838
  -1.18500
  -1.14637
  -1.10192
  -1.07374
  -1.06936
  -1.05221
  -1.01924
  -0.99272
  -0.96470
  -0.94863
  -0.92612
  -0.91054
  -0.89604
  -0.87008
  -0.83469
  -0.80908
  -0.79545
  -0.78316
  -0.77080
  -0.75432
  -0.73229
  -0.69734
  -0.67200
  -0.64346
  -0.62859
  -0.60894
  -0.58690
  -0.55187
  -0.52366
  -0.51648
  -0.50784
  -0.49226
  -0.46625
  -0.45277
  -0.44018
  -0.42971
  -0.41016
  -0.38747
  -0.37604
  -0.36815
  -0.35640
  -0.33450
  -0.30394
  -0.28332
  -0.25984
  -0.24285
  -0.23189
  -0.22718
  -0.20708
  -0.18652
  -0.16935
  -0.16751
  -0.16239
  -0.15283
  -0.13615
  -0.11125
  -0.08940
  -0.06611
  -0.04151
  -0.02892
  -0.01943
  -0.00867
   0.00492
   0.00299
   0.00640
   0.00448
   0.01369
   0.02886
   0.03921
   0.05584
   0.06484
   0.08537
   0.09166
   0.10338
   0.11616
   0.13452
   0.14516
   0.14110
   0.14043
   0.14126
   0.16042
   0.16469
   0.17869
   0.19662
   0.21857
   0.22615
   0.23223
   0.24691
   0.26402
   0.27116
   0.27341
   0.26347
   0.27376
   0.28606
   0.28610
   0.29352
   0.30336
   0.31768
   0.31967
   0.32226
   0.32045
   0.31710
   0.32688
   0.33710
   0.33767
   0.34536
   0.36094
   0.37017
   0.37676
   0.39141
   0.39000
   0.39116
   0.39057
   0.37901
   0.37569
   0.37907
   0.38029
   0.39557
   0.41176
   0.42000
   0.43424
   0.45415
   0.46361
   0.46250
   0.45955
   0.46196
   0.45702
   0.44424
   0.43363
   0.43658
   0.43777
   0.43964
   0.43707
   0.45151
   0.46795
   0.46893
   0.46703
   0.46481
   0.45976
   0.45557
   0.46409
   0.48007
   0.48661
   0.48282
   0.48570
   0.48663
   0.49536
   0.50024
   0.50596
   0.51468
   0.51531
   0.50372
   0.50044
   0.49393
   0.49104
   0.48716
   0.49400
   0.50058
   0.50084
   0.50148
   0.50289
   0.49758
   0.50266
   0.51118
   0.50628
   0.51262
   0.52061
   0.52472
   0.51925
   0.52402
   0.52737
   0.52164
   0.51447
   0.52136
   0.52935
   0.53156
   0.52143
   0.50302
   0.49236
   0.49793
   0.50579
   0.50806
   0.50397
   0.50325
   0.50701
   0.50769
   0.50562
   0.49361
   0.49537
   0.49317
   0.49403
   0.49799
   0.50020
   0.49369
   0.49032
   0.50214
   0.50990
   0.50548
   0.49009
   0.47965
   0.46806
   0.46854
   0.47590
   0.47682
   0.47348
   0.46029
   0.46235
   0.47211
   0.48576
   0.48872
   0.48395
   0.48573
   0.49170
   0.48483
   0.48293
   0.47192
   0.46562
   0.46003
   0.44664
   0.45086
   0.45718
   0.44809
   0.43963
   0.44246
   0.43598
   0.43693
   0.44064
   0.44844
   0.44485
   0.44367
   0.44271
   0.44089
   0.43974
   0.43781
   0.44597
   0.44187
   0.43022
   0.42091
   0.41824
   0.41911
   0.42449
   0.42704
   0.42258
   0.41732
   0.40867
   0.39616
   0.39084
   0.39604
   0.40861
   0.41565
   0.40343
   0.39132
   0.37520
   0.37777
   0.38679
   0.38308
   0.37660
   0.38321
   0.39227
   0.39360
   0.39265
   0.38324
   0.37925
   0.37784
   0.36594
   0.36858
   0.36832
   0.36672
   0.35865
   0.35191
   0.33223
   0.33065
   0.34629
   0.34917
   0.34312
   0.34164
   0.33411
   0.31849
   0.30803
   0.31178
   0.34022
   0.36149
   0.35990
   0.33742
   0.33191
   0.32886
   0.33431
   0.33520
   0.32693
   0.31083
   0.30872
   0.30074
   0.29910
   0.30337
   0.30696
   0.30257
   0.29759
   0.29313
   0.29401
   0.29462
   0.29430
   0.28437
   0.28377
   0.28838
   0.27501
   0.25219
   0.23777
   0.25288
   0.26374
   0.26623
   0.25663
   0.24695
   0.24190
   0.25077
   0.26281
   0.27106
   0.25904
   0.24373
   0.24930
   0.24422
   0.24464
   0.25347
   0.27082
   0.27035
   0.26014
   0.25079
   0.24346
   0.24368
   0.24888
   0.25118
   0.23843
   0.23523
   0.22800
   0.21250
   0.19671
   0.19857
   0.20936
   0.21389
   0.21475
   0.21972
   0.22080
   0.21930
   0.21773
   0.21218
   0.19552
   0.18957
   0.18730
   0.18811
   0.18381
   0.18363
   0.19115
   0.19817
   0.18599
   0.17807
   0.16921
   0.17024
   0.18095
   0.18968
   0.19392
   0.19764
   0.19443
   0.18330
   0.17951
   0.17071
   0.16467
   0.15930
   0.15326
   0.15772
   0.16901
   0.17064
   0.16144
   0.15820
   0.15032
   0.15249
   0.15310
   0.14279
   0.14225
   0.14211
   0.13312
   0.12843
   0.13365
   0.13724
   0.13694
   0.13653
   0.14378
   0.14640
   0.14179
   0.14301
   0.14321
   0.14816
   0.13334
   0.12727
   0.12890
   0.12968
   0.12655
   0.12154
   0.11243
   0.11544
   0.11608
   0.11362
   0.10719
   0.10637
   0.10792
   0.10641
   0.10024
   0.10475
   0.11627
   0.11632
   0.11053
   0.11071
   0.11779
   0.11606
   0.10977
   0.11431
   0.12832
   0.12076
   0.10627
   0.09143
   0.08934
   0.09976
   0.10160
   0.09314
   0.08497
   0.08765
   0.08406
   0.07446
   0.07279
   0.07804
   0.08892
   0.09475
   0.09381
   0.09843
   0.09203
   0.08872
   0.08880
   0.09750
   0.08350
   0.07195
   0.06468
   0.06980
   0.07134
   0.06418
   0.05940
   0.05647
   0.06465
   0.05009
   0.05699
   0.06609
   0.06752
   0.07332
   0.07491
   0.06281
   0.05710
   0.05324
   0.05036
   0.05000
   0.04876
   0.04890
   0.04614
   0.03799
   0.03866
   0.03112
   0.03561
   0.04751
   0.04957
   0.04781
   0.03999
   0.03896
   0.04896
   0.04967
   0.05609
   0.05656
   0.04580
   0.03900
   0.03490
   0.02568
   0.03096
   0.03572
   0.03973
   0.04227
   0.03774
   0.03659
   0.04862
   0.04637
   0.02906
   0.02739
   0.02554
   0.02211
   0.02063
   0.01632
   0.02703
   0.03162
   0.02508
   0.01342
   0.01258
   0.02847
   0.04135
   0.04898
   0.03945
   0.02225
  -0.00216
  -0.00894
   0.00302
   0.00531
   0.00932
   0.01362
   0.02504
   0.02980
   0.03459
   0.03644
   0.04196
   0.03763
   0.02734
   0.01393
  -0.00080
  -0.01005
  -0.00893
  -0.00710
  -0.00768
  -0.00437
  -0.01014
  -0.01358
  -0.02180
  -0.02399
  -0.01707
  -0.00370
  -0.00435
  -0.00971
  -0.00801
  -0.00103
   0.00565
   0.01110
   0.00061
  -0.00032
  -0.00442
  -0.01099
  -0.01156
  -0.01649
  -0.01443
  -0.00892
  -0.00257
   0.00004
  -0.00840
  -0.01140
  -0.01273
  -0.01528
  -0.00051
  -0.00130
  -0.01612
  -0.02664
  -0.02483
  -0.02058
  -0.02035
  -0.01071
  -0.00420
  -0.00897
  -0.01181
  -0.02078
  -0.03013
  -0.03526
  -0.03882
  -0.02944
  -0.01683
  -0.00623
  -0.00351
  -0.01011
  -0.01514
  -0.01557
  -0.01792
  -0.02020
  -0.01969
  -0.02159
  -0.03058
  -0.03943
  -0.03590
  -0.03693
  -0.03488
  -0.03023
  -0.02851
  -0.02941
  -0.02777
  -0.02188
  -0.00664
   0.00003
  -0.01422
  -0.03158
  -0.03741
  -0.03709
  -0.03545
  -0.02853
  -0.01798
  -0.01278
  -0.02093
  -0.03663
  -0.02992
  -0.01975
  -0.03011
  -0.04827
  -0.04015
  -0.03743
  -0.04161
  -0.05405
  -0.05090
  -0.05441
  -0.05500
  -0.06016
  -0.05387
  -0.04350
  -0.03539
  -0.02924
  -0.02900
  -0.01603
  -0.00303
  -0.00445
  -0.01313
  -0.01733
  -0.02634
  -0.02471
  -0.01709
  -0.01609
  -0.03065
  -0.04501
  -0.04569
  -0.04251
  -0.03140
  -0.03100
  -0.03448
  -0.04778
  -0.05822
  -0.05836
  -0.05016
  -0.05030
  -0.04783
  -0.04615
  -0.03198
  -0.01958
  -0.02513
  -0.02723
  -0.02683
  -0.02702
  -0.02455
  -0.02275
  -0.01497
  -0.00326
  -0.00928
  -0.01401
  -0.02729
  -0.02797
  -0.02632
  -0.02327
  -0.03401
  -0.03764
  -0.02345
  -0.01786
  -0.02461
  -0.02331
  -0.01932
  -0.01052
  -0.00775
  -0.01084
  -0.01261
  -0.01199
  -0.01876
  -0.03163
  -0.05169
  -0.05570
  -0.05131
  -0.04253
  -0.03946
  -0.02773
  -0.02425
  -0.02519
  -0.03249
  -0.02556
  -0.03073
  -0.02836
  -0.02522
  -0.01964
  -0.02429
  -0.02798
  -0.02822
  -0.02634
  -0.02455
  -0.03154
  -0.02544
  -0.02265
  -0.02151
  -0.01210
  -0.00972
  -0.01302
  -0.02000
  -0.02838
  -0.01845
  -0.00747
  -0.00290
  -0.01018
  -0.01474
  -0.02978
  -0.02898
  -0.02130
  -0.01181
  -0.01625
  -0.01637
  -0.01890
  -0.01723
  -0.01139
  -0.01255
  -0.00579
  -0.01039
  -0.01317
  -0.00882
  -0.00693
  -0.00063
   0.00189
   0.00114
  -0.01717
  -0.02484
  -0.01328
  -0.00893
  -0.02213
  -0.02704
  -0.02187
  -0.01085
  -0.00039
   0.00015
   0.01129
   0.01790
   0.01652
   0.02668
   0.02240
   0.02189
   0.01844
   0.00619
  -0.01192
  -0.02250
  -0.01779
  -0.01210
  -0.01454
  -0.01060
  -0.00784
  -0.00784
  -0.00784
  -0.00784
  -0.00784
  -0.00784
  -0.00784
  -0.00784
  -0.00784
  -0.00784
  -0.00784
  -0.00784
  -0.00784
  -0.00784
  -0.00784
  -0.00784
  -0.00784
  -0.00784
  -0.00784
  -0.00784
  -0.00784
  -0.00784
  -0.00784
  -0.00784
  -0.00784
  -0.00784
  -0.00784
  -0.00784
  -0.00784
  -0.00784
  -0.00784
  -0.00784
  -0.00784
  -0.00784
  -0.00784
  -0.00784
  -0.00784
  -0.00784
  -0.00784
  -0.00784
  -0.00784
  -0.00784
  -0.00784
  -0.00784
  -0.00784
  -0.00784
  -0.00784
  -0.00784
  -0.00784
  -0.00784
  -0.00784
  -0.00784
  -0.00784
  -0.00784
  -0.00784
  -0.00784
  -0.00784
  -0.00784
  -0.00784
  -0.00784
  -0.00784
  -0.00784
  -0.00784
  -0.00784
  -0.00784
  -0.00784
  -0.00784
  -0.00784
  -0.00784
  -0.00784
  -0.00784
  -0.00784
  -0.00784
  -0.00784
  -0.00784
  -0.00784
  -0.00784
  -0.00784
  -0.00784
  -0.00784
  -0.00784
  -0.00784
  -0.00784
  -0.00784
  -0.00784
  -0.00784
  -0.00784
  -0.00784
  -0.00784
  -0.00784
  -0.00784
  -0.00784
  -0.00784
  -0.00784
  -0.00784
  -0.00784
  -0.00784
  -0.00784
  -0.00784
  -0.00784
  -0.00784
  -0.00784
  -0.00784
  -0.00784
  -0.00784
  -0.00784
  -0.00784
  -0.00784
  -0.00784
  -0.00784
  -0.00784
  -0.00784
  -0.00784
  -0.00784
  -0.00784
  -0.00784
  -0.00784
  -0.00784
  -0.00784
  -0.00784
  -0.00784
  -0.00784
  -0.00784
  -0.00784
  -0.00784
  -0.00784
  -0.00784
  -0.00784
  -0.00784
  -0.00784
  -0.00784
  -0.00784