  -0.00000
   0.34588
   0.52469
   0.97972
   1.97657
   3.76722
   6.22240
   8.54058
  10.34400
  11.74344
  12.33333
  11.97090
  11.41946
  11.01501
  10.66402
  10.22779
   9.72802
   9.27289
   8.89409
   8.56139
   8.20624
   7.81830
   7.46936
   7.16220
   6.81054
   6.41363
   6.06062
   5.76113
   5.45894
   5.12260
   4.78070
   4.47199
   4.19498
   3.90978
   3.61630
   3.33804
   3.07371
   2.81709
   2.56087
   2.31053
   2.08301
   1.86220
   1.63182
   1.40886
   1.20071
   1.00006
   0.80235
   0.60793
   0.42037
   0.24146
   0.06690
  -0.10247
  -0.26888
  -0.42792
  -0.58157
  -0.72830
  -0.87419
  -1.01413
  -1.15213
  -1.28628
  -1.41056
  -1.52914
  -1.64529
  -1.75841
  -1.87180
  -1.98264
  -2.08551
  -2.18100
  -2.27380
  -2.36403
  -2.44841
  -2.53092
  -2.61027
  -2.68621
  -2.75796
  -2.82498
  -2.88763
  -2.95026
  -3.00570
  -3.05823
  -3.10864
  -3.15726
  -3.20267
  -3.24769
  -3.29250
  -3.32971
  -3.36263
  -3.39361
  -3.42367
  -3.45176
  -3.47708
  -3.50117
  -3.52307
  -3.54367
  -3.56101
  -3.57636
  -3.59251
  -3.60694
  -3.61661
  -3.62498
  -3.63270
  -3.63682
  -3.63658
  -3.63766
  -3.64040
  -3.64044
  -3.63898
  -3.63487
  -3.62836
  -3.62104
  -3.61210
  -3.60273
  -3.59058
  -3.57983
  -3.56719
  -3.55254
  -3.53985
  -3.52509
  -3.50625
  -3.49043
  -3.47460
  -3.45891
  -3.44151
  -3.42124
  -3.39653
  -3.37426
  -3.35100
  -3.32965
  -3.30533
  -3.28017
  -3.25311
  -3.22757
  -3.20278
  -3.17231
  -3.14410
  -3.11728
  -3.08919
  -3.06124
  -3.03288
  -3.00038
  -2.96700
  -2.93548
  -2.90506
  -2.87333
  -2.84142
  -2.80767
  -2.77482
  -2.74323
  -2.71152
  -2.67950
  -2.64638
  -2.61548
  -2.57909
  -2.54235
  -2.50704
  -2.47209
  -2.43906
  -2.40512
  -2.36954
  -2.33458
  -2.30311
  -2.27030
  -2.23417
  -2.19883
  -2.16418
  -2.12598
  -2.08920
  -2.05667
  -2.02084
  -1.98601
  -1.95252
  -1.92071
  -1.88574
  -1.85224
  -1.81659
  -1.77862
  -1.74269
  -1.70884
  -1.67516
  -1.64144
  -1.61073
  -1.57910
  -1.54542
  -1.51124
  -1.48087
  -1.45037
  -1.41856
  -1.38570
  -1.35217
  -1.32014
  -1.28845
  -1.25721
  -1.22940
  -1.20264
  -1.17483
  -1.14382
  -1.11498
  -1.08612
  -1.05700
  -1.02935
  -0.99841
  -0.96872
  -0.94160
  -0.91106
  -0.88307
  -0.85631
  -0.82890
  -0.79994
  -0.77101
  -0.74469
  -0.72100
  -0.69572
  -0.67097
  -0.64406
  -0.61792
  -0.59137
  -0.56690
  -0.53626
  -0.50699
  -0.48363
  -0.46194
  -0.44010
  -0.41645
  -0.39393
  -0.37500
  -0.35678
  -0.33687
  -0.31414
  -0.29225
  -0.26689
  -0.24388
  -0.22408
  -0.20504
  -0.18359
  -0.16435
  -0.14407
  -0.12211
  -0.10008
  -0.08062
  -0.06021
  -0.04229
  -0.02827
  -0.01274
   0.00929
   0.03080
   0.05251
   0.06901
   0.08474
   0.10288
   0.12185
   0.13757
   0.15448
   0.16892
   0.18005
   0.19222
   0.20926
   0.22803
   0.24318
   0.26042
   0.27691
   0.29075
   0.30410
   0.31648
   0.33003
   0.34277
   0.35344
   0.36606
   0.37995
   0.39120
   0.40410
   0.41673
   0.42768
   0.44106
   0.45252
   0.46431
   0.47732
   0.48920
   0.50284
   0.51378
   0.52009
   0.52953
   0.54167
   0.54981
   0.55732
   0.56707
   0.57461
   0.58511
   0.59454
   0.60317
   0.61343
   0.61988
   0.62717
   0.63351
   0.64335
   0.65057
   0.65663
   0.66221
   0.67108
   0.67705
   0.68541
   0.69513
   0.70001
   0.70441
   0.70824
   0.71498
   0.72073
   0.72766
   0.73715
   0.74316
   0.74841
   0.75324
   0.75805
   0.76731
   0.76987
   0.76913
   0.77322
   0.77513
   0.77663
   0.77996
   0.78522
   0.79000
   0.79356
   0.79931
   0.80508
   0.80673
   0.80817
   0.81026
   0.81167
   0.81565
   0.82022
   0.82498
   0.82707
   0.82748
   0.82808
   0.82853
   0.82864
   0.82999
   0.83244
   0.83615
   0.83878
   0.83994
   0.84149
   0.84209
   0.84369
   0.84506
   0.84553
   0.84379
   0.84186
   0.84455
   0.84721
   0.84793
   0.85004
   0.85080
   0.85089
   0.85136
   0.85116
   0.84911
   0.84714
   0.84705
   0.84599
   0.84579
   0.84538
   0.84587
   0.84811
   0.85017
   0.85122
   0.84820
   0.84625
   0.84434
   0.84361
   0.83983
   0.83970
   0.83838
   0.83578
   0.83181
   0.82744
   0.82732
   0.82551
   0.82251
   0.81920
   0.81836
   0.81712
   0.81864
   0.81676
   0.81558
   0.81426
   0.81249
   0.80806
   0.80264
   0.79941
   0.79504
   0.79351
   0.79289
   0.79324
   0.79070
   0.79012
   0.79019
   0.78827
   0.78369
   0.78239
   0.78126
   0.77889
   0.77773
   0.77720
   0.77451
   0.77283
   0.76744
   0.76233
   0.75616
   0.75092
   0.74750
   0.74465
   0.74280
   0.74090
   0.73803
   0.73789
   0.73798
   0.73379
   0.72734
   0.72176
   0.71715
   0.71361
   0.71092
   0.70897
   0.70733
   0.70335
   0.69771
   0.69458
   0.69467
   0.68969
   0.68765
   0.68532
   0.68203
   0.67853
   0.67733
   0.67307
   0.66914
   0.66568
   0.65699
   0.65095
   0.65011
   0.65039
   0.64918
   0.64740
   0.64448
   0.63902
   0.63327
   0.62667
   0.62190
   0.61981
   0.61824
   0.61304
   0.60734
   0.60361
   0.60064
   0.59745
   0.59388
   0.59258
   0.58723
   0.58240
   0.57951
   0.57600
   0.57099
   0.56690
   0.56392
   0.56250
   0.56073
   0.55891
   0.55577
   0.55224
   0.54869
   0.54146
   0.53631
   0.53438
   0.53299
   0.53126
   0.52817
   0.52090
   0.51634
   0.51325
   0.51411
   0.51142
   0.50548
   0.50050
   0.49808
   0.49560
   0.49156
   0.48951
   0.48437
   0.47931
   0.47241
   0.46890
   0.46722
   0.46168
   0.45595
   0.45448
   0.45459
   0.45281
   0.44633
   0.44255
   0.43784
   0.43499
   0.43266
   0.42760
   0.42385
   0.42113
   0.41958
   0.41990
   0.42137
   0.41673
   0.41209
   0.40887
   0.40729
   0.40268
   0.39507
   0.38956
   0.38682
   0.38889
   0.38847
   0.38511
   0.38292
   0.38076
   0.37611
   0.37052
   0.36801
   0.36534
   0.36270
   0.36275
   0.35976
   0.35236
   0.34790
   0.34573
   0.34527
   0.34425
   0.33754
   0.33445
   0.33316
   0.32991
   0.32818
   0.32348
   0.32167
   0.31839
   0.31611
   0.31323
   0.30981
   0.30402
   0.30187
   0.29940
   0.29810
   0.29708
   0.29751
   0.29073
   0.28441
   0.28197
   0.27880
   0.27775
   0.27488
   0.27033
   0.26869
   0.26952
   0.26686
   0.26332
   0.26245
   0.25997
   0.25917
   0.25767
   0.25309
   0.24885
   0.24656
   0.24280
   0.23760
   0.23417
   0.23269
   0.22838
   0.22685
   0.22600
   0.22476
   0.22270
   0.22020
   0.21457
   0.21430
   0.21463
   0.21037
   0.20440
   0.20241
   0.19932
   0.19796
   0.19989
   0.20508
   0.20358
   0.20092
   0.19546
   0.18963
   0.18558
   0.18057
   0.17800
   0.17523
   0.17309
   0.17218
   0.17142
   0.17199
   0.17094
   0.16698
   0.16369
   0.16161
   0.15743
   0.15401
   0.15147
   0.15221
   0.15339
   0.15323
   0.14871
   0.14626
   0.14693
   0.14376
   0.13800
   0.13560
   0.13508
   0.13540
   0.13481
   0.13381
   0.13288
   0.13220
   0.12863
   0.12625
   0.12357
   0.12236
   0.12022
   0.11638
   0.11492
   0.11376
   0.11141
   0.10998
   0.10782
   0.10501
   0.10474
   0.10774
   0.10660
   0.10568
   0.10288
   0.09959
   0.09770
   0.09734
   0.09628
   0.09339
   0.09434
   0.09473
   0.09181
   0.09258
   0.09390
   0.09101
   0.08866
   0.08816
   0.08730
   0.08636
   0.08271
   0.07667
   0.07202
   0.07136
   0.07281
   0.07382
   0.07482
   0.07198
   0.06929
   0.06699
   0.06535
   0.06678
   0.06563
   0.06498
   0.06238
   0.06235
   0.06270
   0.06375
   0.06350
   0.06198
   0.05949
   0.05523
   0.05107
   0.05019
   0.05278
   0.05365
   0.05407
   0.05142
   0.05038
   0.04981
   0.05094
   0.05019
   0.05063
   0.04787
   0.04555
   0.04391
   0.04332
   0.04074
   0.04031
   0.03868
   0.03623
   0.03391
   0.03463
   0.03406
   0.03534
   0.03797
   0.03785
   0.03287
   0.02960
   0.02666
   0.02458
   0.02610
   0.02788
   0.02504
   0.02174
   0.02104
   0.02022
   0.02097
   0.02235
   0.02011
   0.02006
   0.01790
   0.01345
   0.01188
   0.01181
   0.01132
   0.01087
   0.01234
   0.01268
   0.01090
   0.01092
   0.00693
   0.00384
   0.00127
   0.00083
   0.00015
   0.00210
   0.00474
   0.00789
   0.00963
   0.00701
   0.00351
  -0.00045
   0.00194
   0.00247
   0.00182
   0.00229
  -0.00086
   0.00246
   0.00525
   0.00619
   0.00271
   0.00154
   0.00412
   0.00311
   0.00060
  -0.00323
  -0.00422
  -0.00545
  -0.00518
  -0.00457
  -0.00630
  -0.00841
  -0.01090
  -0.01130
  -0.01016
  -0.00806
  -0.00888
  -0.01002
  -0.01176
  -0.01438
  -0.01400
  -0.01076
  -0.01065
  -0.01089
  -0.01120
  -0.01150
  -0.01256
  -0.01105
  -0.01042
  -0.01023
  -0.00949
  -0.00849
  -0.00974
  -0.00919
  -0.00947
  -0.01146
  -0.01227
  -0.01268
  -0.01384
  -0.01524
  -0.01355
  -0.01272
  -0.01252
  -0.01012
  -0.01090
  -0.01395
  -0.01530
  -0.01716
  -0.01913
  -0.02003
  -0.01891
  -0.01764
  -0.01727
  -0.01727
  -0.01475
  -0.01381
  -0.01413
  -0.01587
  -0.01832
  -0.01597
  -0.01548
  -0.01677
  -0.02095
  -0.01818
  -0.01804
  -0.01891
  -0.01878
  -0.01804
  -0.01745
  -0.01586
  -0.01602
  -0.01829
  -0.02021
  -0.01795
  -0.01761
  -0.01573
  -0.01631
  -0.01745
  -0.01621
  -0.01348
  -0.01591
  -0.01942
  -0.01720
  -0.01681
  -0.01807
  -0.02091
  -0.02275
  -0.02390
  -0.02036
  -0.01969
  -0.02106
  -0.02188
  -0.01950
  -0.01980
  -0.01891
  -0.01714
  -0.01598
  -0.01601
  -0.01268
  -0.01252
  -0.01274
  -0.01350
  -0.01471
  -0.01589
  -0.01442
  -0.01505
  -0.01360
  -0.01510
  -0.01977
  -0.02052
  -0.01764
  -0.01431
  -0.01533
  -0.01833
  -0.01553
  -0.01483
  -0.01305
  -0.01179
  -0.01294
  -0.01466
  -0.01512
  -0.01444
  -0.01298
  -0.00934
  -0.00813
  -0.00774
  -0.00921
  -0.01120
  -0.01296
  -0.01382
  -0.01205
  -0.01338
  -0.01238
  -0.01017
  -0.00840
  -0.00883
  -0.00516
  -0.00423
  -0.00749
  -0.00874
  -0.01039
  -0.01131
  -0.01079
  -0.00843
  -0.00447
  -0.00228
   0.00019
   0.00019
   0.00019
   0.00019
   0.00019
   0.00019
   0.00019
   0.00019
   0.00019
   0.00019
   0.00019
   0.00019
   0.00019
   0.00019
   0.00019
   0.00019
   0.00019
   0.00019
   0.00019
   0.00019
   0.00019
   0.00019
   0.00019
   0.00019
   0.00019
   0.00019
   0.00019
   0.00019
   0.00019
   0.00019
   0.00019
   0.00019
   0.00019
   0.00019
   0.00019
   0.00019
   0.00019
   0.00019
   0.00019
   0.00019
   0.00019
   0.00019
   0.00019
   0.00019
   0.00019
   0.00019
   0.00019
   0.00019
   0.00019
   0.00019
   0.00019
   0.00019
   0.00019
   0.00019
   0.00019
   0.00019
   0.00019
   0.00019
   0.00019
   0.00019
   0.00019
   0.00019
   0.00019
   0.00019
   0.00019
   0.00019
   0.00019
   0.00019
   0.00019
   0.00019
   0.00019
   0.00019
   0.00019
   0.00019
   0.00019
   0.00019
   0.00019
   0.00019
   0.00019
   0.00019
   0.00019
   0.00019
   0.00019
   0.00019
   0.00019
   0.00019
   0.00019
   0.00019
   0.00019
   0.00019
   0.00019
   0.00019
   0.00019
   0.00019
   0.00019
   0.00019
   0.00019
   0.00019
   0.00019
   0.00019
   0.00019
   0.00019
   0.00019
   0.00019
   0.00019
   0.00019
   0.00019
   0.00019
   0.00019
   0.00019
   0.00019
   0.00019
   0.00019
   0.00019
   0.00019
   0.00019
   0.00019
   0.00019
   0.00019
   0.00019
   0.00019
   0.00019
   0.00019
   0.00019
   0.00019
   0.00019
   0.00019
   0.00019
   0.00019
   0.00019
   0.00019
   0.00019