  -0.00000
   1.42277
   1.90232
   2.62194
   3.61964
   4.84764
   6.16738
   7.45074
   8.72389
   9.98898
  10.96774
  10.22062
   9.24877
   8.48933
   7.97578
   7.52742
   7.12657
   6.77977
   6.49854
   6.22983
   5.95771
   5.69317
   5.44468
   5.17792
   4.88641
   4.59880
   4.33256
   4.06813
   3.80492
   3.54230
   3.28392
   3.03380
   2.79510
   2.57574
   2.35644
   2.14764
   1.93301
   1.73613
   1.54664
   1.35691
   1.16464
   0.97120
   0.79696
   0.63932
   0.47426
   0.31787
   0.17483
   0.01952
  -0.12065
  -0.24997
  -0.38598
  -0.50530
  -0.62101
  -0.73542
  -0.84383
  -0.95839
  -1.06695
  -1.17150
  -1.26610
  -1.35370
  -1.44427
  -1.52688
  -1.60555
  -1.67876
  -1.75523
  -1.83150
  -1.90114
  -1.96384
  -2.03361
  -2.09576
  -2.14691
  -2.19844
  -2.26024
  -2.31070
  -2.35652
  -2.39967
  -2.44693
  -2.49078
  -2.51357
  -2.53831
  -2.55908
  -2.58036
  -2.60231
  -2.63038
  -2.65694
  -2.67990
  -2.70670
  -2.72924
  -2.73783
  -2.74295
  -2.74953
  -2.75562
  -2.76286
  -2.77729
  -2.78532
  -2.79198
  -2.79550
  -2.79484
  -2.80026
  -2.79818
  -2.78770
  -2.78171
  -2.78203
  -2.76869
  -2.76866
  -2.76174
  -2.74949
  -2.73714
  -2.72925
  -2.71387
  -2.70726
  -2.70475
  -2.70008
  -2.68486
  -2.66197
  -2.65135
  -2.62976
  -2.60983
  -2.58919
  -2.56625
  -2.54802
  -2.52436
  -2.50581
  -2.48538
  -2.45951
  -2.43444
  -2.40369
  -2.39795
  -2.38504
  -2.35880
  -2.33661
  -2.30730
  -2.28765
  -2.25761
  -2.23930
  -2.21702
  -2.18848
  -2.15876
  -2.12787
  -2.10245
  -2.08107
  -2.06294
  -2.03231
  -2.00164
  -1.97627
  -1.94690
  -1.90925
  -1.88409
  -1.85831
  -1.83787
  -1.80520
  -1.78539
  -1.75523
  -1.72606
  -1.69918
  -1.66897
  -1.63631
  -1.60726
  -1.57339
  -1.54957
  -1.52421
  -1.49813
  -1.47681
  -1.45604
  -1.42317
  -1.39692
  -1.37791
  -1.35388
  -1.32167
  -1.28848
  -1.25092
  -1.22228
  -1.20680
  -1.18933
  -1.17388
  -1.14577
  -1.12649
  -1.09822
  -1.06235
  -1.02977
  -1.00862
  -0.98831
  -0.96078
  -0.92429
  -0.90200
  -0.88139
  -0.85726
  -0.83125
  -0.80155
  -0.78951
  -0.76563
  -0.74876
  -0.73315
  -0.71983
  -0.69660
  -0.66875
  -0.64545
  -0.60663
  -0.58783
  -0.57232
  -0.55657
  -0.54364
  -0.51985
  -0.49512
  -0.47553
  -0.45854
  -0.43975
  -0.42488
  -0.40827
  -0.38890
  -0.37131
  -0.35253
  -0.33097
  -0.31980
  -0.29247
  -0.27216
  -0.25206
  -0.24382
  -0.23539
  -0.21218
  -0.19419
  -0.18277
  -0.16782
  -0.15066
  -0.12618
  -0.10563
  -0.09029
  -0.07303
  -0.04599
  -0.03857
  -0.03072
  -0.02753
  -0.01150
   0.00760
   0.02248
   0.03432
   0.04202
   0.05681
   0.07131
   0.08490
   0.10283
   0.11545
   0.12176
   0.12010
   0.13378
   0.15228
   0.16593
   0.18330
   0.19448
   0.20582
   0.21605
   0.22898
   0.23416
   0.24240
   0.25317
   0.26449
   0.28070
   0.29342
   0.29685
   0.31215
   0.32356
   0.32875
   0.32152
   0.31925
   0.32381
   0.33520
   0.35827
   0.36830
   0.37710
   0.38365
   0.39139
   0.39708
   0.40620
   0.41273
   0.42865
   0.43139
   0.44383
   0.46266
   0.47202
   0.47098
   0.46970
   0.47918
   0.47871
   0.47993
   0.47967
   0.48762
   0.48244
   0.48967
   0.49433
   0.50128
   0.50999
   0.52265
   0.51884
   0.52528
   0.53543
   0.54186
   0.54485
   0.53800
   0.54933
   0.55316
   0.55515
   0.55483
   0.55584
   0.55422
   0.55902
   0.57233
   0.57411
   0.57132
   0.58331
   0.58987
   0.59333
   0.60324
   0.61075
   0.59992
   0.59443
   0.59756
   0.60694
   0.60383
   0.59944
   0.60501
   0.61409
   0.60649
   0.60507
   0.60208
   0.60370
   0.59467
   0.60015
   0.60853
   0.62086
   0.61838
   0.61947
   0.62806
   0.63088
   0.62641
   0.62125
   0.61497
   0.60826
   0.61348
   0.61372
   0.60956
   0.60676
   0.61233
   0.61530
   0.61041
   0.60952
   0.61495
   0.61679
   0.62280
   0.62394
   0.62208
   0.61718
   0.61093
   0.60694
   0.60791
   0.60212
   0.60416
   0.61444
   0.61790
   0.60632
   0.59937
   0.59660
   0.59999
   0.59864
   0.59982
   0.59845
   0.59911
   0.59608
   0.60140
   0.60026
   0.60763
   0.60218
   0.59476
   0.59436
   0.59689
   0.59407
   0.58640
   0.58407
   0.58119
   0.57256
   0.57521
   0.57375
   0.57367
   0.57405
   0.57032
   0.57219
   0.57223
   0.57510
   0.57882
   0.57341
   0.57201
   0.56473
   0.56499
   0.55908
   0.55381
   0.54133
   0.54288
   0.54749
   0.54125
   0.53788
   0.53474
   0.52937
   0.52987
   0.53810
   0.53483
   0.52735
   0.52142
   0.51747
   0.51366
   0.52300
   0.52892
   0.53377
   0.53119
   0.53307
   0.52627
   0.51344
   0.50445
   0.49499
   0.49176
   0.48564
   0.48423
   0.48131
   0.48746
   0.48767
   0.49402
   0.49576
   0.50059
   0.49725
   0.48576
   0.48172
   0.47720
   0.47633
   0.46542
   0.46965
   0.46111
   0.45592
   0.45579
   0.45523
   0.44304
   0.43924
   0.44462
   0.44135
   0.43525
   0.43358
   0.42745
   0.43295
   0.42625
   0.41233
   0.41487
   0.41377
   0.42340
   0.42609
   0.42302
   0.41593
   0.40611
   0.41116
   0.40591
   0.40381
   0.40231
   0.39360
   0.38464
   0.39099
   0.39371
   0.39734
   0.38680
   0.38215
   0.37742
   0.37003
   0.37216
   0.37171
   0.37935
   0.37853
   0.37948
   0.37889
   0.35588
   0.35091
   0.34567
   0.33973
   0.34359
   0.34311
   0.33967
   0.33418
   0.33812
   0.33500
   0.33242
   0.33028
   0.32302
   0.31052
   0.31230
   0.31397
   0.31291
   0.31444
   0.32202
   0.31309
   0.30289
   0.29753
   0.30059
   0.29002
   0.28660
   0.28917
   0.29092
   0.29070
   0.28146
   0.28429
   0.28340
   0.27615
   0.27898
   0.27177
   0.26689
   0.27308
   0.27615
   0.28894
   0.28717
   0.28348
   0.27600
   0.26650
   0.25496
   0.25373
   0.25271
   0.25986
   0.25373
   0.25169
   0.26449
   0.26127
   0.25676
   0.24776
   0.23938
   0.24457
   0.24617
   0.24459
   0.23078
   0.22808
   0.22912
   0.23007
   0.23333
   0.23358
   0.23543
   0.23672
   0.22341
   0.20599
   0.20682
   0.21170
   0.20456
   0.20962
   0.20762
   0.20567
   0.19940
   0.20170
   0.20133
   0.20567
   0.20638
   0.19896
   0.19922
   0.19504
   0.19841
   0.19741
   0.19889
   0.20193
   0.19993
   0.19170
   0.18145
   0.17975
   0.17800
   0.16678
   0.16635
   0.16618
   0.16634
   0.16889
   0.17029
   0.17415
   0.16789
   0.14974
   0.14982
   0.15849
   0.16388
   0.16033
   0.15441
   0.15081
   0.15189
   0.15095
   0.15230
   0.14318
   0.13855
   0.14451
   0.14623
   0.14447
   0.14046
   0.13938
   0.13986
   0.14335
   0.13703
   0.13815
   0.13691
   0.12600
   0.12572
   0.12347
   0.12668
   0.12647
   0.12933
   0.12202
   0.11495
   0.10916
   0.10885
   0.11033
   0.11844
   0.11934
   0.12386
   0.12423
   0.12792
   0.11843
   0.11029
   0.10644
   0.11158
   0.11597
   0.11385
   0.10002
   0.09255
   0.08878
   0.09023
   0.08773
   0.09059
   0.09039
   0.09057
   0.09267
   0.09387
   0.08782
   0.08303
   0.08263
   0.08756
   0.08792
   0.08660
   0.08828
   0.08988
   0.08055
   0.07502
   0.07698
   0.07732
   0.08104
   0.08211
   0.07816
   0.07391
   0.07952
   0.06876
   0.06324
   0.05279
   0.05308
   0.05862
   0.07142
   0.06982
   0.07603
   0.07579
   0.06190
   0.05460
   0.05698
   0.06938
   0.07319
   0.07911
   0.07277
   0.06317
   0.06453
   0.05696
   0.05139
   0.05269
   0.05580
   0.05990
   0.05815
   0.05538
   0.04735
   0.04020
   0.04352
   0.04189
   0.05064
   0.05107
   0.05553
   0.05727
   0.05612
   0.04958
   0.04137
   0.04584
   0.05273
   0.04449
   0.03872
   0.03421
   0.03626
   0.03499
   0.03780
   0.04104
   0.04590
   0.04243
   0.04429
   0.04646
   0.04166
   0.03408
   0.01544
   0.00603
   0.00153
   0.00520
   0.00857
   0.02048
   0.02581
   0.03314
   0.02974
   0.03111
   0.03473
   0.03005
   0.02635
   0.02375
   0.02723
   0.01520
   0.00900
   0.02162
   0.02304
   0.02586
   0.02172
   0.01800
   0.01867
   0.02582
   0.03537
   0.03424
   0.03000
   0.02618
   0.02307
   0.02574
   0.02759
   0.02775
   0.01725
   0.02149
   0.01953
   0.01881
   0.01310
   0.00789
  -0.00221
  -0.00085
   0.00060
   0.00535
   0.00683
   0.01041
   0.00551
   0.00392
   0.00582
   0.00597
   0.01224
   0.01113
  -0.00061
  -0.00448
   0.00687
   0.01182
   0.01633
   0.01228
   0.00912
   0.00747
   0.00889
   0.01266
   0.00696
   0.00240
   0.01529
   0.01355
   0.01601
   0.02448
   0.01546
   0.01903
   0.01288
   0.01847
   0.01255
   0.00288
   0.00212
   0.00083
   0.00372
   0.00832
   0.01206
   0.01004
   0.00216
   0.00070
   0.00268
   0.00622
   0.01193
   0.01431
   0.01405
   0.01614
   0.00020
  -0.00557
   0.00193
   0.00118
  -0.00847
  -0.00815
   0.00413
   0.00756
  -0.00166
   0.00213
   0.00028
  -0.00045
   0.00334
  -0.00750
  -0.00437
  -0.00546
   0.00100
   0.00580
   0.00711
   0.00166
   0.00382
   0.00341
   0.00750
   0.01206
   0.01447
   0.00979
   0.00608
  -0.00117
   0.00101
  -0.00554
  -0.00486
  -0.00418
  -0.00428
  -0.00255
  -0.00335
   0.00167
  -0.00389
  -0.00869
  -0.00117
  -0.00441
  -0.00674
  -0.00632
  -0.00449
  -0.01428
  -0.02167
  -0.01610
  -0.01312
  -0.02164
  -0.01644
  -0.00754
   0.00140
   0.00508
   0.00891
   0.00852
   0.00936
   0.00829
   0.00645
   0.00170
   0.00602
   0.01046
   0.01050
   0.00821
   0.00178
  -0.00714
  -0.01931
  -0.01225
  -0.00369
  -0.00351
   0.00125
   0.00643
   0.00365
   0.00598
   0.00132
   0.00055
  -0.00264
  -0.00262
   0.00397
   0.01202
   0.01507
   0.01571
   0.00611
   0.01151
   0.01444
   0.01022
   0.00643
   0.01424
   0.00802
   0.00613
   0.00026
  -0.01213
  -0.00499
   0.00461
   0.00748
   0.00353
   0.01015
   0.01430
   0.01084
   0.00933
   0.01917
   0.01579
   0.00875
   0.00410
  -0.00522
  -0.00239
   0.00544
   0.01152
   0.02033
   0.01049
   0.00891
   0.00563
   0.00444
   0.01630
   0.02752
   0.02454
   0.02098
   0.02098
   0.02098
   0.02098
   0.02098
   0.02098
   0.02098
   0.02098
   0.02098
   0.02098
   0.02098
   0.02098
   0.02098
   0.02098
   0.02098
   0.02098
   0.02098
   0.02098
   0.02098
   0.02098
   0.02098
   0.02098
   0.02098
   0.02098
   0.02098
   0.02098
   0.02098
   0.02098
   0.02098
   0.02098
   0.02098
   0.02098
   0.02098
   0.02098
   0.02098
   0.02098
   0.02098
   0.02098
   0.02098
   0.02098
   0.02098
   0.02098
   0.02098
   0.02098
   0.02098
   0.02098
   0.02098
   0.02098
   0.02098
   0.02098
   0.02098
   0.02098
   0.02098
   0.02098
   0.02098
   0.02098
   0.02098
   0.02098
   0.02098
   0.02098
   0.02098
   0.02098
   0.02098
   0.02098
   0.02098
   0.02098
   0.02098
   0.02098
   0.02098
   0.02098
   0.02098
   0.02098
   0.02098
   0.02098
   0.02098
   0.02098
   0.02098
   0.02098
   0.02098
   0.02098
   0.02098
   0.02098
   0.02098
   0.02098
   0.02098
   0.02098
   0.02098
   0.02098
   0.02098
   0.02098
   0.02098
   0.02098
   0.02098
   0.02098
   0.02098
   0.02098
   0.02098
   0.02098
   0.02098
   0.02098
   0.02098
   0.02098
   0.02098
   0.02098
   0.02098
   0.02098
   0.02098
   0.02098
   0.02098
   0.02098
   0.02098
   0.02098
   0.02098
   0.02098
   0.02098
   0.02098
   0.02098
   0.02098
   0.02098
   0.02098
   0.02098
   0.02098
   0.02098
   0.02098
   0.02098
   0.02098
   0.02098
   0.02098
   0.02098
   0.02098
   0.02098
   0.02098