257.175
459.517
8.32369
75.1957
7.32906
186.211
85.0662
182.988
121.195
202.754
96.2194
7.14869
405.411
6.30635
7.36136
387.975
48.7355
243.076
312.761
355.214
39.0744
292.587
370.957
184.606
518.819
575.076
64.1016
4.0286
7.33051
216.796
7.06172
7.43175
8.18597
530.092
545.639
69.8403
6.99436
104.703
7.04162
67.3529
203.425
190.081
7.36706
123.306
418.52
317.639
229.765
397.17
294.868
45.0891
7.76636
28.7543
341.777
527.245
478.344
48.9185
67.6225
17.0004
480.132
127.764
149.92
210.783
474.519
524.483
7.50456
7.19824
6.32027
7.6102
7.18974
7.00814
421.257
6.99864
468.701
10.6
263.277
481.623
7.74148
7.02347
252.317
141.966
8.68492
54.9579
231.06
6.70947
413.93
33.5032
6.86963
7.49896
60.2706
260.283
313.975
219.098
30.0475
325.361
252.555
7.44624
7.60394
6.18622
446.733
373.77
148.065
176.25
7.13339
327.783
6.03396
264.979
7.64441
7.34014
105.906
176.022
459.332
77.1521
344.521
6.93521
325.691
8.78392
410.766
289.03
9.22213
562.036
176.015
345.181
375.938
7.38012
141.353
204.268
391.649
84.9305
196.737
45.2948
7.92248
200.473
151.716
251.297
154.041
460.947
7.22948
486.347
7.20186
98.2416
86.6435
332.923
7.64189
357.571
142.106
427.478
322.62
7.61023
335.433
494.989
217.965
7.30283
284.344
6.90155
242.441
6.55227
499.805
363.815
72.9467
7.1802
8.2707
65.3473
408.696
80.9781
515.312
6.13443
193.429
6.95908
280.799
384.867
336.057
564.811
170.276
490.387
546.676
7.57386
475.205
355.738
7.61589
199.548
45.9609
269.744
7.05542
6.88946
300.388
523.49
175.044
125.337
161.078
7.34523
7.18419
211.555
93.7706
5.38257
377.688
7.4775
554.251
287.749
9.89242
7.20778
378.944
23.1706
7.1556
416.92
5.66604
440.767
56.2388
6.15036
255.738
381.508
118.6
162.747
352.174
349.58
7.18499
505.247
318.328
63.9577
7.91699
251.995
56.7587
372.944
205.132
282.596
481.282
130.043
7.7645
554.088
257.39
529.628
102.282
137.192
504.959
296.132
2.68526
7.09156
251.945
273.759
267.242
416.826
19.4006
123.796
346.078
362.208
24.8699
201.41
96.5785
7.33531
236.853
46.9925
358.183
7.31933
206.753
312.881
6.98309
118.54
151.583
8.85847
7.13568
296.245
306.811
234.948
297.727
98.827
5.73096
6.93465
420.458
448.144
216.607
143.58
314
7.49751
343.496
120.305
448.369
396.62
7.46241
68.8209
6.79471
281.691
131.546
6.37677
7.50112
203.726
5.42241
188.29
74.4404
144.285
414.685
6.36414
234.017
7.62328
5.97303
7.30861
186.644
239.363
28.5044
419.564
331.149
312.374
295.183
203.356
68.162
7.52054
448.412
7.88043
2.82533
6.91673
6.68893
8.22345
502.717
7.23634
304.152
439.568
6.97471
522.502
8.42826
7.48304
275.319
410.291
364.129
118.938
49.045
7.75249
21.9889
192.933
131.567
7.35117
364.799
387.612
5.82762
6.31582
335.356
394.662
7.37783
426.415
154.584
7.04345
7.19815
54.384
7.21481
202.427
304.602
7.31529
7.40933
423.848
7.47272
6.99379
229.903
68.113
310.204
321.432
204.751
53.4282
148.548
245.293
8.35391
468.667
534.162
176.299
117.457
115.181
27.6428
7.13574
539.655
6.89714
172.232
579.206
9.14869
298.209
6.83873
552.763
7.23329
32.3137
499.723
7.04155
25.8303
7.67503
138.403
280.087
25.7835
135.023
7.35713
200.603
95.2184
5.31354
159.382
20.91
7.17899
304.196
427.399
377.025
257.221
6.7846
284.563
471.101
484.241
382.784
175.073
86.6258
140.618
7.99329
199.145
265.459
290.763
209.311
277.727
131.009
101.636
7.08429
267.663
6.88839
258.389
140.059
118.795
7.06756
462.175
129.688
495.552
7.32192
74.5487
87.9375
7.54323
7.07613
401.779
258.857
449.196
481.56
580.304
385.633
555.602
252.301
432.68
120.839
344.319
124.177
7.85058
58.1802
122.811
180.696
350.503
144.437
128.457
7.00139
245.069
246.096
302.3
6.73415
162.967
76.1971
36.0644
382.139
285.911
140.586
8.40449
153.981
-1.31099
7.13823
70.1741
215.124
322.614
163.569
6.90951
7.58514
7.28707
8.28273
14.3037
7.97525
7.37154
7.38104
124.003
7.07998
6.86156
281.575
6.97131
419.042
183.845
199.47
63.0318
505.349
422.598
273.86
6.47435
161.055
7.84551
31.2018
169.838
149.572
198.277
115.597
237.982
538.006
327.301
222.308
123.975
92.506
484.701
7.33387
30.2232
5.89699
285.103
8.2603
4.89412
372.157
19.4681
285.614
107.357
143.659
269.751
7.30222
346.199
353.749
149.137
137.057
7.20502
12.8846
135.367
22.7257
313.192
477.801
345.71
7.5116
78.9193
8.0105
262.869
510.808
116.865
59.9488
7.17163
92.6752
285.547
39.0405
147.974
245.659
177.802
325.678
7.06592
392.299
286.916
440.515
333.049
558.281
76.6983
217.082
8.21433
130.997
354.126
245.118
464.425
284.948
6.8698
237.965
463.806
545.885
103.157
7.143
468.175
7.78912
529.044
237.511
7.28129
151.776
289.045
387.061
6.06634
7.44704
315.999
400.284
338.431
6.54278
6.54941
10.9429
7.11369
89.8464
379.742
301.946
7.84239
235.037
169.227
7.17142
362.839
7.45434
35.5438
100.197
260.629
7.68279
491.97
109.447
267.301
8.31384
180.819
424.635
231.576
203.461
328.51
157.631
227.64
155.123
6.70974
336.911
434.749
7.38133
279.864
189.271
126.006
94.2999
402.407
1.58379
510.069
292.622
221.919
13.3659
147.196
255.2
287.743
59.2282
221.428
115.709
216.759
351.592
468.636
10.8123
59.0742
94.1943
465.224
317.239
492.274
7.53552
539.431
277.802
8.44874
6.88457
168.807
6.49115
256.084
36.1245
7.35154
191.746
241.984
7.56732
520.472
323.682
7.38485
219.277
540.147
152.796
359.646
6.66754
205.261
56.2131
7.41484
341.747
443.18
31.9706
7.27481
6.81134
157.387
232.358
304.468
321.509
306.915
303.044
7.49807
543.914
335.505
6.45252
210.763
7.60044
374.611
452.121
141.818
4.38512
177.949
193.158
7.23171
135.453
482.086
6.48246
235.962
236.456
8.57538
84.2129
325.079
81.9663
368.008
72.9674
118.84
259.135
6.67469
98.0752
448.892
226.882
512.731
5.80948
7.33969
138.737
6.66804
290.422
127
271.967
160.216
235.908
414.543
231.595
161.443
327.096
439.665
181.56
6.24231
7.5938
7.26389
8.07942
153.855
121.446
7.79608
20.5038
290.973
7.06111
13.882
325.363
142.053
265.23
258.444
18.7175
129.964
7.40639
6.99296
440.603
445.334
58.8002
248.774
7.20256
195.194
491.545
28.5868
10.1795
76.4149
72.6521
418.495
360.101
7.27533
349.694
132.504
6.18585
6.94571
412.096
20.7513
357.595
91.7552
269.199
109.566
243.21
6.52835
180.242
33.9107
507.198
5.19551
7.13767
15.3954
214.881
48.0894
530.249
551.28
226.255
321.135
320.758
10.0407
6.7243
313.045
6.69824
212.587
357.463
8.28232
398.481
265.303
451.163
55.7218
275.495
281.493
4.48309
202.336
256.925
445.645
7.53429
103.756
19.9336
317.186
75.3618
13.9156
5.89338
6.19743
176.576
65.4503
7.78928
6.91937
311.06
6.72276
254.535
7.15348
296.063
273.057
423.791
131.625
484.248
369.797
6.36608
127.879
314.242
230.209
340.919
200.432
267.321
459.667
117.566
75.4991
544.966
6.78082
175.878
166.891
6.98892
516.23
477.607
521.92
253.153
263.367
62.4578
7.03695
30.6774
269.397
156.6
309.6
322.618
252.755
395.917
15.3422
189.647
494.451
7.81027
83.1722
166.224
6.82288
129.575
8.70614
6.83587
550.941
24.4203
63.5435
406.714
422.057
274.405
6.86645
8.74614
17.6156
6.73205
440.086
7.40698
246.983
187.417
199.205
248.376
64.07
7.58939
241.767
267.545
7.10977
144.451
7.01053
386.068
191.347
7.20357
248.665
159.275
8.71534
388.666
8.0629
50.2908
450.896
490.384
7.5768
146.963
241.087
465.85
103.991
17.1901
413.412
164.488
280.122
7.09592
275.392
372.14
324.795
429.677
299.993
167.665
239.589
363.47
221.513
128.67
372.353
18.4943
10.2212
9.42407
340.086
7.33797
532.932
448.781
82.241
54.2662
7.42041
62.9542
8.92839
362.96
7.14125
170.481
551.409
225.686
75.8465
208.799
102.01
7.61241
374.363
56.1503
552.267
5.21951
446.142
196.82
7.31735
7.29205
7.16633
130.474
512.16
6.96675
452.69
108.627
34.5305
14.5097
6.81685
7.00499
43.6011
139.481
128.243
263.448
13.1336
2.83656
41.1303
7.43418
26.8244
399.552
435.635
91.593
433.714
125.328
10.1569
7.41405
282.588
7.33387
7.00009
414.741
91.5485
460.042
6.97347
484.899
129.581
438.513
213.635
501.147
7.15494
193.669
316.711
352.522
7.42136
6.91522
6.94639
12.5176
51.8853
8.24964
70.8085
260.609
7.51281
312.431
49.9099
7.58555
76.3605
288.726
7.44287
4.96046
174.752
6.05467
486.339
225.356
116.343
156.265
507.036
8.79358
148.644
195.049
339.261
115.45
7.12077
178.939
521.593
7.09165
7.75052
461.018
10.5454
17.5893
300.928
239.15
474.874
148.045
356.867
184.231
551.743
479.651
8.31539
6.33298
66.3474
345.11
273.472
347.661
440.689
433.389
6.43486
258.876
155.423
241.747
80.5712
60.1866
81.7905
7.11018
154.493
160.709
354.779
262.045
373.521
7.43689
7.53539
372.083
7.38205
8.14661
255.013
8.54798
241.826
10.7389
268.061
358.072
411.423
-2.14426
421.608
65.8686
428.331
47.113
383.025
110.275
38.2169
24.0177
429.038
97.1136
7.40255
285.632
324.265
248.388
78.617
7.2816
304.947
371.746
6.71617
197.418
317.826
343.812
65.6389
7.30731
102.729
269.51
386.372
325.209
7.10555
121.18
142.737
172.85
5.42213
243.646
247.598
6.55523
132.947
371.017
167.162
9.47677
409.255
7.02892
186.189
173.708
41.388
98.2009
7.19621
418.474
100.821
7.16348
205.052
7.91711
385.362
100.456
6.94256
414.668
285.924
201.002
6.86051
225.933
8.01668
13.91
8.08213
279.354
12.5377
203.123
284.548
182.901
205.178
190.041
220.654
42.0635
92.0232
7.92765
110.917
7.46416
6.7236
140.897
478.74
317.984
92.4776
514.729
7.04639
317.346
320.197
339.101
103.134
177.095
182.993
318.099
169.16
252.835
301.252
9.63437
240.716
388.194
41.2701
7.61061
358.277
31.3379
166.04
349.465
306.727
7.13933
67.7264
141.219
6.85431
142.446
214.98
5.92125
7.43491
6.9131
10.9642
7.33451
83.7414
7.96433
393.145
7.3331
202.217
188.344
97.2428
472.588
72.1355
381.534
492.109
366.297
6.94958
10.299
144.995
127.78
406.226
106.366
7.33451
127.783
76.73
188.26
10.3533
121.139
554.318
303.322
4.93831
7.56342
457.686
351.801
229.705
426.05
8.28885
122.756
250.59
29.0537
77.7729
7.12474
145.799
344.902
450.101
-2.54656
50.6502
125.94
373.552
6.59679
6.52825
6.97915
160.853
452.921
7.49956
16.384
97.3736
170.004
231.328
431.871
531.286
331.191
363.122
542.598
298.046
8.85188
263.524
293.089
468.818
159.415
297.968
228.058
7.16133
401.319
221.694
10.7971
359.509
7.19952
41.1921
172.822
14.5121
433.313
530.014
332.391
553.041
294.003
143.912
7.16393
132.681
126.078
190.446
117.035
6.68793
7.8008
6.91887
249.553
133.671
475.786
256.815
186.896
297.882
237.814
200.386
159.012
314.331
214.483
97.7337
135.907
163.776
327.151
352.25
437.251
427.89
174.992
421.458
448.626
7.28473
6.92546
184.871
270.259
68.9876
11.2291
10.34
316.799
102.45
7.30408
88.9346
292.182
102.49
370.54
448.178
7.91242
360.952
317.097
218.283
131.918
249.594
176.926
278.174
263.95
9.05846
418.3
232.17
173.555
62.3055
7.52337
229.07
8.38184
7.46295
8.75186
7.33135
81.9669
379.296
295.995
6.7391
7.53955
7.06096
244.71
324.975
521.119
83.6598
6.18493
437.445
6.58372
331.551
422.594
7.20252
8.37819
236.043
479.568
110.286
383.283
78.6607
16.8607
180.692
4.84568
7.22849
6.79576
174.125
440.901
6.72051
58.7421
204.853
272.59
6.26039
8.07648
52.4635
304.371
403.549
148.169
134.157
329.535
97.7386
7.71117
7.71547
34.7099
133.263
5.70495
281.795
6.93309
22.9264
115.417
64.0646
7.74956
66.3203
92.6811
4.40967
17.567
563.063
199.943
7.20227
5.07371
10.5995
208.556
309.232
268.481
8.09222
7.11307
168.104
419.699
6.89039
4.85195
445.296
181.909
20.2464
7.45969
244.591
195.729
130.476
10.5769
12.106
187.073
139.058
301.444
103.141
213.082
246.08
305.871
6.51972
566.237
79.5453
7.48985
192.661
390.717
452.238
151.742
7.84426
278.729
202.142
241.126
199.672
7.53902
437.823
6.59386
7.15022
171.031
6.81714
7.18051
200.761
6.89069
147.349
423.374
86.8335
88.863
354.358
7.32149
7.03696
399.373
252.216
7.58169
183.035
87.3791
213.401
12.8911
78.5889
382.749
6.38053
6.80059
148.269
325.819
240.084
336.826
7.85429
343.437
223.409
6.6177
107.952
202.686
427.541
131.456
125.216
7.5638
342.698
6.93965
152.986
7.08102
196.425
7.74689
271.661
74.7291
133.616
6.3572
350.186
287.419
460.837
21.3951
109.554
143.219
248.038
128.709
7.32307
394.831
103.344
6.82646
7.70989
271.704
429.042
189.307
312.668
9.13645
467.423
232.605
75.3504
51.1064
7.16255
7.11316
75.8314
82.1526
264.773
63.2644
348.677
170.278
210.5
204.537
38.3671
398.485
160.932
6.19087
146.306
6.93033
7.13411
210.349
170.792
7.13728
7.02685
85.3432
6.47527
335.417
6.9766
279.38
7.40115
8.97656
7.15652
296.685
512.817
9.72648
6.83888
216.669
240.274
145.092
7.30467
362.962
378.307
6.7847
357.311
5.18398
323.623
444.259
340.874
488.705
306.808
135.075
7.9783
161.133
226.995
395.743
194.424
6.63647
205.128
25.3043
310.751
435.493
78.3202
120.399
79.2129
7.19565
87.6
107.843
272.822
237.52
438.996
7.85466
97.2115
258.754
63.1672
429.64
149.299
478.413
146.895
14.7592
7.44932
250.384
479.71
228.455
204.303
552.612
6.47613
49.4185
10.1078
332.402
24.151
6.97578
7.0197
8.10466
7.14967
7.34264
98.0012
474.963
7.27188
87.1878
7.04011
362.415
6.70886
231.027
250.503
6.91288
237.071
239.512
495.422
223.82
194.6
7.36773
413.92
8.5778
128.344
115.531
214.837
46.7514
6.99382
458.288
350.057
7.75023
6.95777
167.172
196.565
6.87426
498.028
196.25
44.0813
20.5326
8.31502
214.482
287.193
46.2843
303.912
330.568
11.9409
432.244
6.84432
173
13.7147
343.435
333.37
487.913
198.437
7.12981
7.48916
7.60248
167.216
57.1386
35.2626
350.478
9.07886
6.13366
345.046
7.08115
392.314
7.65535
328.392
59.1736
7.22051
77.413
369.334
398.507
391.26
72.5073
131.471
306.515
17.989
265.03
150.515
7.37374
193.021
338.253
330.635
165.887
7.32722
6.48497
6.69002
335.807
284.496
107.431
6.98692
210.482
311.985
7.78711
8.01448
7.46031
7.27722
453.685
25.0812
308.181
184.35
7.16459
6.97538
6.89316
312.113
314.951
102.811
7.34356
114.74
3.07217
163.663
480.505
179.357
473.769
461.714
336.286
68.8445
7.30883
385.643
121.985
356.549
138.775
326.526
6.7659
7.51615
561.224
168.081
8.09455
535.752
426.838
271.517
166.383
191.049
388.265
127.341
280.791
378.456
393.924
72.7725
7.89926
339.18
6.95891
311.725
7.57715
216.298
362.231
8.03572
218.342
6.10483
197.483
7.70932
5.47642
505.32
157.404
7.04223
365.042
-0.197634
7.0578
154.86
319.708
424.92
304.02
7.85703
48.1901
507.308
379.25
6.7202
7.42118
181.213
164.46
164.475
8.8931
14.9798
188.762
162.885
306.709
344.889
319.486
7.33472
6.05368
43.1198
522.063
176.193
59.2023
78.1849
7.40506
477.583
320.724
491.635
138.08
425.854
361.834
14.4993
202.193
48.4629
300.807
6.97516
427.679
242.591
390.676
345.772
6.53779
461.829
472.104
191.088
320.063
125.907
16.1525
7.25141
166.75
182.85
468.907
123.772
7.36742
172.207
5.54607
180.231
337.351
375.576
6.64389
7.14675
203.616
8.5861
83.9402
287.824
342.845
25.2562
229.625
132.674
14.907
130.036
239.75
228.209
234.611
164.467
194.749
81.4949
237.391
522.94
479.488
6.61549
247.564
5.58405
304.321
210.411
268.556
485.425
50.5439
338.482
21.797
7.4089
283.131
7.81131
7.06046
243.456
22.073
384.968
346.164
93.8375
143.831
6.95494
163.314
412.017
277.964
418.115
7.13661
223.153
251.751
293.97
340.407
61.9154
198.691
488.895
87.9557
412.27
340.809
345.147
23.7611
6.99489
224.252
213.675
7.00346
23.3888
200.446
92.5931
279.944
262.126
420.512
8.25571
268.686
537.362
8.52145
404.896
57.6343
259.593
98.9436
180.337
7.00573
150.563
374.946
122.095
178.66
414.809
127.734
478.962
7.07756
132.852
177.602
5.90627
7.05812
372.207
31.6465
309.822
8.9398
94.0763
477.694
433.828
7.73239
7.09947
487.266
159.992
324.748
392.861
59.2489
183.814
7.1729
511.233
173.793
147.597
98.1141
380.007
300.154
6.70315
7.25974
7.63614
199.465
22.9417
277.063
357.123
335.736
373.882
419.49
6.7358
30.3023
282.915
7.45165
6.0204
174.85
48.6831
313.717
93.0462
55.8008
424.359
449.542
4.98783
334.075
350.346
486.798
269.756
245.045
167.758
321.005
280.862
482.813
6.71131
62.93
256.171
71.109
7.23284
133.389
513.031
8.362
353.084
201.965
507.795
474.624
156.205
406.852
7.32513
7.28147
7.32441
11.6248
113.042
287.871
345.601
199.679
6.97814
67.555
7.9993
77.7574
7.51221
448.17
435.501
6.9088
262.061
7.27515
385.946
7.32712
535.857
416.339
72.3024
301.054
7.27779
7.11414
7.02819
355.156
400.574
44.8047
54.6627
6.78596
142.85
29.3901
7.56129
444.956
6.91814
259.275
7.31189
164.929
468.978
6.54415
291.735
569.106
152.816
23.7061
7.72562
212.708
7.23251
81.9052
18.3589
133.399
516.589
6.84355
316.508
310.014
330.004
8.78854
6.7874
178.797
45.1862
84.9839
365.915
273.258
7.76513
205.345
197.609
543.768
6.35397
446.672
6.64773
99.585
8.42492
150.471
497.135
7.2638
7.28948
427.168
527.046
6.27378
272.643
6.1543
317.693
6.87369
150.315
7.20534
450.512
169.983
285.096
423.199
173.833
247.046
6.71671
399.43
375.222
452.442
261.05
302.103
71.1223
34.2342
17.6822
7.74433
295.809
9.13497
218.278
131.091
6.22275
203.593
314.046
5.15369
176.348
378.527
465.277
101.783
247.572
470.877
477.35
116.503
47.4854
346.046
366.321
587.471
7.91343
276.037
94.4505
179.995
310.881
412.566
222.043
106.108
134.797
398.728
30.0942
422.424
7.34178
349.333
124.52
334.045
227.422
360.834
528.831
7.45126
7.69924
176.042
221.283
185.335
412.492
7.42214
455.44
212.248
21.6878
7.28279
354.157
184.288
101.34
462.372
357.132
7.10294
179.778
120.628
78.0599
333.417
6.03583
154.233
348.337
7.26144
6.18082
7.25443
84.7707
7.16666
294.206
8.72717
236.1
68.5881
251.769
390.289
173.08
95.92
7.34867
396.469
81.8611
296.583
5.76132
465.001
123.99
6.50884
103.706
6.6843
196.742
8.70489
7.0588
8.89465
468.589
366.113
513.771
6.57695
341.773
377.862
7.77735
286.182
275.399
520.071
261.47
374.351
333.177
22.3995
468.961
262.734
188.343
221.716
445.02
5.98581
299.443
67.6953
363.295
413.575
57.6417
95.492
42.0399
389.249
229.698
32.5434
214.359
298.887
5.61656
99.2048
7.28743
8.42976
434.212
8.21174
446.63
509.212
74.9465
6.8715
3.77474
312.214
4.52682
268.024
108.896
150.691
6.86358
392.128
143.555
6.39107
16.748
6.31626
434.944
336.993
100.52
253.45
377.21
390.8
363.104
526.055
98.728
6.74827
460.111
7.90092
7.96367
7.30994
257.246
6.93555
370.217
420.437
167.799
350.609
350.48
199.954
443.728
354.02
129.326
281.963
385.947
110.937
7.0165
22.6798
6.94748
303.9
317.281
459.031
56.4207
31.8871
7.93607
337.771
31.8225
136.125
8.6568
23.9451
101.531
7.01049
7.41351
6.72036
124.498
7.59148
145.691
7.13415
238.288
7.33741
436.979
167.801
389.59
264.001
479.399
220.751
7.29895
490.727
6.61669
155.645
7.21465
440.393
6.07947
127.122
421.162
187.61
142.399
338.192
507.064
29.8718
423.008
7.05772
7.26628
284.542
4.41028
7.37518
445.428
8.59635
165.217
284.56
258.527
419.976
73.4102
7.26218
320.483
462.404
116.188
365.72
152.706
8.97676
153.348
7.27446
8.25805
119.695
255.059
54.0375
338.197
6.85376
5.71565
314.208
126.925
317.342
165.794
251.746
98.2175
502.715
225.755
428.189
126.509
253.529
7.1754
376.022
7.46572
339.275
251.773
8.47926
38.1702
328.968
75.9254
7.91478
270.046
77.7178
458.889
8.93165
81.054
70.7656
5.98352
79.7629
304.547
382.418
383.55
409.817
324.666
7.1288
292.824
542.649
83.8927
495.033
169.418
162.121
362.447
490.094
432.39
432.478
93.9032
534.561
352.148
160.135
130.947
28.3654
7.59325
7.35755
296.647
6.93353
6.89681
209.753
10.2304
547.649
83.6642
483.942
69.6101
30.2002
7.4614
27.2746
358.01
6.65935
8.64678
283.018
234.687
116.102
169.053
7.20915
231.358
264.736
6.96532
445.732
25.398
194.597
386.815
436.607
253.939
14.5752
42.1085
6.78542
551.295
16.861
78.3514
424.831
59.8013
140.973
451.101
59.4265
94.48
383.405
8.33547
288.028
188.18
108.262
462.501
233.695
6.51697
175.464
310.649
276.903
408.795
7.58281
7.5201
8.32357
164.777
41.6799
42.3459
110.12
116.401
38.0494
396.928
6.34319
8.89719
406.506
6.46708
230.641
368.983
255.454
7.33796
6.71377
379.4
7.20815
310.724
229.477
330.255
181.147
7.10035
12.0027
191.829
284.28
450.883
366.556
376.589
19.9348
313.005
137.12
133.416
283.008
411.633
7.27704
81.2273
39.1536
309.239
7.58918
384.808
207.935
7.0651
383.215
555.117
280.433
139.703
277.892
392.523
6.74752
8.17629
193.767
262.684
322.173
82.5593
443.394
9.1868
66.7405
566.397
164.118
7.30838
7.2655
371.896
7.16321
300.466
7.38322
305.314
81.9748
6.70837
481.051
80.0615
125.111
446.328
6.8313
474.427
159.442
11.6489
7.6158
7.35953
7.01162
7.20863
171.721
157.551
229.382
195.921
16.447
378.472
205.048
7.02324
75.3349
71.1305
222.052
220.228
101.036
351.932
194.15
118.184
190.598
6.56837
204.045
7.96436
7.44403
71.547
7.74201
295.419
547.481
368.631
348.693
241.331
7.8395
229.681
400.82
6.98691
500.661
207.141
50.7103
167.781
33.9126
7.09559
6.58464
7.16961
246.35
206.516
373.717
111.627
7.32115
313.593
172.489
6.86962
155.899
225.804
165.418
6.54677
138.064
42.5874
167.865
226.855
6.95341
7.41062
7.20657
383.888
293.436
393.108
67.4211
38.1099
7.42382
48.004
550.891
6.68008
247.522
457.573
5.80866
276.205
498.139
506.932
7.17832
290.352
6.14719
5.74915
263.965
110.635
263.005
7.31112
7.5974
448.302
94.6707
7.45362
6.51974
133.33
7.10499
29.2623
305.987
10.607
7.53178
7.68279
125.029
7.36213
157.702
7.38859
283.375
533.346
310.754
221.615
7.28999
6.96235
230.801
425.072
459.287
124.298
51.1562
311.096
-2.5385
6.78408
313.874
83.6116
443.594
69.0608
411.118
53.084
265.927
290.984
528.437
303.509
7.25186
181.637
111.946
102.173
386.731
126.906
7.36195
70.2021
7.06702
6.55766
41.8969
170.855
343.518
284.967
7.16975
482.731
441.913
274.636
318.688
415.17
1.26677
368.554
5.24348
381.011
7.30936
282.837
417.647
147.04
455.362
313.138
440.328
170.606
235.417
7.08872
7.25369
86.3397
225.723
130.249
6.94626
81.6858
345.326
266.507
33.5374
101.408
349.142
452.137
6.93269
187.608
219.023
255.646
8.5075
273.333
7.49147
286.299
6.9646
7.14086
485.693
6.93379
25.5235
311.671
171.276
5.05427
363.395
273.961
296.589
7.59588
131.854
364.631
303.687
122.643
7.72753
5.58023
476.237
202.371
259.458
258.742
166.116
156.999
7.04568
461.486
6.83353
370.17
5.89759
7.46381
4.66017
6.33178
7.77053
7.25295
7.4407
254.196
7.36736
378.022
293.428
337.374
6.84407
429.285
183.046
96.0549
7.03838
6.28959
165.005
41.5927
330.265
6.79401
177.364
443.518
208.621
6.91999
394.25
2.62163
323.917
131.868
256.669
7.16872
7.50331
126.163
79.9065
270.339
78.7907
7.39376
7.09046
288.197
413.08
6.77099
7.50107
112.188
551.616
7.3459
7.52322
243.84
168.759
153.631
7.26917
144.025
181.95
7.61853
32.7248
8.68235
116.269
6.83335
8.75536
7.07333
227.416
7.79226
360.657
5.75555
461.416
423.937
348.334
276.281
6.92594
420.892
6.8643
6.96136
14.4081
11.1689
136.82
129.418
470.872
52.6106
127.75
220.836
334.583
226.475
7.27649
296.659
7.48388
370.079
107.052
22.9827
6.6884
229.475
434.488
5.24606
5.56531
95.9389
169.667
533.362
6.86624
388.542
7.11228
173.464
417.227
58.8125
289.701
7.17015
140.392
116.88
7.57157
303.912
7.52896
95.6776
8.2306
490.198
455.95
319.366
415.55
148.828
145.204
276.767
361.104
7.33416
37.2894
6.80678
535.557
71.0575
203.81
189.83
7.23201
240.213
268.712
8.25295
94.7337
5.58848
223.194
330.363
103.379
487.78
72.1998
144.418
-74.4245
84.7347
52.8073
382.874
382.658
191.829
340.802
429.051
7.5209
7.61441
275.889
133.927
154.734
9.87253
167.883
6.71464
416.09
349.984
223.26
7.11473
175.809
7.10476
161.287
366.954
251.826
312.553
520.995
185.054
103.92
138.786
440.825
255.205
60.8209
128.375
476.784
298.617
267.877
6.78812
7.05595
4.6412
252.898
301.498
10.704
306.274
394.119
6.51817
230.304
236.224
165.657
420.64
168.862
7.46145
362.655
480.799
7.67437
130.935
7.05589
243.427
378.552
458.215
7.00512
7.06193
46.4713
238.36
7.9495
166.971
156.582
534.617
275.835
442.397
334.475
279.692
415.529
350.354
466.068
42.4323
8.26678
7.70028
209.946
221.197
309.852
412.582
115.818
7.85479
7.14465
404.531
7.25798
532.513
492.317
113.025
105.373
8.19
6.03076
232.839
106.642
8.68921
5.35715
465.077
17.9286
8.95849
168.161
303.864
298.625
546.729
11.5923
219.359
233.337
29.4607
244.001
306.408
302.517
229.318
409.865
41.6963
7.52224
6.92471
18.0145
340.532
52.6473
353.721
8.21898
254.7
0.550692
67.7287
130.425
101.176
26.62
185.015
132.015
116.109
7.3424
115.721
400.925
439.249
26.0066
28.4425
134.85
234.26
230.793
344.912
7.56871
7.39499
8.43365
174.867
218.497
7.82371
7.45024
6.18854
69.9245
393.089
296.166
7.47428
212.723
9.4803
396.436
293.901
262.116
348.764
7.47287
483.507
108.608
246.909
99.9244
168.876
78.9742
20.3855
182.614
128.699
5.66101
373.915
268.147
378.314
6.47852
89.0272
7.38156
123.177
427.466
7.45372
35.9663
115.285
200.153
7.04884
277.886
237.707
102.8
61.6725
45.0649
7.0913
223.875
274.789
8.54595
6.50932
24.9925
7.21246
28.4165
253.676
19.4123
326.654
7.37727
241.056
7.37842
331.424
338.18
7.33634
509.45
464.932
309.567
68.4447
7.55929
212.344
477.313
245.905
5.17024
6.97674
7.36106
399.687
5.2588
266.159
43.1775
7.0433
391.794
7.86132
366.688
107.765
165.259
7.33206
279.935
404.261
246.551
151.941
6.55662
87.4382
173.789
392.291
172.366
87.9544
217.453
82.6793
19.3843
132.521
143.104
7.02484
8.60192
142.428
37.3917
482.492
8.08288
7.92767
489.372
485.309
113.041
6.25406
7.64305
6.5912
128.572
407.722
164.094
356.372
198.543
7.82997
488.584
445.137
6.69706
349.113
282.207
7.39576
466.63
7.4442
132.979
243.437
193.076
6.86565
387.07
228.796
99.962
7.20091
156.64
254.544
7.25326
193.036
160.553
404.075
88.9225
7.56272
322.681
510.533
80.0523
280.079
7.33163
8.58911
7.39944
314.276
124.507
7.02142
379.964
6.93981
224.05
359.896
285.942
7.13924
201.661
7.60222
242.796
56.9132
289.251
381.295
5.41482
129.43
237.625
83.1584
140.405
51.0092
437.868
148.251
119.11
7.03496
288.569
114.731
6.3863
6.90703
48.4124
375.014
440.074
453.24
7.42808
279.561
422.767
7.04826
431.647
7.03106
285.838
7.40995
484.66
479.934
7.07703
388.883
310.415
265.309
196.914
506.669
193.539
512.122
6.98551
7.54163
116.52
6.35667
388.904
9.26264
9.15556
133.714
522.27
265.653
97.3149
234.961
265.506
265.459
7.12259
353.171
149.462
192.93
6.92392
478.966
7.36597
388.359
110.205
265.77
6.54784
24.2005
6.49168
7.35358
482.204
281.752
86.4755
428.458
364.626
113.603
7.52339
7.53556
262.68
149.724
6.8101
24.5937
345.853
109.266
6.58298
278.458
175.076
493.504
389.594
418.941
6.30774
7.87005
316.394
7.24972
341.365
23.1978
374.876
441.872
7.455
7.87559
7.49851
288.164
108.229
333.807
319.184
386.891
301.072
6.24188
367.885
326.922
6.59959
112.411
7.23442
136.234
371.248
165.028
61.3348
275.831
508.093
56.974
7.13198
410.313
7.37906
203.907
7.48454
6.68677
495.539
5.93196
7.41713
333.23
497.512
206.27
6.55427
7.3937
157.91
206.542
6.39796
524.356
-8.22354
99.0861
105.796
7.32912
7.82543
7.15325
247.353
292.355
193.614
6.7073
6.57197
282.888
464.858
7.69516
96.9972
63.6472
81.9467
410.767
209.451
7.69777
220.044
271.256
257.141
132.308
275.011
24.1342
56.3055
6.62692
137.655
278.783
385.506
22.1803
86.8648
8.27164
360.454
329.283
17.9854
40.8974
447.022
218.189
58.7709
458.996
217.967
167.052
54.7791
284.724
88.57
161.905
306.801
464.606
-1.53649
311.213
351.837
5.13985
493.16
7.93119
278.746
6.68174
223.151
291.133
198.13
19.6706
274.543
7.64687
200.942
345.692
80.1931
445.812
375.726
184.572
443.148
273.045
8.08246
7.20042
59.981
328.973
106.818
154.979
108.503
299.704
366.74
189.464
529.06
11.8677
7.32216
7.61635
86.7109
279.809
364.248
7.20148
7.66713
69.8801
182.931
521.127
197.869
219.669
101.405
430.228
218.445
247.221
103.648
305.082
331.036
422.454
367.744
369.876
274.461
241.728
424.132
198.303
396.401
121.856
45.5851
7.77008
328.949
6.88845
375.377
7.88662
6.34126
136.787
181.488
407.788
150.561
7.21467
64.6186
472.101
6.41903
7.27379
7.87804
6.94122
7.07832
348.166
7.82115
245.475
6.9631
40.5245
344.913
118.878
7.07134
53.5373
8.14861
7.9543
6.67819
413.353
273.746
7.76414
54.6787
103.008
7.28287
112.798
6.82216
507.838
226.909
357.607
349.562
7.78287
235.211
343.242
207.495
7.40476
278.772
7.32508
199.264
7.30412
429.895
196.462
7.07803
7.38702
259.879
295.461
56.9666
44.2059
315.542
7.23887
53.7831
180.526
77.4734
394.252
350.578
107.841
378.367
276.51
7.93003
7.26926
313.845
6.97465
435.726
383.12
420.928
18.2484
209.13
418.756
347.21
426.883
142.18
239.069
373.741
7.27739
7.12807
257.164
185.302
10.1725
310.165
346.847
293.707
470.731
4.55113
460.011
136.303
14.7306
6.88171
308.858
290.459
100.233
171.065
6.31634
54.0744
208.72
153.167
42.7092
566.586
6.85356
401.401
565.956
148.966
284.42
505.754
6.74505
504.251
56.1468
180.092
149.483
264.66
7.48787
7.69802
313.423
6.74306
204.972
7.96864
8.9155
6.55607
89.5927
162.822
103.938
7.13121
191.663
244.715
22.4503
94.6728
6.23206
7.91504
341.1
118.123
135.355
192.447
6.93835
7.33522
8.08449
6.24503
203.08
267.173
7.46853
361.951
286.861
202.598
217.584
69.057
6.88574
6.36999
349.731
225.073
15.7703
139.322
6.74999
207.229
49.1086
7.0963
269.561
224.204
234.966
502.645
339.155
396.213
245.698
565.372
87.3644
395.033
202.491
212.43
7.08056
7.20186
424.902
7.44761
6.87689
165.19
414.791
7.01854
6.11604
84.5018
294.115
135.278
7.50958
351.711
32.1024
230.013
6.08596
14.7713
6.95429
33.5776
486.062
405.121
7.65419
330.787
7.12196
8.06378
167.129
325.799
46.2178
330.279
77.2955
7.13245
232.573
345.452
529.676
7.05129
277.539
343.965
170.672
24.7758
7.15088
463.92
395.602
420.791
143.148
436.778
354.537
403.678
292.702
409.141
46.3562
411.132
170.544
361.307
470.559
374.873
7.13091
162.79
184.627
320.266
237.91
491.269
39.0711
205.987
77.8879
4.00819
63.161
493.727
279.136
356.362
145.453
294.454
127.699
8.07271
82.2303
304.762
374.692
7.42628
178.836
6.79097
185.72
471.859
118.674
7.16433
179.68
171.827
397.337
94.7187
323.641
52.361
300.703
226.661
230.429
7.27833
153.551
7.18545
274.181
177.545
348.664
327.137
19.5252
29.3801
351.958
7.91905
540.848
7.66175
183.137
7.89125
279.284
109.764
7.34117
7.09273
98.4224
7.55485
7.71394
6.93702
91.0113
7.18475
75.1378
219.08
475.567
6.2338
6.78958
326.116
402.534
50.0305
240.852
392.103
7.96621
69.2639
290.17
260.308
33.2691
449.766
185.516
144.273
335.023
91.9955
192.381
309.017
7.37859
135.408
552.851
56.442
7.19057
429.554
80.0188
211.511
9.31565
312.217
160.137
424.255
98.9398
195.72
187.902
505.111
264.113
532.688
6.13131
488.81
97.1491
222.239
7.55018
246.627
151.103
122.299
10.4374
164.741
459.158
185.912
7.54074
7.00914
39.7747
8.4464
556.346
568.533
7.3977
294.728
201.163
402.564
147.348
8.30047
6.87416
76.666
455.91
384
218.201
304.461
11.7187
7.00399
361.032
79.2171
51.933
7.19882
375.535
306.851
52.7353
546.887
52.9082
7.80501
366.334
6.93442
271.582
28.0187
6.98785
295.167
103.221
51.0679
321.055
296.053
342.569
78.4264
115.361
462.482
207.61
30.0562
7.73928
219.123
355.926
336.073
329.097
140.167
3.38395
343.976
7.45609
524.816
247.841
6.82888
279.541
6.75454
410.394
5.59304
401.324
40.6335
8.82528
320.602
13.206
420.126
481.863
13.225
372.442
85.8757
163.527
167.996
6.72295
8.54602
10.7718
197.336
540.996
6.94817
312.272
57.8446
244.388
341.018
48.3746
164.375
7.0575
237.885
452.794
88.4398
6.5225
7.09427
492.705
212.286
6.43645
6.52659
249.062
352.952
7.11393
6.91152
232.126
151.263
295.518
335.437
155.304
161.808
81.1208
100.809
6.03891
50.8975
54.6309
173.554
7.29755
476.532
312.486
6.96619
193.113
7.29026
7.43109
80.0601
397.224
6.19075
233.954
373.399
212.493
439.424
251.097
34.0409
94.9559
93.2668
55.0765
6.92852
6.87161
7.50909
235.369
215.461
189.976
10.6561
7.5677
16.7001
307.767
7.11036
8.44647
129.359
470.353
28.8929
7.07839
11.4876
7.37106
183.761
7.19858
6.76936
6.67848
340.346
174.866
8.08791
447.007
5.54996
6.93174
320.73
146.937
7.58995
320.483
435.868
210.581
232.265
6.41652
212.501
28.1912
41.1372
380.511
6.90251
24.2902
281.333
7.15475
532.613
6.87512
181.372
228.459
284.999
7.35311
274.98
279.741
226.719
86.0445
108.788
136.028
170.211
7.80822
94.6264
181.77
288.953
6.55024
140.336
511.53
6.91932
119.85
202.543
388.144
6.42616
79.0025
325.249
6.8245
21.2686
7.0689
168.845
16.2072
446.572
177.127
7.57158
207.856
208.726
9.5778
340.461
7.23433
198.879
7.21851
7.53701
7.207
7.66705
430.895
82.7215
6.99466
6.80566
351.955
330.844
320.525
145.859
5.969
7.74515
7.15445
7.02108
197.294
457.313
7.45601
18.3827
18.052
387.643
385.979
76.0803
240.902
7.0705
208.291
211.051
395.778
156.058
211.606
258.272
224.388
288.614
8.01353
6.89196
6.1037
97.1667
7.35578
227.322
323.719
105.362
207.945
273.977
6.48518
7.6519
314.346
8.02628
14.9456
5.04395
8.67253
370.737
579.03
391.472
140.168
263.709
7.30748
434.901
104.544
42.5196
27.1886
90.5567
7.6107
7.3789
87.5836
104.931
184.56
7.9149
6.99191
7.78572
462.772
7.65287
510.614
7.23077
416.124
68.6675
341.984
210.072
162.548
7.06612
69.0028
37.8829
7.17851
353.505
271.098
550.568
471.054
51.1547
121.705
182.865
343.047
271.547
375.617
415.354
124.681
81.6595
172.233
457.676
171.268
191.343
2.54021
189.02
296.487
185.699
245.588
9.51174
193.332
7.28507
192.398
7.14113
325.394
6.90879
313.333
6.72739
7.33732
126.459
157.93
26.2544
93.8605
8.6236
294.915
223.068
115.587
18.1897
9.67509
7.04836
89.9444
9.84425
205.875
482.553
6.04517
153.582
279.881
159.505
7.2726
236.949
360.222
7.35768
54.682
331.386
10.0938
132.146
19.7949
269.033
463.613
8.68221
7.22122
6.77053
272.358
11.4694
131.212
8.10828
7.50526
286.861
74.9677
44.5391
24.6448
7.29015
196.979
158.295
193.453
7.36584
192.747
6.92034
129.041
6.56546
348.956
474.584
261.814
6.85295
6.99202
272.021
275.57
98.5452
6.60091
210.407
534.127
10.7477
6.71101
48.491
220.121
475.52
7.74489
508.302
180.891
221.261
7.30148
287.563
10.1563
164.799
96.4605
120.123
353.07
399.885
228.113
247.016
7.60508
422.852
6.98252
40.0919
88.7177
302.785
232.747
319.195
50.3417
302.944
425.333
7.29377
456.481
27.3734
443.989
6.56118
6.72582
7.32807
352.469
307.218
429.848
8.89615
7.6809
194.357
141.327
468.855
153.766
147.292
43.8059
357.874
406.909
7.2048
7.34542
99.0223
7.24133
124.81
7.89049
7.53014
124.191
386.235
250.359
498.144
328.351
156.465
73.8305
6.55059
132.615
213.339
150.474
361.632
145.823
292.513
39.8582
7.13005
159.009
316.283
7.01802
427.266
501.97
51.3377
7.57986
7.60269
46.2943
42.2421
106.159
511.87
13.8565
198.37
216.036
361.641
429.869
7.15703
36.4288
4.06895
119.043
277.729
140.89
6.84274
267.098
7.38591
159.574
6.37111
361.083
214.199
54.3629
401.234
319.014
516.115
287.026
285.378
6.90648
239.649
330.807
7.13604
248.847
136.813
71.383
92.7967
67.6963
4.16734
51.3919
586.883
7.41288
32.8054
452.297
230.561
7.89712
110.862
7.57632
236.74
7.11623
7.17091
394.093
226.279
200.046
193.377
40.2281
134.193
434.306
159.692
6.44091
7.02154
192.425
121.235
29.0045
204.774
173.303
7.42075
142.751
214.635
6.09327
7.08959
252.415
63.703
195.318
6.37415
158.109
232.49
7.17529
325.976
65.5805
9.07616
7.01313
215.872
84.2118
568.344
6.72044
7.0159
32.2803
291.223
543.7
9.03047
557.224
6.10115
7.95847
7.65489
8.05824
6.96911
6.78785
6.99623
7.07131
530.04
6.91747
350.912
9.73659
7.21292
309.683
114.104
223.908
231.326
489.27
252.089
23.2858
7.16862
7.09719
7.25713
299.522
7.80991
180.083
7.25081
451.06
7.28952
6.89405
18.1805
43.1711
194.45
352.148
184.931
8.48479
43.3079
29.9795
334.358
478.311
302.612
387.367
355.637
300.753
282.267
216.702
442.277
80.0841
7.38224
8.50527
218.677
7.08452
6.20354
28.5203
221.392
8.14743
368.169
154.805
449.263
297.606
130.561
271.798
34.7304
456.259
302.163
7.80859
315.099
16.5101
471.158
255.843
7.4454
7.14663
33.0631
6.98684
238.523
389.103
344.078
7.27172
7.89478
106.676
137.365
545.349
32.6261
48.259
7.04089
7.18205
63.009
35.0277
7.02589
189.823
50.917
482.865
275.86
127.222
344.591
7.03081
334.56
7.3687
188.134
212.265
9.77811
190.112
450.344
265.478
571.889
290.709
363.781
131.334
154.736
98.434
69.0031
259.634
36.3312
65.2688
351.239
179.655
117.953
7.01773
513.908
98.6905
6.68435
262.932
6.68989
384.542
115.828
11.112
6.01107
7.22178
490.089
498.162
346.036
245.649
211.778
115.061
368.785
125.987
334.947
131.4
8.03545
101.404
331.014
194.45
6.88613
469.47
403.396
269.151
387.958
364.263
304.13
94.3199
105.532
217.505
397.405
161.712
283.712
543.572
273.393
7.00236
8.69847
402.289
106.483
6.87451
85.3782
7.26301
429.96
232.683
11.7436
158.851
7.6695
270.05
350.287
7.8812
7.19588
10.6982
19.8962
8.25416
7.15172
6.32318
35.508
115.424
47.1585
266.071
7.15182
378.394
-0.0116043
8.83
341.293
7.39856
6.93301
6.89474
228.676
21.1762
10.728
80.1738
182.778
7.4418
138.342
374.773
7.11293
164.743
231.4
368.483
413.539
271.279
6.16071
7.40399
228.004
8.48584
141.293
169.372
6.88631
396.074
227.889
7.41839
280.381
-0.746001
224.006
180.628
362.111
157.651
81.5532
258.502
81.94
207.543
464.017
545.08
246.912
376.269
287.24
7.12841
170.581
6.51583
6.42641
6.8304
224.667
8.31439
237.626
435.691
79.8713
267.479
172.571
285.134
32.4382
237.313
5.81244
7.212
6.22936
557.011
7.80148
7.02517
-10.1406
32.0478
560.213
69.279
341.566
209.447
111.686
142.455
330.99
7.5991
244.224
232.058
6.99563
239.646
7.39218
6.8638
115.944
230.8
257.69
416.21
437.478
7.69948
165.772
401.608
7.37039
34.673
118.625
212.434
187.111
335.791
7.23355
178.771
300.412
334.952
140.969
69.3998
195.021
126.698
127.778
16.2242
5.9939
403.342
68.2708
173.926
521.993
432.422
206.405
80.6292
542.722
99.791
6.96354
578.595
141.034
181.1
99.7382
558.125
85.4808
412.432
387.062
396.852
104.455
266.215
5.93027
7.96866
31.5586
258.009
280.13
542.232
244.788
370.908
445.578
187.032
339.033
268.679
293.306
263.127
124.068
44.0071
6.52587
460.809
77.5031
323.429
377.978
249.742
231.694
7.44857
113.165
6.0633
29.9234
195.628
261.055
191.745
469.181
66.8016
270.914
580.698
137.166
6.0735
406.621
290.242
341.468
259.148
459.11
231.038
328.788
7.05038
27.5703
5.84268
16.714
7.83394
312.512
8.17445
85.6259
7.05518
7.47311
130.035
6.54829
7.90474
307.623
123.366
209.965
175.211
214.766
444.848
5.2736
202.859
13.2576
179.986
438.997
330.757
175.067
184.642
318.034
121.488
37.9238
292.316
6.59533
442.433
247.891
59.4765
65.7568
404.25
398.632
416.999
39.5553
490.437
264.365
8.43102
7.37605
339.34
6.54965
509.392
260.064
462.55
7.30441
7.10381
91.4154
376.207
7.27348
212.983
265.682
132.5
179.945
381.083
7.32551
112.055
50.9897
7.33306
421.344
54.6552
353.481
67.2489
7.14962
336.004
293.486
10.3696
460.584
7.36232
132.592
226.156
6.99766
8.29685
100.702
183.562
232.667
80.2887
7.04371
205.341
362.299
111.492
6.17185
464.253
548.96
183.408
390.779
310.117
7.32908
6.9188
7.58406
6.02363
420.247
7.63659
40.3885
7.09621
176.692
355.13
186.385
227.451
170.178
324.508
313.474
203.871
209.284
41.7482
74.0821
374.515
272.247
7.12371
25.632
557.073
8.20574
82.7836
248.225
286.477
39.349
375.487
230.461
10.3034
264.72
104.4
74.2219
7.02985
60.3895
13.5201
312.516
8.11694
7.76764
373.333
219.382
304.264
381.215
312.315
380.963
285.049
547.411
194.624
162.381
7.74115
5.01368
7.28985
549.207
19.9482
5.67947
187.545
279.524
70.9474
6.8959
231.318
167.533
31.128
101.26
228.705
11.3902
383.693
100.308
5.87655
538.399
7.44587
7.19666
119.834
41.2597
54.3324
169.187
7.55572
7.70254
7.13563
535.206
378.221
254.682
1.3678
7.24227
7.19437
556.631
233.034
6.0453
387.658
327.952
71.8732
294.43
364.312
356.267
8.1306
544.322
371.301
234.789
174.878
553.032
221.48
278.834
516.489
400.3
7.04288
41.9849
122.283
38.3108
7.16535
7.17971
475.905
459.005
444.159
28.8673
262.158
6.86575
316.862
236.67
377.548
100.198
280.567
82.4834
180.783
293.498
61.3969
242.138
450.64
7.34544
250.883
369.385
429.038
483.409
31.2139
346.897
411.17
6.98323
6.4454
271.182
7.30684
192.85
