258
258
259
259
259
260
532
533
372
372
372
375
671
672
672
674
675
201
202
202
536
537
538
539
539
539
540
540
296
296
297
297
298
299
300
681
683
683
685
749
749
337
337
337
340
836
837
837
839
282
282
283
292
295
1157
1158
1159
1160
271
271
272
272
273
273
274
274
275
431
432
432
434
817
820
591
592
594
595
1261
1261
1262
316
317
317
318
319
319
320
1066
1066
1068
1070
562
563
564
1236
1239
1240
667
668
1178
1178
1179
1179
1180
1180
1180
802
802
803
805
805
1422
1424
1425
1425
1526
1529
127
127
128
129
129
1191
1192
1193
1193
1194
1195
896
896
897
899
899
900
1211
1213
1215
377
379
379
380
546
547
548
549
726
727
728
728
728
730
39
39
216
217
219
219
541
541
543
544
545
1231
1231
1232
1235
121
122
122
122
123
124
125
262
263
1197
1197
1200
1200
1200
1307
1307
1308
1310
1310
811
815
1531
1531
1533
1535
1535
731
731
731
731
731
733
733
734
734
734
1461
1464
76
79
80
851
851
851
852
852
853
1151
1154
1641
1643
1692
1693
1694
711
713
715
1671
1671
1672
1672
1672
1675
1675
1406
1407
1407
1538
1539
1221
1221
1222
1222
1222
1224
1224
1224
1225
501
226
226
227
228
228
230
230
608
608
608
608
609
986
987
987
988
990
1431
1431
1435
368
369
370
2128
2130
616
616
618
1502
1503
153
154
154
1586
1586
1587
1587
1588
1589
1589
1412
1412
1412
1413
1415
716
718
719
719
720
720
167
168
169
169
1788
1788
1789
1790
1790
1401
1402
1403
1404
1405
156
157
158
158
160
160
1062
1064
1065
1065
327
327
329
329
1388
1388
1388
1390
1896
1898
1899
1899
1899
1900
2301
2301
2303
697
697
697
698
699
699
700
1869
1869
1870
959
959
960
2347
2348
2349
2350
1141
1142
1143
1143
1145
1145
2872
2874
2875
2875
2875
1756
1757
1757
1759
1759
1760
2116
2118
2119
2119
2119
2011
2011
2012
2012
2013
2014
2014
2015
2097
2097
2098
2099
2704
2705
1776
1777
1778
1779
2121
2121
2122
2125
869
869
870
870
1821
1821
1821
1821
1821
1822
1824
181
181
182
182
182
183
185
185
341
342
343
343
343
343
344
345
972
972
975
975
356
356
358
358
359
360
1646
1646
1646
1647
1647
1647
1648
141
142
144
145
145
1952
1953
1955
2902
2903
2905
2676
2678
2678
1481
1482
1482
1484
1484
1485
1485
1485
1851
1851
1851
1851
1854
1855
2887
2887
2887
2888
2890
2890
16
17
2175
2175
2772
2772
2772
2772
2773
2774
2774
2228
2228
2398
2398
2399
2400
2400
1651
1651
1651
1651
1655
1655
1202
1202
1203
1204
1379
1379
1379
1379
1380
1343
1343
1344
1344
1344
2291
2294
2294
2295
491
491
492
493
493
495
495
1081
1082
1083
1084
1667
1667
1669
1669
1669
1670
1670
2571
2571
2572
2573
2573
2575
892
892
892
893
1030
1030
246
247
247
248
248
250
2232
2233
2233
2234
2234
2235
191
191
191
193
194
194
195
1721
1723
1724
1724
1724
1037
1037
1037
1038
1038
1038
1039
3052
3053
3054
3054
3054
3054
3054
3055
3055
2246
2249
2250
2250
2250
3059
3059
3060
1057
1059
1060
1060
1015
2566
2566
2567
2568
2570
2602
2603
2604
2605
2314
2314
2314
2315
2315
1096
1097
1098
1100
1100
1931
1932
1933
1934
1934
1935
1935
842
842
843
845
1516
1516
1519
1519
1520
1520
456
457
459
3566
3567
3569
1936
1937
1939
1939
1939
1940
1731
1732
1732
1732
1735
1735
1735
1735
1735
1541
1542
1543
1544
1545
1545
2707
2708
2708
2708
2709
2710
7
7
8
10
2021
2025
2025
3467
3467
3468
3469
2936
2937
2938
2939
2940
2940
2940
2744
2745
3376
3378
3379
3380
3380
3380
3171
3171
3171
3172
3172
3173
3174
3175
1552
1554
1554
1555
1555
3418
3607
3608
3406
3406
3406
3407
3408
3410
1117
1118
1118
1118
1119
1119
1120
1120
3561
3562
3563
3177
3177
3178
3178
3178
3179
706
706
706
708
4066
4067
4068
3667
3667
3667
3667
3667
3668
3669
3669
2341
2341
2342
2342
2344
2344
1051
1051
1052
1053
1055
3001
3004
2561
2561
2562
2562
2562
2562
3411
3412
3412
3413
3413
3414
3415
2351
2351
2352
2353
2353
2157
2157
2158
2159
3513
3514
3515
2666
2666
2669
2669
2669
2670
2670
4436
4438
4440
3872
3872
3872
3141
3141
3142
3145
3145
3145
4269
4269
4270
4270
2148
3424
3425
3425
631
632
632
634
634
634
634
635
3727
3730
418
418
418
419
419
420
1087
1087
1090
3215
3215
131
132
132
132
133
135
135
135
135
3896
3900
3900
3900
1793
363
364
3826
3826
3827
3828
3829
42
42
43
44
45
45
2881
2881
2882
2882
2882
2883
2885
2606
2607
2608
2608
2609
2609
2609
2609
4432
4432
4433
4435
1
2
3
3
4
4
5
5
3621
3622
3625
3444
3444
3444
3444
3445
3445
3445
3445
2256
2256
2258
2259
2260
4166
4166
4168
4168
2686
2687
2688
2688
2688
2689
2689
2469
2470
3036
3037
3038
3038
3039
3040
3040
2101
2103
2104
2105
2105
21
22
23
24
25
736
737
738
738
739
739
740
740
740
2996
2997
2998
3000
1456
1456
1459
1459
1460
1460
1460
3807
3808
3809
3810
4041
4042
4043
4043
4044
4045
1887
4001
4001
4002
4002
4002
4002
4005
826
827
828
830
830
830
3796
3796
3796
3797
3799
3800
4296
4297
4298
4299
4299
4300
4300
2721
2721
2722
2723
2723
2725
2725
2725
3487
3487
3490
2272
2272
2272
2273
2273
2274
2275
3338
3338
3339
3339
3339
3339
3339
3340
3382
3382
3383
3384
3384
3384
3384
3385
3385
3146
3147
3147
3150
1136
1137
1137
1140
1140
3962
3963
3964
3965
3965
2816
2816
2816
2818
3296
3296
3296
3298
3298
4516
4516
4519
4520
3956
3957
3958
3958
3959
4076
4077
4077
4078
4079
4080
3836
3838
3839
1676
1678
1680
3068
3069
3070
4184
4185
3626
3627
3628
3629
4441
4441
4442
4442
4442
4443
4443
4443
3156
3157
3157
3158
3159
3159
3481
3482
3482
3483
3484
3485
4258
4259
4259
2981
2981
2983
2985
4416
4417
4420
4420
51
52
52
54
54
55
55
55
2941
2942
2943
2944
2203
3756
3756
3756
3758
3759
3760
3760
4286
4287
4287
4287
4288
4289
4290
4290
4131
4132
4133
4133
4134
4134
4134
966
968
969
969
970
2042
2043
2044
1796
1797
1798
1800
1800
3136
3136
3136
3137
3137
3137
3140
4561
4562
4562
4563
4332
4333
4334
4456
4457
3821
3824
3824
4731
4732
4732
4732
4733
4735
1941
1943
1944
1944
1945
3611
3612
3613
3615
1811
1811
1813
1814
3191
3192
3195
1436
1438
1438
1438
1439
1440
3866
3866
3867
3867
3867
3868
3869
3870
3870
3870
4136
4139
4140
1992
1992
1993
1994
577
578
3686
3686
3687
3687
3687
3687
3687
3688
3688
3689
3690
3690
1971
1971
1971
1972
1974
1975
3292
3293
4551
4552
4552
4554
4554
4555
3681
3681
3682
3682
3684
3684
3685
4928
4928
4930
4531
4532
4534
3901
3903
3904
3904
3905
3905
3905
4171
4171
4172
4172
4172
4173
4173
4175
4175
334
335
335
161
161
162
164
164
4261
4261
4261
4264
4265
4265
4265
1451
1453
3633
3633
3633
3634
3634
3635
3635
4346
4346
4346
4346
4347
4347
4347
4348
4348
4321
4323
4323
4323
3457
3458
3459
4146
4146
4147
4149
4150
4591
4591
4592
4592
4855
4855
4396
4397
4398
4398
4399
4400
1253
1253
4761
4762
4762
4762
4763
4763
4764
3471
3471
3472
3473
3474
3475
1547
1548
1549
1549
1550
1550
4302
4303
4304
4304
4304
4305
4305
4305
3662
3662
3663
3664
4856
4857
4857
4858
4858
4858
4859
4921
4921
4922
4925
4946
4948
4950
4950
2488
2488
2488
2488
2489
2489
2489
2489
2489
2489
2490
2768
2769
2769
2770
3676
3676
3677
3677
3678
3679
3680
4386
4387
4387
4389
4389
2356
2357
2357
2358
2359
2360
4581
4582
4582
4584
4584
4585
4585
4585
1616
1616
1616
1617
1618
1620
1620
1620
2966
2966
2967
2968
2969
2970
2970
4336
4337
4337
4338
4339
3230
3230
116
116
116
117
118
119
61
62
63
64
447
448
449
449
1507
1509
1509
1509
1509
4596
4597
4598
4600
4600
4600
4600
931
932
932
933
934
935
2001
2002
2003
2004
2005
2005
2831
2832
2832
2834
2835
4848
646
646
648
649
650
650
3846
3847
3847
3847
3848
3848
3848
3848
3848
3849
3849
3849
3850
4989
4990
4990
4039
4039
4039
3321
3321
3321
3322
3322
4502
4504
4504
4505
4966
4966
4967
4968
4969
4969
4970
4676
4676
4676
4677
4677
4677
4678
4678
4679
4680
3856
3856
3858
3859
3859
3860
3316
3317
4811
4811
4812
4812
4813
4815
4815
1906
1907
1909
1909
1909
1910
1910
1841
1842
1842
1843
2141
2141
2141
2141
2141
2141
2143
2144
2144
2144
2145
2145
910
2961
2961
2964
2964
2965
2965
1946
1946
1947
1948
1948
1948
1948
1949
4918
4918
4918
4920
3206
3207
3207
3207
3208
3208
3210
2161
2162
2162
2163
2163
2164
4971
4971
4972
4973
4974
4974
1477
1478
1479
1480
1480
1486
1486
1486
1489
1490
3556
3557
3557
3558
3559
3560
112
112
113
114
2507
2507
2508
2509
2509
2509
2509
2510
2510
926
927
929
929
929
2502
2505
4536
4536
4537
4538
3943
3943
3943
3945
1491
1491
1494
2066
2067
2067
2068
2070
1681
1681
1681
1685
3289
3289
3290
3290
3290
1091
1092
1092
1093
1095
2238
2239
2240
4996
4998
5000
3386
3387
3387
3388
3389
3389
3390
2183
2183
2184
2184
4638
4639
4640
1836
1836
1836
1837
1837
1837
1837
1838
1839
1840
1840
2827
2827
2827
2829
2829
2829
4617
4617
4617
4620
4620
4896
4626
4627
4629
4816
4817
4817
4818
4819
4686
4686
4688
4688
4688
4624
4625
4625
4625
4631
4631
4634
4634
2276
2276
2277
2277
2279
2279
2280
4956
4956
4957
4957
4957
4958
4958
4959
4959
4960
2407
2408
2409
2409
4310
4310
1266
1268
1268
1269
1269
1270
4781
4782
3721
3723
3724
3725
2476
2477
2479
2480
2480
3262
3262
3263
3263
3263
3263
3265
3265
1321
1323
1325
2331
2331
2331
2333
2334
2335
4767
4767
4768
4769
3496
3496
3496
3499
3499
3500
3500
1686
1686
1686
1686
2731
2732
2732
2733
2733
2734
2734
2734
2735
2286
2287
2289
2289
2290
831
831
832
832
834
834
834
834
834
835
835
3269
4426
4428
4428
4428
4429
4371
4372
4372
4373
4373
3931
3931
3932
3933
3933
3934
3934
3935
3935
523
523
523
524
2791
2791
2792
2792
2793
2793
2866
2866
2867
2867
2867
2868
2870
2870
2870
146
147
148
149
150
4741
4742
4745
4745
2646
2649
2650
2650
3502
3502
3503
3504
3504
3505
3505
2431
2432
2432
2433
2433
2434
4511
4513
4513
4514
4514
901
902
903
904
905
2376
2376
2379
2379
2379
2379
2380
2380
3992
3992
3993
3993
3995
3995
3995
2316
2316
2316
2316
2318
2318
2320
2320
2320
4961
4962
4962
4964
4964
4964
4965
2131
2131
2132
2134
2134
2976
2977
2977
2978
2978
4187
4188
4188
4188
4190
4190
4756
4756
4759
4760
1286
1288
1288
1288
2591
2592
2593
2593
2594
2595
2751
2751
2751
2753
2753
2753
2754
2755
2755
3241
3242
3243
3243
3245
4881
4881
4883
4883
4885
3652
3653
3655
3655
4217
4219
2026
2028
4201
4201
4202
4202
4203
4204
4205
4205
2756
2757
2758
2758
2760
2546
2550
2499
2499
2500
4836
4838
4839
4840
3911
3912
3913
3913
3913
3913
3915
3915
4211
4214
4214
4215
3246
3249
3249
3249
3071
3072
3072
3073
3907
3908
3909
3909
3910
4607
4607
4607
4608
4609
4610
4610
4610
4610
3642
3643
3644
3645
4352
4352
4352
4353
4354
4355
4355
4355
3041
3041
3044
3044
3045
3045
2056
2056
2056
2058
2059
2060
4027
4027
4027
4027
4027
4028
4028
4029
4029
4030
2196
2197
2198
2199
2199
2821
2821
2822
2822
2823
2823
2823
2824
2825
2825
1983
1985
3402
3403
3404
2596
2598
2401
2401
2401
2403
2403
2403
2537
2538
2539
2539
2539
2540
4383
4384
4385
2191
2192
2193
2195
581
582
583
584
584
585
585
4576
4576
4577
4577
4580
2762
2762
2763
2763
2764
2764
4641
4641
4642
4642
4642
4643
4644
4746
4747
4750
4697
4698
4699
4700
2222
2224
2225
2225
2225
3116
3117
3118
3120
3120
3120
3347
3347
3350
3350
2651
2652
2654
2654
2655
2655
2655
2461
2461
1766
1766
1766
1767
1768
1769
1769
1769
1770
481
483
484
485
485
3922
3922
3924
3924
3925
3925
3925
4831
4831
4832
4834
4701
4702
4704
4704
4704
4704
4705
3277
3277
3277
3278
3280
3671
3675
3675
4976
4978
4978
4978
4979
4979
4980
4980
4872
4874
4874
4874
4874
4875
4875
4241
4242
4243
4243
4244
4244
3341
3341
3342
3344
3344
3344
4376
4378
4378
4379
4379
2151
2151
2152
2153
2154
2154
2154
2155
2155
4106
4106
4108
4109
3306
3307
3308
3310
3310
1576
1576
1576
1577
1577
1578
1580
1580
4341
4344
4344
4272
4272
4275
4486
4487
4487
4488
4488
4490
4490
3982
3983
3985
3985
3985
3985
2386
2387
2389
2390
4227
4230
4230
3301
3301
3302
3302
3304
3304
3305
2581
2583
2583
2583
2584
2584
2585
3732
3732
3733
3733
3735
3735
4867
4867
4868
4869
4276
4276
4276
4276
4277
4278
4278
4279
4279
4280
4280
2781
2781
2782
2783
2783
2784
1772
1772
1772
1773
1773
1774
1774
1775
1775
3692
3693
3695
3361
3361
3362
3362
3362
3363
3365
2167
2170
2170
2170
2170
2170
2170
4891
4893
4894
4894
4894
4895
4161
4162
4163
4163
4164
4165
4656
4658
4658
4658
4660
4072
4072
4073
4074
4074
4074
4075
4075
3223
3224
3224
3225
3102
3102
3103
3104
3104
3104
3105
3105
3105
2618
2619
2619
2619
2619
2619
2620
2297
2299
2300
2300
2300
2300
2306
2306
2307
2308
2309
2310
2212
2212
2215
1961
1961
1963
1963
1963
1964
1964
1965
2691
2691
2691
2691
2692
2692
2692
2693
2695
2695
2695
2695
2695
2053
2053
2053
2054
2055
937
937
937
940
4091
4092
4094
4094
3126
3126
3127
3127
3127
3128
3128
3128
3130
4126
4128
4129
4129
301
1278
4496
4496
4496
4498
4481
4482
4482
4485
2326
2326
2327
2328
3006
3007
3008
3009
2106
2107
2109
2110
3801
3802
2076
2076
2080
2080
2080
1807
1810
471
471
473
473
473
473
473
473
475
2062
2062
2064
2064
1998
1999
2000
2000
4176
4179
4179
4180
1781
1782
1784
1784
1784
1785
3256
3256
3256
3259
3260
3260
766
767
768
4786
4786
4786
4788
4789
4790
4790
881
882
884
884
885
885
885
2552
2554
2555
2555
3772
3774
1072
1072
1072
1073
1074
1075
3011
3011
3012
3012
3013
3013
3013
3014
3014
2876
2878
2878
2880
407
408
409
2577
2578
2578
2579
2580
1873
1873
1873
1874
1874
1875
4406
4407
4407
4408
4409
3111
3112
3112
3113
3114
1101
1101
1102
1104
1105
1105
1761
1761
1762
1763
1764
1765
4807
4808
4808
4809
4810
4810
921
921
922
922
922
923
923
925
1564
1564
951
951
951
952
952
952
953
955
1181
1183
1185
1449
1450
3371
3374
2381
2381
2381
2383
2383
2383
2384
2385
384
384
384
384
385
385
288
289
289
1611
1611
1613
1613
1614
1614
1615
1615
1382
1382
1382
1383
1385
4666
4667
4667
4667
4667
4669
4670
4670
916
917
918
918
920
1522
1522
1522
1522
1522
1525
1242
1243
1244
776
776
776
777
777
777
778
779
779
779
780
780
780
780
2216
2216
2218
2219
2220
4281
4285
2947
2947
856
857
857
858
859
860
3812
3812
3812
3813
3813
3813
3814
3815
3815
3815
3815
3815
4193
4194
4231
4232
4233
4234
4235
4235
4235
4113
4115
3596
3597
3598
3599
2891
2892
2894
2894
2895
2895
56
56
56
58
60
60
60
60
2681
2681
2681
2682
2682
2683
2684
2685
614
615
615
4156
4156
4157
4157
4157
4158
4158
4159
4160
4160
4160
4121
4121
4122
4122
4123
4123
4124
4124
4125
4125
3019
3020
983
984
4862
4862
4863
4863
4863
4863
4772
4775
4775
486
486
487
489
490
451
452
453
453
453
455
455
455
455
567
2491
2491
2492
2494
4031
3966
3966
3966
3966
3967
3969
3969
3970
2283
2284
2285
2285
1226
1226
1228
1228
1228
1229
1229
2267
2268
2268
2269
2269
2270
2270
2270
4101
4101
4101
4101
4101
4102
4103
4103
4104
4105
4105
2851
2851
2854
2854
2855
2855
2855
4887
4888
3551
3554
3554
3555
2861
2864
2865
2016
2018
2018
2018
1298
1569
1569
2841
2841
2842
2845
4681
4681
4682
4685
4685
4685
2421
2421
2421
2422
2422
2423
2423
2424
2424
2031
2033
2035
587
588
588
589
590
3816
3816
3818
3819
3819
3819
4876
4876
4876
4876
4878
4878
4878
4880
4880
3707
3707
3709
3793
3793
3794
4951
4952
4953
4955
4955
4955
4222
4222
4223
4223
4224
1826
1826
1826
1827
1827
1828
1828
1828
1829
1830
3916
3916
3918
3918
3920
4542
4543
4545
4545
2526
2526
2526
2527
2528
2529
2529
2530
621
621
623
623
623
624
625
625
2481
2481
2481
2482
2482
2483
2484
3616
2368
2369
2370
2370
2370
97
98
100
2522
2522
2525
2525
3711
3713
3713
3715
1751
1751
1751
1751
1753
1753
1753
1753
1754
1755
1755
1127
1129
1130
4018
4019
1216
1218
1218
1218
1218
1218
1219
1219
1220
1911
1911
1912
1912
1914
1915
1915
4446
4447
4448
4449
4450
4450
4450
991
991
991
993
994
1881
1881
1882
1883
1883
136
136
137
137
137
137
138
140
437
440
3166
3167
4117
4118
4118
4118
2971
2971
2972
2973
2974
2975
4096
4097
4097
4097
4098
4098
4098
4098
4476
4476
4477
4477
4477
4478
4479
4479
4480
4480
2176
2177
2177
2178
2178
2178
2179
2180
2180
4557
4557
4559
4559
4559
4560
277
277
278
279
211
212
212
4326
4327
4328
4328
4328
4329
4330
4330
4330
871
871
872
873
875
1472
1473
1474
1475
1475
3861
3861
3861
3863
3864
3865
1606
1606
1607
1607
1608
1608
1609
1609
1610
82
82
84
84
85
85
751
751
751
753
754
755
877
877
877
878
890
890
890
2046
2046
2046
2046
2049
2050
352
353
353
355
687
687
688
690
690
3121
3122
3122
3122
3123
3123
3123
3124
3124
3125
3125
3125
26
26
27
30
30
2372
2373
2373
2375
3751
3751
3751
3753
3753
3753
3754
3754
3755
3755
3079
3079
3080
3091
3091
3094
3094
3095
3095
3095
4291
4291
4291
4291
4292
4292
4292
4293
4295
4295
4295
347
347
350
236
237
238
238
240
3251
3251
3252
3253
3253
3253
3254
3254
3255
3255
3255
797
798
798
799
799
800
641
641
642
643
643
644
92
93
93
93
94
95
2896
2896
2897
2898
2899
4451
4451
4451
4455
3536
3538
3538
3538
3539
3539
3539
1601
1603
1604
1604
1605
401
402
402
403
405
1956
1959
1960
3577
3577
3577
3578
3579
636
636
4737
4738
4738
4738
3186
3186
3187
3190
3190
3190
2957
2957
2958
2958
2958
2960
3928
3929
1391
1392
1393
1394
1395
1395
1395
1043
1045
4151
4151
4152
4153
4155
4362
4363
4363
4363
4365
3462
3462
3463
3463
3463
3465
426
427
428
430
1366
1368
1369
1369
1370
1021
1022
1023
1024
1025
4941
4941
4943
4945
4945
2071
2071
2072
2074
2074
2074
2075
3506
3506
3509
3510
3571
3571
3575
3575
3575
3972
3973
3974
3974
1331
1331
1332
1334
1334
1334
1335
1335
2441
2442
2442
2442
2443
2443
2443
2443
2444
2444
1166
1166
1168
1169
1661
1661
1663
1663
556
557
558
559
560
3217
3218
3219
3220
2472
2472
2474
2474
2475
2475
3181
3184
3184
3184
3184
3185
4646
4646
4646
4646
4648
2846
2847
2848
2848
2850
1572
1572
1573
1573
1574
1574
1001
1002
1003
1004
1005
1396
1397
1397
1397
1397
1397
2136
2136
2136
2136
2137
2138
2138
2139
2140
2140
1926
1927
1930
1930
1930
1930
3586
3586
3588
3589
3590
3519
2427
2418
2420
2952
2952
2953
2716
2717
2717
2719
2719
2720
2911
2912
2913
2914
2914
2914
2914
2915
2915
4906
4906
4906
4906
4907
4908
1371
1371
1372
1373
1375
3026
3026
3027
3028
3028
3029
3029
3029
3232
3234
3235
1338
1338
396
396
397
397
397
398
400
506
508
509
4056
4057
4057
4057
4057
4059
4060
4060
4142
4142
4142
4143
4144
4145
1007
1007
1007
1007
1008
1009
1010
1282
1283
1283
1283
1284
1285
476
476
476
477
477
478
479
479
480
4937
4938
4938
4939
4939
4940
3431
3432
3432
626
626
629
629
4312
4313
4314
4314
4315
4315
4315
806
807
808
809
810
810
4246
4247
4247
1716
1716
1716
1717
1717
1718
1719
1719
1720
3749
3749
1186
1186
1189
1189
1189
1190
1190
2321
2322
2322
2322
2323
3479
3479
3479
2241
2242
2243
2243
2243
2245
2245
1696
1697
1698
1699
1921
1922
1923
1924
1924
1925
3521
3521
3522
3524
3524
3524
3525
3976
3976
3976
3977
3978
3979
3979
3980
3980
1816
1816
1817
1817
1817
1819
1819
1820
3787
3787
3788
3789
3790
946
947
948
949
3766
3766
3767
3768
3769
3770
3082
3084
3084
3084
3084
1657
1657
1657
1659
1660
1660
1660
3238
3238
3238
3240
87
88
88
89
89
89
90
1626
1627
1627
4006
4006
4006
4006
2986
2987
2987
2987
2988
2988
2988
2990
1291
1292
1292
1292
1295
762
763
764
764
911
912
914
914
915
915
915
3164
3526
3526
3528
3529
3529
3530
3530
2516
2519
2520
2520
941
941
941
943
943
943
944
944
945
2363
2363
2363
2365
4691
4694
4695
4695
1351
1352
1353
1353
1353
1353
1353
1354
1354
1355
1355
1355
4546
4548
4550
4550
3541
3541
3542
3542
3543
3543
3544
3544
3545
3545
2261
2262
2263
2264
2265
1326
1327
1329
1330
2622
2625
2991
2994
2994
2995
2995
2336
2337
2338
2340
3152
3153
3154
3155
1976
1976
1978
1980
4933
4934
4934
4935
3451
3451
3452
3453
3454
3454
3455
3455
1316
1317
1318
1320
2665
2665
601
602
602
603
603
605
253
253
254
254
255
255
4401
4405
2532
2533
2534
2534
2535
266
266
268
269
269
3437
3439
3439
3440
3440
3440
4901
4901
4902
4903
4903
4904
2037
2038
2039
2039
2039
2040
4664
4665
4665
4665
1031
1033
1033
1033
1034
1034
1034
1035
172
172
173
175
175
4796
4798
4799
4799
4800
4800
4726
4727
4728
4729
4088
4089
4089
1146
1148
1148
1150
2456
2456
2457
2457
2459
2460
2796
2797
2798
2799
2799
2799
781
782
783
784
784
785
785
785
742
743
743
743
744
744
744
744
745
3131
3132
3135
3135
242
242
242
244
245
3367
3368
3369
3370
3198
3199
3200
3761
3762
3763
3764
3765
3765
3765
653
653
654
654
3646
3648
3649
3650
3986
3986
3988
3988
3990
3990
2737
2738
2740
2740
677
678
678
680
3736
3737
3737
3738
3740
1132
1134
1135
1135
1135
1135
771
772
772
773
775
775
2698
2699
2700
3088
3089
3089
3089
3090
3333
3333
3333
3335
2254
2255
1122
1124
1125
2747
2748
2749
2750
2632
2632
2633
2634
4821
4822
4822
4822
4822
4822
4822
4822
4824
4825
4825
4825
1631
1631
1632
1633
1635
3636
3637
3637
3639
3656
3656
3657
3657
3658
3659
3659
3660
4994
573
1302
1303
1304
1305
4981
4983
4984
4751
4752
4753
4753
4754
4754
4754
4754
4755
4755
4755
3326
3327
3327
3329
3330
1511
1512
1513
3845
3845
466
469
469
470
470
2636
2638
2640
2836
2836
2837
2838
2839
2839
1020
1020
1020
4826
4828
4828
4829
3427
3430
4207
4208
4209
4209
1966
1968
1968
1968
306
306
307
307
307
308
308
309
1348
1349
1350
1350
4053
4053
4053
4053
4054
4054
4055
4055
3356
3358
3358
3359
3360
1856
1858
1860
847
848
850
2856
2857
2857
2858
2860
3881
3881
3881
3882
1706
1707
1709
1709
4492
4493
4493
4493
4493
4495
2206
2208
2209
2210
2210
1847
1849
1850
3062
3063
3064
4061
4061
4062
4064
4064
4065
4793
4794
1110
1246
1247
1247
1247
1249
1249
1250
3531
3535
3282
3282
3284
3285
3851
3851
3853
2656
2658
2659
2660
2660
2188
2188
2188
1361
1361
1363
1365
1365
1365
3741
3741
3742
3743
3744
3745
2091
2093
2093
2093
2094
2095
4356
4357
4358
4359
3396
3396
3398
3398
3399
3400
4567
4568
4569
2711
2711
2712
2713
2715
2715
2715
101
101
102
103
103
104
105
105
1466
1467
1467
1468
1468
1469
1469
1470
1470
4012
4015
2611
2611
2612
2614
2614
2615
4393
4394
4395
4395
4395
2007
2007
2007
2008
2009
692
4239
2627
2627
2629
2630
2630
1556
1556
1556
1556
1557
1557
1558
1559
1560
1560
1560
3833
3834
3834
3835
4368
4370
4046
4046
4047
4050
4050
1171
1172
1173
1174
4673
4674
4675
3591
3592
3592
3595
2726
2727
2727
2728
2729
2730
2730
1591
1591
1593
1593
1594
2931
2931
2931
2931
2932
2932
2932
2935
2935
2642
2643
2645
4251
4252
4254
4841
4842
4843
4844
4844
4845
4845
4845
3271
3274
386
386
389
390
390
996
998
998
998
999
999
999
1861
1861
1863
1864
1864
1864
12
12
13
14
15
3448
3449
1701
1702
1704
1705
4462
4462
4463
4652
4652
4653
4655
496
496
497
497
497
497
498
499
499
499
4317
4317
4320
2541
2543
2543
2545
3033
3034
3696
3699
3699
513
513
514
514
515
515
4776
4776
4777
4778
4779
4779
4780
4780
4721
4722
4724
4724
4724
3311
3314
3314
4422
187
188
188
189
190
2811
2812
2813
2814
2814
2815
2815
2815
4801
4801
4802
4803
4803
4804
4804
4804
4804
4805
4805
31
31
31
31
32
33
33
33
35
791
791
792
792
794
2921
2921
2924
2925
2446
2447
2448
1901
1901
1902
1904
1904
1904
1904
1905
1905
221
222
222
223
223
223
4472
4472
4473
4473
4474
4474
4475
1581
1582
1582
1583
1583
1584
106
109
109
4196
4196
4196
4198
4199
4199
4199
4200
4911
4911
4911
4914
4915
4506
4507
4507
311
312
312
313
313
313
196
197
197
198
199
199
199
200
976
977
978
978
979
980
980
2906
2907
2909
2909
2910
596
596
597
597
598
599
599
599
599
600
600
600
2807
2808
2808
2808
2809
2810
2810
2810
2810
861
861
862
863
863
863
865
2411
2413
2414
2415
2415
2415
3106
3107
3108
3109
176
177
422
422
422
422
423
424
231
233
233
234
235
235
1273
1273
1275
961
962
964
965
1916
1918
1918
1918
1918
1919
1920
1920
3946
3947
3947
3950
3950
721
721
722
723
723
725
519
520
1877
1877
1877
1878
1878
1879
1879
1880
1880
1801
1802
2916
2916
2917
2918
4525
1428
1429
4716
4717
4720
2586
2589
461
462
465
2111
2111
2112
2112
2113
2114
1111
1111
1112
1113
1113
1114
2086
2086
2086
2087
2088
2088
2089
2090
3886
3887
3888
3888
3889
3889
2801
2801
2802
2805
1637
1638
1638
1639
1639
662
664
665
412
415
415
415
2776
2777
2777
2779
2779
2780
3021
3022
3493
3493
3494
3495
1497
1499
1500
1596
1596
1597
1598
1600
2392
2392
2392
2394
2394
2395
2786
2786
2788
2788
2789
2790
2790
2557
2557
2557
2558
2558
2559
2560
2560
2560
3776
3776
3780
3780
3780
3936
3938
3938
3939
3939
3939
3940
786
786
787
788
789
789
790
206
207
208
208
208
208
209
321
321
323
323
324
325
325
1987
1989
1989
1990
1256
1256
1257
1259
1260
3047
3050
1834
1835
3097
3100
1311
1312
1312
1891
1892
1895
4586
4588
4589
2452
2454
552
552
552
552
555
442
442
442
444
46
47
49
50
1207
1207
1208
1208
1209
4023
4023
4023
4024
4025
3781
3783
3581
3584
3585
3585
