5
7
7
8
25
28
28
43
59
60
69
78
89
102
110
118
134
136
149
154
155
155
163
166
171
175
189
191
195
197
199
201
201
204
206
206
209
209
210
213
225
225
240
256
274
274
287
296
302
305
307
309
310
316
331
336
338
345
350
354
373
376
379
382
385
390
392
396
397
397
398
417
417
418
425
451
459
464
465
466
466
470
473
473
476
480
480
487
496
498
501
503
521
530
531
564
582
584
602
612
613
616
616
618
645
660
661
662
673
685
694
696
698
700
703
706
708
708
713
717
727
732
741
741
757
761
763
775
781
788
793
800
801
803
803
804
807
808
809
815
819
829
829
837
837
843
854
855
857
858
863
868
869
871
876
877
878
879
892
901
911
918
924
925
931
959
966
977
980
986
986
990
991
1001
1003
1006
1007
1008
1016
1017
1021
1025
1035
1041
1042
1043
1048
1051
1053
1076
1076
1087
1090
1109
1118
1125
1140
1151
1159
1161
1167
1176
1177
1199
1218
1219
1222
1225
1237
1238
1242
1243
1244
1255
1256
1260
1265
1273
1278
1279
1281
1283
1283
1290
1297
1303
1306
1307
1324
1326
1330
1337
1353
1354
1355
1355
1358
1363
1368
1375
1392
1404
1405
1411
1415
1418
1418
1419
1420
1436
1444
1446
1447
1451
1453
1454
1457
1460
1462
1464
1487
1489
1490
1500
1505
1523
1524
1528
1546
1550
1558
1559
1559
1576
1585
1589
1593
1598
1600
1600
1613
1640
1649
1665
1665
1669
1674
1678
1684
1690
1691
1693
1695
1700
1707
1712
1723
1741
1742
1745
1770
1784
1788
1791
1792
1804
1834
1839
1844
1845
1856
1891
1893
1909
1911
1915
1929
1946
1956
1969
1970
1971
1981
1982
1982
1982
2000
2000
2021
2026
2030
2037
2040
2042
2044
2046
2047
2049
2049
2049
2050
2076
2095
2097
2104
2105
2107
2114
2120
2120
2125
2125
2129
2137
2140
2149
2150
2152
2165
2166
2173
2183
2197
2200
2204
2208
2209
2228
2231
2238
2238
2242
2248
2248
2258
2266
2271
2291
2292
2294
2303
2318
2327
2328
2331
2341
2349
2350
2364
2370
2389
2400
2400
2402
2420
2422
2426
2428
2431
2433
2434
2451
2463
2477
2501
2501
2511
2516
2516
2517
2525
2531
2536
2537
2539
2560
2564
2564
2568
2586
2597
2609
2621
2625
2625
2646
2653
2656
2657
2666
2670
2672
2683
2683
2686
2688
2689
2692
2694
2694
2694
2704
2708
2710
2710
2716
2718
2719
2720
2728
2730
2737
2747
2757
2768
2768
2770
2771
2782
2784
2788
2788
2789
2790
2795
2812
2814
2815
2818
2821
2822
2829
2834
2834
2834
2840
2848
2857
2863
2864
2866
2868
2871
2893
2898
2907
2910
2917
2919
2919
2931
2931
2938
2949
2952
2953
2965
2966
2969
2970
2974
2974
2981
2983
2993
2998
3000
3001
3002
3016
3017
3021
3021
3025
3025
3028
3029
3033
3037
3045
3048
3069
3074
3088
3096
3097
3110
3118
3145
3148
3152
3157
3159
3163
3164
3173
3174
3179
3196
3196
3196
3198
3205
3207
3207
3209
3235
3237
3238
3239
3250
3251
3254
3258
3265
3267
3268
3270
3273
3280
3281
3285
3289
3289
3298
3301
3301
3307
3313
3314
3314
3314
3321
3325
3326
3326
3347
3347
3366
3386
3388
3391
3396
3397
3402
3411
3411
3414
3421
3423
3426
3437
3443
3447
3447
3462
3468
3470
3471
3471
3476
3481
3489
3492
3495
3497
3503
3526
3527
3535
3538
3547
3553
3563
3566
3568
3592
3601
3605
3610
3633
3634
3634
3646
3647
3649
3650
3657
3661
3662
3664
3667
3676
3678
3680
3702
3705
3709
3709
3709
3728
3731
3746
3762
3762
3763
3772
3779
3780
3781
3785
3785
3793
3793
3793
3794
3812
3814
3817
3818
3818
3823
3823
3829
3847
3858
3871
3872
3882
3883
3887
3889
3891
3891
3911
3918
3920
3921
3922
3923
3924
3926
3935
3940
3940
3942
3948
3950
3951
3968
3972
3973
3983
3989
3993
3995
3999
4001
4003
4006
4006
4009
4012
4014
4028
4051
4053
4055
4061
4063
4069
4074
4077
4078
4079
4088
4096
4099
4111
4113
4113
4118
4122
4124
4125
4134
4138
4142
4146
4147
4148
4151
4161
4165
4175
4177
4190
4191
4191
4194
4199
4200
4213
4219
4219
4219
4227
4228
4228
4230
4230
4232
4233
4241
4246
4254
4254
4257
4259
4263
4272
4274
4284
4288
4289
4290
4293
4299
4302
4304
4309
4313
4314
4317
4320
4322
4323
4330
4338
4343
4349
4350
4366
4366
4366
4368
4381
4386
4394
4423
4431
4433
4435
4451
4455
4480
4481
4482
4484
4487
4496
4498
4504
4515
4523
4539
4539
4561
4564
4570
4574
4579
4588
4589
4591
4593
4594
4601
4601
4623
4639
4639
4640
4643
4645
4648
4650
4656
4661
4665
4670
4699
4700
4705
4717
4719
4722
4747
4757
4765
4768
4768
4769
4770
4771
4774
4783
4784
4785
4785
4786
4793
4793
4802
4804
4808
4816
4818
4833
4834
4835
4835
4843
4845
4848
4852
4855
4867
4874
4875
4891
4928
4940
4942
4949
4959
4964
4967
4971
4974
4981
4981
4983
4986
4988
4992
4996
5001
5003
5006
5010
5012
5012
5019
5022
5034
5038
5042
5044
5057
5060
5068
5076
5076
5086
5117
5122
5147
5148
5152
5155
5157
5164
5176
5179
5186
5196
5198
5208
5215
5225
5227
5232
5253
5254
5256
5257
5269
5274
5279
5281
5297
5298
5298
5299
5299
5306
5306
5306
5315
5317
5320
5321
5321
5323
5342
5347
5350
5355
5357
5362
5377
5382
5412
5418
5419
5423
5430
5430
5432
5435
5436
5440
5446
5447
5449
5456
5458
5462
5472
5489
5493
5493
5495
5495
5498
5498
5501
5502
5514
5528
5529
5535
5537
5537
5539
5542
5563
5564
5567
5569
5576
5580
5586
5587
5589
5598
5598
5599
5601
5608
5613
5621
5631
5631
5631
5632
5635
5635
5651
5651
5659
5659
5660
5667
5696
5698
5699
5718
5721
5723
5728
5753
5754
5777
5780
5780
5783
5787
5788
5793
5798
5805
5819
5820
5821
5838
5856
5856
5857
5859
5860
5866
5869
5871
5872
5884
5895
5897
5898
5913
5915
5920
5922
5925
5926
5939
5940
5946
5948
5968
5969
5970
5972
5973
5978
5979
5980
5980
5986
5996
6001
6001
6002
6002
6003
6028
6030
6038
6072
6075
6076
6085
6086
6092
6095
6110
6110
6111
6112
6112
6130
6136
6137
6142
6142
6143
6147
6148
6149
6156
6160
6175
6180
6192
6198
6200
6200
6201
6202
6206
6206
6213
6215
6224
6225
6226
6227
6229
6230
6233
6233
6242
6254
6255
6276
6282
6283
6292
6294
6295
6325
6339
6342
6344
6359
6363
6371
6372
6386
6386
6388
6428
6435
6435
6438
6440
6443
6445
6454
6458
6460
6475
6510
6511
6520
6532
6548
6548
6596
6625
6629
6632
6633
6636
6637
6637
6638
6641
6643
6644
6648
6648
6654
6660
6683
6685
6696
6700
6701
6703
6704
6712
6719
6719
6729
6729
6740
6743
6746
6749
6752
6753
6757
6766
6768
6773
6788
6788
6795
6801
6807
6808
6813
6814
6817
6818
6822
6822
6829
6832
6832
6833
6838
6839
6842
6846
6854
6855
6857
6866
6867
6881
6896
6903
6903
6912
6918
6923
6929
6932
6940
6942
6943
6952
6953
6953
6967
6976
6980
6995
6998
7013
7018
7021
7025
7030
7041
7041
7043
7054
7059
7060
7062
7062
7069
7075
7078
7086
7088
7089
7089
7124
7127
7129
7139
7140
7141
7145
7161
7163
7169
7177
7178
7191
7200
7209
7221
7221
7224
7238
7242
7242
7242
7246
7251
7251
7255
7263
7274
7279
7287
7294
7296
7297
7307
7314
7314
7315
7315
7320
7323
7326
7327
7330
7333
7341
7344
7346
7351
7352
7355
7357
7368
7384
7386
7388
7403
7419
7457
7460
7462
7462
7463
7464
7473
7500
7544
7544
7552
7552
7557
7560
7568
7585
7603
7603
7607
7623
7624
7643
7663
7670
7670
7676
7699
7707
7739
7743
7746
7752
7753
7760
7765
7765
7770
7770
7774
7781
7791
7795
7823
7827
7831
7837
7840
7846
7863
7867
7872
7875
7885
7889
7897
7909
7911
7913
7941
7942
7950
7962
7987
8003
8005
8008
8010
8029
8029
8030
8032
8036
8047
8047
8048
8051
8055
8056
8060
8061
8068
8069
8088
8089
8094
8107
8108
8109
8113
8120
8122
8137
8140
8147
8160
8162
8163
8167
8176
8181
8184
8185
8190
8198
8200
8212
8215
8218
8228
8251
8253
8260
8262
8271
8271
8273
8273
8274
8275
8280
8293
8296
8316
8316
8318
8320
8321
8322
8336
8341
8341
8344
8344
8345
8363
8364
8369
8374
8375
8380
8385
8393
8395
8398
8399
8406
8407
8459
8461
8462
8464
8467
8472
8474
8479
8482
8506
8515
8516
8524
8529
8531
8531
8539
8544
8549
8555
8567
8572
8578
8587
8593
8594
8604
8609
8613
8617
8631
8647
8660
8666
8692
8711
8712
8713
8722
8724
8726
8735
8737
8748
8751
8760
8772
8776
8782
8782
8791
8793
8794
8796
8797
8802
8818
8827
8839
8849
8851
8869
8872
8877
8877
8878
8883
8889
8913
8930
8932
8932
8934
8949
8957
8959
8976
8996
8997
9006
9007
9009
9015
9018
9019
9020
9027
9032
9039
9042
9043
9045
9049
9049
9053
9057
9062
9076
9077
9078
9081
9082
9083
9084
9090
9104
9104
9106
9106
9106
9113
9120
9122
9134
9135
9139
9143
9143
9146
9150
9152
9164
9171
9172
9173
9173
9175
9178
9184
9186
9192
9194
9207
9211
9213
9213
9215
9220
9231
9236
9246
9246
9247
9254
9262
9274
9276
9283
9285
9286
9288
9293
9294
9294
9297
9297
9299
9301
9308
9314
9315
9321
9325
9332
9337
9339
9346
9356
9356
9361
9362
9364
9367
9384
9385
9402
9405
9410
9416
9424
9428
9431
9434
9469
9471
9480
9481
9483
9484
9489
9491
9503
9507
9516
9519
9523
9532
9539
9552
9553
9554
9576
9577
9584
9588
9589
9594
9596
9598
9617
9646
9651
9656
9661
9665
9676
9677
9709
9722
9730
9733
9733
9748
9782
9788
9792
9801
9805
9807
9807
9808
9831
9832
9843
9845
9853
9862
9868
9875
9884
9885
9885
9890
9890
9895
9900
9903
9905
9916
9929
9933
9941
9962
9965
9966
9976
9978
9983
10011
10016
10019
10051
10054
10058
10062
10074
10084
10096
10098
10099
10100
10106
10131
10134
10135
10135
10161
10164
10165
10170
10170
10176
10180
10185
10193
10202
10206
10209
10211
10214
10219
10221
10223
10224
10227
10227
10252
10253
10254
10269
10270
10276
10279
10280
10320
10329
10337
10338
10343
10345
10358
10370
10375
10384
10402
10414
10426
10436
10439
10460
10465
10470
10473
10474
10479
10479
10479
10487
10491
10492
10511
10515
10522
10525
10526
10530
10531
10534
10535
10588
10592
10596
10601
10606
10606
10622
10623
10636
10642
10647
10648
10649
10679
10703
10724
10737
10739
10763
10768
10770
10771
10772
10778
10782
10784
10797
10806
10809
10809
10810
10817
10818
10819
10819
10822
10829
10830
10832
10833
10834
10862
10863
10877
10878
10883
10883
10892
10893
10899
10899
10903
10916
10935
10939
10940
10948
10949
10956
10956
10957
10991
11002
11002
11003
11006
11018
11032
11038
11040
11051
11052
11057
11059
11068
11069
11081
11081
11084
11103
11105
11115
11115
11118
11123
11125
11125
11127
11153
11162
11163
11166
11170
11180
11182
11184
11184
11186
11194
11197
11206
11210
11219
11239
11243
11247
11250
11270
11274
11276
11284
11286
11287
11291
11291
11295
11298
11298
11300
11315
11328
11358
11359
11359
11362
11362
11372
11378
11382
11390
11392
11395
11406
11410
11410
11411
11413
11414
11427
11436
11471
11474
11479
11481
11481
11482
11504
11506
11510
11529
11534
11543
11545
11546
11550
11552
11553
11554
11557
11563
11570
11584
11592
11594
11600
11607
11609
11612
11620
11625
11640
11641
11647
11650
11664
11668
11679
11686
11688
11701
11706
11707
11708
11713
11761
11765
11776
11784
11786
11787
11788
11790
11790
11802
11816
11823
11823
11833
11834
11839
11840
11852
11855
11859
11871
11881
11882
11887
11892
11901
11903
11920
11922
11924
11925
11939
11951
11952
11955
11971
11972
11975
11980
11981
11989
11994
11994
12001
12007
12008
12011
12013
12014
12028
12039
12039
12043
12046
12048
12051
12055
12056
12062
12066
12109
12111
12116
12138
12154
12159
12160
12170
12192
12197
12198
12202
12202
12207
12209
12211
12212
12223
12224
12240
12242
12252
12255
12264
12265
12290
12290
12300
12300
12312
12314
12325
12329
12331
12352
12353
12354
12355
12361
12367
12378
12381
12390
12399
12412
12415
12434
12434
12437
12461
12463
12472
12476
12479
12487
12488
12497
12500
12509
12511
12512
12513
12535
12541
12544
12553
12555
12565
12591
12594
12595
12605
12607
12608
12608
12618
12623
12624
12629
12630
12646
12653
12654
12657
12660
12703
12711
12715
12717
12717
12721
12728
12731
12735
12746
12749
12758
12760
12776
12777
12778
12780
12784
12796
12798
12806
12827
12828
12828
12830
12832
12837
12837
12840
12850
12850
12851
12871
12875
12879
12889
12889
12896
12897
12908
12920
12922
12922
12925
12925
12926
12930
12930
12942
12943
12944
12946
12955
12959
13006
13009
13013
13015
13022
13027
13029
13035
13038
13046
13050
13054
13081
13081
13086
13087
13088
13090
13109
13115
13117
13128
13130
13130
13133
13142
13147
13148
13150
13161
13170
13187
13191
13222
13224
13228
13237
13240
13246
13268
13270
13270
13275
13281
13282
13285
13288
13288
13289
13291
13293
13294
13301
13303
13305
13312
13317
13341
13345
13349
13349
13353
13356
13360
13361
13413
13429
13432
13438
13444
13447
13448
13448
13453
13456
13457
13460
13464
13468
13481
13481
13483
13484
13493
13494
13503
13512
13517
13523
13529
13532
13545
13552
13586
13587
13589
13606
13609
13611
13640
13643
13649
13652
13674
13674
13683
13683
13683
13684
13684
13685
13706
13712
13712
13715
13725
13740
13742
13744
13749
13756
13765
13771
13774
13776
13784
13789
13797
13800
13808
13813
13815
13820
13821
13822
13833
13841
13852
13855
13864
13867
13867
13881
13897
13899
13903
13912
13915
13919
13920
13922
13924
13927
13928
13930
13946
13947
13951
13956
13956
13963
13964
13971
13980
13986
14000
14004
14005
14012
14015
14018
14023
14028
14031
14043
14053
14054
14056
14060
14061
14062
14062
14064
14073
14078
14080
14083
14089
14089
14095
14107
14108
14130
14136
14146
14146
14154
14166
14173
14175
14183
14186
14195
14200
14211
14221
14224
14224
14229
14231
14232
14233
14234
14240
14251
14253
14254
14257
14271
14274
14286
14289
14294
14332
14335
14336
14337
14344
14345
14347
14347
14348
14383
14384
14394
14395
14397
14398
14401
14403
14409
14409
14410
14412
14413
14422
14426
14427
14441
14445
14470
14474
14481
14484
14488
14494
14496
14498
14500
14500
14504
14505
14507
14510
14540
14541
14551
14551
14551
14553
14554
14558
14563
14573
14573
14576
14576
14577
14581
14589
14607
14608
14625
14654
14671
14675
14678
14679
14685
14688
14693
14698
14707
14710
14712
14718
14723
14733
14733
14747
14750
14756
14757
14760
14760
14793
14798
14805
14805
14809
14811
14819
14823
14826
14847
14861
14864
14867
14870
14871
14892
14893
14895
14907
14931
14937
14941
14941
14948
14958
14961
14963
14966
14970
14978
15001
15031
15033
15053
15061
15063
15064
15069
15088
15093
15099
15101
15112
15114
15123
15128
15129
15132
15135
15148
15148
15156
15158
15166
15167
15172
15173
15184
15194
15197
15204
15213
15218
15228
15234
15244
15250
15264
15281
15281
15285
15293
15297
15297
15299
15300
15309
15310
15325
15336
15337
15348
15356
15357
15370
15370
15372
15373
15384
15386
15391
15401
15407
15409
15429
15439
15440
15443
15449
15455
15464
15473
15493
15526
15531
15539
15539
15541
15543
15544
15548
15549
15556
15558
15564
15570
15578
15582
15588
15588
15599
15600
15607
15608
15609
15610
15611
15614
15616
15632
15638
15665
15666
15675
15685
15711
15716
15743
15746
15747
15759
15776
15778
15779
15786
15795
15805
15812
15813
15815
15821
15823
15829
15842
15846
15851
15852
15857
15860
15863
15866
15872
15885
15886
15889
15890
15894
15901
15908
15912
15922
15927
15931
15933
15938
15942
15945
15965
15965
15970
15970
15975
15980
15982
15984
15988
15990
15992
15993
15997
15997
15997
16039
16040
16041
16042
16042
16043
16043
16063
16067
16068
16072
16079
16082
16092
16093
16099
16100
16105
16128
16130
16137
16137
16141
16142
16145
16146
16153
16156
16179
16189
16197
16197
16197
16207
16209
16218
16219
16236
16243
16245
16246
16253
16277
16292
16294
16297
16309
16309
16323
16325
16328
16330
16335
16343
16345
16345
16351
16359
16371
16381
16396
16402
16403
16407
16409
16409
16414
16416
16422
16424
16425
16426
16426
16444
16447
16447
16455
16461
16470
16491
16503
16503
16509
16531
16543
16545
16549
16555
16560
16566
16567
16569
16570
16576
16577
16577
16578
16580
16586
16587
16587
16589
16620
16634
16635
16641
16649
16650
16658
16659
16665
16667
16668
16669
16670
16687
16690
16720
16723
16727
16730
16732
16734
16742
16743
16744
16776
16777
16778
16798
16798
16803
16807
16809
16811
16813
16815
16819
16824
16824
16843
16844
16851
16854
16855
16862
16877
16884
16887
16890
16894
16895
16895
16906
16970
16975
16982
16983
16988
16999
17067
17068
17076
17077
17086
17097
17097
17097
17100
17102
17102
17111
17113
17126
17127
17128
17129
17135
17140
17143
17162
17163
17165
17171
17173
17174
17191
17193
17197
17205
17217
17221
17221
17229
17230
17230
17235
17236
17268
17286
17296
17303
17305
17307
17315
17322
17344
17352
17365
17371
17382
17385
17394
17396
17397
17402
17411
17451
17459
17467
17469
17472
17475
17483
17487
17513
17514
17519
17523
17550
17551
17553
17555
17555
17561
17563
17594
17606
17612
17614
17616
17623
17627
17628
17629
17630
17636
17640
17644
17655
17657
17659
17663
17664
17675
17678
17682
17690
17694
17700
17704
17705
17706
17712
17714
17714
17717
17720
17725
17726
17732
17736
17737
17738
17754
17771
17773
17780
17797
17809
17812
17821
17834
17863
17877
17880
17881
17886
17899
17899
17900
17905
17908
17918
17920
17938
17950
17958
17961
17963
17963
17964
17974
17980
17988
17989
17991
17994
18003
18007
18011
18013
18015
18042
18044
18080
18080
18083
18084
18108
18132
18136
18200
18204
18206
18209
18218
18218
18218
18220
18233
18235
18237
18240
18243
18244
18255
18264
18265
18266
18267
18270
18273
18273
18281
18289
18302
18332
18339
18353
18357
18358
18365
18367
18367
18371
18386
18404
18404
18411
18427
18449
18451
18457
18457
18461
18465
18477
18481
18481
18486
18491
18495
18498
18498
18507
18513
18517
18517
18520
18526
18526
18539
18539
18546
18550
18558
18561
18564
18585
18591
18594
18595
18604
18608
18609
18613
18614
18623
18626
18630
18632
18635
18636
18658
18690
18692
18696
18709
18715
18715
18717
18722
18730
18730
18738
18761
18763
18765
18767
18774
18783
18784
18790
18798
18800
18808
18813
18816
18819
18820
18829
18830
18832
18850
18851
18853
18854
18860
18864
18866
18871
18878
18880
18882
18884
18885
18885
18888
18895
18914
18917
18922
18924
18936
18943
18951
18954
18955
18962
18971
18972
18983
18989
19003
19008
19010
19018
19020
19020
19027
19030
19033
19056
19058
19067
19073
19085
19085
19093
19111
19119
19131
19136
19140
19149
19155
19162
19162
19165
19170
19171
19173
19182
19185
19208
19213
19217
19218
19223
19224
19225
19229
19229
19231
19248
19251
19252
19260
19266
19267
19276
19284
19285
19290
19301
19321
19325
19327
19327
19327
19328
19330
19338
19342
19343
19344
19357
19360
19363
19372
19374
19380
19383
19397
19399
19400
19401
19402
19411
19412
19412
19415
19419
19421
19427
19427
19438
19438
19446
19447
19450
19451
19462
19477
19481
19485
19497
19500
19502
19505
19515
19530
19538
19540
19546
19547
19550
19571
19571
19589
19591
19593
19609
19615
19617
19619
19629
19632
19636
19641
19645
19653
19677
19678
19691
19691
19692
19694
19696
19696
19698
19699
19712
19740
19741
19755
19759
19767
19771
19773
19778
19781
19783
19783
19793
19802
19803
19810
19813
19819
19821
19824
19824
19825
19826
19857
19868
19873
19875
19875
19875
19879
19893
19913
19914
19917
19921
19925
19931
19933
19947
19953
19956
19964
19965
19966
19976
19976
19977
19978
20006
20008
20008
20014
20018
20021
20024
20024
20029
20031
20032
20043
20045
20048
20051
20051
20059
20066
20069
20079
20080
20087
20089
20090
20099
20112
20114
20115
20124
20125
20128
20135
20146
20152
20153
20157
20175
20176
20177
20178
20190
20209
20218
20219
20225
20230
20234
20247
20257
20262
20267
20285
20285
20285
20288
20289
20302
20303
20312
20326
20330
20344
20347
20358
20359
20362
20366
20387
20390
20396
20412
20414
20418
20420
20422
20441
20441
20443
20459
20460
20472
20472
20474
20499
20501
20517
20517
20521
20534
20535
20554
20558
20560
20570
20570
20591
20592
20596
20598
20605
20607
20630
20630
20632
20664
20664
20665
20678
20682
20687
20697
20716
20721
20724
20725
20730
20739
20742
20744
20745
20746
20753
20757
20769
20776
20779
20787
20797
20799
20804
20808
20808
20809
20811
20814
20831
20833
20835
20838
20882
20892
20895
20902
20903
20912
20913
20917
20920
20931
20932
20938
20950
20956
20958
20960
20961
20968
20974
20980
20980
20998
21007
21008
21008
21019
21032
21037
21040
21041
21049
21050
21054
21059
21064
21078
21079
21108
21108
21157
21161
21167
21180
21182
21182
21185
21186
21189
21198
21201
21204
21204
21215
21217
21220
21224
21229
21231
21234
21235
21240
21250
21250
21257
21263
21264
21277
21293
21295
21297
21300
21305
21322
21327
21335
21337
21345
21346
21353
21366
21373
21379
21391
21392
21396
21416
21416
21419
21419
21431
21447
21450
21453
21456
21459
21468
21472
21474
21474
21480
21508
21526
21531
21538
21540
21550
21552
21552
21560
21578
21580
21589
21589
21592
21592
21601
21610
21621
21621
21622
21633
21634
21634
21660
21661
21672
21673
21686
21692
21692
21694
21706
21706
21718
21723
21725
21729
21733
21755
21756
21756
21775
21801
21803
21811
21821
21828
21848
21849
21858
21862
21867
21869
21870
21870
21871
21877
21878
21892
21893
21897
21898
21912
21913
21917
21924
21938
21963
21966
21972
21978
21979
21988
21990
22002
22022
22025
22025
22028
22051
22053
22059
22060
22061
22066
22085
22093
22097
22097
22098
22098
22101
22127
22128
22133
22175
22178
22182
22183
22192
22197
22216
22233
22236
22242
22256
22256
22262
22271
22282
22287
22290
22300
22311
22314
22323
22350
22355
22358
22370
22372
22372
22373
22378
22380
22386
22386
22390
22392
22392
22395
22403
22408
22409
22421
22431
22435
22437
22439
22442
22452
22454
22455
22460
22472
22473
22478
22479
22486
22490
22492
22494
22501
22502
22503
22505
22518
22523
22523
22524
22528
22534
22565
22581
22581
22588
22598
22602
22604
22638
22642
22642
22657
22663
22667
22670
22674
22675
22681
22687
22695
22705
22719
22722
22724
22741
22743
22758
22770
22773
22774
22775
22777
22779
22788
22794
22806
22810
22825
22837
22839
22846
22847
22854
22855
22857
22859
22880
22888
22890
22890
22902
22902
22906
22911
22928
22963
22973
22980
22991
22991
22996
23000
23002
23004
23014
23021
23033
23039
23042
23049
23060
23067
23069
23069
23072
23072
23075
23079
23084
23089
23096
23100
23114
23114
23115
23120
23126
23172
23174
23175
23176
23178
23178
23180
23183
23189
23192
23198
23202
23211
23212
23214
23216
23278
23279
23333
23334
23336
23344
23346
23348
23359
23369
23370
23371
23445
23458
23475
23484
23487
23496
23503
23504
23511
23512
23517
23532
23536
23537
23539
23545
23551
23552
23555
23560
23569
23573
23575
23586
23598
23600
23605
23634
23639
23645
23659
23662
23666
23667
23672
23677
23691
23694
23707
23708
23711
23712
23713
23719
23719
23719
23720
23735
23743
23743
23743
23747
23748
23769
23771
23772
23780
23792
23792
23796
23799
23811
23827
23830
23841
23850
23853
23855
23858
23865
23871
23871
23872
23876
23883
23885
23887
23921
23929
23936
23937
23939
23943
23945
23949
23954
23956
23976
23979
23980
23991
23999
24015
24030
24032
24033
24044
24050
24055
24075
24084
24087
24088
24095
24096
24097
24104
24106
24128
24131
24149
24151
24157
24162
24166
24168
24178
24181
24188
24194
24194
24196
24202
24204
24210
24223
24243
24247
24249
24259
24275
24278
24280
24283
24284
24287
24289
24295
24301
24301
24315
24321
24321
24323
24323
24331
24331
24331
24335
24348
24351
24356
24362
24364
24377
24391
24408
24416
24417
24421
24424
24428
24429
24436
24445
24447
24450
24452
24454
24482
24489
24493
24493
24500
24500
24507
24516
24518
24521
24529
24545
24546
24547
24556
24575
24586
24587
24589
24592
24592
24652
24653
24659
24662
24667
24676
24677
24680
24680
24683
24684
24688
24691
24701
24712
24719
24719
24722
24726
24728
24732
24750
24755
24759
24767
24767
24769
24771
24774
24777
24778
24779
24789
24799
24805
24809
24812
24814
24820
24824
24835
24837
24840
24852
24853
24863
24872
24875
24879
24881
24887
24900
24900
24903
24906
24907
24922
24924
24924
24936
24936
24938
24944
24955
24956
24958
24958
24960
24981
24984
24985
24987
24993
24997
