211
211
212
449
54
438
315
17
20
146
491
1064
1065
260
136
1097
1534
1
2
3
226
228
228
607
1106
2032
2033
2033
1195
1195
21
1766
46
46
50
777
780
1511
366
395
2638
2639
95
1452
1453
382
401
401
2914
653
471
709
419
1198
2992
576
579
129
1030
3372
756
757
1115
1022
1427
1429
1430
2168
1408
815
1562
1457
2200
181
185
1307
1307
845
2879
1038
1178
1500
3446
1236
2868
2221
2222
2225
3871
3875
1587
1589
839
2059
2060
3234
941
943
112
113
2897
2897
3377
3379
2117
1713
1714
702
702
703
705
705
1001
1002
724
725
1116
1117
1117
1118
2152
2153
2154
2011
2014
642
643
2973
2909
1377
1378
1246
2532
2533
1883
917
1162
1165
787
788
789
790
1147
1149
445
445
1582
1582
1583
1646
1647
85
1141
2968
2968
2970
2691
1461
2246
2250
2250
2382
2384
2384
3324
3151
3152
3153
1678
1678
1594
1129
3553
3554
1362
1362
793
1781
116
120
2577
2580
3193
3194
3195
582
583
640
3006
3008
2003
2004
2455
3227
3229
1331
1333
1167
1169
1170
3807
1350
2189
1723
1724
1725
1982
1995
2727
2728
2728
1962
2329
2329
2179
3708
1091
1093
3092
3092
3093
12
13
15
2661
1916
1917
1918
1920
2785
2084
3384
1969
3479
3479
1921
1836
1836
2965
2943
2943
2601
3578
3578
3579
3579
2285
1876
4655
1668
1669
2547
2737
1826
1830
1830
1503
3989
3217
3299
1708
2432
4320
4431
4434
3727
3090
3858
3899
3899
1398
1400
3331
3335
2289
2290
3562
4614
4201
4202
4205
3038
2309
2310
1870
1870
1870
1941
1943
2857
2857
2857
2858
2379
4106
4110
3487
3902
3903
3035
3035
5002
5003
4249
3112
3112
2513
2514
2514
3574
3575
4525
4742
2417
3702
2472
2475
1069
5618
5618
4724
4725
3543
4191
2707
2707
2707
3508
4634
3132
3259
4704
4704
1875
4366
4369
2409
2409
4479
4479
4637
4637
4695
3206
3423
4569
4553
1675
3855
5384
5384
4658
5280
6246
6248
3688
4939
2509
2510
1466
4571
4571
4573
3602
3604
3997
6280
5489
2463
4981
4481
4481
4482
4781
4781
5982
5313
1567
1567
1567
1568
1570
5613
3181
3184
6636
4116
4328
5290
4181
4182
4183
4185
5553
3919
5108
4557
4559
4559
4560
4299
4300
5092
5092
5094
5684
5684
3597
3598
1704
5522
5200
5976
5978
5980
5075
6850
6792
6794
6066
5077
5079
4810
5737
4291
4294
3995
5632
5632
5635
5443
6221
6222
6222
5886
5888
5889
4343
5572
4596
4599
5526
5527
5053
5988
5087
5089
5331
5405
5405
4816
4817
3870
6378
6378
5047
5049
5501
5503
5504
6844
5581
5585
5172
5175
5725
4933
7100
7100
6418
4531
4533
6238
5704
5211
5212
5213
4541
4544
4545
4878
4878
5784
5785
5544
5023
6166
6167
7024
6456
6459
6459
6459
6459
6565
4799
4800
6044
6853
6854
4897
7019
7020
5899
7309
7310
5472
5468
5469
6105
5622
6580
5609
5610
5718
4216
4219
6129
6129
6130
6631
5015
5182
5185
5185
6121
6407
6607
7305
7305
6510
6510
6307
6308
6310
1813
1815
6649
6650
6547
6547
6550
6550
7118
7477
7478
6186
6189
5550
5360
6623
2047
6776
6777
6971
6971
6972
6974
7101
7104
7734
7817
7817
7817
5834
6952
6952
6954
7084
5457
5459
5626
5629
7522
7525
5409
5409
6727
7800
7651
7655
4281
7450
7635
7635
7635
6969
5396
5396
5026
5030
7389
7390
6273
6988
7671
7674
7675
8125
7718
7719
6605
7588
5795
6343
7679
7680
7680
7329
7329
7330
7384
5696
5697
5699
5653
5655
7397
7400
7176
7177
7180
7180
6426
6430
7900
8002
8004
6572
6573
7412
7414
7415
7437
7439
7439
7439
7440
7332
7997
7998
7999
8000
6028
7298
7993
7582
7585
7841
7879
7879
7879
7094
7553
8237
5796
5797
5800
5800
7815
8276
8451
6980
7542
7545
6545
8532
7166
7167
7168
6514
7462
7462
7237
7238
7546
7546
7548
8145
8247
8248
5913
7471
7472
7473
8162
8188
9407
9407
8066
7915
8838
9680
9304
8972
8975
8590
8603
8981
8982
8982
8726
8730
8597
10661
8226
8226
8229
8230
8296
8298
8520
10427
7262
7264
8831
8835
8877
8351
8352
8354
9353
8554
8476
8477
8477
8480
10247
10699
8381
8311
8315
9252
9273
9275
9126
10154
10155
10155
8365
9056
9056
9057
9060
9783
9783
7271
7272
7272
8801
8218
8219
9123
7831
7831
7835
7573
7573
7574
8841
9207
9209
9210
8606
8608
10267
10594
9382
8787
9227
9228
9229
9558
9559
9417
9418
9418
11453
9544
10407
9156
7972
9442
9444
9135
8856
8857
9641
9642
9643
9540
11808
7269
7753
7754
8709
8710
9891
9892
9893
9164
9052
8703
10041
9379
8570
10563
10563
10565
10672
10674
10875
9579
9867
9868
8178
10415
10415
11097
10974
10975
9456
10458
8549
8549
8550
11556
11559
9246
9250
9250
8811
8815
11849
9666
9016
9429
10194
10238
9661
9724
10521
10024
10482
8976
8977
8978
8980
10635
11336
11338
11338
11340
11340
9548
9549
10513
10514
9811
9815
11197
11199
11200
8717
8718
9914
10003
10004
9037
9001
9002
10743
10744
8913
8915
8915
8523
10746
10947
9138
9139
10159
8576
10956
8281
11465
10161
10164
9439
9440
11844
8437
10836
10839
10839
10839
10611
10614
13018
13018
13020
11976
11979
12531
12393
10334
11042
11042
11045
13062
11741
11745
11745
9876
9877
9880
10694
11104
11688
10904
10375
11875
13115
10440
11916
11919
12510
12178
10937
10937
12701
12705
11216
11747
11748
8031
8035
8035
10046
11821
11821
11823
11824
12054
12054
12559
11830
11866
11868
12419
11564
10368
12084
12085
12155
12155
12592
11209
13009
12402
12404
11449
11450
11450
10186
10187
11854
12260
11050
10217
10218
13156
9499
12831
11487
11488
12722
11521
11522
11598
11930
13196
10676
11728
12551
12551
12555
11281
8986
12697
12699
12794
13648
13424
11590
13787
13790
13856
13859
13032
13033
13378
11307
11309
12801
12805
13267
13268
12469
13579
13641
14066
14070
12058
12058
12040
12406
13808
12221
12221
12221
12224
14056
13404
12756
10855
10855
13278
11941
11945
11945
13361
13308
11619
11620
13708
13710
13429
14018
13039
13040
10933
10933
14327
13941
13941
13943
11364
13178
10856
10857
10858
10859
10860
10860
12201
12201
12201
12204
12796
12797
13802
13802
12364
13677
13678
13680
13399
11886
11890
11890
11890
12131
12368
12370
13868
14043
13222
13225
12212
12212
12215
14722
13141
13145
12121
12121
12121
15157
15159
14404
14405
15114
15114
13847
13850
12398
12442
12443
12445
10926
15178
12659
13670
12458
15526
13504
13923
13924
10446
10448
10448
10448
10449
14636
14636
14033
15227
14126
14573
14574
14731
14733
14735
12301
12302
12303
14612
14613
10896
10897
14660
15028
14413
13146
13148
14522
14525
14780
13051
13052
13052
13052
13824
14802
14804
15849
14352
15162
12822
12823
15234
15235
15694
13997
13998
15236
15240
15240
14708
15969
14594
14595
15513
15514
15098
15098
13712
13713
13713
14891
16216
13691
13694
14545
16243
14978
14504
15285
14920
16268
14436
15056
15057
15059
15059
15060
14992
14992
15201
15254
13230
15124
15125
15125
16047
16050
14809
14989
15577
15579
15579
13185
15709
13616
13617
13973
14167
14168
14883
15787
15788
15387
14233
14233
15553
13264
13265
14243
14442
14445
17598
17599
15367
15367
15862
16804
13897
15636
16183
17120
15696
15696
15699
14817
16066
16113
16114
16357
16751
15021
14453
14453
16772
16775
14158
14160
15444
15357
15819
15981
15981
15982
15983
15985
15628
15905
15704
15705
16849
16850
17506
17508
17091
14379
17393
16597
16598
13542
13543
16388
16389
15631
18716
18719
18720
15446
13936
17687
17687
16487
16489
16827
16927
16928
15457
15309
16354
16779
16779
15963
14603
14603
17738
17738
16417
16418
17356
17356
17360
16728
15796
15486
15488
15490
17427
15546
15547
15548
15550
18077
18080
15889
17311
17482
16191
16608
16609
16609
16916
17174
16128
16128
16129
18511
16901
16904
16905
16632
15321
15322
18367
18369
15648
16891
16891
16447
16448
17422
15051
15054
15055
14964
19088
16886
16888
17757
17759
20178
20178
17953
17555
16787
15807
15808
17638
17639
17812
17812
19253
17365
17613
17614
18694
17927
18726
18728
17603
18537
18538
18539
17711
17713
17714
17101
16042
19243
19245
19249
18637
18637
19987
18876
18880
16756
14046
17026
17028
17028
17029
17030
14319
20202
13993
18050
18633
18978
18978
18978
18980
17434
18241
18244
18244
18244
17132
19104
18710
22146
22147
22149
17443
17579
17580
20102
17163
16423
19043
17934
17934
17934
19177
19179
19180
15689
16972
16974
18562
17997
17998
17998
21491
19737
20390
17944
17944
17824
21472
18671
16933
18071
18074
19481
19482
19484
17793
20579
19149
19701
20244
20906
20910
21516
17747
17855
20613
18479
17334
18313
18313
22109
22109
16530
20342
20342
20342
17380
20091
21592
21593
21039
20403
19446
17903
17904
20638
20638
16853
20111
20111
20113
19196
19198
19306
15875
15875
15595
19221
19225
17972
17972
17973
18499
19661
19664
17586
17588
19590
16482
17125
19544
20000
21182
21185
20666
20668
20668
18117
18061
20608
20610
18942
18943
17367
17370
19905
20295
20369
19127
19130
18836
18839
19457
20652
20314
20315
22797
22482
22483
22484
22484
18823
17619
16588
22747
22748
22750
18306
15988
15989
15990
20943
22457
21189
21190
20078
19847
19847
20067
19039
20238
22531
20501
20505
19256
19260
20567
19408
21511
17564
21489
19680
20856
19444
20511
20514
20813
19841
19843
19844
21963
21965
21950
18402
18403
21614
21713
21715
21066
21068
21069
21070
22252
20746
21352
22526
22530
21937
21939
18986
18989
20432
18296
18296
18300
17766
20795
22371
22371
17052
19896
16008
18337
18338
18339
18127
18128
22181
22182
22185
19812
19813
21848
21849
21850
18705
22737
20411
20411
21585
22364
19234
17826
17828
22572
21195
21195
18591
19553
22467
21027
21028
21030
16711
18573
20782
21794
20953
19276
18993
22972
20062
20062
20063
21285
21004
20372
20375
20375
23104
20807
20808
18577
18577
18579
23741
23741
16745
21214
15397
15400
22963
22964
22512
22512
21542
20959
24133
21828
21089
22337
22338
20544
20603
20604
23122
23123
23125
22914
22757
22760
20551
20553
20553
19578
21071
21074
21075
21636
24578
24578
24580
24745
23411
20625
24562
24563
24565
19226
19229
19230
19230
23481
19922
20417
23027
17657
17658
17660
19732
19732
19735
19735
19735
22248
24005
23639
19465
24802
22442
22445
24819
24226
24227
22266
22177
22178
22180
24684
20888
24376
21238
21239
18384
23048
23050
22723
23237
22395
23294
23056
19803
19803
21316
23468
20617
23596
23954
23955
24792
24793
24795
21669
22621
22624
22625
24288
24290
24290
23052
24022
24022
24023
23458
23460
24888
18871
21525
21447
21450
20476
16394
23661
23663
23100
18642
21808
21810
24997
25000
21022
21024
23351
23354
22463
22801
22802
22802
22805
22995
23250
19398
18818
18818
24504
24505
21111
21619
24078
24080
22076
22076
23447
22105
16710
24441
24442
24444
24445
24512
24514
24825
22501
24493
20646
20648
20649
19072
19072
24531
24532
24533
22905
21443
21444
22676
22680
24008
16861
17267
24223
24224
23621
21978
21978
21979
24243
20196
20196
22452
22453
24416
24418
21814
21815
24195
21777
21779
22581
22117
22118
24601
24927
24619
24851
24853
24855
21552
21552
21553
23492
23493
24891
23112
23113
23489
23489
23490
24694
24695
21384
21385
23970
23428
22397
20481
20484
20485
20485
24032
24283
24284
22569
22544
22017
24144
24398
24400
23504
21767
21767
23819
23198
23198
19651
19654
22689
22689
22990
22990
24459
22082
24201
24203
24204
24204
22822
22824
23958
23960
24518
23780
21401
24710
24971
24971
24293
24295
23496
23499
24878
24879
24206
24206
24332
23561
23563
23565
23559
23559
24941
24941
24461
24677
24678
24679
24177
24178
22278
23340
23340
23432
23432
23433
24590
23323
23324
23325
22909
20526
20527
21981
21982
24149
24266
24268
24961
23798
24124
23812
2026
13851
3199
3200
4506
9933
9933
17834
17835
2747
14547
20321
20323
14586
14587
7849
4417
10536
10539
14999
15000
9850
12968
12969
2671
2672
2674
2675
5163
5163
5165
19497
1089
15883
15884
24481
24483
24485
4383
20257
17624
17624
17625
19117
17497
4992
4993
4993
4994
9323
2077
17856
17858
17860
21672
21672
21673
17194
19563
19563
10327
1926
1930
11621
11625
19644
2827
18911
18913
7705
9472
9473
2291
2294
11136
21139
21139
22982
22984
10302
10302
21161
21163
17056
17057
17059
18161
19314
19315
11537
11537
17448
17448
17449
8945
21727
21728
21730
14970
693
9243
9244
9245
5465
846
849
7930
22930
22930
3762
3762
13420
819
10075
12664
15776
13487
13488
13490
1937
16945
24313
24314
9493
19808
19808
661
14348
678
2496
6929
17846
17848
17850
9172
9174
22692
24612
24614
18901
18905
7578
6700
15314
1471
13356
8823
15516
20766
14827
14829
3724
8866
24722
19838
19840
24088
936
940
8557
8560
4977
14226
14227
14229
14229
14230
21106
18936
5921
24856
24858
8481
8484
8484
8484
594
8097
8097
4321
4324
4325
5917
15406
15408
15408
15409
16131
16135
9655
21057
21059
24166
17218
17703
17704
3483
3483
3484
19333
10977
7354
7355
17575
4423
15503
1752
18371
18374
18374
19479
18032
18033
18034
12285
13021
13021
7645
7645
5601
5601
5602
16976
8269
8269
8269
8270
2539
12308
12309
14324
20796
12923
12923
13328
10116
10116
10116
10116
70
70
12017
12017
23869
9041
9041
9041
9042
9044
9045
23602
9612
872
23837
8020
10451
10454
13394
15464
15464
13566
13567
6618
23590
11911
24988
433
433
435
20302
20302
20303
20304
11236
16953
14673
24262
24263
10307
10308
10309
10310
5266
5270
1645
17258
741
743
745
4594
4595
12184
2842
24081
22996
14283
14283
14283
14284
222
225
18214
8128
8130
8584
20559
18782
18782
18784
18784
19336
19337
17141
17143
20450
569
6114
6115
6115
16117
16118
21497
2130
13632
13632
15853
3568
3569
9117
9120
23170
21752
21755
21755
15199
23541
23543
5537
5694
14461
15391
15256
15256
5036
16262
16263
16265
15187
15508
7907
7907
3127
7661
7664
14141
14141
14144
8627
8627
8629
10657
10658
6719
6019
7976
3618
18981
18983
16406
16407
15268
16342
16342
16343
16345
20466
3522
3522
3522
17236
12729
12729
12730
11568
12622
10799
5064
2892
14430
14430
14430
23806
23674
19783
19785
16785
2427
2428
17235
9909
3583
23076
18091
18092
18094
18094
21622
18787
18787
18789
18789
19741
9222
13211
13213
13214
19059
15935
17774
17775
17775
12352
905
3753
23746
23750
19492
19493
19494
3432
3434
11712
7420
19289
1796
1799
1799
8619
13548
13549
19192
19193
7809
7810
19527
7990
15245
20496
20498
16845
14306
14307
5508
5509
6931
623
624
9147
24881
3326
16796
16796
16798
19393
19394
19395
13466
3502
3504
4867
4867
4869
4870
1664
14566
14570
18891
18891
11984
21079
21080
20398
1557
15973
2318
2319
2319
1480
13254
9466
18533
9481
5818
18803
11792
11793
18808
16256
16259
6287
6289
18344
23706
18151
18152
238
8528
18795
19404
1186
1187
1188
1189
18545
12673
5731
5733
12216
12216
12217
12220
24018
24020
3779
22054
22054
921
21968
8612
2883
2885
20394
21392
21393
23474
23475
19685
8466
9827
11666
11667
11668
19208
19209
19209
19209
17742
17745
14363
14363
14364
14365
16396
16397
15812
15814
15814
1217
11532
11535
1201
2438
656
660
24781
22551
22554
18107
9176
9179
11720
3290
15411
17787
1259
19826
19829
5535
22716
4828
4828
15581
11215
286
289
17271
19570
9625
9268
8919
8919
8920
15265
892
893
895
11331
21199
23874
23874
14831
1933
18171
4851
4854
15492
16105
14769
14770
9067
9068
19747
19750
18470
20628
14298
14300
7866
17320
11358
22476
6936
6938
6940
346
349
14520
15730
18927
18928
18929
18929
15478
15480
3720
8873
8765
3929
3929
8571
12613
862
865
11803
11805
17337
17339
20307
20308
20308
20310
20310
15304
15305
17936
17938
24382
8194
9511
9513
9513
9514
23226
23228
23228
2364
19389
19390
630
2353
4362
4364
4365
20947
18503
18327
4112
4113
4113
4115
4372
4373
4373
7660
12711
131
134
12191
10916
10918
20847
20849
20850
22842
22842
18471
18475
24868
23535
7144
7144
255
9212
9213
10757
8429
8429
5302
5303
5304
13602
13605
8901
8905
7293
7294
3538
3539
16441
16442
16442
16442
16961
23287
5901
5904
5905
18376
8667
22590
14754
9573
3466
15919
15920
11174
11175
11175
12073
24862
23832
14691
14694
5207
5208
5210
6530
6530
5351
5354
18886
18886
9831
17169
3832
3835
5241
5242
2932
38
38
24598
24598
3938
3939
14528
14530
18527
4824
4824
18207
1077
3201
15016
9326
9328
9330
19575
62
19797
19799
12320
5576
7961
7961
7965
1844
1845
19976
19976
11483
11484
3771
3774
3775
12438
12439
2357
2358
3028
20711
20714
24091
18184
13043
13045
17110
15879
18586
18590
17911
17912
17914
11289
19378
13904
15427
15429
15430
15430
2495
22423
5326
23409
23409
19687
8450
21336
11421
11425
23241
3063
3063
3064
7277
7279
24188
9981
9982
9982
9983
9983
16551
16551
18569
14010
14174
22615
10785
11774
16969
12093
12095
5255
17777
17780
6891
6892
24037
24040
10206
20976
20979
13596
13597
16592
16593
2181
20561
20564
806
18223
10174
17351
16831
16832
16124
16125
2232
2234
8263
8265
588
21761
22189
9167
2280
12021
13258
13259
19374
19375
10823
14240
14240
15784
9297
6081
6084
6084
21687
8621
8623
7226
7227
7228
17031
3820
3820
23690
23149
18778
7195
6059
6060
14433
14435
10403
10404
16252
4467
4469
4470
10350
10350
19756
19759
6362
19318
19319
19320
13091
13094
13095
10178
24048
21943
634
11271
11274
11274
11275
15538
15539
518
520
426
428
430
4143
4143
4145
5482
5483
18670
7364
19006
9769
9076
9035
9035
11960
2853
14583
14583
14585
21177
21180
21180
21180
9898
9899
12607
12608
12610
12942
12945
24212
24213
24213
2501
2502
2505
5589
3164
3164
6501
18167
16869
16869
20938
20938
20938
20939
24157
24159
7241
17909
18028
1886
1888
14358
14359
1293
5257
19158
19160
15032
9776
9776
9777
9778
14250
10093
10094
3076
8687
602
15037
23391
22037
18743
13890
21371
22742
22745
15090
14886
14886
23657
20506
20510
22547
22549
16645
10644
10645
9184
9185
20884
18827
23139
20474
4089
4089
3020
261
262
5660
6560
23461
19729
4513
5203
20154
24690
9993
9995
13672
18648
18648
18649
7602
7604
7605
7605
23477
23479
23480
11973
19303
563
11061
11063
2756
2756
2758
14747
14748
22770
20459
7837
7838
6107
6109
8104
22495
19854
97
14152
14154
14155
19754
9920
21680
18931
18934
5892
5893
5893
17018
1288
6872
3587
3589
3590
6858
6858
20790
7317
1771
1772
1775
17655
19273
8775
7788
7790
10076
10079
3518
3519
3519
4167
7670
856
858
858
858
1541
1545
7225
19282
19285
24556
24557
24559
1653
21888
8724
23041
16702
16511
16512
16512
22592
19384
19322
15565
15565
2096
2099
19631
19631
19633
19635
17844
14798
14798
14536
19597
23357
23359
17346
24451
24451
24452
24452
24454
24455
24455
8463
10810
7338
7339
7340
21386
21386
21387
19584
9809
12991
12992
5813
2467
7636
7639
24073
16681
16684
16684
10802
16639
17694
12851
10754
13702
13704
22257
22257
22259
22260
22260
22557
22559
3386
3386
16722
4504
4504
13526
13529
12188
7122
688
690
22710
9331
9334
2929
11672
11673
11675
9476
9479
6144
507
508
19761
2051
2052
2053
11021
11025
4245
1353
1353
1354
1355
1355
1355
5998
20491
20495
17196
17197
17199
18387
5137
5138
12651
12653
168
170
21218
21218
21220
21220
23033
7027
20836
10299
24830
16908
16908
15417
5008
18085
18085
1636
1639
23183
20741
20742
13384
13384
18603
18604
18605
2133
17321
8234
8234
10769
10770
18486
18489
18663
18665
18665
14313
17505
3097
22324
12349
12350
736
6821
6821
6821
6825
2311
2313
8886
15641
15645
11776
11777
11780
16224
5973
5974
5388
18122
11992
23701
11427
7041
5836
8962
8962
8963
8965
5591
5595
9902
18676
502
505
505
2939
2940
6801
11000
19610
4177
9083
13752
23425
18054
18055
6884
19766
2337
12536
12537
9554
19190
20665
4617
4619
4620
21006
21010
17006
17006
17009
2700
22734
11725
3861
3861
611
612
7060
10087
10088
10088
15224
15225
17570
5232
9517
9517
9519
9007
3838
3839
13946
13949
3691
3695
19411
19412
19412
24394
24395
23141
23145
4023
4023
4023
4024
4025
22970
1536
1536
1539
16099
15076
15079
14718
14718
19502
19505
19505
12341
12343
22945
15682
537
537
540
467
1213
8995
8995
4254
4254
2634
2366
2368
12918
12919
7233
7233
1492
1494
15739
15739
14909
6296
23551
7131
7135
7135
11374
17863
17864
23685
241
244
20407
20409
20409
19962
7136
13839
13839
4256
4259
9411
9412
9414
17817
17817
10083
10084
821
822
824
7315
4044
9633
10811
10811
10813
10813
6281
1833
2847
2848
2848
2850
11865
19639
16736
16739
11813
7532
7891
7894
19613
3648
9281
9284
16201
16203
2479
2480
12947
12950
6816
6817
2067
23695
5476
3760
20187
10739
2594
2595
2574
2575
12582
12583
10861
10862
13331
9106
5122
5122
5884
5885
6486
6486
7681
7682
7683
7684
20425
13862
13865
19908
1269
23737
23737
23740
12031
12034
12231
15422
8935
21644
22041
22042
6662
6664
6664
7738
15652
20738
20738
23036
23039
23039
23039
23040
15613
20282
20284
10221
7259
7260
7260
7260
532
534
4457
827
20878
4582
4583
4583
6659
327
330
24353
24355
20428
4864
4865
15911
23607
21377
1614
22061
4661
18258
17675
14757
12513
12515
15363
18796
18798
12412
12414
2024
18852
18854
12737
12740
18507
20074
13387
10057
10057
10060
20702
20705
23877
23877
23880
24571
24572
24573
24575
1341
1342
1344
9532
19949
18156
20773
1233
1235
16107
10323
9316
13207
10137
10138
6216
6218
16297
16299
22208
22209
22210
22210
10196
10961
10961
10963
10965
5665
5665
2983
7032
15977
11193
11195
967
174
10170
1912
18251
23162
23593
12229
5568
16215
11032
11034
13474
8952
2007
8648
8649
267
20233
20233
20234
7087
7087
7090
19787
14655
17783
13687
13687
13687
13690
24585
12789
14921
14923
21572
21574
21397
23192
9976
9977
9977
3879
19294
9942
19061
19062
19063
19065
6315
9064
15801
1424
24983
6916
4441
2216
2216
2216
2218
7129
6866
6867
20352
20354
1607
2590
4307
4310
18842
18843
931
931
932
934
23108
23110
21357
24014
11857
11860
22826
22827
21263
21263
5454
21125
21125
21837
9366
13464
2456
2456
2457
2459
11613
16167
11966
11966
11966
11969
11969
11970
6031
6033
12382
22074
14410
6537
19269
19269
19270
14371
12167
19521
19525
24359
12549
728
6531
10607
15329
15330
19657
19659
24701
24705
4748
11526
11527
5261
16188
16189
781
784
784
8863
8472
8472
3789
10479
13099
13100
24342
2960
24182
24185
6137
7037
7037
7040
24388
24389
14479
24957
4603
17343
17138
17138
22031
22031
22034
8593
14617
14036
13458
13459
13460
8488
8490
8490
7696
7698
24450
685
23401
4706
4706
17246
17250
12996
13522
23655
10132
10134
10135
14212
6118
6118
15249
11902
11903
12929
4643
6382
16649
16650
22771
22772
6340
10341
10344
6597
6598
6599
6599
18190
20098
10913
10914
10914
18287
246
21854
21855
8222
14761
2650
1274
1031
4847
4849
7051
7054
7054
7055
8816
8820
12634
2641
2641
16246
12971
23726
23730
20853
23333
6346
6349
24813
8907
23128
5170
8894
8895
4528
14896
14086
14086
14086
14086
14088
14090
15929
15929
9733
17649
5115
5115
5115
24402
14557
8807
8808
4336
5650
13343
5937
5938
12145
3891
3895
3895
8799
20358
20360
24162
18347
18350
5933
5935
321
324
1439
11816
7756
13891
10291
10294
10294
9837
9837
9839
9839
28
12570
14739
19472
957
960
8507
8510
1131
1132
1132
1133
90
1891
1895
7984
7984
17546
17546
17547
14532
14534
22840
21033
21033
16038
6812
6814
6815
1151
21562
24798
24799
1522
1525
22600
22600
3429
14139
9561
24217
6301
6301
6304
16415
21248
3109
21972
2161
2162
20723
20725
9923
12290
9803
9804
9372
667
668
668
9489
9489
9490
9490
4215
20540
23260
17676
17678
17680
20084
20084
22307
22307
22310
2073
2074
13908
13910
18653
18653
18655
22127
14278
14279
5707
8501
7181
7185
7185
20087
20088
22938
21866
21868
13742
13745
619
22714
13736
13738
23617
22521
22524
22525
24126
16028
16030
24843
24844
15567
15568
21556
10616
11341
13323
13325
13325
1000
16625
15440
4687
5128
5129
19835
220
15471
15472
15472
2526
9568
56
18180
