267.21
75.7779
258.196
172.677
359.492
322.287
162.821
532.868
222.211
129.298
215.752
303.616
156.822
160.079
459.051
184.28
287.17
241.002
82.0793
234.772
326.054
193.018
423.875
324.954
444.949
438.956
326.233
106.348
380.348
90.96
105.129
372.416
157.711
44.5171
316.117
92.9023
263.96
141.518
190.812
520.651
240.53
123.213
265.783
71.6524
186.616
409.032
301.13
408.822
453.268
209.88
84.6571
181.896
305.712
287.209
203.699
187.22
368.64
72.1802
78.2309
319.383
52.4735
284.285
448.408
241.05
408.344
406.53
331.974
357.038
168.488
519.478
316.859
133.158
412.718
49.8477
486.417
165.45
434.374
288.167
362.163
436.522
131.788
227.974
425.722
350.157
192.309
367.692
269.803
155.068
320.888
308.489
364.551
303.698
296.926
284.647
351.126
403.382
108.831
313.437
273.467
479.409
93.8187
453.756
310.527
139.412
184.045
293.029
261.411
232.471
195.22
176.325
225.745
203.177
248.296
161.451
373.014
126.159
243.872
59.8681
136.968
88.308
328.272
89.7876
121.794
200.458
244.533
143.545
264.521
286.642
145.331
52.9673
87.0854
313.333
110.601
564.65
524.769
92.3599
102.178
275.13
91.7487
276.008
49.0443
336.004
82.4002
144.652
270.439
238.273
229.969
148.426
100.831
173.703
268.106
286.959
104.76
170.337
267.21
294.403
385.125
373.038
206.16
202.529
114.168
115.78
176.188
102.352
127.439
282.923
393.195
224.342
438.821
179.284
469.418
211.088
300.708
337.078
329.127
124.3
134.216
197.021
94.0997
208.614
141.994
404.445
251.924
43.7411
279.17
129.437
250.398
179.974
365.926
67.9531
311.49
271.966
263.713
520.115
194.352
305.542
203.602
57.3041
200.657
271.529
141.662
235.719
243.937
410.755
207.342
183.429
290.121
316.511
295.87
435.027
141.002
340.104
38.0378
410.657
107.508
184.21
352.65
111.987
412.125
73.2369
309.769
525.788
102.679
65.1984
215.837
174.895
167.866
38.8612
98.8595
306.543
392.206
378.366
300.167
359.701
326.538
521.782
175.282
511.98
58.2473
380.278
51.0258
512.89
97.6057
433.034
378.086
173.064
141.694
125.1
139.995
460.751
354.561
239.083
232.314
187.766
431.597
387.377
165.064
438.995
461.987
319.707
309.986
254.837
157.732
327.805
258.121
252.541
108.315
302.569
300.898
46.5225
231.293
201.407
269.858
214.446
235.756
322.338
253.551
278.388
292.881
410.097
71.864
131.647
275.471
347.852
76.7352
94.7802
49.3117
90.7753
361.881
238.678
409.719
111.795
167.254
301.025
283.686
308.682
85.1709
65.0969
322.359
50.5943
385.101
49.01
373.826
318.018
98.2151
85.4107
49.4169
330.954
354.81
318.873
404.974
212.075
63.3401
378.302
177.789
43.965
153.784
39.1112
106.976
128.778
463.771
104.305
230.101
252.185
161.592
517.911
95.6706
497.937
129.467
310.923
55.1868
460.985
92.1613
302.967
330.576
340.577
295.638
205.799
533.659
403.952
469.254
402.507
322.059
236.146
193.409
449.407
254.242
80.2576
207.938
273.477
317.713
161.09
214.309
348.656
326.352
116.738
211.874
413.194
155.742
372.871
517.369
472.148
370.768
535.237
260.146
58.7012
121.006
78.1537
262.273
97.6568
335.65
327.198
382.296
166.237
235.286
303.485
319.62
188.068
493.218
132.637
217.122
303.159
197.268
451.916
147.62
417.71
473.233
282.973
263.222
257.657
148.662
257.031
209.503
197.108
170.857
230.118
400.348
176.942
360.209
377.342
322.344
280.742
424.091
104.755
84.1808
151.064
298.126
208.831
510.799
109.765
397.935
253.543
228.236
342.454
73.506
457.674
147.023
130.251
94.1748
94.253
447.122
184.87
199.983
207.486
240.272
319.965
264.353
271.93
395.388
370.308
197.94
198.326
393.12
113.858
308.689
220.01
400.846
358.889
409.535
173.694
80.7914
307.008
282.211
223.125
135.614
122.518
358.484
238.587
37.9849
230.794
361.066
396.974
76.4059
66.6635
272.71
320.968
164.1
49.4661
280.951
198.208
59.8023
286.17
113.339
402.032
76.9925
93.7686
431.309
76.0826
330.058
151.318
493.647
175.344
201.44
505.834
150.254
187.863
426.553
174.499
432.543
452.909
337.051
116.639
80.6912
475.413
112.963
60.9968
130.747
214.344
301.004
103.258
197.451
312.419
197.872
278.156
405.602
78.2778
363.654
423.23
183.456
330.855
70.3012
68.6475
39.0469
282.318
364.748
516.573
254.313
306.624
366.589
249.363
354.246
437.572
429.853
404.273
408.773
401.928
171.412
89.1193
155.072
163.161
327.177
319.866
337.548
218.262
178.823
43.503
392.367
120.071
204.419
292.96
263.356
347.154
363.732
170.779
141.009
290.871
86.1124
82.2762
86.1991
555.542
239.25
55.6758
100.015
220.784
200.477
301.519
274.888
300.322
489.827
143.027
162.766
161.869
145.69
99.2492
73.8795
538.063
41.9729
283.666
175.688
164.307
361.439
283.93
439.999
191.41
255.599
50.0796
285.089
434.5
77.1392
92.4676
84.999
320.242
218.562
228.98
219.794
245.503
70.7904
43.6422
91.6663
194.904
60.2307
53.8293
441.824
103.388
111.14
98.0405
306.474
240.442
200.55
99.5016
153.562
360.169
359.575
33.853
59.6751
141.489
69.4893
332.893
374.455
215.696
409.389
226.097
304.674
322.171
126.869
404.609
185.202
283.142
406.037
299.423
97.1471
202.226
77.5119
39.2476
88.99
450.011
169.269
80.2104
266.079
406.012
208.124
556.231
72.3896
51.9435
193.883
115.466
313.023
324.508
368.001
448.599
44.2089
325.818
47.206
190.701
69.1372
412.837
335.063
207.215
281.709
259.62
249.414
391.998
106.696
390.909
403.813
145.005
194.297
273.333
182.375
113.798
496.591
279.932
302.276
227.511
434.912
265.988
121.682
558.15
263.912
113.051
214.997
194.712
289.52
458.439
30.1435
366.355
96.554
40.3184
93.1802
206.264
115.452
514.962
193.098
403.019
197.169
266.378
478.054
447.4
173.224
252.5
512.614
423.816
94.7007
386.611
64.6217
321.24
417.3
366.326
414.115
336.149
106.567
468.037
121.932
476.254
224.439
145.529
288.819
337.421
113.119
170.918
149.624
125.779
476.22
377.654
94.091
164.138
135.419
460.716
120.85
468.608
65.7985
256.446
291.101
206.672
178.24
409.762
460.128
418.832
200.98
187.384
264.585
312.189
152.941
126.357
126.671
330.079
98.2807
171.499
346.94
161.628
37.3993
217.314
198.447
151.476
353.558
402.085
211.453
371.756
236.085
52.5872
360.014
269.092
158.571
34.3362
78.9332
227.443
293.238
417.881
94.7309
274.942
171.606
70.0138
301.48
253.114
92.4433
52.8519
289.942
264.376
72.3763
445.568
128.984
129.4
161.958
290.894
166.39
264.152
173.543
254.985
247.606
319.809
232.46
391.115
218.552
80.3779
79.8922
325.951
255.765
135.945
292.387
316.965
56.0163
134.255
370.991
385.675
210.65
198.064
307.737
275.701
71.3014
208.005
270.412
46.7889
262.69
70.6597
80.5188
117.713
317.741
427.06
410.876
204.584
264.556
310.45
371.818
121.423
312.633
273.948
446.554
184.722
373.258
228.109
456.635
345.716
316.849
33.494
75.4328
48.5018
522.688
135.77
273.691
162.756
95.7514
98.8618
295.242
279.818
385.75
175.121
160.692
307.089
198.669
31.3806
351.634
216.69
434.392
213.609
297.027
385.442
88.346
354.965
67.7384
398.843
161.855
164.648
211.094
507.014
350.83
204.41
221.78
116.607
231.152
322.26
100.008
142.034
41.1422
442.99
430.957
253.231
395.225
147.621
251.326
127.469
235.012
84.1879
72.7018
89.1416
359.189
314.836
351.398
432.184
309.89
78.0207
277.559
113.199
303.792
381.49
153.441
138.035
249.471
67.1209
378.61
67.5569
239.745
57.0074
45.4492
317.654
87.8266
474.491
184.182
154.545
452.937
422.843
465.587
384.161
367.994
155.507
102.441
253.375
414.882
378.243
194.415
396.627
137.254
132.122
100.231
61.2686
447.818
499.055
315.37
239.133
295.365
333.176
292.863
475.761
278.73
374.898
40.9063
316.557
96.3147
555.51
510.426
283.425
335.084
308.716
104.523
410.095
338.653
114.294
100.171
189.759
376.116
245.323
95.8362
241.361
368.171
42.8061
158.148
507.326
401.311
250.801
191.053
319.129
269.421
231.733
208.363
201.559
290.033
186.009
411.869
501.035
209.577
394.613
167.953
522.176
243.457
57.2158
484.978
279.195
245.712
475.954
325.632
44.4114
109.102
554.187
153.707
108.082
551.273
476.34
353.144
312.231
87.6728
73.811
355.645
381.066
494.402
120.913
219.275
401.996
274.921
411.859
476.995
273.75
481.186
190.667
307.492
192.672
328.492
141.885
136.793
318.915
365.662
265.758
34.7071
240.247
207.212
350.034
338.005
133.782
474.999
260.127
468.737
390.63
113.438
453.328
381.882
362.271
293.97
94.5215
403.877
354.91
173.654
457.922
454.804
444.596
77.4753
289.379
400.415
228.842
208.454
50.0086
162.808
354.535
61.3121
227.764
259.362
518.005
478.731
449.266
49.8452
110.179
167.838
236.105
490.515
204.108
335.825
385.128
360.609
190.795
311.224
88.3437
361.635
353.62
432.789
379.117
332.91
161.542
251.081
46.4662
427.997
238.351
46.7344
51.8758
233.192
75.2338
116.533
400.791
354.19
224.598
39.2083
430.577
300.162
51.2489
245.22
331.522
345.632
116.037
468.848
69.2873
356.865
73.941
383.948
285.642
322.832
341.04
371.989
58.7651
534.67
347.414
162.553
201.314
260.703
216.467
161.931
259.047
199.059
197.571
286.663
114.12
254.121
285.529
269.491
173.484
103.78
279.187
335.76
230.475
507.526
143.438
273.873
440.7
322.921
151.442
232.806
298.987
276.535
88.8242
202.644
145.798
111.391
211.379
264.013
123.756
193.833
240.143
335.142
139.393
110.935
104.453
457.266
247.558
361.719
356.957
335.353
55.8524
337.395
392.167
41.4566
449.075
188.025
117.557
47.302
145.202
117.78
348.735
426.483
73.0885
33.7975
331.769
175.409
290.6
176.8
64.6092
341.538
438.436
334.358
329.134
138.419
112.67
459.954
211.541
256.657
109.33
210.644
138.028
247.851
482.031
120.334
108.919
373.62
431.823
339.061
377.301
511.778
75.1336
140.426
434.978
102.352
405.976
376.089
128.45
97.2604
436.383
216.941
155.88
291.58
399.858
51.253
297.05
71.1359
499.468
144.187
337.704
41.2552
95.6466
218.568
219.969
90.7109
326.386
322.857
451.337
362.303
316.715
282.193
262.178
264.223
265.896
213.494
182.493
317.126
360.888
432.823
316.153
191.518
502.699
387.48
45.6722
261.275
382.177
165.776
246.248
348.058
247.901
324.191
41.7751
373.877
397.973
218.309
253.25
91.9209
75.8452
163.276
272.501
303.88
112.312
394.042
459.88
43.2972
407.903
76.1561
251.867
189.547
223.418
230.449
191.891
367.292
409.351
117.528
242.055
238.669
59.2043
464.117
417.46
299.587
177.339
193.506
164.401
452.255
31.5626
503.076
498.465
240.502
87.7526
86.8795
344.649
35.3835
57.2057
38.1592
255.297
318.007
524.6
196.028
309.299
312.274
124.949
52.1339
263.756
62.4732
301.766
281.839
331.862
159.03
94.4494
335.835
427.283
424.411
185.661
405.57
268.625
427.175
207.406
395.269
66.0253
336.783
201.257
111.283
49.3072
152.677
241.921
403.801
350.418
198.646
303.313
421.534
523.113
60.5466
479.098
39.6849
429.554
190.394
245.501
157.682
260.713
237.746
71.651
88.1572
384.671
224.213
284.779
242.574
113.16
319.764
468.13
88.344
104.667
59.6457
487.539
141.192
403.856
203.81
236.798
344.442
271.703
123.161
72.7315
248.881
280.874
197.053
127.685
348.24
318.805
303.819
55.4066
232.493
215.668
245.701
145.97
229.509
225.546
112.833
31.8485
472.926
416.018
303.342
146.671
447.443
408.169
344.019
288.65
184.733
172.413
288.177
97.1861
74.5991
330.398
429.742
349.761
338.877
349.03
271.892
153.084
311.875
259.416
219.823
193.711
330.326
35.1147
311.091
476.715
300.759
120.906
175.484
48.3825
95.6744
158.081
503.688
194.755
181.969
292.866
114.379
471.753
286.272
47.9447
116.94
303.894
311.378
247.329
346.258
331.357
266.675
98.8418
254.345
117.849
100.972
526.405
249.556
181.09
103.98
103.834
376.703
216.722
39.1549
385.081
120.812
41.3523
200.66
200.532
150.867
362.038
55.2248
373.936
314.89
293.624
201.77
65.7328
382.381
280.849
330.647
213.68
454.378
191.129
202.367
119.044
101.753
364.942
457.449
45.5853
387.326
401.628
261.412
235.369
371.178
308.132
239.647
62.8062
445.365
407.834
268.418
226.832
406.53
42.3529
267.525
123.246
277.125
72.815
388.005
99.9133
450.265
191.804
84.4071
46.8949
376.329
74.9233
69.0056
316.904
131.98
447.88
324
470.223
470.833
215.026
325.85
102.968
173.569
270.486
165.162
188.693
348.767
472.728
224.552
443.976
84.709
70.202
103.669
71.2048
222.859
392.049
484.983
186.422
116.433
103.825
406.909
63.0157
471.42
376.233
314.996
320.899
240.204
279.334
246.436
233.485
95.5351
347.864
312.678
42.5065
409.17
249.419
438.683
145.286
172.048
458.505
391.308
254.365
127.333
301.635
139.533
142.034
300.433
531.22
191.282
348.502
315.685
203.173
420.297
494.122
85.8008
426.579
521.907
292.247
507.952
447.072
317.359
300.602
158.228
285.392
64.7186
240.517
421.5
285.007
251.193
187.176
143.483
284.289
306.442
194.907
61.6086
139.595
61.3256
326.313
143.232
402.564
287.339
400.623
194.657
108.249
190.338
280.494
232.391
426.135
366.912
184.477
244.941
334.191
212.952
119.86
234.802
336.942
118.931
233.909
484.052
144.923
47.2023
87.4466
354.46
50.7175
124.605
118.616
222.692
172.516
409.286
191.501
412.419
162.031
214.801
251.288
354.224
135.604
183.965
58.1516
366.42
225.553
219.229
251.017
206.48
396.916
60.9858
218.355
124.156
327.518
126.989
112.458
388.006
217.631
278.465
398.237
480.763
139.308
368.174
548.527
474.264
514.419
42.2289
186.113
223.756
338.755
214.721
162.271
210.765
359.118
362.906
189.898
422.741
402.208
43.124
59.4935
153.214
448.908
191.588
387.399
50.4201
506.988
123.876
279.609
56.9228
95.1152
112.639
151.181
124.837
142.395
119.839
321.96
537.112
346.798
242.694
62.0472
355.665
387.708
432.845
156.146
472.793
67.4747
448.409
104.533
256.805
83.459
330.367
101.289
410.993
298.984
322.693
143.64
367.114
315.546
262.418
212.788
267.294
87.1091
286.889
100.33
477.96
307.476
246.226
155.219
247.064
79.7484
292.87
87.6805
167.126
106.236
372.803
369.607
520.162
384.041
109.089
91.7756
280.742
431.453
474.983
201.446
117.112
158.946
260.216
283.218
40.889
183.545
353.904
252.943
230.252
108.03
176.793
357.896
343.277
454.78
434.465
330.728
254.995
311.674
271.878
258.446
283.433
201.749
322.194
427.505
175.389
240.142
175.632
490.829
121.961
499.186
374.5
148.503
302.431
395.835
76.3482
260.479
31.3271
136.907
40.7146
500.228
322.259
313.379
369.287
214.192
51.656
104.819
111.562
97.1326
450.841
146.259
228.574
81.1785
36.7115
434.926
232.145
232.092
337.367
262.244
232.893
297.695
417.211
143.782
91.6218
411.856
474.909
416.71
236.841
462.018
459.459
330.224
174.923
90.4287
477.503
520.633
256.81
173.076
35.1533
348.109
218.005
245.903
293.432
407.946
370.494
88.895
117.541
110.786
100.087
58.091
296.737
432.169
528.697
97.0164
215.863
374.965
467.618
516.946
249.742
236.183
162.597
34.5091
350.365
162.215
73.9496
158.845
396.038
212.151
195.554
38.9807
332.467
374.052
178.808
520.385
323.43
193.902
259.349
141.934
216.682
200.769
156.733
436.359
343.359
100.691
361.256
354.879
259.003
54.846
140.389
357.171
137.547
144.447
105.846
403.284
120.197
140.754
323.426
356.321
92.966
59.7902
356.213
159.705
489.592
224.121
37.5717
480.17
120.81
333.174
216.356
495.055
338.784
102.56
223.499
295.788
343.583
176.333
233.954
181.886
50.8619
115.695
118.165
238.08
264.656
488.385
235.373
138.409
369.073
394.047
266.677
405.941
31.9017
205.254
329.993
430.872
78.5074
398.837
333.522
297.425
137.937
62.9753
267.601
324.152
33.8757
445.089
233.962
340.289
224.318
201.556
61.6402
179.609
161.912
304.17
314.141
488.627
291.127
39.034
45.5685
480.013
97.108
266.909
211.435
109.501
157.623
497.503
344.96
50.5915
249.705
330.058
148.999
31.0883
333.038
379.562
278.934
190.893
30.3777
134.236
114.031
288.561
371.833
349.605
360.807
290.356
99.9648
284.382
261.099
430.746
54.2134
168.65
233.335
396.002
167.983
218.028
459.915
260.527
404.262
138.222
92.7699
52.5969
428.619
56.204
83.8905
330.487
60.3001
274.349
267.924
227.546
354.57
302.753
463.777
442.248
134.76
398.234
35.0653
168.22
435.538
286.968
486.801
47.9994
350.742
81.3745
59.0889
484.402
222.648
49.8672
364.397
341.749
201.331
252.114
201.867
293.741
67.2346
248.717
356.615
182.854
36.8313
452.112
193.44
101.612
365.382
