93.523
76.1926
93.3574
33.7801
44.5705
209.427
69.503
40.6991
-77.9066
100.938
-81.3993
201.412
-41.3685
33.1894
29.1753
42.1343
-110.817
-67.4227
168.116
73.5612
42.9887
23.6746
-100.289
146.136
-124.205
291.399
-98.5174
-71.7666
-62.9272
351.213
31.7619
36.0048
38.0568
42.8041
234.334
33.422
22.366
87.3618
-13.3381
72.9636
-302.154
-74.2444
13.1866
127.879
75.2927
123.804
35.2626
-113.14
58.5558
15.3264
63.0539
48.7783
57.0356
230.325
177.924
-183.957
66.2168
-39.3188
54.8133
175.516
-124.86
266.519
48.027
-158.962
24.3896
168.713
117.607
10.3811
16.4392
107.186
20.6446
9.88384
74.5576
57.9815
106.31
71.6334
90.378
43.4156
172.642
37.4578
265.352
45.6756
-103.749
90.0398
-159.754
-62.7335
12.6052
92.1897
45.2148
72.6563
18.1857
-104.321
35.4658
69.5304
-139.628
12.947
99.507
156.858
5.40448
14.4717
67.2962
104.542
29.2777
65.8399
33.9125
5.99274
33.0696
39.9945
-110.465
54.5772
-70.3751
87.8907
-81.1597
62.4867
23.9637
80.9593
70.9696
13.5809
-98.5135
-111.613
15.029
7.00917
94.3818
169.875
351.582
-84.1669
31.4019
129.453
86.3656
247.582
-247.138
140.59
257.335
35.5773
-321.469
104.818
77.0793
-83.4169
-154.462
37.0547
23.3944
96.4036
88.0904
236.07
183.277
-67.8495
7.72471
62.1135
263.692
180.243
73.8147
-63.3234
131.289
61.5361
5.81881
-133.652
156.65
126.112
21.2154
8.63088
-90.0481
106.022
22.9491
129.408
148.509
69.3847
-234.768
38.5131
120.095
-101.686
19.796
-60.8774
60.7722
252.508
8.51633
189.441
100.926
46.0948
178.868
89.8065
-48.579
140.533
-54.1004
30.534
19.0486
57.208
277.825
28.9687
26.5083
10.0986
44.5946
-96.0461
193.956
49.7385
45.0971
346.478
108.333
-117.685
96.1674
177.188
-138.548
124.4
57.8402
115.142
6.60842
-87.0287
-236.058
-135.107
254.743
5.56251
110.009
-76.1226
11.2301
38.3909
91.8799
84.5903
2.46735
-203.199
-29.2827
78.8064
-49.7026
-311.002
21.2027
-45.004
24.5072
11.3849
18.0524
85.6303
80.0435
25.8085
110.151
161.936
248.334
-58.7624
337.192
110.553
-34.1779
89.6201
107.651
155.316
-211.404
218.822
65.7088
83.1948
104.472
58.559
20.7843
91.3296
57.0644
-352.14
-68.6535
222.449
38.2197
9.89063
24.099
36.3361
123.181
199.786
-87.2493
150.34
44.842
245.373
19.3752
-67.7076
132.849
-59.0407
19.0661
-169.535
-174.288
-172.479
264.983
111.699
-83.2129
20.8507
274.739
-184.086
-204
4.55831
294.368
83.4245
39.9125
-90.8738
139.145
-52.7684
275.251
76.0814
16.6393
-94.8998
155.81
-301.319
25.0161
75.7589
274.134
35.3412
152.816
24.422
3.19001
257.516
103.918
-202.573
-48.2849
84.0162
27.325
233.732
56.2356
-85.2934
-116.867
-73.1214
43.7347
50.3759
-76.7214
107.308
62.8624
119.186
217.988
51.8109
80.8096
125.313
31.8583
15.1896
15.9191
197.69
138.767
30.0891
143.176
7.33996
50.7115
77.7763
23.1708
112.137
-239.191
147.94
143.264
-10.0175
235.471
159.316
71.7015
67.1191
-295.317
111.074
-136.864
45.9656
176.556
12.8127
75.4051
-253.372
67.5332
136.711
68.7673
33.7656
69.1367
-83.7916
64.0883
36.2616
21.7221
-89.9711
76.3284
-188.181
30.9735
30.6541
73.4565
-97.4289
89.7756
64.8959
132.56
44.6192
-41.7289
-62.9171
-215.219
-51.4154
-48.4367
15.5661
40.2945
-110.484
68.9777
47.0423
72.7666
34.6419
87.494
-220.704
128.811
28.3824
-301.657
-94.3367
-107.506
130.467
88.0119
-180.737
-74.3229
136.012
-75.7922
19.1648
225.524
156.252
111.763
153.405
-31.5253
-110.866
132.766
-38.7933
213.867
48.3099
26.7108
90.3774
236.815
65.8678
125.965
117.281
27.7487
42.136
-92.1235
88.8346
83.5558
-168.528
66.4166
247.619
-79.7965
30.9157
-40.1158
-69.7792
-84.1499
-122.218
49.6989
11.6514
-73.7985
73.4332
64.6286
46.4525
87.3093
37.803
83.6939
184.19
53.4197
46.037
49.0476
77.5943
-28.6344
-227.223
44.4971
43.2577
135.816
85.5282
75.6679
163.875
71.079
129.195
291.008
-69.7154
-240.764
159.276
282.783
-275.174
35.7929
73.4275
72.3158
237.402
-306.007
340.18
125.787
134.761
25.6388
-81.583
7.03492
22.279
36.3846
90.4777
149.689
39.8985
193.463
96.2591
166.85
-347.257
-54.9467
50.7058
-67.2556
67.4937
85.8847
77.4612
47.9518
-79.138
-77.8259
53.8342
55.5642
102.251
351.223
107.948
111.986
73.662
60.5692
181.578
35.3941
18.0022
26.6936
35.6401
126.764
-239.085
127.568
28.579
104.913
50.8267
57.5327
23.5111
-105.385
77.3815
72.1213
195.243
-237.063
27.7566
118.247
147.044
85.298
162.573
-104.913
78.0541
-79.2215
-88.4131
-76.7317
189.639
94.5674
-128.378
121.532
63.2692
84.5957
137.699
112.446
95.2365
351.86
197.777
35.1169
-97.5334
10.7388
127.415
65.8732
42.5642
337.452
39.2256
21.0455
226.697
47.4561
93.7643
79.3404
15.1835
110.708
329.949
-52.6984
46.1475
29.0368
185.51
-69.6571
85.0847
83.9643
-80.4782
-80.8245
93.6971
35.3176
53.0976
29.7145
163.887
10.7989
76.8297
200.256
-101.911
-130.313
190.244
103.042
22.4445
-84.3006
-53.4818
-81.3642
-133.691
150.411
327.869
-70.8511
-146.285
147.924
169.892
-120.132
31.1347
96.5067
-68.528
95.0225
50.2943
-87.0221
-39.1208
81.6804
46.6184
182.032
24.9223
175.19
10.0041
28.7182
9.36934
-272.531
-124.755
209.084
20.2626
8.00236
58.3935
-113.206
66.4113
-63.8869
6.17246
-132.001
44.3435
87.4711
304.545
100.087
160.829
-291.813
52.3678
26.8883
99.9505
-222.088
20.2435
72.8497
44.6794
60.8774
116.993
-199.838
81.1877
-62.4751
275.281
4.7601
-98.2823
75.5029
182.995
-224.771
27.5927
44.4551
41.6126
25.6614
56.4669
131.531
46.2086
37.9012
-273.132
50.8416
172.261
