44.1857
39.9127
42.2058
29.3208
44.4528
-1.0
22.786
-1.0
40.2629
45.7042
-1.0
34.9115
17.6804
51.5513
-1.0
21.644
42.2849
-1.0
-1.0
44.0626
44.2813
31.5859
50.0784
27.7506
51.0755
44.5922
9.96881
42.9436
33.7201
44.9005
28.4051
45.4183
21.7816
-1.0
32.9225
30.4868
50.5355
-1.0
33.9086
29.7107
36.1664
54.4112
33.294
48.9212
31.1412
-1.0
-1.0
22.5214
33.373
46.7177
-1.0
43.8668
-1.0
30.0426
21.6079
30.4044
-1.0
39.0512
14.3559
49.1082
-1.0
17.9111
-1.0
39.733
36.2952
35.3942
48.3813
42.2005
47.4423
42.7223
41.2128
-1.0
-1.0
-1.0
41.5253
33.6907
46.4348
26.0159
-1.0
31.5894
31.1997
35.7903
8.69136
-1.0
52.0431
52.8594
-1.0
-1.0
-1.0
-1.0
36.6055
52.1481
44.0724
-1.0
40.0073
47.2102
-1.0
33.6931
50.4396
14.3586
27.8021
28.7844
42.4198
37.7864
24.9125
48.64
-1.0
45.1067
47.9648
46.8252
39.6459
20.2558
52.2095
43.2923
-1.0
29.2634
12.7577
50.1193
38.4761
24.3528
25.1673
44.7368
36.6497
42.5812
28.6691
36.2355
-1.0
43.3764
-1.0
36.2988
-1.0
33.818
47.1563
29.8235
43.5259
52.0993
46.7459
24.1824
34.3261
48.3497
-1.0
15.0781
41.8049
44.0251
42.6037
37.4172
34.3533
-1.0
39.1082
22.7602
38.3563
30.9672
36.0052
-1.0
25.9634
33.8457
48.9037
51.996
50.8142
29.16
48.5867
39.3681
46.3484
46.7495
38.267
32.4701
34.8509
27.4441
41.1771
15.7973
32.807
-1.0
-1.0
-1.0
25.6956
51.5889
-1.0
25.3242
-1.0
20.3283
39.6891
35.1426
-1.0
30.2688
-1.0
30.2355
21.7323
49.5372
45.1542
25.4081
45.3586
35.8963
-1.0
30.5993
-1.0
41.4357
22.2226
26.843
43.2604
45.9648
43.9742
35.9166
41.4726
41.5522
36.1582
48.4408
35.8268
50.487
-1.0
-1.0
-1.0
20.2766
-1.0
47.5969
51.9993
-1.0
36.6167
49.746
32.4934
34.3361
36.883
49.845
39.614
22.6021
35.1916
46.2469
48.271
35.5715
46.444
32.0544
-1.0
-1.0
44.6609
-1.0
18.8495
-1.0
-1.0
-1.0
36.0688
22.4493
32.2575
42.4175
37.9409
38.6518
32.5125
39.8072
39.1519
-1.0
48.9447
-1.0
-1.0
31.7735
38.0006
37.2955
35.4961
36.4863
-1.0
39.1483
10.001
40.649
-1.0
48.3862
48.1256
46.1857
38.0134
47.014
35.9809
29.0746
22.7142
42.6525
35.3505
-1.0
49.237
48.6736
43.5794
42.3287
-1.0
-1.0
-1.0
-1.0
27.4641
37.831
50.335
34.6878
27.6188
50.8525
43.4569
42.5038
9.29585
51.4855
26.2197
48.1199
39.443
35.6851
-1.0
25.9528
35.4411
-1.0
33.6672
37.179
52.0507
21.7861
43.0042
50.3278
35.5711
38.997
47.3815
20.0931
40.9743
33.4282
42.9436
-1.0
35.1885
26.6653
24.2301
37.0515
17.4892
49.8534
47.1667
49.36
46.9641
-1.0
27.4397
28.0278
51.9664
-1.0
30.085
45.9072
-1.0
31.5969
42.9484
50.3222
28.2529
29.6504
35.4131
40.0102
35.7449
22.9852
42.6974
-1.0
45.8083
-1.0
41.92
29.1253
-1.0
41.4669
-1.0
-1.0
30.7401
34.8061
19.919
42.5003
28.9396
-1.0
22.6021
30.9308
-1.0
40.5679
13.5537
-1.0
-1.0
-1.0
37.3392
-1.0
-1.0
43.6821
-1.0
-1.0
-1.0
34.6341
23.112
28.4971
45.5688
38.5065
45.7974
-1.0
50.874
28.3657
-1.0
31.7517
43.123
29.1313
-1.0
39.2856
30.1958
41.9941
29.4845
-1.0
31.4033
30.1227
-1.0
39.6475
38.5556
32.0104
51.5349
18.1197
45.5727
51.4145
48.2627
21.3853
-1.0
-1.0
19.8578
-1.0
-1.0
23.9282
-1.0
29.5983
16.6938
39.8614
47.6805
39.3914
37.7595
38.5664
38.9709
7.70551
-1.0
42.8571
-1.0
51.0849
50.2501
38.92
48.7205
49.7803
-1.0
46.9943
51.2368
39.46
44.7138
51.336
-1.0
54.5369
42.4415
46.0554
27.2996
-1.0
37.7587
30.637
-1.0
31.554
35.6701
29.3622
-1.0
43.8231
53.9618
39.2694
35.9298
-1.0
24.376
16.8807
-1.0
-1.0
28.5301
-1.0
-1.0
52.171
46.2037
50.1688
-1.0
-1.0
-1.0
34.08
-1.0
-1.0
33.4609
43.6419
-1.0
33.7728
-1.0
23.3789
46.5788
47.5388
41.465
-1.0
-1.0
33.5917
28.2087
44.714
34.6817
-1.0
48.7401
50.2978
31.4448
28.8193
39.7536
-1.0
50.9603
37.4289
-1.0
40.6729
21.6742
-1.0
34.9834
-1.0
33.9105
48.7716
21.0358
46.8862
32.1438
35.2974
41.9679
40.1811
26.2154
42.3458
50.0708
17.5909
14.7117
39.7664
49.1061
47.5682
29.2174
20.7418
41.7901
37.2146
43.8334
48.6082
37.0374
-1.0
27.7804
34.1039
-1.0
34.1595
-1.0
14.8488
36.4934
27.5723
46.0442
30.0637
-1.0
-1.0
25.3846
50.633
16.643
40.0053
47.1951
49.8301
25.4771
37.1956
-1.0
17.3588
-1.0
34.0295
29.8744
38.5295
44.0281
38.8174
-1.0
26.5076
50.3375
41.3525
51.0451
-1.0
50.5436
-1.0
-1.0
46.2471
26.0567
43.3768
48.5004
28.9435
31.2643
51.7719
-1.0
37.4293
-1.0
-1.0
13.6798
49.7892
46.9037
28.6709
27.1215
44.4793
32.3691
-1.0
41.3242
32.6307
36.231
50.8699
22.2305
50.1111
21.2951
46.3781
40.5299
-1.0
-1.0
-1.0
46.0755
17.8362
46.8277
41.4616
43.9102
32.08
41.7786
33.8115
-1.0
43.285
36.8783
52.0963
22.6809
19.7159
28.1651
44.9805
41.8332
51.5552
51.1066
33.4434
52.0374
49.0553
46.1248
39.6242
31.0867
22.6055
20.5479
45.6653
-1.0
45.9723
-1.0
-1.0
51.1971
51.0008
19.2134
-1.0
44.4143
11.2616
-1.0
47.2704
28.3686
-1.0
51.5782
47.1909
-1.0
33.8692
25.6177
-1.0
40.1335
31.9816
33.8675
41.2494
28.2228
51.1015
51.1218
34.8754
25.6264
25.5224
-1.0
43.9463
35.5659
35.5063
24.8128
38.4724
-1.0
46.4563
19.2289
51.1575
31.4217
-1.0
-1.0
21.4467
43.9933
-1.0
26.736
33.7601
35.1554
36.6583
48.8464
-1.0
42.6336
32.7816
-1.0
13.0744
45.7575
29.087
24.5658
32.2012
-1.0
51.29
26.2635
14.5812
-1.0
27.8765
21.7754
36.5476
51.611
27.1111
43.0828
52.1338
-1.0
-1.0
35.3085
-1.0
46.8784
-1.0
45.3838
34.9993
-1.0
-1.0
30.5146
40.2648
36.7794
28.6896
22.3344
37.2219
43.0212
20.2289
45.2224
40.1129
47.6564
43.7537
41.707
40.6982
-1.0
14.8116
23.2409
15.1326
8.99933
32.17
19.7708
33.3803
12.3945
33.9741
25.1142
41.8289
-1.0
7.8599
36.3416
46.063
28.533
31.9883
24.4903
46.0938
46.0022
27.533
42.5862
47.3105
34.9232
-1.0
47.9156
52.2206
40.3265
20.4482
33.9992
34.1158
35.3634
-1.0
-1.0
-1.0
20.458
19.7442
52.1637
-1.0
32.8732
38.2431
20.9528
48.9464
