87
936
936
598
598
599
625
1926
3096
3100
2512
2515
1241
1661
1665
2858
2859
561
3461
3465
1671
1674
120
2642
2644
401
405
405
1670
1071
1077
1078
2096
2096
2100
2795
1678
3101
2487
990
2335
902
903
2703
2836
2840
1492
2919
2578
2510
2289
1336
1341
2120
982
1068
3231
3233
3392
3392
3393
3616
3774
3775
3775
3260
1768
1723
1724
2732
2735
3349
3682
1897
1897
1900
1737
1740
1045
408
3226
3227
3228
2245
1886
1890
2388
2388
2390
2608
464
465
2460
3782
2831
2832
3191
3192
94
3307
3311
3313
4641
4644
3742
3892
3895
2887
2888
3298
3300
4410
1747
1514
1514
1038
4457
4459
3861
2539
2540
3929
3930
631
633
1754
2121
5266
5269
1720
1263
3875
6441
6442
6444
6445
2874
3502
3504
3505
1742
1743
1745
3737
5193
5194
2220
1653
6583
3753
4324
3815
2569
5521
4519
4520
1251
1253
107
110
455
3211
6315
4236
6676
6680
6680
3911
3915
3046
3048
1201
1202
1203
3217
4223
1800
4478
5460
3277
3279
3353
8383
8383
3951
3951
3952
3953
1486
1487
1490
5132
4726
4726
4729
4730
3735
2808
5754
5285
6716
4609
4219
4349
4331
4332
4333
6561
3995
4205
2587
5113
7821
7822
7822
7824
4968
4970
2087
2089
3203
3746
4651
4653
4592
4011
701
702
703
5879
7224
2686
2689
6877
6878
6879
3149
1910
8430
5447
5447
5286
5290
5971
8416
8417
6327
576
576
579
1921
4561
4561
4564
8029
9326
9330
8399
4020
2634
6708
6411
1357
1358
5352
5352
4259
4260
8391
8394
6346
6347
6348
6349
5216
5220
6788
7675
7185
9035
1966
6783
3336
4943
8410
7512
7515
1972
3341
3341
3342
3345
5349
8891
8894
8895
8366
8367
8441
8443
7291
7856
8898
8899
2679
1329
6701
6185
9044
9044
6844
5510
6335
5489
10109
10110
7068
7069
7070
9526
10472
10473
5903
5904
5905
2081
2083
2083
2083
8329
8330
7151
7153
10490
8731
8733
7027
1729
2366
2370
5497
8146
8147
8468
1883
1883
7472
7452
9248
7359
8671
6527
6530
7528
10373
2546
2502
7463
7464
6393
3484
10561
10562
10564
10565
1778
7753
7754
9021
6606
7813
7813
10597
10600
10600
10600
2898
10607
11567
11149
2292
2294
4279
8796
8799
13164
3425
8017
8018
10921
10922
10923
10923
7057
3432
3434
3435
7456
7459
7459
9480
8081
8083
6858
10842
10845
6410
10533
10533
8967
8139
8139
11351
11354
2438
5233
5234
7722
7444
2584
2585
4960
12782
12783
12783
9686
9688
7313
7314
8793
8001
8757
8759
12421
12425
12367
12368
11282
5611
5613
8278
8279
9566
9566
9566
8498
7250
12731
12731
5205
2281
2284
2285
11464
8600
8600
10194
3274
12771
12774
12372
8853
9351
9352
9352
9380
12986
12986
12989
11063
3021
3021
3022
7837
7840
10268
10268
7033
10758
8748
7063
11032
9659
9660
11491
11491
9055
7470
7941
7941
9136
9138
8802
8803
8804
9119
12072
12472
6558
6559
12780
12780
11418
11419
11420
8953
8955
8955
10751
10754
8777
8778
8593
11311
8962
8964
8965
5484
4243
4244
11275
11275
7726
7728
7730
12001
12004
12005
14332
9667
9670
6455
3652
9878
8939
12636
12636
12639
12486
12487
8957
8957
9488
9490
6868
6868
6869
14427
14429
9233
9235
4192
4194
14125
10908
10909
8127
8129
8129
9482
9483
10279
8885
8885
8885
4441
10542
12020
7870
9422
9423
9425
11998
14616
14617
11197
9525
10926
10927
10930
11916
11920
13976
13980
12059
8742
8742
8745
7282
12280
11185
12869
12869
12021
12023
10851
6551
6555
12140
9645
10013
10014
12089
12090
8587
14437
12416
9492
13534
10183
10185
5883
5885
12531
14431
7801
9305
7892
8783
8783
15122
15124
9619
9620
11667
11670
13591
13595
10739
8711
15291
10451
10452
10452
10620
10901
15478
15480
15480
15480
12437
15287
15307
15308
5895
8021
8022
8023
10196
10197
5736
5739
15662
15664
8294
14356
7336
7338
7340
12288
12290
12571
12572
6461
6462
11475
11361
11363
13742
8857
8857
8860
13499
14498
14498
15094
15095
15050
10003
10004
5964
9420
9371
9375
14904
14904
14904
14905
11291
15956
9294
14866
14866
10446
8202
15117
15118
14921
9412
9412
9413
8755
8755
12404
12181
12185
12251
3028
15807
12862
12862
7517
7518
8220
12498
12499
7071
7072
7075
13466
12242
12243
12969
12970
15243
14998
14028
15060
13246
13247
14983
11986
16189
15250
12098
16221
16222
16222
16225
15538
15540
16079
5271
5271
5272
13117
11476
11478
13205
15898
15899
12274
15080
12587
16260
8981
16266
16266
4343
16113
14373
14375
16031
16034
16035
14386
14389
16357
14893
14894
14895
15528
15266
15270
8207
8207
8210
8243
8245
8236
8237
11308
11309
11310
15005
9507
14181
14324
15253
15547
15547
15584
14479
14480
12540
17089
16587
14559
17595
14297
14298
7122
7125
16200
16200
16697
16503
16503
16887
16888
12397
12398
12398
17659
17423
14493
14495
15166
13971
13956
13959
13959
7703
7704
13963
14856
14858
16253
16253
17082
17083
15177
14842
14842
14843
14844
13822
13589
15497
16747
16748
12585
15183
16281
16282
15575
12348
15850
15850
15763
14823
10142
10143
10143
18246
9887
9889
9890
9890
15823
14243
15153
15154
14652
14655
14171
16611
11280
14407
17359
15188
15190
17651
8095
18209
16424
15794
16831
16832
16833
17327
17328
18146
18147
17583
17585
17742
17296
17299
16129
17647
15786
15786
15734
15735
17874
14457
18214
16511
16514
15013
15654
12145
14189
16573
16573
13537
17390
14271
15345
15227
14328
14330
16604
11102
11103
11103
11104
7713
17061
15195
16772
16773
16645
15034
15035
17916
17917
17918
14829
17393
18732
18733
14081
14085
17986
17990
15698
15700
16446
16448
15869
15429
17942
19018
15851
15854
16214
16214
16847
17563
15741
14236
17680
14951
14955
19384
19385
19356
17408
17435
11487
19431
19433
15362
18035
17216
17218
14819
14836
14837
14840
16537
16539
16858
16860
14834
19365
15722
15724
15724
19392
19395
13021
18887
18888
17893
15401
10366
16527
16822
16824
18041
18045
17617
16777
12148
17632
15578
7489
17080
15407
15410
20345
17553
17554
17555
17555
17555
18916
18916
18919
19122
19123
19124
13576
10151
10151
10155
18224
18225
15671
15674
15674
15447
15447
17682
17683
16370
16370
18711
18712
18715
17932
19896
18882
18883
15507
19834
19834
19835
15436
15439
17195
16662
16663
16664
16665
10121
17052
18866
15919
18016
18020
14401
14402
14403
14403
14405
18752
18752
15984
19067
19113
15331
15333
15333
15335
15211
15213
18087
18089
15389
15390
15390
18759
19757
19760
19760
19134
19134
19135
19604
17049
20155
20488
20489
16195
16488
16488
21369
20273
20274
15922
15922
21347
18953
20192
18859
19347
19348
17782
18605
17936
15008
15009
20382
20384
19041
22342
22344
17171
22485
22826
22828
22346
18596
18600
20218
20218
20219
20220
18029
20664
18617
22444
22552
22553
18537
17376
17379
19487
19490
20478
15494
15494
21678
18924
20846
20848
20849
15863
13878
13879
20303
19981
19982
15142
17548
17549
17207
17208
12081
12082
17772
18833
19015
16131
21206
21207
21208
23097
23099
20669
16414
16415
20269
17066
17067
17070
15148
15148
22771
23073
23073
21101
21104
18748
19888
19889
20581
20581
20583
21503
23767
23769
17690
22777
22778
21884
20511
19413
15989
22898
22898
17110
22832
22832
22835
15631
15632
15633
21507
21510
23042
20721
20725
20368
20369
21497
21921
21941
19483
19484
19485
21217
20673
20283
20284
20284
23638
21255
20502
20653
20447
20449
21602
20531
20534
23643
21471
21474
21475
20252
20255
21828
22284
21230
19401
19401
22819
22820
23059
19527
19528
19529
19530
22102
22103
21157
21158
22415
24152
24153
20214
18791
18793
18070
20906
20909
20910
17102
17104
24091
22752
22754
22755
21151
21154
19538
21617
21618
18950
19117
22419
22420
22420
22408
23012
17999
20299
21277
19371
19373
19375
17621
17622
10105
21810
23034
24682
24684
21485
24672
23406
23407
23408
22166
22169
22169
22294
22294
22295
21271
23630
20876
20878
20878
20879
20880
21849
20867
20869
24677
22581
22581
22583
24122
21182
24498
24499
22317
22317
21110
16717
16718
16719
23182
23026
23862
23862
19800
20469
24856
24857
24916
22860
22288
18256
22748
22749
22749
24065
17907
23009
23616
23618
23619
22216
22217
20774
18626
20401
22904
19866
19868
19869
20141
23266
23269
19406
23528
23530
22847
22848
22173
24907
24686
24687
19594
19595
23907
23910
21306
21308
21309
20623
21668
24980
21400
21478
21478
21478
21479
22389
22389
22389
21766
21769
21769
23917
24036
19731
19731
18778
23902
23904
23331
23332
23333
20418
23841
23845
18218
22238
23984
24116
24052
21086
21088
21090
21090
24530
21146
21146
21146
24616
24618
24620
23147
23147
23589
18642
18644
19545
22305
22676
22680
20697
23121
23123
23125
24830
24830
22806
24178
20595
16070
23579
23580
23580
24103
24105
24348
24349
23160
22036
22040
24276
24280
24321
24324
19808
24725
24580
23826
23826
16606
23242
20260
24454
24454
24282
24285
20136
20136
18462
21722
24941
24942
21491
21494
23368
23369
23369
24792
18497
18497
24629
24439
24292
24255
24902
24903
24905
24521
24521
23535
24264
21211
23852
23855
22591
22591
22593
22594
20748
24457
24460
20776
20776
24320
22141
22143
22143
24831
24833
24834
23204
21795
24937
24938
24940
24771
24774
24775
24359
22233
22235
24258
20681
18473
16612
16613
23228
24369
24370
24566
21429
20361
20364
20364
20365
24491
24493
24494
24851
24852
24853
24855
24003
24005
23990
24928
24536
24077
4361
9647
9650
17367
17368
14966
14656
6767
6768
6769
24422
24424
24425
19535
16576
16576
16578
18137
24384
24385
5709
9317
9317
9317
21097
17385
16361
16365
9866
7226
8196
8197
8198
3976
3977
3977
3979
20766
20769
20770
20770
22911
22914
22914
22915
19033
19034
19581
19584
19576
19579
19501
19502
19504
20527
20527
20529
5750
16426
16426
23127
23128
10953
4951
484
485
1931
8616
8617
8619
21728
10358
2202
2203
2205
18268
2452
23970
7745
4613
14614
15610
16522
16525
5445
15054
10116
12593
12594
10898
12263
12264
12265
12265
6577
14150
3113
3115
6176
20736
8832
8834
11298
6387
6390
9036
21578
3623
3624
3625
15711
8607
7320
7320
8471
1506
1508
3900
4351
4354
15030
3632
24992
24994
24995
10662
16138
491
494
24843
4605
7937
7939
1528
1529
14744
8730
8730
9472
12381
12384
22791
22792
20757
2114
6434
6434
7076
7078
7079
7080
17761
21260
18623
18623
18625
96
19865
18021
18024
18025
19396
20475
6872
6874
18801
18804
18805
2194
2194
10115
8621
8621
8622
8625
18142
18145
10981
10981
10985
8678
8680
21867
21867
17899
17899
18659
21177
17427
4437
4438
9252
9159
9160
4902
10749
12736
12739
14917
12741
12741
7325
20602
2107
6494
20078
7995
21746
21747
13947
7871
7874
7875
7875
2931
23652
17731
17733
17734
6519
19828
19830
8651
8653
8655
3687
3687
3690
8405
11651
14608
14610
9857
19386
19386
23088
23089
4525
20832
20834
7897
17718
24896
24898
16119
12053
14168
18492
24393
5638
16239
16239
12559
12559
12560
14011
24136
16083
16085
16085
15514
6774
4466
4470
6668
14010
5764
17721
17723
17362
22894
22894
7425
23913
20312
20312
20312
479
12650
12107
12109
12109
1829
1979
5742
5742
5743
24606
24606
24608
24610
5664
3510
13786
13475
18661
18663
18664
13806
19607
19610
4721
4722
8181
8185
18723
18723
18723
18725
20764
7964
7964
2714
12752
12753
20743
8051
8052
9447
10377
10380
6656
21988
22685
9020
19419
16039
13805
2706
24784
23104
393
393
395
8866
8867
8868
8868
7040
23733
17278
14351
14353
14354
14947
14950
2092
19492
13991
13991
13992
13995
1471
893
895
8707
16911
16912
16914
603
604
604
605
1306
1310
15196
15198
15199
19761
16318
16320
19466
23066
3856
6470
11412
11415
24759
24850
13126
13129
21463
15630
20264
4638
4640
10352
10353
5302
14944
5106
5107
5108
23280
11046
11049
11516
11066
19006
14537
14538
10936
21243
11514
11515
23163
23165
300
22798
14380
20789
20790
2484
19472
19473
12910
12910
14228
14228
14228
6372
6374
18986
18989
15461
21606
21607
2313
2315
10063
20203
475
20188
5695
12337
1990
18889
18890
12196
12200
5703
17246
17247
16516
16518
19146
14092
21664
14418
14420
14467
14469
14469
3923
3924
3925
21612
21615
7933
7934
14928
3757
3757
3760
15963
15964
18476
15097
10468
21051
21055
24604
3851
3852
22133
17612
17614
17615
16606
16608
16610
1866
17072
17212
10641
15351
15351
15353
10944
5606
5608
3841
3844
19509
19510
24923
21839
7379
24013
24015
22139
2950
1893
1894
1813
1813
1814
21817
21817
21818
15517
3401
3402
15619
15620
16584
16584
16585
3726
3730
10831
18726
18728
18730
7492
7494
7494
14195
15531
15533
15534
12555
12555
7732
7735
2942
4447
4447
1594
1595
992
993
12953
12955
18973
20441
20441
20442
21092
21093
21093
7366
21937
6795
4009
18251
18255
9067
8135
24219
14589
14590
15072
5929
5930
397
399
399
7274
8806
14180
22256
22257
22260
12762
17201
4622
11302
18433
17576
7677
7677
8976
8977
11286
22423
2196
913
8501
8501
14811
11390
6895
4284
11350
4536
4536
15107
15876
17978
15596
15162
2324
1918
23646
23649
23650
15278
24487
24983
16311
16313
24648
24648
7448
1524
1524
1524
7178
19002
19003
8431
8435
22609
12507
6644
6645
2876
2877
2878
2879
6759
6759
15830
6541
6543
6543
13526
11369
12191
12192
12193
12194
20637
6385
3909
6489
16278
16826
19423
24226
24228
24230
7201
7202
22745
16842
16842
16843
17316
17319
23822
10244
9578
15521
15521
15525
17176
12360
15102
15103
15105
20210
16403
7393
7393
13939
13940
23288
23289
7948
15804
19549
8341
16143
16144
12007
12009
1803
1805
1805
5123
5125
20182
8997
4683
4684
2237
2238
4047
7644
7644
7645
22619
388
7784
18556
16707
20423
3429
3430
22453
22454
22455
3998
3999
5643
5645
24196
9671
14285
23232
23235
20372
20375
7216
3640
21394
10126
3127
3130
9597
76
20577
21432
15023
15025
12804
18013
4630
19343
6396
6397
5265
23871
12760
11217
19143
1532
1535
22889
22890
700
16247
7951
5875
5325
1348
1348
6863
19860
13014
19792
19795
3383
3384
20536
20540
19906
19907
19907
8720
18425
14265
17371
17372
17373
17374
7533
3064
14045
2853
2853
2854
10652
16730
19589
19590
6998
878
9063
9065
21762
21764
4906
4906
4907
4910
4910
15947
17266
17268
17268
22882
22884
22885
15941
959
22613
7139
5223
2672
2674
2675
20072
20073
6514
21997
21997
21999
19822
13081
23342
10593
10593
20598
8087
8087
21079
21080
20862
20862
16232
7045
21142
21145
24386
24387
24388
13910
21822
5307
18799
7147
18838
8045
23398
23399
20606
20608
2211
2211
2215
19846
19849
18006
18006
18007
18008
18008
18008
12387
12388
12390
24533
24535
24535
14247
23831
23831
23834
23835
16544
16544
2177
2178
2179
14602
14603
16496
13733
13735
13735
23080
13596
13600
13600
9307
7134
7134
7135
7092
7093
7094
23212
23213
5451
18459
18460
1213
4690
10246
14846
4389
12291
9221
9223
6828
6830
24208
22487
22490
12810
14101
18198
18198
18200
14252
3152
3154
3155
3487
8351
8352
8354
6476
6478
24653
18509
11215
11215
16374
15163
15164
12256
17148
13749
9454
5138
5138
5139
5140
1880
18771
18772
18774
23206
9081
9083
3305
19726
19726
19730
2375
17167
17167
17169
1481
1482
22198
20633
11160
12980
19126
19128
19130
19814
19815
11384
11384
19901
19901
19903
16216
16218
23120
15281
8371
15326
10058
10059
19040
19040
11026
3223
1438
1438
1439
18872
6882
6884
20550
3973
3975
15928
12522
12523
12525
21632
21635
7156
10987
10989
18073
18074
16166
15140
17403
3057
1648
1648
1649
5491
5495
22315
9882
18226
1321
24871
24872
24874
13487
7707
12187
13189
1047
1048
16004
12962
12963
12964
10091
10092
17335
22471
22472
3661
3664
9311
9312
17197
17199
20307
20307
20308
6416
6418
6587
23312
23313
23313
17776
17777
10732
10735
10265
10892
22861
5474
23839
2276
2278
2278
2278
2280
21832
21832
21832
21833
5528
18157
18160
13122
13123
3470
7396
7396
7397
21814
15207
24769
10552
10552
10555
24201
24205
3357
3357
4543
4544
13136
8304
8305
16741
16744
3188
3189
17352
17352
17353
18449
20146
20148
12467
12984
4620
20378
20378
20379
23727
4001
2468
2470
18637
18637
18639
21909
21910
19881
19882
19883
15568
4358
24697
11057
16510
20925
15419
15419
23993
4965
707
710
17122
17123
20496
20498
6340
1197
1200
1200
1200
6601
6605
18566
18566
18568
18570
4330
4330
21742
21742
21743
9003
3499
2694
2694
2694
18932
18933
18934
10255
22801
22803
1032
5678
5679
8193
20085
12925
6763
5570
16689
14506
14510
8908
19600
16146
2655
7684
10070
15297
10478
10479
6379
6380
19784
19785
10997
14544
14545
22110
17739
16157
3289
14367
14367
14370
10971
12932
13736
9149
9150
6524
2491
2493
2495
11946
20101
581
583
583
585
24711
12313
9500
3294
3295
17114
17114
21126
12206
8489
2103
2103
12563
12564
2907
2908
2910
19852
19854
12911
18439
4975
17803
23323
3364
2683
12766
12767
946
948
10132
10135
21912
12431
12433
4679
9697
9697
9699
9700
10157
15872
13984
9242
21804
11524
11524
15203
15204
18261
18427
18429
18430
18806
18809
18273
13001
14112
3950
21796
21799
7817
7817
4534
1304
7361
7362
5312
16781
16782
16785
24343
24343
18821
18821
18504
18505
5207
1596
1599
1825
21416
16075
13048
17921
17922
10136
10140
10140
24951
14076
14079
14080
21546
21547
9216
11052
16042
16043
15336
15336
15338
24878
24880
7117
7117
24141
24144
24145
12442
12442
12443
17841
10236
10237
10238
23771
7807
7807
7810
12916
12917
12920
13476
23723
3242
3243
3244
22251
24893
24894
10636
20387
20388
21682
18543
18545
952
9875
3647
3283
3768
10028
10030
8682
10611
10612
24070
13035
7186
7189
7190
16059
16060
23591
18573
18574
18575
12049
23551
23551
23553
23553
23555
5116
13210
2340
2340
15726
15729
15729
24469
24470
3656
3660
5438
5438
5438
23108
23110
5230
16379
16380
18701
18702
10603
24596
24596
24596
24599
24599
2479
2480
3380
24182
24185
16407
20357
20360
13039
16452
16454
9502
12223
9080
20113
7328
16271
18167
18169
18170
22759
19028
19029
21701
21704
9512
9921
9923
8944
6712
6713
6715
6715
23753
23754
20237
20238
20240
24396
24398
24400
12104
22279
21543
22878
547
547
549
549
15622
12613
18667
24641
3120
20116
20119
18512
18513
18513
12427
10344
19524
5698
5699
5700
22181
22181
22182
22185
8614
22732
22732
22734
22734
22735
11503
4041
4041
21250
21250
20541
16752
881
884
21016
21017
21018
21020
22225
22225
6671
6674
13041
3479
2531
14485
21738
21738
16757
8492
4416
23295
15441
15443
10624
10624
20800
20800
23371
17985
22456
7832
7833
3269
15455
4916
17567
17570
21755
1791
1793
1795
14911
14914
23265
21931
21932
21933
11162
11163
21842
12394
7260
19426
19426
14312
14315
23542
21487
21489
17636
17639
626
630
630
2441
1183
21385
21192
19552
19553
20902
9518
9520
23894
10096
10099
24171
2798
2799
2800
5886
12068
12069
12070
12070
23316
23317
20517
20518
20519
12655
13905
22604
22605
7287
7290
6316
6317
6318
6320
7021
21335
13142
23326
23326
13911
5427
5429
5430
2304
7522
7524
7525
23885
23885
3847
14073
14074
11901
11902
5423
1311
1313
19872
19873
7231
7231
7232
7232
10916
10917
10917
9654
9654
10647
24447
15716
15717
4318
4319
15043
15043
