0.413327
178.929
123.779
85.051
139.031
0.488661
281.528
364.402
0.173785
201.165
294.1
460.318
306.431
172.084
460.031
354.578
10.9621
70.3706
215.921
387.128
209.275
337.38
273.474
114.039
404.731
0.613501
0.975578
461.806
462.317
413.924
98.9323
2.91656
281.844
236.696
0.393156
30.8032
304.377
306.462
335.964
245.511
460.59
59.3799
354.67
308.813
14.3365
339.579
411.403
403.328
202.402
178.661
146.55
179.273
212.931
316.502
85.9503
353.125
443.55
462.493
410.482
386.068
283.763
228.436
82.4637
300.987
274.198
344.372
462.434
269.447
38.7353
87.7832
283.627
0.520666
251.242
58.916
113.574
219.156
246.536
0.441568
315.208
462.324
384.97
373.02
453.433
461.503
244.959
125.833
273.227
137.962
158.116
284.516
394.969
57.071
0.268913
132.521
411.297
170.452
369.758
313.592
155.101
462.335
67.5202
232.962
462.053
201.755
331.555
265.501
85.3315
405.713
247.211
273.27
386.959
306.109
229.843
80.6536
213.917
188.716
187.115
387.238
340.746
453.555
251.401
257.092
206.723
0.72347
0.413406
462.356
92.0619
406.203
113.258
378.012
462.293
461.535
458.221
98.3176
59.6385
0.443001
316.693
126.611
20.4915
462.108
432.662
462.267
243.863
96.3798
139.115
303.302
174.723
294.79
45.7926
143.819
462.143
434.761
136.953
461.941
401.001
133.834
462.02
0.180515
462.076
275.479
124.76
198.074
268.282
197.478
441.812
346.333
300.126
0.122102
75.2184
0.204548
37.8398
170.12
313.45
190.603
255.718
0.547528
185.902
337.392
61.5019
450.392
361.02
355.237
414.224
273.583
152.297
380.512
300.721
426.568
235.111
358.117
25.5022
85.0575
424.573
316.658
39.47
257.585
408.638
218.94
340.326
167.28
270.041
115.918
452.108
63.4489
462.219
77.2955
193.225
454.058
462.293
353.794
420.577
418.237
462.256
324.923
380.216
257.636
388.905
194.084
253.178
93.4361
249.758
407.188
461.904
325.224
460.042
241.014
416.343
302.59
124.367
305.676
112.21
431.174
310.09
144.824
404.848
83.1637
462.036
96.5765
183.259
29.4768
331.668
459.667
461.788
412.635
263.273
98.7021
166.382
88.4437
319.899
293.375
395.559
152.854
234.292
388.639
7.97764
297.742
0.395684
0.295441
233.151
462.326
277.259
309.718
174.999
429.534
462.675
64.3211
233.49
462.053
72.1836
255.244
49.9911
254.102
453.503
193.541
265.535
201.462
85.7936
377.93
126.655
54.047
172.493
368.109
186.875
162.535
138.916
71.3315
164.602
306.498
90.5882
285.918
461.641
378.961
418.86
420.959
245.73
117.725
390.679
247.479
0.591209
275.049
145.423
0.158235
249.419
225.535
230.468
408.352
158.619
26.2987
55.9651
346.171
248.178
179.938
76.5479
461.578
321.605
460.103
461.979
16.971
129.447
351.572
464.375
394.952
246.812
449.115
277.394
73.516
462.549
462.075
462.41
462.444
196.797
44.0547
127.279
305.979
83.2175
361.905
55.4413
416.985
307.746
315.468
270.373
43.3229
13.7722
92.6828
26.8362
278.789
126.344
0.238764
205.354
84.9134
94.3269
217.037
300.645
403.092
124.602
281.96
62.9297
115.018
177.333
140.72
345.52
311.812
354.574
139.533
427.196
332.321
0.571842
-0.0459112
237.462
462.208
199.536
337.255
57.153
237.388
248.259
331.68
236.951
432.589
377.289
23.4973
350.893
449.156
461.619
367.58
421.674
334.679
266.677
461.649
255.116
94.4917
222.535
128.916
462.751
195.535
287.316
461.762
161.707
369.895
0.961056
33.57
461.849
301.326
5.32505
92.5646
132.75
343.685
336.83
121.23
56.8984
461.632
234.108
148.291
461.576
26.4206
461.833
420.067
149.368
339.077
124.244
66.7814
204.046
380.939
304.38
385.851
91.7588
0.757088
132.898
207.643
293.506
266.547
295.897
229.56
259.169
128.181
85.6678
181.289
462.346
354.611
6.05936
113.236
211.13
328.373
380.768
334.973
121.867
232.68
95.8957
164.659
431.824
257.879
462.063
459.757
277.257
450.542
129.069
295.09
414.503
2.64282
240.043
57.3813
83.8694
339.541
131.096
100.551
209.583
0.233115
411.701
89.2137
389.583
383.657
273.289
391.999
455.629
187.345
0.580077
190.54
391.867
394.044
462.139
259.064
341.168
338.449
462.043
113.526
433.784
182.688
70.0552
462.049
388.869
343.906
0.890375
295.338
150.874
370.44
229.527
350.876
184.787
351.479
244.78
427.622
366.361
183.351
387.871
462.316
242.22
227.856
461.934
157.338
75.1298
205.59
238.39
413.011
462.342
245.038
202.67
55.6719
268.875
299.192
402.484
353.201
276.56
352.388
460.924
462.602
314.56
232.235
133.294
410.187
101.707
323.062
90.2199
95.6692
79.1919
203.594
461.952
291.925
139.103
-0.0318361
223.48
351.014
349.413
220.008
222.537
387.552
461.079
249.324
7.70785
115.501
0.195585
383.139
250.243
326.3
362.694
369.167
10.4861
427.837
289.805
356.227
11.8789
224.422
213.542
342.142
188.611
427.924
255.702
359.112
264.27
213.188
460.302
461.502
385.28
418.172
351.962
272.917
410.314
0.331269
133.213
112.697
238.82
267.212
288.952
461.971
352.981
392.757
227.543
356.2
462.104
331.832
368.358
271.339
347.561
372.797
224.989
325.651
282.532
340.556
256.641
55.5708
132.026
43.5364
312.784
181.912
337.988
277.349
299.621
117.833
205.473
321.331
325.656
192.533
438.878
397.654
145.723
214.743
442.676
203.094
373.566
462.465
131.663
190.687
98.0197
329.21
280.723
337.238
71.4058
462.385
457.006
0.83996
301.224
392.977
375.376
258.791
461.948
21.7991
287.629
14.8388
99.0389
112.833
256.743
48.5291
299.437
444.185
0.408876
168.718
227.764
358.684
199.133
171.391
35.5845
218.286
0.578233
254.036
155.744
26.4121
317.426
313.123
241.27
90.0018
362.652
211.354
355.195
102.111
104.931
268.767
446.504
379.184
384.565
230.229
317.115
174.859
21.3291
273.488
365.357
62.8613
272.7
102.9
0.555291
193.984
370.424
461.178
144.906
1.34754
360.045
173.582
235.746
462.428
441.547
436.971
432.546
164.515
54.9279
104.414
247.239
342.687
0.497658
401.99
217.866
358.733
3.75725
105.777
352.307
436.152
417.405
41.7783
138.469
322.256
398.19
332.001
277.591
229.928
398.625
316.986
357.046
355.622
253.495
390.103
245.714
0.452741
319.089
140.309
433.616
110.464
99.6662
141.652
461.599
327.708
182.009
422.745
377.329
68.2058
461.503
219.205
152.452
287.573
190.613
385.49
258.862
168.933
345.885
86.3606
339.667
354.575
3.70616
279.579
422.007
371.135
260.331
57.1288
142.923
306.35
273.321
241.247
244.19
438.074
132.02
462.317
371.585
0.071242
157.546
347.794
327.702
389.076
210.573
153.293
413.156
212.863
168.007
198.698
57.062
254.769
22.7403
462.219
123.283
364.532
442.008
302.409
48.2835
315.709
424.99
443.798
291.398
294.083
374.332
320.948
149.507
430.746
258.174
461.627
342.592
216.937
194.779
250.038
57.2019
232.504
54.0734
194.202
248.643
244.649
338.079
269.59
373.031
408.099
394.248
27.0379
333.239
0.351921
298.518
109.808
282.379
461.826
462.071
255.904
144.497
338.3
114.65
393.83
217.793
256.952
200.256
62.6867
450.382
6.09907
50.9483
233.1
194.977
65.1899
275.528
127.816
127.574
374.299
0.301981
319.119
100.035
437.191
407.925
291.521
233.25
257.64
68.2213
397.499
342.977
293.775
0.097076
336.785
358.849
74.262
0.59055
331.511
0.18441
441.169
186.234
330.925
247.236
0.794167
259.343
327.582
301.139
296.207
218.655
0.701008
388.433
379.132
315.256
111.961
244.358
462.319
220.45
357.432
235.194
462.271
321.112
462.37
78.5312
275.974
14.8868
166.752
461.685
391.202
336.401
407.649
25.3482
338.045
101.339
408.79
217.464
252.475
203.793
312.64
357.146
0.201367
-25.751
253.619
232.71
333.064
127.459
196.5
440.535
213.655
461.483
184.543
197.931
258.453
66.2019
146.754
412.449
462.525
83.8616
450.346
99.9376
0.453288
415.611
76.2154
63.4506
87.2461
323.378
327.823
53.1635
230.952
358.855
347.82
367.479
40.3507
151.047
285.976
321.755
357.767
316.186
232.63
195.773
26.2957
462.411
462.111
306.432
74.4396
458.949
121.47
398.926
222.285
186.045
300.042
425.447
328.334
394.531
150.406
352.817
349.257
462.832
316.013
359.645
186.85
314.053
0.352068
193.011
92.7109
399.643
241.415
417.677
428.68
36.5442
389.195
268.96
386.447
198.683
313.621
339.22
422.71
461.661
142.487
344.377
462.324
461.925
461.98
268.529
461.668
7.72364
461.725
378.919
82.431
0.099582
0.444388
280.056
87.1472
154.99
258.781
293.819
297.717
101.998
258.882
234.643
176.902
383.962
45.5082
462.082
462.292
461.922
137.352
462.233
56.9134
314.556
197.299
193.577
4.67117
421.999
329.673
166.828
392.287
459.448
354.975
213.848
461.753
444.952
311.954
269.061
342.475
461.58
362.55
462.808
48.8831
108.723
327.93
9.46718
461.997
377.693
5.27074
15.997
92.9116
397.926
200.286
0.490066
462.007
364.833
460.664
57.4015
147.855
356.706
59.2212
229.619
1.06301
447.341
277.553
429.082
368.132
294.807
293.906
212.504
198.928
107.805
176.11
462.087
295.365
257.982
462.428
63.2233
375.468
301.152
270.833
408.439
29.6225
294.225
237.569
264.136
415.614
372.068
461.843
140.232
18.035
337.699
388.571
117.137
346.406
111.057
276.628
14.7863
419.531
111.262
462.548
437.884
377.223
391.958
319.737
462.268
234.17
427.115
66.436
1.05524
93.2056
124.641
121.427
128.697
75.0044
170.693
318.974
463.578
274.56
444.557
391.293
354.815
215.309
47.2544
120.551
135.813
361.847
321.091
273.03
0.833214
406.83
410.944
308.388
85.5109
457.757
12.5895
257.303
97.2836
352.22
104.761
366.723
462.4
1.52228
421.263
389.299
365.516
288.218
240.123
151.014
285.378
99.734
327.054
462.123
256.682
226.29
266.721
48.5375
172.669
155.013
1.27751
168.915
139.527
263.763
461.622
273.071
160.14
34.5292
11.0615
255.073
64.0483
265.083
277.608
451.672
123.002
295.083
127.219
462.033
462.327
79.8693
-0.511026
357.452
428.686
185.967
457.719
230.549
341.452
281.758
240.019
405.516
287.113
308.807
386.092
221.512
168.003
295.863
213.891
95.091
183.35
292.726
319.516
218.077
204.952
462.028
0.401229
372.001
462.224
409.17
296.386
397.937
371.674
324.224
361.345
195.936
226.239
83.7636
252.064
115.505
21.0052
0.60235
209.752
153.274
253.483
366.939
80.3766
456.281
190.575
148.176
439.287
335.626
35.3685
462.662
112.032
0.598595
221.055
461.773
18.2464
35.2254
90.8321
365.709
276.531
462.022
93.1698
457.094
46.601
333.077
93.3781
36.8928
461.972
462.023
376.373
172.41
442.687
232.634
222.502
361.405
462.122
462.026
65.381
416.325
462.085
460.361
257.564
254.287
224.366
136.033
378.203
252.79
416.178
224.214
349.315
375.094
45.4917
361.173
452.432
252.863
322.838
328.772
271.472
131.755
32.1002
425.335
8.66281
244.835
-0.00419804
155.994
23.5002
41.7127
255.612
383.144
221.212
331.029
402.251
267.16
173.946
223.887
397.725
174.946
34.323
192.721
318.441
-0.374149
140.807
232.18
268.689
296.732
277.415
277.367
462.183
198.684
232.726
258.95
401.445
181.446
193.831
118.511
174.459
462.186
462.103
318.924
387.03
431.338
417.004
236.434
0.920603
193.662
212.968
188.432
174.643
279.046
100.924
383.408
264.857
319.995
379.895
73.2356
455.769
228.634
224.845
217.5
141.745
456.958
357.06
219.674
323.634
233.594
138.509
64.3229
323.695
203.013
159.792
233.242
387.734
229.725
462.81
124.099
454.769
461.668
306.512
18.4373
123.019
301.442
119.373
457.891
341.34
347.816
462.25
0.357732
240.687
69.2094
399.072
261.67
388.327
129.379
462.258
407.186
325.406
460.225
66.9621
299.313
462.158
345.69
461.921
182.741
399.735
462.121
433.548
461.309
-1.34452
461.595
155.892
462.01
461.507
360
249.123
147.234
461.557
417.842
261.754
324.406
462.415
205.84
357.898
382.65
202.816
67.9779
0.683414
272.999
206.297
321.744
401.224
68.2348
438.277
346.306
329.967
281.772
283.923
1.11977
315.937
424.507
182.536
462.011
390.325
348.098
186.928
342.179
156.413
322.781
303.438
232.512
0.438123
187.012
316.051
324.513
226.715
166.642
409.131
362.824
336.893
249.521
0.281049
128.387
320.996
201.047
0.258159
218.042
240.925
324.077
275.271
293.396
259.51
461.938
372.629
454.026
341.902
247.434
347.421
196.01
461.731
219.673
462.204
252.486
215.439
189.4
235.258
393.351
269.875
244.818
234.382
255.754
292.865
0.380589
461.668
268.196
389.532
0.149833
232.296
457.439
211.707
192.958
172.835
62.0313
7.28724
77.6865
256.322
239.159
146.507
420.764
89.8702
461.555
461.626
456.672
21.4172
193.971
183.452
265.357
0.327456
290.802
461.682
156.732
462.014
231.708
237.687
5.01306
222.493
355.019
330.982
31.5544
234.531
413.63
305.726
300.191
387.326
224.587
373.804
283.876
173.592
89.0896
382.821
378.663
438.206
0.523419
44.4391
358.842
13.2117
0.456381
356.3
0.20404
460.366
203.339
17.1705
16.1634
385.887
0.360258
157.814
194.35
175.974
284.563
309.207
53.5209
383.014
416.302
322.529
0.624851
149.907
368.108
383.752
421.721
90.9068
398.95
0.469299
1.18429
432.327
120.958
230.284
14.4313
152.589
462.231
372.869
323.501
328.622
392.894
38.6328
215.844
126.616
286.471
461.464
343.228
20.4624
409.411
394.73
88.0014
386.91
207.382
253.306
430.615
52.7416
300.527
255.133
0.204114
288.198
200.612
250.405
158.709
274.735
333.606
271.015
214.682
20.7291
147.232
462.218
325.036
0.117017
0.675428
391.468
117.095
26.5742
321.355
256.808
340.235
299.509
396.422
340.269
312.159
356.593
56.159
232.466
47.9288
308.487
272.459
45.4733
0.423134
0.770532
390.16
154.993
293.39
258.405
82.2873
0.564213
390.514
236.334
379.802
244.804
0.652997
222.92
115.205
438.877
385.252
455.147
343.733
290.804
183.827
329.161
43.1368
0.431193
291.832
462.124
454.399
383.912
191.05
232.5
265.177
254.129
162.232
302.878
133.703
76.8817
149.415
461.777
196.259
68.4229
239.06
383.148
239.177
243.645
169.257
354.44
265.302
462.214
0.248849
1.04805
153.834
462.033
377.806
385.724
85.6369
35.6967
451.188
314.94
226.685
92.302
398.686
334.786
104.787
360.734
104.861
318.239
382.949
53.8787
207.116
245.132
381.114
232.624
301.151
207.038
450.712
108.286
462.64
188.309
229.846
139.41
202.73
185.223
7.21469
440.321
340.865
449.173
112.351
117.15
88.7665
315.026
383.297
317.722
3.16829
275.708
301.66
96.0246
323.243
245.472
285.39
394.237
461.972
426.178
27.9757
238.114
-0.437231
242.825
455.3
275.625
173.759
172.802
461.99
312.931
133.204
397.196
14.6095
78.9351
207.498
325.055
256.008
410.132
263.251
182.481
397.921
164.991
461.354
453.891
251.744
379.043
322.312
354.485
440.003
0.210176
283.151
51.5015
0.271061
187.019
123.113
300.188
176.039
289.632
326.524
350.319
461.534
0.638386
30.9243
151.383
320.783
147.668
452.429
0.722276
257.397
408.108
191.131
0.648395
102.44
457.351
411.356
462.337
232.408
235.172
346.552
396.103
329.801
226.87
163.833
69.8248
359.967
424.001
462.293
93.001
218.289
26.387
24.707
35.3817
459.6
462.137
281.725
245.8
262.503
379.967
217.952
72.4593
461.782
462.422
338.988
0.240384
150.702
0.902996
311.889
238.288
70.4193
374.153
0.60935
462.361
224.768
42.3504
352.427
405.395
74.7849
89.0693
437.388
135.705
382.487
293.175
220.908
21.0812
0.36199
325.127
3.38047
220.442
53.1271
349.955
422.515
0.485755
461.916
359.269
333.333
31.4964
260.712
125.922
232.892
0.718766
301.798
262.173
0.431232
461.782
381.707
380.324
263.929
237.07
106.415
463.385
97.9688
173.948
101.278
66.1378
374.543
427.618
257.943
283.933
394.879
288.131
0.253828
36.5245
306.72
462.16
427.776
136.498
461.939
1.25962
0.294329
13.4518
462.121
263.15
178.338
210.38
453.994
462.166
298.031
81.1172
98.6455
248.97
459.31
91.8412
104.734
422.337
347.655
205.484
76.745
237.573
464.041
220.01
354.688
232.512
462.544
232.355
461.798
358.352
180.637
265.558
334.678
455.425
373.29
251.688
287.335
455.95
216.426
422.235
462.082
318.984
9.28163
184.493
136.09
138.652
228.084
196.096
288.074
13.4735
254.588
78.3425
242.986
247.173
309.961
461.597
1.09546
462.105
417.644
239.185
429.898
407.546
461.993
307.545
-0.198526
462.083
120.413
262.211
0.267045
156.115
290.44
138.188
283.12
329.394
205.181
94.9952
89.779
382.591
391.54
243.61
234.689
349.529
208.264
339.169
0.800847
443.16
388.981
41.2518
0.266413
237.955
271.429
398.169
310.091
225.278
264.361
215.061
337.87
311.118
264.345
289.878
137.38
389.535
121.638
-0.0941233
221.452
222.218
279.716
262.091
395.463
249.465
400.378
2.06514
239.859
462.564
72.6401
93.6822
459.455
69.9709
408.041
107.78
295.246
234.404
461.992
19.3453
462.501
221.729
180.311
8.14045
221.786
204.252
266.14
96.8843
460.911
195.593
115.518
269.233
254.918
392.025
57.501
256.668
0.20176
19.9316
0.448215
106.023
167.94
230.423
342.299
268.037
282.087
162.279
319.769
353.684
285.426
155.764
215.492
313.135
431.969
346.995
428.958
0.745184
397.876
132.132
0.296147
462.163
41.2309
315.528
141.929
49.4999
328.579
339.087
388.787
87.6496
0.375262
420.02
461.833
0.658611
73.2208
0.858852
91.0946
462.268
29.8139
354.61
16.0351
222.43
129.368
204.301
293.131
381.312
127.737
306.243
295.932
333.588
321.5
461.923
115.417
227.111
0.374334
187.171
119.456
441.584
0.598807
314.564
246.639
209.868
358.396
0.718102
110.745
243.835
277.647
24.728
395.295
462.234
336.16
243.72
0.34438
74.8342
370.714
13.4505
149.439
243.732
379.798
328.362
194.125
241.184
324.791
450.477
0.0188497
434.752
408.324
194.862
184.775
189.397
239.372
221.795
300.893
454.692
342.081
200.884
267.454
363.502
430.151
0.566212
377.591
163.837
87.7464
338.718
248.931
302.737
255.194
1.00239
455.285
345.24
175.716
228.681
428.334
325.402
0.0745611
76.4132
189.745
210.419
410.484
123.139
0.292394
346.722
153.669
438.609
144.076
292.687
461.037
316.151
375.308
151.378
128.211
440.048
449.57
459.163
232.289
384.763
166.41
27.2472
0.803592
96.2222
449.394
96.647
462.272
288.945
286.253
242.568
0.696049
308.144
126.227
343.58
76.8565
442.879
461.296
0.258075
110.132
434.443
267.237
223.578
117.22
71.2953
179.808
444.833
82.5567
461.604
354.002
307.763
344.255
398.961
296.957
375.668
227.642
273.227
321.12
460.221
373.739
424.381
0.845471
314.509
169.288
319.794
1.25089
154.786
425.084
338.198
439.497
302.706
93.9511
290.762
395.43
101.059
358.653
208.324
308.363
288.2
409.884
461.67
110.952
229.845
52.0844
339.094
402.737
282.173
292.119
175.146
0.389091
462.097
142.793
320.277
203.357
254.482
419.336
370.924
260.563
395.255
461.362
400.715
209.993
2.93282
328.454
248.132
462.433
174.904
424.451
168.35
154.978
275.43
179.178
461.742
267.923
278.047
436.552
169.021
392.816
437.832
0.195393
429.366
77.545
386.549
0.813492
176.81
192.024
165.813
324.23
236.195
462.679
358.146
119.696
260.597
419.26
393.192
462.028
1.68284
405.593
255.482
288.399
429.041
461.357
429.264
2.10035
424.078
0.0114872
236.545
395.179
462.495
225.972
248.283
217.196
139.604
368.561
461.681
375.169
232.655
364.928
225.695
210.178
101.105
410.184
47.4902
327.62
184.585
263.968
352.272
461.679
461.567
22.55
237.47
187.773
200.606
148.822
461.943
91.0741
462.324
268.072
318.881
0.426443
312.472
78.2214
233.284
0.285725
254.211
239.387
311.599
294.604
395.773
211.928
454.339
59.851
462.338
8.16329
306.628
461.559
351.717
275.899
0.353318
1.06844
389.461
177.993
372.994
365.737
393.857
408.184
204.683
0.749012
238.237
186.581
216.984
26.5768
434.337
255.097
0.405447
314.108
320.59
213.3
449.496
462.344
107.107
421.043
462.084
401.375
165.068
124.245
96.1964
288.363
349.738
316.209
325.013
338.654
458.814
462.102
106.174
87.5591
50.8911
392.608
460.925
0.593292
335.025
147.073
232.51
403.824
280.624
358.159
57.0323
281.322
26.6854
373.467
409.361
42.9391
461.198
462.478
350.445
225.492
297.959
270.097
275.125
189.209
323.068
232.776
435.731
68.7375
40.4763
149.486
316.959
101.586
176.815
233.331
363.177
401.736
374.958
106.946
342.313
389.545
283.79
202.566
69.4448
228.339
189.333
224.579
394.431
342.237
405.158
294.607
419.565
462.108
294.081
395.682
93.7139
107.214
331.051
396.795
137.601
306.769
232.638
318.87
461.945
262.626
1.59622
300.605
0.600126
254.402
256.178
114.968
342.655
300.708
114.106
227.942
461.864
213.495
399.965
0.470448
423.99
277.032
293.406
191.267
348.449
-1.90769
238.797
44.3009
0.442995
0.458204
437.96
437.596
364.314
461.066
330.1
42.6648
180.633
288.422
0.339644
462.297
340.182
234.439
334.866
314.392
283.802
308.705
462.127
169.946
201.205
250.592
242.613
295.462
458.559
332.796
140.991
372.274
58.111
307.738
87.0177
0.446793
460.95
135.773
54.5181
126.398
281.029
77.5535
177.277
188.378
220.052
330.273
382.7
186.852
266.723
451.981
365.303
336.308
462.059
91.0999
461.647
462.252
82.6491
336.377
37.9432
368.254
451.513
399.387
193.081
434.039
243.74
284.178
222.707
57.6518
207.165
240.865
138.794
274.31
128.385
461.182
192.339
0.568019
328.128
385.548
115.113
147.861
107.877
50.7317
433.632
320
157.922
408.972
441.292
85.9176
99.0945
462.709
150.819
270.671
125.567
229.859
147.798
267.149
233.157
51.5169
60.0699
296.95
210.882
306.126
375.126
77.2442
34.4371
18.1553
68.8557
124.197
200.076
289.954
462.053
462.149
462.145
94.7816
295.119
415.035
109.584
117.879
29.3756
321.615
123.9
43.0355
199.436
375.897
296.41
379.588
337.365
304.67
85.004
120.605
173.523
289.312
356.949
462.259
196.394
456.487
338.572
95.9161
320.124
254.79
106.718
460.946
106.172
61.7453
69.7793
421.551
62.1541
133.782
412.641
147.224
242.64
0.772603
418.944
102.63
133.973
461.487
293.303
0.783504
43.8041
330.15
461.672
108.39
28.5577
144.411
92.6949
349.586
66.2974
297.877
422.782
158.729
75.5982
348.39
253.704
462.183
238.322
400.647
351.158
263.005
0.51373
34.9255
93.9687
279.018
55.3672
320.615
414.841
1.00191
83.63
460.981
395.444
120.163
330.267
283.13
309.317
324.522
462.123
310.988
377.605
378.192
71.4225
183.812
451.704
173.104
287.019
32.7223
205.384
401.163
283.545
131.881
140.893
210.308
247.344
237.253
10.6087
455.471
0.310987
409.811
354.953
319.942
108.123
269.91
135.656
231.621
462.391
305.397
257.081
282.883
138.328
387.85
174.419
239.089
279.407
211.651
1.18657
296.924
301.939
53.9578
462.344
7.73677
302.407
204.641
141.512
382.468
215.291
308.837
461.982
462.358
272.817
462.087
332.067
79.4383
239.733
116.846
59.6203
76.0635
312.524
70.2179
452.762
462.356
311.058
462.45
349.49
265.918
48.4987
415.878
344.657
290.432
351.609
283.638
450.567
373.2
248.449
453.338
79.6543
275.371
421.312
343.942
420.461
340.5
269.727
322.164
248.192
120.914
415.305
194.182
462.242
366.827
352.235
317.318
450.545
403.755
262.558
460.919
288.628
272.684
409.072
264.823
349.596
371.68
105.468
345.949
241.786
242.579
108.26
193.432
295.216
263.737
48.6273
12.3308
456.542
378.902
153.808
53.2781
0.278532
215.404
462.703
191.348
135.734
295.436
370.575
47.0388
191.457
337.198
226.778
232.458
427.715
141.184
462.077
433.147
146.699
192.156
323.572
193.478
460.381
288.963
290.82
0.271176
239.906
61.539
238.285
0.562978
151.857
174.952
419.718
253.338
0.46279
35.3686
190.666
203.913
457.591
172.14
462.265
174.853
124.076
302.544
442.354
355.687
462.621
214.276
171.345
246.285
249.151
445.736
180.793
461.631
318.533
310.703
349.775
123.236
1.42226
462.628
423.825
223.063
461.562
336.217
462.915
110.42
271.832
269.129
280.147
181.389
289.449
403.684
408.323
0.0237305
300.24
82.6639
0.881921
1.14768
442.457
1.26919
0.1722
226.888
0.36842
269.224
138.109
462.123
146.108
316.092
384.376
289.011
37.9825
0.0218552
328.639
336.83
86.2711
249.613
462.126
106.369
100.499
404.706
171.198
253.521
444.875
392.431
438.416
107.303
461.758
428.739
462.475
100.844
408.004
166.398
378.067
336.302
189.041
100.568
304.299
253.232
26.1138
19.2011
461.664
0.311033
406.177
47.7175
103.593
449.817
232.981
448.15
44.18
250.643
437.476
302.244
194.774
379.382
0.483092
379.805
99.0504
0.331664
462.456
449.932
340.942
196.236
74.712
197.794
404.988
281.6
380.094
47.4157
175.886
127.823
330.19
301.743
84.0908
343.218
460.413
462.111
244.81
248.524
461.588
25.0233
153.926
397.065
332.541
400.499
251.901
313.141
202.661
411.222
453.736
0.645347
420.299
377.936
240.293
377.628
286.241
102.04
367.711
421.462
462.06
122.443
339.084
364.232
252.838
462.504
85.5355
320.055
86.7574
176.498
281.952
0.518642
460.702
3.49865
345.737
443.977
392.863
414.669
408.907
143.888
445.265
462.07
375.752
158.452
320.188
307.814
214.61
350.453
131.91
42.1952
248.468
236.086
178.466
148.698
232.46
40.2558
266.758
57.3357
455.989
461.963
278.012
277.772
63.3786
206.786
326.759
296.757
462.44
301.337
179.426
21.9847
274.02
462.095
293.757
462.002
280.787
134.746
130.701
217.824
361.8
86.5895
35.5231
462.317
381.499
177.557
462.138
286.13
80.6135
232.32
444.548
296.634
425.2
134.005
1.21086
426.422
222.007
276.828
457.366
338.177
358.719
405.528
353.153
228.246
74.0622
459.228
341.21
124.187
275.659
415.765
106.899
0.465621
254.958
437.68
279.476
332.45
169.612
196.754
38.6614
399.954
448.617
377.328
122.297
0.619462
202.842
28.6397
380.19
1.01494
351.531
462.316
27.036
383.185
0.590637
165.586
0.757076
269.144
94.0306
416.124
240.751
205.84
0.00434619
383.441
96.4921
273.503
379.204
102.839
335.599
429.742
434.57
336.709
371.185
5.91509
136.505
190.438
255.322
248.632
84.1356
212.367
350.98
267.009
324.924
260.279
316.415
256.168
336.774
258.518
263.828
86.7385
165.791
397.527
309.641
462.275
269.398
302.655
293.439
200.607
201.634
251.169
153.483
1.84588
56.316
450.149
43.5485
236.403
340.231
0.926106
250.382
251.699
462.155
261.682
296.186
460.464
344.181
161.634
116.936
424.783
0.184977
413.292
0.473295
384.138
417.762
95.0032
0.654813
271.995
203.609
212.169
392.779
356.517
132.588
211.078
459.024
418.065
302.794
391.722
392.691
22.289
427.391
85.0075
366.779
461.835
382.742
111.485
372.148
7.60055
91.1348
376.523
106.534
67.7275
125.927
212.921
359.229
457.992
353.139
226.022
249.158
462.009
337.022
291.347
140.175
20.1197
462.102
123.144
415.868
185.246
314.419
462.404
299.54
48.7585
285.309
119.373
18.1575
8.62828
448.691
244.424
344.307
288.494
227.544
0.331193
298.888
408.229
250.27
51.6975
231.888
367.237
394.333
241.989
268.955
276.844
462.372
0.297416
459.387
363.653
392.408
152.916
462.187
159.047
219.498
92.824
392.189
294.167
286.481
98.4899
443.821
106.302
292.437
418.858
169.079
411.758
313.691
397.69
278.892
63.6424
186.942
337.195
394.139
63.356
67.8885
121.11
311.868
140.592
164.911
236.403
127.18
462.139
170.761
276.478
190.32
163.11
137.785
56.383
369.867
308.664
98.1899
454.011
309.584
311.561
0.56961
299.328
89.7669
340.789
450.317
112.277
462.344
439.493
462.304
0.501236
243.904
274.098
209.142
313.527
425.521
208.336
307.597
462.464
146.355
98.0857
168.153
58.6498
91.2278
410.294
89.3776
152.671
462.262
151.782
458.25
201.393
352.61
440.56
260.221
149.436
362.154
4.61211
461.923
263.291
138.343
230.323
382.324
387.447
72.8615
0.550923
412.138
294.829
462.86
8.03331
25.1287
148.201
65.385
462.353
379.665
0.61175
336.31
232.183
241.995
267.931
98.6067
75.2351
461.622
34.0569
396.566
460.494
464.461
382.736
370.022
320.171
303.696
378.675
142.16
461.924
258.66
278.767
449.79
401.819
307.234
461.259
117.058
0.142609
7.32601
72.7146
461.483
105.063
401.959
278.806
233.692
405.677
461.368
17.4364
26.4454
181.407
461.921
461.875
157.137
462.648
186.169
276.375
16.767
297.533
334.554
143.108
309.315
300.207
270.056
172.456
320.582
462.231
349.956
354.034
316.748
384.683
193.643
245.157
433.145
382.921
171.321
327.024
311.474
415.971
292.618
265.261
299.959
104.243
275.398
57.0157
76.7234
204.737
310.994
461.973
378.411
307.578
461.949
16.1521
215.56
436.708
249.607
0.280073
462.382
0.0888956
158.723
46.9538
253.598
252.987
249.703
-1.05181
439.063
43.1224
426.977
321.441
17.3708
443.47
226.776
55.8704
294.651
46.9713
0.621348
461.299
278.536
134.773
114.138
254.663
459.43
369.966
233.105
262.71
462.076
219.615
250.359
393.469
404.892
140.505
0.170924
199.918
151.836
159.932
17.0626
275.564
224.079
42.6229
278.908
461.317
140.455
150.916
265.455
461.243
328.248
252.277
311.088
98.5801
190.787
191.676
284.378
462.061
204.818
18.6445
462.062
219.374
343.907
462.284
434.72
113.295
0.570987
365.837
50.8658
267.169
300.867
301.295
462.136
72.6455
254.748
325.989
296.624
0.359008
0.424279
252.791
0.30521
98.8434
245.482
450.525
301.676
461.736
0.57899
260.794
281.022
79.4344
192.42
206.104
0.320594
90.7794
418.628
1.41762
241.531
462.209
296.718
248.41
361.697
462.513
70.0754
44.311
412.946
107.793
315.17
462.704
185.93
200.141
307.024
312.825
122.406
462.105
189.496
288.214
108.659
388.815
403.315
363.188
382.235
371.312
162.428
232.312
250.336
350.633
24.9458
462.11
1.0111
328.06
367.774
249.678
308.68
227.024
383.668
462.37
461.991
342.807
251.528
17.2693
237.436
266.907
0.979692
224.575
230.124
6.3657
455.331
462.21
268.763
205.711
103.669
0.343205
392.192
176.469
70.4653
405.935
197.516
183.751
287.307
209.879
351.944
297.082
243.814
147.147
14.1655
80.6047
147.608
419.813
174.051
236.733
34.2482
359.011
176.063
246.816
361.253
56.6426
461.49
423.807
34.5593
461.232
316.354
402.388
79.4288
0.300067
216.885
186.178
352.519
440.852
394.639
286.053
142.475
163.758
461.551
246.271
80.0953
232.991
69.8282
197.834
321.033
204.815
313.444
462.051
8.46808
260.906
446.319
253.079
166.756
140.256
38.6363
102.019
90.5777
287.633
93.3547
462.127
59.4383
449.377
106.241
344.688
180.85
241.854
161.027
160.268
379.661
140.912
47.7384
185.042
108.201
185.379
228.727
341.208
384.858
230.165
382.632
86.2502
462.202
371.762
215.248
109.247
119.831
409.559
162.162
423.37
375.156
321.702
31.464
306.56
384.836
136.661
399.663
430.654
0.484427
432.053
429.79
401.404
366.761
119.654
261.045
332.147
139.843
104.073
0.630664
462.105
392.864
440.259
359.88
383.158
377.862
286.591
201.781
39.7804
368.171
267.78
141.389
118.968
51.381
61.8158
351.751
254.453
122.452
211.738
306.276
187.698
461.828
20.9695
302.252
122.529
461.993
219.465
90.1281
456.838
144.443
0.561146
205.001
462.182
63.3447
373.421
369.595
449.189
271.274
202.513
389.97
320.261
200.063
159.049
202.354
216.124
220.716
363.116
462.335
345.538
366.65
137.257
38.425
344.946
312.407
362.434
193.853
459.287
433.632
429.924
227.468
462.333
402.036
0.942067
-0.0065134
271.677
317.292
313.377
415.447
169.542
421.33
461.858
0.11931
266.83
181.808
204.725
264.858
33.4354
0.510787
462.139
368.92
331.565
235.35
242.689
368.183
199.566
223.603
90.351
367.069
298.721
192.14
94.6089
417.351
315.501
100.397
0.303178
0.273407
461.667
161.633
384.858
461.78
356.873
282.096
462.419
360.473
156.86
31.5798
165.171
297.297
432.499
0.285701
96.221
414.061
411.383
154.819
68.448
64.8488
176.702
240.767
0.0241787
115.783
461.887
384.92
390.002
0.210064
91.3137
304.474
224.974
57.4977
387.227
72.1477
83.5598
447.596
19.8783
192.442
149.269
360.884
123.585
153.316
462.378
449.96
267.008
64.8619
315.852
461.694
0.934296
421.238
462.341
249.129
381.798
418.487
248.127
332.846
159.554
333.602
89.9133
298.337
318.8
456.839
462.025
328.598
52.0751
461.842
380.19
266.414
9.63546
461.741
229.979
193.097
371.78
197.465
462.633
209.357
212.926
408.642
312.324
334.545
308.966
0.922015
0.425773
22.1008
462.563
145.116
360.796
237.731
131.718
97.5785
462.556
328.446
397.928
229.61
2.15558
305.263
258.744
383.072
372.659
0.549858
295.653
403.289
320.567
0.218301
289.543
285.362
178.91
364.27
434.434
191.16
461.528
455.074
223.295
0.372729
230.102
298.755
219.93
4.13939
291.807
302.052
260.808
87.7035
8.82045
353.096
423.992
449.049
461.312
348.754
1.14709
55.2558
313.142
200.785
394.915
293.453
107.96
372.674
416.467
259.631
341.176
87.9121
294.669
243.59
204.423
194.229
415.429
420.95
194.164
452.271
375.102
257.806
74.9309
0.617732
343.026
423.168
168.12
401.666
298.678
344.184
360.428
220.401
461.779
218.63
439.053
0.283222
49.3093
299.27
232.473
412.483
461.974
157.694
30.0166
462.134
0.250943
230.191
455.497
1.31517
462.672
307.561
459.756
457.152
246.942
384.887
250.22
443.347
0.376011
71.0689
413.924
369.888
394.504
462.129
375.297
327.402
206.598
240.17
149.41
246.381
0.480471
98.2034
430.504
238.08
218.65
100.98
0.582857
180.2
224.321
284.737
345.633
108.67
186.145
318.121
142.508
35.7015
360.34
226.204
381.44
297.308
225.311
462.199
412.302
223.624
1.05164
39.0051
118.95
308.549
87.3759
417.675
113.849
34.3396
201.34
297.669
442.219
256.337
411.942
85.6716
287.655
56.4461
0.393258
438.53
245.217
373.84
343.273
208.045
44.3037
268.659
461.912
344.557
272.005
419.302
422.426
462.095
244.717
431.551
267.645
214.219
122.588
369.297
265.212
249.669
37.8921
147.973
267.006
101.33
260.637
424.7
76.016
462.162
0.618652
417.536
315.943
448.687
251.746
208.595
353.785
128.048
396.729
439.037
58.7888
348.392
243.381
154.209
400.861
150.027
301.085
113.851
129.32
318.194
242.095
338.396
410.538
235.032
45.0175
462.369
256.982
310.579
159.202
464.412
288.332
332.885
4.25509
331.284
246.757
327.718
0.650788
462.357
0.538693
310.339
115.91
426.922
330.192
454.262
41.5856
462.185
132.305
146.589
142.886
81.0639
446.244
114.891
462.24
365.605
45.4444
461.694
236.331
461.502
170.547
0.342434
322.756
456.8
108.961
242.59
355.909
171.599
105.99
306.433
221.529
333.254
0.21693
87.0992
428.635
177.258
190.169
117.918
336.771
418.219
303.228
462.284
321.704
128.563
262.23
0.0395223
149.125
356.626
289.575
300.857
230.146
169.124
382.427
0.592916
238.753
0.168854
387.209
453.324
363.741
286.825
407.545
3.91411
431.196
61.4759
253.471
353.296
344.854
47.8614
300.889
72.0727
187.299
410.321
265.194
111.988
77.1402
243.9
463.023
302.176
374.833
69.4704
161.709
264.45
121.382
144.486
120.777
402.501
461.899
0.481961
164.916
130.583
168.261
462.454
458.982
341.15
346.936
414.459
87.7397
314.995
437.878
461.697
415.297
160.2
348.429
0.00932121
246.595
373.348
402.031
99.3803
367.44
449.635
462.336
230.156
364.539
115.062
356.563
461.135
375.888
413.513
152.115
290.819
391.655
32.9652
239.805
115.376
194.582
460.564
462.211
98.8976
395.916
346.811
257.133
304.455
420.453
276.647
401.56
389.867
272.689
52.3797
301.612
432.069
462.228
155.509
141.403
89.3996
458.631
410.97
114.682
299.861
148.672
451.647
264.013
188.98
213.304
375.806
461.587
264.846
293.061
84.1789
370.091
256.709
387.313
419.219
349.411
82.3561
194.336
209.971
99.8863
282.787
101.285
430.262
461.531
0.0615671
335.513
213.989
461.549
330.576
289.069
126.895
0.335748
291.727
357.356
0.127119
263.992
397.554
462.049
462.094
419.875
301.584
421.816
432.551
119.741
421.081
101.374
63.0678
55.3057
192.926
67.8945
108.518
413.6
195.211
39.6713
151.259
332.056
196.603
132.433
462.046
364.093
14.2453
414.822
113.427
151.306
126.934
310.168
30.9956
94.8603
244.543
294.224
432.351
43.2811
346.684
43.7645
461.953
292.634
461.291
138.775
0.225008
462.036
461.115
373.561
191.245
220.396
447.292
0.211856
371.324
282.617
461.783
412.442
333.466
396.1
355.077
155.378
311.356
400.094
456.021
461.426
158.188
403.965
0.306172
270.271
436.059
184.944
413.049
421.392
461.578
439.972
179.343
265.607
326.783
198.081
433.326
330.397
172.546
451.158
175.213
1.66893
28.599
17.4992
339.526
357.865
119.086
125.09
257.671
82.6891
422.976
214.353
172.144
286.652
462.185
54.1366
144.52
462.132
308.123
462.027
200.702
356.523
258.014
390.643
163.743
134.372
230.116
364.103
51.8584
0.266949
267.567
461.98
70.7132
323.989
360.266
93.7888
368.798
461.758
360.18
461.351
174.582
0.570749
343.172
445.302
347.129
144.391
187.611
392.593
224.159
279.761
462.21
4.93894
449.36
462.539
462.313
89.2937
287.676
461.536
327.789
367.19
298.163
426.352
61.9874
447.847
420.791
140.346
432.038
73.9053
334.275
243.71
341.726
396.693
54.7141
0.89274
220.88
462.363
219.671
0.384695
157.313
295.857
82.2208
151.892
255.488
400.699
12.115
0.856488
0.93744
366.544
189.752
91.4738
159.117
122.546
338.018
292.899
304.903
267.589
389.653
462.656
94.9781
314.245
0.0352842
12.2852
263.142
372.8
280.859
310.064
365.605
0.300942
346.103
461.829
94.1941
286.114
22.7612
318.293
444.551
197.586
346.997
138.157
15.7239
337.877
250.093
248.807
181.526
397.885
462.293
198.591
441.381
346.657
279.946
277.277
46.8504
139.564
244.068
287.146
374.475
201.72
423.593
283.513
305.938
305.5
102.511
2.31084
0.435949
252.869
121.691
246.813
327.524
0.688616
355.858
203.123
398.24
425.066
322.521
249.89
52.3261
369.697
0.978475
53.0822
296.344
244.243
329.538
31.8609
5.22984
434.782
311.215
461.195
81.2007
121.573
368.189
203.355
283.495
190.496
115.254
404.548
163.385
395.905
150.748
289.705
0.955597
449.725
451.363
373.023
127.063
76.6061
100.335
246.988
17.7093
202.54
427.951
74.1256
288.22
420.906
372.654
461.668
462.699
229.095
462.247
185.592
69.0169
300.968
441.308
328.154
360.074
13.27
455.841
103.965
135.739
269.721
177.906
26.1789
329.204
299.268
385.609
345.305
362.761
454.38
24.51
394.845
277.642
242.408
135.677
164.273
461.98
357.52
312.063
0.645889
14.2234
152.703
269.813
5.1087
320.964
0.956755
281.766
248.66
382.282
310.693
40.6192
270.492
154.953
164.51
100.802
26.5741
157.834
0.619304
235.161
416.84
453.186
333.791
157.469
39.7896
105.07
213.376
330.946
279.119
461.786
168.893
209.736
0.731177
363.848
214.906
454.715
54.5971
394.868
462.687
293.009
402.637
229.814
454.372
109.6
396.561
408.075
147.867
184.97
405.588
414.052
0.48702
234.446
307.231
363.334
461.718
399.73
261.242
345.404
77.0195
424.34
233.191
122.024
115.126
176.172
357.474
212.298
461.943
194.691
258.002
332.333
230.116
397.86
87.5524
233.061
396.342
239.335
243.901
406.271
127.635
458.933
0.665327
61.1994
114.758
338.32
336.214
220.036
323.035
290.988
314.08
462.045
461.665
-0.0545976
339.319
341.648
462.318
248.779
29.6323
462.322
462.216
462.404
0.1169
300.064
150.553
337.691
355.951
348.052
237.858
345.907
199.77
344.513
51.913
67.1338
279.731
159.602
215.971
404.074
190.993
0.13459
183.655
306.473
257.554
351.975
134.476
279.481
180.604
112.408
329.239
460.845
158.836
168.027
144.729
61.6479
295.286
461.993
72.8633
132.443
235.123
110.408
314.81
209.587
1.60598
-0.140804
104.415
20.4451
327.418
240.249
9.67278
145.256
434.453
317.838
144.56
280.18
398.306
294.843
460.604
34.4867
219.243
347.152
314.355
172.35
364.79
98.8098
255.919
399.329
387.121
5.94922
255.769
370.104
243.652
313.739
47.4405
0.178929
220.802
283.641
74.5018
354.393
126.916
256.867
341.902
25.167
437.475
342.129
452.501
345.639
272.08
395.087
461.758
268.007
287.958
1.0406
462.433
344.434
226.199
139.196
56.7252
273.181
377.315
462.378
132.465
461.804
187.635
297.123
400.027
279.143
402.682
178.815
87.6037
0.936474
358.256
103.296
461.626
0.761542
185.921
355.601
308.217
462.22
0.900365
257.845
381.733
202.034
413.966
1.24513
421.509
358.983
389.908
126.072
405.653
215.496
293.985
298.676
245.438
267.015
147.674
219.787
455.248
461.52
1.01632
323.811
462.347
463.498
0.46749
0.299619
382.667
95.8966
384.761
345.503
308.382
431.871
361.69
0.496496
387.759
406.62
72.5103
232.567
336.218
462.321
384.945
128.942
352.852
235.731
275.15
399.053
284.296
461.257
0.226351
277.853
283.027
268.908
274.789
413.084
39.4487
369.697
257.984
462.3
198.365
459.379
282.793
462.229
393.993
307.865
410.026
5.89598
228.037
337.055
347.146
147.663
462.082
381.738
401.914
41.5832
6.94656
209.719
156.946
127.566
355.374
462.067
408.073
147.273
106.896
83.9221
376.528
176.116
130.44
151.324
0.3719
117.612
312.727
349.351
136.684
39.6515
237.908
-0.020936
235.118
336.895
0.901573
362.688
455.634
230.049
75.7563
406.019
0.803027
172.74
123.656
342.256
0.347284
241.301
354.927
274.544
453.543
352.861
0.264824
131.759
232.981
272.561
70.9764
276.013
462.272
84.584
158.031
398.463
461.547
57.072
431.57
401.584
130.524
290.331
42.1501
371.408
15.2436
301.591
327.336
461.575
345.341
94.1288
461.16
282.756
257.686
144.469
102.424
299.807
267.099
432.983
304.749
116.605
63.8913
92.0306
310.198
462.037
364.113
444.062
0.173254
246.229
38.8063
189.026
35.9524
436.05
317.922
217.454
208.16
274.611
461.639
327.294
411.095
241.925
251.917
1.14772
238.115
413.983
276.573
0.242101
120.661
76.2381
436.466
369.911
439.626
260.142
273.346
461.862
371.616
255.616
314.005
196.137
461.92
258.519
195.317
462.106
320.891
371.962
462.248
462.257
173.381
462.01
30.4242
289.621
296.058
54.2382
321.735
363.952
287.438
286.052
1.04819
55.7397
0.436957
461.925
0.755832
364.035
253.337
307.451
458.484
318.502
4.29208
462.209
1.21612
67.2985
377.437
335.017
355.522
-0.167915
0.130405
1.08902
461.333
403.536
462.335
413.49
293.312
8.23919
174.506
155.965
329.867
62.6256
134.425
314.372
291.409
29.7695
328.348
420.589
398.944
421.946
191.266
17.4267
460.899
326.56
234.525
225.111
402.18
228.776
448.054
168.329
0.330413
0.991265
367.745
379.905
0.289836
451.041
174.39
258.556
311.3
354.685
340.06
345.178
323.119
359.147
334.951
102.406
455.985
386.863
440.402
421.104
461.088
298.674
427.927
431.605
259.864
411.166
297.098
391.177
301.697
105.075
462.045
274.199
462.52
413.449
255.289
462.293
266.137
178.92
207.72
326.685
67.4505
390.551
147.558
274.874
245.38
221.369
216.265
342.498
362.851
236.754
180.772
296.569
79.5622
71.8729
375.851
258.239
428.475
336.862
184.99
5.50112
237.982
311.746
460.513
462.202
21.3324
265.074
393.587
218.677
388.282
361.835
259.868
388.546
461.769
1.17857
333.615
363.283
137.967
9.34032
195.273
270.398
366.628
363.54
358.169
462.457
462.249
0.308944
461.682
193.358
375.62
0.976231
422.919
80.33
462.472
374.432
3.24137
232.586
397.035
187.862
299.016
301.724
444.603
344.774
318.562
462.49
0.389399
142.716
461.991
45.1735
65.029
142.594
462.402
462.791
462.349
147.982
181.606
192.204
422.062
461.67
157.866
234.679
239.212
138.735
236.641
452.422
330.237
372.073
255.279
116.741
107.894
411.279
0.223661
318.394
121.273
271.668
446.319
396.383
433.806
187.121
178.006
202.376
340.58
461.719
461.868
390.775
35.0406
185.417
1.13559
462.633
409.33
288.702
298.856
427.19
230.043
462.248
229.952
367.196
332.467
370.032
91.8568
0.132604
370.068
92.9191
461.615
113.664
93.6008
336.939
199.244
286.128
38.8262
131.473
445.852
0.435767
384.064
125.732
395.049
350.619
42.7963
419.288
0.309961
461.573
93.296
294.159
283.502
328.27
397.463
383.8
310.449
0.182128
460.318
342.208
366.566
91.9885
47.0677
306.27
93.5193
372.341
339.212
232.278
0.656915
429.594
39.3286
462.354
108.68
292.692
0.363118
458.67
232.745
357.908
263.543
111.156
-0.0882839
52.1789
69.3016
127.804
0.289646
9.63291
428.117
462.147
250.538
77.663
362.689
259.266
198.5
444.172
276.573
111.271
461.131
357.769
339.57
39.5827
342.827
124.875
256.369
324.911
172.258
239.51
296.585
462.002
353.056
102.087
394.342
388.686
437.973
20.8705
0.54539
266.126
462.073
283.766
14.5633
359.013
343.31
414.346
68.5752
162.08
262.749
133.372
120.588
286.644
461.981
85.153
367.918
125.582
364.46
35.5806
375.366
461.088
368.561
254.134
0.219436
462.489
410.14
128.469
0.072501
305.581
0.514178
338.436
31.3565
440.061
-3.9821
408.046
354.888
1.19362
44.0648
327.279
408.139
63.9997
327.489
110.809
232.605
462.478
400.813
62.4717
167.601
326.683
-0.567886
254.5
70.7157
80.6094
462.016
123.265
115.586
281.129
159.079
461.765
12.9963
263.725
462.267
210.228
268.649
427.051
435.452
261.292
374.359
461.804
461.898
91.2545
144.467
398.742
343.842
454.901
368.431
462.411
103.198
447.654
366.598
461.796
184.193
323.628
420.35
0.855136
366.552
91.7683
457.149
182.841
0.151256
262.321
89.3865
74.8785
269.198
0.9891
113.02
318.022
403.724
452.963
333.481
8.65906
462.055
61.5545
217.47
270.266
0.26967
334.517
233.835
368.2
339.323
388.846
450.461
106.235
462.246
254.118
462.661
380.674
461.942
244.901
462.381
461.944
347.52
454.752
127.145
462.537
363.347
461.708
313.241
420.993
109.193
196.473
25.6303
91.0994
425.109
330.314
295.877
311.516
446.195
144.834
401.568
383.976
462.262
292.034
46.3357
44.8213
319.791
98.2771
463.936
377.812
0.482742
392.599
0.603524
389.716
251.875
59.0182
108.213
186.056
397.62
64.2213
159.109
195.504
313.232
111.118
82.277
422.907
462.159
325.069
76.927
395.114
160.807
184.908
306.886
8.33945
374.892
228.124
59.078
68.4678
182.284
462.062
104.307
266.166
200.849
125.656
262.141
462.156
103.038
396.679
392.01
1.09575
462.016
248.379
150.679
259.176
368.402
0.364012
230.082
160.302
296.476
278.285
98.58
295.565
152.04
306.1
302.868
94.9734
286.382
99.2252
288.283
304.709
79.3094
63.5896
257.363
106.934
220.381
0.909637
166.334
0.384175
326.13
256.846
390.96
176.24
303.577
319.158
167.812
254.993
405.686
461.273
298.198
261.813
307.665
54.3211
351.117
461.508
409.872
323.467
383.774
409.953
391.714
269.838
335.976
462.295
0.416742
136.185
113.402
235.367
427.167
-0.100985
401.074
413.444
462.177
258.828
365.197
367.332
279.031
179.04
400.713
343.689
140.7
395.255
249.779
274.717
121.176
269.232
370.532
68.3185
0.34508
2.38311
461.341
173.02
462.237
0.343327
307.82
462.053
0.577582
366.071
169.659
209.953
444.368
443.938
330.327
322.29
9.6015
368.031
0.33766
2.15138
104.609
104.162
460.181
389.478
326.058
445.635
106.12
272.236
138.055
462.366
64.8214
430.436
229.918
313.299
387.415
258.815
409.001
453.122
102.793
0.132272
400.953
226.447
28.2841
124.867
402.878
85.1859
10.4092
149.798
295.085
304.487
461.979
348.662
352.173
232.563
255.547
138.132
323.756
46.427
260.515
462.11
240.611
269.322
372.92
150.691
461.866
344.049
94.2065
231.5
320.1
168.038
177.077
312.704
450.551
241.57
367.009
0.279844
106.044
305.642
165.254
419.916
240.453
113.274
0.0587261
426.225
0.974072
220.642
456.927
239.572
369.536
122.823
367.458
462.054
461.994
384.201
0.932585
337.071
0.395153
461.938
114.04
331.702
314.018
459.445
358.865
343.837
66.9417
387.967
264.165
339.597
162.169
460.003
414.021
388.929
272.937
235.34
316.413
330.371
166.487
379.789
462.288
139.815
221.799
244.93
183.636
225.991
201.484
187.243
395.379
263.905
355.951
119.867
0.619211
383.609
191.252
230.402
219.401
249.09
381.023
417.049
256.67
380.316
143.333
462.227
462.15
461.871
224.996
461.98
314.003
102.634
224.13
204.334
404.741
223.193
460.055
70.4442
333.846
371.981
437.566
462.087
337.395
378.029
209.926
429.091
26.393
29.8169
179.24
410.473
0.544889
310.741
372.549
47.0026
317.968
175.199
405.128
124.353
367.066
278.988
431.113
149.59
326.409
274.408
403.642
419.344
232.537
142.129
307.648
42.5428
352.207
415.683
35.5741
0.332178
188.955
462.131
462
248.901
462.365
93.6375
443.443
152.612
66.9508
432.88
74.6236
344.782
33.7934
71.7052
443.449
194.616
448.136
46.0183
127.616
158.667
38.1193
269.637
445.344
172.784
251.407
79.129
119.85
314.372
462.446
-0.517326
280.069
269.416
131.321
279.26
461.647
261.888
317.103
67.8182
365.61
323.973
311.734
94.2485
189.574
263.07
368.223
427.175
135.197
462.652
461.156
324.8
376.123
462.114
434.329
385.714
0.365083
399.393
389.891
436.738
428.277
10.4143
407.638
304.482
0.00653645
0.437077
165.616
18.744
137.498
61.3301
370.977
235.541
68.2817
185.627
394.924
356.477
180.454
232.482
448.309
380.733
312.474
0.386416
410.53
113.235
462.531
209.292
270.885
300.567
129.208
320.407
461.918
39.971
315.402
226.776
247.447
299.042
318.42
105.059
107.937
298.059
400.531
61.3801
228.447
450.45
416.03
243.972
265.464
327.237
352.442
210.795
186.083
75.5289
173.337
261.137
202.188
56.6619
310.241
462.033
462.11
411.303
1.09336
350.903
128.036
111.979
285.109
85.2157
98.4715
287.66
462.256
240.457
178.541
30.2901
222.608
168.463
156.7
28.76
61.608
160.997
246.514
300.214
75.8415
301.905
30.9445
166.668
183.56
222.21
344.015
447.89
287.641
123.607
327.448
0.500844
83.8462
455.037
106.365
443.828
173.786
148.01
63.579
341.208
0.550234
421.542
368.673
458.997
371.194
165.852
84.7744
37.9644
26.2742
131.579
181.304
-0.227191
457.221
423.385
0.083371
393.682
461.134
267.583
60.9129
247.973
378.464
402.243
461.107
366.45
247.715
135.964
0.698063
265.175
235.742
181.052
93.2517
167.254
366.367
164.523
308.018
392.478
399.66
91.112
128.057
1.71528
392.554
460.526
292.037
282.566
32.3221
311.098
112.969
40.3792
424.834
115.198
114.216
0.582671
258.128
249.773
59.9497
232.219
81.6692
323.612
-0.0358631
322.279
389.064
296.494
280.301
213.876
19.2807
53.3826
462.184
304.383
257.15
400.809
64.3989
360.255
355.12
462.155
34.6449
273.616
265.751
246.228
332.6
387.888
364.563
320.175
0.331482
282.008
102.699
0.18996
458.1
1.38846
316.262
244.607
290.772
259.234
381.562
438.5
416.454
190.665
461.849
111.907
461.903
20.7738
445.758
410.183
369.608
164.819
13.5716
166.722
324.73
461.732
462.278
208.412
64.6185
331.082
365.046
208.202
360.397
0.796318
191.154
251.574
285.396
38.4003
461.791
25.9483
271.315
294.875
283.894
407.752
251.809
184.328
266.175
246.825
232.371
91.8449
293.682
38.6327
287.158
183.228
207.123
264.64
261.927
219.427
267.834
236.253
404.216
242.42
462.081
428.106
344.222
362.593
132.619
133.726
242.894
195.364
396.676
194.007
163.539
0.235515
142.266
297.073
420.881
461.802
302.426
163.365
78.5947
299.883
175.359
219.091
130.134
366.348
323.923
153.192
461.763
240.79
462.178
296.783
429.334
325.836
442.303
251.075
461.962
219.508
116.724
394.83
304.599
420.052
20.4519
362.452
462.011
173.428
98.2436
0.626484
365.776
398.741
241.829
102.304
168.378
349.722
131.983
362.699
176.825
348.429
461.717
314.867
355.753
200.107
110.608
294.451
435.941
456.348
49.1709
461.984
220.98
105.547
135.03
399.671
343.566
375.075
241.283
353.946
111.677
362.757
462.466
346.217
256.249
113.184
301.897
245.62
269.059
116.604
395.309
189.777
452.831
236.566
89.1732
166.711
90.4987
107.095
312.958
29.0907
175.726
462.122
188.523
360.375
445.268
462.42
220.413
197.461
4.76467
231.937
48.4682
331.015
319.11
194.023
456.329
168.792
132.944
197.158
413.067
65.8862
76.4978
89.145
0.311556
163.18
462.3
456.775
337.757
276.796
373.265
444.39
462.285
398.51
73.7862
227.593
235.862
0.220511
133.11
190.382
269.406
379.089
447.807
462.493
1.99129
40.8974
252.949
170.649
40.8564
329.638
191.23
206.071
371.916
109.308
152.58
386.552
462.479
92.8875
77.6842
134.746
0.289228
384.454
246.273
361.991
408.278
422.2
462.238
266.763
41.331
359.183
60.924
251.762
0.368428
462.026
305.158
63.4381
462.435
423.207
107.196
341.618
304.37
462.014
95.8478
149.076
215.041
172.065
461.197
344.916
461.709
209.362
377.838
257.861
435.677
334.382
328.972
334.823
356.228
54.1532
323.264
461.547
98.4853
213.236
232.557
0.207735
301.781
93.6132
317.545
111.266
242.557
245.482
405.646
246.392
336.795
0.458886
442.075
238.394
262.244
462.062
205.374
354.352
20.2809
361.716
358.86
338.654
81.4974
426.976
226.541
0.22333
284.698
326.9
374.914
108.981
58.2117
59.4037
38.2405
207.889
145.087
74.8111
308.674
258.383
127.32
386.646
364.419
111.618
205.227
319.512
421.604
0.626871
138.058
345.181
169.609
254.632
372.41
123.028
145.662
145.802
287.413
182.87
223.438
209.22
212.241
255.793
387.303
216.214
202.03
98.7039
459.965
156.211
0.840171
462.458
396.667
104.407
388.339
454.864
198.275
441.2
460.798
103.972
143.642
200.558
411.678
297.296
72.5571
0.41456
236.917
104.584
326.323
462.42
438.248
462.537
304.859
145.142
356.212
462.218
462.468
328.728
134.863
183.179
296.431
431.589
143.831
421.301
-0.309782
258.282
0.540042
223.386
462.15
208.543
159.766
131.829
315.008
461.704
152.211
381.534
199.91
374.317
108.243
462.042
47.69
157.491
91.7651
244.93
333.025
402.335
448.239
260.432
328.642
280.85
278.635
300.836
195.527
256.572
146.095
422.827
85.8761
411.866
242.843
206.032
262.494
462.809
311.234
197.553
375.483
195.988
333.035
460.458
314.872
284.495
185.687
393.517
144.616
351.79
397.49
368.09
182.003
306.602
19.1063
0.365271
254.942
82.0057
188.774
78.5573
297.554
375.655
118.475
112.706
369.693
308.948
188.795
444.064
51.6433
385.263
223.553
462.033
229.84
42.2228
364.611
0.636326
58.8549
233.288
144.869
462.306
255.404
346.601
146.954
451.396
41.0513
137.535
462.284
346.278
389.241
462.148
318.848
412.369
270.148
306.47
406.654
34.4037
401.991
194.621
217.887
265.098
0.503745
328.847
388.128
0.623062
356.622
261.413
276.064
366.488
380.083
0.0797707
315.548
103.483
375.88
462.096
115.584
155.341
98.1134
98.7787
142.966
272.434
416.496
461.598
260.064
189.469
243.564
347.793
255.472
261.346
21.0876
305.437
402.651
281.27
78.8489
0.574866
206.662
222.294
419.69
83.2152
391.579
159.371
123.726
242.649
258.43
389.43
163.639
90.5317
106.466
404.478
295.662
283.794
461.899
224.588
399.749
134.499
131.643
312.418
237.859
244.487
461.552
461.794
73.8104
438.795
428.082
441.904
106.474
64.0639
13.2851
462.164
339.404
345.389
8.33716
462.171
207.769
55.3578
328.383
64.541
0.913311
390.075
133.974
33.4431
152.781
295.507
236.733
304.093
424.069
322.075
303.322
193.883
461.694
241.26
462.195
132.94
461.175
388.95
201.282
0.616068
155.8
126.505
462.121
0.693809
224.626
50.1734
0.623255
255.217
462.167
284.147
462.032
93.0513
291.095
267.246
288.156
411.216
0.330907
265.331
461.689
233.598
328.024
200.041
160.641
362.741
149.387
211.767
10.5159
237.15
208.292
361.763
76.0057
248.477
0.235989
401.227
248.267
436.762
462.006
209.037
42.2116
155.315
403.675
405.252
358.69
107.297
176.234
248.433
250.517
141.05
430.557
28.0771
429.926
442.952
91.1858
418.454
462.11
307.565
457.344
167.76
307.325
113.88
348.333
460.85
462.102
279.584
421.964
169.015
100.294
388.044
460.837
337.127
448.848
401.969
296.263
462.409
210.76
73.9545
275.231
171.456
365.208
147.226
458.499
226.082
241.682
152.479
422.307
261.349
461.653
187.304
119.312
247.651
264.98
259.208
37.1494
266.004
434.859
284.028
31.8219
461.844
210.101
433.118
290.608
364.808
186.538
180.544
103.994
142.32
310.324
403.419
205.579
337.984
254.031
328.708
27.6925
62.1253
126.912
411.473
385.602
315.601
118.887
352.786
130.241
222.628
193.089
229.772
199.437
462.12
457.355
314.508
81.6569
21.8739
424.498
155.553
112.804
233.957
244.897
271.481
74.5662
22.9094
355.58
396.058
461.029
298.118
461.957
434.377
119.952
5.61141
428.794
261.973
153.999
413.635
145.906
459.469
268.988
153.529
462.473
458.883
304.263
156.093
462.301
319.99
132.482
462.267
287.793
136.859
447.107
462.148
333.769
376.832
322.926
356.891
303.01
190.653
320.515
461.586
68.2038
355.728
63.7257
276.594
280.326
271.246
390.844
22.1016
84.3641
51.6803
218.582
310.317
307.78
7.49196
0.210387
425.292
149.767
303.794
81.9475
462.091
296.958
64.3568
361.825
140.312
380.171
18.4205
226.872
197.302
199.094
194.998
363.952
52.6182
253.092
338.679
87.862
278.644
334.061
111.712
125.346
205.196
319.624
90.7528
462.017
356.408
64.9034
259.416
360.984
304.919
344.464
165.238
348.521
97.0606
263.365
233.091
242.976
207.718
462.466
127.437
427.69
144.229
171.089
127.69
0.47121
173.33
427.445
132.939
255.999
442.939
209.09
247.836
11.6549
20.6484
52.3528
360.215
303.112
47.5513
412.217
445.447
217.427
256.241
327.69
294.677
1.19658
290.57
370.678
380.772
139.105
0.180106
146.982
207.151
181.195
127.78
190.258
154.024
300.428
91.8231
101.613
35.2052
29.8403
461.697
117.959
0.526398
192.475
170.811
74.8276
355.173
458.582
151.568
267.897
447.665
237.232
131.418
32.7145
450.091
418.332
351.902
104.682
260.748
305.109
232.547
109.725
151.627
268.212
425.596
462.098
304.121
204.41
294.156
333.4
30.7796
361.274
443.604
442.685
97.2106
215.584
462.279
307.741
5.39934
462.303
461.991
401.841
451.411
104.493
205.367
462.685
244.842
124.859
0.401696
329.616
287.97
462.378
277.616
81.0089
254.788
0.959178
252.938
172.796
226.314
449.453
34.0066
365.121
461.918
324.666
461.981
237.321
328.971
87.726
320.084
55.845
0.316213
225.76
306.864
0.0957096
367.123
146.136
161.875
461.96
337.836
328.373
355.766
0.36459
251.219
122.851
138.106
143.184
43.6447
3.20046
303.186
341.906
293.82
460.049
43.741
83.9934
0.435559
192.271
329.109
419.606
370.583
0.27163
443.137
324.997
461.79
461.954
155.269
303.639
288.056
462.039
103.078
379.168
111.219
172.337
405.743
305.721
462.23
230.218
66.1299
1.10431
69.5189
55.3327
159.251
238.841
239.21
196.24
430.082
461.845
51.275
174.787
67.9237
110.067
453.549
352.083
346.973
22.0112
5.33736
257.65
165.267
187.153
381.446
395.854
362.458
462.174
424.794
57.8666
233.29
462.777
145.857
421.21
255.252
215.569
128.628
126.168
159.088
0.517161
172.288
287.576
420.777
138.463
245.954
461.141
273.332
462.071
462.149
330.348
67.3864
79.4852
460.379
8.5986
164.287
0.266528
1.19024
174.205
192.577
462.056
162.492
221.032
331.478
53.4308
294.697
174.252
144.621
447.221
332.469
327.343
0.192727
96.5313
155.339
1.45
132.128
19.2847
326.365
242.568
461.995
380.02
0.457975
461.993
238.711
127.827
462.305
462.377
95.0336
236.824
210.353
21.4688
193.844
349.707
232.29
406.15
462.082
462.155
77.7198
63.2994
327.684
277.341
276.748
461.291
253.506
211.195
341.854
192.396
401.774
171.744
205.645
232.36
238.758
240.153
230.001
420.808
230.013
51.9128
63.1947
261.114
351.274
462.093
0.429822
285.734
0.459754
288.594
181.537
429.183
293.438
394.414
244.58
362.461
150.2
282.434
359.52
114.192
131.721
2.86983
461.97
25.9678
288.379
382.289
256.202
317.144
424.963
262.618
50.0261
33.6598
16.86
108.128
247.601
0.479947
0.574358
211.912
219.413
343.008
203.805
82.5748
206.769
394.373
87.9407
462.168
256.601
235.647
52.8716
461.462
143.63
246.983
10.311
462.4
399.036
0.47189
448.936
203.767
234.043
332.124
320.008
303.251
240.766
263.418
365.705
187.918
124.416
316.295
395.398
19.406
51.5324
68.2205
262.478
242.252
9.18502
361.009
244.444
19.7347
18.6363
261.998
129.816
259.109
414.181
256.02
0.901507
263.003
174.848
277.914
47.2908
206.985
323.401
462.048
377.205
375.242
165.987
401.434
0.357138
323.701
460.365
103.185
297.817
158.096
314.703
206.54
376.033
141.828
180.013
394.12
326.065
163.499
0.132855
345.362
364.784
42.0391
248.916
434.986
343.241
385.447
319.34
-0.0255434
381.744
373.442
317.203
418.115
439.556
412.729
126.762
181.78
116.201
446.613
156.435
75.6044
328.128
287.585
215.37
366.31
287.333
250.059
128.661
284.259
417.337
399.603
-0.0899385
248.089
405.506
459.585
175.723
2.27435
4.99544
204.266
1.07274
160.595
0.153318
0.450793
0.121993
187.148
462.196
187.156
297.345
291.245
421.491
234.827
0.504034
232.579
277.238
405.805
252.376
254.373
4.74298
460.101
247.608
448.684
438.485
326.195
33.4391
0.586147
154.654
364.532
264.215
320.48
272.955
86.281
391.57
63.2476
59.5051
274.601
0.0812601
55.7048
238.442
83.9452
325.549
85.6483
437.118
267.62
462.065
462.06
332.854
461.398
54.6658
328.662
328.586
227.897
304.758
259.767
56.7039
117.282
19.1048
144.022
296.004
179.132
332.588
24.9458
205.749
462.287
373.485
348.152
357.49
461.76
266.176
365.207
332.739
254.517
27.8224
251.221
204.775
114.111
425.93
373.947
306.802
204.294
0.0780909
437.08
225.582
227.646
255.577
139.203
133.784
462.329
462.213
426.59
251.555
351.177
120.732
234.77
1.35101
146.812
0.352224
187.256
298.037
182.128
409.393
187.37
462.008
251.949
462.125
88.358
171.246
357.252
400.163
276.98
192.587
132.621
456.184
26.4406
20.4011
434.772
194.152
2.77854
307.546
362.007
0.992843
416.118
67.4829
293.712
313.003
192.68
246.827
128.161
18.021
456.54
346.914
462.172
462.528
277.279
305.818
262.291
347.399
314.353
462.482
461.271
462.402
177.319
275.151
288.18
0.98838
241.871
352.428
255.39
99.1984
138.234
4.48258
394.674
363.421
92.1382
423.1
80.0566
353.347
267.316
0.166724
268.202
263.739
445.314
234.211
1.32809
243.312
113.475
342.715
60.4073
418.983
280.343
168.437
266.709
461.992
163.279
44.2334
366.56
76.764
116.805
422.339
211.56
0.167748
374.766
163.157
318.75
349.377
461.705
391.47
203.185
324.505
205.397
9.12229
395.702
402.254
321.073
68.7174
158.295
1.16669
68.5528
350.399
447.949
152.293
434.336
0.886006
204.851
330.999
461.951
462.097
461.61
250.885
177.972
115.357
0.427944
150.472
356.349
421.038
302.231
380.183
58.5116
346.545
306.589
312.571
439.576
424.893
27.2198
344.626
401.837
87.1993
452.151
214.509
352.21
347.324
209.624
385.436
238.585
462.395
360.466
461.146
412.302
451.488
454.344
461.919
232.621
288.301
403.562
371.41
436.616
212.33
233.345
381.038
146.689
193.668
326.208
238.411
315.394
123.571
288.373
35.3316
415.801
257.577
301.771
133.68
59.8612
388.747
374.855
281.932
0.0419151
341.097
291.351
3.27092
317.637
251.767
335.183
128.924
333.225
417.45
179.309
444.566
248.553
237.883
365.309
300.547
355.954
104.933
135.36
289.858
0.651856
329.325
254.402
271.397
367.885
410.083
69.4444
49.684
460.109
123.12
71.4971
13.4569
-0.145603
462.03
54.9618
348.084
462.231
445.347
327.336
107.844
333.414
1.19282
179.539
138.638
282.392
62.5043
462.206
241.242
195.999
242.819
271.974
125.691
1.76062
373.841
96.6164
174.16
347.829
208.656
396.688
228.987
135.835
383.301
461.914
322.841
138.062
380.209
0.517797
151.213
270.205
305.567
160.373
302.26
426.142
369.558
144.38
462.516
79.0379
203.434
200.941
375.824
101.435
345.71
12.5983
461.203
113.111
423.588
352.63
298.097
243.174
180.249
340.377
58.3839
183.845
210.673
459.598
413.057
102.134
330.594
256.989
191.974
113.089
462.328
41.6396
41.0212
328.573
381.307
0.245072
174.491
462.021
457.362
0.888475
100.279
439.697
204.011
342.259
85.7556
71.5926
368.477
354.751
227.727
164.07
304.13
150.243
461.801
418.151
272.462
421.374
291.689
332.077
215.153
40.5315
2.88673
280.828
331.808
395.185
316.104
385.356
204.057
189.9
348.996
36.0789
288.968
248.577
298.368
254.802
84.7249
147.715
20.4112
0.607478
21.0189
104.661
244.892
462.595
392.684
330.415
305.471
273.291
239.849
77.4546
21.178
80.1749
0.145928
200.549
370.864
184.453
461.883
282.661
375.79
292.3
462.06
175.32
249.932
167.195
419.362
0.36094
462.415
111.326
371.886
163.713
145.943
240.829
366.737
140.913
0.384017
462.638
171.703
176.269
433.505
328.806
98.291
304.022
460.741
296.822
384.447
285.054
0.99391
94.4401
278.432
133.807
379.092
20.708
435.127
301.28
354.088
220.044
132.725
1.08433
209.083
103.216
426.613
154.069
270.107
50.8978
23.4083
137.595
291.497
418.671
1.0958
284.662
290.633
183.281
69.5371
401.243
226.184
328.057
364.981
145.233
462.069
365.595
80.4254
422.68
0.698116
203.252
160.335
244.043
0.445922
207.961
328.412
461.746
457.93
390.204
385.566
139.174
461.506
331.009
30.9487
113.625
461.953
183.646
288.713
200.461
216.421
435.087
86.7121
1.08532
330.221
309.255
462.012
447.71
295.5
113.219
288.587
228.491
1.51426
1.55
353.118
326.813
415.317
462.149
194.907
186.569
462.262
234.629
327.675
460.988
79.506
234.822
154.243
315.532
150.363
50.7024
302.866
385.113
261.422
255.601
367.658
289.206
32.5378
380.108
115.253
462.556
452.432
273.862
165.636
148.5
367.856
462.118
336.263
-3.75203
411.241
462.218
0.37017
289.59
55.7969
232.436
72.7321
1.05589
445.089
200.113
159.714
10.3224
200.827
177.642
244.754
267.784
460.626
179.1
262.395
305.467
461.449
345.553
331.881
234.775
193.755
357.96
294.239
41.4255
78.4218
116.103
225.572
128.181
266.156
414.956
293.651
296.279
171.052
462.342
407.79
295.76
443.847
444.047
0.013839
0.289356
88.1217
140.323
319.603
229.616
308.39
52.3147
448.797
260.428
52.5757
4.14818
247.156
461.053
332.542
60.0189
300.275
68.0162
1.71642
211.24
253.907
289.634
178.256
110.402
0.125271
55.8271
73.152
4.39361
57.7737
254.832
379.51
5.97392
295.582
461.911
0.346375
320.573
89.5767
306.54
0.43499
359.081
316.699
83.5677
341.834
440.641
306.802
361.56
368.693
55.6586
350.952
0.428963
462.944
304.992
337.896
159.255
448.332
306.761
241.933
418.594
48.7847
248.02
461.511
84.9312
121.367
242.709
242.617
333.223
97.9834
2.4996
314.557
313.123
321.254
455.158
236.65
323.617
169.388
90.3788
409.638
454.493
335.001
14.9579
317.503
91.4268
213.124
144.272
166.639
300.533
413.299
327.352
285.524
160.517
398.148
438.248
330.963
88.7296
134.716
286.202
462.28
160.159
23.7197
135.287
0.454825
282.879
0.445591
446.524
315.122
159.382
185.537
334.364
38.0798
360.54
290.451
405.491
181.465
276.396
78.6404
286.057
280.886
462.005
115.702
451.81
84.9292
249.39
460.055
345.781
462.321
407.615
254.863
136.855
461.762
81.1951
192.255
271.449
214.66
361.763
157.122
261.163
199.676
30.8485
-0.22637
257.149
381.976
348.753
164.85
122.472
346.112
462.18
401.574
337.955
35.5447
244.508
461.082
267.888
330.712
421.099
32.0403
222.035
34.8641
106.776
53.6366
462.289
330.467
239.295
377.576
234.291
170.758
243.393
205.985
218.427
441.93
460.267
371.45
443.4
271.083
409.085
460.811
326.802
27.4397
445.67
170.823
0.137625
0.106578
461.774
237.723
461.675
384.033
371.854
330.483
75.328
93.6094
230.12
357.987
71.5464
102.158
462.135
124.456
241.529
353.178
332.351
372.512
335.868
201.002
96.9626
370.367
259.466
416.931
-0.332865
307.853
58.7057
329.372
-0.0593361
348.445
350.389
253.748
0.379709
343.183
25.7922
368.545
334.695
462.343
336.799
304.327
30.4526
294.589
81.9234
140.864
242.538
407.615
230.512
462.127
174.982
461.791
414.818
249.588
425.845
271.381
281.628
462.247
184.534
146.243
134.355
461.674
363.523
0.222589
103.293
393.855
136.963
142.022
154.726
270.912
65.5035
462.078
353.363
302.692
295.59
333.097
462.126
194.198
417.596
363.734
354.321
145.262
127.551
435.093
198.644
314.785
346.613
278.442
302.811
116.566
185.413
293.702
461.886
335.084
333.979
139.674
12.3886
462.1
142.586
300.316
440.309
335.252
186.779
287.844
193.286
394.049
371.068
357.102
211.521
144.552
109.148
462.268
462.404
214.094
324.912
143.816
138.692
430.653
444.807
344.668
333.448
254.357
0.364268
290.818
141.642
111.288
77.6847
460.057
359.017
103.211
360.1
461.547
367.266
462.049
380.78
99.5965
407.946
354.667
0.290303
396.13
126.039
455.922
347.816
114.794
172.12
234.267
81.9973
400.257
397.892
82.3333
297.055
337.952
356.018
403.172
425.207
444.299
366.395
345.734
183.309
98.5732
65.7477
306.474
161.2
433.958
420.009
438.452
316.463
460.242
279.04
81.9966
418.406
266.849
107.737
347.942
305.779
400.644
461.768
226.027
214.525
419.48
0.881656
317.885
305.142
208.852
147.871
354.34
380.028
66.9117
272.631
363.636
93.8164
154.463
316.299
124.494
462.98
283.329
461.901
37.4047
417.935
123.391
391.262
462.427
185.468
342.749
176.94
0.372792
215.383
92.1478
104.76
424.233
209.692
378.401
365.312
401.306
461.799
238.315
164.986
-0.0634967
14.2383
94.2752
462.105
276.089
75.4007
332.324
128.398
342.004
330.822
184.681
417.12
87.8929
255.862
392.499
263.589
103.886
402.097
335.785
233.415
227.837
340.837
287.709
462.066
324.596
462.239
405.253
255.472
32.5168
447.157
0.376507
83.6669
173.252
196.487
237.325
34.399
348.869
340.54
327.384
251.824
12.6612
278.245
237.002
251.915
318.373
381.875
1.41615
221.1
461.327
238.494
2.8598
132.309
452.135
333.863
392.621
322.825
305.158
91.4681
417.288
72.0867
153.707
304.97
174.584
461.228
343.18
283.346
301.403
438.907
165.868
181.516
117.391
258.962
391.34
410.885
379.244
371.598
308.494
323.305
278.399
116.111
29.0391
0.259953
371.791
289.762
456.917
286.83
154.477
232.884
419.199
361.545
121.441
239.676
460.705
164.98
326.676
209.83
0.837062
404.255
462.159
116.22
0.453881
323.235
423.303
462.278
141.314
40.2706
12.326
302.481
360.976
196.162
242.81
315.293
329.377
309.651
449.946
80.7721
223.921
0.118615
74.0299
137.097
174.142
257.609
96.6358
391.903
143.072
187.338
76.8685
374.43
149.25
351.032
0.296079
84.5397
89.6104
164.119
462.2
121.79
441.616
446.508
326.302
78.7213
0.682669
402.535
219.578
191.046
154.361
63.2989
419.591
338.023
73.2038
279.269
179.713
433.869
422.403
210.182
462.096
74.1449
457.798
88.6009
221.53
217.829
298.259
275.96
226.275
11.7367
120.531
56.7257
186.165
312.575
2.00968
454.359
218.998
127.876
52.4023
462.717
434.765
17.2323
149.206
23.4909
74.0948
228.467
0.292705
393.939
229.691
461.916
461.614
297.562
93.6992
303.44
460.774
304.29
135.796
140.79
175.155
386.209
316.767
185.865
279.514
173.606
10.1486
41.568
338.852
267.237
462.161
201.875
0.339725
358.925
457.73
60.3998
0.2598
167.325
194
83.8296
0.480922
222.574
330.729
372.058
26.7341
461.989
164.507
431.732
462.279
272.683
116.427
240.955
337.309
462.227
390.568
272.768
317.188
0.229638
461.746
329.352
316.602
315.428
417.62
380.546
461.637
220.315
0.233858
402.981
237.635
121.21
424.983
246.769
348.086
169.235
357.619
461.216
161.068
202.66
239.117
22.4859
313.81
157.966
67.6513
50.647
189.312
408.872
461.968
421.453
415.091
130.029
268.755
161.013
290.836
331.928
378.074
122.215
150.946
289.234
235.749
59.1674
360.751
291.467
373.579
242.564
215.343
107.435
402.703
276.492
111.542
462.22
461.929
380.71
169.936
253.526
221.952
407.242
313.113
314.359
0.841458
424.497
284.2
236.614
294.742
226.924
224.751
164.167
257.43
190.197
329.38
457.789
462.162
238.955
44.9795
0.195459
265.318
158.173
331.149
54.5188
300.701
260.138
345.891
460.614
252.785
461.522
407.17
246.558
0.372717
453.813
462.204
151.231
47.9507
319.812
0.535049
375.793
168.818
295.142
335.781
77.9202
336.585
356.384
0.164198
462.036
0.35283
363.187
309.409
254.764
305.279
4.7672
148.769
178.885
64.6179
263.737
81.0656
462.172
326.863
461.205
354.848
146.95
256.44
141.137
383.467
37.3373
159.951
364.695
223.46
316.53
233.037
430.578
92.7234
426.675
389.085
462.266
210.409
326.789
165.87
462.054
261.043
183.725
461.542
365.553
243.514
361.791
461.95
134.9
232.373
197.202
283.286
269.046
461.532
462.255
80.2421
226.912
131.579
44.2727
209.996
294.988
0.830116
462.018
97.8491
170.291
23.8587
118.49
432.039
100.487
421.551
349.29
87.6654
462.414
40.532
156.776
459.218
381.991
401.682
272.319
175.733
135.029
320.07
250.376
397.624
210.872
331.991
295.116
198.734
176.367
283.356
355.613
197.425
324.034
292.251
375.318
461.731
43.5224
409.353
193.974
296.339
408.797
61.3884
458.766
326.563
309.083
304.644
363.944
189.133
203.367
209.152
432.712
302.03
14.0715
200.801
233.939
393.751
165.459
311.922
461.71
155.431
164.515
105.444
54.714
95.5794
300.965
0.280651
387.515
446.956
304.246
291.03
27.0602
427.526
401.201
320.077
363.344
18.5404
104.818
0.616866
0.061225
316.664
351.489
376.354
246.299
415.246
3.29381
309.458
184.615
461.992
461.567
405.616
156.855
318.927
0.569695
76.8532
63.7347
41.5892
461.614
313.445
348.275
462.418
284.161
333.179
237.588
330.2
0.383519
191.673
267.101
287.599
362.153
318.212
260.706
135.013
357.164
130.623
131.368
114.105
182.73
367.446
303.076
270.388
0.151808
179.861
362.751
220.891
1.77408
329.814
148.174
397.361
186.452
361.879
339.763
225
462
461.983
75.409
461.99
149.522
200.205
293.969
314.918
380.943
186.803
236.971
293.769
308.672
441.214
178.98
401.78
366.598
143.686
462.014
462.241
284.214
222.909
335.089
260.361
205.269
346.028
407.117
267.589
189.532
461.953
330.56
9.19361
48.9928
94.3875
84.684
290.851
461.369
53.1254
249.916
197.624
153.534
73.6342
356.462
447.488
313.299
233.11
392.465
391.008
462.335
461.747
263.439
284.559
183.853
272.089
297.902
190.728
174.284
265.95
329.017
332.71
92.8887
126.065
0.875538
126.405
309.792
151.84
133.621
180.192
259.524
53.4422
9.47742
285.933
462.186
110.328
274.398
266.795
284.988
178.116
398.057
4.35715
279.213
299.881
9.10445
462.179
461.834
368.744
199.65
118.927
209.662
231.309
204.981
361.547
418.329
414.978
433.07
183.499
383.834
300.39
335.18
333.066
255.679
364.763
451.262
166.402
139.595
376.158
445.799
380.405
336.089
450.595
232.702
285.65
461.445
462.087
367.66
210.557
368.754
257.676
416.355
401.037
116.378
462.049
354.635
408.787
331.547
0.120956
68.5959
462.366
461.909
461.573
235.984
112.138
322.971
268.106
374.554
40.1662
164.957
75.4837
316.512
309.317
412.805
441.005
372.378
289.037
430.503
421.431
145.474
372.627
202.812
6.32648
461.687
395.324
462.109
0.174494
169.702
286.432
275.702
0.261215
389.821
239.614
278.324
353.34
418.843
359.547
308.495
353.631
378.644
61.5759
396.315
200.488
346.952
353.912
50.5477
93.3103
312.047
91.245
312.692
0.375394
273.162
210.246
375.73
461.708
106.965
334.496
235.307
96.6418
232.663
321.986
345.172
196.702
335.111
462.377
401.588
48.31
409.53
88.0699
462.027
268.857
276.637
196.943
80.0466
4.87659
373.957
461.602
429.705
376.617
462.242
363.119
213.872
407.549
333.212
87.5269
293.486
254.018
237.507
109.755
197.5
267.245
462.094
76.9564
241.038
21.364
178.196
462.263
462.375
22.2226
351.667
312.429
366.662
48.9169
102.247
274.466
461.646
461.013
447.639
299.212
112.4
34.1442
386.604
461.966
74.1117
40.1693
147.233
28.0566
462.184
462.06
297.376
445.499
453.133
179.604
462.751
235.725
259.23
462.904
259.401
61.8384
439.454
343.909
461.96
311.676
337.428
339.85
406.62
184.296
257.231
456.015
165.276
84.2647
115.861
395.174
391.297
353.946
232.181
302.919
282.938
233.238
227.972
454.886
233.003
-0.0630141
462.372
204.113
390.263
268.07
36.7682
317.819
1.80336
452.971
75.9793
297.966
458.928
462.372
392.851
413.157
434.876
411.211
155.792
0.627283
168.493
305.29
150.743
26.2699
375.871
0.454872
357.301
382.277
315.142
241.281
376.605
262.237
148.272
15.8145
219.34
44.4474
36.8458
297.517
414.443
368.469
461.399
248.367
70.9746
334.441
456.123
173.07
140.204
412.567
0.994145
437.503
314.286
435.043
449.908
290.212
107.347
441.597
282.593
462.274
170.768
61.1018
186.532
462.372
244.596
442.82
187.655
323.341
405.292
307.808
461.724
50.643
311.284
447.306
0.304629
460.705
300.599
90.3159
92.5349
162.094
423.241
193.167
267.546
101.132
0.297577
303.381
462.115
115.029
363.218
454.263
0.386796
403.478
249.65
365.879
457.671
235.247
448.99
253.469
455.68
145.53
341.163
378.189
440.512
386.967
461.722
443.934
213.86
253.307
134.48
338.041
396.654
71.8521
313.23
293.595
358.067
118.567
202.774
160.788
56.4886
406.599
52.8413
217.93
219.231
201.57
160.086
384.215
3.77302
462.052
0.200337
22.5101
410.81
351.744
336.931
121.423
348.629
23.3266
270.378
343.757
460.636
461.751
64.9194
264.28
106.808
391.604
423.204
125.974
462.104
76.5112
225.026
382.419
338.98
394.865
319.471
199.979
205.733
335.893
407.075
285.121
291.862
382.697
446.246
222.77
438.499
460.913
461.885
241.785
372.352
429.744
0.430298
320.811
428.19
360.612
246.874
274.863
440.527
305.733
164.347
143.481
30.3496
235.595
313.247
394.175
318.706
416.313
53.0141
308.114
277.962
447.37
355.957
138.47
162.197
461.896
345.825
297.978
259.006
186.753
461.944
180.474
100.813
462.095
141.638
1.1566
238.163
192.914
112.767
182.717
0.622969
462.321
227.512
214.947
0.0114246
383.918
203.195
320.494
268.96
56.7961
462.257
289.421
158.812
386.24
383.994
226.266
181.702
195.426
87.3442
442.785
460.522
425.878
188.922
158.246
388.7
301.868
342.443
461.815
264.8
100.674
301.13
359.416
105.298
353.255
130.163
0.265123
5.06905
293.875
115.158
120.511
20.403
0.0148996
136.994
98.0729
345.478
156.346
0.771669
102.121
19.0152
196.702
462.287
0.512301
327.027
15.0789
379.411
346.679
373.19
87.2963
440.484
205.706
295.456
6.28285
408.469
322.511
21.2099
0.0294943
291.237
455.372
239.981
362.508
145.82
132.678
279.355
127.031
294.503
368.221
460.985
460.068
461.818
305.871
98.3243
404.432
169.751
158.553
452.448
462.626
182.69
340.144
115.651
149.61
342.705
311.108
34.7342
392.476
184.594
159.402
461.858
233.733
409.034
388.456
187.123
268.015
410.294
446.554
105.717
453.558
282.173
281.216
244.069
257.632
343.948
276.924
416.995
68.4362
462.144
253.94
457.23
144.719
247.154
461.357
226.983
177.682
305.828
66.0844
316.458
136.162
201.714
46.9137
290.014
462.233
462.053
77.0778
197.422
58.4355
262.204
0.135599
292.534
116.915
0.90954
415.751
19.6974
454.539
267.014
37.0462
462.338
452.947
56.5263
380.796
181.857
218.082
195.662
280.287
461.239
7.51221
146.767
52.1889
361.109
373.535
423.954
105.057
241.853
137.364
450.862
237.063
461.749
264.324
115.973
274.42
456.541
162.633
359.557
406.446
436.604
0.175631
129.754
221.958
241.852
76.5877
135.081
200.29
144.362
462.226
112.169
456.704
63.0284
356.156
393.102
462.008
303.406
123.204
396.177
248.45
62.9773
130.627
444.523
166.139
55.4803
100.583
0.404724
283.968
273.054
402.648
152.034
8.90961
303.118
221.098
95.7707
462.064
266.87
366.223
87.0559
359.492
376.152
407.713
294.424
371.989
461.119
287.726
1.31116
147.451
147.571
462.21
56.6852
359.743
290.866
367.618
30.2161
230.279
155.032
395.766
462.297
437.251
377.216
461.836
172.504
267.92
334.454
200.49
265.081
133.692
337.473
380.487
330.706
319.134
0.17161
375.397
417.017
377.767
110.02
333.916
154.442
195.516
279.706
461.12
247.913
215.898
461.876
352.578
116.335
417.362
227.363
1.58959
-0.181845
462.242
329.823
110.513
316.234
333.365
424.25
111.974
418.563
217.415
418.871
119.032
341.607
379.17
193.81
1.37869
455.119
60.8751
338.073
347.372
462.056
421.063
0.259001
52.2235
372.079
1.81881
167.234
303.541
0.0771634
332.968
58.4779
459.337
0.268323
232.376
251.812
366.147
26.2761
240.124
311.679
194.694
304.359
362.582
393.131
313.147
182.57
346.22
432.601
316.896
461.978
410.184
284.318
461.885
0.081602
207.125
251.153
272.088
56.4364
344.732
50.6353
127.603
461.661
354.168
99.6796
311.101
461.328
194.699
398.845
368.085
71.7921
238.849
249.106
272.562
297.485
305.195
357.514
398.404
240.846
235.162
462.028
306.031
338.123
422.967
218.156
265.968
281.358
342.224
305.388
44.9856
433.509
306.342
377.725
341.985
0.712127
253.833
209.265
327.298
403.62
185.307
275.219
300.57
333.788
359.675
244.692
232.472
280.682
209.796
274.326
15.5565
25.0088
238.182
388.181
462.277
198.397
29.6202
260.779
174.8
66.0382
213.633
232.599
414.659
384.722
462.29
15.6682
0.681907
0.23042
59.6741
173.478
331.758
0.271636
460.959
222.597
199.028
