7.33557
58.3357
7.38356
7.39371
489.707
7.33645
7.89522
63.8914
7.39206
282.821
408.141
68.4694
6.82243
428.249
479.597
277.979
565.128
317.993
6.99726
455.696
51.5536
118.582
7.22357
472.603
387.376
453.551
523.694
161.66
152.112
121.984
186.098
148.492
204.254
144.725
231.023
316.785
6.33418
67.1582
115.702
7.17722
4.08649
46.6878
283.23
144.622
6.7208
6.00492
497.342
568.1
7.55528
49.6192
7.00299
298.98
55.0998
4.88813
16.2342
214.362
337.467
101.385
341.681
15.4934
123.564
7.09677
347.711
12.8206
147.785
166.891
210.81
337.921
315.237
7.43972
363.913
7.1097
7.04237
7.33067
7.5816
255.41
7.95819
7.03951
7.17246
6.70343
14.4714
159.475
252.96
6.94855
6.61453
7.07473
467.331
421.225
482.259
538.569
248.741
7.66673
342.059
50.716
138.165
309.151
7.69354
240.737
142.631
7.12724
7.49823
445.531
6.89441
13.0649
7.41962
131.633
348.851
5.53473
7.24049
187.146
374.196
138.546
6.63814
7.33302
29.8406
7.16815
429.178
391.446
106.91
133.012
70.3512
25.7277
366.506
163.57
266.718
7.59939
231.737
8.04717
41.8186
6.31666
498.248
100.605
181.483
475.577
91.5828
6.59458
373.69
382.396
473.715
78.5005
151.555
400.01
377.129
88.8757
228.321
6.9965
218.001
6.83113
174.796
396.936
509.304
6.85804
22.843
282.548
7.21629
6.4972
8.09446
7.6096
98.1605
404.432
7.01039
69.3291
359.785
422.391
177.126
248.833
462.34
351.162
6.9101
156.578
7.05386
210.641
155.256
15.8453
521.12
13.0805
251.126
7.42528
34.4934
180.71
489.988
397.008
78.4627
9.11581
287.945
288.467
310.48
489.941
276.086
116.553
343.976
7.19761
7.44128
7.20392
374.742
7.72098
155.016
7.68772
302.971
527.271
497.056
557.162
366.557
129.287
142.003
79.266
384.429
7.10118
220.621
372.821
6.92275
127.925
363.86
7.16677
102.198
4.9928
35.4641
476.635
557.993
10.3007
158.036
12.3221
310.485
7.07935
229.861
157.288
6.21328
252.877
7.70252
451.723
164.18
8.04658
28.2793
45.4224
524.265
126.455
6.94154
234.744
37.4266
156.729
332.479
427.863
7.3783
7.53185
6.74324
186.742
185.29
422.806
212.408
7.10387
14.3068
546.645
359.928
7.59565
148.07
445.541
7.1186
5.89339
190.038
44.4765
274.898
7.11847
7.05888
6.87015
7.36564
391.447
6.96035
8.39522
7.04573
87.474
5.80168
332.485
7.28425
233.02
35.7785
202.083
298.256
158.163
480.629
131.246
6.85119
198.434
18.825
476.582
28.6636
163.846
112.01
83.9744
19.6274
354.161
309.379
8.32549
261.736
325.747
137.489
7.77266
7.33458
240.196
7.12997
481.493
333.19
8.92618
234.408
7.48216
5.54861
271.751
382.26
568.246
7.10281
135.305
372.155
6.94102
415.897
295.493
366.685
377.209
96.279
398.411
307.846
327.924
7.25044
55.0219
7.52023
501.377
64.3363
28.5669
383.832
412.658
7.53606
130.114
278.54
311.874
433.93
353.923
127.876
36.4496
148.889
18.551
205.486
339.137
436.695
311.458
7.00196
465.739
91.4633
70.7689
7.30461
219.049
509.129
267.942
8.04404
7.30433
229.09
63.6486
4.97975
361.319
98.2274
7.52442
132.634
217.486
343.786
223.566
7.87269
7.06771
148.048
5.34388
108.971
7.35513
7.31071
220.619
6.86328
6.2952
215.263
7.35556
354.027
70.5633
131.597
176.536
69.2806
7.29167
286.473
6.08004
134.088
101.12
8.56602
216.331
221.621
176.439
198.439
6.77826
110.727
393.062
7.26035
6.07385
7.10819
105.754
153.48
88.2162
91.8182
229.398
38.9498
332.214
258.143
7.69546
43.3711
6.9449
15.0422
398.302
7.19295
309.454
348.171
171.912
175.253
7.30054
7.82228
86.4231
170.251
4.40591
237.247
510.683
459.318
526.577
151.428
417.918
249.737
54.3045
263.902
226.632
7.19693
86.7347
50.1748
455.013
7.06935
10.0637
9.64762
298.847
14.5842
197.991
92.5394
42.6965
9.20016
43.2296
17.5341
7.64244
87.5624
566.184
-6.77664
350.967
236.018
482.4
297.741
6.67119
7.14406
82.5114
251.91
234.091
15.9916
7.49238
196.044
128.475
266.079
5.23101
12.2787
7.86681
16.4161
111.426
412.583
91.8755
39.249
404.907
110.09
194.286
7.62763
147.623
299.898
516.29
311.609
489.914
61.6524
264.583
154.648
455.889
145.593
260.913
197.903
120.934
7.45745
112.749
310.318
397.342
65.5648
196.764
499.211
6.46894
7.53838
314.865
50.3483
6.76476
223.232
177.331
-1.2122
202.933
323.505
18.568
130.608
245.74
496.06
190.251
317.885
29.98
179.905
143.832
5.93234
423.63
320.157
435.756
6.94712
6.90715
432.326
47.162
469.41
100.928
173.998
7.62307
7.10581
320.805
7.63163
6.60219
248.66
36.0478
446.399
81.3734
10.9637
63.7924
7.97058
20.8987
44.608
16.0695
120.836
69.205
7.09002
73.4562
398.346
391.601
104.484
196.841
311.413
5.02831
280.744
67.0302
163.723
92.8706
7.31628
7.22971
31.7866
85.1235
402.666
260.265
401.273
516.111
107.5
463.833
226.413
198.368
217.37
70.9507
143.577
260.208
227.562
365.52
130.059
6.7979
399.985
197.561
512.569
147.392
7.80887
8.64965
229.479
7.16574
473.003
91.5656
43.8099
85.1917
381.437
378.698
198.903
7.61594
128.934
373.843
511.86
7.15614
275.312
458.416
401.328
156.216
42.9433
134.973
94.3064
147.609
243.792
144.201
102.725
50.8725
145.791
237.81
540.309
315.978
85.3107
7.36661
7.68081
400.244
464.273
283.333
140.188
185.157
7.08192
313.19
172.002
7.04704
380.596
481.073
7.91212
161.902
7.55875
7.90406
267.379
126.31
7.7359
397.893
395.482
190.809
370.585
2.20649
93.5648
7.42618
506.713
404.839
7.02367
217.894
305.079
6.76361
186.662
110.074
6.9838
7.75156
272.54
377.731
296.854
427.603
8.72132
39.2867
320.336
378.184
466.728
148.189
7.10648
171.663
73.9182
178.113
7.21334
152.529
334.535
380.664
7.38412
3.40698
209.228
259.922
280.514
419.096
314.697
170.825
6.92508
301.779
171.571
254.6
230.658
406.247
69.5472
90.2839
6.63008
6.8511
105.027
259.462
7.41615
463.23
488.167
119.123
328.785
206.276
6.62228
7.65218
9.27987
143.547
417.422
207.76
6.69467
348.4
15.6898
6.62011
498.925
49.3545
7.04013
186.802
525.667
7.12577
7.40718
489.501
343.681
420.132
13.7861
208.183
247.938
450.996
388.83
258.111
7.42282
114.951
7.51208
7.43624
7.59464
92.8293
479.931
168.826
269.018
7.16887
6.25641
325.085
19.1142
399.213
380.075
7.3099
146.688
61.0205
212.38
7.87277
5.97299
529.961
162.325
7.27081
337.993
30.917
297.917
215.716
305.671
163.307
222.155
6.68755
181.187
494.063
111.317
41.9341
326.373
325.266
224.78
6.89319
504.632
290.664
301.717
400.044
7.71806
150.623
387.511
155.919
125.295
258.314
7.13738
456.993
242.752
7.29974
94.2502
7.48659
130.53
464.285
6.90297
242.912
181.856
456.609
196.183
7.05883
376.008
194.247
10.0859
7.09157
254.347
65.0269
37.5682
7.55767
258.697
152.414
6.92458
288.557
4.85843
441.499
97.436
78.7026
353.866
284.218
325.941
182.046
501.657
13.6269
357.143
315.045
6.79591
8.32739
183.582
37.0052
6.74097
7.48809
6.70188
7.3377
134.117
6.85323
479.138
429.612
7.0165
207.311
283.913
344.729
6.04816
218.17
7.04772
348.199
159.006
332.352
420.016
22.0179
6.32255
427.04
211.109
177.539
54.0972
193.81
285.023
141.196
60.7341
228.316
7.26099
459.099
66.542
295.156
8.02773
192.567
8.41617
79.4129
439.575
195.417
7.23667
7.31267
220.285
148.667
124.921
186.862
397.53
196.777
22.0278
468.408
95.4848
7.23686
119.158
91.5847
7.01824
124.569
6.94713
174.589
7.03366
369.292
210.67
86.2855
341.723
128.789
233.15
8.04583
7.54455
203.082
6.96982
455.228
490.522
250.348
383.599
134.217
7.28727
232.924
7.24719
410.086
180.156
6.87075
6.92887
6.97077
11.0775
190.715
287.829
340.866
7.09264
59.6102
259.395
257.512
538.361
206.747
7.273
364.021
80.2165
458.605
150.499
423.343
-1.01381
233.194
159.205
353.642
332.047
160.563
6.62444
88.9927
8.17505
7.73223
8.77705
279.774
6.17934
6.75022
186.7
334.679
209.743
469.364
7.37935
8.59486
155.716
409.128
6.90095
276.373
162.578
297.147
7.19063
74.4682
279.886
144.086
6.478
152.164
527.019
129.266
6.97235
536.498
201.584
321.569
162.309
91.8755
476.607
480.164
71.7523
156.223
248.629
580.826
412.613
548.643
226.803
7.54618
228.339
6.99394
35.4858
364.782
538.894
12.8181
58.0653
267.423
203.624
115.174
339.876
310.411
7.01009
148.75
368.536
412.437
431.444
7.24235
261.902
49.0681
7.83729
7.89568
130.385
261.055
11.367
245.826
175.536
37.0347
7.23384
7.88069
7.72294
7.06333
7.06877
395.032
7.28127
569.821
7.1291
91.8299
320.77
35.8491
13.7347
206.339
422.063
567.085
50.5456
441.157
313.338
479.402
100.59
455.51
411.915
361.629
445.793
278.872
171.489
211.138
448.254
7.68227
489.594
7.78081
45.7006
194.6
108.832
6.53282
424.172
312.516
198.643
6.96192
47.8542
529.806
262.526
274.643
19.0003
63.438
7.0802
7.66148
334.834
174.872
235.048
458.786
325.862
530.606
7.06718
178.485
163.009
305.614
123.248
7.59793
154.503
5.98962
13.1963
85.7151
7.05771
198.65
281.067
58.3404
9.91076
277.003
174.069
6.84919
7.12144
137.857
308.32
281.197
12.6834
319.498
385.48
84.0775
7.28836
7.82432
291.062
495.059
203.377
88.1602
84.686
56.8951
564.78
3.82292
375.217
214.773
8.27554
101.325
7.09225
356.739
342.057
6.98315
520.694
290.443
503.442
279.784
175.981
23.5147
342.536
7.44962
8.6257
6.88042
6.78553
363.466
332.657
7.02312
97.499
294.007
441.065
492.05
418.515
518.758
259.475
7.73875
72.953
326.201
53.3399
372.387
359.144
396.937
12.2057
390.721
7.87444
387.478
259.701
7.50367
7.41447
296.203
241.692
7.07692
304.927
7.13745
404.797
41.4307
85.6903
209.336
7.22915
7.28318
7.41761
191.005
410.968
302.592
7.45886
216.166
7.15695
206.782
305.956
56.2263
17.0302
268.601
278.983
7.40899
103.409
256.431
236.824
221.313
536.056
224.574
169.402
371.473
136.274
333.571
71.6429
74.2518
326.283
279.179
46.1568
293.565
161.495
229.176
6.98246
168.369
428.095
116.208
91.4777
217.442
342.221
70.9432
6.96474
7.12142
408.166
57.2287
22.7209
199.77
56.9296
410.242
321.685
7.64351
323.652
22.3517
89.158
133.991
368.987
7.07958
446.528
69.0183
511.171
146.801
7.48717
26.778
102.082
415.818
223.367
109.861
7.66536
105.866
6.04057
167.838
6.51806
7.10343
290.579
480.21
7.00149
7.03109
184.543
213.352
143.244
115.711
394.718
6.8637
126.138
10.3213
11.3819
530.724
361.788
383.728
243.888
10.5156
406.174
70.9576
425.547
415.868
7.56906
110.01
15.3435
61.8081
138.169
420.738
30.0564
7.59605
252.326
19.9104
193.729
308.04
321.7
18.4356
6.9889
232.714
9.94174
8.1524
101.017
239.948
6.62405
7.58128
25.5547
6.07141
179.56
52.4315
7.4364
269.801
8.46655
7.83516
6.8888
93.3554
7.20362
7.04475
397.703
7.66191
6.80061
158.715
84.1102
346.4
119.439
71.5497
7.41931
310.924
232.31
122.037
39.1267
185.769
7.42941
60.4893
24.0889
484.719
23.4594
6.96776
-0.0122127
90.6237
423.753
219.521
349.184
261.295
7.50643
253.32
7.02712
16.5551
174.489
464.767
168.693
7.57423
6.82419
272.122
7.33492
265.108
370.409
360.184
446.394
32.3444
508.204
6.87703
398.018
6.80358
325.153
385.219
7.1906
250.969
179.571
210.939
343.526
185.1
7.60938
266.904
7.08834
367.401
7.2659
402.741
6.91979
7.01917
7.65467
473.944
6.32004
131.162
113.918
83.3119
16.5727
171.412
217.498
224.873
7.11959
531.349
185.707
4.49569
9.29654
259.476
7.40839
6.93986
52.1507
403.957
44.6774
133.023
216.337
147.045
188.08
424.943
3.28947
15.1452
276.903
562.723
257.621
35.5762
6.7627
6.7723
7.12875
8.05242
228.353
7.14822
154.441
11.7153
81.4304
111.088
158.258
334.191
8.27083
265.277
17.6336
190.172
173.414
8.13953
331.208
395.996
7.24101
171.373
326.744
454.135
264.741
6.90127
164.711
7.77257
512.277
45.246
67.014
16.1349
104.059
308.138
385.808
7.49708
246.005
8.11004
98.0535
245.596
6.29073
210.452
236.269
257.841
263.344
515.514
6.6719
82.6719
268.685
472.453
24.8831
162.625
5.24112
233.472
85.8197
401.483
214.438
52.3585
7.40347
166.981
42.7395
243.463
101.23
279.404
164.161
9.4571
202.449
421.777
7.39884
7.41065
250.882
547.194
79.5543
116.988
469.339
325.451
241.322
7.11037
7.29811
538.384
6.59164
17.1959
451.197
290.161
192.915
234.234
219.615
368.477
319.71
446.509
417.356
7.386
6.89399
372.216
274.201
25.8313
111.799
7.48009
7.24184
169.764
353.62
212.819
6.18227
407.697
107.977
473.12
2.80557
469.23
367.162
154.28
6.84153
28.0184
180.835
5.70641
410.535
-269.874
21.0831
6.2253
46.8387
415.416
440.713
182.767
224.462
434.358
9.562
28.0675
383.305
6.39199
8.71295
7.67077
285.952
226.972
165.266
461.778
102.508
358.871
83.7995
502.058
383.331
328.89
173.047
138.9
6.97034
6.97668
40.3094
7.93478
7.7424
7.77299
98.2888
7.49434
7.73923
50.8767
33.8402
85.7271
152.024
458.995
6.75766
216.284
8.14911
200.826
367.061
159.408
326.508
21.8857
93.8384
182.097
134.231
157.304
295.75
264.003
7.4608
5.00622
95.2343
23.3598
6.76189
436.423
6.24453
86.2192
334.419
7.40236
7.26752
201.514
79.2341
68.1666
90.7881
203.848
19.4839
457.3
20.9597
328.789
91.6624
142.829
6.14507
73.6317
281.85
413.71
224.067
7.08385
389.621
54.1512
248.871
22.0784
289.458
231.587
102.103
8.79883
293.343
442.521
293.322
196.163
426.677
156.093
435.628
119.662
7.99836
7.59413
6.02433
6.89289
87.3824
128.889
263.682
413.114
188.438
168.288
6.80799
65.4139
119.452
8.16888
85.1988
411.932
7.35776
69.5327
143.792
279.371
145.9
74.0544
232.135
7.72659
205.88
48.7257
33.2239
7.46952
240.855
375.573
299.387
170.767
50.6956
400.251
7.43109
277.31
550.507
5.06971
432.924
241.978
7.12618
345.864
288.514
5.2658
48.7976
7.0214
150.177
252.555
68.8635
279.583
304.088
55.0146
410.214
428.669
331.303
7.45156
7.11468
64.5409
299.22
362.303
29.0609
6.73392
362.962
113.062
7.66919
45.8417
116.833
9.07922
492.952
460.184
255.122
7.05362
7.12394
200.453
110.704
243.566
5.80373
510.214
94.068
7.21075
31.3945
516.626
261.287
470.804
298.121
350.8
415.972
29.6015
7.2865
233.119
6.07725
253.629
148.792
284.295
367.8
188.828
7.06035
283.327
292.896
7.00225
412.549
210.347
406.05
7.35841
238.179
23.6454
112.726
7.14109
234.126
158.15
564.595
7.42564
156.268
67.9926
342.776
7.80062
180.109
210.471
6.94999
569.244
3.67196
432.599
590.224
7.71469
156.401
451.078
118.592
6.95805
7.25559
440.65
148.933
125.488
6.83607
167.06
280.754
6.48014
328.4
418.096
281.502
7.23586
43.8794
114.033
203.136
200.975
338.21
71.7577
253.294
286.641
14.353
64.6044
7.44494
334.594
6.8061
327.116
444.075
408.339
475.965
7.25783
7.29188
253.567
6.58288
8.81253
367.053
493.636
262.135
414.692
359.769
452.646
452.943
317.339
30.8111
8.05091
152.589
7.07187
233.504
6.95833
6.83843
38.2616
7.24082
485.027
6.81978
6.84691
7.52792
226.846
6.75706
7.45323
197.443
7.36508
218.702
75.0298
39.7668
7.93373
7.41042
490.346
116.701
139.344
163.418
61.1982
125.766
7.34061
134.895
146.208
7.51224
211.86
507.886
7.03038
6.88899
3.52039
7.02261
229.556
7.11176
258.997
409.615
47.5396
7.46496
84.7888
355.251
136.62
24.9895
241.776
6.8718
60.3433
9.60647
186.062
6.96344
29.0516
182.524
404.272
287.707
178.303
305.654
102.66
484.519
449.578
25.596
441.012
509.871
77.1433
188.674
7.69421
6.54939
5.98433
452.319
7.61196
26.864
302.993
15.5922
13.3663
64.013
430.257
116.835
6.92366
433.469
6.91836
6.99441
175.938
83.355
371.87
269.374
400.567
302.315
441.069
274.208
176.008
227.386
440.803
315.936
282.072
515.337
35.2749
6.67249
284.849
86.2601
7.29551
502.298
7.14477
294.937
196.544
9.93043
310.706
296.467
336.805
89.6081
360.782
108.537
6.96618
8.88717
27.8318
8.39515
7.88858
104.354
261.949
7.3516
169.316
315.168
7.34486
102.786
7.69139
7.25707
470.92
341.958
319.49
190.293
283.71
7.2925
480.003
9.15825
493.181
401.288
139.7
250.173
267.262
198.003
433.38
256.312
16.7575
377.834
313.05
409.065
298.093
147.615
316.479
107.402
256.244
7.26686
439.751
450.471
151.542
182.332
7.44946
7.0908
7.09782
278.585
211.524
273.472
21.3113
6.84177
211.174
7.05477
92.7947
7.23596
109.172
408.733
524.733
7.11006
451.183
125.067
431.907
236.47
178.93
274.986
7.60652
362.31
281.579
434.579
46.7299
157.415
35.9645
84.0988
134.723
6.49675
94.9829
441.679
114.167
438.868
71.5335
400.275
243.252
432.824
498.072
574.875
220.76
197.349
143.125
161.188
77.2251
7.08419
7.16713
55.7301
286.63
256.54
312.713
26.1784
154.023
332.563
43.935
365.117
303.141
167.413
205.217
389.609
5.69587
240.16
291.841
199.243
13.4814
558.327
8.57296
95.946
7.50163
196.232
395.633
375.311
9.30844
453.272
147.728
6.79894
7.01092
326.254
84.8776
6.90445
12.244
101.761
51.379
220.66
6.86368
62.1994
35.242
7.0622
543.354
6.10904
6.96445
104.217
252.258
78.4438
140.399
315.03
16.0243
205.059
203.427
7.38148
472.112
449.322
60.1799
269.066
430.478
164.666
222.613
347.687
437.697
345.491
15.826
276.33
267.131
262.452
294.083
7.42279
78.9554
116.425
449.474
339.56
271.954
221.054
7.05655
6.86137
74.7311
287.277
38.9191
464.802
6.9862
185.503
7.02238
517.373
435.957
518.359
125.049
89.4272
244.538
243.669
8.88593
7.97698
160.682
441.889
434.904
397.197
315.685
7.43906
445.917
248.964
7.20056
194.654
244.26
152.746
7.16381
7.34042
7.17785
373.787
166.038
84.581
259.642
6.90706
231.923
22.7964
249.066
7.59416
142.913
7.54773
7.10899
385.467
7.20888
332.44
373.421
8.13604
28.7835
157.696
344.588
6.91842
7.54479
54.7278
68.4638
91.5788
185.867
353.13
7.06545
132.959
298.691
22.6287
22.506
6.53454
485.876
518.611
234.647
19.2498
538.889
537.454
185.04
465.612
552.133
55.9709
244.647
275.325
6.9723
7.30396
6.92817
242.897
454.555
278.892
120.786
41.1571
99.3565
31.0024
42.2569
7.58818
473.435
321.149
258.622
151.852
396.777
7.21304
28.5398
193.97
340.246
115.914
213.395
398.589
33.8484
285.208
108.783
354.553
276.217
6.67255
505.711
265.316
7.89121
279.96
87.0864
106.74
285.804
7.49172
234.146
8.09284
375.507
51.2884
188.016
16.7882
109.452
5.44542
170.131
421.252
94.55
7.43496
82.025
42.2104
7.31513
64.0054
9.01197
6.62493
23.6095
25.3402
6.69164
368.56
37.7114
321.819
238.025
7.38751
3.17743
442.563
7.20743
4.75127
98.4033
7.11364
225.104
294.208
71.3811
6.42812
151.149
7.50303
126.519
6.68452
478.531
7.38836
96.3175
110.948
202.841
7.63006
100.094
235.641
385.121
462.476
7.06158
141.766
459.765
323.028
388.686
7.9219
168.02
8.46617
430.819
235.898
14.3398
6.59871
330.504
337.789
298.614
206.827
420.238
257.898
279.472
7.47328
6.58286
177.471
138.217
355.525
7.82041
8.08343
247.386
6.68289
212.606
209.556
162.497
57.6029
229.501
273.256
7.10807
469.298
7.17356
189.059
7.9642
115.884
6.95785
291.545
8.46552
50.2646
73.2372
280.554
109.445
413.71
8.28289
8.72614
322.837
6.63045
7.1446
7.4132
277.223
308.736
407.601
121.03
7.20843
482.294
293.153
9.24542
186.997
301.805
528.996
44.823
477.502
7.83118
7.09825
462.764
250.996
357.362
23.0616
30.4784
7.71249
228.424
224.562
254.392
84.3992
206.905
152.673
48.6627
7.06522
411.104
7.94403
303.876
243.393
6.16832
357.337
323.03
302.922
70.0359
6.90338
140.323
103.279
12.1829
368.802
480.984
181.466
273.886
365.827
6.63817
231.932
101.703
36.5084
184.084
441.771
323.629
7.55245
7.64702
7.46099
47.6186
7.01953
120.522
333.326
7.7988
94.4743
192.538
38.3664
10.6559
419.561
47.96
19.2273
15.5757
9.16299
7.33625
421.938
55.8002
7.22581
15.0048
7.28525
7.24892
98.7201
49.2522
375.032
50.1494
6.58307
356.582
206.443
168.864
7.89186
173.209
43.1722
128.596
7.0765
10.2277
440.297
69.9128
6.93625
448.79
6.64453
8.22707
455.33
7.49071
7.70695
309.806
189.581
6.52178
368.835
151.492
7.05764
160.573
7.50738
142.475
74.2568
133.209
203.807
7.12312
7.08428
321.534
320.461
395.457
269.519
78.1044
208.241
60.7022
322.505
254.463
82.1669
16.6336
6.66938
6.89103
491.913
406.136
6.22009
189.481
137.356
6.49889
14.3556
63.0151
110.687
357.734
69.2087
10.9369
123.439
365.476
6.79694
6.96095
256.536
394.423
7.29825
122.82
128.27
255.331
165.542
118.005
204.967
6.88048
244.147
212.068
512.674
454.204
254.352
107.436
396.873
214.052
359.865
102.449
337.99
319.419
235.731
176.339
51.8496
164.41
7.49391
441.501
340.183
503.617
128.883
7.03314
152.142
163.98
7.26334
187.627
449.421
237.628
385.808
312.784
7.09827
238.646
218.237
419.815
165.512
12.0979
7.41093
359.615
272.727
207.203
368.832
272.555
127.709
7.5116
98.7959
205.682
359.882
41.261
137.782
7.64435
132.876
158.998
6.93613
6.99404
6.65565
212.031
134.176
150.854
176.227
397.003
467.89
108.89
167.869
436.146
7.39929
223.566
24.3149
244.17
286.203
7.749
160.375
7.19764
8.30352
178.433
237.751
306.027
180.36
474.515
252.702
195.064
531.921
4.26124
331.759
417.993
356.281
327.742
161.862
345.268
75.3001
7.65834
97.069
90.4507
7.13216
259.161
533.31
442.741
141.617
23.9783
186.779
6.99063
4.80566
8.13766
44.7649
145.668
7.55755
115.943
15.2892
260.988
25.6941
6.98656
84.3434
121.319
37.1481
240.477
117.81
281.139
94.7592
154.028
153.346
2.84134
280.146
8.11145
395.036
74.0957
8.32517
285.67
66.8477
240.684
463.398
7.46325
7.26182
168.589
6.9129
176.159
513.442
581.983
10.0904
92.1596
11.0076
7.48416
6.83578
28.0768
7.80729
438.669
105.386
7.18438
147.024
327.767
5.72717
469.669
6.18105
124.107
7.54221
213.895
299.047
243.325
7.4663
453.381
166.687
87.5368
7.55697
249.782
145.72
7.03875
189.081
247.418
7.84266
490.385
448.988
64.5715
7.09293
6.644
173.726
250.402
504.281
382.15
7.31004
6.97385
7.82085
288.336
14.4854
6.86612
184.258
74.568
7.31305
8.04611
38.7574
559.742
118.117
31.2806
164.251
492.917
7.6258
106.297
456.455
249.507
286.778
201.247
113.465
116.661
398.377
413.151
228.473
4.90893
437.094
406.744
399.095
383.732
236.581
342.385
123.025
7.49805
6.88354
72.9036
304.891
143.624
5.05419
44.5689
58.4067
3.33016
9.20163
447.549
135.686
314.833
188.59
6.08021
52.591
346.324
247.066
73.1413
6.81216
98.3609
215.924
290.493
174.9
388.839
7.12672
421.796
37.4747
172.184
5.94498
6.7527
7.26332
6.85109
146.319
96.64
307.171
7.28479
187.955
7.85021
114.409
7.56502
7.2264
7.58992
6.87015
303.445
365.8
11.6459
210.28
7.00277
354.793
235.038
367.829
35.2007
61.4804
535.444
162.504
350.211
378.438
130.173
120.063
7.69323
271.286
6.89336
289.303
93.5088
390.756
355.387
6.8508
7.3263
159.324
165.719
114.618
84.2124
71.7084
7.64538
335.062
268.271
7.11834
335.78
352.721
316.352
309.715
7.22757
6.97363
281.585
323.191
78.096
318.927
174.043
7.40261
285.968
293.093
7.62696
387.211
286.683
243.957
466.337
521.891
469.482
131.813
7.91107
424.904
7.3601
483.723
8.5048
335.208
146.277
6.8787
51.0754
163.713
382.674
7.20138
222.79
405.038
380.921
7.39438
403.539
110.523
366.538
7.45455
205.299
369.535
7.25602
195.958
21.1761
92.8375
416.02
143.12
244.01
338.583
6.04763
4.9012
114.91
33.2997
378.248
377.853
66.1271
20.4992
325.29
480.737
46.4151
6.64757
7.15012
7.42648
6.66788
6.84006
41.7086
6.86139
287.676
185.901
7.36438
161.656
7.01613
377.806
328.629
4.26482
7.09079
360.701
8.26772
7.32591
13.1553
7.2586
340.323
48.0817
97.4143
230.977
110.881
130.139
330.629
412.164
6.74955
6.71507
318.112
179.819
29.1552
455.482
183.128
474.624
228.5
8.91102
7.84078
349.876
179.742
32.6489
6.96814
231.995
6.95456
196.176
79.73
7.56886
242.271
389.929
248.548
176.097
60.996
168.232
233.281
125.191
5.69784
6.81219
148.293
7.4673
113.413
160.323
6.86641
120.951
418.431
214.316
283.19
94.4484
223.087
64.3382
179.068
352.609
59.3756
7.0193
7.60886
7.24382
7.08294
452.738
342.486
136.659
18.1318
394.908
500.315
269.067
9.43463
6.92117
7.76736
179.323
197.231
54.8214
126.774
98.0146
506.645
256.111
4.72327
7.43874
316.383
260.874
568.738
351.23
7.19342
153.921
23.0121
322.646
43.7446
273.735
196
209.531
244.516
323.828
275.708
154.279
178.035
29.1285
5.55221
456.261
422.001
140.397
480.571
7.45734
269.217
165.082
485.688
92.2395
524.776
69.6352
7.38396
236.504
277.553
238.125
6.52462
55.2822
323.281
235.769
150.247
505.723
6.80866
268.791
58.9957
7.27498
393.257
247.176
361.902
289.21
81.9579
336.161
57.7631
349.733
175.448
48.2648
53.3199
349.104
283.771
6.91938
7.4147
7.10345
7.04004
245.649
54.0368
41.3706
70.052
38.6212
273.569
280.236
20.0576
144.884
410.629
7.27303
247.895
236.35
7.26364
352.729
6.91935
7.27899
9.60016
85.8166
354.308
173.1
13.7038
7.48574
7.96231
177.827
6.77204
120.893
7.74828
92.1872
224.13
289.016
8.12722
451.959
163.885
368.459
7.55849
557.723
241.558
101.882
95.8484
7.18702
323.182
406.555
319.083
6.86424
278.625
303.177
145.149
7.88248
190.147
391.381
9.43107
462.487
115.616
11.5567
60.5549
320.696
9.50552
79.8585
347.596
7.35692
139.934
327.987
6.82845
478.695
211.474
236.261
289.682
234.934
207.332
7.32158
7.05696
154.141
208.181
171.02
7.33245
8.2324
260.037
7.06002
207.873
493.798
150.33
99.1098
337.571
99.4074
355.342
251.91
414.325
6.15871
136.983
7.09095
7.03504
44.8731
7.01746
463.477
7.01708
228.199
6.91989
8.0945
7.62873
216.341
429.185
452.176
229.903
98.8209
511.62
360.438
75.9113
28.3443
7.1463
270.923
242.641
6.99058
206.734
90.6739
209.289
4.72623
27.6176
490.047
411.86
189.453
414.066
532.629
399.362
504.102
95.6809
22.6434
7.40144
120.191
7.15044
8.48529
10.7186
16.5224
431.427
7.56671
7.33947
343.215
174.978
30.9874
408.199
7.67153
123.666
544.675
7.15463
208.035
35.6901
42.5692
336.97
9.31414
246.066
138.956
39.9254
573.69
6.96212
156.239
9.31708
132.326
172.366
441.777
266.908
7.2838
28.485
7.9984
400.591
31.2759
25.2414
164.192
224.211
7.29966
420.321
267.036
343.548
0.367009
161.589
487.342
7.53748
6.2644
260.943
7.38602
157.885
7.05856
47.3123
326.274
9.36635
360.398
7.36151
274.744
6.69115
137.325
8.75864
24.1945
6.90459
4.41665
91.7173
212.412
138.889
7.64104
6.92806
371.034
7.54981
6.03891
85.2446
442.753
7.19214
269.723
446.568
303.553
6.56718
361.9
7.2513
129.392
5.42199
12.4721
6.1749
317.001
230.945
170.605
336.365
7.17429
442.564
35.6583
395.383
377.528
457.864
87.6697
196.015
7.2613
68.7688
176.779
7.48121
414.888
6.34787
55.4125
7.19459
193.249
5.93949
221.94
7.40937
209.324
176.715
395.938
358.087
301.254
250.529
298.326
386.763
571.537
7.34148
266.083
350.694
7.56008
5.46283
5.52204
6.75884
92.5348
7.2807
89.5347
97.8618
7.15381
247.753
303.032
62.0732
188.273
8.84819
6.92311
143.384
7.35358
420.203
150.6
339.782
412.864
62.9846
213.142
246.764
402.737
293.47
375.538
355.171
77.8473
7.42175
137.975
64.8261
62.6441
7.15708
56.4027
223.595
8.73924
7.38244
319.086
7.02474
298.868
6.9769
8.11632
433.99
398.02
454.205
46.913
44.3624
135.199
6.72919
177.973
547.642
168.851
188.996
7.591
5.14147
372.309
57.0237
176.82
10.8066
533.824
177.69
249.277
108.279
18.33
304.851
184.163
548.943
271.386
7.51257
293.969
421.553
311.729
7.07171
306.401
7.32277
6.73116
32.8534
35.9801
4.74714
7.34157
380.281
164.94
353.23
121.111
7.24349
22.5914
7.94215
457.878
10.2551
177.19
106.793
6.69336
136.737
97.8517
214.553
11.1805
240.028
163.145
-10.0048
247.407
275.354
7.42686
160.923
79.2077
6.99891
445.714
70.327
50.1811
397.75
455.992
7.75877
342.47
186.178
7.25916
229.256
7.09791
58.8574
401.865
7.9478
5.86045
11.8606
6.80331
203.477
278.78
445.246
174.969
7.49611
7.14727
97.6082
9.36951
142.077
426.023
86.5348
471.659
485.717
182.172
236.324
455.251
112.805
49.6808
7.44661
7.48485
7.13168
411.374
476.318
393
234.135
243.743
72.2005
190.015
341.557
285.853
238.938
385.971
306.214
363.4
405.79
249.774
240.646
200.026
7.7695
269.812
58.4666
335.872
420.638
7.10636
7.35666
495.757
219.553
316.068
446.753
400.718
25.9041
201.682
22.6213
415.795
326.721
373.916
85.6501
348.429
239.822
322.535
7.07622
2.46313
303.805
286.846
457.144
258.141
406.305
241.308
411.004
54.2906
484.8
247.468
146.808
401.206
265.953
7.76702
510.053
5.97841
27.1421
376.375
35.0708
7.42606
32.7071
7.12046
147.013
236.494
199.304
6.80938
198.667
113.907
407.543
244.223
292.104
129.414
470.827
6.61054
7.24285
100.187
193.333
58.8493
7.05337
9.12347
53.5931
144.829
39.9731
83.9802
204.317
7.85311
95.9579
7.22735
78.982
6.27113
7.8056
195.487
579.505
6.75002
50.2348
161.389
6.43546
77.5324
452.346
148.845
6.61767
2.20369
447.284
13.3008
343.047
9.04559
415.035
6.15475
7.4474
35.5165
410.058
130.344
178.818
4.54091
230.585
7.65479
255.422
46.7486
102.148
12.5707
439.491
179.285
467.473
6.04017
7.06538
217.449
324.127
41.6461
339.866
19.0096
187.35
563.1
14.5205
498.432
8.54127
296.264
345.848
336.375
7.10935
233.763
6.70365
243.562
239.184
8.04101
7.13266
169.785
261.998
5.48934
7.13472
381.573
203.127
381.95
53.097
132.955
7.84278
7.71473
200.062
135.905
232.452
42.3605
7.32341
8.03645
56.852
31.0586
280.608
478.194
135.683
7.05531
373.927
507.824
7.35854
96.0824
7.43699
44.5147
488.646
6.41418
266.515
193.078
184.098
2.99526
7.13593
229.15
8.29789
239.229
305.616
7.56672
475.298
7.18475
335.762
9.12125
517.581
247.576
111.938
454.051
389.319
7.02409
58.9419
195.577
7.47872
168.123
7.0884
9.09657
69.2074
142.949
454.243
177.256
234.637
6.97115
477.898
423.315
227.593
357.69
580.761
7.408
424.047
427.702
301.162
5.08841
391.847
309.644
4.28259
68.1821
252.316
434.924
6.68859
7.08748
84.5797
248.212
211.156
157.653
489.155
280.919
326.697
7.95493
143.092
271.45
155.753
93.8063
79.7918
499.493
364.207
81.4288
109.572
333.65
5.59786
541.912
50.7738
-7.52606
46.1618
161.173
418.782
7.08029
7.76115
66.8687
431.626
7.86027
259.165
325.096
5.91749
7.74395
466.257
148.637
211.542
258.869
170.201
7.19187
487.256
149.906
421.826
7.63462
364.038
29.8641
95.7167
103.683
325.692
350.011
7.71886
7.39685
7.26476
78.2514
182.011
7.29283
145.997
6.54559
73.3484
7.1717
388.407
6.22015
222.42
418.665
87.2465
10.0001
178.781
7.46226
289.333
7.19397
123.28
356.83
193.496
-107.583
280.489
184.661
456.611
214.975
326.842
352.469
52.8072
408.169
391.322
7.6268
283.745
504.331
225.935
231.141
485.829
239.621
265.482
7.36786
383.953
113.464
161.947
107.904
310.846
378.913
459.848
221.705
378.042
162.785
117.425
452.93
480.627
110.258
32.783
287.669
432.91
316.982
7.0251
9.08042
329.635
66.7982
143.251
18.8594
7.55245
404.747
7.40529
246.815
419.289
466.001
292.53
33.3324
59.8648
465.669
7.82267
107.032
457.629
7.50296
544.247
38.7718
7.09966
364.855
43.8532
6.98306
364.238
49.8348
7.05902
381.945
94.6342
7.27516
257.459
153.444
535.853
265.146
439.228
445.631
7.11925
329.107
476.652
7.64029
140.03
180.134
124.315
244.419
111.542
7.08302
162.284
7.56399
387.787
80.6302
219.926
434.115
108.242
41.7991
337.033
7.38678
7.41377
7.25676
352.313
96.3274
151.612
6.93139
6.61735
20.0634
254.942
550.172
163.423
455.71
460.309
206.352
364.17
323.065
10.2694
300.533
293.335
400.535
409.525
296.256
504.676
272.519
118.099
280.436
290.592
564.508
6.77442
318.662
115.921
25.5939
231.239
7.08592
380.599
416.261
498.043
346.577
217.179
7.61487
88.6943
79.1306
506.91
6.94351
40.9744
52.819
355.148
7.55311
401.41
264.287
6.84289
6.94204
6.90716
132.257
347.556
394.33
222.26
94.9181
7.75532
375.613
7.53216
7.39282
399.124
461.49
461.351
452.295
6.52163
14.6845
7.30344
7.64619
62.2293
282.5
7.65409
536.056
7.20922
12.4329
428.146
7.52058
7.11049
481.467
32.7165
49.5448
7.11387
550.33
7.4954
14.0365
7.38102
49.1493
7.67918
91.999
251.336
242.458
15.8349
514.908
228.906
101.031
364.321
6.43848
544.021
151.962
390.733
109.623
255.372
282.253
7.014
188.248
17.3139
424.531
384.342
284.879
8.16045
193.932
221.822
7.55925
474.211
189.078
108.744
38.8463
143.659
388.102
441.957
389.729
7.80893
312.904
7.25365
169.769
298.296
116.668
519.617
111.71
349.847
21.7904
365.152
184.327
6.88586
250.279
7.51828
75.4685
6.7613
215.704
30.4087
103.203
162.381
6.92417
7.37933
35.9915
466.646
6.92835
8.52772
476.426
288.582
352.115
8.50992
447.613
7.698
305.172
256.768
265.434
353.538
245.636
169.194
82.9199
12.3956
16.5646
373.19
158.732
103.776
42.5176
7.22839
298.191
458.079
198.014
23.4386
4.23814
145.196
498.889
7.17267
96.5933
35.8625
7.07602
7.14376
17.552
136.855
364.259
296.142
10.9239
350.837
233.783
62.2376
229.493
79.3759
243.694
452.735
6.62053
187.174
9.06382
341.113
357.088
6.18442
454.728
7.48461
6.68461
5.52382
202.85
198.962
51.6804
97.527
7.42137
33.8492
158.925
152.177
161.043
137
265.574
113.287
10.4347
10.9382
203.911
542.046
13.8429
482.816
531.413
466.092
7.07756
361.992
53.5147
7.11352
7.26333
460.967
215.028
286.119
20.9982
230.666
6.69181
38.9259
54.2484
181.339
43.1275
178.324
312.062
220.992
158.445
31.2604
312.001
346.618
24.6592
-25.5294
61.8382
184.311
97.5454
220.102
42.7826
150.042
7.06019
7.64856
9.01825
207.255
391.31
500.959
199.062
235.326
10.0525
8.00005
93.6237
317.256
345.557
150.564
370.702
374.073
71.9573
204.196
7.02486
262.303
7.73197
439.067
147.304
558.039
378.413
531.352
47.2924
7.13161
154.069
94.2459
276.977
357.21
226.131
142.049
7.73195
7.07023
363.643
6.97618
7.67317
232.151
537.787
48.9294
566.471
100.79
425.662
283.561
122.883
157.328
7.1049
318.863
313.03
7.55279
7.96516
528.822
78.2391
195.055
356.185
268.126
253.941
181.983
28.9623
7.08752
6.38866
283.285
7.19058
7.27473
8.66268
6.92211
541.614
312.671
27.508
140.77
415.678
7.03332
168.253
349.885
84.5272
233.034
92.1932
99.8816
61.7159
19.0002
471.941
287.89
478.617
6.45027
370.356
23.1199
7.77034
100.224
244.161
293.887
7.056
187.963
67.11
500.636
200.135
12.4132
278.311
281.927
5.07198
436.749
361.093
359.992
6.75781
308.086
475.804
484.549
8.06283
411.166
251.557
117.302
172.723
480.784
220.687
129.63
174.139
7.33077
8.03319
229.035
7.44957
186.605
7.47322
15.3052
7.08538
61.2432
9.48304
234.91
187.238
352.647
435.538
373.891
7.04906
7.86951
250.568
31.2121
18.5058
7.69043
6.8626
7.25548
6.61508
26.7
5.36628
73.3254
345.235
267.26
358.634
7.03545
58.1874
96.1079
389.532
197.664
155.856
133.392
209.22
85.7551
4.83128
404.417
285.025
206.742
302.762
7.62469
44.2962
7.71025
283.46
240.636
12.4571
79.6726
322.317
7.37006
238.562
205.807
247.358
178.655
357.35
103.947
7.23678
63.7799
64.1289
323.962
160.04
120.637
469.856
7.69749
277.849
388.672
504.424
187.296
8.09303
181.08
4.15298
430.714
472.735
264.356
234.339
140.334
202.152
6.04876
34.8548
142.624
5.41367
7.23253
463.987
173.121
262.067
6.33878
33.0669
72.6152
425.071
7.07674
17.9877
342.831
7.29124
85.0457
488.991
7.43618
276.085
514.677
12.1188
79.5426
352.545
314.476
543.771
9.79858
453.51
313.258
64.0341
7.54835
7.17095
142.043
7.41695
546.114
277.041
228.629
38.4503
198.161
312.067
285.901
319.074
7.2517
377.814
6.73911
39.4705
155.957
200.055
371.813
208.026
71.5436
5.77237
5.34152
428.643
8.71061
218.699
15.2904
45.908
517.073
59.2446
310.486
241.206
491.296
98.7619
407.161
382.958
7.69855
7.27949
482.215
368.988
280.863
7.12304
7.28092
4.90135
6.9059
245.902
163.089
285.629
49.0906
373.771
45.1359
329.923
367.102
48.7502
126.035
71.575
273.788
37.6251
230.475
50.0167
398.917
6.86471
290.279
8.04589
7.18473
340.498
6.96849
6.78536
42.8066
6.8378
319.637
283.932
183.464
79.8621
303.958
90.3165
74.6105
262.175
152.802
7.45755
7.10112
118.927
