203.689
213.4
139.945
304.625
251.756
350.123
194.557
129.604
222.958
192.519
279.589
290.351
401.385
61.0207
282.974
137.525
267.902
69.9333
245.328
349.352
273.895
166.806
246.385
41.4439
331.165
214.241
249.388
274.545
182.009
215.399
257.941
270.529
67.0722
208.448
154.196
108.218
260.723
321.651
368.055
369.873
351.369
244.053
337.814
76.86
417.995
264.508
328.255
362.834
364.683
337.08
270.095
34.8332
202.152
237.477
214.223
188.207
185.873
154.165
54.6846
307.294
115.785
156.145
153.861
321.001
285.308
232.456
343
399.837
173.332
281.386
304.767
356.115
433.68
384.31
284.992
425.947
283.33
362.724
325.97
410.159
308.784
302.668
49.5895
374.37
257.993
430.995
351.098
344.928
83.0348
434.692
209.74
32.1862
301.652
270.326
317.594
397.572
318.09
76.3393
264.741
87.6986
431.525
303.467
287.625
321.248
145.567
397.416
288.405
236.165
79.2573
263.182
355.443
142.376
331.419
426.709
350.456
401.486
226.241
370.427
340.368
325.392
349.678
350.127
363.482
362.638
418.587
358.638
112.452
388.111
66.5797
417.312
364.165
370.591
389.106
138.974
426.691
373.724
391.158
417.529
278.637
34.9631
429.052
383
283.098
312.011
395.875
160.885
322.977
326.777
294.337
405.834
191.819
400.571
107.644
38.596
284.364
320.362
375.067
165.483
386.064
300.557
314.899
323.276
328.786
231.746
334.682
276.884
323.76
176.951
361.585
73.494
174.411
253.911
367.066
142.106
362.739
81.5091
104.154
276.176
333.07
271.274
429.094
297.014
422.773
374.076
386.242
407.096
288.558
265.487
163.432
328.258
185.691
124.158
362.43
401.745
416.535
328.497
233.899
375.246
315.3
367.446
212.103
260.793
101.474
425.324
300.509
331.749
427.154
314.452
42.4041
407.249
399.553
246.197
372.344
196.701
423.757
181.045
287.734
174.911
264.933
171.694
307.789
189.983
325.003
397.649
319.817
184.52
158.469
232.921
334.685
311.553
109.261
392.511
86.383
373.17
393.902
402.037
102.069
380.137
105.698
250.846
126.731
411.116
248.731
246.833
286.659
277.266
242.595
253.011
345.589
396.684
290.999
337.129
92.7023
325.223
113.499
397.343
230.289
300.935
169.253
324.361
317.812
413.093
194.891
156.355
352.366
241.117
171.109
420.921
344.081
55.4418
342.238
402.429
271.889
148.232
360.93
305.098
384.884
335.982
69.1942
222.453
291.042
351.31
293.976
275.501
281.432
318.111
307.265
415.501
82.8664
379.552
318.308
417.147
242.654
397.435
375.341
193.133
155.324
414.768
324.148
93.0315
304.797
242.302
306.532
263.123
314.627
149.996
407.996
395.261
303.375
111.019
418.123
296.06
414.514
328.861
269.852
322.534
207.963
227.196
336.067
387.545
378.072
373.308
380.991
348.355
400.2
170.435
316.941
362.045
430.347
276.657
358.332
199.707
89.332
380.684
368.357
257.998
162.618
287.884
82.5967
270.946
220.201
184.347
343.8
362.826
313.86
173.397
314.816
394.285
323.883
301.743
276.083
283.868
225.904
151.84
35.0854
77.7054
241.686
274.636
210.957
405.555
94.2646
416.487
109.166
146.07
366.276
222.028
100.078
369.819
364.574
40.1214
44.3798
401.382
215.469
305.273
379.351
430.038
265.482
38.7801
243.975
389.54
326.473
378.241
206.785
195.112
378.001
370.497
286.034
131.618
431.407
170.078
47.2929
428.321
205.763
208.976
405.393
378.626
358.226
85.1094
339.877
240.523
347.481
57.5038
317.416
258.01
332.828
280.924
279.077
104.436
375.411
246.619
266.371
327.634
269.824
225.402
287.827
64.25
383.696
216.699
355.2
403.796
396.52
150.672
304.785
332.856
395.29
294.243
207.131
240.829
318.813
295.918
151.42
305.056
222.482
35.9924
120.805
248.784
357.185
284.616
37.5928
380.645
423.481
304.459
368.654
282.026
305.975
232.844
201.616
256.134
228.57
355.369
256.46
331.664
392.524
298.521
236.791
428.322
368.932
212.385
302.898
267.039
336.91
370.616
404.149
248.968
391.342
311.343
89.2153
65.0838
249.575
369.762
249.619
280.121
266.475
100.393
137.376
292.585
356.582
57.9288
235.153
139.857
325.114
63.7998
417.058
322.625
254.229
389.197
265.244
428.277
431.537
41.0759
362.923
119.636
128.308
326.869
315.635
306.565
388.765
42.9737
98.3719
315.476
412.723
321.385
384.993
288.942
150.457
331.032
125.48
273.334
423.49
316.096
385.527
146.084
146.92
404.648
277.288
363.922
401.215
433.222
321.757
362.159
184.985
356.847
329.814
398.924
320.933
233.434
33.0375
345.176
259.959
59.8011
274.849
96.0589
363.72
376.783
433.54
404.794
327.247
232.491
124.737
35.6325
358.886
325.34
329.222
305.233
239.126
164.1
129.684
266.106
374.618
401.398
44.9687
425.538
364.497
282.454
320.932
70.7744
244.365
349.058
314.209
279.765
362.261
31.4991
336.949
360.782
30.0173
261.664
43.1301
269.827
374.808
160.771
388.726
358.915
119.613
361.777
399.951
126.69
48.6058
129.878
84.3877
104.08
206.905
45.1031
417.837
405.097
426.973
107.818
128.36
279.079
114.888
367.223
283.146
143.905
369.704
401.492
309.441
152.513
158.702
429.819
355.807
372.752
248.92
363.831
319.728
422.035
144.838
284.943
154.05
374.964
169.15
98.974
395.769
344.568
199.079
111.141
41.2124
105.604
126.895
248.23
52.1365
194.168
353.159
307.237
300.477
276.247
147.629
402.594
87.0991
422.925
286.734
427.262
198.265
396.012
395.61
426.221
299.461
395.668
350.924
128.383
150.172
403.411
110.932
157.48
296.914
376.08
126.284
344.751
234.942
89.0951
258.884
407.233
233.866
237.189
290.67
393.167
427.822
342.021
33.8107
230.151
376.317
130.71
286.117
299.072
367.563
366.143
401.774
44.1444
186.937
214.446
103.907
290.345
420.564
379.87
350.867
363.892
362.053
247.854
124.313
196.218
292.825
174.898
284.679
357.014
270.86
292.34
360.27
390.153
142.292
244.465
360.273
314.165
297.321
392.248
303.322
94.7487
361.571
246.584
276.526
270.077
315.889
432.228
273.538
98.2528
220.96
413.161
381.089
412.428
287.864
242.035
40.4159
316.058
328.655
350.173
287.313
118.022
363.692
337.425
420.087
209.269
33.0293
193.925
144.518
234.483
356.202
372.165
223.349
68.1384
331.442
77.5525
258.275
427.739
398.584
259.244
164.677
102.95
32.3044
211.363
180.074
161.311
124.223
162.473
403.48
60.7262
404.468
263.68
333.169
114.139
337.669
381.279
349.649
420.274
256.502
316.511
220.702
212.931
372.878
294.606
259.746
368.212
353.917
254.84
358.254
350.007
69.9902
298.263
287.055
425.167
169.064
173.553
375.738
367.357
247.211
201.028
355.876
432.19
395.871
379.614
73.1082
354.548
205.147
369.704
281.813
298.834
138.502
236.879
328.217
142.958
386.368
239.625
392.14
93.6752
187.952
308.968
181.442
324.098
91.4874
261.579
66.8604
360.412
244.921
38.3125
94.446
72.9893
235.901
213.137
155.845
235.937
233.125
264.246
52.6069
193.337
159.751
288.569
301.155
234.404
369.939
410.654
255.703
408.102
72.9973
417.418
132.715
179.535
284.736
372.895
258.219
326.152
414.991
248.612
66.263
91.0402
358.203
264.682
199.131
373.403
304.673
429.708
271.559
280.324
170.729
363.245
132.859
332.279
363.241
101.834
291.081
225.9
232.596
310.441
285.318
60.2835
73.6047
249.78
308.867
226.178
254.646
35.4488
53.7841
302.588
155.596
333.746
118.973
413.378
352.286
314.398
275.111
352.675
391.727
253.443
396.766
394.232
279.983
258.278
182.956
393.281
258.53
325.067
347.445
133.711
218.678
417.778
56.553
53.5649
107.073
354.086
302.246
345.647
186.537
305.083
115.189
281.475
146.711
334.436
275.929
218.291
271.751
278.67
299.751
260.773
374.424
327.378
66.2191
179.319
69.8418
313.423
390.695
298.273
303.333
136.85
269.743
399.826
285.011
298.832
143.523
314.566
83.71
349.852
407.711
370.892
414.142
81.883
244.44
270.948
407.949
232.467
356.31
244.814
82.0874
156.771
287.672
191.222
357.504
135.361
349.916
232.125
203.265
354.153
75.2998
267.918
349.769
371.565
391.148
415.797
265.277
426.069
146.972
317.392
253.961
228.569
433.063
61.4171
45.3596
161.48
113.938
167.407
424.913
285.208
222.383
432.995
256.703
280.25
311.867
379.556
319.103
223.214
245.62
157.043
50.9587
286.787
329.515
287.097
299.863
232.211
321.262
207.113
192.344
245.074
218.745
287.014
395.876
397.504
64.8364
395.518
274.677
384.799
58.8138
283.958
197.499
206.037
385.008
352.117
203.752
245.017
322.768
81.2566
384.749
417.475
333.339
233.572
281.656
273.301
284.021
135.354
351.92
348.278
324.224
138.926
386.938
284.278
254.196
275.459
91.9016
355.251
336.607
311.697
409.576
90.7612
320.542
427.915
415.014
285.094
201.192
293.235
371.761
45.1326
189.457
70.0426
106.325
322.92
311.191
239.817
241.481
49.1651
246.831
130.002
290.712
230.563
314.668
377.1
185.653
420.065
74.6478
358.533
201.441
145.41
416.925
266.401
424.009
256.964
192.89
43.42
291.994
124.607
432.871
249.409
61.8912
253.498
301.408
237.583
401.422
133.228
272.706
66.5202
263.111
286.484
285.725
387.468
353.411
309.522
239.935
340.277
71.7425
98.3786
422.34
351.469
282.001
422.582
280.351
328.378
101.005
418.379
222.958
250.721
211.575
168.329
76.5312
204.557
227.908
335.356
339.902
240.285
368.888
125.111
261.626
399.453
85.0117
419.438
399.38
113.78
290.708
246.772
175.597
402.231
251.727
230.188
398.877
202.128
261.957
296.722
352.9
155.973
326.893
233.845
85.661
287.39
165.762
265.254
252.61
334.245
380.511
182.04
148.341
274.025
80.9676
250.56
259.956
121.365
300.209
212.663
382.908
100.933
191.437
362.491
382.837
433.52
247.298
362.131
252.712
349.15
86.9608
243.248
306.65
296.118
289.025
206.8
83.6279
262.926
379.453
91.4458
268.604
292.196
162.222
271.072
81.0014
357.469
326.225
121.196
384.225
314.932
379.281
426.486
421.197
429.865
89.2421
274.185
216.21
364.256
90.5898
363.98
203.381
355.539
36.7773
248.991
344.159
341.625
75.5629
167.71
218.755
341.168
241.462
212.071
399.107
270.513
100.854
258.855
341.758
278.202
322.64
426.805
383.65
185.336
69.5698
274.749
278.474
262.231
161.578
349.541
145.874
344.729
117.75
431.567
69.414
365.761
232.302
411.495
223.984
248.483
345.621
183.63
432.818
401.596
353.541
375.619
410.532
143.125
294.98
203.171
408.671
334.12
345.655
152.883
376.066
298.643
377.343
404.912
100.172
350.148
322.607
419.616
132.181
104.576
418.6
177.786
120.595
324.302
227.612
221.468
192.633
393.544
344.275
289.735
298.096
388.901
373.626
173.031
392.578
254.265
411.51
79.9205
56.1281
177.85
392.07
331.31
244.64
124.614
359.404
213.679
68.8381
212.719
427.667
264.8
115.543
87.7333
402.96
216.412
238.363
335.982
404.904
374.98
48.5207
139.375
400.767
338.937
296.418
288.376
108.68
365.891
103.765
269.559
121.695
233.272
123.312
342.383
379.225
397.958
148.42
359.251
111.566
399.186
303.604
223.079
34.4663
169.856
163.002
267.348
385.436
374.935
90.8785
255.585
137.744
99.8119
297.398
421.82
155.762
253.59
342.27
339.476
102.397
404.182
337.91
287.504
285.338
109.399
418.358
410.139
44.0215
412.012
205.038
380.827
263.712
260.004
381.416
267.797
39.6912
422.414
119.528
350.272
419.806
373.634
133.115
414.605
52.9151
218.108
137.223
300.434
387.902
261.441
389.475
413.868
307.011
281.986
423.775
235.916
315.388
290.094
256.42
242.182
172.447
213.573
237.305
396.955
111.496
87.595
368.532
50.9698
360.488
45.9072
399.358
81.7233
253.468
213.306
80.5912
305.616
361.117
198.423
296.397
402.115
275.14
339.25
318.471
381.447
162.984
383.861
418.985
138.106
134.305
410.511
308.169
298.411
92.1213
184.328
223.991
104.678
362.266
97.6441
348.983
416.873
203.173
197.019
372.001
407.53
308.918
252.375
347.415
385.873
117.347
317.537
289.027
297.341
34.9597
168.444
179.961
343.768
75.573
382.682
280.921
424.823
219.212
341.079
270.733
374.213
388.709
251.592
284.197
377.665
86.3921
206.689
324.725
54.9955
423.846
71.5404
421.319
394.753
263.262
198.65
351.052
315.399
369.969
244.651
282.383
377.397
354.218
371.933
253.348
348.614
55.8695
145.29
200.506
267.369
174.891
368.549
405.072
356.583
351.634
312.805
232.7
295.257
139.576
148.253
293.442
359.964
406.135
158.735
389.125
53.1864
175.328
392.172
275.696
331.204
303.703
358.956
109.828
259.95
56.7743
238.417
244.96
329.631
289.745
119.897
352.567
311.442
254.782
108.659
171.121
389.57
232.673
300.299
303.821
258.468
393.736
307.493
429.275
408.172
334.728
63.9797
428.503
193.611
181.994
237.138
267.077
337.674
396.486
298.979
374.473
168.249
262.324
84.1243
351.092
188.146
425.238
365.127
229.941
268.303
238.71
323.33
365.58
342.982
180.777
257.082
256.638
248.349
238.483
42.4346
152.004
343.437
204.641
349.598
386.084
269.862
420.214
282.724
347.88
74.1694
236.431
299.824
348.511
354.7
78.5637
200.061
125.284
242.588
365.208
332.577
400.483
83.8149
405.461
338.154
320.568
239.117
340.146
235.136
325.103
321.132
144.814
246.637
191.071
434.882
185.228
424.935
366.904
173.035
266.161
412.104
384.513
86.544
101.023
384.733
265.526
383.696
279.883
122.327
163.301
427.247
363.595
221.827
420.051
331.4
161.708
269.673
126.467
194.544
412.81
344.961
295.504
283.558
385.512
80.5393
404.985
334.763
67.9879
110.695
230.272
95.852
128.411
329.069
250.045
126.806
265.435
411.509
272.846
160.925
367.178
323.315
291.223
348.399
108.856
48.2318
100.039
227.891
397.818
209.942
275.475
273.612
182.173
377.596
325.978
253.251
285.917
319.253
304.261
289.456
362.063
336.769
45.9072
338.845
425.28
310.893
101.513
393.533
127.964
331.271
164.574
353.73
379.205
298.304
386.542
82.2323
283.724
400.063
59.7784
398.567
273.257
134.578
43.5746
244.872
286.306
323.755
316.98
252.358
100.463
308.419
325.647
300.802
304.586
283.617
388.485
107.044
312.65
410.41
379.67
357.548
96.5612
369.306
324.501
310.395
155.151
300.182
342.193
261.764
79.3866
253.608
290.048
433.02
366.947
218.064
231.001
247.247
88.2132
241.012
301.574
335.594
373.35
60.834
393.048
125.822
329.117
193.338
355.309
249.934
103.304
273.181
235.327
288.757
95.3399
91.7257
130.469
239.845
81.8484
143.325
279.282
352.24
329.728
113.489
182.464
238.83
285.247
325.767
387.375
210.172
301.953
363.049
234.018
282.675
394.527
289.104
287.742
265.212
320.172
268.379
361.673
73.8622
406.731
253.039
168.419
384.082
335.558
232.246
288.353
301.382
230.768
255.884
193.46
352.407
249.655
251.785
287.395
355.252
128.871
232.143
373.811
376.432
426.86
429.361
365.328
333.399
370.528
360.733
307.467
190.628
315.403
350.275
368.697
279.76
267.299
143.227
153.423
199.452
393.463
296.989
322.24
281.208
280.472
149.015
77.1893
365.19
66.4796
271.331
288.963
403.134
64.4162
362.933
116.871
344.042
325.026
401.715
114.155
309.699
352.415
335.867
169.342
235.588
157.075
263.834
294.514
204.449
186.383
318.583
377.217
144.187
327.078
350.632
378.712
59.9138
358.513
213.429
317.89
123.857
247.816
80.9067
105.901
363.917
288.862
401.199
424.209
194.891
74.7751
170.534
97.0513
293.263
277.461
138.065
394.79
198.281
318.183
53.3989
254.492
246.513
324.584
279.771
412.717
255.722
168.982
156.197
383.232
376.155
56.451
62.3839
288.651
318.68
206.312
151.426
395.919
212.355
367.766
285.212
326.202
319.953
326.29
356.834
302.663
297.733
358.418
276.617
177.133
430.929
362.029
359.993
323.451
321.662
274.415
269.511
425.997
280.106
395.975
164.971
314.968
337.489
297.953
421.993
317.947
430.728
173.728
434.107
245.068
290.179
431.317
232.595
59.083
198.618
174.139
107.89
293.58
355.437
400.44
404.174
188.129
392.632
423.012
102.422
351.622
426.936
95.3534
406.125
351.901
352.016
130.89
362.314
176.223
302.149
276.453
141.651
420.275
356.007
221.084
55.8667
186.81
282.11
303.79
275.762
369.667
385.338
410.175
342.961
393.998
294.077
264.354
331.808
58.9051
344.721
392.735
237.461
116.243
260.01
399.187
132.776
399.683
409.761
282.248
340.107
275.861
249.155
245.013
314.026
363.78
391.548
375.291
268.629
59.1878
68.3314
363.109
386.338
131.224
312.656
204.219
366.339
222.757
358.109
234.748
32.4843
315.854
356.195
131.518
178.912
298.534
108.189
376.466
362.975
282.802
416.544
159.32
183.121
110.537
249.043
259.255
375.154
204.119
378.614
263.647
241.546
331.266
362.024
88.5339
171.858
145.197
320.344
380.215
357.689
411.781
90.7519
194.777
225.901
113.308
349.315
210.46
311.71
421.461
315.394
371.276
196.456
410.256
431.397
221.874
392.47
383.096
411.949
427.555
378.199
93.7933
364.524
311.172
432.203
397.385
235.45
332.369
316.22
414.148
223.103
339.571
309.606
288.181
337.82
408.207
250.441
139.73
428.006
45.3951
301.518
290.262
266.288
205.001
310.005
283.154
303.668
330.587
361.883
422.433
344.505
388.084
279.634
273.66
403.825
247.868
295.402
367.618
323.795
32.3965
95.6883
286.97
161.189
168.773
255.392
281.515
341.639
92.5638
308.554
274.225
247.342
255.223
151.864
180.328
258.519
290.703
266.474
61.0135
117.794
390.75
382.468
299.923
74.4892
269.536
317.419
56.2426
282.121
189.329
227.308
287.103
45.9434
431.063
384.235
319.284
361.217
263.117
377.503
154.617
394.079
130.834
261.833
125.331
388.48
81.9365
305.531
354.723
287.54
169.905
288.091
333.25
255.406
367.009
325.502
216.279
163.167
401.778
185.737
74.3301
344.541
310.32
300.542
250.302
261.378
174.689
260.917
76.6273
167.715
290.709
240.011
327.697
236.015
403.023
240.284
202.128
155.772
81.3136
358.444
160.902
358.99
53.6837
125.646
414.911
361.878
162.801
262.472
332.904
406.831
195.057
403.286
123.81
424.691
231.631
305.955
129.291
151.583
205.94
46.0103
403.503
327.212
415.81
305.09
215.79
232.434
422.828
377.268
380.315
145.718
432.187
105.962
301.621
341.727
383.518
268.651
365.734
362.936
296.68
335.901
326.129
181.461
200.672
221.868
41.8477
287.399
396.143
273.355
353.441
285.747
190.989
233.478
395.088
256.854
193.875
128.609
405.903
152.211
58.034
260.838
277
432.641
154.651
60.3041
199.777
354.806
315.497
141.636
434.095
42.3473
165.854
283.455
105.852
260.446
434.658
267.449
308.727
163.931
249.557
311.817
357.898
252.924
243.288
321.933
346.116
382.913
109.828
431.289
332.809
360.375
50.8089
274.066
111.07
426.406
262.78
192.565
287.638
321.599
325.548
112.267
119.838
410.309
393.038
261.512
364.68
37.3837
307.566
141.878
429.165
215.645
405.208
135.363
232.072
259.681
305.258
372.433
318.225
308.104
382.168
179.879
232.405
290.052
253.917
321.945
243.328
246.593
224.456
289.767
400.953
233.699
131.217
32.6791
188.897
169.567
352.552
336.094
271.118
337.548
109.145
243.78
208.82
158.571
340.699
366.208
227.423
272.149
307.712
336.335
160.011
240.947
399.286
353.275
71.8013
420.444
191.414
131.445
126.175
51.3092
181.027
335.218
387.504
108.414
242.655
72.9644
179.406
69.9363
79.3949
418.945
295.623
390.358
133.605
324.331
314.994
273.882
80.0003
366.583
348.391
231.336
374.284
401.261
338.423
47.5266
295.247
182.622
269.377
136.139
257.638
345.269
54.4451
163.863
202.722
311.514
317.851
271.776
116.415
220.347
246.733
418.808
434.838
335.371
96.4804
274.193
250.906
251.663
372.369
85.0567
119.473
154.942
110.248
376.134
377.013
254.996
378.223
380.486
418.492
106.159
96.3491
392.637
326.781
400.481
237.646
97.7098
354.01
402.555
202.438
246.686
151.733
355.865
381.005
237.894
317.074
107.243
94.8114
127.076
427.503
152.87
279.233
290.924
420.073
238.392
368.785
313.247
295.29
87.4194
290.951
333.401
294.798
218.769
299.636
253.991
359.358
434.088
342.419
328.806
71.255
358.355
271.006
182.667
259.38
353.277
238.569
42.0356
244.152
345.172
260.558
318.432
292.864
400.452
232.099
286.459
63.468
257.921
337.462
256.165
377.344
398.498
255.816
285.388
188.619
260.845
270.613
205.175
411.59
268.594
230.455
167.151
339.282
161.375
270.447
131.633
389.216
86.0071
134.591
351.037
38.6517
119.687
267.026
240.625
191.59
407.654
423.829
285.48
251.478
423.564
386.387
387.075
332.642
403.329
255.415
270.305
327.844
306.527
308.708
185.204
255.325
72.3378
418.254
116.72
193.715
261.36
347.069
178.762
145.974
346.603
348.059
166.672
208.545
338.36
387.922
253.294
57.1956
247.757
96.9422
176.317
373.682
262.139
284.23
161.134
414.079
278.106
336.207
109.391
211.289
275.592
195.11
86.2615
332.102
310.047
176.297
416.031
313.496
348.068
171.41
245.341
393.847
213.115
259.048
41.984
100.198
271.308
269.946
225.864
396.196
288.273
383.838
305.226
428.024
300.477
258.034
172.215
326.167
234.712
44.9616
69.74
199.703
316.592
412.193
409.778
135.492
102.271
373.015
167.284
427.921
401.262
250.213
303.18
113.538
215.514
328.104
233.244
270.643
123.936
288.035
311.155
85.1201
255.148
243.107
80.3923
66.3428
377.15
346.533
335.436
424.361
66.4564
349.482
337.314
38.3933
135.046
336.116
389.987
372.935
414.36
371.088
407.126
394.483
292.811
396.104
199.261
429.193
431.629
274.355
365.218
199.717
304.589
170.2
257.154
374.241
369.113
381.244
209.937
285.2
101.158
108.915
374.456
319.877
66.8069
224.784
344.43
215.858
339.419
183.728
97.2021
334.251
366.888
347.054
331.866
318.993
294.577
122.523
201.421
82.9302
268.419
327.862
70.7488
371.305
417.243
303.257
60.0143
367.889
214.987
334.696
391.67
431.619
289.114
241.122
225.265
200.186
295.768
202.66
169.352
263.692
244.654
344.124
310.777
402.659
166.881
347.896
414.889
372.809
260.136
266.926
424.1
234.724
390.871
341.898
77.1452
289.382
232.003
266.458
308.889
389.763
370.274
256.27
50.6736
247.461
132.105
259.179
286.649
283.748
248.145
410.934
411.09
345.438
346.377
432.096
91.5891
279.217
73.3209
317.545
314.159
320.796
105.427
432.923
400.719
204.309
332.107
331.098
352.5
152.79
349.904
285.314
350.469
303.245
342.547
373.989
112.313
165.226
131.05
172.194
344.4
184.473
376.917
386.912
376.374
54.8197
278.558
305.777
172.881
417.181
431.239
422.899
403.718
252.516
263.077
173.104
420.176
63.3826
276.302
283.443
353.703
221.762
294.988
278.408
433.494
387.991
212.116
211.893
345.145
214.579
270.773
417.683
421.649
385.917
233.761
154.561
325.298
236.583
118.018
171.101
51.4838
418.813
245.422
374.257
426.733
314.748
250.357
95.4267
322.972
254.778
285.966
400.858
325.316
116.802
399.396
147.789
63.9485
311.674
346.86
383.016
320.95
255.447
326.218
349.902
367.975
123.982
311.648
389.923
413.248
234.503
217.601
123.392
379.347
321.783
344.235
429.688
384.526
379.861
145.368
353.225
279.59
392.146
368.952
173.747
281.143
335.785
377.155
342.933
79.712
206.492
275.589
312.305
375.905
156.387
111.52
364.123
76.2163
415.62
94.0015
287.308
331.851
394.143
303.768
362.915
81.3242
173.716
247.12
166.969
235.969
278.593
326.148
232.534
234.084
120.927
149.208
373.38
325.152
337.703
260.579
37.984
386.483
76.6368
74.1866
246.741
401.765
328.188
85.4135
189.565
373.744
416.365
375.467
379.432
394.56
324.008
345.358
248.085
66.4916
388.919
85.9796
346.74
248.461
375.961
384.577
87.7072
102.818
415.96
406.248
221.066
87.6993
225.551
196.332
239.557
382.056
366.014
126.149
322.835
414.713
55.4514
391.369
36.0211
285.283
266.343
174.838
158.326
216.83
112.269
268.573
371.533
377.27
321.584
353.066
356.356
337.957
364.414
102.798
430.194
296.203
115.331
219.963
189.921
166.785
273.121
284.211
417.877
396.405
79.0106
374.805
275.821
350.691
402.373
318.321
98.9882
408.397
299.652
318.072
283.329
324.301
316.279
237.428
358.649
391.212
323.641
351.12
246.794
127.255
234.455
261.631
295.384
221.147
352.092
138.525
254.848
185.911
259.375
374.438
423.657
168.012
401.766
178.327
198.046
330.232
89.6825
384.717
366.483
366.793
377.522
306.945
356.141
239.657
297.355
98.6065
422.917
120.63
397.622
343.915
308.931
270.724
208.36
229.887
67.1765
380.524
390.959
332.106
163.113
362.767
410.898
266.626
131.598
408.064
286.222
189.128
282.941
295.249
289.032
292.628
137.148
322.19
295.762
269.628
300.806
419.315
350.03
88.1583
293.835
362.99
190.263
125.337
269.843
104.764
303.007
326.992
390.825
370.823
78.2311
275.298
289.211
126.405
336.181
424.642
362.933
200.558
42.2824
408.833
312.724
57.8427
189.871
408.671
307.632
338.381
388.431
376.061
256.412
380.014
213.632
87.3524
34.4844
356.451
292.433
362.006
324.495
201.321
367.191
433.018
421.093
139.281
116.622
312.921
169.814
416.05
285.266
319.821
56.0947
219.253
137.917
244.014
237.727
374.331
351.85
282.894
414.28
420.857
326.646
232.533
129.371
424.505
141.616
400.683
206.449
332.232
125.533
209.943
84.1646
126.97
342.374
254.673
355.169
330.303
219.772
233.454
371.274
408.797
310.967
44.6286
342.298
384.319
304.193
200.807
360.453
302.102
282.118
343.236
408.46
144.8
281.283
219.202
235.232
53.1074
209.307
305.218
264.091
335.736
272.688
152.993
37.5828
390.631
323.678
154.375
233.929
329.752
393.246
365.503
278.457
401.749
374.161
434.294
381.278
434.444
271.087
377.642
316.228
207.497
193.861
290.509
236.969
333.784
318.495
102.382
341.568
256.183
235.806
151.571
357.531
322.094
358.547
301.31
149.203
154.312
70.5953
232.825
310.661
432.392
370.769
323.73
390.342
408.442
361.778
424.673
124.86
430.477
263.146
286.954
265.295
232.284
273.899
318.087
79.1688
289.137
256.012
329.468
358.909
358.774
387.865
341.984
333.206
264.977
325.201
328.844
340.864
393.549
362.03
266.985
199.751
240.372
264.828
368.409
310.624
216.336
280.987
219.267
294.792
396.854
287.112
365.212
234.729
410.203
252.35
355.946
184.696
284.845
159.585
228.62
333.621
360.967
120.153
39.1636
237.963
334.459
264.306
39.4275
297.15
90.3084
165.372
177.777
390.634
208.213
85.5158
383.559
325.236
323.465
31.4931
102.428
385.563
166.498
59.3321
263.028
313.78
239.938
101.608
139.516
95.72
183.669
282.657
234.412
342.992
148.36
221.309
403.688
207.604
305.941
206.547
231.362
360.167
399.046
154.481
147.939
344.096
358.535
292.457
339.975
310.044
431.94
370.829
138.855
185.549
341.248
232.955
96.8668
374.332
77.0723
51.4258
232.923
195.371
423.732
341.607
78.8851
82.1585
434.272
305.633
412.864
63.6982
385.174
282.514
302.12
418.628
428.985
324.835
34.104
66.9741
219.453
187.622
62.0592
415.359
286.789
307.163
88.5178
341.624
320.033
65.9424
397.347
305.986
432.462
418.286
288.135
279.768
352.776
243.473
202.01
260.22
107.794
178.911
213.313
399.245
314.545
223.525
350.215
422.396
342.883
192.069
231.357
89.1047
253.476
56.602
161.069
283.694
115.919
351.239
362.837
182.276
279.963
358.474
277.703
120.342
129.399
330.027
325.063
285.905
357.533
51.0176
43.3132
246.47
410.424
359.809
341.446
40.4289
38.4614
255.611
355.854
298.44
379.25
242.754
257.867
416.462
263.053
349.225
373.561
414.74
215.991
279.941
375.591
292.95
378.026
328.608
310.612
411.497
332.502
223.692
322.35
412.705
91.6708
208.598
238.69
90.5425
287.553
378.14
382.029
84.4533
321.805
346.582
286.062
265.257
384.215
319.743
343.097
266.972
421.177
362.212
433.257
186.695
357.102
388.561
197.161
392.774
121.118
230.353
259.595
159.119
66.5038
419.226
59.633
375.912
258.226
390.283
353.781
279.579
235.817
434.009
425.752
101.232
327.595
343.938
141.127
265.67
302.304
215.952
287.066
404.839
341.066
35.5314
398.055
70.9626
149.216
249.288
339.155
383.017
288.393
119.218
325.76
430.118
172.418
316.366
414.172
406.748
142.004
291.745
199.122
171.049
135.218
347.11
251.201
313.951
268.18
231.022
56.7407
375.609
395.791
318.844
185.304
390.648
169.511
112.505
221.328
248.53
431.302
292.364
395.146
76.4402
132.439
298.451
424.829
278.811
96.2906
186.206
377.035
366.463
373.84
171.272
149.09
387.756
348.483
262.197
256.125
253.701
372.62
214.419
280.724
422.217
416.982
131.609
331.475
312.699
304.831
106.047
241.461
216.667
280.402
203.731
240.229
97.8494
313.895
299.849
427.169
402.644
426.283
269.294
333.47
44.4966
79.0433
87.1554
106.553
336.723
280.082
80.736
354.263
230.194
201.294
427.168
356.68
247.199
109.949
397.486
154.299
266.671
334.392
365.771
389.919
74.2776
205.434
273.106
337.749
246.793
192.566
272.498
259.256
369.79
173.083
170.607
66.3821
265.537
414.829
405.577
362.591
298.598
72.934
330.011
226.649
347.348
381.659
429.34
33.4619
402.019
244.652
150.965
90.275
366.888
410.711
261.198
244.154
111.543
316.06
330.613
418.316
404.972
268.318
331.975
344.778
232.425
295.551
308.825
107.997
204.796
177.843
142.834
429.37
57.8108
46.8958
207.394
154.452
151.424
57.9124
202.343
290.43
354.617
276.114
392.354
280.373
291.665
429.92
297.846
326.453
361.493
227.393
258.836
373.082
193.326
124.677
55.6209
274.287
425.706
355.151
265.822
321.155
57.545
190.317
362.746
372.767
169.868
434.494
331.167
201.171
309.265
219.477
182.546
312.847
294.311
397.852
212.432
379.779
325.094
273.175
67.6307
264.262
376.319
356.929
396.129
270.83
57.8069
273.102
178.698
357.671
360.858
52.6156
121.482
334.258
396.076
296.79
229.906
249.082
220.518
259.198
421.347
252.851
360.852
402.194
379.421
38.7512
299.202
320.442
284.239
153.911
418.351
379.329
214.847
179.025
83.0022
254.251
187.908
54.6027
55.5251
386.853
305.576
377.459
129.272
280.71
266.995
36.5783
105.801
42.6774
77.7822
261.548
362.084
224.217
372.672
324.161
218.476
35.8748
357.444
379.311
270.821
202.758
334.484
327.066
271.28
244.471
149.714
371.721
300.2
279.953
429.277
265.323
105.297
71.175
421.441
303.419
372.553
93.7788
253.43
129.3
101.822
88.1385
259.105
267.183
336.652
263.849
250.724
265.629
330.171
366.022
270.783
306.18
61.3758
409.632
137.286
355.158
285.246
71.9224
429.463
368.393
153.498
243.32
398.471
389.634
158.876
267.186
143.414
171.987
378.891
293.402
363.064
85.1206
382.355
98.8669
181.774
207.555
386.576
313.8
289.499
422.106
393.509
182.311
109.939
293.708
235.022
336.72
151.157
297.559
290.312
402.847
225.047
408.993
309.618
248.607
266.819
244.257
310.31
79.0715
134.405
433.087
159.294
192.281
378.36
236.043
171.005
277.961
301.148
39.1499
123.34
227.904
343.452
278.159
324.595
365.363
376.264
410.86
234.126
122.575
395.596
209.302
39.158
430.831
109.471
127.146
354.545
386.763
289.999
87.9773
146.68
113.299
287.866
168.425
224.369
337.864
268.327
309.534
342.104
69.4491
200.522
403.904
284.873
280.098
285.497
424.48
328.531
256.927
185.026
173.581
324.44
357.828
337.888
324.924
362.616
356.886
259.216
104.846
260.315
104.193
376.816
385.083
283.276
415.087
194.457
404.149
423.127
296.878
372.229
182.661
411.825
247.825
292.797
133.182
361.63
402.203
94.884
281.22
336.507
356.23
249.706
316.651
277.885
350.46
183.693
155.83
303.821
226.052
99.4636
414.868
434.327
410.187
241.843
227.223
320.269
335.136
369.335
343.548
278.336
398.043
342.981
342.341
257.636
358.7
176.382
371.217
65.2039
430.927
284.679
356.352
362.788
234.119
381.155
66.0365
319.56
191.619
402.788
315.035
407.543
194.836
430.917
302.303
417.084
414.693
304.665
319.462
403.031
168.681
37.4446
111.26
402.217
227.764
369.662
154.967
387.178
425.061
342.904
418.15
260.803
83.9399
427.007
321.385
386.202
353.095
230.071
130.442
135.87
133.636
167.023
323.036
167.822
251.472
256.648
245.991
34.6373
209.685
289.372
130.677
405.917
202.82
206.369
426.384
275.557
365.432
68.8187
301.523
208.207
357.9
192.044
76.534
175.241
418.502
180.493
359.156
262.435
78.9072
329.95
115.249
241.139
400.066
284.513
289.681
271.896
233.615
316.691
181.999
280.489
162.08
257.584
260.482
394.053
289.389
332.522
284.214
165.632
232.356
335.966
158.662
282.467
80.92
302.839
316.657
133.363
366.682
57.9021
353.448
103.493
326.962
418.957
167.469
393.075
126.979
300.737
378.297
346.679
393.161
260.793
347.866
353.263
68.7107
255.132
289.937
387.37
289.015
406.518
288.961
388.004
427.939
243.81
182.869
272.675
399.535
259.364
110.176
50.9753
257.352
170.48
378.063
302.553
292.554
305.823
338.506
313.212
355.996
370.122
414.737
260.707
420.889
364.905
112.182
407.721
374.775
352.141
181.233
324.82
312.111
381.74
172.566
266.494
419.738
284.006
137.125
277.931
42.488
391.035
350.728
61.2311
73.6728
281.192
197.073
137.819
299.442
132.48
44.5632
421.255
300.587
187.87
315.169
252.191
46.8705
341.322
204.99
277.495
163.03
263.046
57.5572
291.811
434.639
132.716
413.054
227.409
357.435
322.728
213.193
130.298
274.13
411.12
69.9436
414.459
414.024
426.856
154.764
375.666
302.223
337.048
32.6783
68.6258
302.444
348.672
145.284
150.668
150.481
249.679
248.458
325.252
35.0845
326.179
308.825
107.47
344.375
317.909
326.353
338.205
385.424
252.852
339.765
318.554
245.845
261.56
287.229
199.925
117.172
387.323
392.874
373.323
66.8912
34.9069
223.058
217.37
241.192
202.572
372.356
277.973
199.22
399.812
233.577
242.539
351.306
297.365
351.61
343.26
383.539
287.023
72.6297
141.135
348.172
244.94
357.919
384.315
160.002
131.171
301.681
394.605
30.6438
238.563
123.637
213.607
202.202
376.23
202.347
409.31
319.84
187.911
355.938
248.496
133.788
307.056
144.242
302.9
269.945
303.641
87.7813
117.263
79.8189
377.702
86.7817
335.755
304.598
255.901
249.379
197.699
157.235
406.848
365.928
320.76
284.206
417.355
351.612
263.951
256.573
211.495
196.875
149.221
358.375
263.818
196.383
126.328
355.559
338.628
324.087
171.633
87.7605
286.499
286.219
131.554
281.073
282.279
411.95
327.052
304.564
107.016
350.94
163.007
422.41
331.657
127.487
205.31
223.617
164.062
168.751
261.77
432.295
354.103
408.714
309.357
180.913
251.701
289.559
217.641
258.577
418.006
73.7465
417.095
101.322
98.9462
173.828
340.186
88.5086
173.365
414.948
382.97
262.274
163.498
189.863
55.7547
247.311
361.504
397.01
415.578
353.48
408.384
136.768
59.0879
387.753
248.728
270.503
287.585
109.918
119.439
334.08
361.891
158.293
410.852
258.063
191.374
356.979
271.985
324.51
130.295
400.913
110.564
319.357
201.538
326.196
390.075
264.235
313.474
157.166
82.4632
32.6028
208.802
362.254
328.422
128.016
186.013
267.268
362.485
377.31
366.864
261.304
345.182
52.0433
215.786
99.029
350.494
178.942
274.591
237.21
388.366
235.122
350.915
373.257
417.776
340.021
180.211
396.403
298.741
274.227
333.116
315.903
274.036
325.198
43.4843
352.143
176.676
315.585
208.088
181.932
69.3321
300.084
269.627
307.225
246.1
172.136
374.89
308.422
35.0603
300.82
397.275
313.33
368.182
434.776
295.156
169.576
377.539
264.297
235.026
426.824
231.564
369.158
412.405
66.4192
370.693
189.867
223.945
285.981
284.983
94.0948
429.138
382.344
264.602
52.0783
351.879
66.8834
386.858
361.223
247.597
265.072
248.734
340.116
185.526
252.314
340.512
293.266
321.226
327.958
407.68
99.6471
406.46
306.805
319.509
77.3801
280.195
333.968
115.938
153.201
111.461
334.932
166.411
57.034
240.036
412.08
334.735
409.063
353.193
109.799
416.163
343.423
284.307
380.916
108.706
135.58
59.7295
414.531
396.592
356.483
408.483
367.766
267.78
359.528
262.938
315.931
140.221
336.795
264.564
286.729
251.674
377.15
215.753
390.499
336.997
61.7099
346.452
348.086
101.599
170.175
165.284
158.19
141.443
91.9568
122.556
358.939
112.079
389.262
360.26
266.282
160.278
138.582
152.109
216.75
363.935
380.095
423.738
281.376
210.299
383.806
209.22
124.842
128.401
426.581
356.196
237.324
385.562
259.873
295.714
414.924
375.797
400.315
404.059
155.721
165.127
351.555
277.462
350.791
366.406
392.186
316.613
417.655
288.009
350.11
372.186
212.744
352.23
249.265
190.926
293.41
191.83
378.491
173.477
321.558
238.62
141.271
92.7134
283.629
214.566
377.538
247.816
164.27
426.627
281.696
243.159
32.2592
406.031
279.286
405.418
406.024
48.5989
304.097
189.33
306.232
392.688
159.77
333.369
380.119
335.717
174.439
184.859
287.892
301.375
387.042
294.597
297.539
227.777
127.778
280.843
106.869
350.206
298.63
241.591
99.2842
329.284
127.175
301.986
294.405
432.652
219.304
266.793
115.2
367.409
273.02
263.788
299.455
374.419
255.047
425.777
421.511
319.801
235.002
401.051
418.32
288.771
202.345
369.677
247.339
334.939
374.884
386.614
54.004
118.018
307.771
265.965
