605.807
416.923
606
610.16
606.791
470.494
606.349
606.656
489.438
606.054
174.926
473.884
521.049
606.171
606.197
456.904
589.615
600.49
606.838
606.211
606.381
605.559
606.199
281.447
183.941
606.624
562.566
607.098
604.897
605.078
585.544
475.398
606.444
606.373
364.021
460.265
606.831
607.359
501.898
606.352
606.438
606.685
607.358
606.267
606.823
606.314
606.394
352.172
606.471
507.553
605.988
606.11
665.255
580.553
463.697
583.338
514.751
547.872
606.573
197.413
605.926
376.136
606.476
606.701
606.837
606.228
493.133
606.436
414.574
606.355
607.155
605.767
119.233
606.505
549.285
170.398
606.592
543.966
532.33
606.32
606.811
606.584
606.014
503.676
606.584
605.903
600.402
606.774
606.21
538.292
606.131
569.638
606.167
460.973
606.138
606.336
604.698
422.02
429.509
606.143
607.439
606.616
373.663
604.803
206.489
606.145
539.532
490.823
548.801
607.722
506.241
203.935
412.613
606.671
596.439
606.496
606.285
505.726
102.842
467.653
468.855
606.589
606.278
606.052
606.325
608.093
606.176
606.294
601.818
605.794
605.933
307.363
606.313
151.584
606.04
439.177
606.323
606.299
606.675
591.797
460.665
531.805
538.731
443.296
606.442
424.482
425.747
585.759
605.467
606.508
606.474
513.074
606.764
308.24
606.649
415.499
317.375
605.689
606.274
606.539
606.521
402.16
609.534
548.044
606.748
606.405
605.539
589.818
606.526
606.704
607.776
606.788
606.336
453.279
606.904
577.123
499.775
606.289
464.349
606.791
606.366
606.258
344.041
502.576
604.112
313.969
479.538
491.986
509.648
574.751
605.778
608.098
606.239
428.313
573.043
606.497
394.041
606.297
289.232
605.637
289.46
606.425
493.225
329.949
606.601
605.214
533.998
606.997
370.215
339.691
540.277
548.985
377.544
606.139
514.251
606.932
606.604
441.649
234.852
606.18
235.215
592.937
605.807
606.123
606.142
508.762
530.245
264.618
514.787
605.894
606.33
601.375
504.989
607.156
607.094
393.046
606.279
608.383
168.058
526.271
455.319
606.763
606.776
606.657
606.388
606.298
363.972
541.131
606.782
606.365
334.788
606.239
606.96
605.241
423.041
606.187
606.105
606.754
606.424
606.113
606.511
455.644
606.439
607.479
383.858
389.591
126.856
606.195
234.244
267.599
502.717
606.58
605.367
606.419
523.77
599.73
381.606
606.528
566.459
606.402
569.405
595.905
335.012
605.984
606.49
229.95
606.179
605.976
416.929
605.855
570.932
302.225
606.234
607.011
606.308
458.299
244.588
607.367
563.693
606.09
606.719
292.883
272.722
606.69
564.637
446.26
470.515
546.236
606.398
605.927
606.277
448.604
606.253
441.316
554.948
606.236
606.722
602.481
606.498
606.301
606.115
606.681
275.721
606.861
515.486
606.17
423.354
379.142
340.606
606.294
580.059
589.271
607.206
62.564
612.264
607.103
605.657
515.959
517.833
606.544
471.198
541.48
606.289
606.539
606.226
606.405
606.612
610.576
606.576
606.649
525.649
606.884
606.602
606.039
606.064
173.448
606.459
606.246
606.287
576.378
605.569
522.17
605.749
559.382
606.261
582.654
365.428
606.233
606.289
366.588
607.036
518.196
461.286
597.134
606.626
493.048
587.183
359.188
605.846
605.359
541.428
606.713
606.331
504.946
343.406
606.501
606.354
555.637
606.02
605.307
606.249
510.12
606.032
606.092
418.767
606.754
379.946
606.118
590.941
606.543
132.031
605.793
606.941
333.087
605.663
606.609
607.425
605.719
606.06
606.028
606.607
468.958
276.215
605.411
606.486
606.497
321.882
606.74
606.245
606.323
318.143
605.582
272.853
295.317
606.764
548.992
608.005
606.928
607.311
245.372
606.244
603.887
605.927
605.79
580.002
606.718
293.591
523.498
606.203
606.56
557.002
606.303
606.874
470.392
606.748
278.71
424.881
606.337
606.419
606.062
444.367
149.907
280.267
606.669
606.176
570.568
352.2
606.564
607.199
606.548
201.026
408.538
452.041
459.864
603.758
606.482
607.531
507.198
480.935
606.324
385.305
606.261
492.393
606.333
223.968
405.389
513.426
585.564
605.68
605.343
606.754
606.735
606.45
606.121
536.346
606.357
606.764
408.147
605.307
324.341
406.813
606.259
599.337
285.641
506.115
606.33
566.482
425.245
605.847
606.31
606.397
398.507
376.952
606.655
575.927
606.818
436.842
606.475
607.514
606.675
606.571
591.789
599.839
606.338
591.428
422.923
563.962
523.289
508.187
495.325
236.66
608.909
606.435
607.698
605.775
495.19
605.589
606.111
606.985
606.643
611.456
550.626
400.78
606.501
401.16
422.623
606.468
600.551
546.943
606.334
534.122
605.844
606.266
534.299
547.517
606.076
580.369
605.77
464.698
364.626
618.518
569.534
473.132
606.109
150.115
447.373
261.771
492.178
613.417
604.823
606.283
463.277
606.289
606.086
605.919
368.792
618.059
606.257
605.342
605.723
291.694
607.053
606.118
577.083
606.668
576.058
604.307
566.131
483.908
598.54
606.197
606.47
539.25
507.917
540.327
522.995
483.242
606.612
606.12
606.729
548.524
430.75
606.787
553.101
230.389
605.958
602.339
606.229
606.353
606.954
605.738
314.601
606.184
606.063
605.846
477.322
345.968
606.866
534.679
606.282
282.498
605.891
606.553
215.451
606.113
606.505
606.834
602.426
418.491
344.127
607.019
191.899
583.81
606.1
606.446
606.581
571.794
606.704
482.511
251.818
606.576
606.991
606.584
460.45
607.392
459.438
606.418
606.176
590.93
459.98
606.439
603.274
530.648
606.439
296.909
606.654
603.423
252.601
433.02
606.446
606.042
563.775
523.931
606.447
605.812
483.315
539.953
606.728
606.119
367.408
379.19
606.258
460.63
606.116
186.966
605.917
606.74
606.214
606.662
605.309
360.323
358.263
606.367
284.46
607.007
469.132
606.753
535.164
606.502
605.961
131.953
577.554
572.002
422.116
606.282
606.576
558.642
606.14
606.515
606.681
452.103
200.597
501.962
606.411
606.584
605.774
605.575
606.781
347.853
234.456
606.376
605.719
436.395
606.67
460.538
606.927
344.881
276.356
282.613
540.953
433.829
606.372
391.366
528.391
544.763
556.988
609.152
606.816
554.752
606.074
605.975
601.523
557.38
607.029
542.252
614.391
389.636
605.614
606.55
606.325
606.568
605.863
606.565
605.385
606.437
606.875
605.899
598.961
606.397
607.089
606.744
578.584
469.7
606.815
606.312
592.215
607.102
606.724
335.745
577.621
606.467
606.295
396.9
606.341
408.346
605.749
606.339
347.688
606.402
233.767
606.586
407.373
437.063
390.772
265.072
606.783
606.472
571.32
606.518
606.656
606.223
605.796
496.608
440.612
537.187
606.356
606.284
606.456
488.444
441.818
551.413
606.237
606.447
330.48
606.082
461.534
428.332
606.723
606.36
597.992
606.58
605.514
496.785
588.11
469.743
514.965
536.698
415.994
305.509
589.354
605.661
605.901
606.609
606.176
606.463
605.762
568.531
344.289
604.219
606.163
606.187
371.443
606.518
445.074
269.498
212.392
606.94
606.261
565.616
288.832
600.661
606.329
606.741
605.416
608.978
606.319
336.211
499.331
606.36
475.43
606.777
606.677
558.019
606.659
607.28
606.918
606.46
606.511
503.478
336
235.311
377.552
583.573
605.774
606.532
606.613
546.828
547.566
364.665
555.072
525.89
606.087
606.494
605.755
582.516
604.155
606.036
606.556
383.702
605.173
525.835
606.544
606.056
606.095
600.858
309.497
457.802
606.877
606.354
606.489
605.007
606.523
606.462
606.053
606.483
606.194
186.568
605.968
589.796
606.096
472.526
606.013
600.723
607.463
604.903
418.586
605.328
474.166
606.651
461.201
564.899
313.863
606.557
606.708
310.67
606.41
377.156
608.843
447.439
606.221
331.756
606.242
606.316
606.032
606.629
555.433
606.747
438.373
478.247
449.086
606.337
491.185
546.477
606.163
606.517
590.564
605.617
606.656
552.232
515.011
467.679
396.984
606.952
606.676
606.792
606.509
605.689
291.78
606.232
527.281
606.465
482.397
606.835
606.608
603.205
606.192
457.205
606.617
606.418
595.436
359.873
419.618
453.066
507.282
199.916
606.916
431.255
606.405
606.917
430.477
475.189
606.146
606.304
545.888
347.846
606.892
606.582
606.831
606.326
535.494
580.144
466.315
607.185
606.147
606.213
525.911
606.6
606.344
608.048
445.427
224.701
545.474
388.21
559.006
606.607
403.253
606.637
537.24
606.443
607.726
468.243
428.203
428.911
606.436
605.935
606.606
372.008
279.056
473.963
606.112
565.107
482.016
408.676
381.993
606.443
606.452
606.197
468.891
605.788
341.926
528.484
230.275
332.302
605.916
606.466
365.054
606.247
540.06
314.634
606.352
424.198
607.256
606.647
543.675
334.964
607.129
606.265
530.14
606.037
483.877
606.092
469.635
362.756
462.61
313.349
560.345
606.061
606.662
605.608
514.215
376.308
499.45
605.845
606.272
606.207
568.017
606.351
606.208
491.203
606.175
332.614
606.506
606.706
501.153
606.317
359.855
606.042
601.258
606.066
606.15
587.592
606.242
577.398
571.022
605.414
498.046
220.267
606.229
511.051
523.615
606.257
313.642
606.319
606.182
606.78
606.914
510.645
608.251
597.257
320.759
605.985
605.486
598.121
606.16
606.461
491.223
606.287
263.502
606.169
602.242
606.709
580.882
234.315
605.89
284.954
628.318
605.904
382.301
476.961
606.805
570.26
367.087
606.431
548.857
606.295
379.701
589.041
400.357
305.755
427.191
606.432
228.941
606.642
416.588
525.214
279.505
606.554
606.425
461.328
482.634
606.96
480.151
606.237
580.383
509.951
565.734
588.56
460.981
404.467
605.599
606.419
565.542
602.892
239.58
606.567
519.311
605.526
606.139
553.624
495.628
560.094
605.622
556.992
484.353
606.352
413.405
606.922
615.443
431.182
607.227
312.086
599.754
272.56
607.753
413.796
561.15
606.842
481.62
591.89
250.603
444.683
395.677
569.652
549.747
448.648
429.427
587.186
234.699
605.876
606.095
607.038
607.035
606.195
606.775
606.912
605.908
299.266
607.27
373.721
240.194
606.184
606.172
408.176
515.398
575.67
606.591
373.152
601.376
266.049
605.32
606.688
444.153
606.515
606.609
607.115
606.512
606.582
309.155
320.952
462.921
517.118
606.406
418.828
422.643
606.031
403.512
481.373
606.035
606.556
558.596
605.792
490.073
606.775
606.154
606.275
607.827
491.536
605.841
327.491
605.897
562.72
468.79
286.178
606.331
606.788
605.291
365.42
607.01
606.28
396.401
586.392
606.545
608.088
590.199
564.359
606.362
606.607
606.679
605.849
602.858
278.742
606.952
311.222
607.321
366.444
606.016
606.264
333.74
417.759
585.521
606.509
452.991
503.574
601.709
357.34
480.931
198.108
567.164
605.206
606.744
606.84
287.999
606.349
504.357
491.497
578.204
584.831
507.992
606.173
399.875
606.143
600.731
499.569
513.037
515.216
605.846
605.627
606.483
606.436
357.967
551.911
606.057
606.631
606.48
605.536
605.494
606.672
606.558
606.55
418.22
344.997
606.413
606.349
522.106
578.644
606.18
457.359
606.255
334.502
606.325
649.542
606.427
249.478
606.743
269.133
159.146
505.832
217.148
327.108
606.409
410.553
582.335
606.17
446.24
607.52
609.857
577.41
170.147
336.683
513.732
139.044
606.283
606.071
566.918
606.59
606.511
280.741
606.641
329.05
499.669
495.023
606.624
606.065
606.973
549.177
604.876
531.025
606.147
606.306
606.209
605.884
606.533
504.256
606.165
606.537
488.025
444.613
394.651
606.411
605.784
606.201
418.02
606.865
400.48
451.289
606.325
604.322
599.422
538.302
606.947
280.746
452.025
606.06
606.472
545.692
455.8
606.334
607.31
606.615
606.695
606.365
606.651
606.296
415.324
606.084
447.851
561.738
563.9
591.677
607.254
607.739
606.701
611.631
565.553
566.865
605.72
604.016
606.583
545.187
605.945
515.885
537.851
606.347
606.203
418.279
590.332
549.437
207.321
380.71
539.371
500.785
224.841
377.925
606.492
605.267
605.082
567.036
568.954
578.521
606.003
498.169
606.553
543.945
186.807
606.66
605.972
605.77
606.197
606.671
606.36
605.878
343.627
571.416
606.513
606.388
605.565
412.743
524.927
371.168
598.427
606.202
470.934
503.218
605.959
382.068
522.962
75.6758
606.658
541.179
398.303
446.108
151.348
605.832
604.254
254.985
181.924
606.312
462.488
384.364
421.391
606.204
385.679
109.07
606.399
221.307
561.681
319.609
606.718
606.446
595.574
449.729
345.235
606.372
417.728
596.417
606.393
606.882
391.378
607.164
241.736
565.017
313.254
525.184
606.28
606.356
606.706
605.633
460.392
220.395
606.439
171.939
605.957
402.97
606.331
488.476
401.174
583.268
600.931
599.936
606.094
428.615
606.2
603.675
417.202
268.14
606.913
606.625
606.376
357.084
479.685
462.24
606.61
533.59
604.734
512.856
278.191
430.242
606.452
606.146
579.297
606.193
606.433
573.868
606.758
482.712
606.344
605.987
606.807
607.267
342.613
606.834
398.726
557.131
490.059
527.174
458.121
606.972
601.38
142.091
607.506
606.439
559.072
607.309
406.179
368.925
525.266
544.221
312.792
575.073
606.528
607.035
569.912
606.244
596.84
606.436
605.968
606.781
606.393
514.161
295.062
606.433
608.033
606.231
569.01
605.631
238.368
529.403
125.17
606.667
261.717
427.987
293.179
301.536
418.795
519.401
470.992
250.618
515.058
607.306
605.156
605.049
173.228
610.227
605.692
606.237
605.4
606.078
576.675
603.912
348.529
590.702
606.758
516.288
606.798
606.258
292.87
481.558
606.391
352.193
606.244
606.138
481.062
606.008
428.947
597.787
443.719
84.7906
548.105
416.796
606.258
606.429
385.781
464.36
609.701
605.992
492.563
606.16
139.607
604.934
606.19
605.625
607.239
606.151
510.839
606.484
606.54
606.27
606.42
350.863
607.379
606.009
606.26
440.977
606.374
116.675
608.384
606.79
606.325
606.286
604.331
603.474
144.743
606.209
606.044
606.575
528.304
599.716
606.221
602.836
574.108
603.951
606.761
609.777
606.016
606.282
341.105
606.804
606.293
465.126
607.332
606.354
606.158
606.061
606.995
546.71
255.17
262.29
457.719
606.814
325.257
604.665
233.792
606.366
606.309
606.415
606.774
570.085
607.151
479.488
361.62
571.044
606.834
489.744
431.592
606.669
525.354
275.774
442.269
461.35
606.864
593.138
438.608
606.166
606.039
500.986
605.912
399.613
606.601
470.859
606.749
606.183
609.109
520.381
555.502
186.446
477.118
606.304
497.053
607.165
606.998
602.192
366.103
606.388
606.081
606.406
461.724
606.356
606.227
476.458
606.911
390.321
606.357
130.038
553.451
606.097
244.504
380.159
606.798
562.512
606.384
395.487
460.47
424.591
606.495
606.248
606.741
343.801
338.5
592.23
605.961
559.214
263.358
486.497
57.442
597.677
606.611
601.211
515.442
606.344
596.675
606.052
517.949
555.941
606.457
606.341
606.741
540.825
606.485
244.831
606.217
293.633
606.279
354.701
606.029
603.035
606.013
331.54
472.714
606.436
606.135
606.413
606.902
513.915
565.224
606.559
607.429
606.928
606.238
605.867
606.592
478.248
601.388
599.242
512.91
606.28
606.441
539.07
605.025
605.979
606.322
606.388
553.461
607.235
606.317
606.553
461.235
337.033
606.939
606.593
606.335
606.433
605.976
606.314
605.642
529.668
572.255
606.575
606.302
259.065
537.476
403.852
606.474
530.55
344.188
606.164
442.523
482.864
608.583
514.601
605.857
416.92
569.791
552.583
476.808
565.052
606.803
442.586
605.88
606.26
606.388
606.268
606.075
606.319
606.074
606.148
601.465
605.929
606.608
448.001
565.262
606.802
605.825
556.522
268.065
606.636
605.984
606.643
476.779
605.373
605.899
379.939
606.655
604.201
606.327
606.052
606.164
536.664
606.698
214.59
378.54
607.014
606.738
460.788
262.235
606.085
606.862
542.324
614.294
279.493
573.678
605.789
202.115
606.412
606.824
438.594
69.2372
115.784
370.59
337.969
606.643
382.122
606.845
595.082
586.371
605.442
340.873
607.865
606.133
597.424
602.07
464.428
308.199
606.428
449.945
606.174
606.778
606.675
407.622
365.19
321.034
400.715
554.342
591.905
400.255
604.494
583.054
606.121
607.098
233.745
606.703
606.91
609.081
606.554
352.589
442.777
180.082
606.324
606.269
602.917
466.742
606.264
606.397
609.026
587.827
282.538
562.123
233.432
296.709
469.171
303.155
606.48
138.359
607.503
606.824
605.912
600.568
606.483
611.026
300.609
606.476
606.324
587.042
368.517
606.286
390.899
221.65
317.012
373.567
606.18
606.404
605.921
542.188
342.958
551.043
574.055
606.052
390.127
606.312
525.367
505.417
584.716
606.92
397.583
222.657
606.725
566.002
606.577
606.194
606.063
555.71
607.632
493.939
538.102
267.231
606.675
434.917
606.401
592.336
596.883
606.625
605.867
605.75
606.006
606.279
499.877
352.447
596.918
606.354
440.486
515.472
215.232
606.347
499.25
410.606
606.394
369.926
606.748
606.782
290.375
437.578
422.049
413.328
606.396
606.513
538.463
606.898
503.538
606.806
439.452
606.353
606.785
486.429
606.513
606.279
339.513
482.35
606.561
586.138
606.214
552.554
424.929
468.737
606.698
606.468
607.151
606.28
579.758
541.581
606.064
607.133
344.643
554.679
606.867
527.822
520.921
603.547
297.453
350.699
437.056
606.145
606.709
221.611
605.597
446.403
483.219
215.775
606.87
605.983
606.446
452.225
587.358
607.243
288.645
522.403
606.605
488.171
507.146
343.081
606.413
604.154
533.169
606.762
606.198
606.247
606.794
608.713
606.559
606.597
577.126
606.215
606.203
592.17
452.407
214.559
491.079
512.776
606.722
606.733
605.915
606.586
548.95
541.286
606.402
606.724
606.914
606.426
606.291
606.635
511.244
605.976
597.834
605.722
606.1
606.294
606.47
509.795
606.516
297.576
486.435
607.741
490.263
504.703
607.267
367.863
606.715
427.099
606.408
564.259
606.188
308.398
595.937
481.977
606.106
381.205
606.307
606.548
552.761
480.926
489.501
587.011
606.24
606.258
606.128
508.778
575.353
606.9
606.252
606.115
451.137
568.384
606.438
601.382
607.181
606.184
214.659
607.275
488.454
606.208
606.52
358.309
606.076
481.006
606.395
605.47
606.558
606.211
576.729
552.795
546.494
555.327
568.778
606.004
604.583
605.217
605.922
606.412
597.591
448.141
595.209
606.223
606.465
604.706
605.969
606.389
606.667
606.683
519.522
606.36
606.565
564.481
393.872
607.196
606.075
359.987
606.398
606.236
165.882
606.329
606.21
540.479
606.121
606.301
576.63
434.958
605.963
372.873
605.485
606.3
299.016
606.452
606.206
247.608
526.871
385.68
537.238
607.005
351.377
465.661
509.59
607.021
606.372
571.752
156.483
606.377
604.939
500.642
585.149
606.7
606.286
605.822
461.758
606.055
606.334
606.334
318.129
606.759
360.307
603.261
592.776
606.748
608.287
575.022
581.004
605.842
607.039
550.795
433.564
478.943
605.802
606.896
500.264
507.214
606.921
606.677
602.735
603.486
141.039
530.05
568.135
430.912
395.317
193.653
606.265
131.035
488.145
606.696
606.683
486.178
606.719
536.592
606.716
606.142
606.422
606.076
606.039
567.622
606.435
582.679
606.388
416.686
606.44
423.855
557.342
607.106
590.49
160.867
583.977
459.839
606.394
606.356
605.713
606.43
606.612
265.625
606.631
389.088
606.087
303.931
608.043
306.453
606.27
249.993
284.788
270.492
606.244
609.412
606.333
605.162
606.998
607.124
460.447
607.228
606.602
605.891
598.158
606.615
606.677
583.687
606.429
606.958
448.859
483.635
517.718
597.378
605.312
564.485
491.002
607.086
604.866
303.647
606.518
606.534
603.829
606.488
606.318
606.968
271.556
583.745
606.029
398.166
411.484
606.418
604.061
606.552
145.981
603.498
463.027
405.346
504.388
280.641
606.599
378.286
606.302
516.867
606.286
606.878
605.871
607.161
538.487
603.44
606.249
604.627
606.627
91.4505
585.132
605.633
537.391
606.276
606.589
606.537
352.496
606.528
606.323
605.953
606.064
606.32
606.143
289.278
606.191
591.668
606.647
454.746
580.959
606.322
607.753
555.712
397.333
390.05
537.87
425.962
614.738
605.726
445.572
120.476
606.717
421.975
404.252
531.389
558.629
429.529
505.953
465.484
526.135
607.02
530.866
606.35
606.893
177.09
491.906
606.174
289.546
606.292
606.976
606.274
526.468
606.14
606.491
605.367
571.872
340.066
605.622
437.231
606.829
474.126
469.462
605.72
606.165
606.216
576.906
607.131
580.487
606.903
457.603
606.467
605.93
606.339
584.383
606.113
607.428
363.795
377.15
606.578
434.487
590.124
606.748
545.186
383.18
539.37
606.165
347.359
465.236
580.22
607.286
605.575
584.883
606.307
606.211
449.994
606.153
606.658
606.11
608.054
605.827
607.416
599.333
598.912
519.09
483.281
606.191
606.783
494.056
283.8
353.984
606.142
606.43
606.479
372.602
606.52
606.658
606.499
604.623
187.567
606.653
332.716
604.001
606.561
561.828
606.42
606.308
606.454
97.7677
518.392
606.573
606.256
520.428
405.071
594.711
189.511
599.154
606.849
606.331
309.854
586.618
606.025
606.198
513.861
606.305
606.825
607.105
599.075
418.772
519.656
317.084
550.218
606.869
606.172
606.347
605.497
496.317
606.278
606.678
603.125
606.474
606.948
446.041
607.184
399.849
498.031
606.918
607.106
555.081
253.207
606.666
373.657
606.888
606.277
605.927
606.21
606.123
443.093
563.109
599.397
595.925
449.772
606.317
552.621
470.875
434.352
580.514
606.627
566.405
606.462
606.365
608.183
606.063
606.466
229.207
606.484
606.813
309.726
377.607
589.837
541.375
467.045
538.466
607.185
606.761
602.983
464.036
606.15
606.245
606.474
398.618
575.143
481.863
323.562
596.419
336.383
608.121
442.766
367.11
606.374
606.458
580.907
487.603
434.586
606.271
606.407
254.391
540.111
606.904
605.897
606.817
606.263
551.992
547.632
173.695
472.927
473.437
606.949
605.981
606.062
606.143
422.73
468.368
605.263
606.894
364.988
230.562
436.429
498.907
486.042
313.186
86.1512
607.508
606.463
597.592
596.622
606.463
276.122
606.189
606.069
478.562
606.955
583.804
605.553
606.593
606.157
594.996
606.204
606.369
606.077
580.728
606.728
606.295
518.483
554.859
606.156
605.733
605.274
379.236
424.783
340.431
234.449
606.834
566.553
159.092
606.572
509.083
105.03
605.891
386.189
326.692
543.668
351.48
577.463
605.925
390.182
133.436
606.456
598.662
606.323
508.126
606.203
452.51
606.831
533.426
606.492
605.669
593.344
606.867
606.776
606.29
304.855
473.055
606.286
606.304
604.032
439.135
444.754
565.969
591.979
548.846
606.995
516.82
389.153
383.522
392.933
477.88
606.648
605.517
123.584
556.176
605.401
565.398
140.001
605.258
606.46
450.371
606.042
605.54
249.406
608.902
212.049
560.93
449.115
606.908
163.385
606.262
606.119
607.164
407.065
606.486
605.78
521.383
605.947
606.658
519.045
606.427
584.603
606.268
606.387
517.352
606.519
604.136
606.57
545.484
606.774
606.68
363.067
606.506
606.833
458.363
569.301
606.863
574.576
522.208
395.048
551.939
605.492
416.926
606.605
606.407
606.214
605.512
606.509
606.661
605.218
606.233
606.208
604.747
606.068
575.968
564.169
607.551
606.509
606.361
605.243
351.735
546.414
575.623
605.933
607.586
502.193
346.556
396.267
491.706
606.98
346.88
579.817
496.738
606.952
606.796
485.955
292.398
606.397
603.755
606.959
342.2
330.953
607.371
603.951
606.052
605.68
606.517
374.449
606.878
388.968
409.168
240.47
333.902
388.844
561.14
503.578
597.618
607.459
605.454
605.689
606.083
492.205
457.111
605.473
606.946
606.148
605.525
606.453
606.82
606.14
571.172
599.188
606.424
399.857
606.104
553.969
606.503
606.782
507.701
459.805
605.463
589.266
485.552
530.919
453.507
444.426
174.622
367.763
541.136
606.159
369.835
206.962
614.411
262.749
590.078
606.521
606.795
606.412
398.782
302.194
591.496
606.588
241.346
605.96
506.745
606.836
599.679
601.939
378.331
606.531
546.279
605.972
544.992
586.036
396.802
606.596
606.069
606.94
421.705
391.123
605.634
447.053
607.271
606.854
452.618
412.642
607.922
127.508
549.883
606.873
592.081
605.579
253.722
309.289
606.487
606.172
431.065
281.894
605.881
606.669
605.925
238.659
517.124
375.65
605.887
606.576
397.808
606.76
606.133
595.856
596.392
573.971
530.495
552.245
606.417
606.139
607.403
606.285
606.653
606.256
437.368
605.98
585.748
332.81
395.805
357.086
482.958
451.917
606.398
449.821
602.088
360.323
605.757
446.495
419.318
496.835
247.09
606.358
536.473
548.177
436.705
205.634
420.862
602.989
596.402
606.271
606.426
493.41
606.346
606.278
601.959
382.719
606.023
606.425
323.723
606.627
424.733
606.509
502.303
606.297
289.206
606.068
606.479
605.904
428.952
457.099
607.375
584.002
511.745
606.629
606.488
606.716
559.775
507.318
606.371
591.179
597.06
395.765
605.667
606.301
605.914
606.404
589.311
606.151
288.167
277.821
607.081
503.448
607.111
605.233
606.424
481.833
606.569
325.299
605.467
480.544
435.673
606.356
543.043
606.119
606.613
563.466
605.941
383.587
510.336
417.245
606.615
535.906
606.469
606.017
606.841
601.561
606.543
606.316
293.558
606.414
610.178
581.57
385.969
515.6
606.177
552.53
464.808
606.434
606.543
606.605
606.79
489.176
606.624
510.061
606.361
606.637
606.764
274.892
404.575
348.371
308.648
606.391
375.253
553.593
547.199
214.614
606.814
606.401
606.902
608.374
531.662
489.547
183.512
602.263
514.995
200.789
529.314
409.261
301.666
606.134
263.797
346.458
606.185
257.36
476.912
523.689
606.263
606.883
608.672
605.976
606.515
381.604
448.498
226.619
410.466
334.708
438.715
400.597
605.813
489.314
606.561
606.348
541.724
606.406
395.728
606.779
606.598
606.294
605.873
605.797
281.833
607.146
606.174
519.221
606.406
607.305
606.503
510.504
384.959
395.977
606.392
396.603
233.432
497.712
607.3
606.694
483.376
606.641
322.171
606.413
582.655
604.183
606.434
409.75
606.546
387.847
605.96
526.834
604.895
604.84
601.428
602.559
388.279
606.676
606.265
612.521
601.055
606.236
606.389
465.437
579.355
595.025
524.265
579.068
606.334
388.642
606.615
574.389
178.723
351.632
606.226
231.057
160.488
573.993
606.65
605.102
517.446
592.718
606.285
604.064
273.11
606.533
607.046
196.728
595.432
295.279
606.832
605.791
480.519
440.679
437.741
606.354
592.489
605.256
604.737
606.02
194.696
605.9
430.344
606.836
606.347
606.374
549.486
606.47
608.143
554.201
234.494
607.395
434.471
605.672
485.353
230.867
392.493
469.363
606.178
606.206
606.654
560.721
606.883
606.197
606.353
599.663
606.289
606.454
554.475
606.234
604.095
591.362
606.024
606.153
265.529
584.012
606.182
606.493
606.363
606.715
605.437
386.042
606.09
606.527
421.399
418.136
606.558
606.249
605.926
606.326
606.119
606.306
425.035
561.791
606.77
606.382
560.598
468.466
465.899
605.348
606.63
606.547
607.283
326.426
424.52
218.789
418.231
428.04
419.847
498.545
606.037
606.357
605.995
566.1
606.155
605.946
605.943
301.635
606.476
578.474
467.318
579.591
507.326
606.929
548.041
589.932
456.815
606.524
606.487
434.422
581.328
606.107
268.82
335.911
477.634
403.103
449.648
517.005
605.878
505.487
607.707
293.657
606.289
605.526
591.162
607.327
278.759
606.046
605.671
606.655
310.319
606.998
272.268
606.446
382.071
195.863
606.337
287.275
606.685
397.022
606.344
318.523
606.336
152.296
607.376
606.151
568.95
606.714
489.128
570.83
606.43
561.422
210.952
605.893
606.407
605.518
388.879
442.018
511.825
291.589
438.497
606.988
606.49
599.625
606.388
606.264
533.034
606.582
606.744
507.686
607.136
606.796
606.621
606.174
605.647
542.371
549.195
559.533
606.94
604.266
606.43
607.189
597.058
342.579
606.556
606.252
612.805
505.909
606.343
402.209
607.721
606.343
602.401
608.616
481.508
606.758
605.843
500.104
289.974
465.082
337.73
606.278
404.345
606.403
483.228
543.67
605.987
599.869
468.265
606.769
419.443
606.568
606.876
473.268
606.942
320.924
605.818
606.774
381.956
407.675
498.146
605.573
370.94
533.3
605.795
607.737
572.94
544.47
606.77
606.153
344.662
605.97
569.493
492.117
606.538
601.867
606.326
602.865
606.208
606.2
607.031
142.353
606.131
606.556
386.052
581.276
605.809
433.668
502.723
396.725
183.652
606.055
606.723
275.346
564.18
462.473
606.705
491.417
509.913
606.429
539.14
606.07
216.558
274.909
606.09
565.799
606.719
604.16
606.386
232.495
607.763
606.276
606.917
477.459
418.714
606.129
541.939
482.626
596.307
607.203
606.424
606.181
606.508
485.789
151.003
606.416
606.094
429.254
583.536
397.796
374.152
413.489
375.808
606.732
606.121
538.725
606.273
226.862
601.88
606.023
606.337
606.675
523.561
499.461
325.775
609.826
606.19
605.915
606.224
382.576
487.597
605.896
606.296
525.591
213.693
606.488
466.199
607.091
606.405
606.279
514.173
606.55
169.751
522.201
580.986
580.245
287.633
606.111
605.651
605.947
444.058
606.548
606.313
605.637
594.392
606.195
414.106
611.583
606.112
466.023
467.999
606.758
606.465
606.999
606.99
137.577
271.416
605.823
467.678
607.658
606.372
606.042
563.965
607.03
606.637
604.718
539.621
610.885
607.567
590.062
606.102
605.976
382.099
605.478
605.971
577.137
202.599
605.871
606.211
606.496
606.512
606.893
241.121
606.347
604.044
564.566
606.161
606.276
606.285
433.787
260.648
542.325
605.91
606.437
522.37
490.671
548.21
239.933
606.428
606.197
606.575
606.89
606.05
583.191
542.53
606.937
605.775
495.227
606.213
519.618
478.551
606.265
606.242
406.619
555.554
565.354
606.511
584.073
600.978
313.503
291.841
605.988
409.954
605.419
550.803
606.299
501.172
445.694
591.2
519.028
605.935
258.804
242.166
605.499
524.948
398.628
612.882
371.995
606.144
276.751
606.343
324.755
597.829
482.181
606.059
605.831
605.924
285.544
492.686
334.481
518.395
248.373
606.183
606.426
606.242
597.154
441.781
274.3
569.854
606.266
605.948
218.515
266.295
320.062
565.291
606.337
428.964
606.353
278.359
222.358
377.295
595.808
486.696
598.028
606.434
607.202
606.424
573.081
606.491
157.005
606.165
551.15
341.351
606.218
353.547
450.993
519.172
606.422
391.837
602.817
223.293
606.779
383.765
606.293
411.613
606.429
447.8
444.889
387.71
606.535
376.526
606.352
605.77
606.295
558.001
296.566
484.533
274.432
268.442
434.329
606.257
443.296
356.597
606.29
607.124
606.372
334.071
279.638
388.038
605.931
565.324
606.164
599.385
129.232
396.81
606.313
480.696
606.208
606.689
606.26
430.083
605.69
570.604
607.74
595.08
514.56
605.051
606.374
605.684
604.363
439.933
607.235
606.029
491.664
554.312
605.842
436.955
130.235
331.483
606.922
606.985
606.496
606.281
606.713
606.737
606.667
607.259
606.42
517.199
526.005
605.317
462.114
594.898
431.929
606.388
301.686
606.916
161.208
605.23
607.15
606.815
606.823
606.538
340.212
590.184
606.016
605.535
420.191
207.384
606.493
446.742
606.307
606.289
600.435
606.413
605.988
606.132
606.584
595.674
590.221
607.161
489.741
527.564
435.662
606.742
358.27
605.994
579.086
578.197
540.985
606.211
492.103
606.066
601.642
606.984
606.253
398.069
482.866
568.1
606.629
606.478
606.543
607.233
514.161
513.922
606.553
406.43
549.578
606.752
482.82
431.083
606.702
609.878
606.605
391.55
606.695
376.788
605.962
605.911
597.688
606.08
606.195
605.84
511.45
567.633
167.685
606.206
606.822
357.361
411.873
604.632
606.419
606.484
248.548
606.351
512.775
458.337
418.906
606.447
152.636
552.745
602.473
584.372
606.681
504.066
538.615
606.507
606.594
562.543
606.28
488.032
606.187
515.259
606.891
424.967
573.952
566.164
605.831
537.634
590.825
606.514
592.353
607.678
550.699
606.873
605.906
565.67
269.04
608.185
512.005
587.376
606.466
606.754
605.733
605.819
263.296
606.208
579.709
606.519
606.222
257.922
606.144
606.871
606.292
606.67
606.373
606.293
606.513
605.991
594.57
488.941
511.183
606.456
606.862
519.267
606.645
564.471
332.566
500.815
606.862
592.17
354.322
603.245
506.259
417.474
259.568
605.858
567.149
606.47
206.023
606.946
605.347
544.381
608.438
596.462
516.726
606.398
563.498
606.353
606.277
492.012
606.511
606.387
607.474
364.337
287.805
605.719
606.75
606.206
606.597
606.146
606.748
605.713
607.085
601.539
578.817
589.204
604.402
606.17
482.275
606.597
574.728
549.144
279.881
606.956
606.372
518.149
607.065
606.537
212.524
606.098
606.895
583.995
126.209
551.076
336.667
540.138
606.312
426.885
606.437
606.161
597.155
606.011
552.112
562.507
383.614
403.4
606.086
376.008
431.997
518.678
538.791
606.395
606.021
511.402
606.344
339.063
244.625
607.527
411.378
404.828
606.137
606.666
592.666
606.915
606.662
606.743
588.395
395.665
606.496
341.869
603.416
606.248
605.403
349.949
606.51
606.883
360.632
439.811
306.433
606.031
532.96
524.757
606.567
606.741
191.933
606.269
507.634
347.396
606.113
606.459
550.885
423.756
511.843
445.998
606.452
606.234
544.27
606.537
605.756
606.192
604.623
610.459
606.326
606.297
606.139
365.118
606.651
606.538
614.375
606.26
573.823
497.93
606.177
575.639
606.993
605.742
606.276
606.142
607.484
584.255
497.997
390.648
606.709
606.267
416.667
605.599
553.83
515.15
596.667
606.612
606.374
606.696
606.194
607.439
417.794
606.094
281.296
485.336
572.757
603.932
606.221
405.416
607.803
601.175
607.465
215.586
511.324
332.654
462.734
379.645
607.02
606.831
562.156
606.576
409.361
607.105
606.499
605.832
539.618
610.252
606.151
546.143
606.362
547.976
437.207
606.254
362.726
504.473
575.087
568.995
281.094
489.966
253.735
606.491
512.892
606.509
527.146
606.824
522.734
585.637
482.931
606.452
606.005
606.67
606.329
606.566
605.974
552.449
572.195
379.618
367.439
606.548
402.906
607.009
606.251
605.711
333.342
606.544
164.414
606.398
605.696
457.194
605.343
430.971
606.041
257.598
605.657
424.906
605.491
459.493
369.28
568.088
605.905
606.907
337.506
605.968
437.887
606.323
606.378
606.117
598.389
606.026
191.293
583.452
604.522
607.735
606.28
606.561
274.834
520.901
605.933
606.681
519.397
368.313
605.246
464.08
605.988
606.01
606.106
526.199
606.349
606.558
603.485
606.204
606.496
362.624
605.747
385.25
606.435
606.121
606.45
606.278
605.749
605.807
606.678
557.282
606.758
606.116
605.969
600.053
582.055
516.469
172.84
585.491
606.425
348.042
606.348
605.848
606.631
606.478
540.884
606.542
602.1
462.315
606.233
542.935
558.916
247.26
452.128
480.914
433.196
329.743
226.438
605.953
320.304
600.797
597.117
605.474
605.33
606.145
606.237
603.802
564.627
330.801
605.751
539.832
606.838
380.056
606.255
329.689
606.086
603.104
606.103
606.46
605.614
441.923
462.575
327.481
385.956
606.853
357.163
244.736
606.327
605.78
578.168
602.957
607.474
558.165
606.174
279.155
606.839
578.054
363.321
605.466
606.683
606.9
533.059
605.072
592.048
606.674
425.385
185.223
605.888
606.648
605.931
552.292
606.051
409.813
504.114
606.727
506.311
208.622
606.894
605.363
442.145
601.431
607.305
606.766
455.409
262.229
115.554
468.652
374.179
465.109
395.137
606.835
606.069
551.636
606.485
420.341
503.58
606.416
606.465
606.203
524.213
606.197
557.008
606.786
190.57
606.358
606.312
338.231
365.059
312.058
608.212
263.833
595.2
458.383
190.697
606.454
430.197
352.725
605.589
442.464
575.253
547.352
534.044
448.816
606.663
606.46
606.126
562.861
598.921
590.727
606.318
606.246
606.819
606.538
301.636
427.609
513.733
606.711
607.504
539.588
344.6
607.596
525.406
510.704
606.491
606.976
606.771
606.84
495.418
606.665
568.048
299.629
606.774
549.022
605.794
525.036
344.991
480.763
606.651
507.712
606.141
517.1
606.295
604.661
494.919
518.482
291.964
606.828
606.985
606.15
528.487
606.206
606.111
569.116
606.591
524.437
494.859
606.234
476.151
606.357
435.077
218.572
606.727
606.488
572.502
574.264
605.631
604.454
187.188
599.535
606.365
348.604
604.164
431.285
563.844
606.165
258.365
606.723
606.801
309.283
606.266
605.75
594.18
572.976
504.446
405.368
607.592
605.781
606.535
436.841
606.556
605.81
146.495
606.654
606.148
606.149
606.432
606.349
544.144
383.795
501.561
605.544
482.468
591.765
606.178
534.496
261.427
590.9
318.234
572.365
399.698
333.832
604.586
604.157
540.124
606.198
606.12
301.715
606.218
273.663
606.557
606.703
606.172
528.646
562.342
606.717
452.276
465.315
363.837
601.109
606.217
607.302
517.16
390.377
603.714
85.7266
343.39
606.336
344.289
605.282
569.293
580.806
148.395
606.601
379.96
606.527
606.422
606.811
606.438
606.222
606.459
606.386
605.638
598.519
231.151
607.853
169.733
606.542
303.399
596.78
606.284
601.077
606.823
434.284
566.917
606.541
605.974
562.977
607.598
606.278
532.927
244.517
