0
0
1.11934
2.08163
3.49752
5.3504
7.56287
9.87888
11.673
12.9228
14.0211
14.6
14.1993
13.5542
12.9776
12.3937
11.6778
10.8476
9.98966
9.16139
8.40957
7.7546
7.13567
6.52859
5.98889
5.52072
5.06394
4.62387
4.22195
3.85358
3.48622
3.11184
2.76027
2.43615
2.12773
1.81939
1.51317
1.21407
0.937881
0.676239
0.417388
0.169473
-0.0686831
-0.293492
-0.507219
-0.709068
-0.900056
-1.08273
-1.25863
-1.42796
-1.58869
-1.74272
-1.88945
-2.03102
-2.16543
-2.29307
-2.41353
-2.52943
-2.63843
-2.73852
-2.83175
-2.92232
-3.00939
-3.08921
-3.16317
-3.23485
-3.30115
-3.36057
-3.4144
-3.46303
-3.51234
-3.55768
-3.59659
-3.63014
-3.66569
-3.69558
-3.7193
-3.74034
-3.75825
-3.77374
-3.79151
-3.80493
-3.81301
-3.81884
-3.82468
-3.82787
-3.82598
-3.82335
-3.82073
-3.81433
-3.80409
-3.79116
-3.77938
-3.76885
-3.75549
-3.74113
-3.72581
-3.7095
-3.69187
-3.66889
-3.64633
-3.62487
-3.60208
-3.57477
-3.54562
-3.51512
-3.48797
-3.46127
-3.4327
-3.40298
-3.3748
-3.34514
-3.31156
-3.28113
-3.25214
-3.22209
-3.1919
-3.16066
-3.12154
-3.0855
-3.05184
-3.02077
-2.98588
-2.94623
-2.90887
-2.87121
-2.83244
-2.79414
-2.75867
-2.72378
-2.68229
-2.64378
-2.60905
-2.57474
-2.53867
-2.49768
-2.45593
-2.41795
-2.38373
-2.3518
-2.31315
-2.2744
-2.23659
-2.19821
-2.16106
-2.12636
-2.09161
-2.05344
-2.01391
-1.97573
-1.94208
-1.90673
-1.87091
-1.83432
-1.79779
-1.7606
-1.72447
-1.69009
-1.6578
-1.62732
-1.59306
-1.55729
-1.5263
-1.49113
-1.45779
-1.42666
-1.39859
-1.36736
-1.33653
-1.30476
-1.27279
-1.24099
-1.20737
-1.17688
-1.14714
-1.11758
-1.08768
-1.05679
-1.02678
-1.00096
-0.975523
-0.952441
-0.925709
-0.895562
-0.865843
-0.837312
-0.812381
-0.783715
-0.752134
-0.72266
-0.696994
-0.674096
-0.650206
-0.631152
-0.607495
-0.580678
-0.552097
-0.526542
-0.500656
-0.477757
-0.455495
-0.431666
-0.411854
-0.39067
-0.370404
-0.34993
-0.326664
-0.309435
-0.291153
-0.272173
-0.247622
-0.22487
-0.206123
-0.185759
-0.167661
-0.152501
-0.134746
-0.115986
-0.0975327
-0.0783568
-0.0608952
-0.0404825
-0.0213678
-0.00639197
0.00646544
0.0212698
0.0341273
0.0485276
0.0643116
0.0800466
0.0951204
0.110243
0.124276
0.137489
0.151669
0.164979
0.177445
0.19482
0.213421
0.224907
0.233221
0.244866
0.256585
0.269149
0.281418
0.28972
0.300019
0.312386
0.325684
0.336705
0.342864
0.349942
0.358734
0.367367
0.376759
0.387755
0.3958
0.403074
0.409662
0.418895
0.429793
0.437924
0.447965
0.458618
0.467398
0.477255
0.485839
0.494459
0.504366
0.512693
0.520174
0.526603
0.533019
0.536142
0.540807
0.548693
0.555318
0.560779
0.563706
0.568016
0.571396
0.577861
0.584131
0.588821
0.593535
0.60218
0.608572
0.610164
0.611033
0.61396
0.618393
0.626217
0.630528
0.634997
0.638156
0.640814
0.640214
0.644181
0.649116
0.655838
0.663528
0.667373
0.670116
0.675639
0.680525
0.678712
0.679496
0.679031
0.676888
0.675492
0.676741
0.676129
0.672994
0.675174
0.679006
0.683831
0.688166
0.689072
0.689966
0.689476
0.688374
0.691325
0.692831
0.699309
0.700607
0.696762
0.696223
0.696615
0.697264
0.696003
0.695549
0.696186
0.697043
0.698378
0.698635
0.696296
0.696664
0.698354
0.697325
0.696554
0.696137
0.694717
0.697447
0.697252
0.692415
0.688288
0.685215
0.685435
0.684847
0.685557
0.685839
0.688937
0.689574
0.685949
0.683782
0.685668
0.686268
0.684419
0.68159
0.677451
0.675663
0.674329
0.670533
0.668696
0.667679
0.666271
0.667582
0.667447
0.66583
0.66501
0.663798
0.659022
0.654479
0.651626
0.650634
0.644916
0.638671
0.635218
0.631654
0.627822
0.626462
0.626254
0.628973
0.628115
0.620609
0.619678
0.619519
0.615454
0.617425
0.614646
0.60998
0.602964
0.600221
0.599303
0.5976
0.5976
0.590339
0.587094
0.586176
0.586066
0.584057
0.581302
0.581412
0.581706
0.577163
0.571261
0.566681
0.564894
0.561967
0.559187
0.556102
0.555881
0.554387
0.553628
0.550775
0.550383
0.54502
0.537134
0.534562
0.529603
0.529419
0.527338
0.525072
0.522354
0.516819
0.513611
0.510623
0.50837
0.508064
0.505113
0.501758
0.500986
0.497606
0.49419
0.489255
0.48579
0.483108
0.478798
0.4739
0.469516
0.465389
0.465598
0.462977
0.461802
0.459426
0.457234
0.452312
0.447671
0.447781
0.446336
0.445173
0.439711
0.435119
0.432181
0.430074
0.425715
0.419103
0.416764
0.41478
0.415858
0.418233
0.414829
0.410911
0.407164
0.401935
0.394796
0.393253
0.392886
0.391012
0.38718
0.383886
0.384804
0.378547
0.372632
0.36793
0.366742
0.367232
0.366498
0.364355
0.360351
0.35593
0.351705
0.348987
0.347371
0.343893
0.342656
0.341689
0.340844
0.33466
0.330154
0.327044
0.326101
0.32746
0.326566
0.325158
0.32386
0.319035
0.309803
0.306876
0.307096
0.30668
0.302504
0.30177
0.300717
0.297717
0.294227
0.288692
0.284749
0.280488
0.280671
0.281039
0.281014
0.277953
0.272418
0.269136
0.265732
0.261532
0.257369
0.260075
0.258826
0.25705
0.253524
0.247242
0.243164
0.237299
0.234238
0.234005
0.232744
0.229572
0.225813
0.227821
0.228091
0.227515
0.225886
0.224037
0.223682
0.220413
0.219519
0.220339
0.216323
0.215368
0.213519
0.209882
0.208584
0.204359
0.197796
0.192849
0.188
0.185808
0.184792
0.184375
0.183726
0.180983
0.181951
0.178853
0.174947
0.174334
0.173869
0.173318
0.17082
0.167722
0.166289
0.163485
0.160926
0.16122
0.15931
0.156542
0.156101
0.156714
0.155771
0.151828
0.149317
0.150897
0.150077
0.150028
0.14775
0.145877
0.14224
0.138211
0.140391
0.141101
0.139521
0.138468
0.136436
0.132603
0.12948
0.130901
0.129995
0.125856
0.121754
0.121031
0.125378
0.124999
0.120015
0.11726
0.113819
0.111235
0.112741
0.109925
0.107353
0.104304
0.101292
0.0963572
0.0958673
0.0939449
0.0931857
0.0955122
0.0955735
0.0971898
0.0959041
0.0946061
0.0944714
0.0977041
0.0972143
0.0893652
0.0866467
0.0840997
0.0841732
0.0823487
0.07892
0.0754669
0.0778547
0.0818956
0.0780751
0.0755771
0.0724668
0.070226
0.0694423
0.071328
0.0668096
0.0629034
0.0625605
0.0642381
0.0648136
0.0653279
0.0639687
0.0635279
0.0668096
0.0637728
0.0614707
0.0579808
0.0505358
0.0464459
0.0478908
0.0495684
0.0490051
0.0491398
0.0487602
0.0485765
0.0504133
0.0498011
0.0482092
0.0456622
0.0454173
0.0449887
0.0415356
0.0392947
0.0361232
0.0372743
0.0393559
0.0393804
0.0399192
0.0373355
0.034764
0.0348987
0.034115
0.0288986
0.029621
0.0282128
0.02667
0.0232046
0.0217719
0.0239148
0.0232291
0.0232536
0.0200698
0.0186249
0.0159799
0.0166412
0.0191514
0.0185392
0.0192004
0.0187473
0.0131391
0.0130044
0.0180494
0.0200453
0.0178167
0.0149024
0.0131391
0.0130656
0.0128452
0.0107268
0.00697974
0.00751853
0.00852263
0.0105553
0.0109717
0.00880427
0.00475112
0.00380824
0.00530215
0.00361232
0.00411437
0.0043103
0.00282863
0.000685729
0.00295108
0.00444499
0.00302455
0.00143268
0.00172657
0.00244903
-0.0003796
-0.000514297
-0.00271843
-0.00667361
-0.00874304
-0.00944102
-0.00667361
-0.00522868
-0.00622054
-0.00650218
-0.00832671
-0.0122329
-0.0158942
-0.0129064
-0.0120247
-0.0123309
-0.0111431
-0.00952673
-0.00890223
-0.0112411
-0.0101023
-0.0083512
-0.00908591
-0.0123064
-0.0130288
-0.013837
-0.017731
-0.0205351
-0.0205719
-0.0188698
-0.0198249
-0.0222372
-0.0208413
-0.0200698
-0.0213678
-0.022127
-0.0213311
-0.0241842
-0.0263271
-0.0257271
-0.0242332
-0.0248577
-0.0189922
-0.0197147
-0.0228984
-0.0256781
-0.0237923
-0.025274
-0.0274781
-0.0249556
-0.0255556
-0.026474
-0.0268291
-0.025874
-0.0286904
-0.0297802
-0.031066
-0.0297557
-0.0293272
-0.0303557
-0.0336619
-0.0339558
-0.0330987
-0.036062
-0.0368457
-0.0345803
-0.0314456
-0.0295353
-0.0292169
-0.0275761
-0.0267679
-0.0263271
-0.0241597
-0.0203637
-0.0218086
-0.0289231
-0.0321068
-0.0318374
-0.0318864
-0.0344089
-0.0325231
-0.0276496
-0.0301966
-0.0330129
-0.0304047
-0.0294741
-0.0318741
-0.0313966
-0.02847
-0.0311639
-0.0341517
-0.0331354
-0.031715
-0.0328293
-0.0328293
-0.0314088
-0.0279312
-0.0299027
-0.0293516
-0.0266087
-0.0293761
-0.0295353
-0.0282496
-0.0297312
-0.0295476
-0.0279924
-0.0293884
-0.0317517
-0.0325109
-0.0295721
-0.0259475
-0.0251393
-0.0252005
-0.0265597
-0.0271843
-0.0266944
-0.0265597
-0.0248699
-0.0286537
-0.0320823
-0.0327803
-0.0287271
-0.029119
-0.0303557
-0.0298904
-0.0296088
-0.0296945
-0.0273189
-0.0273434
-0.0279312
-0.0255556
-0.0238536
-0.0262659
-0.0261801
-0.0238658
-0.023425
-0.0257761
-0.0298659
-0.0301843
-0.0326211
-0.0299639
-0.0263026
-0.0226413
-0.0223964
-0.0235107
-0.0242454
-0.0225556
-0.0219311
-0.0218209
-0.0225188
-0.0221025
-0.0222984
-0.0236944
-0.0223229
-0.0182086
-0.0156126
-0.0174004
-0.0211841
-0.0204127
-0.0209025
-0.0222372
-0.0249189
-0.023976
-0.0236821
-0.0230699
-0.0233883
-0.0241107
-0.0255189
-0.0217474
-0.0218086
-0.0221392
-0.0207433
-0.0161269
-0.0131146
-0.013384
-0.0175963
-0.0163106
-0.0177677
-0.020327
-0.0221025
-0.018331
-0.018331
-0.018331
-0.018331
-0.018331
-0.018331
-0.018331
-0.018331
-0.018331
-0.018331
-0.018331
-0.018331
-0.018331
-0.018331
-0.018331
-0.018331
-0.018331
-0.018331
-0.018331
-0.018331
-0.018331
-0.018331
-0.018331
-0.018331
-0.018331
-0.018331
-0.018331
-0.018331
-0.018331
-0.018331
-0.018331
-0.018331
-0.018331
-0.018331
-0.018331
-0.018331
-0.018331
-0.018331
-0.018331
-0.018331
-0.018331
-0.018331
-0.018331
-0.018331
-0.018331
-0.018331
-0.018331
-0.018331
-0.018331
-0.018331
-0.018331
-0.018331
-0.018331
-0.018331
-0.018331
-0.018331
-0.018331
-0.018331
-0.018331
-0.018331
-0.018331
-0.018331
-0.018331
-0.018331
-0.018331
-0.018331
-0.018331
-0.018331
-0.018331
-0.018331
-0.018331
-0.018331
-0.018331
-0.018331
-0.018331
-0.018331
-0.018331
-0.018331
-0.018331
-0.018331
-0.018331
-0.018331
-0.018331
-0.018331
-0.018331
-0.018331
-0.018331
-0.018331
-0.018331
-0.018331
-0.018331
-0.018331
-0.018331
-0.018331
-0.018331
-0.018331
-0.018331
-0.018331
-0.018331
-0.018331
-0.018331
-0.018331
-0.018331
-0.018331
-0.018331
-0.018331
-0.018331
-0.018331
-0.018331
-0.018331
-0.018331
-0.018331
-0.018331
-0.018331
-0.018331
-0.018331
-0.018331
-0.018331
-0.018331
-0.018331
-0.018331
-0.018331
-0.018331
-0.018331
-0.018331
-0.018331
-0.018331
-0.018331
-0.018331
-0.018331
-0.018331
