0
0
2.05068
2.98497
4.16175
5.57308
7.12368
8.63553
10.0337
11.4394
12.9444
14.43
13.3155
12.0404
10.9853
10.1509
9.33618
8.53585
7.76949
6.99925
6.32285
5.72636
5.23866
4.78915
4.3726
4.01588
3.73727
3.47272
3.19876
2.93361
2.67169
2.44665
2.21758
1.99249
1.75767
1.50152
1.24261
1.02071
0.828518
0.613946
0.370578
0.144968
-0.0460966
-0.245937
-0.417036
-0.580526
-0.712054
-0.858536
-1.0246
-1.13963
-1.23631
-1.34387
-1.45299
-1.56713
-1.65152
-1.73011
-1.8268
-1.91952
-1.989
-2.05852
-2.13912
-2.20575
-2.28356
-2.3287
-2.36673
-2.40115
-2.45899
-2.50405
-2.51497
-2.54545
-2.58958
-2.61907
-2.65027
-2.68628
-2.7031
-2.73377
-2.74215
-2.74472
-2.77507
-2.79615
-2.80227
-2.81987
-2.80944
-2.81605
-2.82132
-2.81037
-2.79651
-2.77195
-2.75963
-2.75759
-2.73921
-2.73291
-2.7282
-2.71022
-2.70815
-2.68948
-2.68606
-2.6747
-2.66868
-2.64484
-2.6443
-2.62823
-2.61276
-2.61433
-2.5602
-2.54634
-2.51345
-2.47604
-2.45938
-2.4474
-2.41269
-2.40931
-2.39311
-2.33882
-2.29914
-2.28389
-2.25739
-2.24049
-2.20446
-2.15911
-2.136
-2.1042
-2.0727
-2.02938
-2.00552
-1.97732
-1.96835
-1.93244
-1.9331
-1.8981
-1.84846
-1.79796
-1.75623
-1.72214
-1.7054
-1.6746
-1.64389
-1.61162
-1.56694
-1.53357
-1.52517
-1.50574
-1.47731
-1.43963
-1.40266
-1.37772
-1.34858
-1.30941
-1.26749
-1.2433
-1.22203
-1.15786
-1.12324
-1.10903
-1.09688
-1.0684
-1.04756
-1.01483
-1.0157
-1.0025
-0.985135
-0.962587
-0.942038
-0.926612
-0.897718
-0.870435
-0.83428
-0.79582
-0.761803
-0.724259
-0.668735
-0.638758
-0.619333
-0.593258
-0.596382
-0.586844
-0.58172
-0.564614
-0.547981
-0.543913
-0.514311
-0.50555
-0.492457
-0.46963
-0.436196
-0.398847
-0.374091
-0.369856
-0.343059
-0.29799
-0.275969
-0.274553
-0.248006
-0.248242
-0.228081
-0.184775
-0.147898
-0.138359
-0.138929
-0.1251
-0.121684
-0.109827
-0.107605
-0.107411
-0.0847651
-0.0707278
-0.0238259
0.00192995
0.0254781
0.0376826
0.0416119
0.0409316
0.0497622
0.0695754
0.0978165
0.117408
0.138443
0.156229
0.167586
0.156062
0.160422
0.164559
0.188496
0.20127
0.194661
0.21303
0.220945
0.22075
0.24584
0.246589
0.247339
0.290381
0.31765
0.327022
0.332812
0.315623
0.334923
0.354778
0.361123
0.361192
0.370661
0.371828
0.390919
0.395695
0.401985
0.409441
0.438751
0.457954
0.463299
0.457148
0.442778
0.437238
0.430504
0.45022
0.465243
0.478725
0.491054
0.511978
0.523489
0.532014
0.548897
0.558769
0.572681
0.558769
0.565114
0.5656
0.575778
0.572418
0.561963
0.55509
0.53747
0.54444
0.562046
0.592995
0.604796
0.609573
0.599465
0.605393
0.622221
0.620486
0.605491
0.61303
0.62715
0.63798
0.615001
0.611516
0.626498
0.626609
0.637689
0.652767
0.657683
0.650546
0.643812
0.648435
0.654795
0.653587
0.635203
0.640077
0.653323
0.673927
0.683772
0.712832
0.70707
0.692866
0.698503
0.722273
0.709083
0.693768
0.669943
0.679551
0.68641
0.686993
0.698684
0.682689
0.678246
0.685313
0.677871
0.665263
0.676052
0.684688
0.686021
0.693213
0.69717
0.671456
0.663653
0.692047
0.685493
0.697642
0.682092
0.673927
0.666832
0.669582
0.668068
0.642382
0.620139
0.622707
0.623527
0.615362
0.608337
0.599173
0.587482
0.606615
0.607893
0.61546
0.618986
0.632926
0.635745
0.642062
0.641688
0.631593
0.632815
0.641507
0.64234
0.644353
0.655392
0.632579
0.635023
0.649935
0.662709
0.645922
0.630733
0.640729
0.645117
0.642923
0.614668
0.60649
0.61203
0.613877
0.622402
0.605074
0.593217
0.612211
0.58876
0.583248
0.596785
0.59287
0.599895
0.605185
0.609892
0.585302
0.550633
0.537068
0.537151
0.549189
0.563948
0.566517
0.530084
0.545565
0.569905
0.584622
0.596077
0.583178
0.575056
0.57289
0.570974
0.572057
0.546384
0.533069
0.514616
0.499191
0.488527
0.491665
0.497497
0.494317
0.499024
0.496927
0.510382
0.507341
0.500051
0.513145
0.491054
0.499357
0.503189
0.510493
0.519157
0.542566
0.52142
0.490915
0.498496
0.488624
0.47667
0.450331
0.459509
0.460605
0.488138
0.507035
0.500787
0.480433
0.463008
0.452761
0.424047
0.421465
0.412329
0.420118
0.412857
0.384921
0.400846
0.381255
0.386837
0.377979
0.398597
0.412954
0.422506
0.412829
0.398042
0.411551
0.414662
0.409385
0.426269
0.440487
0.412426
0.402679
0.396806
0.401263
0.383449
0.371495
0.359235
0.347752
0.349363
0.356055
0.327147
0.323954
0.329633
0.342531
0.323038
0.328189
0.339671
0.342865
0.348918
0.35979
0.353389
0.359387
0.359318
0.352806
0.349279
0.345517
0.345183
0.346641
0.340143
0.32151
0.305265
0.301156
0.29817
0.273303
0.27347
0.302211
0.316803
0.327647
0.334298
0.311763
0.312499
0.3194
0.319802
0.317775
0.302127
0.289409
0.28062
0.281731
0.303974
0.316192
0.311722
0.320469
0.317053
0.304627
0.29195
0.285674
0.287243
0.275955
0.266694
0.264278
0.273025
0.266972
0.248255
0.254462
0.267333
0.272998
0.244284
0.229983
0.232108
0.239703
0.259696
0.249894
0.253059
0.26675
0.268735
0.256725
0.263001
0.266639
0.255906
0.244659
0.247811
0.25081
0.25928
0.254837
0.245298
0.242285
0.247853
0.230567
0.226984
0.225499
0.218251
0.204144
0.235065
0.250213
0.255698
0.254018
0.253837
0.235551
0.22082
0.215224
0.214002
0.232927
0.233316
0.220431
0.216946
0.198771
0.219889
0.225582
0.241063
0.227179
0.212531
0.199146
0.191023
0.184845
0.177708
0.186539
0.189232
0.205588
0.217765
0.231066
0.222264
0.22747
0.222944
0.230678
0.227706
0.221417
0.234371
0.253934
0.249852
0.210017
0.20513
0.223527
0.214058
0.214821
0.201534
0.198521
0.195952
0.194328
0.199132
0.214252
0.213016
0.203825
0.195064
0.171835
0.154563
0.153743
0.145579
0.148689
0.154896
0.141053
0.122711
0.130084
0.152716
0.171668
0.190135
0.182457
0.172085
0.153341
0.143747
0.14569
0.157145
0.169933
0.170488
0.155201
0.155687
0.152647
0.125863
0.126308
0.12728
0.110271
0.100288
0.105814
0.122906
0.138221
0.143455
0.146385
0.1503
0.149925
0.14569
0.150536
0.159325
0.159228
0.142941
0.142178
0.138484
0.130542
0.135208
0.144371
0.149703
0.166476
0.160575
0.157937
0.146218
0.142247
0.143941
0.148717
0.152855
0.160408
0.147218
0.153743
0.14626
0.150661
0.116394
0.0988023
0.0994271
0.099566
0.097525
0.0989412
0.102607
0.115033
0.112215
0.118699
0.138984
0.139984
0.138359
0.136429
0.126627
0.132028
0.10916
0.116561
0.129973
0.13039
0.112562
0.110951
0.110826
0.0914158
0.0993994
0.113242
0.129112
0.142372
0.148953
0.125516
0.113353
0.0896108
0.0902911
0.0766982
0.0912214
0.100607
0.11259
0.13375
0.134194
0.139609
0.12671
0.119074
0.112701
0.118463
0.100121
0.0716581
0.0657849
0.0723384
0.0820298
0.0720468
0.0770175
0.0791696
0.10051
0.108424
0.114034
0.114908
0.101565
0.0893886
0.0915546
0.0826685
0.0807108
0.0728383
0.0767259
0.0865978
0.0979415
0.078406
0.0758512
0.0807941
0.0897357
0.107494
0.118518
0.105536
0.0818632
0.0858342
0.0819604
0.0603838
0.0623554
0.0740462
0.086459
0.0812384
0.0852094
0.104939
0.115714
0.0997326
0.102273
0.111215
0.114895
0.0938594
0.0684785
0.0781005
0.0906105
0.104787
0.108535
0.0817521
0.073588
0.056871
0.0571626
0.0622721
0.068895
0.0710888
0.0777117
0.0742267
0.0774063
0.0628553
0.0580373
0.0552466
0.0621472
0.0515116
0.0641049
0.0687979
0.0577874
0.0500399
0.0272831
0.042806
0.0608976
0.0696032
0.0661876
0.0588149
0.0589815
0.0690894
0.0604255
0.06902
0.0681175
0.0651046
0.0537054
0.0659238
0.0624665
0.05315
0.0594119
0.0511228
0.0270054
0.00551216
0.0205908
0.0253532
0.037641
0.0431531
0.0641049
0.0710749
0.0504564
0.0315595
0.0288243
0.0180082
0.0217571
0.0261723
0.0469158
0.0492346
0.0422367
0.026089
0.0109688
0.011663
0.0135791
0.0281995
0.044375
0.0439862
0.0361276
0.0476239
0.0537331
0.0473463
0.0399597
-0.000402651
-0.0191468
-0.0177305
-0.000236037
0.0100246
-0.00137457
-0.00262418
-0.00460966
-0.0161755
-0.00694227
0.00838626
0.00837237
0.0213128
0.0251588
0.0229789
0.0173279
0.0270332
0.0205908
0.0146204
0.0136068
-0.00447082
-0.0271998
-0.0382102
-0.0344059
-0.0206185
-0.0136068
0.00405428
0.00674788
0.00229095
0.00283244
-0.00498455
0.00758095
0.0182998
-0.00703946
-0.0118852
0.00737269
0.0195355
0.00730326
0.018036
0.0187441
0.0165781
0.0169947
0.00744211
0.0151203
0.0100802
0.0069145
0.0044014
-0.0095109
-0.0206324
-0.0251865
-0.0391544
-0.0596896
-0.0495817
-0.0388628
-0.0284355
-0.00763649
-0.0127599
-0.00598423
-0.000860841
0.0202575
0.0335311
0.0457495
0.0508729
0.074907
0.0909992
0.0700336
0.0589815
0.0443055
0.0434169
0.0348918
0.0319761
0.0298101
0.0219514
0.0226179
0.0321982
0.0265333
0.0217293
0.0249366
0.0253393
0.0285188
0.0309903
0.0087056
0.00656738
0.00656738
0.00656738
0.00656738
0.00656738
0.00656738
0.00656738
0.00656738
0.00656738
0.00656738
0.00656738
0.00656738
0.00656738
0.00656738
0.00656738
0.00656738
0.00656738
0.00656738
0.00656738
0.00656738
0.00656738
0.00656738
0.00656738
0.00656738
0.00656738
0.00656738
0.00656738
0.00656738
0.00656738
0.00656738
0.00656738
0.00656738
0.00656738
0.00656738
0.00656738
0.00656738
0.00656738
0.00656738
0.00656738
0.00656738
0.00656738
0.00656738
0.00656738
0.00656738
0.00656738
0.00656738
0.00656738
0.00656738
0.00656738
0.00656738
0.00656738
0.00656738
0.00656738
0.00656738
0.00656738
0.00656738
0.00656738
0.00656738
0.00656738
0.00656738
0.00656738
0.00656738
0.00656738
0.00656738
0.00656738
0.00656738
0.00656738
0.00656738
0.00656738
0.00656738
0.00656738
0.00656738
0.00656738
0.00656738
0.00656738
0.00656738
0.00656738
0.00656738
0.00656738
0.00656738
0.00656738
0.00656738
0.00656738
0.00656738
0.00656738
0.00656738
0.00656738
0.00656738
0.00656738
0.00656738
0.00656738
0.00656738
0.00656738
0.00656738
0.00656738
0.00656738
0.00656738
0.00656738
0.00656738
0.00656738
0.00656738
0.00656738
0.00656738
0.00656738
0.00656738
0.00656738
0.00656738
0.00656738
0.00656738
0.00656738
0.00656738
0.00656738
0.00656738
0.00656738
0.00656738
0.00656738
0.00656738
0.00656738
0.00656738
0.00656738
0.00656738
0.00656738
0.00656738
0.00656738
0.00656738
0.00656738
0.00656738
0.00656738
0.00656738
0.00656738
0.00656738
