0
0
1.01421
1.7638
2.72955
3.83484
5.11346
6.49203
7.98264
9.95889
12.4562
14.58
12.8636
10.6004
8.98624
8.0163
7.24627
6.53975
5.86342
5.16251
4.52236
4.07276
3.80903
3.57562
3.33985
3.12098
2.93585
2.72683
2.51575
2.33355
2.15454
1.9461
1.75665
1.56796
1.35973
1.14804
0.958058
0.786255
0.608835
0.439086
0.283917
0.119873
-0.0273217
-0.14722
-0.267714
-0.382731
-0.513723
-0.625571
-0.730838
-0.84209
-0.933386
-1.02681
-1.12318
-1.19572
-1.27594
-1.32436
-1.37939
-1.44968
-1.50686
-1.57931
-1.62364
-1.66984
-1.71955
-1.77795
-1.8207
-1.85991
-1.89778
-1.91728
-1.93185
-1.95447
-1.97857
-2.02064
-2.04628
-2.05714
-2.07112
-2.08849
-2.09655
-2.11188
-2.12134
-2.13253
-2.13392
-2.11319
-2.12306
-2.11277
-2.10709
-2.08912
-2.07031
-2.06388
-2.06905
-2.08183
-2.09119
-2.09677
-2.09848
-2.08452
-2.07721
-2.07818
-2.07997
-2.06979
-2.05745
-2.04036
-2.0162
-2.00587
-1.98675
-1.97304
-1.93667
-1.90027
-1.88928
-1.87045
-1.85351
-1.84088
-1.83501
-1.8338
-1.80718
-1.78086
-1.76852
-1.7487
-1.72115
-1.69264
-1.67339
-1.66261
-1.62998
-1.59654
-1.57734
-1.5435
-1.54544
-1.52435
-1.52716
-1.49401
-1.48315
-1.46258
-1.44527
-1.4227
-1.41281
-1.41117
-1.39699
-1.36705
-1.33926
-1.32284
-1.29983
-1.28867
-1.27868
-1.27403
-1.25066
-1.21072
-1.16681
-1.12615
-1.10378
-1.07608
-1.06278
-1.05103
-1.01649
-0.98467
-1.0053
-1.00688
-1.00331
-0.987129
-0.944442
-0.90713
-0.849431
-0.824391
-0.836043
-0.833989
-0.792822
-0.74874
-0.722319
-0.705761
-0.680417
-0.667751
-0.648392
-0.646629
-0.62869
-0.61648
-0.602027
-0.600734
-0.579435
-0.553812
-0.536493
-0.529723
-0.51508
-0.500373
-0.488734
-0.457241
-0.440139
-0.423872
-0.426345
-0.419752
-0.412652
-0.391036
-0.365502
-0.378395
-0.395689
-0.368443
-0.32488
-0.309058
-0.299714
-0.310681
-0.314535
-0.295695
-0.263721
-0.241559
-0.236741
-0.238351
-0.225255
-0.207708
-0.189451
-0.183404
-0.162789
-0.157603
-0.143353
-0.123562
-0.119848
-0.089648
-0.079797
-0.0743834
-0.0761964
-0.0557463
-0.0471378
-0.052171
-0.0384785
-0.0183201
0.00453882
0.0301235
0.0261806
0.0341172
0.0371853
0.0547954
0.0853501
0.103049
0.112951
0.103163
0.0997779
0.11257
0.126047
0.144279
0.135987
0.130434
0.138916
0.144976
0.143898
0.148069
0.171702
0.187866
0.205958
0.229324
0.251816
0.258903
0.2498
0.251625
0.230846
0.232164
0.251904
0.253654
0.256278
0.255974
0.249863
0.236779
0.244018
0.253033
0.270072
0.289584
0.294136
0.293679
0.294491
0.266953
0.257077
0.280405
0.299562
0.293502
0.265267
0.261971
0.26296
0.267714
0.276044
0.27366
0.276678
0.285781
0.306307
0.317426
0.309375
0.307879
0.318947
0.324348
0.316411
0.293907
0.286605
0.292868
0.303492
0.326186
0.329178
0.340868
0.342503
0.330776
0.336861
0.34353
0.346193
0.338979
0.340259
0.356868
0.348056
0.338434
0.364031
0.382655
0.381375
0.379321
0.362814
0.376367
0.381945
0.376836
0.38533
0.386053
0.3814
0.377723
0.378674
0.381717
0.3814
0.377926
0.389882
0.383822
0.401723
0.409305
0.419498
0.431429
0.45288
0.436906
0.434395
0.428982
0.41146
0.394586
0.387042
0.370345
0.37217
0.365464
0.357438
0.355435
0.362281
0.376189
0.375619
0.385888
0.389958
0.387067
0.34637
0.345419
0.344646
0.358769
0.37662
0.397045
0.403219
0.414579
0.402915
0.389527
0.365983
0.344164
0.319733
0.310579
0.327518
0.325717
0.322319
0.334846
0.345064
0.35915
0.347372
0.322586
0.308804
0.321191
0.342148
0.343949
0.359695
0.372462
0.370015
0.347942
0.314839
0.292386
0.30277
0.325172
0.332361
0.316766
0.320747
0.321407
0.320988
0.324132
0.323029
0.325197
0.337026
0.345102
0.352874
0.346852
0.332652
0.328912
0.332703
0.338395
0.339334
0.351695
0.346915
0.344265
0.345825
0.35295
0.353204
0.360025
0.358795
0.349388
0.335327
0.341426
0.335239
0.32057
0.30296
0.305216
0.330002
0.325895
0.316475
0.316576
0.281217
0.26424
0.28928
0.314028
0.328468
0.346281
0.336785
0.327606
0.307194
0.290256
0.292285
0.283524
0.270795
0.261679
0.270668
0.255873
0.25979
0.268652
0.276133
0.274827
0.271809
0.276209
0.265064
0.265774
0.253083
0.235866
0.231302
0.228995
0.231404
0.236868
0.234091
0.23735
0.239974
0.248608
0.25998
0.245362
0.219638
0.220095
0.229806
0.2276
0.216
0.203499
0.20218
0.219828
0.207911
0.202345
0.208748
0.227131
0.237679
0.223619
0.213692
0.230402
0.246656
0.226091
0.193648
0.173122
0.182427
0.196006
0.206415
0.208583
0.204323
0.193483
0.192431
0.193331
0.191746
0.180221
0.201686
0.217331
0.194954
0.199619
0.20592
0.198389
0.194738
0.192519
0.187765
0.185305
0.196437
0.188513
0.195562
0.196057
0.185559
0.177572
0.180576
0.174428
0.17458
0.165794
0.155702
0.148602
0.177914
0.193077
0.182136
0.161103
0.155499
0.135962
0.125489
0.143911
0.148906
0.13884
0.122244
0.129775
0.108285
0.10632
0.10812
0.0975339
0.100589
0.104963
0.103797
0.0856036
0.0917019
0.113128
0.139829
0.136266
0.1289
0.114827
0.101667
0.0996511
0.113318
0.128266
0.111036
0.104799
0.108564
0.0926274
0.0873912
0.0860347
0.0930965
0.110415
0.119125
0.115436
0.0978888
0.0782502
0.0725957
0.0693374
0.0850077
0.112279
0.124501
0.12355
0.112443
0.0982312
0.083144
0.0888493
0.0914737
0.094808
0.104279
0.107651
0.119455
0.112165
0.103036
0.0760949
0.0822566
0.10665
0.0890521
0.0629983
0.0563168
0.0661678
0.0699713
0.0704911
0.105103
0.131981
0.127594
0.13387
0.126491
0.118516
0.0994229
0.0842851
0.0825482
0.0568366
0.0420284
0.0445514
0.0348525
0.0568747
0.0622629
0.0719745
0.0755624
0.0755498
0.0815973
0.0752582
0.0761076
0.0862375
0.0777685
0.0840822
0.0897494
0.0889887
0.0695529
0.0481901
0.027385
0.0273217
0.0372487
0.0431061
0.0503707
0.0366529
0.0212107
0.0268145
0.0405831
0.0374262
0.0312266
0.0483169
0.0489001
0.0491156
0.0501552
0.039683
0.0665355
0.0765513
0.0720252
0.0554547
0.0394547
0.0374516
0.0530966
0.0576734
0.0647352
0.0559745
0.0393787
0.029122
0.0378573
0.0453248
0.0383517
0.0524373
0.0570522
0.0553533
0.0661932
0.0961773
0.109464
0.0964182
0.0912708
0.079835
0.0496481
0.0418129
0.0476576
0.055442
0.0653564
0.0798984
0.0885069
0.071442
0.0423707
0.0239112
0.032824
0.0377305
0.0530332
0.0509666
0.0394801
0.0326719
0.0434357
0.0394674
0.0247353
0.00677019
-0.00363866
0.0030301
0.000253565
0.00619967
0.0140982
0.0286655
0.0443486
0.0425863
0.0210839
0.0157464
0.014542
0.0176101
0.0292107
0.0222503
0.00750553
-0.015328
-0.0257749
-0.0254326
-0.0214263
-0.025103
-0.0312392
-0.0263708
-0.0153914
7.60696e-05
-0.00102694
-0.00540094
-0.00486845
0.0110808
0.0296291
0.0270554
0.0101173
0.00460221
-0.00168621
-0.0175594
-0.0153787
-0.0176989
-0.0161901
-0.00281457
0.00348652
0.0103962
0.0192076
0.024469
0.0245198
0.02258
0.00651663
-0.000202852
0.0153407
0.0252931
0.0400253
0.0478604
0.0461489
0.0241774
0.0206275
0.0246592
0.0285007
0.0279809
0.032393
0.0550997
0.057179
0.0588778
0.0430047
0.0243042
0.0304785
0.0299968
0.0169635
0.0281711
0.0453882
0.0523993
0.0649761
0.0664341
0.0709476
0.0641013
0.0397083
0.0129952
0.00268779
0.00456417
0.00446275
-0.0217052
-0.0413311
-0.0332297
-0.0196767
-0.019309
-0.0149096
-0.0233787
-0.00966083
0.0111949
0.025534
0.00621235
0.00328367
-0.017103
-0.0181553
-0.0244057
-0.0304025
-0.0495847
-0.0516259
-0.0668905
-0.0749285
-0.0781995
-0.0484436
-0.0372361
-0.0368557
-0.0503834
-0.0383898
-0.0187385
-0.0271695
-0.0191061
-0.017496
-0.0277781
-0.0254072
-0.0362852
-0.0578002
-0.0650268
-0.0501298
-0.0244057
-0.0442598
-0.0533374
-0.0343454
-0.0226687
-0.0288177
-0.0146941
0.00110301
0.00712518
0.0125515
0.0120824
0.0106624
-0.012805
0.00272583
0.0131474
0.0136291
-0.0136165
-0.0253946
-0.0155055
-0.00232012
0.0005832
-0.005832
-0.0200697
-0.0213502
-0.0478604
-0.030935
-0.00447543
-0.00987636
-0.0164691
-0.00510934
-0.0104089
-0.0138827
0.000329635
0.0183074
0.0241901
0.0173565
0.00940727
-0.00381616
-0.0132741
-0.0263327
-0.0245831
-0.0185356
-0.0175974
-0.0368937
-0.0594357
-0.0677526
-0.0494959
-0.0376418
-0.0347638
-0.0148082
-0.0287797
-0.0271822
-0.0294896
-0.0214389
-0.016786
-0.0287289
-0.0628588
-0.0596005
-0.0485577
-0.0576607
-0.057255
-0.0351061
-0.0245958
-0.0571409
-0.0621869
-0.0493311
-0.0243169
-0.0195879
-0.0118415
-0.0132741
-0.00971155
-0.0136291
-0.0260792
-0.0460728
-0.0527542
-0.0563929
-0.0586623
-0.0568493
-0.0681837
-0.0663961
-0.0641647
-0.0496227
-0.0340665
-0.0135657
-0.011981
-0.032038
-0.0541996
-0.0558604
-0.0397337
-0.0298319
-0.0139334
0.00339777
0.0100158
0.00819016
0.0113217
-0.00654198
-0.00578129
0.0136038
0.0183581
0.0103962
-0.00177496
-0.00617431
-0.00240887
-0.0047797
-0.00701108
-0.010523
-0.00115372
0.00196513
0.00276386
0.00351188
0.0174073
0.0373628
0.0503073
0.0482281
0.0272075
0.00721393
0.00168621
0.0186497
0.0256862
0.0227955
-0.00537558
-0.0325324
-0.0283232
-0.014225
-0.0228462
-0.022263
-0.035347
-0.0628588
-0.0596005
-0.0485577
-0.0576607
-0.057255
-0.0351061
-0.0245958
-0.0571409
-0.0621869
-0.0493311
-0.0243169
-0.0195879
-0.0118415
-0.0132741
-0.00971155
-0.0136291
-0.0260792
-0.0460728
-0.0527542
-0.0563929
-0.0586623
-0.0568493
-0.0681837
-0.0663961
-0.0641647
-0.0496227
-0.0340665
-0.0135657
-0.011981
-0.032038
-0.0541996
-0.0558604
-0.0397337
-0.0298319
-0.0139334
0.00339777
0.0100158
0.00819016
0.0113217
-0.00654198
-0.00578129
0.0136038
0.0183581
0.0103962
-0.00177496
-0.00617431
-0.00240887
-0.0047797
-0.00701108
-0.010523
-0.00115372
0.00196513
0.00276386
0.00351188
0.0174073
0.0373628
0.0503073
0.0482281
0.0272075
0.00721393
0.00168621
0.0186497
0.0256862
0.0227955
-0.00537558
-0.0325324
-0.0283232
-0.014225
-0.0228462
-0.022263
-0.035347
-0.0628588
-0.0596005
-0.0485577
-0.0576607
-0.057255
-0.0351061
-0.0245958
-0.0571409
-0.0621869
-0.0493311
-0.0243169
-0.0195879
-0.0118415
-0.0132741
-0.00971155
-0.0136291
-0.0260792
-0.0460728
-0.0527542
-0.0563929
-0.0586623
-0.0568493
-0.0681837
-0.0663961
-0.0641647
-0.0496227
-0.0340665
-0.0135657
-0.011981
-0.032038
-0.0541996
-0.0558604
-0.0397337
-0.0298319
-0.0139334
0.00339777
0.0100158
0.00819016
0.0113217
-0.00654198
-0.00578129
0.0136038
0.0183581
0.0103962
-0.00177496
-0.00617431
-0.00240887
-0.0047797
-0.00701108
-0.010523
-0.00115372
0.00196513
0.00276386
0.00351188
0.0174073
0.0373628
0.0503073
0.0272075
0.00721393
