0
0
1.65983
2.79689
4.33981
6.17894
8.17852
10.1238
11.7701
13.1607
14.3662
15.21
14.5823
13.72
12.9151
12.1743
11.355
10.4279
9.4726
8.54862
7.70112
6.9374
6.24476
5.62404
5.08166
4.59016
4.13668
3.73915
3.39452
3.0787
2.76235
2.45611
2.16973
1.89885
1.64009
1.3777
1.11668
0.855458
0.601238
0.358355
0.114334
-0.117509
-0.341638
-0.553719
-0.762661
-0.956418
-1.13501
-1.30383
-1.47282
-1.63687
-1.79206
-1.93107
-2.06038
-2.1887
-2.30606
-2.40686
-2.51327
-2.61623
-2.70929
-2.80126
-2.88827
-2.96623
-3.03594
-3.11006
-3.1748
-3.22813
-3.28564
-3.34687
-3.39486
-3.43694
-3.47376
-3.51345
-3.5589
-3.59493
-3.62633
-3.65541
-3.6714
-3.68715
-3.69811
-3.70874
-3.70852
-3.71554
-3.71892
-3.71306
-3.71597
-3.72415
-3.72891
-3.72176
-3.71808
-3.71307
-3.69935
-3.69171
-3.68164
-3.66851
-3.6517
-3.63328
-3.60838
-3.58931
-3.56745
-3.54564
-3.52092
-3.4981
-3.47275
-3.44731
-3.42463
-3.39404
-3.372
-3.34474
-3.3095
-3.27533
-3.24509
-3.21173
-3.18461
-3.1468
-3.10857
-3.07123
-3.03912
-3.00346
-2.97232
-2.94162
-2.91537
-2.88201
-2.83621
-2.79168
-2.76114
-2.72481
-2.68383
-2.65007
-2.60829
-2.57274
-2.53709
-2.50423
-2.45981
-2.41767
-2.37613
-2.33903
-2.30676
-2.28322
-2.24781
-2.21398
-2.17791
-2.13461
-2.10338
-2.07159
-2.03225
-1.98828
-1.95102
-1.91293
-1.87529
-1.83685
-1.79878
-1.76124
-1.72547
-1.69644
-1.66366
-1.6351
-1.60607
-1.57805
-1.54955
-1.51449
-1.47495
-1.44347
-1.4086
-1.37785
-1.34957
-1.31322
-1.27827
-1.24717
-1.21372
-1.19274
-1.16194
-1.12613
-1.09483
-1.06274
-1.0381
-1.01328
-0.977095
-0.942465
-0.911551
-0.891546
-0.861977
-0.83635
-0.810741
-0.790269
-0.760868
-0.742675
-0.710734
-0.688244
-0.664952
-0.644816
-0.624082
-0.598212
-0.583044
-0.559285
-0.533414
-0.516398
-0.491779
-0.466619
-0.445082
-0.419211
-0.386318
-0.360653
-0.343599
-0.316701
-0.303234
-0.284835
-0.261692
-0.243741
-0.230629
-0.20459
-0.187406
-0.169044
-0.147526
-0.117976
-0.10322
-0.0893974
-0.0722501
-0.0602396
-0.0503397
-0.0379183
-0.0189778
0.00364239
0.0188471
0.0362185
0.048117
0.0636765
0.0763222
0.0927596
0.108394
0.131574
0.143436
0.149842
0.163478
0.180065
0.192879
0.195456
0.19781
0.203451
0.201359
0.211427
0.224801
0.237204
0.257769
0.276187
0.29042
0.307829
0.325518
0.337323
0.353947
0.363698
0.37074
0.37907
0.393341
0.40354
0.412823
0.416877
0.419417
0.433706
0.445698
0.446221
0.449845
0.456121
0.472129
0.473287
0.476014
0.485391
0.492078
0.4977
0.505602
0.51072
0.516286
0.527232
0.532779
0.533975
0.53758
0.547554
0.55243
0.568232
0.574097
0.581774
0.588088
0.591749
0.593617
0.593934
0.59386
0.590292
0.59272
0.59216
0.599407
0.611623
0.617432
0.61945
0.628602
0.641659
0.639268
0.642107
0.649766
0.64971
0.649523
0.650438
0.650998
0.660543
0.666932
0.668725
0.667025
0.665288
0.662953
0.655033
0.649448
0.652343
0.651447
0.658638
0.660674
0.670256
0.677709
0.678886
0.674795
0.682865
0.687086
0.689384
0.691644
0.697453
0.696183
0.697565
0.689981
0.682342
0.674889
0.669453
0.670443
0.669266
0.672591
0.67898
0.67543
0.670555
0.670219
0.675879
0.680007
0.67233
0.664466
0.668818
0.666166
0.664933
0.66822
0.667996
0.663289
0.657835
0.654622
0.655127
0.6555
0.654473
0.64631
0.646908
0.657387
0.659609
0.663457
0.66187
0.665269
0.665568
0.659964
0.653389
0.645413
0.641211
0.635981
0.625651
0.627332
0.631217
0.638129
0.641024
0.644031
0.645189
0.638241
0.626529
0.623428
0.620496
0.617227
0.619506
0.619263
0.619151
0.619935
0.614967
0.609494
0.610073
0.602975
0.592645
0.585305
0.584912
0.583381
0.581289
0.584128
0.584968
0.581008
0.579981
0.580149
0.585473
0.590012
0.58396
0.583007
0.57802
0.573873
0.572248
0.565299
0.5537
0.543688
0.551328
0.548638
0.545145
0.546863
0.545332
0.547162
0.543819
0.546621
0.540513
0.537374
0.52966
0.527026
0.518527
0.517556
0.516884
0.507077
0.49559
0.494376
0.489743
0.488342
0.487558
0.479451
0.47523
0.473492
0.47127
0.471737
0.47041
0.465218
0.453749
0.450555
0.45203
0.458792
0.461762
0.46023
0.450629
0.441458
0.443587
0.441346
0.441589
0.430494
0.427897
0.421957
0.416895
0.418614
0.421864
0.419678
0.414149
0.406024
0.395676
0.397488
0.396591
0.393341
0.398272
0.398739
0.388559
0.387065
0.390465
0.387551
0.384413
0.383927
0.381704
0.389026
0.389867
0.381835
0.372645
0.363511
0.361942
0.358785
0.35447
0.343562
0.338425
0.341899
0.352061
0.348344
0.349091
0.346065
0.338705
0.337697
0.332933
0.331589
0.328675
0.322529
0.318831
0.312685
0.30527
0.304112
0.302076
0.299517
0.29905
0.299592
0.297481
0.29014
0.287245
0.298004
0.29862
0.294903
0.295407
0.289804
0.287189
0.285097
0.287786
0.281454
0.282388
0.278036
0.269593
0.264737
0.253959
0.253903
0.252689
0.251998
0.250317
0.248262
0.243368
0.236158
0.229079
0.22538
0.218301
0.21888
0.226818
0.232571
0.237335
0.235952
0.228425
0.227771
0.231077
0.232702
0.226538
0.218861
0.20545
0.196558
0.196577
0.198071
0.207112
0.205039
0.200948
0.189517
0.186117
0.18806
0.190731
0.181354
0.181242
0.178141
0.17773
0.176124
0.180065
0.187835
0.184623
0.179972
0.181802
0.175395
0.169866
0.173247
0.175638
0.161293
0.163347
0.158734
0.152159
0.149002
0.144127
0.142838
0.138953
0.136394
0.132135
0.136226
0.141344
0.143678
0.144874
0.142576
0.149488
0.149207
0.152626
0.149263
0.143361
0.143398
0.147377
0.137253
0.129576
0.124645
0.117827
0.11962
0.120031
0.121805
0.118499
0.119527
0.119022
0.103145
0.0975414
0.0942353
0.0869131
0.0845596
0.0876789
0.0801513
0.0770133
0.0735577
0.079068
0.0828411
0.0796096
0.0821126
0.0788438
0.0788625
0.0793481
0.0792921
0.0814215
0.0822434
0.070513
0.0745103
0.0729226
0.0707745
0.0682155
0.0676551
0.0673002
0.0602022
0.0571762
0.0563357
0.0620888
0.0640127
0.0658246
0.0570455
0.0529174
0.0566719
0.0576806
0.0614911
0.0640314
0.07197
0.069523
0.0696725
0.0724743
0.0778538
0.0722875
0.0646852
0.0691308
0.0641248
0.0586332
0.0484905
0.0417661
0.0343879
0.0321651
0.0333232
0.0307082
0.0281305
0.0264307
0.0338836
0.0294754
0.0342385
0.0321465
0.0342759
0.0304654
0.0249737
0.0235915
0.0235541
0.0280371
0.0261692
0.0235728
0.0305214
0.036592
0.0426627
0.0428868
0.0474258
0.0507694
0.0403652
0.0374886
0.0430736
0.0419716
0.0333606
0.0242826
0.0165682
0.0126083
0.00414672
0.0113381
0.0133368
0.0031007
0.00719139
0.0164188
0.0217049
0.0237223
0.0195942
0.0133181
0.00924608
0.0049686
0.0060333
0.0118985
0.0092274
0.00552897
0.0101987
0.0117864
0.00808798
0.00840552
0.0106657
0.0138785
0.0129819
0.0088725
-0.00121413
-0.00655631
-0.00988116
-0.00293259
0.000821873
-0.00134488
-0.0127204
-0.00424012
0.000392258
-0.000952626
-0.00226015
-0.00481917
0.00211072
0.00130753
0.00418408
0.0046137
0.00494992
0.00289524
0.00571576
0.00304467
0.00207336
-0.00528614
-0.00808798
-0.0158771
-0.0178757
-0.02333
-0.0195195
-0.00793855
-0.013262
-0.00976909
0.000466974
0.00259637
-0.00113942
-0.0042588
-0.00975041
-0.00862967
-0.00722875
-0.00765837
-0.0101053
-0.0115062
-0.020827
-0.0302225
-0.025366
-0.0193514
-0.019725
-0.0183054
-0.0190712
-0.0192393
-0.0206776
-0.0192393
-0.02036
-0.0262252
-0.022863
-0.0258517
-0.0275701
-0.0266922
-0.0254781
-0.0302972
-0.0339583
-0.0368162
-0.0372832
-0.0284667
-0.0242266
-0.0145883
-0.0169605
-0.02432
-0.0262813
-0.0233487
-0.020827
-0.0201546
-0.0302412
-0.0377128
-0.0333979
-0.0281678
-0.0250485
-0.0267296
-0.0301105
-0.034033
-0.0322025
-0.0289337
-0.0293633
-0.030895
-0.0229938
-0.0185855
-0.0160452
-0.0203974
-0.0207523
-0.0234981
-0.0330244
-0.0333793
-0.0384786
-0.0438208
-0.0468655
-0.048229
-0.0460436
-0.0429616
-0.036069
-0.0271218
-0.0292886
-0.0352658
-0.0416727
-0.0253847
-0.0270471
-0.0359943
-0.0382731
-0.0382171
-0.038105
-0.0313993
-0.0239464
-0.0175395
-0.020304
-0.0195569
-0.0252726
-0.0300731
-0.0287469
-0.0313059
-0.0385533
-0.0406454
-0.038628
-0.031007
-0.0277009
-0.0275888
-0.0265428
-0.0246002
-0.0263933
-0.0315114
-0.0311938
-0.0242453
-0.0271592
-0.0333793
-0.0273273
-0.0242639
-0.0301852
-0.0370777
-0.0367228
-0.0362371
-0.030484
-0.0300731
-0.0287469
-0.03252
-0.0275701
-0.0224521
-0.0210698
-0.0223213
-0.0242639
-0.0271965
-0.0270284
-0.0223774
-0.0246749
-0.0279624
-0.0304467
-0.0341264
-0.0294754
-0.0320157
-0.0346308
-0.0342759
-0.0355647
-0.0363866
-0.0344813
-0.0317729
-0.0398982
-0.0344066
-0.0311565
-0.0325574
-0.0303159
-0.0271592
-0.0226576
-0.0149618
-0.0140839
-0.0131873
-0.0162133
-0.0154288
-0.0176329
-0.0122907
-0.00941419
-0.00328749
-0.000186789
-0.00995588
-0.0140466
-0.0177076
-0.0212566
-0.0235355
-0.0344626
-0.026879
-0.0282986
-0.0256649
-0.0321838
-0.0305214
-0.0305774
-0.0297742
-0.0275328
-0.0257396
-0.023386
-0.0205468
-0.0160826
-0.0129445
-0.00569708
-0.0031007
0.00343693
0.00343693
0.00343693
0.00343693
0.00343693
0.00343693
0.00343693
0.00343693
0.00343693
0.00343693
0.00343693
0.00343693
0.00343693
0.00343693
0.00343693
0.00343693
0.00343693
0.00343693
0.00343693
0.00343693
0.00343693
0.00343693
0.00343693
0.00343693
0.00343693
0.00343693
0.00343693
0.00343693
0.00343693
0.00343693
0.00343693
0.00343693
0.00343693
0.00343693
0.00343693
0.00343693
0.00343693
0.00343693
0.00343693
0.00343693
0.00343693
0.00343693
0.00343693
0.00343693
0.00343693
0.00343693
0.00343693
0.00343693
0.00343693
0.00343693
0.00343693
0.00343693
0.00343693
0.00343693
0.00343693
0.00343693
0.00343693
0.00343693
0.00343693
0.00343693
0.00343693
0.00343693
0.00343693
0.00343693
0.00343693
0.00343693
0.00343693
0.00343693
0.00343693
0.00343693
0.00343693
0.00343693
0.00343693
0.00343693
0.00343693
0.00343693
0.00343693
0.00343693
0.00343693
0.00343693
0.00343693
0.00343693
0.00343693
0.00343693
0.00343693
0.00343693
0.00343693
0.00343693
0.00343693
0.00343693
0.00343693
0.00343693
0.00343693
0.00343693
0.00343693
0.00343693
0.00343693
0.00343693
0.00343693
0.00343693
0.00343693
0.00343693
0.00343693
0.00343693
0.00343693
0.00343693
0.00343693
0.00343693
0.00343693
0.00343693
0.00343693
0.00343693
0.00343693
0.00343693
0.00343693
0.00343693
0.00343693
0.00343693
0.00343693
0.00343693
0.00343693
0.00343693
0.00343693
0.00343693
0.00343693
0.00343693
0.00343693
0.00343693
0.00343693
0.00343693
0.00343693
0.00343693
