0
0
0.313468
0.865655
2.14128
4.40255
7.37112
10.2924
12.4646
13.6899
14.4916
14.9
14.6045
14.0997
13.54
12.8394
12.0132
11.1503
10.3347
9.55287
8.78105
8.06651
7.3922
6.75767
6.19722
5.67302
5.15796
4.68394
4.24693
3.82206
3.40962
3.0185
2.65587
2.30727
1.95728
1.6196
1.3015
1.00702
0.725568
0.44402
0.17248
-0.077286
-0.316324
-0.553448
-0.782201
-0.998757
-1.20398
-1.40233
-1.59293
-1.77252
-1.93629
-2.09197
-2.24164
-2.38626
-2.52057
-2.64955
-2.77137
-2.8854
-2.99321
-3.09554
-3.19137
-3.28008
-3.36237
-3.43794
-3.50835
-3.57596
-3.63591
-3.69097
-3.74271
-3.79078
-3.83461
-3.87157
-3.9047
-3.93539
-3.96509
-3.98971
-4.00986
-4.02692
-4.03875
-4.04888
-4.05894
-4.07003
-4.07349
-4.07254
-4.06861
-4.06367
-4.05771
-4.05008
-4.03845
-4.02806
-4.01692
-4.00007
-3.9828
-3.96427
-3.94205
-3.92093
-3.90053
-3.87641
-3.85096
-3.82212
-3.79409
-3.7647
-3.73681
-3.70727
-3.67334
-3.63949
-3.60651
-3.57317
-3.53766
-3.50255
-3.46623
-3.42943
-3.39231
-3.35545
-3.31666
-3.27916
-3.24288
-3.20362
-3.16447
-3.12394
-3.08535
-3.04492
-3.00198
-2.96036
-2.92072
-2.87858
-2.83696
-2.79757
-2.75606
-2.71224
-2.6703
-2.62948
-2.5855
-2.54022
-2.49689
-2.45587
-2.416
-2.37419
-2.33413
-2.29298
-2.25324
-2.21249
-2.17047
-2.12891
-2.0859
-2.0436
-2.00201
-1.96066
-1.92171
-1.88335
-1.84305
-1.80332
-1.76523
-1.72747
-1.68934
-1.64909
-1.60862
-1.56992
-1.53263
-1.495
-1.45876
-1.422
-1.38552
-1.35072
-1.31404
-1.27854
-1.24522
-1.21084
-1.17369
-1.1372
-1.10314
-1.0687
-1.03535
-1.00437
-0.971688
-0.939185
-0.907126
-0.876536
-0.847581
-0.816284
-0.785431
-0.756033
-0.725886
-0.699676
-0.671415
-0.644955
-0.617401
-0.589208
-0.562624
-0.536386
-0.512269
-0.486142
-0.459987
-0.434387
-0.406624
-0.379624
-0.3562
-0.333663
-0.313787
-0.291208
-0.267341
-0.243806
-0.220589
-0.197553
-0.174379
-0.153324
-0.133587
-0.112464
-0.0934888
-0.0734327
-0.0524064
-0.0322256
-0.0123774
0.00809451
0.0249211
0.0404864
0.0591703
0.0771889
0.0955956
0.112117
0.127433
0.145812
0.162195
0.178162
0.191413
0.207269
0.220132
0.232634
0.245497
0.258318
0.273495
0.288949
0.302865
0.314258
0.326275
0.340385
0.351889
0.362895
0.377032
0.388564
0.397726
0.407068
0.418517
0.430811
0.442371
0.453875
0.465185
0.473765
0.484784
0.495165
0.507085
0.516413
0.524217
0.532838
0.540461
0.548583
0.554834
0.562194
0.569152
0.577316
0.584884
0.589638
0.595016
0.602903
0.611662
0.619272
0.624497
0.63151
0.636417
0.641393
0.648961
0.659107
0.665372
0.669419
0.671498
0.674686
0.678927
0.684
0.686717
0.689974
0.694188
0.699856
0.704818
0.706787
0.709697
0.713135
0.716295
0.721382
0.727092
0.728839
0.730072
0.731444
0.735547
0.739012
0.741826
0.743323
0.744695
0.748534
0.75017
0.751279
0.754425
0.758361
0.761175
0.762464
0.760926
0.760981
0.76252
0.761674
0.761508
0.761147
0.761536
0.764987
0.769381
0.768189
0.765167
0.764502
0.766816
0.768591
0.76708
0.766012
0.764613
0.764266
0.762062
0.762741
0.76525
0.763989
0.762048
0.761203
0.760385
0.75814
0.756851
0.755479
0.75455
0.752374
0.751112
0.750738
0.749338
0.747578
0.746109
0.743766
0.743392
0.742602
0.741272
0.739442
0.737612
0.736379
0.735298
0.733108
0.730613
0.728811
0.726205
0.72231
0.721784
0.721299
0.720578
0.718388
0.716392
0.711804
0.707507
0.704098
0.704763
0.703391
0.700965
0.69617
0.693896
0.688366
0.684998
0.684721
0.681408
0.679301
0.676751
0.673646
0.671969
0.667437
0.665081
0.661796
0.65955
0.655642
0.650846
0.64562
0.641615
0.639938
0.639466
0.638122
0.635308
0.63395
0.631289
0.62623
0.622085
0.619202
0.61571
0.614129
0.611538
0.607975
0.604635
0.604067
0.603194
0.598232
0.59363
0.58943
0.583013
0.577801
0.576706
0.575764
0.571606
0.567503
0.563206
0.559533
0.556969
0.55428
0.55026
0.547128
0.542637
0.540614
0.539726
0.536303
0.531868
0.52825
0.523246
0.519185
0.515845
0.513489
0.510439
0.50879
0.505034
0.50179
0.496717
0.491437
0.488221
0.48653
0.483259
0.480002
0.475109
0.471699
0.469842
0.468456
0.466294
0.461692
0.456342
0.450548
0.446695
0.443091
0.438199
0.434096
0.430603
0.426708
0.422522
0.422023
0.422883
0.423534
0.419459
0.414012
0.409882
0.408593
0.405751
0.399764
0.397518
0.395883
0.391572
0.386513
0.381967
0.378224
0.377157
0.374579
0.371918
0.3669
0.364239
0.360927
0.360012
0.358362
0.355909
0.353276
0.349977
0.347357
0.342714
0.338376
0.33595
0.332166
0.329047
0.326691
0.323877
0.320204
0.318832
0.314688
0.310738
0.308756
0.306788
0.304126
0.302117
0.296683
0.294466
0.292927
0.287993
0.283918
0.282393
0.282019
0.276627
0.273952
0.272719
0.272303
0.27014
0.266273
0.260799
0.25531
0.251969
0.249419
0.248019
0.246896
0.245039
0.243016
0.238927
0.236182
0.233438
0.231747
0.231996
0.231123
0.230167
0.228005
0.225343
0.221684
0.217582
0.215281
0.213867
0.210499
0.208628
0.205772
0.203416
0.199785
0.197927
0.198302
0.196791
0.193256
0.190595
0.190152
0.189376
0.187338
0.185037
0.182404
0.179576
0.177137
0.175668
0.174489
0.171717
0.166963
0.161918
0.161156
0.160227
0.16049
0.159894
0.15873
0.156055
0.155598
0.156318
0.155556
0.149901
0.145188
0.143941
0.144287
0.14121
0.13823
0.134599
0.134072
0.133476
0.130593
0.128764
0.126754
0.125285
0.126075
0.126061
0.124952
0.123123
0.120822
0.116386
0.115541
0.11482
0.113462
0.110856
0.10947
0.107294
0.106282
0.10613
0.104577
0.102235
0.101362
0.0986033
0.0971341
0.0977024
0.0962887
0.0940571
0.0929483
0.092782
0.089594
0.088111
0.0881941
0.0854498
0.082941
0.0797254
0.0798779
0.078478
0.0777156
0.0772166
0.0754425
0.0763434
0.0758306
0.0724071
0.0699815
0.0710626
0.07152
0.0699954
0.0686786
0.0684984
0.0655046
0.0604316
0.0581308
0.0568972
0.0559408
0.0545548
0.0546934
0.0546657
0.0545825
0.0544994
0.0547627
0.0530163
0.0509788
0.0483037
0.0443674
0.0426902
0.0427457
0.04251
0.0398904
0.0392251
0.0375896
0.0367857
0.03655
0.037354
0.0387539
0.0383242
0.0374233
0.0345264
0.0324889
0.0319622
0.029107
0.0288298
0.0270279
0.0248795
0.024242
0.0235489
0.0241033
0.0247964
0.026321
0.0246162
0.0230777
0.0223292
0.0229945
0.0238677
0.0250043
0.0227589
0.0188087
0.016785
0.0170761
0.015496
0.0122942
0.011726
0.0122804
0.0121556
0.0123635
0.0119477
0.0130427
0.0119061
0.0112686
0.0102845
0.0113656
0.00924493
0.00691637
0.00803907
0.00661144
0.00555805
0.00460167
0.00580753
0.00693023
0.00559963
0.00401953
0.00363144
0.00346512
0.00220381
0.00174642
-0.000512837
-0.00196819
-0.00306316
-0.00399181
-0.00432447
-0.00408884
-0.00433833
-0.00564121
-0.00684707
-0.00652828
-0.00461554
-0.0036453
-0.0040334
-0.00422744
-0.00487888
-0.00742921
-0.00913405
-0.0107696
-0.00950828
-0.0124467
-0.0149693
-0.0165078
-0.0162583
-0.0171593
-0.0180325
-0.0186285
-0.0176167
-0.0181018
-0.0180602
-0.0181156
-0.0182958
-0.017977
-0.0168127
-0.0181572
-0.0212342
-0.021262
-0.0192383
-0.0195848
-0.0236598
-0.0235212
-0.0256696
-0.0269032
-0.026917
-0.0284555
-0.0318652
-0.0329879
-0.0313108
-0.0297307
-0.0289961
-0.0291901
-0.0319068
-0.0341106
-0.033182
-0.0314355
-0.0286773
-0.0283585
-0.0297861
-0.0323365
-0.0316434
-0.033376
-0.0323642
-0.0323503
-0.0314494
-0.0334453
-0.0344294
-0.034665
-0.0359263
-0.0348313
-0.033972
-0.0337364
-0.0354551
-0.0331681
-0.0321008
-0.0330433
-0.0345819
-0.0370629
-0.0376589
-0.0378114
-0.0353303
-0.0362867
-0.0383935
-0.0388093
-0.0386707
-0.0384766
-0.0368134
-0.0362867
-0.0343601
-0.0337502
-0.0339027
-0.035857
-0.0348868
-0.0340136
-0.0331958
-0.032281
-0.0308673
-0.0318652
-0.03497
-0.0372015
-0.0360095
-0.0330433
-0.031491
-0.0307564
-0.0302297
-0.0291208
-0.0290515
-0.0291347
-0.0279288
-0.0260022
-0.0260854
-0.0268754
-0.0280397
-0.0275546
-0.0262517
-0.0258636
-0.025725
-0.025822
-0.0226896
-0.0211927
-0.0238123
-0.0249073
-0.025434
-0.0243251
-0.0253785
-0.0277902
-0.0300079
-0.0285387
-0.0285664
-0.0285803
-0.0267646
-0.0266398
-0.0266675
-0.0272081
-0.02682
-0.0271942
-0.0262656
-0.0233826
-0.0220936
-0.022052
-0.0198898
-0.0192522
-0.0202363
-0.0198343
-0.0187948
-0.0196541
-0.0228975
-0.0236737
-0.0224955
-0.0214976
-0.0185453
-0.0204996
-0.0221629
-0.0197927
-0.0184621
-0.0185453
-0.0161059
-0.0155792
-0.0183651
-0.0184621
-0.0153297
-0.0151356
-0.0151633
-0.0157039
-0.0142624
-0.0145951
-0.0160781
-0.0203194
-0.0204858
-0.0159673
-0.0146228
-0.0155237
-0.0165633
-0.0178523
-0.0171593
-0.0141793
-0.0128487
-0.0128487
-0.0128764
-0.0118784
-0.0122804
-0.0142347
-0.0135417
-0.0121695
-0.0123635
-0.0110607
-0.0114765
-0.013209
-0.0139575
-0.0134724
-0.0127655
-0.0118646
-0.0110884
-0.0106448
-0.0113379
-0.0116151
-0.00981321
-0.00992409
-0.00914791
-0.011227
-0.0129595
-0.0116289
-0.0118091
-0.0105755
-0.00831628
-0.00731833
-0.00726288
-0.00905088
-0.00942512
-0.00923107
-0.00923107
-0.00923107
-0.00923107
-0.00923107
-0.00923107
-0.00923107
-0.00923107
-0.00923107
-0.00923107
-0.00923107
-0.00923107
-0.00923107
-0.00923107
-0.00923107
-0.00923107
-0.00923107
-0.00923107
-0.00923107
-0.00923107
-0.00923107
-0.00923107
-0.00923107
-0.00923107
-0.00923107
-0.00923107
-0.00923107
-0.00923107
-0.00923107
-0.00923107
-0.00923107
-0.00923107
-0.00923107
-0.00923107
-0.00923107
-0.00923107
-0.00923107
-0.00923107
-0.00923107
-0.00923107
-0.00923107
-0.00923107
-0.00923107
-0.00923107
-0.00923107
-0.00923107
-0.00923107
-0.00923107
-0.00923107
-0.00923107
-0.00923107
-0.00923107
-0.00923107
-0.00923107
-0.00923107
-0.00923107
-0.00923107
-0.00923107
-0.00923107
-0.00923107
-0.00923107
-0.00923107
-0.00923107
-0.00923107
-0.00923107
-0.00923107
-0.00923107
-0.00923107
-0.00923107
-0.00923107
-0.00923107
-0.00923107
-0.00923107
-0.00923107
-0.00923107
-0.00923107
-0.00923107
-0.00923107
-0.00923107
-0.00923107
-0.00923107
-0.00923107
-0.00923107
-0.00923107
-0.00923107
-0.00923107
-0.00923107
-0.00923107
-0.00923107
-0.00923107
-0.00923107
-0.00923107
-0.00923107
-0.00923107
-0.00923107
-0.00923107
-0.00923107
-0.00923107
-0.00923107
-0.00923107
-0.00923107
-0.00923107
-0.00923107
-0.00923107
-0.00923107
-0.00923107
-0.00923107
-0.00923107
-0.00923107
-0.00923107
-0.00923107
-0.00923107
-0.00923107
-0.00923107
-0.00923107
-0.00923107
-0.00923107
-0.00923107
-0.00923107
-0.00923107
-0.00923107
-0.00923107
-0.00923107
-0.00923107
-0.00923107
-0.00923107
-0.00923107
-0.00923107
-0.00923107
-0.00923107
-0.00923107
