0
0
0.4006
1.00371
2.27478
4.31427
7.10242
10.1699
12.2176
13.4061
14.5951
15.23
14.7808
14.029
13.4152
12.8199
12.029
11.0518
10.0516
9.19804
8.49863
7.8262
7.10816
6.4476
5.91524
5.4298
4.95023
4.51526
4.11622
3.71438
3.31746
2.94016
2.60612
2.29821
1.96808
1.62687
1.32155
1.04465
0.770168
0.501004
0.245609
-0.00190375
-0.239708
-0.466165
-0.677265
-0.872907
-1.07028
-1.26169
-1.43604
-1.59829
-1.75384
-1.90874
-2.05232
-2.18207
-2.31238
-2.43812
-2.55265
-2.65733
-2.76034
-2.8622
-2.95669
-3.03545
-3.11299
-3.18962
-3.26336
-3.32465
-3.38147
-3.43786
-3.49116
-3.53502
-3.57518
-3.61488
-3.65072
-3.68103
-3.70484
-3.72674
-3.74884
-3.76578
-3.78179
-3.79596
-3.81067
-3.81777
-3.82065
-3.82307
-3.8226
-3.81836
-3.81301
-3.80869
-3.80164
-3.79265
-3.7804
-3.76765
-3.75308
-3.73607
-3.71823
-3.69918
-3.6799
-3.6586
-3.63539
-3.613
-3.59017
-3.5657
-3.53799
-3.50809
-3.4773
-3.44811
-3.41803
-3.38718
-3.35338
-3.32088
-3.28592
-3.25095
-3.21635
-3.18226
-3.14987
-3.11427
-3.08169
-3.04831
-3.01471
-2.97898
-2.93943
-2.90211
-2.86275
-2.82292
-2.78393
-2.7475
-2.71123
-2.67458
-2.63825
-2.60177
-2.56082
-2.52002
-2.48377
-2.44694
-2.41048
-2.37121
-2.33181
-2.29638
-2.26064
-2.22315
-2.18397
-2.14542
-2.10679
-2.06822
-2.02977
-1.99618
-1.96096
-1.92413
-1.88437
-1.84682
-1.81057
-1.77636
-1.74196
-1.70566
-1.67065
-1.63757
-1.60155
-1.56535
-1.52994
-1.49743
-1.46584
-1.43053
-1.39839
-1.36708
-1.33435
-1.30074
-1.2703
-1.24145
-1.20936
-1.17856
-1.14926
-1.11896
-1.08846
-1.0559
-1.02234
-0.99259
-0.963653
-0.935858
-0.906769
-0.878162
-0.852829
-0.827154
-0.800565
-0.771971
-0.745191
-0.71798
-0.692622
-0.667455
-0.645003
-0.617411
-0.592828
-0.568511
-0.545818
-0.522224
-0.498643
-0.475278
-0.450173
-0.429093
-0.406463
-0.380928
-0.359682
-0.339934
-0.320452
-0.299333
-0.28178
-0.264824
-0.244759
-0.220746
-0.200465
-0.181618
-0.163697
-0.143898
-0.124772
-0.106255
-0.0894382
-0.0733578
-0.0535461
-0.0368312
-0.0203194
-0.0039598
0.0130978
0.0301427
0.0468196
0.0588639
0.0729771
0.09105
0.107816
0.12335
0.137121
0.146906
0.160296
0.175945
0.191517
0.203625
0.217929
0.230075
0.240824
0.25179
0.265649
0.278658
0.288824
0.298229
0.310184
0.321061
0.330846
0.340403
0.350734
0.360075
0.372475
0.383783
0.393036
0.402288
0.410093
0.420615
0.431402
0.442939
0.452039
0.458283
0.466152
0.472346
0.479872
0.48967
0.493008
0.496904
0.505204
0.512845
0.520498
0.528062
0.535817
0.543153
0.549118
0.555552
0.560083
0.565147
0.57077
0.578473
0.583169
0.586038
0.591152
0.5935
0.597828
0.604098
0.609987
0.614366
0.621079
0.62358
0.628301
0.634012
0.638239
0.641995
0.647427
0.6514
0.653608
0.653265
0.654293
0.655398
0.65772
0.660919
0.665399
0.667518
0.668699
0.672011
0.673344
0.677062
0.682152
0.684322
0.688269
0.687698
0.689944
0.692089
0.691937
0.691924
0.689627
0.689513
0.690947
0.692102
0.692305
0.693067
0.692762
0.691201
0.692889
0.696823
0.697915
0.697306
0.695592
0.692737
0.694158
0.69492
0.697115
0.698905
0.699032
0.697674
0.700377
0.701303
0.701951
0.699298
0.697674
0.694856
0.692863
0.692216
0.687216
0.683916
0.684538
0.687736
0.688066
0.687406
0.684753
0.683776
0.684436
0.681961
0.679956
0.679093
0.681136
0.679931
0.676187
0.671503
0.670234
0.668178
0.665754
0.662048
0.66135
0.660576
0.658368
0.653621
0.65107
0.651412
0.651577
0.650956
0.646869
0.645016
0.642757
0.640244
0.640358
0.639267
0.635954
0.629367
0.626131
0.62396
0.624087
0.623529
0.62212
0.619531
0.618173
0.61863
0.614746
0.607525
0.605228
0.606636
0.603641
0.602486
0.59991
0.600659
0.597904
0.590074
0.586342
0.581824
0.577585
0.573245
0.571531
0.570808
0.569869
0.56667
0.564449
0.560616
0.556987
0.553395
0.552227
0.549752
0.545589
0.540957
0.53569
0.530981
0.532174
0.530689
0.526361
0.52348
0.519774
0.517934
0.514038
0.508314
0.502996
0.50042
0.497348
0.4933
0.490876
0.48618
0.481154
0.47925
0.477296
0.475493
0.472688
0.469084
0.467015
0.466482
0.468462
0.464248
0.45737
0.452356
0.45143
0.451087
0.448968
0.444881
0.441112
0.436543
0.432113
0.430463
0.426783
0.426351
0.422734
0.417416
0.415119
0.412733
0.410943
0.409446
0.407098
0.40456
0.401184
0.396627
0.394495
0.393543
0.393505
0.391969
0.388733
0.386487
0.383453
0.378973
0.377437
0.375001
0.372044
0.367335
0.363515
0.358654
0.356128
0.354059
0.35293
0.349757
0.34633
0.343944
0.339781
0.337649
0.33473
0.330186
0.326645
0.319881
0.315515
0.313573
0.310933
0.306161
0.305628
0.305704
0.30309
0.301554
0.303496
0.302366
0.301795
0.298571
0.296084
0.29531
0.293139
0.288634
0.282846
0.277998
0.273023
0.271208
0.267325
0.261766
0.257806
0.253008
0.252095
0.251257
0.253618
0.254988
0.254201
0.253072
0.254493
0.253237
0.250876
0.247652
0.243769
0.238971
0.23689
0.233616
0.228577
0.228018
0.223348
0.218919
0.218017
0.217192
0.215428
0.213855
0.212547
0.209806
0.206328
0.205161
0.202711
0.19983
0.197482
0.196911
0.191695
0.189042
0.187113
0.187596
0.186885
0.184791
0.18295
0.180361
0.179854
0.178305
0.180323
0.180387
0.175957
0.172619
0.170373
0.167467
0.165093
0.163037
0.161362
0.1614
0.158785
0.153379
0.148683
0.147325
0.147376
0.145891
0.142578
0.141385
0.138453
0.137793
0.138885
0.137337
0.132958
0.130876
0.129518
0.131283
0.130546
0.127183
0.126612
0.126549
0.124454
0.121777
0.120406
0.119086
0.117017
0.116256
0.112524
0.110075
0.107765
0.107168
0.103704
0.103006
0.10345
0.102181
0.0980939
0.0963805
0.0942102
0.0926999
0.0913546
0.0925476
0.0922684
0.0888797
0.0888036
0.0886386
0.0864429
0.0838792
0.08393
0.0827243
0.0799194
0.0803382
0.0801225
0.0793102
0.0787645
0.0785614
0.0758835
0.0731801
0.0733578
0.0762642
0.077343
0.0772415
0.0743224
0.0694107
0.0644483
0.0619353
0.0598031
0.0605392
0.0616688
0.0603616
0.0575059
0.0567317
0.0561099
0.052607
0.0517947
0.0506397
0.0499163
0.0498148
0.05248
0.05314
0.0523785
0.0504113
0.0491167
0.0476572
0.0463753
0.0444335
0.0430247
0.039065
0.0397249
0.0367931
0.0338106
0.0301681
0.0298254
0.0296858
0.0295081
0.0307011
0.0303458
0.0309169
0.0294447
0.0261068
0.0239111
0.0227308
0.0235811
0.0213728
0.0185679
0.0173114
0.0162707
0.0163088
0.013707
0.0110925
0.00890955
0.0106356
0.00897301
0.00937914
0.0102295
0.00799575
0.00846534
0.00841457
0.0079196
0.00812267
0.00917608
0.00596508
0.00392172
0.00303331
0.00307138
0.00326176
0.00162453
0.0001523
0.000126917
-0.000901108
-0.000583817
0.0019799
0.00229719
-0.00191644
-0.00318561
-0.00316022
-0.00463246
-0.00507667
-0.00564779
-0.00809728
-0.00813536
-0.00722156
-0.00599047
-0.00845265
-0.00890955
-0.0115367
-0.0148873
-0.0138593
-0.0148746
-0.0161946
-0.0161692
-0.0155346
-0.0161057
-0.0154458
-0.0142147
-0.0145827
-0.0124632
-0.0125013
-0.0145193
-0.0141639
-0.0165753
-0.016918
-0.0199894
-0.023543
-0.0240126
-0.0248503
-0.0288989
-0.0299904
-0.0303077
-0.0305235
-0.0278836
-0.0299016
-0.031285
-0.0303331
-0.0306123
-0.0313357
-0.0337091
-0.0339248
-0.0361586
-0.0368439
-0.0386207
-0.0362855
-0.0327064
-0.0318561
-0.0316276
-0.0327572
-0.0329095
-0.0346863
-0.0374531
-0.0368185
-0.0375927
-0.0394457
-0.0383796
-0.0370977
-0.0393315
-0.0415017
-0.0396488
-0.0367931
-0.0341406
-0.0339375
-0.0349275
-0.0384558
-0.0396995
-0.0399153
-0.0393315
-0.0380242
-0.0368058
-0.0379862
-0.0401311
-0.0408799
-0.0416033
-0.0436466
-0.0469465
-0.0467307
-0.0454869
-0.0428217
-0.0418444
-0.0397122
-0.0427202
-0.0437101
-0.0423648
-0.0412606
-0.0415525
-0.0434309
-0.0414129
-0.0414637
-0.0395219
-0.0383669
-0.0396615
-0.040588
-0.0396361
-0.0386969
-0.0372627
-0.0385827
-0.0414002
-0.0399026
-0.0394711
-0.0372881
-0.035727
-0.0371104
-0.0394203
-0.0395853
-0.0394584
-0.0378466
-0.0371485
-0.0362728
-0.0364124
-0.0384431
-0.0391538
-0.0386969
-0.0367424
-0.0329222
-0.0323511
-0.0374023
-0.0389
-0.0376689
-0.0348513
-0.0332649
-0.0311327
-0.0327826
-0.0376562
-0.0388873
-0.0405499
-0.040956
-0.0394584
-0.0374912
-0.0358159
-0.0350417
-0.0349909
-0.0324653
-0.0297493
-0.0295716
-0.0308788
-0.0315642
-0.030625
-0.0296731
-0.0283151
-0.0292289
-0.028074
-0.0291908
-0.0272363
-0.0270206
-0.031285
-0.032478
-0.0292416
-0.0269952
-0.0272617
-0.0274394
-0.0256372
-0.0252818
-0.024368
-0.0234796
-0.0227562
-0.0230481
-0.0226039
-0.0243426
-0.0249391
-0.0229212
-0.0266017
-0.0258529
-0.0240888
-0.0223881
-0.0215251
-0.0224389
-0.0188091
-0.0208016
-0.0203447
-0.0211062
-0.020294
-0.0179333
-0.0175526
-0.0163088
-0.0174637
-0.013872
-0.0132374
-0.0147604
-0.0147858
-0.0161438
-0.0155473
-0.0125521
-0.0105341
-0.00813536
-0.00835112
-0.00878263
-0.0110291
-0.0114479
-0.00827497
-0.00866841
0.00995027
0.00995027
0.00995027
0.00995027
0.00995027
0.00995027
0.00995027
0.00995027
0.00995027
0.00995027
0.00995027
0.00995027
0.00995027
0.00995027
0.00995027
0.00995027
0.00995027
0.00995027
0.00995027
0.00995027
0.00995027
0.00995027
0.00995027
0.00995027
0.00995027
0.00995027
0.00995027
0.00995027
0.00995027
0.00995027
0.00995027
0.00995027
0.00995027
0.00995027
0.00995027
0.00995027
0.00995027
0.00995027
0.00995027
0.00995027
0.00995027
0.00995027
0.00995027
0.00995027
0.00995027
0.00995027
0.00995027
0.00995027
0.00995027
0.00995027
0.00995027
0.00995027
0.00995027
0.00995027
0.00995027
0.00995027
0.00995027
0.00995027
0.00995027
0.00995027
0.00995027
0.00995027
0.00995027
0.00995027
0.00995027
0.00995027
0.00995027
0.00995027
0.00995027
0.00995027
0.00995027
0.00995027
0.00995027
0.00995027
0.00995027
0.00995027
0.00995027
0.00995027
0.00995027
0.00995027
0.00995027
0.00995027
0.00995027
0.00995027
0.00995027
0.00995027
0.00995027
0.00995027
0.00995027
0.00995027
0.00995027
0.00995027
0.00995027
0.00995027
0.00995027
0.00995027
0.00995027
0.00995027
0.00995027
0.00995027
0.00995027
0.00995027
0.00995027
0.00995027
0.00995027
0.00995027
0.00995027
0.00995027
0.00995027
0.00995027
0.00995027
0.00995027
0.00995027
0.00995027
0.00995027
0.00995027
0.00995027
0.00995027
0.00995027
0.00995027
0.00995027
0.00995027
0.00995027
0.00995027
0.00995027
0.00995027
0.00995027
0.00995027
0.00995027
0.00995027
0.00995027
0.00995027
0.00995027
0.00995027
0.00995027
0.00995027
0.00995027
0.00995027
0.00995027
0.00995027
