0
0
1.57443
2.4624
3.67461
5.21969
6.92714
8.53632
9.95713
11.4689
13.2012
14.72
13.5452
12.0649
10.9608
10.1603
9.31182
8.40581
7.5915
6.85431
6.14838
5.5436
5.05277
4.62052
4.18131
3.80105
3.50588
3.22922
2.9093
2.60459
2.3462
2.1012
1.83336
1.57034
1.35569
1.14332
0.907638
0.692056
0.503278
0.314512
0.110776
-0.0902904
-0.25688
-0.404745
-0.566787
-0.725087
-0.868264
-1.00902
-1.14921
-1.26165
-1.36739
-1.48259
-1.59589
-1.7093
-1.78495
-1.86822
-1.96614
-2.06271
-2.13781
-2.20075
-2.26051
-2.32087
-2.3722
-2.42667
-2.46729
-2.51385
-2.54012
-2.5696
-2.58951
-2.62319
-2.65463
-2.68248
-2.71922
-2.73878
-2.74455
-2.75368
-2.76523
-2.77073
-2.78657
-2.79011
-2.78469
-2.78521
-2.7822
-2.78923
-2.80865
-2.81762
-2.81007
-2.79038
-2.76759
-2.75934
-2.7342
-2.71954
-2.70758
-2.69745
-2.68474
-2.67696
-2.65639
-2.64582
-2.62679
-2.59046
-2.55692
-2.52157
-2.50552
-2.49381
-2.46668
-2.4383
-2.41252
-2.38464
-2.37548
-2.35764
-2.33158
-2.30731
-2.29427
-2.27444
-2.24442
-2.20587
-2.16338
-2.13172
-2.10282
-2.05919
-2.03163
-2.00852
-1.97889
-1.94163
-1.90026
-1.88664
-1.88023
-1.85344
-1.82014
-1.7805
-1.756
-1.7242
-1.68808
-1.67449
-1.63178
-1.59336
-1.56187
-1.5408
-1.50981
-1.48153
-1.45663
-1.44363
-1.42498
-1.39497
-1.36571
-1.32348
-1.29786
-1.27266
-1.23985
-1.21041
-1.17781
-1.15429
-1.14065
-1.10791
-1.07978
-1.07073
-1.03291
-1.01169
-0.982352
-0.95571
-0.935492
-0.909842
-0.886686
-0.85355
-0.818805
-0.803415
-0.785867
-0.779781
-0.76565
-0.732152
-0.713497
-0.699226
-0.693606
-0.671605
-0.649674
-0.623697
-0.597463
-0.575182
-0.534059
-0.508525
-0.503698
-0.49704
-0.476054
-0.456699
-0.446031
-0.42214
-0.398763
-0.361092
-0.350155
-0.33747
-0.336421
-0.335663
-0.328422
-0.308648
-0.26981
-0.259189
-0.264039
-0.256145
-0.237817
-0.204249
-0.177958
-0.162299
-0.147317
-0.134002
-0.116046
-0.0906402
-0.069525
-0.0618182
-0.0727664
-0.0709475
-0.0576441
-0.0334858
-0.0176873
0.00735709
0.0398169
0.0546826
0.0538898
0.0560468
0.0771969
0.0764857
0.0829683
0.0997462
0.117725
0.131996
0.140986
0.146267
0.160072
0.157927
0.160328
0.174506
0.193371
0.199504
0.205322
0.214696
0.226332
0.235392
0.257475
0.258361
0.265951
0.26756
0.27803
0.298761
0.314221
0.326813
0.346716
0.365429
0.36459
0.355402
0.353105
0.35363
0.371457
0.373019
0.377415
0.400256
0.40619
0.41673
0.414737
0.402844
0.408347
0.405922
0.399486
0.403625
0.417722
0.428576
0.450706
0.469186
0.473395
0.473034
0.467542
0.465583
0.464243
0.46289
0.472661
0.488926
0.494545
0.496131
0.502007
0.50048
0.516861
0.521642
0.513235
0.509026
0.517864
0.51622
0.51685
0.516477
0.514786
0.512046
0.505307
0.509691
0.5132
0.525186
0.525419
0.507557
0.523146
0.529104
0.544249
0.559208
0.558206
0.546919
0.558439
0.565038
0.564245
0.567848
0.550965
0.538361
0.542186
0.544343
0.562566
0.564653
0.56421
0.568676
0.569399
0.564024
0.564409
0.581233
0.58585
0.585932
0.576499
0.584066
0.585687
0.581513
0.558835
0.532333
0.53006
0.542011
0.55086
0.559698
0.558066
0.564175
0.561074
0.54903
0.551222
0.550639
0.556958
0.560025
0.56491
0.562625
0.568851
0.572139
0.56231
0.553612
0.555314
0.5595
0.551467
0.532205
0.523297
0.532986
0.545369
0.539201
0.546406
0.548388
0.544681
0.530806
0.526842
0.526725
0.531342
0.545392
0.54137
0.52788
0.516652
0.510379
0.512594
0.505855
0.506263
0.514669
0.518914
0.508082
0.505155
0.51439
0.520219
0.51397
0.512338
0.507557
0.499757
0.502322
0.50357
0.503115
0.511382
0.508373
0.510309
0.497379
0.490803
0.47441
0.454845
0.453026
0.468382
0.483142
0.476567
0.460383
0.476485
0.466983
0.456477
0.452502
0.453633
0.455195
0.452572
0.455451
0.454262
0.456955
0.476042
0.477359
0.490849
0.493986
0.488039
0.465315
0.448899
0.441542
0.43921
0.41961
0.410376
0.405164
0.42326
0.436435
0.437589
0.427131
0.407065
0.40176
0.409933
0.414842
0.410318
0.409047
0.396944
0.390753
0.388445
0.392117
0.378406
0.363016
0.366595
0.366968
0.369953
0.367504
0.381356
0.374535
0.367108
0.362619
0.371795
0.369731
0.368939
0.348441
0.335756
0.337365
0.352452
0.365184
0.378511
0.368309
0.373241
0.373392
0.370781
0.36066
0.364531
0.365021
0.355192
0.338473
0.320948
0.324166
0.328842
0.326708
0.301186
0.298866
0.306841
0.306911
0.290879
0.285481
0.293048
0.308508
0.313755
0.290098
0.3003
0.309371
0.310665
0.307202
0.299763
0.280922
0.275523
0.285644
0.280747
0.26728
0.272492
0.263304
0.272702
0.268096
0.273565
0.275418
0.284933
0.274975
0.266289
0.257067
0.253534
0.248777
0.246783
0.246188
0.243192
0.244591
0.254723
0.256845
0.257393
0.250246
0.237805
0.238272
0.243239
0.241979
0.229434
0.219663
0.220456
0.234063
0.242947
0.227277
0.202745
0.19519
0.195237
0.21205
0.220864
0.227533
0.227347
0.233783
0.244603
0.237444
0.234028
0.236173
0.232559
0.210767
0.209485
0.206989
0.198641
0.185944
0.190795
0.206721
0.210336
0.20418
0.209974
0.20011
0.201766
0.194735
0.192182
0.184662
0.176582
0.168758
0.171591
0.187646
0.192928
0.199551
0.189757
0.18535
0.181887
0.186107
0.18704
0.184662
0.182388
0.177911
0.174017
0.168688
0.162905
0.153205
0.139668
0.131402
0.113679
0.110531
0.117702
0.133232
0.140029
0.157845
0.162789
0.159349
0.163628
0.157728
0.153589
0.151164
0.143947
0.150605
0.136054
0.128335
0.129676
0.128813
0.127239
0.126703
0.13982
0.143492
0.135622
0.114519
0.11523
0.104188
0.0935318
0.105984
0.115265
0.101927
0.0941147
0.101332
0.108771
0.110286
0.105786
0.0956304
0.0926573
0.0954322
0.0972394
0.10202
0.10968
0.106952
0.0993032
0.0965632
0.0927039
0.0859531
0.0896608
0.0883666
0.0812544
0.0699215
0.0784911
0.0803566
0.0798203
0.0922259
0.0876088
0.0708192
0.0735242
0.0773368
0.0876904
0.103757
0.118098
0.135354
0.119124
0.102416
0.109015
0.108957
0.104457
0.0933102
0.0883783
0.0874572
0.0738274
0.0562916
0.0651178
0.06429
0.0659456
0.0730695
0.078083
0.0623662
0.0663653
0.0673797
0.081301
0.0770104
0.0677878
0.0723699
0.0830616
0.0825719
0.0835979
0.0821405
0.090442
0.0799952
0.0779781
0.072813
0.0701663
0.05895
0.0676595
0.0716704
0.0767539
0.064768
0.0693618
0.0667035
0.0742588
0.0703412
0.0697466
0.0610836
0.0579239
0.0680676
0.0766956
0.0616549
0.0666685
0.0715538
0.0750749
0.0665402
0.068464
0.0646048
0.0761476
0.0961784
0.100539
0.0900689
0.0799136
0.0842275
0.0694084
0.0622845
0.0667851
0.0700847
0.0635904
0.0557086
0.0527821
0.055149
0.0496691
0.0418689
0.0490978
0.0543911
0.0606522
0.0672398
0.0694784
0.0757162
0.0579472
0.0488995
0.0378581
0.0415891
0.0575042
0.0703529
0.0579589
0.0481533
0.0432914
0.041694
0.0476054
0.0416591
0.0216165
0.00122424
0.013898
0.0353513
0.0457049
0.0400267
0.0383245
0.0332759
0.0402832
0.0515113
0.0714139
0.0807414
0.0864895
0.0641617
0.0404698
0.0491444
0.0530037
0.0531902
0.0468009
0.0224327
0.0278077
0.0406097
0.0270848
0.0235054
0.0102136
0.000233188
0.00177223
0.0131402
0.0218964
0.0271897
0.0139796
0.0258372
0.0302678
0.0475471
0.0438977
0.0498789
0.0357011
0.0366455
0.0406447
0.0335907
0.0216282
0.0266884
0.0285189
0.012254
-0.00734543
-0.0127787
-0.00260005
0.00978224
0.0175241
0.0146209
-0.00263503
-0.00178389
0.00915263
0.0176174
0.0215816
0.020812
0.0263386
0.0297198
0.0371235
0.0234004
0.0195645
0.0136881
0.00303145
0.0112047
0.0131984
0.0124989
0.0311539
0.0239134
0.015507
0.0198676
0.0167196
0.0128603
0.013898
0.0181654
0.0200425
0.0301862
0.0349316
0.0449703
0.0540996
0.0600576
0.0616549
0.0431048
0.0317602
0.0163232
0.0177106
0.0367155
0.042312
0.0383828
0.0414958
0.0437927
0.0526306
0.0457865
0.0316553
0.0351881
0.0495641
0.0530503
0.0627859
0.0604307
0.0602325
0.0517911
0.0420322
0.046043
0.046078
0.0526539
0.047034
0.0536333
0.0380446
0.0307808
0.0248462
0.0180954
0.00577141
0.00335791
0.00106101
0.0194712
0.0234587
0.0296965
0.0207304
0.0196578
0.0264202
0.0270032
0.0222112
0.028344
0.01869
0.0154371
0.0156586
0.0316086
0.0323782
0.0346518
0.0290086
0.0200658
0.0281691
0.0459497
0.0651761
0.0571194
0.0428483
0.0441542
0.0317719
0.0271081
0.0269449
0.0447022
0.0390473
0.0275512
0.0248812
0.0298481
0.0279826
0.0306293
0.0278077
0.0403066
0.0524906
0.056688
0.0367504
0.0207887
0.0177573
0.0251027
0.043886
0.0598594
0.0487013
0.0546243
0.0404115
0.0376715
0.0517794
0.0620164
0.0610603
0.0702013
0.0743171
0.0895792
0.0896375
0.0774651
0.0496691
0.0475121
0.0586235
0.058915
0.0613518
0.0552423
0.0626227
0.0573526
0.0511731
0.0373101
0.0304194
0.0337307
0.0313988
0.0232489
0.024578
0.0350132
0.0523507
0.0490395
0.0330777
0.0372751
0.0685573
0.0584603
0.0584603
0.0584603
0.0584603
0.0584603
0.0584603
0.0584603
0.0584603
0.0584603
0.0584603
0.0584603
0.0584603
0.0584603
0.0584603
0.0584603
0.0584603
0.0584603
0.0584603
0.0584603
0.0584603
0.0584603
0.0584603
0.0584603
0.0584603
0.0584603
0.0584603
0.0584603
0.0584603
0.0584603
0.0584603
0.0584603
0.0584603
0.0584603
0.0584603
0.0584603
0.0584603
0.0584603
0.0584603
0.0584603
0.0584603
0.0584603
0.0584603
0.0584603
0.0584603
0.0584603
0.0584603
0.0584603
0.0584603
0.0584603
0.0584603
0.0584603
0.0584603
0.0584603
0.0584603
0.0584603
0.0584603
0.0584603
0.0584603
0.0584603
0.0584603
0.0584603
0.0584603
0.0584603
0.0584603
0.0584603
0.0584603
0.0584603
0.0584603
0.0584603
0.0584603
0.0584603
0.0584603
0.0584603
0.0584603
0.0584603
0.0584603
0.0584603
0.0584603
0.0584603
0.0584603
0.0584603
0.0584603
0.0584603
0.0584603
0.0584603
0.0584603
0.0584603
0.0584603
0.0584603
0.0584603
0.0584603
0.0584603
0.0584603
0.0584603
0.0584603
0.0584603
0.0584603
0.0584603
0.0584603
0.0584603
0.0584603
0.0584603
0.0584603
0.0584603
0.0584603
0.0584603
0.0584603
0.0584603
0.0584603
0.0584603
0.0584603
0.0584603
0.0584603
0.0584603
0.0584603
0.0584603
0.0584603
0.0584603
0.0584603
0.0584603
0.0584603
0.0584603
0.0584603
0.0584603
0.0584603
0.0584603
0.0584603
0.0584603
0.0584603
0.0584603
0.0584603
