0
0
1.22613
1.93615
2.78452
3.68137
4.60833
5.57282
6.46297
7.43991
8.6642
9.73
8.89295
7.81452
7.05641
6.53729
6.00896
5.49517
5.02412
4.51462
4.00479
3.62664
3.32772
3.01725
2.7234
2.49289
2.28963
2.06078
1.85248
1.68404
1.5061
1.32894
1.171
1.04101
0.88135
0.721763
0.585958
0.463299
0.331762
0.19755
0.0913472
-0.0259695
-0.124046
-0.210061
-0.297452
-0.384043
-0.473398
-0.545437
-0.614457
-0.676036
-0.748202
-0.807758
-0.865987
-0.912398
-0.973977
-1.01147
-1.03747
-1.07672
-1.11732
-1.1457
-1.17318
-1.18894
-1.19471
-1.20523
-1.21468
-1.23886
-1.25128
-1.25684
-1.25634
-1.25188
-1.26017
-1.26974
-1.27512
-1.27748
-1.26402
-1.25762
-1.26073
-1.24748
-1.2396
-1.23966
-1.24259
-1.23621
-1.22542
-1.22319
-1.24014
-1.23198
-1.20648
-1.18381
-1.16105
-1.14196
-1.14473
-1.15309
-1.14044
-1.1172
-1.09662
-1.08239
-1.07026
-1.07191
-1.06005
-1.05241
-1.04887
-1.03816
-1.02234
-1.02131
-1.00795
-0.999399
-0.981536
-0.97885
-0.961319
-0.95627
-0.944862
-0.942411
-0.946689
-0.93324
-0.921413
-0.918629
-0.896664
-0.882512
-0.859658
-0.857519
-0.865694
-0.859844
-0.845126
-0.824977
-0.80433
-0.784641
-0.776505
-0.77086
-0.769092
-0.755194
-0.741365
-0.732848
-0.72274
-0.715483
-0.69262
-0.673546
-0.665869
-0.668662
-0.658534
-0.634127
-0.627789
-0.618042
-0.613725
-0.609838
-0.593537
-0.580811
-0.571699
-0.553377
-0.544343
-0.531734
-0.523139
-0.517104
-0.497942
-0.484278
-0.475312
-0.452019
-0.44777
-0.442887
-0.427309
-0.412269
-0.39925
-0.388858
-0.381748
-0.366082
-0.357029
-0.359695
-0.350221
-0.346051
-0.340943
-0.336919
-0.326782
-0.319789
-0.314681
-0.29923
-0.295997
-0.27914
-0.269608
-0.251598
-0.237944
-0.234233
-0.238345
-0.224574
-0.206271
-0.188261
-0.175096
-0.162868
-0.15317
-0.14729
-0.144517
-0.14313
-0.121936
-0.0987699
-0.0782795
-0.0736013
-0.0802328
-0.0809263
-0.0755058
-0.0742947
-0.0690305
-0.0628092
-0.0650067
-0.0652997
-0.0580431
-0.0463817
-0.0286455
-0.0166033
-0.0216526
-0.0300324
-0.030716
-0.0248072
-0.00591857
0.0202853
0.023518
0.0155875
0.0263406
0.0365858
0.0566464
0.0596155
0.0724195
0.0864053
0.0965919
0.0915621
0.0900092
0.0855166
0.0743045
0.062399
0.0568222
0.0640495
0.0584533
0.064743
0.0761113
0.0824206
0.0938475
0.0927536
0.0984964
0.0996977
0.108507
0.107042
0.126624
0.141675
0.145445
0.15527
0.158004
0.166785
0.164411
0.173778
0.183573
0.191504
0.189805
0.201798
0.210617
0.2172
0.21803
0.218919
0.207629
0.203243
0.217981
0.211838
0.214514
0.216624
0.213811
0.217513
0.234575
0.238618
0.234536
0.231772
0.243404
0.245933
0.233579
0.227123
0.219573
0.219144
0.23602
0.240376
0.242339
0.241451
0.240171
0.243941
0.250289
0.25821
0.257214
0.251002
0.248014
0.25485
0.275204
0.283418
0.275448
0.275956
0.266619
0.279902
0.274706
0.266258
0.258513
0.260007
0.266414
0.267967
0.275692
0.282236
0.285137
0.291592
0.287188
0.285889
0.286787
0.290069
0.287871
0.282334
0.280244
0.268065
0.26031
0.270174
0.276855
0.283691
0.280595
0.275751
0.270672
0.278251
0.287803
0.286983
0.283076
0.281865
0.279706
0.263347
0.255729
0.265193
0.278984
0.286543
0.267801
0.252731
0.259753
0.279101
0.281884
0.28081
0.275067
0.265291
0.267537
0.277128
0.279892
0.287842
0.278329
0.279111
0.279189
0.281611
0.288203
0.298087
0.292803
0.298497
0.294923
0.298829
0.299142
0.299484
0.290674
0.288428
0.292969
0.305969
0.307356
0.313675
0.318919
0.308616
0.306692
0.301515
0.302228
0.29167
0.279745
0.277597
0.271024
0.270965
0.268885
0.272811
0.261511
0.251647
0.250758
0.257985
0.262927
0.257722
0.258601
0.253796
0.255505
0.257595
0.251705
0.252321
0.246148
0.251813
0.245123
0.243023
0.242945
0.242876
0.248824
0.257946
0.266189
0.275995
0.27913
0.283564
0.278818
0.262918
0.260085
0.262498
0.265838
0.254616
0.251559
0.252262
0.255768
0.256696
0.255329
0.249283
0.242222
0.24062
0.255778
0.261873
0.257019
0.257712
0.270135
0.268641
0.268426
0.259519
0.255436
0.257595
0.258933
0.26657
0.26533
0.256999
0.260144
0.268944
0.275438
0.278466
0.265193
0.261843
0.263337
0.267654
0.266111
0.265672
0.257097
0.268289
0.276571
0.283545
0.28206
0.278144
0.275829
0.266551
0.256579
0.2532
0.257976
0.265437
0.26575
0.255212
0.250924
0.250407
0.253747
0.257614
0.256657
0.260339
0.252223
0.245269
0.241236
0.231381
0.221595
0.226898
0.236382
0.238696
0.237964
0.234477
0.235063
0.23269
0.221917
0.214788
0.223978
0.228266
0.226097
0.230619
0.229438
0.229897
0.230053
0.239878
0.258357
0.257106
0.244791
0.223236
0.217669
0.20839
0.194004
0.188789
0.199073
0.211692
0.221175
0.217454
0.206554
0.201788
0.19042
0.183622
0.169383
0.15946
0.160436
0.156969
0.152144
0.146294
0.141128
0.152252
0.161452
0.171551
0.177167
0.191924
0.197344
0.186259
0.176434
0.174637
0.181483
0.181757
0.183896
0.179677
0.162536
0.153649
0.159889
0.158004
0.165925
0.164294
0.167976
0.152594
0.147642
0.143804
0.142847
0.14688
0.163064
0.169021
0.173934
0.178202
0.174422
0.176444
0.169451
0.177792
0.189355
0.198175
0.194317
0.187549
0.177753
0.172938
0.171961
0.165857
0.169861
0.167898
0.164411
0.153736
0.14983
0.163288
0.157877
0.155475
0.15608
0.148853
0.140288
0.148306
0.145376
0.141245
0.135971
0.136303
0.140395
0.142476
0.145913
0.14398
0.143677
0.132172
0.115266
0.116633
0.125872
0.12303
0.127943
0.132611
0.123108
0.11675
0.118245
0.124349
0.139477
0.140727
0.144614
0.132494
0.13976
0.138139
0.143638
0.137299
0.13352
0.128246
0.121301
0.131293
0.124583
0.120159
0.122366
0.119387
0.113488
0.114572
0.12177
0.12804
0.142622
0.148082
0.146704
0.139712
0.135131
0.125765
0.124104
0.122698
0.120618
0.121096
0.109386
0.118137
0.129632
0.130082
0.121682
0.126331
0.134252
0.137016
0.128187
0.128509
0.123147
0.127337
0.127435
0.116682
0.115608
0.110597
0.112648
0.118899
0.118235
0.132269
0.14773
0.147124
0.149703
0.146519
0.149097
0.159342
0.148443
0.135463
0.135981
0.142134
0.141997
0.1222
0.110265
0.105011
0.113693
0.123909
0.125521
0.125677
0.127943
0.137133
0.136772
0.128763
0.11509
0.121106
0.133783
0.137114
0.122688
0.118791
0.106085
0.0979104
0.096211
0.0952246
0.107355
0.100215
0.104083
0.106544
0.109474
0.0997758
0.0916012
0.0939256
0.10548
0.118752
0.116311
0.123392
0.124661
0.12762
0.131996
0.121214
0.10963
0.116164
0.127454
0.130043
0.131488
0.12262
0.12135
0.130687
0.137905
0.137661
0.126058
0.123636
0.117932
0.122903
0.117512
0.104151
0.0978909
0.0899897
0.0937596
0.0976565
0.0925876
0.0894134
0.0933982
0.0960548
0.0933103
0.0991801
0.0852626
0.0970509
0.105577
0.11091
0.107814
0.101973
0.102872
0.093535
0.0953125
0.105929
0.112629
0.107814
0.0958594
0.105157
0.120403
0.115949
0.108488
0.097842
0.0758574
0.0802035
0.102217
0.12386
0.127679
0.124222
0.128236
0.127454
0.125316
0.134027
0.130502
0.125374
0.125062
0.121858
0.126966
0.139682
0.135248
0.117434
0.118791
0.112912
0.117102
0.126761
0.124056
0.11385
0.107169
0.0992289
0.10084
0.0917867
0.0992094
0.0999712
0.0881731
0.0784553
0.0809067
0.0931638
0.113185
0.124515
0.123743
0.109591
0.101446
0.0978323
0.114133
0.121829
0.120208
0.108751
0.114904
0.108449
0.101036
0.107902
0.115832
0.119338
0.117463
0.114523
0.116526
0.11929
0.126575
0.122014
0.105489
0.0995024
0.0887103
0.0921579
0.0969044
0.109445
0.109542
0.10251
0.101807
0.106749
0.101085
0.096504
0.0950195
0.0940721
0.097969
0.103028
0.0899506
0.0864639
0.0951465
0.110558
0.112844
0.107335
0.0995121
0.102003
0.106866
0.114465
0.116545
0.114787
0.118323
0.111711
0.116516
0.114592
0.109962
0.110148
0.104942
0.092822
0.0910933
0.086669
0.0816783
0.0767461
0.0813267
0.0890423
0.0718726
0.0486378
0.0413031
0.0383731
0.0471435
0.0631412
0.0755058
0.0852236
0.0841981
0.084159
0.0912593
0.0863663
0.0844032
0.0907222
0.0835828
0.0758476
0.081942
0.0770684
0.0722437
0.0772931
0.0819322
0.0879582
0.0948535
0.0872062
0.0802328
0.0773614
0.0744803
0.075037
0.0742166
0.0785334
0.0868351
0.0911812
0.0891009
0.0844618
0.0854287
0.0919918
0.087509
0.0906245
0.100293
0.0903706
0.0833386
0.0815806
0.0864639
0.0928025
0.0913765
0.100577
0.0930271
0.0783283
0.0575938
0.0503079
0.065788
0.0704271
0.0769708
0.0775372
0.0759648
0.0751346
0.0833777
0.0774591
0.0651825
0.0591076
0.0599866
0.0671944
0.0747244
0.0866104
0.0905073
0.0655145
0.0506692
0.0467431
0.0507376
0.0659833
0.0763359
0.0688449
0.0652801
0.0684738
0.0714331
0.0670869
0.0682003
0.0740798
0.0746365
0.0705248
0.0728493
0.0719214
0.0694798
0.0606312
0.0561972
0.0682492
0.0682492
0.0682492
0.0682492
0.0682492
0.0682492
0.0682492
0.0682492
0.0682492
0.0682492
0.0682492
0.0682492
0.0682492
0.0682492
0.0682492
0.0682492
0.0682492
0.0682492
0.0682492
0.0682492
0.0682492
0.0682492
0.0682492
0.0682492
0.0682492
0.0682492
0.0682492
0.0682492
0.0682492
0.0682492
0.0682492
0.0682492
0.0682492
0.0682492
0.0682492
0.0682492
0.0682492
0.0682492
0.0682492
0.0682492
0.0682492
0.0682492
0.0682492
0.0682492
0.0682492
0.0682492
0.0682492
0.0682492
0.0682492
0.0682492
0.0682492
0.0682492
0.0682492
0.0682492
0.0682492
0.0682492
0.0682492
0.0682492
0.0682492
0.0682492
0.0682492
0.0682492
0.0682492
0.0682492
0.0682492
0.0682492
0.0682492
0.0682492
0.0682492
0.0682492
0.0682492
0.0682492
0.0682492
0.0682492
0.0682492
0.0682492
0.0682492
0.0682492
0.0682492
0.0682492
0.0682492
0.0682492
0.0682492
0.0682492
0.0682492
0.0682492
0.0682492
0.0682492
0.0682492
0.0682492
0.0682492
0.0682492
0.0682492
0.0682492
0.0682492
0.0682492
0.0682492
0.0682492
0.0682492
0.0682492
0.0682492
0.0682492
0.0682492
0.0682492
0.0682492
0.0682492
0.0682492
0.0682492
0.0682492
0.0682492
0.0682492
0.0682492
0.0682492
0.0682492
0.0682492
0.0682492
0.0682492
0.0682492
0.0682492
0.0682492
0.0682492
0.0682492
0.0682492
0.0682492
0.0682492
0.0682492
0.0682492
0.0682492
0.0682492
0.0682492
0.0682492
