0
0
1.71364
2.29123
3.15797
4.35964
5.8387
7.42825
8.97398
10.5074
12.0311
13.21
12.3101
11.1396
10.2249
9.60636
9.06634
8.58354
8.16584
7.82711
7.50347
7.17571
6.85709
6.5578
6.2365
5.88539
5.53899
5.21831
4.89982
4.5828
4.26649
3.95529
3.65403
3.36653
3.10233
2.83819
2.58671
2.3282
2.09107
1.86284
1.63432
1.40274
1.16975
0.959892
0.770023
0.571218
0.382856
0.210572
0.0235107
-0.145316
-0.301074
-0.46489
-0.608604
-0.74797
-0.88577
-1.01634
-1.15432
-1.28508
-1.411
-1.52494
-1.63045
-1.73954
-1.83904
-1.93379
-2.02197
-2.11407
-2.20593
-2.28981
-2.36533
-2.44936
-2.52422
-2.58583
-2.64789
-2.72233
-2.7831
-2.83829
-2.89026
-2.94718
-3
-3.02745
-3.05725
-3.08226
-3.10789
-3.13433
-3.16814
-3.20013
-3.22778
-3.26006
-3.28721
-3.29756
-3.30372
-3.31165
-3.31898
-3.3277
-3.34508
-3.35475
-3.36278
-3.36702
-3.36622
-3.37275
-3.37024
-3.35762
-3.35041
-3.35079
-3.33472
-3.33469
-3.32635
-3.3116
-3.29672
-3.28722
-3.2687
-3.26074
-3.25771
-3.25209
-3.23376
-3.20619
-3.1934
-3.16739
-3.14339
-3.11853
-3.0909
-3.06894
-3.04044
-3.0181
-2.99349
-2.96234
-2.93214
-2.8951
-2.88819
-2.87264
-2.84104
-2.81431
-2.77901
-2.75534
-2.71916
-2.69711
-2.67027
-2.6359
-2.6001
-2.56289
-2.53228
-2.50653
-2.48469
-2.4478
-2.41086
-2.3803
-2.34493
-2.29958
-2.26928
-2.23823
-2.21361
-2.17426
-2.1504
-2.11407
-2.07894
-2.04656
-2.01018
-1.97084
-1.93585
-1.89506
-1.86637
-1.83582
-1.80441
-1.77873
-1.75371
-1.71412
-1.68251
-1.65961
-1.63067
-1.59187
-1.5519
-1.50666
-1.47216
-1.45352
-1.43248
-1.41387
-1.38001
-1.35679
-1.32274
-1.27954
-1.2403
-1.21482
-1.19036
-1.1572
-1.11325
-1.08641
-1.06158
-1.03252
-1.00119
-0.96542
-0.950918
-0.922156
-0.901838
-0.883036
-0.866993
-0.839014
-0.80547
-0.777407
-0.73065
-0.708007
-0.689326
-0.670356
-0.654783
-0.626129
-0.596343
-0.572748
-0.552285
-0.529653
-0.511743
-0.491737
-0.468407
-0.447221
-0.424602
-0.398634
-0.38518
-0.352263
-0.327801
-0.303591
-0.293667
-0.283513
-0.255558
-0.23389
-0.220136
-0.202129
-0.181461
-0.151976
-0.127225
-0.108749
-0.0879604
-0.0553923
-0.0464553
-0.0370004
-0.0331583
-0.0138511
0.00915375
0.0270758
0.0413364
0.0506106
0.0684243
0.0858887
0.102257
0.123853
0.139053
0.146653
0.144653
0.16113
0.183412
0.199853
0.220774
0.23424
0.247898
0.26022
0.275793
0.282032
0.291957
0.304928
0.318563
0.338087
0.353407
0.357538
0.375966
0.389709
0.39596
0.387252
0.384518
0.39001
0.403729
0.431515
0.443596
0.454195
0.462084
0.471406
0.47826
0.489244
0.497109
0.516284
0.519584
0.534567
0.557247
0.56852
0.567268
0.565726
0.577144
0.576578
0.578048
0.577734
0.58731
0.581071
0.589779
0.595392
0.603762
0.614253
0.629501
0.624912
0.632669
0.644894
0.652639
0.65624
0.647989
0.661636
0.666249
0.668646
0.66826
0.669477
0.667526
0.673307
0.689338
0.691482
0.688121
0.702563
0.710464
0.714631
0.726567
0.735613
0.722568
0.715956
0.719726
0.731024
0.727278
0.72199
0.728699
0.739635
0.730482
0.728771
0.72517
0.727121
0.716245
0.722845
0.732939
0.74779
0.744802
0.746115
0.756461
0.759858
0.754474
0.748259
0.740695
0.732614
0.738901
0.73919
0.734179
0.730807
0.737516
0.741093
0.735203
0.734131
0.740671
0.742887
0.750126
0.751499
0.749259
0.743357
0.735829
0.731024
0.732192
0.725218
0.727675
0.740057
0.744224
0.730277
0.721906
0.71857
0.722653
0.721027
0.722448
0.720798
0.721593
0.717943
0.724351
0.722978
0.731855
0.725291
0.716354
0.715872
0.718919
0.715522
0.706284
0.703478
0.700009
0.689615
0.692807
0.691048
0.690952
0.69141
0.686917
0.689169
0.689218
0.692674
0.697155
0.690639
0.688953
0.680184
0.680497
0.673379
0.667032
0.652
0.653867
0.65942
0.651904
0.647845
0.644063
0.637595
0.638197
0.64811
0.644171
0.635162
0.62802
0.623262
0.618673
0.629923
0.637053
0.642895
0.639787
0.642052
0.633861
0.618408
0.60758
0.596186
0.592296
0.584925
0.583227
0.57971
0.587117
0.58737
0.595018
0.597114
0.602931
0.598908
0.585069
0.580204
0.574759
0.573712
0.560571
0.565666
0.55538
0.549129
0.548972
0.548298
0.533616
0.529039
0.535519
0.53158
0.524233
0.522222
0.514838
0.521463
0.513393
0.496627
0.499687
0.498362
0.50996
0.5132
0.509503
0.500963
0.489136
0.495218
0.488895
0.486365
0.484559
0.474068
0.463276
0.470925
0.474201
0.478573
0.465878
0.460277
0.45458
0.445679
0.448245
0.447703
0.456905
0.455917
0.457061
0.456351
0.428637
0.422651
0.416339
0.409185
0.413834
0.413256
0.409113
0.4025
0.407246
0.403488
0.40038
0.397803
0.389059
0.374003
0.376147
0.378158
0.376882
0.378725
0.387854
0.377099
0.364813
0.358357
0.362043
0.349312
0.345193
0.348288
0.350396
0.350131
0.339002
0.342411
0.341339
0.332606
0.336015
0.327331
0.321453
0.328909
0.332606
0.348011
0.345879
0.341435
0.332426
0.320984
0.307084
0.305603
0.304374
0.312986
0.305603
0.303146
0.318563
0.314684
0.309252
0.298412
0.288319
0.29457
0.296497
0.294594
0.277961
0.274709
0.275962
0.277106
0.281032
0.281333
0.283562
0.285115
0.269084
0.248103
0.249103
0.25498
0.246381
0.252475
0.250066
0.247717
0.240166
0.242936
0.24249
0.247717
0.248573
0.239636
0.239949
0.234914
0.238973
0.237769
0.239551
0.243213
0.240804
0.230891
0.218546
0.216498
0.214391
0.200877
0.200359
0.200154
0.200347
0.203418
0.205104
0.209753
0.202214
0.180353
0.180449
0.190892
0.197384
0.193108
0.185978
0.181642
0.182943
0.18181
0.183436
0.172452
0.166875
0.174054
0.176125
0.174006
0.169176
0.167875
0.168453
0.172657
0.165045
0.166394
0.1649
0.15176
0.151422
0.148712
0.152579
0.152326
0.15577
0.146966
0.138451
0.131477
0.131103
0.132886
0.142654
0.143738
0.149182
0.149628
0.154072
0.142642
0.132838
0.128201
0.134392
0.139679
0.137126
0.120468
0.111471
0.10693
0.108677
0.105666
0.10911
0.108869
0.109086
0.111616
0.113061
0.105774
0.100005
0.099523
0.105461
0.105894
0.104305
0.106328
0.108255
0.0970178
0.0903572
0.0927179
0.0931274
0.0976079
0.0988967
0.0941391
0.0890203
0.0957772
0.0828174
0.0761689
0.0635825
0.0639317
0.0706044
0.0860212
0.0840941
0.0915737
0.0912846
0.0745549
0.0657625
0.0686291
0.0835641
0.0881531
0.0952834
0.0876472
0.0760846
0.0777226
0.068605
0.0618962
0.063462
0.0672078
0.072146
0.0700383
0.066702
0.0570303
0.0484185
0.0524173
0.0504541
0.0609929
0.0615108
0.0668826
0.0689784
0.0675933
0.0597162
0.0498277
0.0552116
0.0635102
0.0535856
0.046636
0.0412039
0.043673
0.0421434
0.0455279
0.0494303
0.0552839
0.0511044
0.0533447
0.0559583
0.050177
0.0410474
0.0185966
0.00726278
0.0018428
0.0062631
0.0103221
0.024667
0.0310866
0.0399152
0.0358201
0.0374702
0.0418302
0.0361935
0.031737
0.0286055
0.0327969
0.0183075
0.01084
0.02604
0.0277503
0.0311469
0.0261605
0.0216799
0.0224869
0.0310987
0.0426011
0.0412401
0.0361332
0.0315323
0.0277865
0.0310023
0.0332305
0.0334232
0.0207766
0.0258834
0.0235227
0.0226555
0.0157782
0.00950304
-0.00266182
-0.00102378
0.000722665
0.00644376
0.00822634
0.0125382
0.00663647
0.00472141
0.00700985
0.00719052
0.0147424
0.0134054
-0.000734709
-0.0053959
0.00827451
0.0142365
0.0196685
0.0147905
0.0109845
0.00899718
0.0107075
0.0152482
0.00838291
0.00289066
0.0184159
0.0163202
0.0192831
0.0294847
0.0186207
0.0229205
0.0155132
0.022246
0.0151157
0.00346879
0.00255342
0.000999686
0.00448052
0.010021
0.0145256
0.0120926
0.00260159
0.000843109
0.0032279
0.00749163
0.014369
0.0172356
0.0169224
0.0194397
0.000240888
-0.00670874
0.00232457
0.00142124
-0.0102016
-0.0098162
0.00497434
0.00910558
-0.00199937
0.00256546
0.000337244
-0.000541999
0.00402283
-0.00903331
-0.00526341
-0.00657625
0.00120444
0.00698576
0.00856358
0.00199937
0.00460097
0.00410715
0.00903331
0.0145256
0.0174283
0.0117915
0.007323
-0.0014092
0.00121649
-0.00667261
-0.00585358
-0.00503456
-0.00515501
-0.00307133
-0.00403488
0.00201142
-0.00468528
-0.0104666
-0.0014092
-0.00531159
-0.00811793
-0.00761207
-0.00540794
-0.0171994
-0.0261002
-0.0193915
-0.0158023
-0.0260641
-0.019801
-0.00908149
0.00168622
0.00611856
0.0107316
0.0102618
0.0112736
0.00998482
0.00776865
0.00204755
0.00725074
0.0125985
0.0126466
0.00988846
0.00214391
-0.00859971
-0.0232578
-0.0147544
-0.00444439
-0.00422759
0.00150555
0.00774456
0.00439621
0.00720256
0.00158986
0.000662443
-0.00317973
-0.00315564
0.00478163
0.0144774
0.0181509
0.0189218
0.00735914
0.0138631
0.0173921
0.0123094
0.00774456
0.0171512
0.00965962
0.00738323
0.000313155
-0.0146099
-0.00601016
0.00555247
0.00900922
0.00425168
0.0122251
0.0172235
0.0130561
0.0112374
0.0230891
0.0190181
0.0105389
0.00493821
-0.00628718
-0.00287861
0.00655216
0.0138752
0.0244863
0.0126346
0.0107316
0.006781
0.00534772
0.00534772
0.00534772
0.00534772
0.00534772
0.00534772
0.00534772
0.00534772
0.00534772
0.00534772
0.00534772
0.00534772
0.00534772
0.00534772
0.00534772
0.00534772
0.00534772
0.00534772
0.00534772
0.00534772
0.00534772
0.00534772
0.00534772
0.00534772
0.00534772
0.00534772
0.00534772
0.00534772
0.00534772
0.00534772
0.00534772
0.00534772
0.00534772
0.00534772
0.00534772
0.00534772
0.00534772
0.00534772
0.00534772
0.00534772
0.00534772
0.00534772
0.00534772
0.00534772
0.00534772
0.00534772
0.00534772
0.00534772
0.00534772
0.00534772
0.00534772
0.00534772
0.00534772
0.00534772
0.00534772
0.00534772
0.00534772
0.00534772
0.00534772
0.00534772
0.00534772
0.00534772
0.00534772
0.00534772
0.00534772
0.00534772
0.00534772
0.00534772
0.00534772
0.00534772
0.00534772
0.00534772
0.00534772
0.00534772
0.00534772
0.00534772
0.00534772
0.00534772
0.00534772
0.00534772
0.00534772
0.00534772
0.00534772
0.00534772
0.00534772
0.00534772
0.00534772
0.00534772
0.00534772
0.00534772
0.00534772
0.00534772
0.00534772
0.00534772
0.00534772
0.00534772
0.00534772
0.00534772
0.00534772
0.00534772
0.00534772
0.00534772
0.00534772
0.00534772
0.00534772
0.00534772
0.00534772
0.00534772
0.00534772
0.00534772
0.00534772
0.00534772
0.00534772
0.00534772
0.00534772
0.00534772
0.00534772
0.00534772
0.00534772
0.00534772
0.00534772
0.00534772
0.00534772
0.00534772
0.00534772
0.00534772
0.00534772
0.00534772
0.00534772
0.00534772
0.00534772
0.00534772
0.00534772
0.00534772
0.00534772
