0
0
1.6394
2.47732
3.55803
4.88492
6.3998
7.97261
9.46902
11.1107
12.9497
14.58
13.3102
11.779
10.6339
9.86782
9.14313
8.47059
7.80837
7.12668
6.46584
5.9323
5.5397
5.13027
4.71824
4.37258
4.10728
3.81306
3.51157
3.25511
2.99337
2.70466
2.41194
2.13999
1.8972
1.66271
1.44951
1.22255
1.01277
0.792747
0.59045
0.399195
0.200286
0.0213975
-0.140765
-0.289926
-0.431136
-0.563247
-0.704457
-0.83781
-0.973215
-1.09172
-1.18276
-1.28022
-1.38518
-1.47961
-1.55783
-1.64318
-1.73102
-1.81147
-1.8954
-1.96717
-2.01438
-2.06048
-2.11128
-2.18153
-2.24651
-2.2936
-2.32768
-2.35409
-2.39059
-2.42294
-2.44832
-2.47099
-2.48813
-2.50116
-2.50819
-2.5346
-2.5572
-2.56979
-2.58842
-2.59137
-2.5923
-2.59556
-2.60951
-2.64111
-2.63515
-2.62231
-2.61625
-2.60811
-2.61359
-2.59756
-2.59918
-2.60936
-2.59702
-2.58321
-2.58638
-2.5545
-2.54352
-2.53491
-2.51529
-2.48466
-2.46506
-2.44563
-2.43011
-2.39964
-2.38942
-2.36265
-2.33716
-2.31927
-2.30643
-2.30009
-2.26923
-2.24844
-2.21121
-2.17596
-2.15714
-2.12537
-2.10539
-2.06817
-2.0495
-2.02646
-2.01922
-2.00223
-1.97336
-1.92171
-1.90161
-1.86008
-1.82578
-1.78802
-1.75404
-1.72747
-1.7072
-1.68306
-1.67555
-1.67773
-1.65598
-1.64141
-1.61546
-1.59258
-1.57239
-1.54298
-1.5029
-1.46544
-1.43926
-1.40293
-1.37479
-1.3466
-1.30773
-1.28257
-1.26002
-1.24259
-1.21555
-1.20273
-1.16884
-1.12872
-1.09922
-1.0721
-1.07183
-1.07839
-1.06786
-1.03692
-1.01743
-0.974146
-0.948578
-0.920875
-0.895779
-0.868145
-0.860544
-0.838134
-0.826321
-0.809717
-0.790884
-0.778491
-0.74736
-0.71955
-0.685435
-0.6664
-0.641209
-0.627439
-0.626495
-0.602032
-0.56943
-0.538637
-0.510341
-0.47223
-0.472946
-0.461875
-0.439641
-0.420741
-0.431541
-0.425088
-0.383616
-0.352134
-0.342373
-0.320017
-0.30402
-0.294286
-0.270189
-0.25789
-0.258444
-0.249898
-0.233064
-0.213853
-0.19548
-0.175919
-0.157086
-0.150039
-0.145287
-0.130964
-0.118111
-0.0958635
-0.0877095
-0.060912
-0.0563625
-0.0620055
-0.062262
-0.049194
-0.030537
0.001242
0.015984
0.037449
0.054864
0.052812
0.0489645
0.0630855
0.086994
0.094662
0.0972
0.111672
0.138105
0.150539
0.152577
0.152415
0.160177
0.168588
0.185017
0.203526
0.204066
0.213165
0.236466
0.244741
0.249858
0.260861
0.269311
0.283284
0.280706
0.281232
0.27652
0.295218
0.298012
0.305438
0.323878
0.317264
0.293963
0.298539
0.328604
0.348327
0.362016
0.348678
0.345344
0.357251
0.374072
0.383967
0.372748
0.377338
0.396212
0.418554
0.419499
0.427855
0.425277
0.435118
0.431446
0.433228
0.447768
0.437387
0.431919
0.421632
0.428463
0.436617
0.450752
0.47192
0.483678
0.481572
0.479317
0.469976
0.485325
0.495828
0.494734
0.493803
0.478926
0.470529
0.473796
0.48785
0.48438
0.514782
0.526419
0.521181
0.511515
0.50328
0.51566
0.521357
0.52812
0.541471
0.555511
0.554648
0.541134
0.533534
0.5351
0.529686
0.513283
0.519345
0.511488
0.498136
0.500836
0.518508
0.518832
0.521357
0.533817
0.545643
0.562612
0.541566
0.548424
0.542929
0.545846
0.553001
0.55296
0.546804
0.54401
0.53784
0.523894
0.50976
0.505521
0.512582
0.538664
0.566716
0.583969
0.589855
0.574263
0.550449
0.545332
0.542565
0.532264
0.538853
0.548883
0.55782
0.566487
0.569363
0.585374
0.596241
0.583781
0.570807
0.561438
0.559089
0.568039
0.551475
0.554688
0.567999
0.568012
0.574844
0.558252
0.541971
0.536936
0.528822
0.530928
0.537813
0.542835
0.536909
0.549545
0.563152
0.570834
0.562882
0.563274
0.540972
0.529605
0.527742
0.523193
0.523962
0.528066
0.522423
0.507802
0.493573
0.505049
0.515146
0.541984
0.551597
0.539298
0.532224
0.519129
0.532777
0.536814
0.530429
0.524313
0.5238
0.5098
0.493803
0.481721
0.487633
0.475578
0.482112
0.478265
0.481667
0.486553
0.484286
0.480586
0.485824
0.488876
0.474768
0.475254
0.476118
0.460242
0.443624
0.448943
0.461052
0.45657
0.448564
0.468855
0.455611
0.431825
0.439169
0.444461
0.451885
0.46139
0.450981
0.437845
0.437103
0.429786
0.434579
0.445311
0.435982
0.426006
0.41526
0.388098
0.372236
0.372694
0.371965
0.389461
0.388557
0.374301
0.38236
0.37881
0.371115
0.372114
0.375192
0.382279
0.389704
0.392377
0.393485
0.387599
0.375219
0.365175
0.373693
0.34992
0.347652
0.332195
0.34074
0.349259
0.359937
0.370373
0.356724
0.351891
0.333315
0.331668
0.332545
0.319423
0.313443
0.319802
0.31216
0.317547
0.330345
0.353079
0.358007
0.356629
0.352944
0.341942
0.324959
0.319032
0.331277
0.326093
0.313875
0.303142
0.2975
0.283311
0.259227
0.266908
0.255042
0.26572
0.277573
0.294273
0.301226
0.296784
0.298134
0.309002
0.311837
0.30186
0.304006
0.305883
0.296609
0.283486
0.289683
0.305221
0.291141
0.274009
0.264722
0.263669
0.258079
0.245605
0.236763
0.235616
0.245889
0.253341
0.264114
0.269595
0.26055
0.260617
0.249601
0.258052
0.254137
0.251653
0.249305
0.25245
0.249656
0.238181
0.236777
0.228906
0.237695
0.244174
0.24759
0.245187
0.231485
0.218457
0.225855
0.236209
0.229162
0.212125
0.226462
0.223493
0.211248
0.193117
0.178281
0.185962
0.196317
0.20952
0.201191
0.183208
0.171706
0.17527
0.186853
0.176202
0.178821
0.185693
0.187097
0.178861
0.176202
0.192037
0.185827
0.171086
0.176458
0.179415
0.1674
0.160799
0.169587
0.169196
0.157018
0.147177
0.158477
0.153522
0.153778
0.162688
0.170451
0.184289
0.180643
0.179105
0.183978
0.175689
0.157977
0.16169
0.166428
0.181143
0.165618
0.160029
0.161757
0.157437
0.158976
0.180522
0.174083
0.156897
0.152577
0.146286
0.131949
0.126549
0.148271
0.154616
0.142276
0.112549
0.107878
0.108689
0.136823
0.143707
0.151511
0.159827
0.175243
0.153873
0.149135
0.144409
0.125725
0.145166
0.159071
0.176324
0.168696
0.150727
0.144639
0.123174
0.1156
0.117207
0.112752
0.106542
0.110119
0.106637
0.101452
0.0912735
0.094284
0.109647
0.119799
0.128615
0.127521
0.130612
0.118476
0.0904635
0.093555
0.0879255
0.085482
0.0821745
0.0851715
0.100345
0.10719
0.0967005
0.092475
0.0762615
0.0898155
0.110335
0.113576
0.11417
0.116802
0.0996435
0.107096
0.117801
0.122256
0.115384
0.0889785
0.08154
0.0797175
0.081837
0.063639
0.059778
0.079272
0.0915435
0.072306
0.0628155
0.072171
0.076761
0.080217
0.0894105
0.093042
0.07857
0.067959
0.0678915
0.0631665
0.0679455
0.086211
0.094149
0.089451
0.0916785
0.0867645
0.0924075
0.0981585
0.093015
0.085239
0.085698
0.070308
0.0720225
0.0623835
0.0725895
0.094149
0.0780975
0.069633
0.0589005
0.0516105
0.055593
0.0551475
0.0626535
0.0677565
0.0462645
0.041337
0.0484245
0.053649
0.042444
0.0427545
0.051975
0.061128
0.0485325
0.0641655
0.081
0.0775035
0.072414
0.0654885
0.0667575
0.057861
0.0637605
0.069768
0.0612225
0.0424305
0.037638
0.0372465
0.0404865
0.0361935
0.0189
0.0179145
0.024084
0.0307395
0.024975
0.022842
0.019494
0.0242865
0.0334665
0.035181
0.039366
0.052812
0.059265
0.062154
0.048762
0.05022
0.0357885
0.0411345
0.040554
0.039987
0.035046
0.0205605
0.021735
0.0422415
0.045954
0.028431
0.021384
0.018171
0.018711
0.0187515
0.004644
0.018657
0.0286065
0.024786
0.0235035
0.0316035
0.041121
0.0272565
0.000702
-0.005724
-0.0152955
-0.0064125
0.0017955
0.018171
0.011448
0.01377
0.023031
0.032373
0.02673
0.0245025
0.0403245
0.049086
0.0422145
0.0210735
0.021114
0.0321705
0.039933
0.0360045
0.018468
0.0064125
0.0267705
0.027756
0.021006
-0.002079
0.001134
0.0236115
0.036828
0.0478575
0.054405
0.0493155
0.0216405
0.013959
0.029673
0.048573
0.049086
0.046818
0.037098
0.030996
0.043983
0.038961
0.0309015
0.0299565
0.031428
0.0333855
0.0311445
0.0264465
0.0145125
0.016767
0.0194805
0.025893
0.026811
0.0274185
0.0148905
0.028944
0.0451845
0.05184
0.0405
0.0442395
0.0548505
0.0460755
0.0368145
0.0437535
0.0287145
0.0306585
0.034209
0.0381105
0.0371655
0.033561
0.049113
0.062316
0.0598185
0.0598725
0.055134
0.054729
0.048087
0.0349785
0.033723
0.0404055
0.037881
0.0353835
0.0373815
0.033723
0.0400275
0.0416745
0.0534465
0.049923
0.0436185
0.023247
0.025785
0.021465
0.03051
0.0337365
0.0378675
0.025596
0.017955
2.7e-05
0.0108675
0.0374625
0.0538515
0.0542295
0.048789
0.038232
0.054135
0.071955
0.0543105
0.0374085
0.033399
0.0409185
0.0324
0.0265275
0.025488
0.041067
0.0458595
0.039609
0.0346545
0.033129
0.0252855
0.022302
0.034398
0.0381375
0.026487
0.0315495
0.032292
0.030375
0.040176
0.0347625
0.041715
0.033993
0.0338445
0.043794
0.045414
0.039177
0.051219
0.0545265
0.055917
0.0550125
0.0565785
0.052515
0.052515
0.052515
0.052515
0.052515
0.052515
0.052515
0.052515
0.052515
0.052515
0.052515
0.052515
0.052515
0.052515
0.052515
0.052515
0.052515
0.052515
0.052515
0.052515
0.052515
0.052515
0.052515
0.052515
0.052515
0.052515
0.052515
0.052515
0.052515
0.052515
0.052515
0.052515
0.052515
0.052515
0.052515
0.052515
0.052515
0.052515
0.052515
0.052515
0.052515
0.052515
0.052515
0.052515
0.052515
0.052515
0.052515
0.052515
0.052515
0.052515
0.052515
0.052515
0.052515
0.052515
0.052515
0.052515
0.052515
0.052515
0.052515
0.052515
0.052515
0.052515
0.052515
0.052515
0.052515
0.052515
0.052515
0.052515
0.052515
0.052515
0.052515
0.052515
0.052515
0.052515
0.052515
0.052515
0.052515
0.052515
0.052515
0.052515
0.052515
0.052515
0.052515
0.052515
0.052515
0.052515
0.052515
0.052515
0.052515
0.052515
0.052515
0.052515
0.052515
0.052515
0.052515
0.052515
0.052515
0.052515
0.052515
0.052515
0.052515
0.052515
0.052515
0.052515
0.052515
0.052515
0.052515
0.052515
0.052515
0.052515
0.052515
0.052515
0.052515
0.052515
0.052515
0.052515
0.052515
0.052515
0.052515
0.052515
0.052515
0.052515
0.052515
0.052515
0.052515
0.052515
0.052515
0.052515
0.052515
0.052515
0.052515
