0
0
1.15482
1.64741
2.51319
3.89541
5.75173
7.78034
9.64093
11.3096
12.8027
13.79
13.0537
12.0284
11.2252
10.6644
10.1429
9.61751
9.1473
8.74164
8.35264
7.94728
7.54395
7.17511
6.80814
6.41042
6.00823
5.63271
5.29361
4.94332
4.59216
4.2463
3.92106
3.61428
3.30698
3.01105
2.71885
2.43135
2.14531
1.87466
1.62306
1.37794
1.15728
0.928432
0.709145
0.500417
0.294034
0.0947319
-0.104101
-0.294057
-0.48066
-0.667584
-0.839408
-1.0012
-1.15428
-1.29599
-1.43214
-1.57826
-1.7118
-1.83816
-1.95614
-2.07363
-2.18475
-2.29385
-2.38946
-2.48802
-2.59256
-2.69189
-2.77239
-2.85128
-2.91924
-2.99021
-3.0543
-3.11318
-3.17022
-3.23041
-3.27772
-3.33075
-3.38517
-3.42602
-3.47026
-3.50716
-3.53702
-3.56427
-3.58972
-3.61611
-3.64467
-3.6692
-3.6795
-3.6941
-3.71367
-3.72721
-3.73593
-3.74228
-3.74211
-3.7433
-3.74314
-3.74624
-3.73982
-3.73551
-3.73585
-3.72985
-3.71947
-3.71213
-3.69694
-3.68521
-3.67776
-3.6629
-3.64376
-3.61899
-3.60177
-3.57313
-3.54378
-3.52177
-3.50774
-3.49142
-3.46664
-3.44287
-3.41116
-3.38113
-3.35135
-3.33019
-3.30614
-3.27934
-3.25083
-3.21832
-3.17369
-3.13744
-3.10534
-3.06601
-3.03341
-2.99739
-2.96602
-2.93041
-2.88985
-2.85314
-2.82315
-2.79082
-2.75461
-2.71629
-2.67514
-2.64565
-2.61047
-2.57654
-2.53514
-2.49001
-2.44721
-2.40604
-2.37148
-2.34248
-2.30597
-2.26683
-2.22552
-2.18658
-2.15941
-2.11556
-2.07812
-2.0512
-2.01883
-1.97417
-1.92522
-1.88988
-1.85561
-1.81732
-1.78782
-1.75393
-1.71032
-1.67516
-1.63829
-1.61173
-1.57597
-1.544
-1.5124
-1.47318
-1.4322
-1.39209
-1.35427
-1.32722
-1.29091
-1.26578
-1.24309
-1.21606
-1.17649
-1.14544
-1.11561
-1.07849
-1.03861
-1.00741
-0.974305
-0.931669
-0.900256
-0.859336
-0.837532
-0.815659
-0.786797
-0.761493
-0.7428
-0.710884
-0.678704
-0.650562
-0.624343
-0.603213
-0.570668
-0.540227
-0.506171
-0.486975
-0.474472
-0.445563
-0.411794
-0.393124
-0.372109
-0.340685
-0.313035
-0.284527
-0.257644
-0.243962
-0.229034
-0.199965
-0.173746
-0.158405
-0.138328
-0.120723
-0.100154
-0.0772749
-0.0604129
-0.0524623
-0.0188297
0.0137047
0.0389063
0.057633
0.0787621
0.0937709
0.106744
0.118561
0.121661
0.14406
0.167442
0.177761
0.186753
0.198124
0.217068
0.239718
0.261579
0.284482
0.30386
0.314362
0.326122
0.34343
0.352982
0.363941
0.372327
0.387187
0.400594
0.411107
0.427454
0.438162
0.438631
0.452176
0.47684
0.487044
0.490579
0.509603
0.521271
0.530617
0.542995
0.556219
0.563998
0.580471
0.589692
0.608121
0.611233
0.613326
0.620213
0.622009
0.631858
0.634066
0.637613
0.646352
0.653548
0.656477
0.659039
0.677594
0.693541
0.713801
0.730114
0.739792
0.734426
0.720035
0.709763
0.713435
0.732104
0.731292
0.739117
0.754869
0.762511
0.753268
0.76052
0.773298
0.782393
0.775438
0.777645
0.779201
0.783297
0.79564
0.805066
0.80883
0.806691
0.807732
0.808109
0.812285
0.811267
0.806634
0.815133
0.820601
0.822695
0.829707
0.827225
0.824354
0.825578
0.819869
0.824022
0.82544
0.824365
0.822283
0.814779
0.818279
0.830165
0.836686
0.837521
0.83577
0.835862
0.83704
0.837177
0.845792
0.843218
0.837258
0.827785
0.829204
0.829067
0.822912
0.812136
0.82393
0.840815
0.847256
0.850688
0.841479
0.831217
0.822798
0.813829
0.804391
0.80343
0.816598
0.823599
0.819343
0.816575
0.808876
0.80621
0.808784
0.816254
0.810363
0.807961
0.805055
0.798877
0.796372
0.791865
0.794016
0.796784
0.788742
0.783262
0.779785
0.781272
0.787861
0.787815
0.789634
0.788319
0.78984
0.78348
0.775918
0.770541
0.767178
0.764421
0.762385
0.755407
0.747182
0.750145
0.747445
0.743235
0.735856
0.726979
0.729622
0.724382
0.729233
0.738579
0.74113
0.729359
0.711787
0.699089
0.700782
0.700782
0.709728
0.703974
0.696916
0.683531
0.682742
0.677583
0.675421
0.67923
0.677045
0.667276
0.654806
0.65563
0.661499
0.655493
0.646421
0.647737
0.647176
0.641857
0.627866
0.622695
0.62639
0.615911
0.613463
0.614859
0.614047
0.609505
0.599038
0.594291
0.59945
0.608613
0.600857
0.592723
0.580757
0.577348
0.562637
0.55742
0.550408
0.546599
0.542229
0.539128
0.545947
0.558713
0.555007
0.545741
0.541302
0.54184
0.533317
0.520928
0.514693
0.511628
0.51117
0.5006
0.494571
0.494125
0.495395
0.489846
0.481209
0.475421
0.472287
0.480111
0.480329
0.477949
0.481839
0.48519
0.481026
0.469724
0.46588
0.454292
0.44919
0.458994
0.462151
0.457895
0.448881
0.432694
0.430394
0.432168
0.426288
0.420968
0.417902
0.422387
0.418314
0.407229
0.398375
0.392552
0.389166
0.383149
0.379099
0.385551
0.391156
0.381982
0.368792
0.365783
0.378092
0.376273
0.373631
0.374843
0.370496
0.372018
0.373597
0.370737
0.368266
0.359114
0.351152
0.343133
0.341142
0.341154
0.346485
0.347011
0.341474
0.331579
0.322507
0.316764
0.304913
0.300303
0.298712
0.305473
0.308596
0.300749
0.303082
0.301069
0.295875
0.289732
0.280741
0.272333
0.271383
0.277
0.276863
0.279116
0.277526
0.275845
0.269827
0.274746
0.269141
0.264394
0.25165
0.246651
0.241171
0.236584
0.242864
0.236343
0.233049
0.239066
0.238666
0.235691
0.215741
0.21637
0.221563
0.219356
0.20771
0.204381
0.198432
0.20334
0.211828
0.208259
0.207801
0.197037
0.199153
0.190059
0.175565
0.172602
0.173162
0.172922
0.176651
0.165704
0.153063
0.154802
0.164205
0.166092
0.171378
0.175244
0.170611
0.156426
0.150729
0.149757
0.152388
0.149619
0.151736
0.15217
0.142939
0.139083
0.137379
0.132265
0.129874
0.138466
0.13699
0.135137
0.141337
0.14104
0.131179
0.127747
0.123377
0.118721
0.115323
0.117062
0.119373
0.122324
0.121421
0.114214
0.11045
0.109512
0.105783
0.103495
0.103426
0.0994793
0.101699
0.103518
0.101481
0.102865
0.102637
0.0946289
0.0843103
0.0833608
0.0803179
0.0830977
0.0880053
0.0894239
0.0730079
0.0686609
0.0748383
0.0756619
0.0711318
0.059349
0.0597837
0.0624377
0.0666017
0.0618886
0.0630897
0.0630783
0.0678372
0.0665903
0.0712577
0.0695875
0.0649773
0.0669335
0.0595206
0.0536635
0.049202
0.0512611
0.0550591
0.0545672
0.0516158
0.0441113
0.0411599
0.0558141
0.0550019
0.0431619
0.0335525
0.0302579
0.0357718
0.0384716
0.0381856
0.0478064
0.0491448
0.0455299
0.0342732
0.0303609
0.0335525
0.0405994
0.0434478
0.047406
0.0491334
0.0498426
0.0445918
0.0358519
0.0304867
0.0323399
0.0314705
0.0233598
0.0252931
0.0295143
0.0321569
0.0268718
0.0272264
0.0284848
0.0258994
0.0257049
0.0192072
0.0124464
0.0115655
0.0210261
0.0171709
0.0119316
0.0163587
0.0144941
0.012126
0.0113939
0.00920893
0.0118401
0.0210261
0.0137162
0.00941484
0.0122176
0.00910597
0.00253961
-0.00125836
0.00170451
-0.00264256
0.00412972
0.00978091
0.0117257
0.00141852
0.00857975
0.0113596
0.00332894
0.000709259
0.00293999
0.00287136
0.000571983
-0.00266544
0.00110965
0.00171595
0.00399244
-0.00617742
-0.0144597
-0.00696676
0.00316879
0.00886574
-0.00448435
-0.00215066
0.0021049
0.000102957
-0.00720699
-0.0184865
-0.0242406
-0.0264714
-0.0164045
-0.0133958
-0.023417
-0.0173654
-0.00871702
0.00312303
-0.000743578
-0.00773321
-0.0198936
-0.0231081
-0.0224332
-0.0146428
-0.0161642
-0.0203969
-0.0193674
-0.0214265
-0.0242406
-0.0249385
-0.0211863
-0.0219756
-0.0224217
-0.0146771
-0.0152491
-0.0173082
-0.0260252
-0.0289309
-0.0298118
-0.0252931
-0.0135674
-0.0152262
-0.0258765
-0.0250986
-0.0288623
-0.0337813
-0.0276382
-0.0200995
-0.0142996
-0.0189555
-0.0283932
-0.038403
-0.0429331
-0.0318137
-0.0293885
-0.0313904
-0.0404735
-0.0411027
-0.0354172
-0.0372132
-0.0303494
-0.0298003
-0.0273065
-0.0268603
-0.0184293
-0.0132128
-0.0199393
-0.0228564
-0.0236801
-0.0278441
-0.0227421
-0.01327
-0.00986099
-0.0103987
-0.0147686
-0.0208202
-0.0202253
-0.0179603
-0.0149402
-0.0211863
-0.0154092
-0.00194474
-0.00185323
-0.00870558
-0.0156838
-0.0115884
-0.0130984
-0.0235314
-0.0325573
-0.0298118
-0.0277641
-0.022662
-0.0167133
-0.0147114
-0.0191843
-0.0325458
-0.0397185
-0.0398329
-0.0341131
-0.0282445
-0.0308185
-0.0392724
-0.0372361
-0.0309786
-0.0221929
-0.0293199
-0.0261396
-0.0283932
-0.0264142
-0.0266887
-0.0264599
-0.0359777
-0.040096
-0.0352685
-0.0236687
-0.0175828
-0.0127209
-0.0146885
-0.010147
-0.00797345
-0.0190356
-0.0244008
-0.0173311
-0.0194245
-0.0208545
-0.0212435
-0.032134
-0.0337928
-0.0260138
-0.0173197
-0.0185208
-0.0188182
-0.0226277
-0.0238403
-0.0205685
-0.0185094
-0.0136933
-0.0268946
-0.0251787
-0.0128467
-0.0126179
-0.0115541
-0.00854543
-0.0160613
-0.0159583
-0.0148029
-0.0117943
-0.0120231
-0.0155694
-0.0145284
-0.0046445
-0.00346622
-0.00376365
-0.00949492
-0.0181319
-0.0173997
-0.0276611
-0.0258765
-0.022948
-0.00835095
-0.00156723
0.00554824
-0.00646341
-0.00892294
-0.012126
-0.0150203
-0.0162672
-0.0115884
-0.00522793
0.00295143
0.00220786
-0.00255105
-0.00432419
-0.00308871
-0.0157295
-0.0131442
-0.0148258
-0.00344334
0.00454155
0.0126179
0.0158783
0.00555968
0.00555968
0.00555968
0.00555968
0.00555968
0.00555968
0.00555968
0.00555968
0.00555968
0.00555968
0.00555968
0.00555968
0.00555968
0.00555968
0.00555968
0.00555968
0.00555968
0.00555968
0.00555968
0.00555968
0.00555968
0.00555968
0.00555968
0.00555968
0.00555968
0.00555968
0.00555968
0.00555968
0.00555968
0.00555968
0.00555968
0.00555968
0.00555968
0.00555968
0.00555968
0.00555968
0.00555968
0.00555968
0.00555968
0.00555968
0.00555968
0.00555968
0.00555968
0.00555968
0.00555968
0.00555968
0.00555968
0.00555968
0.00555968
0.00555968
0.00555968
0.00555968
0.00555968
0.00555968
0.00555968
0.00555968
0.00555968
0.00555968
0.00555968
0.00555968
0.00555968
0.00555968
0.00555968
0.00555968
0.00555968
0.00555968
0.00555968
0.00555968
0.00555968
0.00555968
0.00555968
0.00555968
0.00555968
0.00555968
0.00555968
0.00555968
0.00555968
0.00555968
0.00555968
0.00555968
0.00555968
0.00555968
0.00555968
0.00555968
0.00555968
0.00555968
0.00555968
0.00555968
0.00555968
0.00555968
0.00555968
0.00555968
0.00555968
0.00555968
0.00555968
0.00555968
0.00555968
0.00555968
0.00555968
0.00555968
0.00555968
0.00555968
0.00555968
0.00555968
0.00555968
0.00555968
0.00555968
0.00555968
0.00555968
0.00555968
0.00555968
0.00555968
0.00555968
0.00555968
0.00555968
0.00555968
0.00555968
0.00555968
0.00555968
0.00555968
0.00555968
0.00555968
0.00555968
0.00555968
0.00555968
0.00555968
0.00555968
0.00555968
0.00555968
0.00555968
0.00555968
