0
0
1.23078
2.12647
3.53733
5.44834
7.67261
9.88878
11.825
13.5484
15.1787
16.42
15.4796
14.2192
13.1511
12.2109
11.2273
10.2038
9.22601
8.33802
7.54514
6.84475
6.24597
5.73392
5.27917
4.837
4.44027
4.0947
3.76386
3.42064
3.0792
2.76229
2.46162
2.15537
1.84166
1.53812
1.26135
0.986015
0.726165
0.467337
0.225368
-0.00837217
-0.244992
-0.462655
-0.657272
-0.839984
-1.02072
-1.19969
-1.3589
-1.50749
-1.66206
-1.80757
-1.93813
-2.05799
-2.16658
-2.29273
-2.40989
-2.50417
-2.59516
-2.68182
-2.75298
-2.8252
-2.89284
-2.95407
-3.02338
-3.08319
-3.13167
-3.17998
-3.21858
-3.25565
-3.29784
-3.32402
-3.35137
-3.38708
-3.41464
-3.43759
-3.44254
-3.44743
-3.47391
-3.49899
-3.51499
-3.51678
-3.5159
-3.51992
-3.52572
-3.5144
-3.50756
-3.5073
-3.49057
-3.47456
-3.45119
-3.43844
-3.41786
-3.41287
-3.39731
-3.37938
-3.36729
-3.33879
-3.31223
-3.28175
-3.25936
-3.25033
-3.22852
-3.20373
-3.16655
-3.12684
-3.10142
-3.07907
-3.05537
-3.0264
-2.99003
-2.94875
-2.90343
-2.86724
-2.83072
-2.79987
-2.75975
-2.7334
-2.71324
-2.67606
-2.64033
-2.61785
-2.59312
-2.55275
-2.50881
-2.47006
-2.42908
-2.39061
-2.35113
-2.31945
-2.29061
-2.26139
-2.21495
-2.17147
-2.13178
-2.10289
-2.07611
-2.04253
-2.01342
-1.98711
-1.95482
-1.9131
-1.88158
-1.83722
-1.79722
-1.76531
-1.73324
-1.69125
-1.65088
-1.61502
-1.57983
-1.54997
-1.51867
-1.4909
-1.45962
-1.42191
-1.37403
-1.34322
-1.30146
-1.27454
-1.26486
-1.24237
-1.19723
-1.17287
-1.16385
-1.12379
-1.08821
-1.04852
-1.00655
-0.980864
-0.957379
-0.925437
-0.891892
-0.865683
-0.836806
-0.799287
-0.77339
-0.753907
-0.719822
-0.69401
-0.659514
-0.63681
-0.612162
-0.594055
-0.577084
-0.551925
-0.52712
-0.504416
-0.495306
-0.485075
-0.471424
-0.429606
-0.400616
-0.375073
-0.362756
-0.35007
-0.324897
-0.311729
-0.301441
-0.278595
-0.253322
-0.239756
-0.214413
-0.196789
-0.165329
-0.143391
-0.132351
-0.122957
-0.0967482
-0.0782301
-0.0662111
-0.0433792
-0.0324386
-0.00969185
0.0155098
0.0343401
0.048814
0.0664382
0.0752076
0.092477
0.113351
0.128477
0.139971
0.155836
0.168848
0.176099
0.185933
0.205899
0.228163
0.236493
0.246142
0.252414
0.269669
0.279929
0.286967
0.29707
0.313289
0.32975
0.344834
0.355604
0.363068
0.3796
0.375513
0.386766
0.397919
0.413599
0.430585
0.44899
0.456936
0.452154
0.459646
0.459845
0.46335
0.468913
0.472701
0.487927
0.495065
0.490425
0.491049
0.49962
0.512561
0.528454
0.542744
0.550492
0.558381
0.566725
0.572316
0.5789
0.589571
0.585499
0.59468
0.600966
0.606386
0.616206
0.636484
0.643111
0.643976
0.649241
0.633532
0.630027
0.635803
0.625912
0.637818
0.649411
0.643806
0.652817
0.668738
0.672314
0.676046
0.678799
0.676386
0.678146
0.672427
0.676344
0.685936
0.678174
0.694394
0.7061
0.696409
0.682758
0.679792
0.689867
0.681055
0.687625
0.688632
0.698565
0.705448
0.699232
0.708782
0.719581
0.711833
0.698424
0.705845
0.713125
0.718219
0.716885
0.718233
0.70322
0.704908
0.702595
0.696153
0.708612
0.714387
0.705689
0.703688
0.69953
0.694521
0.69455
0.706654
0.724321
0.72564
0.719411
0.706682
0.700467
0.694834
0.700084
0.705107
0.709208
0.715778
0.720617
0.715977
0.696536
0.687554
0.685482
0.686546
0.67535
0.674996
0.673818
0.678955
0.673775
0.662182
0.662508
0.681906
0.695756
0.694748
0.6935
0.688959
0.68263
0.674542
0.668355
0.679224
0.68185
0.677564
0.665843
0.668014
0.656307
0.651625
0.645196
0.651937
0.658393
0.664949
0.659131
0.654477
0.645196
0.628055
0.613978
0.62472
0.632936
0.629772
0.624436
0.623329
0.622776
0.611608
0.613836
0.609409
0.61185
0.62472
0.6341
0.635192
0.616178
0.604073
0.615695
0.617653
0.611452
0.599802
0.59414
0.588422
0.586591
0.576403
0.576147
0.569322
0.565945
0.576488
0.574558
0.579681
0.583569
0.597532
0.592906
0.581568
0.556551
0.544688
0.540033
0.532825
0.52783
0.51757
0.510206
0.504771
0.508815
0.499648
0.50829
0.509496
0.514477
0.517712
0.529008
0.528114
0.525801
0.522324
0.516606
0.511057
0.501479
0.496115
0.483174
0.467834
0.473993
0.462754
0.451203
0.446748
0.445272
0.448294
0.444506
0.453034
0.452282
0.458894
0.460696
0.452651
0.442377
0.442576
0.432359
0.416821
0.414976
0.404929
0.41526
0.411315
0.41631
0.425931
0.425576
0.419488
0.426342
0.432373
0.420354
0.412592
0.410832
0.410265
0.400616
0.400388
0.398998
0.393293
0.395947
0.39213
0.378096
0.364984
0.358074
0.340095
0.332673
0.33903
0.345842
0.346778
0.34709
0.355335
0.358513
0.357506
0.353746
0.350297
0.341528
0.342989
0.333113
0.325025
0.31932
0.318426
0.324017
0.324486
0.319462
0.315432
0.312722
0.307954
0.308422
0.304932
0.295694
0.287691
0.288201
0.292075
0.287591
0.289408
0.299738
0.305244
0.303243
0.286584
0.277318
0.263071
0.264263
0.27675
0.272876
0.276338
0.26493
0.244694
0.239884
0.238564
0.232335
0.223679
0.218003
0.226999
0.233839
0.226205
0.226559
0.236862
0.241715
0.247802
0.248242
0.240778
0.235116
0.231966
0.236961
0.246255
0.244226
0.223494
0.219067
0.219422
0.225339
0.221252
0.23093
0.236152
0.228645
0.214427
0.20343
0.206268
0.194859
0.189055
0.194206
0.207587
0.205572
0.207233
0.20648
0.206622
0.219663
0.217591
0.211277
0.212582
0.218982
0.211149
0.194745
0.189665
0.18677
0.183081
0.172523
0.176908
0.175064
0.161994
0.155666
0.145349
0.149677
0.148273
0.158674
0.161044
0.163726
0.165698
0.161271
0.144867
0.146215
0.146371
0.148627
0.144682
0.146314
0.145662
0.148599
0.144072
0.147464
0.155141
0.158078
0.1505
0.147691
0.141476
0.13492
0.123482
0.114841
0.112542
0.131585
0.143065
0.139375
0.138382
0.136381
0.131656
0.125086
0.122461
0.125767
0.127186
0.121425
0.119538
0.119793
0.123028
0.116231
0.123142
0.129102
0.12869
0.119169
0.101757
0.101374
0.0997707
0.112925
0.105943
0.101317
0.0986781
0.103205
0.106965
0.120389
0.109761
0.109988
0.106128
0.0993592
0.0843603
0.0945204
0.0925622
0.0886883
0.0841758
0.0855097
0.0804296
0.0853394
0.0831683
0.0979828
0.0908168
0.0892275
0.0932575
0.0942792
0.104184
0.0936832
0.0812243
0.0795782
0.0795073
0.0741008
0.0746542
0.0766125
0.067843
0.069191
0.0695458
0.0671193
0.0673037
0.0648205
0.0631177
0.0747819
0.0808269
0.0861624
0.0901924
0.0858786
0.0837217
0.085311
0.0889153
0.0807276
0.0824872
0.0870138
0.0920513
0.089937
0.0900221
0.087397
0.083069
0.0688505
0.0671902
0.0700141
0.0772368
0.0770098
0.0752502
0.0701276
0.0654023
0.0657428
0.0701701
0.0758888
0.0766267
0.0866023
0.0865455
0.0768679
0.0631177
0.0598539
0.0622095
0.0636285
0.0607763
0.0644515
0.0638981
0.0633163
0.0615
0.0574842
0.0582504
0.0550861
0.0650475
0.0802168
0.0771801
0.0684673
0.0607195
0.0516237
0.0426271
0.032169
0.0442164
0.0602087
0.0659699
0.0625501
0.0684815
0.0611878
0.0604925
0.0636285
0.0626068
0.0533407
0.0471254
0.0354327
0.0235556
0.0132252
0.00834379
0.00773362
0.0101601
0.015524
0.0198236
0.0335454
0.0465152
0.0464159
0.0477214
0.0422724
0.0335313
0.0390228
0.0270606
0.0232718
0.0275146
0.0271883
0.0308919
0.0255138
0.0310764
0.0268193
0.0261382
0.0279829
0.0367808
0.04284
0.0445854
0.0513399
0.0460753
0.0467848
0.0475227
0.0460044
0.0412365
0.0339286
0.0222785
0.0156801
0.0106426
0.0122886
0.0148287
0.0150415
0.0226758
0.00878369
0.00438475
0.00123454
0.0224204
0.0262233
0.0177518
0.014105
0.0170849
0.0160916
0.0107561
0.0139915
0.0130407
0.017468
0.0171417
0.0196533
0.0135799
0.00327792
0.0109122
0.0165173
0.0120758
0.0159639
0.0040158
0.0130265
0.0254713
0.0233286
0.0213703
0.0137928
0.017241
0.00936548
0.00949319
0.000893978
0.000482464
0.0156517
0.0282383
0.016347
0.00632879
0.0160348
0.0102736
0.0164038
0.0159497
0.00695316
0.00641394
0.00838636
0.0127002
0.0163754
0.0254996
0.0315588
0.0324102
0.0183053
0.0142753
0.0087553
0.0108413
0.00317859
0.00563348
0.0204905
0.0222785
0.0175248
0.0211575
0.0206608
0.0131684
0.0119481
0.0035901
0.0188871
0.0211007
0.0167727
0.00840055
-4.25704e-05
-0.00232718
-0.00353334
-0.00251165
0.000156091
0.00510844
-0.00218528
-0.00662679
-0.00693897
-0.00323535
-0.00161767
0.00991889
0.0151976
0.0197385
0.020902
0.020746
0.0140198
0.00820189
0.00292316
0.00940805
0.0107561
0.011721
0.0152402
0.0160206
0.0189438
0.029856
0.0354185
0.0421163
0.0381289
0.0383133
0.0349219
0.0365254
0.0345246
0.0301966
0.0215548
0.0218528
0.0263085
0.0352483
0.038143
0.0241658
0.0344394
0.051723
0.0429393
0.0333184
0.0219521
0.0252868
0.022094
0.025826
0.02821
0.0425846
0.0457064
0.0438759
0.0260814
0.027543
0.0297141
0.0148854
0.0157227
0.0257267
0.0234137
0.0278552
0.0425846
0.0475227
0.0410662
0.0408959
0.0451672
0.0559375
0.0569308
0.0569308
0.0569308
0.0569308
0.0569308
0.0569308
0.0569308
0.0569308
0.0569308
0.0569308
0.0569308
0.0569308
0.0569308
0.0569308
0.0569308
0.0569308
0.0569308
0.0569308
0.0569308
0.0569308
0.0569308
0.0569308
0.0569308
0.0569308
0.0569308
0.0569308
0.0569308
0.0569308
0.0569308
0.0569308
0.0569308
0.0569308
0.0569308
0.0569308
0.0569308
0.0569308
0.0569308
0.0569308
0.0569308
0.0569308
0.0569308
0.0569308
0.0569308
0.0569308
0.0569308
0.0569308
0.0569308
0.0569308
0.0569308
0.0569308
0.0569308
0.0569308
0.0569308
0.0569308
0.0569308
0.0569308
0.0569308
0.0569308
0.0569308
0.0569308
0.0569308
0.0569308
0.0569308
0.0569308
0.0569308
0.0569308
0.0569308
0.0569308
0.0569308
0.0569308
0.0569308
0.0569308
0.0569308
0.0569308
0.0569308
0.0569308
0.0569308
0.0569308
0.0569308
0.0569308
0.0569308
0.0569308
0.0569308
0.0569308
0.0569308
0.0569308
0.0569308
0.0569308
0.0569308
0.0569308
0.0569308
0.0569308
0.0569308
0.0569308
0.0569308
0.0569308
0.0569308
0.0569308
0.0569308
0.0569308
0.0569308
0.0569308
0.0569308
0.0569308
0.0569308
0.0569308
0.0569308
0.0569308
0.0569308
0.0569308
0.0569308
0.0569308
0.0569308
0.0569308
0.0569308
0.0569308
0.0569308
0.0569308
0.0569308
0.0569308
0.0569308
0.0569308
0.0569308
0.0569308
0.0569308
0.0569308
0.0569308
0.0569308
0.0569308
0.0569308
0.0569308
