0
0
1.97084
2.62569
3.5199
4.67454
6.08157
7.55588
8.93729
10.3322
11.8138
13.06
12.1321
10.9482
10.0663
9.46926
8.92286
8.43384
8.03463
7.67325
7.30569
6.96816
6.66688
6.38336
6.06512
5.72441
5.41737
5.13111
4.81919
4.49647
4.20859
3.94657
3.67539
3.36819
3.10123
2.86892
2.61888
2.3569
2.09973
1.86789
1.6482
1.43159
1.22698
1.03482
0.842129
0.63056
0.444192
0.264353
0.107332
-0.0493349
-0.194171
-0.354228
-0.520149
-0.676504
-0.802892
-0.929279
-1.03926
-1.15771
-1.28537
-1.39392
-1.51123
-1.62395
-1.73007
-1.81384
-1.87763
-1.9719
-2.07968
-2.16205
-2.23923
-2.30549
-2.36667
-2.43457
-2.50175
-2.56602
-2.61115
-2.66801
-2.72632
-2.77542
-2.82918
-2.8809
-2.89672
-2.91394
-2.95092
-2.99166
-3.03157
-3.06199
-3.08379
-3.10581
-3.1354
-3.13777
-3.14854
-3.16619
-3.18418
-3.19858
-3.21577
-3.23036
-3.22232
-3.22882
-3.22814
-3.23431
-3.21488
-3.20904
-3.19759
-3.17999
-3.16887
-3.16992
-3.16801
-3.16481
-3.15501
-3.1435
-3.12425
-3.1064
-3.08829
-3.06561
-3.05201
-3.04044
-3.04208
-3.0154
-2.99252
-2.98214
-2.96506
-2.92583
-2.9059
-2.87238
-2.83788
-2.80951
-2.78083
-2.76231
-2.7384
-2.72362
-2.72544
-2.70591
-2.67892
-2.65082
-2.62445
-2.59284
-2.57347
-2.54615
-2.50136
-2.46798
-2.43091
-2.4061
-2.39002
-2.3701
-2.34249
-2.30736
-2.26781
-2.23408
-2.19037
-2.15051
-2.1018
-2.07988
-2.04929
-2.01562
-1.98511
-1.95932
-1.9366
-1.89908
-1.86458
-1.84692
-1.81603
-1.77184
-1.74182
-1.71898
-1.70171
-1.67046
-1.63325
-1.59241
-1.57432
-1.55131
-1.51196
-1.48375
-1.45664
-1.42454
-1.39085
-1.36317
-1.33765
-1.31109
-1.26475
-1.22633
-1.20733
-1.18496
-1.16756
-1.14941
-1.10904
-1.08306
-1.04889
-1.02761
-0.997537
-0.979799
-0.959632
-0.932344
-0.90975
-0.890013
-0.852153
-0.818957
-0.788056
-0.767149
-0.734516
-0.705569
-0.693191
-0.676608
-0.657108
-0.632485
-0.605552
-0.580692
-0.555314
-0.535814
-0.504424
-0.481741
-0.459265
-0.432258
-0.408716
-0.394235
-0.387913
-0.371818
-0.330775
-0.298305
-0.27149
-0.256817
-0.248422
-0.240027
-0.224628
-0.19999
-0.18625
-0.154386
-0.132858
-0.128979
-0.103201
-0.0742245
-0.0708338
-0.0722108
-0.0573748
-0.0544431
-0.0160205
0.0142882
0.0318634
0.0302051
0.066155
0.0876539
0.100609
0.111463
0.113906
0.125603
0.153883
0.146169
0.146065
0.149308
0.16786
0.19275
0.217402
0.230639
0.23018
0.253263
0.278109
0.309054
0.321906
0.328317
0.330701
0.321121
0.322824
0.333233
0.343434
0.349327
0.381191
0.407591
0.428023
0.43861
0.449063
0.455608
0.445021
0.439632
0.440846
0.455593
0.452099
0.455015
0.480927
0.499938
0.506882
0.522873
0.528737
0.544476
0.533193
0.548814
0.54763
0.547156
0.553478
0.564435
0.550487
0.544491
0.547807
0.555358
0.574444
0.595306
0.6187
0.616183
0.615709
0.630679
0.636438
0.649172
0.649142
0.647632
0.646137
0.647217
0.643353
0.642761
0.648831
0.649305
0.656175
0.658648
0.674106
0.690526
0.688409
0.691459
0.68983
0.686869
0.687831
0.69134
0.703615
0.695693
0.688083
0.696434
0.716467
0.702105
0.696567
0.710796
0.73422
0.737107
0.728727
0.715149
0.711255
0.716289
0.73074
0.738899
0.733109
0.715223
0.700787
0.702282
0.717785
0.735952
0.753616
0.763122
0.766039
0.759879
0.754934
0.746287
0.730503
0.724107
0.720687
0.718436
0.72122
0.731214
0.722937
0.721012
0.7292
0.728978
0.736174
0.734797
0.733539
0.74494
0.737033
0.74032
0.745473
0.726817
0.712114
0.704044
0.704148
0.705362
0.717548
0.714912
0.716082
0.711492
0.711374
0.712351
0.711285
0.70628
0.698536
0.709345
0.701735
0.702416
0.711507
0.711048
0.710307
0.703896
0.686084
0.678192
0.679673
0.663578
0.662187
0.659847
0.658544
0.660365
0.665947
0.67036
0.659655
0.65157
0.661269
0.655228
0.66457
0.651289
0.642657
0.640125
0.647972
0.650119
0.652562
0.639962
0.633447
0.634721
0.653569
0.655391
0.634721
0.622372
0.620625
0.629065
0.630397
0.63284
0.637638
0.628487
0.618922
0.614688
0.601925
0.591456
0.595706
0.595558
0.602132
0.62483
0.631315
0.616568
0.605804
0.596476
0.587385
0.575791
0.568521
0.55638
0.558645
0.558956
0.56713
0.575569
0.577435
0.568329
0.557639
0.538227
0.538213
0.534541
0.52847
0.51621
0.516743
0.520519
0.527759
0.523421
0.53078
0.521496
0.507016
0.499983
0.490121
0.486938
0.496932
0.500649
0.507919
0.504395
0.492861
0.487693
0.494415
0.484214
0.472635
0.472605
0.464773
0.440949
0.439706
0.447509
0.466105
0.467986
0.450485
0.453194
0.453846
0.455563
0.436552
0.426084
0.40537
0.390622
0.38051
0.389527
0.386284
0.400424
0.41104
0.426039
0.42598
0.417007
0.395775
0.397507
0.377356
0.36329
0.375475
0.376112
0.37056
0.354628
0.349934
0.351045
0.342072
0.350645
0.367347
0.366769
0.333514
0.322928
0.323253
0.316072
0.307899
0.321195
0.336061
0.350882
0.336401
0.317346
0.326955
0.335543
0.339259
0.328776
0.336683
0.350468
0.342131
0.333736
0.313466
0.315598
0.312297
0.315317
0.317494
0.323446
0.307603
0.28107
0.27038
0.270587
0.288799
0.302051
0.29521
0.285334
0.278227
0.277738
0.275177
0.283276
0.291123
0.296691
0.28569
0.282832
0.272482
0.269773
0.257661
0.244631
0.255351
0.253811
0.244513
0.243891
0.247963
0.242307
0.240811
0.229929
0.238102
0.239434
0.222673
0.22023
0.235407
0.244291
0.237406
0.224776
0.225087
0.222896
0.221785
0.221904
0.217521
0.211865
0.212531
0.213538
0.209362
0.210991
0.212501
0.21795
0.217195
0.207601
0.186368
0.184621
0.184058
0.184369
0.18887
0.182637
0.187138
0.191802
0.17627
0.184799
0.187538
0.195533
0.186916
0.172628
0.174938
0.17134
0.1503
0.160294
0.161301
0.150685
0.146391
0.138336
0.144703
0.147161
0.149678
0.146524
0.161434
0.174716
0.166394
0.150774
0.146583
0.154949
0.151085
0.147368
0.151144
0.159406
0.156903
0.157392
0.151469
0.151277
0.140779
0.128135
0.117148
0.111433
0.103512
0.099499
0.107746
0.105881
0.109256
0.113639
0.130755
0.134635
0.113195
0.109034
0.102386
0.109064
0.113846
0.128268
0.13037
0.105614
0.0966118
0.106399
0.0996027
0.107213
0.106813
0.0913703
0.0846778
0.0876243
0.0952348
0.0996619
0.104918
0.113225
0.118614
0.125692
0.117356
0.0916516
0.0871505
0.0954865
0.0864101
0.0661254
0.0655775
0.0768156
0.077852
0.0706858
0.081835
0.0872393
0.0831676
0.0881573
0.0991585
0.0820719
0.0764454
0.0811687
0.0751425
0.092007
0.0864101
0.0746391
0.0636675
0.0641265
0.0695901
0.0722848
0.0761641
0.0818054
0.0785331
0.0774375
0.0786072
0.0741653
0.0634898
0.0565012
0.0397848
0.0362461
0.0402734
0.0493201
0.0634602
0.0707006
0.076327
0.0803988
0.0840263
0.077245
0.0683019
0.0662586
0.0774967
0.0754534
0.0652074
0.0616835
0.0603361
0.0658737
0.0714853
0.0504306
0.0436197
0.05277
0.0492757
0.0488315
0.0486242
0.0453964
0.0450263
0.0265331
0.0211139
0.0334921
0.0395627
0.0289169
0.0287984
0.0305308
0.0332552
0.0161538
0.0118895
0.0267107
0.0279841
0.0226982
0.0241344
0.0159909
0.0101868
0.0150433
0.0228167
0.0290946
0.0314488
0.0335513
0.0280137
0.0270661
0.0145843
0.0113713
0.017205
0.0147768
0.0215137
0.0247119
0.0312267
0.0229203
0.0192483
0.0303087
0.0229647
0.0170422
0.00960935
-0.000458998
0.00655924
0.0161834
0.0217654
0.0214989
0.00830639
0.00265035
0.00438269
0.00430866
0.0140365
0.0165536
0.00621869
-0.00676652
-0.00715149
0.00118451
0.0125114
0.017516
0.0104089
0.00781778
-0.000488611
0.00607062
-0.00198406
-0.0043975
0.00179157
-0.0123782
-0.0125114
-0.0256595
-0.0225798
-0.0111196
-0.00796584
-0.0083212
-0.00715149
-0.0140513
-0.00424944
-0.0053155
-0.0182119
-0.0182711
-0.014377
-0.0158725
-0.0216321
-0.0333292
-0.0325889
-0.0266663
-0.0173531
-0.00707746
0.00880981
-0.000636675
-0.0141253
-0.0217654
-0.0140661
-0.0217506
-0.0369716
-0.0336846
-0.031819
-0.0331367
-0.0303531
-0.0277768
-0.0297609
-0.0264887
-0.0210695
-0.0242973
-0.0317597
-0.0408805
-0.0403771
-0.0254374
-0.0333736
-0.0393258
-0.0404511
-0.0391629
-0.0346174
-0.0277324
-0.022639
-0.0243121
-0.0402586
-0.0563384
-0.0594921
-0.0591368
-0.0594329
-0.0493053
-0.0425832
-0.0112529
-0.0133258
-0.00952051
0.00281322
-0.013992
-0.0327962
-0.0443452
-0.0421538
-0.0545172
-0.0553611
-0.0474249
-0.0284727
-0.0216321
-0.0349283
-0.0406436
-0.0272586
-0.0160353
-0.0112084
-0.0275103
-0.0232609
-0.0150729
-0.011164
-0.00968339
-0.0103349
-0.0190558
-0.0192039
-0.0181082
-0.0171902
-0.0160946
-0.0238679
-0.0165239
-0.0239568
-0.0240308
-0.017516
-0.000962416
0.00849887
0.00803987
-0.000592256
-0.00469363
-0.00747723
-0.0136515
-0.03059
-0.0228167
-0.017057
-0.016598
-0.0124966
-0.00453076
0.0041606
0.0155319
0.00789181
0.00636675
-0.0170126
-0.0295536
-0.0411322
-0.0403178
-0.0450115
-0.0426276
-0.0324704
-0.0147768
-0.0069442
-0.00589295
-0.0148064
-0.0183895
-0.0126891
-0.0151766
-0.0124226
-0.00838042
-0.00838042
-0.00838042
-0.00838042
-0.00838042
-0.00838042
-0.00838042
-0.00838042
-0.00838042
-0.00838042
-0.00838042
-0.00838042
-0.00838042
-0.00838042
-0.00838042
-0.00838042
-0.00838042
-0.00838042
-0.00838042
-0.00838042
-0.00838042
-0.00838042
-0.00838042
-0.00838042
-0.00838042
-0.00838042
-0.00838042
-0.00838042
-0.00838042
-0.00838042
-0.00838042
-0.00838042
-0.00838042
-0.00838042
-0.00838042
-0.00838042
-0.00838042
-0.00838042
-0.00838042
-0.00838042
-0.00838042
-0.00838042
-0.00838042
-0.00838042
-0.00838042
-0.00838042
-0.00838042
-0.00838042
-0.00838042
-0.00838042
-0.00838042
-0.00838042
-0.00838042
-0.00838042
-0.00838042
-0.00838042
-0.00838042
-0.00838042
-0.00838042
-0.00838042
-0.00838042
-0.00838042
-0.00838042
-0.00838042
-0.00838042
-0.00838042
-0.00838042
-0.00838042
-0.00838042
-0.00838042
-0.00838042
-0.00838042
-0.00838042
-0.00838042
-0.00838042
-0.00838042
-0.00838042
-0.00838042
-0.00838042
-0.00838042
-0.00838042
-0.00838042
-0.00838042
-0.00838042
-0.00838042
-0.00838042
-0.00838042
-0.00838042
-0.00838042
-0.00838042
-0.00838042
-0.00838042
-0.00838042
-0.00838042
-0.00838042
-0.00838042
-0.00838042
-0.00838042
-0.00838042
-0.00838042
-0.00838042
-0.00838042
-0.00838042
-0.00838042
-0.00838042
-0.00838042
-0.00838042
-0.00838042
-0.00838042
-0.00838042
-0.00838042
-0.00838042
-0.00838042
-0.00838042
-0.00838042
-0.00838042
-0.00838042
-0.00838042
-0.00838042
-0.00838042
-0.00838042
-0.00838042
-0.00838042
-0.00838042
-0.00838042
-0.00838042
-0.00838042
-0.00838042
-0.00838042
-0.00838042
-0.00838042
