0
0
0.886244
1.39586
2.2129
3.36694
4.81353
6.38343
7.81842
9.02387
9.96826
10.48
10.1252
9.57487
9.08377
8.65011
8.18514
7.71603
7.30143
6.94843
6.61207
6.27405
5.95999
5.68122
5.39
5.07111
4.76095
4.48387
4.21077
3.91732
3.6255
3.35103
3.08525
2.81677
2.55443
2.30715
2.06968
1.8336
1.60296
1.39008
1.18177
0.978501
0.775192
0.576128
0.390917
0.211768
0.0369518
-0.131684
-0.289552
-0.443215
-0.594766
-0.741856
-0.879494
-1.01559
-1.14912
-1.27244
-1.39323
-1.51335
-1.62579
-1.73501
-1.83742
-1.93677
-2.02953
-2.11742
-2.20143
-2.28405
-2.36065
-2.43477
-2.50586
-2.5715
-2.63137
-2.69249
-2.7491
-2.80517
-2.85652
-2.90492
-2.94559
-2.98301
-3.01603
-3.05039
-3.08398
-3.11327
-3.14232
-3.16753
-3.19164
-3.21548
-3.23299
-3.24439
-3.25204
-3.26308
-3.26951
-3.27865
-3.28236
-3.28479
-3.28499
-3.28586
-3.28682
-3.28057
-3.27579
-3.27071
-3.261
-3.25269
-3.24562
-3.23681
-3.22647
-3.20982
-3.18937
-3.16722
-3.14852
-3.12721
-3.10913
-3.08434
-3.06185
-3.03928
-3.01971
-2.99316
-2.96177
-2.93226
-2.90645
-2.87984
-2.85344
-2.8262
-2.79791
-2.77112
-2.74068
-2.70945
-2.67883
-2.64505
-2.61422
-2.57973
-2.5482
-2.51718
-2.48437
-2.44908
-2.41515
-2.38118
-2.34653
-2.3113
-2.27596
-2.23823
-2.2051
-2.16912
-2.13303
-2.09852
-2.06168
-2.02743
-1.99441
-1.9624
-1.92699
-1.89292
-1.85796
-1.82134
-1.78392
-1.74723
-1.71311
-1.67626
-1.64258
-1.60967
-1.57225
-1.53495
-1.50094
-1.47079
-1.44025
-1.40505
-1.37037
-1.3357
-1.29769
-1.25993
-1.22827
-1.19658
-1.16438
-1.13522
-1.10604
-1.07768
-1.04788
-1.01206
-0.979395
-0.944801
-0.91228
-0.881381
-0.847652
-0.812724
-0.788456
-0.762646
-0.740402
-0.720212
-0.693625
-0.661458
-0.631423
-0.599561
-0.569997
-0.542713
-0.515184
-0.49126
-0.463681
-0.436161
-0.409742
-0.385621
-0.365539
-0.340525
-0.316444
-0.296066
-0.275228
-0.255853
-0.233236
-0.204969
-0.183305
-0.158526
-0.136823
-0.115365
-0.0961867
-0.0746405
-0.0523083
-0.0299957
-0.00863617
0.0109352
0.0279226
0.0465312
0.0652675
0.0823138
0.0991047
0.116613
0.132156
0.148082
0.160039
0.176192
0.195085
0.21391
0.231064
0.244731
0.258171
0.271809
0.285357
0.295811
0.308397
0.322152
0.337469
0.349721
0.36099
0.375806
0.389797
0.399907
0.406401
0.415509
0.431828
0.445161
0.457658
0.468898
0.48001
0.488499
0.49743
0.504877
0.513032
0.519988
0.527141
0.537113
0.545612
0.549777
0.557352
0.566863
0.57771
0.584843
0.593332
0.602646
0.611852
0.618061
0.626746
0.631207
0.633486
0.638566
0.644687
0.65123
0.657685
0.664288
0.666145
0.67146
0.674181
0.674073
0.6782
0.681354
0.683594
0.685018
0.68887
0.694676
0.698105
0.703539
0.709718
0.715201
0.719838
0.720379
0.722619
0.723798
0.724859
0.725193
0.724908
0.725831
0.72817
0.729634
0.730538
0.733613
0.735755
0.737828
0.739095
0.737258
0.740343
0.742357
0.741797
0.742878
0.744548
0.743949
0.749087
0.747004
0.746582
0.74049
0.733505
0.729673
0.731284
0.733181
0.733249
0.731432
0.734546
0.733298
0.728661
0.727865
0.727865
0.726647
0.722992
0.715348
0.715446
0.712361
0.709522
0.708382
0.711182
0.712912
0.708874
0.703195
0.699343
0.693448
0.688958
0.685834
0.684675
0.685136
0.682533
0.676019
0.670035
0.671205
0.675203
0.673936
0.671067
0.665526
0.662755
0.656516
0.651967
0.646563
0.64226
0.637465
0.636542
0.633251
0.634921
0.633889
0.625646
0.618464
0.612245
0.608207
0.608501
0.611056
0.609847
0.602145
0.596819
0.591278
0.589205
0.585982
0.580834
0.574399
0.572119
0.571343
0.567089
0.56534
0.561263
0.559013
0.552686
0.544688
0.541632
0.537192
0.535934
0.534598
0.530864
0.527524
0.52381
0.518878
0.514938
0.510192
0.50415
0.49519
0.491112
0.487595
0.48506
0.481661
0.480786
0.477662
0.477102
0.473152
0.467955
0.466118
0.462129
0.45529
0.451812
0.450908
0.447814
0.44125
0.434245
0.431995
0.429991
0.426945
0.425285
0.422377
0.419999
0.420588
0.414959
0.408965
0.402756
0.399317
0.397175
0.389443
0.38567
0.384118
0.379952
0.375502
0.369754
0.371424
0.372308
0.367023
0.359467
0.35428
0.352432
0.347392
0.343678
0.341035
0.340613
0.33684
0.332085
0.326485
0.323616
0.316679
0.31494
0.315432
0.31609
0.312514
0.313702
0.310912
0.305214
0.303032
0.299436
0.292765
0.287804
0.283707
0.282488
0.281624
0.275267
0.273027
0.273479
0.274746
0.27455
0.270364
0.263389
0.255371
0.250587
0.248543
0.242756
0.240349
0.241184
0.237195
0.234385
0.228785
0.226054
0.223116
0.223902
0.222782
0.21893
0.22007
0.220581
0.216455
0.209764
0.201963
0.200381
0.197571
0.189632
0.187461
0.186567
0.184631
0.185683
0.18133
0.180328
0.180692
0.177891
0.175533
0.172095
0.168509
0.170474
0.170808
0.169688
0.169226
0.166887
0.16282
0.157603
0.153859
0.153516
0.150725
0.147404
0.147375
0.141254
0.135143
0.130388
0.127086
0.12519
0.126389
0.126546
0.125092
0.12349
0.125239
0.122085
0.119718
0.12015
0.119492
0.11787
0.117546
0.115581
0.110993
0.105972
0.104371
0.10608
0.104715
0.103555
0.104803
0.0992521
0.0906552
0.0886215
0.0857624
0.0865484
0.0896826
0.0922469
0.0947326
0.0967271
0.0948505
0.0881597
0.0888573
0.0841511
0.0814983
0.0809187
0.0781972
0.0726067
0.0701603
0.0690992
0.0667805
0.0659552
0.064678
0.0628505
0.0615831
0.0605318
0.0610918
0.0573976
0.0562874
0.0573976
0.0549905
0.0556881
0.0566804
0.056032
0.0518072
0.0467866
0.0442027
0.0433577
0.041491
0.0362542
0.0364311
0.0395358
0.0458533
0.0455389
0.0391624
0.0354388
0.0334246
0.031774
0.033739
0.0311944
0.0269991
0.0248278
0.0258299
0.0272938
0.0249555
0.0223715
0.0233147
0.0222045
0.0205932
0.0187756
0.0148652
0.0135192
0.0119865
0.0113184
0.0116524
0.0107387
0.00973657
0.00645502
0.00504022
0.00607185
0.00673995
0.0058557
0.00898987
0.00849862
0.00552165
0.0043623
0.00426405
0.0053841
0.0015327
0.000206325
-0.000206325
3.93e-05
0.000776175
0.00021615
0.0002358
-0.000481425
-0.00112005
-0.00041265
-0.00254467
-0.00366472
-0.00359595
4.9125e-05
-0.0012183
-0.0038514
-0.00619957
-0.006288
-0.00462757
-0.00576727
-0.0111219
-0.0117409
-0.0119963
-0.0118686
-0.0158477
-0.0122419
-0.013981
-0.0122812
-0.0106503
-0.00995272
-0.0118686
-0.0114854
-0.0140399
-0.0116623
-0.0103752
-0.00964815
-0.0134897
-0.0145999
-0.0154449
-0.0134504
-0.00932392
-0.011397
-0.0126448
-0.0167713
-0.0173706
-0.0172723
-0.0139318
-0.0147866
-0.0154056
-0.0119767
-0.00655327
-0.00611115
-0.0130771
-0.0158674
-0.0155333
-0.015946
-0.0175081
-0.0167811
-0.013922
-0.0132834
-0.0156807
-0.0157495
-0.013195
-0.0134701
-0.0143838
-0.0127528
-0.0147768
-0.0114756
-0.0123304
-0.0110728
-0.0116328
-0.0122026
-0.0131655
-0.0145508
-0.017125
-0.0182352
-0.0179797
-0.016506
-0.0160049
-0.0169579
-0.0222733
-0.022175
-0.0221554
-0.0191194
-0.0191587
-0.0187657
-0.017518
-0.0166632
-0.0170267
-0.0165158
-0.0151796
-0.0172232
-0.0198661
-0.0211434
-0.0199251
-0.0227645
-0.0206718
-0.018245
-0.0167909
-0.0162309
-0.0156414
-0.0159656
-0.017066
-0.0194535
-0.018471
-0.0180485
-0.0205441
-0.021163
-0.0189328
-0.0211532
-0.0258201
-0.0294259
-0.0312042
-0.0271858
-0.0253288
-0.0256531
-0.0238747
-0.0225582
-0.0230887
-0.0192766
-0.0151698
-0.0162997
-0.0216052
-0.0229512
-0.0205342
-0.0239337
-0.021949
-0.0220375
-0.0232558
-0.0258299
-0.0264685
-0.0285318
-0.0287283
-0.0259282
-0.025712
-0.026665
-0.0315775
-0.0346429
-0.0361658
-0.0308112
-0.0285023
-0.0262327
-0.0286693
-0.0290722
-0.0264685
-0.0246706
-0.0272742
-0.032167
-0.0326878
-0.0342794
-0.0308898
-0.0276868
-0.0235603
-0.0230593
-0.0262229
-0.0263506
-0.0283549
-0.03088
-0.0318133
-0.0308898
-0.0268714
-0.0259675
-0.0286595
-0.0287086
-0.0281388
-0.027343
-0.0259478
-0.026331
-0.0286399
-0.0323242
-0.0330415
-0.0277949
-0.0272251
-0.0240614
-0.025319
-0.02358
-0.0259282
-0.0293178
-0.0325207
-0.031666
-0.0287381
-0.0288069
-0.0233835
-0.0175573
-0.0165649
-0.0193651
-0.0201118
-0.0252699
-0.0347805
-0.0342008
-0.0328057
-0.0311452
-0.0280209
-0.0270384
-0.0277261
-0.0273823
-0.0285907
-0.0294455
-0.0296518
-0.027284
-0.0258004
-0.024759
-0.0279914
-0.0289444
-0.0284237
-0.0315186
-0.0312435
-0.0297697
-0.0286202
-0.025152
-0.0286497
-0.0317249
-0.0305557
-0.0253387
-0.0221357
-0.0207897
-0.0234228
-0.0241105
-0.0233638
-0.0215855
-0.0209862
-0.0237863
-0.0258987
-0.0236881
-0.025938
-0.0196893
-0.0187068
-0.0192766
-0.0174197
-0.0189721
-0.022234
-0.0240319
-0.0244446
-0.0251323
-0.0260461
-0.0283549
-0.027117
-0.0250636
-0.0208683
-0.023413
-0.0257513
-0.0266552
-0.0242481
-0.0240811
-0.0224305
-0.0217034
-0.0185299
-0.0166141
-0.0185299
-0.0246902
-0.022568
-0.0202886
-0.0175081
-0.018697
-0.020043
-0.0158182
-0.0162702
-0.0187952
-0.0218213
-0.02021
-0.0181468
-0.0155333
-0.0146196
-0.0180485
-0.0173608
-0.016113
-0.0163684
-0.0128314
-0.0113872
-0.00960885
-0.0093927
-0.0117114
-0.013195
-0.00893092
-0.00937305
-0.0114461
-0.0111415
-0.0112693
-0.00993307
-0.00802702
-0.00551182
-0.00916672
-0.0104538
-0.0104538
-0.0104538
-0.0104538
-0.0104538
-0.0104538
-0.0104538
-0.0104538
-0.0104538
-0.0104538
-0.0104538
-0.0104538
-0.0104538
-0.0104538
-0.0104538
-0.0104538
-0.0104538
-0.0104538
-0.0104538
-0.0104538
-0.0104538
-0.0104538
-0.0104538
-0.0104538
-0.0104538
-0.0104538
-0.0104538
-0.0104538
-0.0104538
-0.0104538
-0.0104538
-0.0104538
-0.0104538
-0.0104538
-0.0104538
-0.0104538
-0.0104538
-0.0104538
-0.0104538
-0.0104538
-0.0104538
-0.0104538
-0.0104538
-0.0104538
-0.0104538
-0.0104538
-0.0104538
-0.0104538
-0.0104538
-0.0104538
-0.0104538
-0.0104538
-0.0104538
-0.0104538
-0.0104538
-0.0104538
-0.0104538
-0.0104538
-0.0104538
-0.0104538
-0.0104538
-0.0104538
-0.0104538
-0.0104538
-0.0104538
-0.0104538
-0.0104538
-0.0104538
-0.0104538
-0.0104538
-0.0104538
-0.0104538
-0.0104538
-0.0104538
-0.0104538
-0.0104538
-0.0104538
-0.0104538
-0.0104538
-0.0104538
-0.0104538
-0.0104538
-0.0104538
-0.0104538
-0.0104538
-0.0104538
-0.0104538
-0.0104538
-0.0104538
-0.0104538
-0.0104538
-0.0104538
-0.0104538
-0.0104538
-0.0104538
-0.0104538
-0.0104538
-0.0104538
-0.0104538
-0.0104538
-0.0104538
-0.0104538
-0.0104538
-0.0104538
-0.0104538
-0.0104538
-0.0104538
-0.0104538
-0.0104538
-0.0104538
-0.0104538
-0.0104538
-0.0104538
-0.0104538
-0.0104538
-0.0104538
-0.0104538
-0.0104538
-0.0104538
-0.0104538
-0.0104538
-0.0104538
-0.0104538
-0.0104538
-0.0104538
-0.0104538
-0.0104538
-0.0104538
-0.0104538
-0.0104538
-0.0104538
