0
0
0.468186
0.97947
2.01302
3.73328
6.16021
8.94195
11.3308
13.2711
14.9641
15.79
15.2492
14.4266
13.7706
13.1159
12.2683
11.2997
10.3558
9.48644
8.70374
7.9925
7.3216
6.7358
6.22926
5.70784
5.1827
4.73315
4.33717
3.93124
3.51584
3.11869
2.75343
2.40568
2.06028
1.72427
1.41138
1.11483
0.820292
0.532342
0.267308
0.0226187
-0.225162
-0.46835
-0.691297
-0.895445
-1.08993
-1.27889
-1.46406
-1.64002
-1.80465
-1.96536
-2.11769
-2.25545
-2.38951
-2.5208
-2.64022
-2.75028
-2.85873
-2.96226
-3.0576
-3.14687
-3.22696
-3.30438
-3.37404
-3.44057
-3.49938
-3.55763
-3.61569
-3.65962
-3.69465
-3.73084
-3.7616
-3.7932
-3.82206
-3.84799
-3.87092
-3.89141
-3.90989
-3.92011
-3.92855
-3.93744
-3.94499
-3.94395
-3.94188
-3.93459
-3.9295
-3.9262
-3.91879
-3.9058
-3.89373
-3.87929
-3.8729
-3.8559
-3.83438
-3.81446
-3.79085
-3.76652
-3.73897
-3.71147
-3.68523
-3.65583
-3.62375
-3.5951
-3.55787
-3.52382
-3.48822
-3.45799
-3.42693
-3.39129
-3.35629
-3.32305
-3.28963
-3.25393
-3.21566
-3.17834
-3.14266
-3.10732
-3.0694
-3.02895
-2.98511
-2.94645
-2.90597
-2.86376
-2.81991
-2.78033
-2.74048
-2.70276
-2.67039
-2.63438
-2.58904
-2.54724
-2.50614
-2.46221
-2.41976
-2.37519
-2.33392
-2.29552
-2.2631
-2.22374
-2.17804
-2.13539
-2.09398
-2.05445
-2.01916
-1.98472
-1.95383
-1.91443
-1.87389
-1.83344
-1.79321
-1.75289
-1.71847
-1.68144
-1.64116
-1.60214
-1.56503
-1.53193
-1.49606
-1.46501
-1.43104
-1.40113
-1.36344
-1.32617
-1.28892
-1.25553
-1.22044
-1.19343
-1.1588
-1.13015
-1.1031
-1.07127
-1.03835
-1.00594
-0.976543
-0.945379
-0.912402
-0.88589
-0.860566
-0.831468
-0.799175
-0.766421
-0.736193
-0.706872
-0.682143
-0.656686
-0.633398
-0.608268
-0.579393
-0.555526
-0.525714
-0.499648
-0.470178
-0.445152
-0.416633
-0.390403
-0.367472
-0.345582
-0.326768
-0.304684
-0.282585
-0.259372
-0.235817
-0.216869
-0.196138
-0.181098
-0.163844
-0.147051
-0.126677
-0.104979
-0.0814838
-0.0588948
-0.0389214
-0.0205084
-0.00219945
0.0168823
0.0378514
0.0580923
0.0742762
0.085957
0.100625
0.117478
0.129396
0.141835
0.156087
0.169848
0.188469
0.204415
0.220614
0.234955
0.252209
0.266446
0.278008
0.290744
0.302796
0.318743
0.332623
0.342773
0.354573
0.36502
0.378276
0.391146
0.402025
0.416425
0.426991
0.433352
0.442194
0.452077
0.462614
0.470327
0.478158
0.489676
0.498087
0.506974
0.516991
0.528092
0.535968
0.540025
0.549626
0.556506
0.562778
0.569659
0.579185
0.587477
0.592649
0.599411
0.607733
0.616263
0.621093
0.626517
0.632893
0.636207
0.637975
0.638644
0.644158
0.650563
0.65358
0.65731
0.664324
0.668352
0.668084
0.674281
0.68143
0.689365
0.694983
0.69317
0.697598
0.700675
0.705668
0.706946
0.709666
0.71344
0.718047
0.724497
0.723903
0.724676
0.726652
0.726726
0.727692
0.732656
0.735792
0.737664
0.740265
0.740057
0.74187
0.745422
0.747889
0.749241
0.752035
0.754918
0.754636
0.755854
0.754591
0.752065
0.749984
0.749746
0.750891
0.750816
0.754368
0.756315
0.756672
0.754992
0.751559
0.748736
0.747532
0.749999
0.750802
0.753625
0.754918
0.751827
0.747458
0.746388
0.74664
0.744159
0.743713
0.74288
0.740859
0.738586
0.735985
0.734083
0.732924
0.732864
0.733756
0.731304
0.731021
0.729699
0.725671
0.724037
0.722075
0.719697
0.719489
0.715685
0.712668
0.713946
0.717438
0.715685
0.708655
0.703528
0.702235
0.695726
0.693764
0.689276
0.684238
0.682901
0.684149
0.68403
0.682931
0.680389
0.681578
0.683183
0.683986
0.675723
0.671458
0.671666
0.66905
0.661783
0.654665
0.649552
0.648378
0.640056
0.634602
0.630738
0.628821
0.62732
0.625106
0.623932
0.623605
0.619979
0.614896
0.609576
0.610482
0.607703
0.605325
0.604315
0.605236
0.608461
0.608461
0.604018
0.597895
0.591534
0.584015
0.579586
0.579764
0.58021
0.582959
0.579928
0.573285
0.571115
0.56847
0.561054
0.553386
0.54918
0.55077
0.548125
0.546549
0.544499
0.542359
0.540917
0.535597
0.526041
0.521137
0.517957
0.514375
0.507316
0.503616
0.501119
0.501431
0.498934
0.498905
0.49507
0.490894
0.489468
0.484251
0.479288
0.477519
0.476925
0.467191
0.460696
0.460414
0.457368
0.455718
0.457278
0.454024
0.451512
0.450383
0.446355
0.442016
0.432445
0.423231
0.416841
0.414003
0.415266
0.412115
0.410094
0.406349
0.402337
0.400806
0.397536
0.395991
0.395946
0.391904
0.387966
0.385707
0.38538
0.387059
0.389482
0.383745
0.380966
0.379777
0.376508
0.37468
0.363772
0.359849
0.356787
0.353562
0.349535
0.34524
0.339608
0.337973
0.330646
0.328462
0.327986
0.32592
0.323884
0.325579
0.325163
0.320481
0.315324
0.314789
0.310643
0.304134
0.297833
0.295321
0.296406
0.29761
0.29226
0.289035
0.286598
0.282972
0.277087
0.270652
0.267234
0.268541
0.27303
0.273609
0.269433
0.267947
0.264247
0.257827
0.251511
0.250322
0.249534
0.245626
0.24625
0.242951
0.240439
0.236278
0.238031
0.243099
0.238626
0.240677
0.242594
0.235223
0.233811
0.230244
0.223468
0.217761
0.211549
0.211742
0.213852
0.213302
0.2114
0.20874
0.204609
0.207759
0.208636
0.20608
0.199794
0.198426
0.194815
0.190818
0.18572
0.182302
0.180742
0.17936
0.180905
0.180935
0.178557
0.171706
0.165702
0.166787
0.16643
0.168303
0.166802
0.160055
0.149652
0.145387
0.150113
0.14772
0.148775
0.147393
0.146814
0.147884
0.145001
0.1402
0.138997
0.143187
0.144035
0.140646
0.136916
0.135118
0.138521
0.138432
0.136218
0.13378
0.126023
0.121475
0.119484
0.120881
0.123645
0.12155
0.114728
0.112811
0.109393
0.109542
0.108145
0.106822
0.10489
0.0979203
0.0976528
0.0972813
0.0984999
0.0985593
0.0966571
0.0981729
0.100699
0.101175
0.0978906
0.0935808
0.0915746
0.08939
0.0839211
0.0808448
0.0776496
0.0788683
0.080503
0.0808151
0.083178
0.0784819
0.071408
0.0686438
0.0652554
0.062625
0.0662065
0.0717943
0.0737709
0.0718984
0.0697881
0.0667713
0.0664889
0.0662214
0.0628628
0.0596825
0.060158
0.0562941
0.0541095
0.0534705
0.0522073
0.054065
0.0536637
0.0460845
0.0407345
0.0397834
0.0442417
0.0422503
0.0395159
0.0418491
0.0436176
0.0481354
0.0523262
0.051494
0.0512859
0.0469762
0.0457724
0.0421909
0.0362761
0.0329918
0.0344333
0.0349089
0.0336606
0.027835
0.029113
0.0316692
0.0352061
0.0328729
0.0320258
0.0319515
0.0314314
0.0271811
0.0261854
0.0196613
0.0208651
0.0235104
0.0219351
0.0194681
0.0191709
0.0198843
0.0196019
0.0219351
0.0209245
0.020018
0.0200775
0.0193047
0.0185616
0.0166148
0.014564
0.0111459
0.0115917
0.016808
0.0154853
0.0130333
0.0104028
0.0098381
0.00689559
0.00639031
0.00671725
0.0103285
0.0115323
0.00817365
0.00753462
0.00729684
0.00609308
0.0120078
0.0126766
0.00988268
0.00411655
-0.00185765
-0.00963004
-0.0103731
-0.00796559
-0.00887212
-0.00634572
-0.00897615
-0.00539461
-0.0103285
-0.0123496
-0.0108784
-0.00963004
-0.00735628
-0.006316
-0.0111013
-0.013598
-0.015203
-0.0139101
-0.0146977
-0.0115026
-0.00931796
-0.0132413
-0.0134048
-0.0130778
-0.0130184
-0.0116512
-0.0126469
-0.0154259
-0.0172687
-0.0217419
-0.0257841
-0.0284146
-0.0277607
-0.027508
-0.03158
-0.0334079
-0.0300047
-0.0253532
-0.0240751
-0.0249519
-0.026973
-0.02944
-0.0294697
-0.0314462
-0.0305546
-0.0277458
-0.0258287
-0.0239116
-0.0254275
-0.025695
-0.027404
-0.0286672
-0.0247736
-0.0241791
-0.0245952
-0.0233915
-0.0276269
-0.0261557
-0.0273446
-0.0297372
-0.0344185
-0.0368111
-0.033824
-0.0340024
-0.0344185
-0.0317732
-0.0271216
-0.029544
-0.0357411
-0.0378514
-0.0382527
-0.0314165
-0.0256653
-0.0260814
-0.0256355
-0.0238968
-0.0244466
-0.0266164
-0.0259476
-0.0276418
-0.026973
-0.0255612
-0.0282957
-0.0271811
-0.0285632
-0.0296629
-0.0281173
-0.0255166
-0.025695
-0.0258139
-0.028905
-0.0312679
-0.033185
-0.0336903
-0.0318326
-0.0286969
-0.0293062
-0.0289347
-0.0310301
-0.0321447
-0.03051
-0.0273446
-0.0252343
-0.0281025
-0.0299155
-0.0317583
-0.0281173
-0.0234807
-0.0224552
-0.0245061
-0.023659
-0.0241643
-0.0209394
-0.023228
-0.0229902
-0.0241197
-0.0235995
-0.019587
-0.015946
-0.0195127
-0.0245209
-0.0264678
-0.0221729
-0.0214298
-0.0189629
-0.0206868
-0.0256207
-0.0263191
-0.0265866
-0.0240157
-0.0248479
-0.0236739
-0.0195722
-0.0158123
-0.0132413
-0.0115174
-0.00982324
-0.0129144
-0.00652406
-0.0048596
-0.00618225
-0.00858976
-0.0116363
-0.0122307
-0.0129738
-0.0106257
-0.00905046
-0.00921393
-0.00792101
-0.0035964
-0.00719281
-0.0110567
-0.0125726
-0.0151138
-0.0142965
-0.0113242
-0.0080399
-0.00587016
-0.00466641
-0.0102394
-0.0120524
-0.0130927
-0.0128401
-0.0151287
-0.0134345
-0.0150246
-0.0104771
-0.00642003
-0.00851545
-0.00698475
-0.0107446
-0.00737114
-0.00918421
-0.0116214
-0.00958546
-0.00946657
-0.00851545
-0.00756434
-0.00135237
0.00188737
0.00166445
0.00115917
0.00050528
-0.00444349
-0.00619711
-0.00549864
-0.00025264
-0.00197654
-0.00301682
-0.00450294
-0.00609308
-0.00647947
-0.00634572
-0.00618225
-0.00600392
-0.00156042
0.00200626
0.00200626
0.00200626
0.00200626
0.00200626
0.00200626
0.00200626
0.00200626
0.00200626
0.00200626
0.00200626
0.00200626
0.00200626
0.00200626
0.00200626
0.00200626
0.00200626
0.00200626
0.00200626
0.00200626
0.00200626
0.00200626
0.00200626
0.00200626
0.00200626
0.00200626
0.00200626
0.00200626
0.00200626
0.00200626
0.00200626
0.00200626
0.00200626
0.00200626
0.00200626
0.00200626
0.00200626
0.00200626
0.00200626
0.00200626
0.00200626
0.00200626
0.00200626
0.00200626
0.00200626
0.00200626
0.00200626
0.00200626
0.00200626
0.00200626
0.00200626
0.00200626
0.00200626
0.00200626
0.00200626
0.00200626
0.00200626
0.00200626
0.00200626
0.00200626
0.00200626
0.00200626
0.00200626
0.00200626
0.00200626
0.00200626
0.00200626
0.00200626
0.00200626
0.00200626
0.00200626
0.00200626
0.00200626
0.00200626
0.00200626
0.00200626
0.00200626
0.00200626
0.00200626
0.00200626
0.00200626
0.00200626
0.00200626
0.00200626
0.00200626
0.00200626
0.00200626
0.00200626
0.00200626
0.00200626
0.00200626
0.00200626
0.00200626
0.00200626
0.00200626
0.00200626
0.00200626
0.00200626
0.00200626
0.00200626
0.00200626
0.00200626
0.00200626
0.00200626
0.00200626
0.00200626
0.00200626
0.00200626
0.00200626
0.00200626
0.00200626
0.00200626
0.00200626
0.00200626
0.00200626
0.00200626
0.00200626
0.00200626
0.00200626
0.00200626
0.00200626
0.00200626
0.00200626
0.00200626
0.00200626
0.00200626
0.00200626
0.00200626
0.00200626
0.00200626
0.00200626
0.00200626
