338.038
530.2
531.604
606.02
606.021
606.507
605.842
164.934
606.673
606.698
435.715
605.882
593.908
604.552
563.413
606.501
541.466
606.731
606.06
419.428
606.315
607.813
606.564
210.345
316.563
606.421
537.477
429.694
606.875
606.601
606.855
527.393
605.239
218.446
560.007
606.484
605.919
606.07
606.863
606.548
602.173
606.629
606.489
563.318
450.741
442.01
523.219
563.814
441.176
606.507
606.347
384.949
319.698
606.381
608.884
606.981
565.38
243.117
437.577
606.553
606.312
595.39
606.253
606.135
593.448
606.816
185.722
314.163
605.935
474.645
347.882
364.08
606.276
606.435
605.754
475.617
606.489
606.414
244.65
606.134
606.387
270.555
543.09
606.875
505.154
605.965
606.162
605.98
512.363
606.345
605.288
606.902
605.362
607.47
308.456
606.784
529.683
606.832
605.797
269.711
527.503
605.938
295.959
600.383
140.874
582.298
606.58
533.969
606.308
585.484
606.927
606.423
443.475
459.164
365.465
607.769
606.062
606.962
570.187
606.885
606.689
553.862
589.762
579.987
269.262
606.341
605.79
486.123
606.428
606.879
606.283
606.291
606.151
579.205
606.37
606.16
607.838
606.85
271.193
607.434
601.653
530.938
475.271
606.255
509.41
222.169
273.135
473.108
606.623
606.364
494.073
433.136
606.751
580.174
500.869
608.697
393.882
272.503
606.379
605.23
605.959
605.759
514.221
540.913
610.316
609.258
606.035
526.551
587.11
456.739
606.522
605.168
561.662
606.638
344.704
591.07
398.18
471.656
605.772
270.403
606.518
550.03
606.415
496.272
502.077
191.716
518.346
449.73
606.245
352.699
587.197
606.581
606.15
573.157
605.979
396.774
429.433
582.585
569.002
606.695
573.873
607.249
397.027
310.142
552.53
606.198
608.54
606.601
606.191
605.667
371.058
606.433
600.487
590.957
606.523
606.751
605.938
493.09
606.372
368.614
603.932
605.75
448.306
139.475
606.432
606.414
605.991
158.272
496.46
606.395
273.555
606.838
422.337
606.388
605.727
606.568
530.843
564.098
366.088
598.887
227.607
606.155
606.961
606.337
606.159
606.846
567.34
606.737
607.056
605.452
606.811
607.421
549.688
359.239
589.164
606.213
475.255
339.071
605.737
358.865
607.234
606.044
606.023
606.375
583.569
536.792
606.698
597.883
606.054
606.461
605.937
606.759
283.178
606.442
476.932
606.001
320.634
606.599
404.229
606.601
361.762
606.322
606.388
605.532
606.581
370.774
573.008
485.072
607.033
606.199
606.66
555.01
541.152
467.047
606.712
606.919
606.235
582.288
468.572
606.616
606.631
606.193
607.617
606.85
186.451
605.895
335.482
536.176
606.042
606.042
606.719
605.926
606.415
606.158
606.167
475.01
606.51
599.582
606.31
503.597
605.713
606.603
536.2
286.588
278.811
360.064
606.198
605.38
606.921
383.838
401.004
377.86
606.874
516.968
494.005
603.834
555.288
484.903
606.636
396.004
606.716
498.708
449.596
531.544
606.081
606.505
606.817
372.354
373.55
534.226
606.312
606.265
606.305
560.449
475.664
605.863
576.221
606.872
292.898
263.354
606.406
459.642
512.93
523.733
183.076
606.622
469.311
605.849
606.679
606.288
606.334
194.915
604.973
605.997
600.505
496.122
116.815
349.233
605.94
585.423
594.3
529.001
606.297
183.728
606.146
542.606
573.151
607.298
606.504
289.562
481.652
606.438
606.555
401.715
578.658
306.753
507.715
606.324
607.147
170.683
185.531
607.04
553.308
606.934
606.221
606.18
606.604
606.491
597.627
481.773
606.372
606.433
607.244
480.685
489.39
606.29
510.61
142.398
561.009
605.831
502.938
573.064
606.313
451.4
390.599
609.281
605.722
580.381
259.418
580.203
521.494
561.266
606.375
606.243
401.272
606.859
605.917
298.957
606.547
606.068
606.119
606.616
606.076
571.033
162.331
608.477
606.492
508.649
606.264
606.934
606.931
606.772
605.665
607.04
605.798
554.566
606.465
305.44
311.151
500.901
469.953
605.71
606.957
584.332
398.573
445.878
531.588
607.621
599.783
204.286
491.538
251.447
606.505
606.732
606.127
565.599
605.89
251.022
607.555
606.431
605.747
604.775
606.659
606.342
605.31
606.277
565.557
605.858
523.712
560.927
606.04
606.151
296.435
606.229
295.421
606.945
606.723
606.764
264.376
427.021
606.67
560.721
606.851
602.87
606.144
320.857
606.473
605.979
606.829
591.312
373.973
285.153
605.467
606.712
603.152
603.842
606.204
285.178
164.029
606.484
458.604
534.251
434.029
504
606.453
147.989
606.207
274.253
606.539
415.446
606.604
603.061
380.682
606.853
606.531
322.427
436.731
596.266
368.73
602.929
606.539
606.139
606.212
537.302
606.567
445.101
527.048
315.472
522.647
439.032
605.627
604.281
606.028
606.029
606.393
431.829
606.325
607.317
596.011
603.451
606.504
606.744
606.233
604.328
194.549
530.388
606.499
565.748
466.835
606.449
530.518
481.44
605.493
551.622
554.754
606.653
511.752
606.058
606.592
606.481
603.178
609.217
507.42
435.261
286.979
512.746
448.365
605.725
439.394
397.192
409.471
606.01
271.716
493.129
314.079
607.42
398.383
606.512
606.267
606.671
576.911
583.874
606.425
607.686
606.624
567.367
606.479
606.169
606.312
606.233
603.392
600.328
494.915
480.715
606.796
606.721
605.69
598.46
606.597
597.811
605.84
483.385
132.493
396.377
606.174
531.161
513.793
606.222
570.963
606.542
571.82
537.838
606.246
246.183
223.135
605.847
537.875
544.191
607.282
585.144
422.613
607.041
605.91
452.539
308.137
389.295
491.218
599.061
606.676
606.326
407.462
605.379
459.06
606.565
229.26
606.222
607.016
455.143
474.277
609.798
604.329
199.938
511.368
608.441
459.208
606.099
606.63
562.443
611.939
606.139
266.672
607.081
606.265
606.309
356.923
607.533
601.654
606.481
605.688
605.724
606.33
606.389
361.569
293.311
606.68
525.878
605.841
606.086
606.399
580.699
606.535
463.656
605.996
606.584
483.923
567.123
597.873
474.153
606.81
606.344
606.132
367.064
567.693
583.502
543.731
482.618
606.47
606.65
607.97
424.823
597.329
604.755
413.807
605.241
307.428
606.821
606.7
606.015
410.478
410.369
248.36
606.562
394.1
272.158
298.931
606.369
591.945
606.314
517.131
606.424
568.228
606.821
606.842
477.046
606.947
606.615
606.047
606.09
606.283
607.041
607.106
505.573
529.091
116.642
606.697
606.537
262.373
606.368
606.508
607.948
600.701
343.651
432.381
601.084
579.26
606.733
390.131
558.567
564.819
606.231
588.294
606.227
606.871
606.703
122.435
605.551
471.415
581.326
606.345
472.5
606.658
574.221
608.087
349.908
284.249
607.062
606.372
606.281
606.483
606.625
606.824
390.301
606.379
606.275
606.694
606.919
605.924
606.895
435.956
464.428
324.467
522.512
606.505
607.272
606.099
605.843
390.373
605.714
398.439
588.228
606.382
606.699
430.854
347.485
468.397
243.903
606.747
340.611
606.746
606.939
462.395
606.747
606.334
606.738
234.901
606.422
606.206
561.654
152.348
606.417
447.81
606.546
605.937
606.286
541.437
606
576.82
569.27
550.632
605.945
605.452
607.29
606.818
574.916
601.561
429.844
605.153
606.309
542.021
606.537
606.455
606.754
452.458
608.808
482.722
605.878
606.667
445.6
606.553
598.232
532.904
606.504
600.508
338.243
247.009
577.388
535.417
402.993
447.49
526.695
471.102
607.216
477.083
607.036
501.179
606.64
605.597
606.581
239.271
606.115
606.176
523.299
499.251
606.52
606.644
461.237
606.273
605.443
606.897
405.723
606.44
374.556
501.319
430.47
605.245
608.086
358.611
569.767
605.972
606.894
606.386
607.153
606.449
565.705
431.115
607.238
606.791
393.266
606.641
290.272
497.704
607.166
546.973
313.737
606.127
420.61
606.534
430.277
528.997
567.047
606.338
605.934
471.372
559.509
606.478
606.622
388.483
521.125
283.819
451.652
197.785
601.906
606.38
606.593
518.531
607.333
606.326
296.378
496.541
573.216
606.63
606.157
606.22
488.794
482.579
606.313
566.765
607.101
606.603
606.077
607.195
603.375
152.398
607.019
295.449
606.854
606
602.374
306.414
454.312
435.13
337.763
606.218
605.834
456.676
606.368
576.473
594.815
606.002
600.761
606.117
528.013
606.397
606.058
409.634
606.386
543.523
606.327
452.03
606.316
326.98
606.145
449.9
506.808
196.609
606.378
606.405
606.478
606.492
299.515
606.775
604.981
606.073
606.669
606.817
580.982
606.951
511.534
606.575
606.467
606.499
365.382
606.179
605.477
591.649
581.818
356.002
606.026
603.377
605.626
605.649
606.317
606.519
535.395
606.33
425.068
549.282
606.465
559.935
401.603
606.536
606.238
437.771
606.256
474.618
606.925
536.857
606.512
146.002
247.386
606.614
606.363
606.268
299.832
445.927
605.62
390.37
367.773
589.435
300.788
606.989
605.844
509.136
606.272
606.268
412.973
313.833
474.673
606.557
365.979
607.395
606.694
606.81
274.042
570.019
605.612
386.659
606.527
605.481
553.747
607.105
607.506
298.333
583.752
606.316
606.682
606.515
426.094
351.395
606.959
606.406
583.178
514.385
389.162
605.678
607.137
606.407
419.559
606.149
605.511
212.599
604.604
606.839
606.855
606.436
606.605
606.341
606.455
605.973
606.147
606.734
484.02
606.719
605.907
233.016
606.593
605.762
242.252
499.419
607.268
605.008
588.103
298.671
607.088
605.587
606.781
607.333
606.447
605.502
354.433
380.85
396.562
582.342
202.591
461.997
606.541
448.615
328.491
607.028
561.58
344.451
204.561
504.811
166.547
425.089
606.09
606.831
620.007
607.271
588.823
606.442
606.85
372.692
313.963
362.417
606.295
606.312
607.026
538.485
607.089
606.346
606.387
265.049
607.077
459.862
153.32
538.468
441.612
491.44
593.089
606.521
593.378
462.82
358.514
293.321
551.693
347.268
606.622
526.68
233.007
218.473
605.662
606.834
425.114
271.019
560.305
502.017
605.916
242.58
606.093
606.642
318.209
564.036
219.342
463.813
606.399
606.406
606.366
605.604
606.432
606.502
546.625
605.626
449.544
606.742
606.657
283.274
251.757
390.692
480.765
606.772
605.792
581.805
209.824
606.36
606.186
606.462
509.913
604.484
475.185
416.203
312.373
606.462
467.978
485.982
179.298
596.67
606.411
607.24
429.983
575.937
554.775
606.871
605.617
605.989
464.27
606.703
606.415
606.39
606.186
605.688
607.842
606.1
317.106
529.051
606.313
366.553
608.543
606.389
606.636
606.606
606.503
606.391
477.562
606.415
372.812
606.297
606.338
319.2
575.474
605.904
606.161
511.219
606.415
606.899
606.39
606.144
606.248
604.208
192.93
387.119
564.466
606.608
415.091
606.778
606.203
551.356
479.276
606.502
162.332
606.553
606.41
360.368
242.01
391.937
440.691
606.594
592.859
268.093
605.906
421.762
607.927
577.484
605.924
606.267
605.534
605.852
606.323
606.31
606.241
606.443
554.378
606.088
376.165
305.53
606.041
606.392
605.957
606.983
607.08
571.765
606.324
362.415
306.407
352.942
174.989
606.115
607.754
266.328
606.39
599.399
597.878
606.644
607.394
606.16
602.616
606.346
606.483
605.871
606.136
436.462
568.286
606.264
418.365
605.882
606.592
448.634
331.41
606.539
382.017
605.738
479.729
606.45
558.707
606.836
606.542
606.899
524.648
606.156
232.511
606.564
561.383
581.941
604.893
606.491
537.845
422.769
507.723
606.291
606.26
605.759
605.651
607.233
606.695
606.18
296.456
369.402
579.811
607.391
606.398
408.062
380.66
605.527
606.131
580.528
605.952
606.551
566.426
272.64
539.51
349.016
501.735
606.621
544.487
326.049
255.474
605.918
606.737
525.71
589.329
605.844
535.543
606.978
606.926
605.927
443.828
606.047
389.72
605.727
606.061
521.778
456.167
605.932
606.884
242.478
606.414
611.842
292.724
605.772
588.948
497.286
609.155
250.287
240.22
522.421
606.579
606.772
606.239
590.357
607.174
606.694
605.94
606.458
604.973
371.667
517.904
606.495
607.356
606.632
606.126
613.486
496.2
314.24
606.46
432.013
606.118
606.192
604.162
379.426
267.984
521.501
340.017
607.099
605.33
606.425
608.073
189.854
318.338
430.054
606.148
530.61
268.195
530.033
606.381
540.232
606.201
606.383
601.041
584.928
488.794
522.194
605.075
490.337
513.354
599.419
289.032
605.723
606.286
522.378
603.429
611.929
605.836
599.767
604.96
325.817
605.567
607.014
545.637
605.505
599.147
606.665
607.928
606.352
579.504
589.921
522.425
414.703
496.716
606.221
490.207
530.495
523.923
568.61
606.265
602.011
606.158
531.536
527.538
591.091
182.609
593.33
483.42
278.303
360.085
559.241
606.533
553.002
606.095
427.06
539.218
323.831
450.857
422.881
605.994
586.139
374.801
606.391
578.978
308.222
605.694
536.11
463.415
605.883
96.1144
606.405
605.249
424.981
606.429
352.958
606.447
606.732
606.194
606.32
526.007
606.503
293.924
418.915
606.227
568.864
607.556
587.571
606.464
613.089
217.839
249.513
606.481
256.868
606.69
606.226
605.915
452.996
476.383
606.81
187.961
606.466
357.022
359.568
586.294
390.566
600.755
605.036
577.375
606.239
606.559
606.431
606.774
607.355
536.145
606.04
216.728
607.712
360.966
606.78
606.223
606.422
450.184
606.789
501.562
279.535
557.678
605.831
223.642
606.727
582.478
606.378
607.036
588.294
369.693
294.077
606.566
606.271
606.505
352.151
605.831
606.312
606.786
606.296
596.956
599.228
606.229
606.416
606.259
605.951
606.349
606.443
395.897
606.336
290.349
343.916
606.146
607.007
593.661
568.489
606.029
477.898
402.844
607.086
606.46
605.765
607.391
606.463
606.286
334.495
595.658
407.519
588.497
606.203
605.469
552.934
510.892
606.132
607.231
606.371
507.748
606.126
202.599
606.045
553.517
605.617
605.688
499.453
550.978
607.194
467.714
606.291
605.997
394.673
607.629
606.27
606.369
606.086
342.807
596.218
536.11
517.111
452.637
606.27
278.85
606.108
606.379
606.405
381.098
606.373
167.143
606.571
510.274
106.15
516.015
608.171
599.161
482.111
591.249
575.399
582.528
500.479
606.16
606.251
606.296
275.862
471.886
606.383
545.093
557.915
604.079
592.851
151.317
462.56
606.055
605.383
442.129
329.928
605.459
606.204
489.472
606.522
590.37
236.47
606.717
347.086
386.649
606.304
474.099
606.562
488.608
361.376
606.429
504.882
605.987
607.174
483.282
433.624
481.694
605.835
606.198
607.529
606.426
605.135
308.988
605.863
360.053
585.682
605.473
606.044
606.245
606.895
606.506
289.724
536.437
606.509
606.784
606.265
520.351
606.522
606.561
365.911
466.967
606.588
476.685
605.992
606.076
606.534
606.405
248.232
606.385
606.94
501.274
606.399
431.338
98.0912
311.99
560.061
605.665
605.247
606.468
606.28
558.658
567.435
597.171
569.984
353.126
305.056
582.751
470.495
605.698
606.56
606.238
424.292
313.43
606.995
572.663
606.771
606.234
608.865
606.213
526.045
538.054
301.932
260.351
479.063
606.475
605.851
562.185
447.707
604.266
606.115
528.83
606.378
605.709
582.593
497.985
402.427
533.631
606.189
605.72
606.281
607.284
397.744
605.949
605.755
606.645
606.671
606.433
533.931
476.59
595.138
404.633
606.516
278.282
503.413
594.244
440.47
606.1
448.287
373.073
583.069
606.611
508.365
587.098
340.873
217.318
606.506
606.577
448.04
606.993
607.807
606.933
215.384
606.959
605.648
606.336
358.846
513.078
605.939
291.614
328.855
606.883
336.641
606.333
406.726
562.015
607.005
502.25
483.392
606.602
606.333
407.646
606.161
597.111
605.587
429.92
264.73
575.936
259.654
295.195
606.877
607.714
469.124
606.188
605.769
607.101
606.547
566.757
610.296
473.269
335.432
316.182
348.656
606.115
295.749
610.509
606.306
606.551
606.455
606.37
487.933
587.974
460.878
607.137
571.135
552.922
606.434
572.914
606.009
553.761
607.346
345.976
564.621
539.639
606.605
605.588
607.037
512.541
546.674
552.455
496.115
605.979
606.298
503.218
606.145
606.153
600.877
606.867
606.264
605.699
238.013
606.353
606.743
484.249
606.355
606.242
605.501
606.772
450.24
154.427
607.063
486.679
606.643
605.995
606.275
251.404
453.717
607.017
606.211
552.83
606.066
372.947
334.016
606.704
426.168
561.159
606.176
581.604
607.121
495.991
605.808
277.733
606.106
605.805
605.821
466.941
580.724
255.578
606.172
498.251
606.428
605.927
606.349
581.221
289.113
606.33
606.339
543.564
606.64
546.094
434.563
355.645
131.429
609.095
597.901
275.635
505.288
605.42
549.852
480.236
607.069
151.515
510.525
606.82
540.861
365.73
417.38
301.619
607.3
607.588
606.607
610.013
605.391
606.435
606.362
607.452
605.374
319.678
225.405
604.709
375.136
528.155
498.958
606.06
504.511
606.273
606.362
429.5
103.161
605.707
606.143
611.502
605.599
578.021
500.099
606.754
607.183
410.564
606.148
415.117
606.333
336.182
423.959
405.026
598.377
606.221
594.043
607.131
606.552
606.438
603.626
605.828
606.668
606.532
588.897
431.48
606.213
459.324
542.245
606.677
606.262
606.755
606.541
606.298
169.819
435.542
605.955
606.593
607.119
606.377
577.168
606.479
601.314
606.514
525.876
607.189
597.738
605.337
606.611
463.297
604.518
606.065
394.616
606.393
606.298
488.019
433.46
315.192
614.054
606.695
606.601
606.459
606.373
356.152
606.003
279.937
589.91
383.611
370.519
437.431
606.421
606.085
605.434
341.199
607.371
606.104
539.549
606.026
603.556
346.147
262.169
369.891
606.542
588.623
606.668
606.297
605.496
606.601
261.055
606.512
606.753
606.697
606.248
607.195
529.062
606.392
606.101
519.658
599.233
606.656
431.273
606.101
442.469
591.834
579.456
606.026
443.414
607.117
206.119
459.818
102.1
606.016
495.12
606.239
606.711
512.547
605.379
606.468
545.875
560.425
597.326
353.523
606.065
563.219
606.76
606.45
469.521
606.722
152.333
606.592
591.825
58.5504
321.866
606.019
210.604
566.821
606.473
530.554
606.14
606.027
428.665
292.598
595.682
606.445
593.845
606.191
605.904
606.083
606.599
305.82
556.327
268.038
605.492
229.351
606.383
603.73
412.613
522.989
459.633
606.575
505.704
474.717
411.839
475.02
574.645
477.652
288.084
545.586
556.047
533.379
572.385
606.251
442.955
502.24
481.249
598.111
606.704
606.877
396.172
606.27
606.663
606.123
481.427
606.288
606.488
364.942
605.991
607.086
606.789
606.406
422.57
384.073
605.909
567.081
280.016
209.321
606.09
575.683
401.854
606.252
572.423
401.007
606.258
551.858
463.484
585.469
605.76
606.29
608.197
607.05
405.4
290.046
606.28
381.625
606.291
607.604
606.633
383.544
322.549
605.255
541.745
606.678
269.33
418.755
605.944
449.822
548.899
606.414
605.829
506.546
320.383
232.263
580.013
405.638
412.627
588.458
607.025
608.115
607.432
591.548
605.804
292.138
606.223
527.804
541.625
605.163
605.521
607.704
536.433
605.974
607.431
605.702
606.191
606.392
604.241
606.371
346.482
338.183
606.055
484.742
170.15
606.204
606.126
350.832
595.77
606.349
550.671
318.769
606.953
606.171
606.186
560.513
605.915
605.242
603.202
589.613
606.964
606.407
591.418
606.202
537.984
484.191
606.333
218.409
606.516
606.311
606.701
243.036
333.035
599.223
606.524
606.229
229.145
606.372
252.662
527.854
606.364
579.36
606.756
606.678
606.303
606.235
571.866
481.46
494.84
605.277
606.68
528.597
605.807
580.069
515.512
605.85
606.868
606.78
372.032
606.256
606.843
605.712
391.952
333.654
500.586
298.3
470.879
550.731
606.656
508.486
606.696
606.456
606.282
606.506
235.538
605.609
605.524
353.749
605.817
606.589
606.79
477.051
606.368
451.886
605.867
606.307
606.652
606.425
385.011
509.719
457.063
606.248
264.159
552.196
596.805
606.134
606.532
600.192
388.305
596.559
530.919
540.042
568.355
606.322
555.374
603.528
231.211
606.167
542.316
604.405
606.514
605.959
606.651
172.438
607.719
606.52
606.308
606.694
336.939
492.183
596.785
287.779
577.308
606.745
337.396
326.408
605.925
515.646
606.589
606.504
606.311
606.197
605.499
606.174
172.273
333.36
385.005
238.215
606.199
465.005
607.459
606.288
597.902
605.607
530.101
606.719
459.71
607.081
125.473
302.919
124.587
603.404
606.514
529.533
606.301
606.904
573.929
606.177
604.582
604.734
519.698
606.293
445.435
384.592
545.062
198.129
606.758
605.293
586.781
319.462
606.671
606.669
247.753
606.6
601.89
529.924
539.396
536.052
593.993
442.897
257.177
606.559
606.373
604.061
606.799
565.769
475.59
456.913
587.072
519.73
490.498
606.391
605.819
606.125
274.054
603.401
606.287
605.859
132.833
320.827
606.642
606.509
357.194
606.55
452.933
418.65
606.836
606.919
575.946
206.372
333.535
606.65
605.866
392.945
606.357
606.211
606.869
531.383
606.106
606.516
287.871
606.896
473.968
606.347
579.774
606
606.853
387.786
606.457
469.838
321.743
606.633
606.815
397.653
606.365
313.531
606.444
606.651
606.772
349.168
606.646
537.767
606.849
605.879
609.868
523.322
416.68
607.322
307.222
606.416
459.712
470.698
515.943
606.093
606.194
422.325
606.697
433.566
609.329
420.393
455.524
161.023
248.153
606.179
534.425
204.704
606.46
403.706
606.569
604.696
606.756
599.081
531.888
488.298
574.779
567.476
606.539
608.607
604.803
592.22
304.744
579.059
606.218
606.686
317.241
607.242
606.028
465.522
605.862
427.882
565.005
606.227
607.025
594.142
585.121
606.683
525.735
546.55
606.409
530.429
606.701
480.813
231.75
606.557
521.452
606.749
336.082
372.207
606.443
606.386
606.278
250.149
606.153
606.064
340.352
106.521
195.268
282.789
606.146
608.4
606.431
606.302
605.796
459.823
606.409
606.034
605.39
606.535
574.067
513.893
605.759
482.851
491.374
605.67
606.219
606.284
606.161
606.227
470.451
513.517
391.305
606.536
508.318
606.491
484.892
606.252
606.271
470.567
221.729
605.418
606.589
606.563
426.304
488.216
606.83
606.293
607.297
606.638
459.351
390.621
416.252
568.475
555.996
231.975
593.56
606.088
602.56
481.457
606.341
606.738
603.502
315.751
606.45
381.041
606.307
295.581
400.87
595.613
534.981
600.994
606.901
465.377
441.235
350.966
456.368
508.494
603.292
606.014
584.501
606.236
322.015
606.337
608.908
149.958
420.764
606.473
606.912
606.252
295.368
606.818
606.536
590.647
382.735
607.063
606.409
246.036
421.568
544.788
496.499
232.116
535.522
606.216
410.563
215.131
503.932
224.473
589.448
606.357
581.639
490.361
586.436
606.515
606.812
301.935
605.751
278.243
606.101
598.549
606.735
210.121
605.945
605.896
552.121
376.028
566.285
511.841
605.837
606.667
511.294
461.698
311
606.354
585.371
606.316
562.248
605.997
606.059
508.354
321.43
606.395
389.959
502.996
606.439
606.925
591.19
606.217
606.833
606.324
606.153
601.814
606.771
606.65
607.763
606.603
606.152
359.226
587.342
606.196
331.545
250.844
514.107
379.446
479.807
606.445
554.848
606.377
428.255
608.037
605.513
280.553
605.949
511.852
520.068
453.788
547.176
605.991
570.214
297.475
606.118
606.789
606.565
466.189
378.703
393.593
606.824
605.746
521.662
488.133
405.674
385.127
472.435
606.946
606.286
606.082
606.57
429.964
606.358
135.823
605.672
603.484
606.206
584.088
606.924
606.306
605.863
612.659
388.115
606.617
494.989
605.716
605.141
160.333
297.905
606.05
608.254
606.202
545.889
606.565
606.441
602.726
606.643
374.297
358.028
598.841
606.065
500.629
482.772
606.273
606.739
573.223
606.069
445.289
606.446
451.917
606.604
605.698
401.081
513.71
395.951
606.571
606.314
606.277
606.175
606.422
606.449
606.719
328.971
605.823
605.943
517.818
491.596
474.758
606.52
584.86
598.394
323.648
606.421
606.077
570.081
606.204
606.438
606.292
533.507
606.716
192.257
606.421
595.282
605.581
606.107
605.981
553.863
606.259
606.892
606.132
606.604
606.909
606.399
401.36
606.675
428.569
606.091
606.689
565.386
604.647
528.228
606.393
606.36
411.85
495.727
252.429
606.774
606.953
606.304
368.935
606.769
606.305
601.657
198.871
467.707
178.878
213.934
248.125
604.535
606.249
606.569
606.563
458.443
606.59
364.674
269.615
606.662
450.088
331.909
606.483
432.716
606.353
325.349
606.294
449.928
592.381
606.313
383.334
607.82
516.545
242.475
579.576
248.602
120.061
556.663
605.843
606.285
465.075
456.705
606.415
606.68
606.943
606.389
607.005
606.355
606.075
605.779
435.251
476.821
571.028
607.167
606.447
393.37
374.436
606.255
521.187
400.075
602.719
554.399
575.696
494.354
606.16
410.05
606.042
606.434
606.575
339.672
606.417
606.71
542.3
353.296
604.495
388.416
607.381
169.56
607.882
606.397
591.489
601.17
476.789
585.108
606.295
408.603
606.394
221.68
606.639
405.515
606.661
606.239
538.044
543.015
286.622
342.297
606.484
443.834
482.124
604.628
606.601
589.68
394.106
570.329
606.266
606.636
422.326
513.197
581.103
555.398
461.503
606.503
606.784
606.435
606.836
269.436
541.774
608.357
406.724
606.374
499.84
600.992
606.529
606.592
606.584
558.268
306.005
606.632
605.668
433.662
606.656
588.766
598.369
312.479
606.22
279.545
504.667
599.485
378.185
607.121
606.773
605.736
367.068
606.692
592.265
606.377
622.22
555.931
606.932
604.562
188.071
606.45
477.427
605.23
606.881
513.265
508.911
541.9
367.186
209.108
604.159
247.268
605.537
520.574
606.018
606.349
477.818
605.782
494.83
606.452
526.762
607.596
606.695
503.793
606.32
501.479
456.443
606.023
437.744
580.913
601.226
229.412
606.061
586.716
256.108
499.668
361.557
606.528
378.619
607.024
352.344
604.47
604.989
606.056
472.789
492.276
605.7
606.127
606.013
453.83
426.736
555.532
605.74
567.785
546.34
289.465
437.813
559.789
586.189
608.54
590.831
389.431
606.927
261.457
607.745
586.251
606.368
590.27
495.174
372.108
607.545
606.805
604.668
606.477
144.54
452.489
606.744
605.711
606.612
606.37
372.575
442.647
606.32
606.454
604.008
604.422
536.013
441.474
606.221
606.423
588.127
606.518
605.315
538.382
234.604
597.453
507.315
606.555
553.021
395.193
606.349
606.295
518.699
581.522
572.737
392.467
349.542
571.84
606.668
606.157
596.955
477.745
607.848
280.668
224.302
606.372
606.21
606.409
371.718
605.889
86.0848
505.408
606.154
546.652
606.857
386.792
606.363
605.226
342.704
458.912
608.998
605.43
606.56
606.603
202.596
606.225
595.488
607.19
607.363
537.983
605.882
506.589
506.589
606.945
605.985
606.301
606.255
591.327
576.848
355.603
607.428
389.348
606.431
606.069
607.175
606.773
603.469
597.905
512.923
492.613
284.762
318.719
604.549
606.062
276.395
533.563
578.135
296.109
606.042
568.385
407.212
581.367
607.902
233.63
604.054
606.279
602.466
606.323
606.841
607.039
567.679
465.037
606.328
605.81
605.647
605.147
605.208
606.682
606.314
606.218
580.994
606.468
606.375
603.091
605.994
564.104
606.737
606.39
482.664
606.529
606.462
606.665
