15
18
8
10
19
18
12
26
11
10
6
9
6
13
4
17
14
16
15
16
8
11
5
9
17
18
24
16
17
16
15
15
23
15
15
3
11
9
14
7
14
12
9
16
19
8
15
9
20
12
6
16
9
7
13
8
18
15
20
3
4
5
24
4
4
3
15
15
16
4
15
9
10
6
17
4
16
11
14
9
4
17
41
3
6
16
9
11
8
7
5
4
13
21
8
16
8
7
25
14
15
7
18
17
13
12
8
9
14
10
13
18
10
15
23
4
32
22
17
9
15
16
11
12
15
17
7
11
3
14
10
7
15
14
7
18
7
14
7
14
12
12
23
10
7
6
14
10
10
12
16
7
19
24
5
4
20
10
15
6
13
15
20
16
23
26
10
11
5
18
4
15
11
4
17
13
25
26
13
13
14
5
11
11
18
12
6
8
13
10
14
16
17
5
9
4
19
6
13
14
20
3
17
10
11
19
25
14
12
19
18
17
15
14
20
15
17
11
14
21
17
9
8
11
21
8
18
4
4
12
19
6
7
7
11
7
16
28
19
5
7
14
7
20
15
18
7
12
14
10
15
11
21
17
17
6
10
16
10
15
21
9
11
3
16
15
23
17
17
11
6
9
3
38
9
9
15
10
12
6
8
10
25
6
15
17
14
12
5
15
11
16
14
14
9
10
16
16
17
22
16
6
16
13
8
13
9
18
11
25
4
12
3
13
19
5
4
27
4
5
10
13
4
15
13
17
14
21
19
16
39
7
13
3
11
18
11
9
11
14
14
6
18
16
11
17
11
14
10
17
5
11
23
5
8
20
6
16
5
9
9
18
7
23
15
17
5
22
7
4
12
14
12
25
6
11
12
5
13
12
38
8
14
5
13
13
7
13
16
29
12
17
19
10
3
7
11
14
9
11
13
20
13
9
4
12
21
16
15
6
15
26
9
14
4
7
13
16
5
18
15
13
7
6
17
19
11
15
8
8
18
8
11
7
22
14
16
16
11
21
12
20
3
6
16
20
6
18
21
7
3
7
17
11
7
7
20
7
4
8
7
3
9
11
8
13
23
13
8
16
10
16
4
16
14
26
16
6
14
7
13
5
15
6
13
7
14
14
6
12
17
11
14
4
13
16
12
21
13
9
10
28
15
14
21
12
22
13
5
3
5
7
11
4
11
17
10
16
18
4
18
9
14
8
14
13
12
16
11
7
8
18
21
3
19
15
13
22
3
15
4
7
8
9
5
15
10
9
10
13
5
12
22
14
18
12
9
3
6
6
22
12
8
5
3
9
18
20
3
18
16
16
4
15
17
10
3
18
10
20
15
24
4
9
6
5
16
13
7
14
4
48
6
9
17
18
7
21
14
21
14
13
21
12
4
19
18
20
14
16
11
15
22
15
8
17
15
14
14
15
12
13
10
16
18
20
14
21
19
8
13
10
12
4
3
9
10
14
8
17
12
11
19
11
9
24
31
23
11
5
20
14
7
12
6
7
16
14
17
22
13
23
14
13
10
3
34
19
12
10
11
14
17
14
13
18
9
16
3
16
8
7
8
8
15
4
15
9
8
13
19
12
20
18
3
14
26
15
20
6
12
9
14
3
8
15
6
27
6
8
14
13
8
11
13
28
53
24
14
4
4
5
4
7
10
15
10
3
16
4
35
10
14
5
12
6
15
3
3
17
16
4
8
10
15
7
22
15
20
7
16
6
16
5
4
7
9
3
18
13
12
18
14
4
17
7
17
7
11
17
7
27
10
16
32
21
9
10
14
9
14
19
11
9
13
39
6
7
20
14
18
7
14
13
18
10
19
25
4
18
8
9
7
21
3
22
3
15
3
19
6
6
25
14
28
19
8
20
17
3
16
14
12
17
9
17
10
6
6
19
13
16
9
9
5
13
18
17
6
12
10
10
5
20
7
14
7
37
14
7
5
9
9
12
4
11
27
11
17
8
15
21
8
26
7
7
27
4
5
16
13
7
4
13
7
11
9
19
10
4
8
7
9
14
5
10
11
22
13
18
10
17
7
4
6
12
16
11
7
3
13
17
11
19
6
4
5
4
19
15
17
6
6
14
8
15
18
29
16
3
4
14
18
17
4
11
16
6
14
16
28
29
20
15
21
7
14
9
5
14
14
11
10
15
25
3
4
13
10
12
13
40
4
20
23
4
14
13
12
20
11
8
14
12
11
17
14
11
27
10
14
18
12
10
9
16
9
5
3
12
11
10
14
19
14
10
17
19
16
5
10
8
18
20
15
12
4
13
8
14
16
15
7
9
12
17
5
20
3
20
7
9
14
5
21
20
16
6
12
14
39
17
28
13
18
9
17
14
8
3
10
17
16
21
6
17
14
21
10
6
24
22
16
11
25
13
12
22
15
4
15
21
8
16
7
16
14
11
7
10
13
10
11
19
3
9
13
13
4
16
16
6
10
19
29
13
16
13
13
15
18
10
17
3
13
7
12
14
11
32
9
15
3
20
8
18
19
11
18
9
13
4
12
7
13
35
12
7
8
11
15
21
4
41
26
12
9
11
14
10
7
20
6
21
6
7
6
14
10
26
6
20
12
14
9
12
9
6
67
12
7
19
11
6
12
20
21
6
5
16
18
21
9
4
12
17
17
6
9
6
10
16
6
19
3
18
9
10
7
10
22
13
22
5
11
13
10
8
5
7
8
7
5
18
8
6
6
14
5
16
18
3
19
12
4
13
20
5
16
16
9
40
13
9
18
3
20
16
8
10
14
7
9
5
14
16
16
19
17
15
7
15
3
3
19
12
15
6
4
15
16
3
17
16
8
5
14
7
19
10
3
13
12
11
17
6
16
6
5
18
15
15
3
9
11
20
20
18
7
9
14
11
5
16
15
13
12
19
5
9
10
25
3
14
16
18
12
6
15
5
3
13
9
23
14
6
3
18
12
13
16
11
26
15
16
14
9
12
18
14
4
8
4
13
16
4
8
20
24
5
18
16
17
8
22
8
16
6
12
12
23
13
8
44
5
9
12
11
5
7
38
10
3
8
5
15
7
6
17
19
13
24
10
7
18
6
19
14
7
27
4
6
13
17
4
5
7
15
14
14
18
9
11
20
13
22
15
10
9
19
15
18
16
17
14
21
10
12
22
11
25
20
8
6
15
18
20
10
5
4
8
19
9
7
19
18
14
32
8
6
9
13
14
10
5
7
10
18
7
16
