47.9978
18.2185
9.64786
38.5267
41.1467
49.2427
36.343
20.2402
43.8252
43.806
45.5428
38.9535
-1.0
30.8538
-1.0
19.3602
34.9056
-1.0
-1.0
30.7914
-1.0
38.6518
23.5271
33.3145
-1.0
38.8725
-1.0
50.0424
27.9883
23.2642
-1.0
24.4045
41.0355
20.395
46.1366
50.9502
48.7639
37.4044
51.0513
41.1582
-1.0
49.3654
31.8744
-1.0
42.4889
37.5769
51.6794
23.671
42.9641
48.5999
50.062
24.8357
-1.0
36.9523
37.645
35.1974
38.3802
41.3364
41.2218
-1.0
-1.0
11.6212
-1.0
33.1857
32.0303
45.8887
48.8391
18.6461
17.8915
30.4648
-1.0
-1.0
28.0148
45.6669
29.6499
19.0204
48.8731
49.1603
16.3524
49.336
29.9676
30.8773
45.5462
49.4464
46.6564
41.2378
31.7133
44.6171
20.9961
36.0795
41.4561
50.0878
45.0902
35.3322
29.2642
26.2424
-1.0
34.3696
17.9825
19.063
-1.0
-1.0
36.2332
21.0722
32.4349
47.4228
30.9642
43.3544
35.1049
37.2127
50.0228
11.3567
25.9776
47.5757
38.2423
48.9903
45.4588
-1.0
39.9996
-1.0
21.0898
-1.0
33.9554
51.6876
49.9711
47.4963
51.1046
28.7914
46.569
44.0935
29.0163
26.1667
49.9277
23.3238
21.3481
-1.0
42.0999
41.5714
39.6191
-1.0
30.8789
14.7314
16.666
46.5258
36.6485
-1.0
-1.0
50.8087
48.1067
-1.0
27.9581
38.3118
15.6245
50.5722
31.0731
50.1188
51.6209
-1.0
-1.0
42.4524
43.6733
19.6026
24.3084
50.886
33.0876
42.9501
-1.0
50.0476
39.6249
32.0454
41.7012
-1.0
48.5094
29.4874
44.7915
34.2664
18.7127
-1.0
41.6937
48.6355
49.5082
50.621
32.5618
41.1333
30.4558
48.0363
40.6904
45.759
38.9351
41.5052
6.09101
-1.0
28.5694
-1.0
34.595
51.7746
42.2646
38.6738
49.9767
50.9924
49.5282
-1.0
45.7296
42.0874
46.6795
37.6025
44.7466
50.8953
10.4373
51.5612
20.8539
30.7032
42.7858
46.9874
43.17
-1.0
24.7904
40.274
-1.0
46.1126
45.358
-1.0
34.6701
-1.0
44.2467
38.7639
33.2419
31.6396
32.3999
47.047
-1.0
50.2334
33.9177
43.3915
45.0437
42.8734
17.7327
31.9627
41.428
47.5922
50.068
23.2364
16.5644
24.7316
39.2441
31.5617
17.7082
21.2823
44.1925
24.3576
26.9263
44.3023
-1.0
16.8626
-1.0
47.9322
-1.0
26.7333
24.8237
38.7612
-1.0
42.7526
32.3791
52.2978
45.5244
45.0162
-1.0
17.6633
-1.0
34.1839
-1.0
-1.0
44.9
39.5007
38.6814
31.7033
42.1306
44.9041
45.3125
26.6534
-1.0
15.6931
34.5337
47.8009
26.7871
-1.0
35.6089
43.1753
39.5404
39.2799
-1.0
-1.0
37.8292
13.4002
37.1773
49.7904
46.7701
47.074
33.7595
29.6018
43.5186
27.7777
31.1797
24.4489
30.96
44.2219
22.7695
-1.0
49.3426
52.1451
45.4572
-1.0
24.7498
-1.0
40.2092
38.8493
42.7553
47.8311
48.8899
33.1117
-1.0
45.6533
42.0941
-1.0
46.215
34.446
-1.0
41.6595
33.1752
51.4012
40.6109
43.5831
51.6051
34.9113
14.4164
42.3815
23.5557
47.1814
47.8856
49.2631
41.6451
51.8528
33.6689
37.3882
36.6508
43.2538
49.1489
-1.0
28.7899
32.8668
37.6176
21.1561
51.0527
27.7436
16.6603
46.7703
43.5428
46.5094
-1.0
47.9695
27.5366
24.4446
45.3373
50.5121
42.1432
35.3882
51.8993
24.2592
31.0892
38.3872
39.3454
24.1729
17.1175
-1.0
47.9874
37.1486
32.3047
24.1534
-1.0
47.2207
51.8423
40.7617
46.3222
49.7029
-1.0
12.5457
-1.0
43.418
33.0551
-1.0
-1.0
-1.0
45.052
34.303
34.1909
37.0918
38.5594
24.3604
38.5611
47.1274
-1.0
26.2829
42.1129
-1.0
26.9304
49.0311
35.9488
48.5943
32.8179
-1.0
37.718
-1.0
33.2252
39.4379
47.2516
49.7144
-1.0
33.2872
46.6346
44.0485
17.0797
41.3681
41.7429
46.1734
50.6541
-1.0
23.8304
-1.0
27.5061
-1.0
27.8162
28.1681
-1.0
22.1682
27.6307
-1.0
20.5915
21.8095
51.4147
27.9769
44.7247
-1.0
46.6225
38.926
-1.0
50.5057
27.4022
47.1426
-1.0
30.6863
19.628
31.4101
51.6224
40.3116
45.923
34.4038
25.0136
50.8178
25.7554
-1.0
37.856
37.3611
36.7563
-1.0
-1.0
44.718
49.3134
47.6323
44.6953
41.6581
35.7519
44.7683
-1.0
33.9509
32.2835
37.4341
50.1847
41.455
51.2179
-1.0
25.101
50.9262
29.8225
35.216
40.2277
38.5092
35.0131
-1.0
26.1397
-1.0
27.7591
51.2884
-1.0
-1.0
-1.0
-1.0
-1.0
-1.0
50.9525
30.1246
45.1729
44.7617
42.7562
28.5318
39.3515
51.7225
13.3908
49.3101
38.5209
48.7745
-1.0
11.9051
-1.0
49.6899
48.9145
35.5593
51.0614
-1.0
34.4604
37.8435
23.1685
-1.0
-1.0
24.6911
33.4856
20.5952
38.4568
-1.0
38.3741
51.0984
14.4456
-1.0
35.1526
24.9787
48.8782
25.3281
39.0298
40.6155
25.6261
-1.0
36.2982
46.3948
30.7423
46.7548
36.7304
38.1406
40.6781
-1.0
34.1271
39.9036
46.124
54.9709
34.1149
-1.0
24.1425
49.3774
48.1617
12.0046
50.2152
53.2658
40.6485
-1.0
-1.0
17.0961
49.5245
45.7046
46.4864
-1.0
26.1728
-1.0
-1.0
-1.0
52.8445
37.0022
46.9527
44.2215
-1.0
19.4268
30.3373
22.7985
-1.0
44.4706
20.7039
43.159
50.9672
40.3262
-1.0
34.6673
39.995
41.7016
-1.0
45.7427
37.1476
46.2917
47.1505
24.1252
40.589
38.3435
49.7398
28.5557
-1.0
-1.0
39.5418
41.8131
43.9902
48.9007
40.6217
47.3757
29.028
31.0523
41.4052
48.828
21.9887
45.5469
13.023
42.7531
12.5792
36.2676
52.2069
-1.0
-1.0
35.0019
48.1803
44.3646
-1.0
50.3514
32.3729
50.7325
37.4638
20.06
-1.0
-1.0
40.8513
34.879
31.8403
33.7117
44.196
50.2729
46.0259
16.9507
-1.0
48.3647
-1.0
-1.0
41.3544
47.1777
47.5256
-1.0
29.5698
38.5545
-1.0
38.2321
-1.0
38.8406
27.4989
27.5344
35.3121
33.9007
-1.0
-1.0
34.1262
-1.0
48.401
48.369
-1.0
51.4316
38.1474
-1.0
49.7863
44.7683
11.6374
29.6634
-1.0
23.6433
30.8556
-1.0
-1.0
47.7672
17.7722
-1.0
-1.0
31.8913
-1.0
29.8074
42.9198
-1.0
45.9395
43.2631
36.6777
-1.0
43.0468
34.0939
32.5517
-1.0
44.7487
-1.0
49.3115
-1.0
39.1274
37.632
31.897
40.3077
52.2548
20.9156
22.2235
51.9438
-1.0
44.916
27.7058
23.1428
43.6242
43.2811
51.5146
48.2875
-1.0
45.0091
47.1035
34.9963
-1.0
-1.0
45.5463
38.9666
42.9476
35.8684
51.1322
15.4113
45.9155
24.5484
12.9143
34.3124
46.9965
-1.0
51.4425
33.7556
50.9502
48.7014
19.3887
38.2322
21.9228
44.4137
27.3107
22.0808
-1.0
28.6656
46.8782
46.5496
-1.0
38.9716
41.8996
47.6873
43.8652
43.1943
19.1596
-1.0
9.33632
12.5384
36.2544
46.9654
39.4571
40.5423
-1.0
30.6666
-1.0
-1.0
41.2416
26.6448
21.0161
50.9548
23.8267
28.5195
40.8795
50.3088
52.2355
22.6521
36.9409
34.5135
35.0454
14.9181
-1.0
27.1711
46.8528
-1.0
-1.0
47.2573
33.13
28.8307
23.2934
49.2145
14.886
47.4661
-1.0
15.7756
49.665
32.2363
-1.0
32.5905
43.2302
39.767
-1.0
49.0453
18.8012
50.2433
46.7036
26.846
28.0348
33.079
26.1583
35.0785
32.9683
17.5737
50.9478
47.2716
-1.0
-1.0
51.5652
-1.0
39.6072
45.6372
29.1596
-1.0
51.8354
-1.0
39.9953
37.95
30.3058
47.3506
-1.0
27.239
47.6349
49.033
-1.0
36.5702
22.3467
-1.0
-1.0
32.4352
39.0685
-1.0
25.3473
49.4612
-1.0
28.9907
-1.0
38.2617
42.6409
34.1547
16.233
43.7339
-1.0
40.6495
24.6228
23.9991
27.9401
46.2711
38.1941
45.7163
-1.0
-1.0
16.5226
-1.0
41.1273
42.026
-1.0
41.7689
-1.0
32.3684
24.986
40.6807
15.4113
21.7463
-1.0
-1.0
36.5956
41.3682
47.7316
20.3851
45.8757
29.1003
-1.0
46.7196
39.52
49.5123
-1.0
35.2081
43.4908
43.6046
-1.0
32.4737
-1.0
42.5995
51.8333
38.8046
47.4436
51.7958
-1.0
42.0854
47.3483
52.1335
39.1619
-1.0
39.3095
-1.0
39.9427
52.2529
-1.0
21.3057
33.8552
32.6362
-1.0
-1.0
27.1622
48.6924
44.562
35.894
47.3155
37.0404
32.7715
-1.0
-1.0
40.6851
46.6168
-1.0
29.8699
35.4468
-1.0
-1.0
15.5705
48.8134
23.7053
-1.0
46.7032
31.7803
16.5966
25.0658
50.7071
46.1844
28.463
56.0242
45.6042
-1.0
47.4368
29.1814
36.708
-1.0
23.9469
39.7106
51.1855
28.4207
33.2257
26.6233
-1.0
54.2844
24.6864
-1.0
-1.0
37.8701
17.4622
37.35
42.0657
32.9211
40.276
48.8029
32.7252
43.3704
51.5807
43.0117
47.7408
32.1048
32.0006
-1.0
39.4977
33.8103
36.1059
11.6332
44.558
42.3452
19.1885
37.1521
29.3956
-1.0
41.1955
49.5318
48.0919
39.7176
31.7409
43.9997
-1.0
38.1741
30.1256
48.9164
8.01723
52.2491
18.5187
26.5708
41.0974
45.238
24.5647
47.8779
32.7097
30.9237
51.53
47.7341
-1.0
50.448
-1.0
-1.0
40.5377
45.2838
23.3535
41.9787
50.0653
-1.0
-1.0
-1.0
42.0106
42.6434
34.8155
33.5468
38.7638
41.7946
23.3827
-1.0
32.2797
23.5202
39.0913
31.6348
21.6064
39.9701
35.9363
31.3344
50.0019
36.8951
-1.0
24.2582
-1.0
24.2647
44.7547
51.4749
51.5883
44.8882
-1.0
44.8462
25.8823
25.2723
-1.0
19.8925
-1.0
34.2867
48.2809
23.3584
-1.0
33.1778
21.3794
48.4423
23.7732
32.4124
-1.0
-1.0
32.1287
37.8969
18.2032
-1.0
28.5206
26.6183
36.9608
45.7039
37.4302
39.9307
13.6573
42.0674
38.885
46.0401
40.1073
47.8474
36.3167
-1.0
-1.0
19.4872
-1.0
49.2351
43.0277
-1.0
52.2546
-1.0
45.7944
-1.0
21.7698
31.6531
33.922
-1.0
29.5178
51.6408
51.8679
35.9005
37.8781
40.6106
24.2598
41.3138
17.1359
47.3745
26.8047
16.4614
31.0749
20.9542
23.8363
-1.0
32.1931
9.87259
44.2946
-1.0
32.152
43.1028
50.4829
-1.0
39.7511
40.0432
-1.0
44.5722
42.0968
-1.0
45.578
-1.0
27.1689
35.7388
21.8445
14.1254
41.5834
18.5579
13.1337
-1.0
-1.0
33.7087
45.5473
52.2073
44.8493
-1.0
37.2598
25.4609
50.6727
49.5084
42.8551
21.2101
30.07
45.2837
24.7915
41.524
45.4642
38.5373
44.3736
28.9659
-1.0
-1.0
21.3438
-1.0
44.7052
11.482
36.6361
43.847
22.7307
44.631
40.6412
24.0213
39.5062
26.9512
32.7963
43.0922
-1.0
28.4514
-1.0
27.4933
35.8594
40.487
52.1373
46.1303
39.9026
36.8139
38.69
-1.0
48.1222
38.2175
48.2498
43.1321
47.3653
41.3855
20.897
-1.0
29.1147
40.8693
16.6066
41.4529
19.395
45.2145
-1.0
35.1012
16.6986
31.719
43.8071
29.8609
26.676
21.8254
39.1247
46.0774
-1.0
-1.0
35.9787
-1.0
43.1614
-1.0
48.4742
37.8349
50.5011
-1.0
32.6929
28.313
34.7987
18.252
31.5615
44.3954
-1.0
21.3616
-1.0
46.3544
35.8936
44.9439
43.6489
30.0654
23.1891
-1.0
-1.0
47.0508
26.8959
41.5931
40.4611
-1.0
35.3375
-1.0
38.5482
43.5777
51.8148
39.37
37.8041
35.7472
44.8865
10.0485
40.414
42.0377
21.4483
41.2663
-1.0
-1.0
30.7707
36.2032
43.2057
34.4741
41.21
-1.0
-1.0
-1.0
49.5951
31.5833
29.9931
-1.0
23.0789
38.0623
-1.0
23.1289
46.8542
-1.0
32.8975
41.0325
40.2286
37.4867
40.5242
27.6044
26.3469
-1.0
40.9825
35.7184
31.2964
-1.0
35.7554
44.9984
32.7011
24.6375
17.1912
41.4721
-1.0
37.7343
22.2866
22.2984
37.8984
-1.0
43.6187
27.6696
23.177
30.3652
-1.0
-1.0
41.4599
14.3301
29.0547
43.3004
20.9354
-1.0
16.3627
43.4047
42.994
21.24
13.516
-1.0
-1.0
47.9156
50.8314
46.6649
35.0543
-1.0
40.6298
47.8213
37.2568
-1.0
45.2097
44.2897
20.3743
11.4687
-1.0
40.9752
46.9367
32.345
-1.0
47.7658
47.6151
29.5334
31.8665
45.0864
-1.0
-1.0
28.308
-1.0
47.623
15.5436
46.494
42.9234
-1.0
40.3795
50.4103
34.1679
48.7725
52.2847
33.7334
48.038
-1.0
30.8075
21.0187
34.4267
-1.0
24.1996
43.1989
-1.0
42.1122
34.361
48.591
40.1785
50.6791
41.794
52.2487
30.4489
-1.0
30.0625
-1.0
-1.0
-1.0
-1.0
37.7806
35.2738
48.8806
45.626
-1.0
15.8956
39.3976
24.0876
46.1669
43.9276
-1.0
28.2792
39.2579
26.5004
-1.0
28.7557
51.7175
-1.0
-1.0
51.0336
46.675
49.0236
48.9896
42.4016
16.9843
34.8021
15.8006
17.8389
-1.0
39.4948
50.6034
-1.0
-1.0
26.2635
45.3083
36.1882
39.9675
-1.0
49.4673
-1.0
27.1395
43.1966
19.1681
36.2097
-1.0
-1.0
19.2703
17.0496
-1.0
26.3154
51.6835
47.3938
38.3935
36.0206
-1.0
-1.0
30.5336
50.674
32.505
50.1955
23.1672
26.3975
-1.0
-1.0
43.5705
36.0937
34.534
33.6639
48.8746
-1.0
39.6826
-1.0
39.0913
30.9758
-1.0
-1.0
52.1337
39.3428
-1.0
46.1187
49.4695
45.401
30.5253
20.2836
43.9123
42.6046
43.9525
27.39
39.3331
25.1135
-1.0
45.7489
33.418
43.5592
45.1299
51.3908
44.0426
37.7511
43.1198
35.7857
50.7222
44.429
-1.0
47.8468
-1.0
38.2993
44.0348
23.0108
32.4547
-1.0
38.4871
-1.0
43.9897
37.4484
38.3957
-1.0
43.4184
-1.0
32.2472
26.6767
47.6598
36.5371
49.2642
32.4948
45.6287
49.7278
48.2153
39.1486
28.8458
13.7118
38.5975
46.2385
47.1938
-1.0
-1.0
47.8863
32.5136
37.6013
44.9625
-1.0
35.542
51.9326
47.5145
47.6952
22.6386
-1.0
31.2078
51.0209
34.7703
14.9815
23.694
40.6607
29.7683
48.8831
22.729
41.3555
48.2688
-1.0
49.5071
43.9431
28.7164
-1.0
-1.0
-1.0
33.7503
-1.0
-1.0
33.7139
33.5443
31.201
30.43
46.195
51.4144
21.7603
-1.0
51.8108
-1.0
43.8697
38.1858
-1.0
11.3522
41.3569
49.4931
37.3609
33.9429
24.9351
38.2993
32.9871
44.185
36.955
46.3989
49.0811
-1.0
34.6144
46.0152
29.1159
43.3326
17.429
48.4179
41.5684
-1.0
40.6506
49.509
-1.0
51.9161
46.6389
41.9117
45.7902
36.4533
49.0622
48.7622
25.9179
37.8657
-1.0
32.6682
33.1591
-1.0
-1.0
15.0763
26.1993
31.7291
-1.0
45.4184
-1.0
43.9493
47.6374
31.3135
44.7194
46.9482
27.787
52.0233
51.7773
47.0975
41.9285
38.4646
-1.0
20.4333
44.2778
42.2397
19.8965
15.8745
30.1999
-1.0
37.263
29.8138
22.8114
48.4591
24.9881
24.5905
30.6436
45.3244
-1.0
32.1163
42.1622
45.1712
35.4168
-1.0
47.6104
49.738
25.7254
33.63
29.3367
-1.0
44.9817
26.9413
47.6416
43.3687
36.962
30.9055
49.7467
30.8128
-1.0
32.8393
25.2184
51.3601
38.6535
-1.0
49.3017
23.4037
-1.0
44.9337
37.6419
34.2385
21.5294
21.3544
-1.0
46.3026
-1.0
39.3795
40.9675
20.2405
44.2793
28.3486
31.5527
22.8244
42.0454
-1.0
48.5336
48.453
51.5972
36.854
22.1811
-1.0
23.9367
21.8883
-1.0
39.9002
31.3182
55.1402
47.8966
-1.0
-1.0
-1.0
-1.0
-1.0
49.9793
-1.0
-1.0
28.5359
44.8455
50.7359
-1.0
34.695
30.6804
38.9847
45.1978
36.6029
50.5454
49.8338
49.7675
42.8763
-1.0
21.7844
-1.0
29.0551
-1.0
36.0352
39.3481
-1.0
38.4587
46.419
49.2555
29.9808
46.5283
45.2838
40.9383
41.0047
18.3194
-1.0
-1.0
-1.0
45.4783
34.122
36.226
44.7677
-1.0
34.1418
50.2677
35.2286
28.5752
-1.0
49.6733
-1.0
27.7532
31.6254
52.2423
21.3906
52.2757
48.8351
41.1789
34.8856
-1.0
34.0612
38.7985
-1.0
25.8357
32.0301
-1.0
44.333
21.2039
44.5645
43.8737
39.4187
36.4383
44.1393
37.3356
44.8141
24.6361
18.0224
35.6482
46.341
-1.0
13.8287
45.8769
-1.0
42.2838
50.9202
31.7273
19.3556
45.8349
42.7171
33.6427
49.9192
44.0565
-1.0
48.0743
46.7707
25.6474
34.4225
-1.0
-1.0
-1.0
22.9079
50.5761
13.926
31.5425
33.8752
9.54715
-1.0
37.2855
45.1801
45.9375
23.0276
29.597
27.275
34.9681
-1.0
-1.0
-1.0
56.7979
42.3821
40.7218
-1.0
23.7658
46.1324
39.7087
43.004
51.2039
48.7586
-1.0
38.7032
29.4945
-1.0
31.1727
29.7486
29.5527
-1.0
50.4734
30.3882
17.6656
36.047
44.6227
-1.0
45.4165
34.7909
43.5964
35.7905
-1.0
52.2969
-1.0
32.2213
41.2056
-1.0
36.8936
-1.0
13.4756
-1.0
-1.0
32.1084
46.6292
28.0535
51.1228
39.3233
40.1793
29.9341
28.9506
49.6252
36.9317
50.9024
28.0048
30.7152
45.7205
-1.0
-1.0
45.5023
28.3905
44.1339
45.6612
24.9842
43.6991
47.3849
37.2132
47.2546
24.3612
44.7355
32.607
-1.0
-1.0
45.7837
49.8161
7.38954
-1.0
29.9706
22.7286
45.9
48.2683
17.0015
14.8062
48.4175
-1.0
28.0922
37.8374
30.0166
41.694
-1.0
48.8654
46.9439
51.3176
29.2143
-1.0
37.3701
41.1608
40.9258
25.1091
38.4117
51.4089
34.623
49.748
50.7022
40.5438
16.4423
43.2629
40.6797
41.9587
34.3652
-1.0
46.2463
-1.0
41.2937
42.3464
51.4167
48.4382
-1.0
-1.0
35.1326
-1.0
23.5266
34.6311
15.0814
36.1755
47.5367
-1.0
53.3856
-1.0
45.1605
50.2239
40.923
46.3032
51.1308
-1.0
14.1715
23.3304
32.6314
38.5055
48.229
47.2001
38.4616
25.0629
42.8461
40.3388
11.6476
44.3633
-1.0
47.1725
34.5687
29.1327
-1.0
-1.0
41.5353
42.7848
43.0807
44.8433
46.4149
40.585
44.2256
22.4712
37.3754
50.5706
41.3723
48.5878
46.5737
-1.0
49.4791
-1.0
42.3278
-1.0
25.0869
-1.0
48.7671
40.3949
-1.0
49.427
41.7761
38.3983
-1.0
-1.0
28.2497
34.7965
35.14
44.0161
-1.0
19.4259
38.1347
27.7972
-1.0
39.5878
40.9517
-1.0
31.557
47.0388
33.5279
51.9551
20.9437
42.5383
43.7821
-1.0
39.5306
-1.0
48.7406
-1.0
28.9048
32.5967
-1.0
45.2965
39.7871
28.5162
24.2865
-1.0
-1.0
-1.0
42.7989
-1.0
35.5824
-1.0
37.3318
38.4563
27.4567
51.0036
39.1978
-1.0
31.2812
-1.0
33.5373
-1.0
45.9146
43.9342
49.3093
26.8312
18.2075
45.8191
-1.0
47.4148
-1.0
38.6824
51.9477
38.8413
25.6155
-1.0
45.4405
16.4746
-1.0
52.1027
47.8046
36.9705
47.8306
44.5376
53.1562
46.5784
-1.0
34.1831
-1.0
28.5802
23.2111
12.5474
42.8428
25.3951
51.3648
51.8283
47.4146
34.5331
27.4429
44.2009
44.8578
25.215
46.4505
33.5793
21.6863
40.2426
23.1567
45.7666
38.725
26.8501
43.3738
27.3259
34.3844
12.9853
49.5196
-1.0
48.1323
39.4654
-1.0
32.566
44.5618
-1.0
-1.0
18.6594
33.6898
32.8242
27.4726
32.2202
51.9901
32.959
51.5241
-1.0
11.3736
-1.0
51.2945
-1.0
39.2668
42.4194
28.5938
24.4727
46.6489
40.0685
27.0537
33.7696
45.1851
44.3291
37.239
45.2114
46.6665
30.0558
38.4607
33.1682
27.6887
29.2749
42.6989
45.214
-1.0
49.1953
21.6781
35.5105
34.4008
-1.0
45.6295
14.2778
39.4227
52.275
-1.0
-1.0
-1.0
24.4513
34.2587
-1.0
42.5869
51.6417
49.7895
43.0636
32.4465
33.7657
51.103
49.4181
36.3497
51.3253
34.7867
-1.0
-1.0
-1.0
49.9785
-1.0
16.6672
39.5268
-1.0
16.0251
30.9042
-1.0
34.7152
40.2268
51.4507
37.9153
46.7982
48.0902
45.8097
49.2573
48.1713
52.126
27.6268
-1.0
-1.0
37.7308
50.7028
34.8904
14.9937
45.0722
39.874
37.6448
51.38
35.5169
50.5832
46.1872
30.8278
49.1683
-1.0
-1.0
22.8279
50.0371
-1.0
43.4704
39.9316
27.2108
47.3178
-1.0
30.387
38.8105
-1.0
52.308
49.8719
46.0312
26.7913
-1.0
-1.0
10.0833
43.5661
-1.0
-1.0
31.1335
35.3881
25.9602
43.6535
-1.0
-1.0
-1.0
-1.0
13.061
34.4912
28.7953
35.4559
39.7886
30.5133
-1.0
23.4055
43.4236
-1.0
41.5618
33.427
29.3591
-1.0
-1.0
-1.0
52.1845
27.9484
15.3573
46.6505
-1.0
25.7447
43.1652
15.1268
41.0097
28.863
-1.0
29.7327
47.5633
48.2685
46.2116
47.8666
50.0912
46.5498
44.9792
17.7124
52.2014
30.7412
47.4648
-1.0
28.7408
-1.0
-1.0
48.2529
23.3878
43.1694
16.7771
18.4191
-1.0
44.6513
52.3151
35.0181
-1.0
41.3721
43.2774
12.5458
36.8676
-1.0
20.7107
-1.0
53.4634
-1.0
38.995
39.1993
-1.0
31.4396
23.0265
26.8135
35.6188
-1.0
-1.0
48.4023
50.147
38.3272
39.9987
38.1999
51.6566
51.3354
47.9003
51.6813
44.0306
46.1374
17.5461
36.7506
37.267
36.7127
31.4613
51.4986
31.3325
44.0056
39.3093
20.7648
-1.0
43.5198
52.8907
-1.0
27.4563
33.3426
40.9695
50.9408
40.3639
-1.0
-1.0
-1.0
49.7903
45.8586
-1.0
45.2305
35.7708
22.2785
-1.0
48.6461
-1.0
31.2642
24.9858
42.0811
46.1064
-1.0
30.6703
17.8253
-1.0
24.879
44.4805
20.5374
51.0607
27.6808
31.5038
43.7302
35.0951
-1.0
25.2855
43.9329
-1.0
-1.0
-1.0
43.0365
45.7837
43.1235
42.7097
39.0921
38.5982
-1.0
25.4047
46.8784
48.7988
14.3696
41.4977
-1.0
25.99
27.7411
-1.0
28.3924
50.3299
41.7768
25.7058
42.824
-1.0
-1.0
47.8844
31.3479
35.5
41.7491
-1.0
51.9856
39.8276
42.3675
41.9102
24.9697
-1.0
17.3391
40.977
19.8107
-1.0
36.1876
48.9146
39.8135
10.947
45.7865
28.4181
38.0913
47.4607
-1.0
42.7974
46.4167
26.4151
51.5223
25.5204
15.9589
38.521
33.9751
14.1876
-1.0
-1.0
30.1622
-1.0
46.3331
-1.0
46.8355
40.1057
19.3055
-1.0
-1.0
50.363
-1.0
28.8616
-1.0
19.2329
27.3654
13.9675
45.2318
46.0222
44.5251
38.9833
40.4027
47.839
46.8445
47.4344
46.6879
42.3675
-1.0
-1.0
26.0259
42.2494
46.5234
40.1787
35.1343
41.3924
50.8392
38.1946
31.5725
41.6369
42.9439
32.3049
38.0199
37.3373
40.2957
47.4741
-1.0
50.3375
-1.0
42.3099
-1.0
10.5523
40.458
-1.0
-1.0
49.7757
23.8871
-1.0
46.5446
42.7836
43.8049
37.8692
44.0905
40.2233
20.887
39.2678
33.4541
25.5685
43.4862
-1.0
53.7453
36.7075
29.0196
-1.0
40.8755
42.535
-1.0
-1.0
34.0188
-1.0
42.3187
48.229
-1.0
21.4749
48.3524
50.299
-1.0
27.672
-1.0
35.6524
33.1529
34.9927
46.0395
45.962
47.0368
9.20755
46.32
39.8145
50.181
-1.0
33.6367
-1.0
-1.0
51.1984
32.0087
48.3561
40.4797
-1.0
51.8731
28.9453
-1.0
23.7227
43.8015
48.1188
26.724
28.0571
-1.0
40.147
43.4269
24.3867
49.7199
24.0076
49.6372
41.4808
36.5586
9.07681
-1.0
-1.0
53.9852
40.8594
-1.0
-1.0
-1.0
41.5775
49.6385
37.1418
21.4242
44.2072
-1.0
45.5855
-1.0
33.4202
30.9557
44.3012
39.3961
43.4109
20.5499
18.6785
-1.0
35.2043
31.3807
17.4277
20.3296
51.1497
24.7188
46.5852
15.1009
27.8919
39.9316
35.2752
37.4743
37.7503
37.6209
43.4814
-1.0
-1.0
40.8784
12.2489
22.8157
49.5545
-1.0
52.0987
-1.0
27.6132
37.1956
31.5513
37.0449
47.3482
-1.0
43.3075
51.1507
51.5923
34.0838
31.3518
46.1213
42.2685
-1.0
29.0118
20.1503
27.4973
-1.0
-1.0
22.5728
39.3445
27.7019
-1.0
-1.0
45.9861
-1.0
42.732
42.0675
33.774
46.0985
37.2377
-1.0
39.9796
50.2647
40.827
31.6963
52.1257
39.2145
31.5325
13.5723
44.7731
43.7873
35.1883
42.4781
-1.0
19.1505
23.2466
23.8919
-1.0
27.3519
46.7622
40.68
-1.0
-1.0
38.0753
35.9318
20.2825
49.8361
44.7212
29.4363
44.4309
27.4447
-1.0
23.4482
31.2618
14.3349
42.8933
19.0102
36.4418
47.7991
-1.0
39.1372
29.7361
39.7726
25.9488
51.3383
38.9963
29.6501
40.4035
25.7525
50.2643
42.1053
24.1255
29.7331
28.7154
43.5955
-1.0
22.7141
30.7264
23.6144
34.6078
-1.0
34.239
44.135
43.3075
36.4404
-1.0
-1.0
40.6103
47.1837
41.9854
50.1204
32.3914
29.9885
29.1825
48.083
26.2503
39.859
40.6114
48.4694
40.5188
17.2373
40.477
54.8236
34.9974
41.0188
35.2863
-1.0
37.8016
40.9446
-1.0
43.5119
34.6006
28.407
32.8206
51.4772
24.9821
28.1772
28.5883
28.6058
31.0371
42.2102
20.7884
51.7945
-1.0
-1.0
29.7861
39.0077
17.3243
-1.0
20.3799
-1.0
54.1214
9.9762
-1.0
40.3933
47.4811
-1.0
38.4389
30.5881
-1.0
42.2085
-1.0
43.7917
13.4262
-1.0
35.2414
-1.0
23.3841
-1.0
-1.0
-1.0
31.7108
33.9475
-1.0
27.683
26.2104
50.8043
-1.0
46.1631
39.1964
51.3468
45.4991
41.8872
26.4787
24.4371
48.8852
39.4177
42.2135
-1.0
50.9581
15.3605
-1.0
-1.0
43.6224
46.0673
29.449
25.5424
34.2571
50.8268
30.0083
38.4115
48.026
-1.0
23.6899
18.1828
40.1914
-1.0
18.0977
31.8408
30.9699
20.2265
-1.0
44.9177
33.3389
14.2825
30.8357
23.7267
14.0907
31.5828
-1.0
28.115
-1.0
48.8442
48.3259
-1.0
38.7963
-1.0
36.1248
-1.0
43.1564
33.3532
-1.0
-1.0
-1.0
-1.0
37.375
36.0838
32.2045
37.7612
22.653
48.8355
32.67
31.8151
-1.0
21.1346
33.7222
45.5211
-1.0
45.8934
49.0952
24.3816
43.3066
39.9454
-1.0
29.7293
31.9127
32.7913
53.4141
32.2389
47.667
49.955
43.3924
45.6916
43.125
50.0615
40.6145
41.5146
-1.0
30.4858
46.484
49.1412
-1.0
32.3596
49.4202
50.7318
37.7472
26.3836
38.6911
-1.0
-1.0
18.2032
-1.0
-1.0
10.8927
36.4969
28.9737
39.2384
34.0981
28.2271
33.5341
50.077
47.3974
43.7422
-1.0
32.8942
-1.0
-1.0
30.4517
-1.0
50.4292
25.9243
-1.0
50.283
51.513
38.9104
-1.0
32.8339
39.8792
41.3545
-1.0
37.3733
51.0623
34.5412
32.5096
38.5775
47.9774
36.9215
-1.0
45.5654
-1.0
37.3572
47.1921
25.8563
22.5862
34.8247
-1.0
-1.0
44.7715
34.128
41.8572
30.6227
47.7475
27.1541
49.7589
23.669
19.7288
-1.0
35.7844
28.2019
49.215
38.5324
30.6495
-1.0
43.6646
48.2307
44.1032
50.9576
49.3251
-1.0
6.80435
35.8221
44.3965
38.5146
29.9403
5.1606
21.8447
24.3548
-1.0
25.6432
33.0669
43.336
35.7646
-1.0
34.1948
40.4511
48.9303
24.0932
24.2745
42.539
41.3615
31.6905
-1.0
42.2283
17.4574
-1.0
41.0736
43.6909
40.8202
41.6975
32.0822
51.2051
-1.0
24.381
46.6117
48.6252
-1.0
24.3418
52.2954
-1.0
42.7057
41.0536
-1.0
15.7512
20.0564
40.8646
-1.0
51.2692
48.1707
35.8899
34.6086
51.2505
-1.0
50.9609
-1.0
37.7258
45.3912
-1.0
-1.0
30.7434
31.4653
-1.0
41.3603
-1.0
50.0129
37.2859
20.3258
49.0999
-1.0
-1.0
-1.0
-1.0
40.1125
38.2065
11.9667
47.3101
28.1405
47.5807
-1.0
42.4383
20.8996
-1.0
24.4598
26.57
-1.0
48.6529
46.0061
-1.0
42.9453
31.9868
48.6501
34.1142
24.16
36.6454
37.4784
28.5832
44.8328
30.4626
25.0386
-1.0
40.9915
49.5185
39.3558
23.1509
-1.0
35.1433
33.2768
48.4687
37.9468
15.0872
44.1644
23.1499
31.5383
15.5749
21.2296
13.2992
-1.0
34.4619
32.8604
44.3983
-1.0
25.9894
27.7995
17.4147
41.0441
50.1627
52.1096
26.6599
36.693
48.3983
43.4614
9.78844
24.473
36.9144
43.694
40.6541
35.2296
-1.0
17.7968
38.7411
51.3466
35.1636
31.5526
-1.0
50.0223
21.5956
-1.0
43.6606
31.9566
44.1556
38.3059
36.9807
42.8798
-1.0
29.7428
29.5146
31.7824
42.0951
36.6744
39.1978
48.8854
47.3975
30.7355
44.1534
32.1841
51.5357
-1.0
-1.0
30.1232
-1.0
-1.0
-1.0
12.6478
22.7911
32.3328
31.5497
47.7756
-1.0
31.919
-1.0
25.3215
33.563
20.1716
11.135
42.1914
41.5772
16.6156
47.3808
-1.0
49.215
-1.0
45.1214
48.8146
35.1365
51.275
30.9103
28.7264
47.0931
33.8338
19.2692
25.8824
17.3201
24.6236
-1.0
-1.0
14.5809
31.353
-1.0
26.0764
-1.0
45.9165
44.9327
-1.0
43.2459
39.318
44.175
-1.0
20.2754
40.6342
26.3596
19.1831
48.2055
-1.0
34.195
51.4254
47.9628
-1.0
31.196
46.2489
36.1427
33.5369
-1.0
-1.0
29.3076
34.1453
46.3402
36.2361
41.688
40.1527
-1.0
43.1444
41.8469
46.3592
39.1475
-1.0
33.8277
46.7012
36.6971
44.4782
49.8488
27.4437
39.4713
32.1721
49.5334
41.5814
22.0282
42.5593
31.0582
20.6487
-1.0
19.5126
24.0678
-1.0
35.3256
51.0466
35.8554
43.6652
17.3147
42.3134
-1.0
-1.0
-1.0
35.5443
22.3026
48.1699
50.194
40.1629
39.381
19.674
49.4334
-1.0
43.2478
48.0781
23.6616
51.0704
41.2163
45.0888
-1.0
39.9612
6.45426
49.0596
45.8484
33.2716
41.2014
22.9667
-1.0
47.9309
-1.0
36.6543
41.5392
20.1617
-1.0
-1.0
25.3656
46.825
-1.0
35.8474
26.7731
31.372
28.9833
49.7231
33.8267
28.3215
47.5805
47.8804
50.7881
39.8754
45.1245
23.1891
-1.0
-1.0
43.2807
34.9431
39.5704
-1.0
35.6015
38.1143
-1.0
-1.0
48.3315
45.8901
30.3658
31.9728
-1.0
-1.0
29.4413
32.711
50.0961
32.411
34.3785
47.6237
43.5687
50.3693
44.9238
11.8905
16.4466
48.9368
40.993
31.6452
38.8676
44.3905
47.7563
21.257
-1.0
40.1881
23.9714
39.4259
27.1736
33.8831
52.1998
35.652
39.6154
-1.0
45.8269
-1.0
-1.0
-1.0
-1.0
-1.0
43.182
42.2715
-1.0
34.1663
20.8852
36.9891
19.9435
26.1998
17.4766
38.5967
33.4334
41.2082
31.5406
28.3526
51.5646
32.9935
39.605
51.3505
34.0765
49.7002
-1.0
53.0427
33.8466
40.1231
48.5844
-1.0
45.3312
44.1073
36.2613
18.3162
48.4366
25.0766
52.228
44.0267
-1.0
46.4749
20.5677
51.3491
-1.0
21.2714
22.2224
50.4055
54.0858
34.3685
48.7706
43.0319
17.744
24.8219
42.6371
15.1282
46.8039
-1.0
34.0434
-1.0
45.8371
44.4683
-1.0
43.0604
47.6395
-1.0
51.7244
-1.0
-1.0
30.5015
36.3164
48.0601
27.1143
-1.0
-1.0
-1.0
31.3188
30.7125
-1.0
19.5584
8.86004
40.4198
51.4791
40.324
42.6536
47.6927
-1.0
49.5598
37.9001
37.6723
38.8433
-1.0
45.5543
-1.0
22.2816
25.6358
31.602
-1.0
36.8792
36.8368
45.8309
50.5895
42.3154
-1.0
32.3514
17.3471
52.1654
38.9584
42.4262
-1.0
-1.0
46.2503
45.5328
30.9162
-1.0
47.1704
41.1702
-1.0
52.2662
45.3865
34.8203
41.843
20.4602
42.0001
47.4365
-1.0
32.4919
37.6823
27.4741
14.5815
38.7951
26.9319
26.7036
-1.0
38.4346
-1.0
45.4408
39.7853
50.4116
-1.0
13.97
-1.0
45.8997
48.6716
-1.0
34.0539
53.3804
42.7761
-1.0
11.747
-1.0
39.6264
20.2218
23.0048
-1.0
32.1382
37.2281
48.1049
-1.0
-1.0
-1.0
42.7238
-1.0
40.4946
36.7828
-1.0
-1.0
-1.0
-1.0
43.4064
47.6171
-1.0
40.9948
-1.0
41.1175
44.0057
33.3706
27.5817
-1.0
-1.0
-1.0
26.3244
34.9195
8.85577
50.8884
-1.0
27.0287
-1.0
31.3792
-1.0
28.8837
22.9305
41.6713
42.0936
43.7096
-1.0
44.4017
-1.0
41.224
28.3398
23.298
-1.0
48.437
-1.0
51.0495
25.8299
50.4402
38.5818
36.6448
50.3256
48.5051
31.8095
22.9599
42.0906
32.0889
46.1054
51.2148
38.1573
34.7241
41.0802
43.9933
25.0438
23.4265
33.5168
37.9164
-1.0
40.137
30.2558
20.2554
43.4165
-1.0
38.301
33.4142
30.1261
34.3866
41.8328
44.2929
30.2815
-1.0
38.3482
51.1738
45.5078
48.8602
-1.0
24.8043
-1.0
-1.0
36.6665
37.3899
-1.0
-1.0
50.4839
-1.0
39.2587
51.9447
31.9245
52.1912
33.7457
52.1034
27.8955
41.5786
10.4172
-1.0
35.039
34.9741
47.3033
-1.0
14.3009
44.913
-1.0
36.1404
37.0998
35.289
15.7214
29.8468
34.8851
-1.0
49.87
-1.0
42.2374
25.5675
50.505
37.5983
40.8071
41.0571
44.7932
48.0099
42.4097
-1.0
39.4012
36.2765
49.9701
38.005
39.1913
-1.0
10.379
42.1616
47.5464
-1.0
39.1277
-1.0
27.9172
-1.0
41.6347
42.0709
11.4646
-1.0
48.0489
-1.0
47.452
30.7505
33.751
20.8966
49.3632
34.225
-1.0
26.1391
42.9691
50.6419
40.3059
51.0819
50.0169
46.2317
48.8148
18.4591
-1.0
34.6669
13.9832
-1.0
43.4865
-1.0
45.521
20.3926
49.9387
44.2073
26.6044
47.6749
45.7691
22.6215
34.7858
31.7873
45.0993
42.2941
29.0984
-1.0
-1.0
52.2426
24.5396
38.6505
-1.0
44.3658
12.6118
16.4113
51.7889
28.4782
50.8488
32.7786
43.646
26.9929
47.8165
42.8644
51.5082
12.0269
34.6827
50.5743
25.9674
12.6134
17.8605
23.5196
-1.0
33.8887
-1.0
-1.0
-1.0
49.2487
23.0379
49.6492
36.0089
40.0782
41.2687
31.1844
26.6705
-1.0
-1.0
49.9913
27.1113
31.8601
42.5819
-1.0
21.473
37.8581
-1.0
32.3245
15.1159
26.3992
-1.0
32.229
32.9338
33.1739
-1.0
11.4753
-1.0
45.907
-1.0
42.631
35.2989
-1.0
43.6573
30.6219
39.2471
-1.0
45.73
-1.0
34.0516
29.1183
45.9775
31.4624
48.7903
20.1801
23.9112
30.2326
32.6789
47.8425
49.6602
34.4344
37.4998
27.1548
39.5133
-1.0
32.6873
10.1844
-1.0
26.1282
51.0423
22.2052
-1.0
28.0573
15.3918
20.2668
37.2402
50.5308
42.895
17.2208
-1.0
22.704
45.5271
19.9377
18.7731
41.0754
-1.0
27.7909
39.3045
30.2306
36.2045
-1.0
31.6192
47.1763
44.4337
31.6373
28.3816
46.341
43.3075
27.4937
-1.0
26.1129
-1.0
33.8831
-1.0
41.249
13.815
42.4059
42.9745
49.2037
39.5886
47.7484
39.7586
39.575
45.9044
15.0189
24.9695
46.8247
-1.0
38.3189
48.3324
43.0945
44.5227
44.202
-1.0
38.3333
44.9052
-1.0
51.5027
43.955
23.1123
42.2445
40.4277
12.8544
35.8572
44.5445
33.1174
50.0512
23.072
12.972
-1.0
46.6704
43.4517
46.6574
33.7259
35.0651
26.3163
43.9536
34.2678
-1.0
-1.0
-1.0
47.2333
25.5309
49.7768
25.7459
-1.0
-1.0
55.8251
42.6351
44.7476
40.0902
37.2349
38.224
-1.0
-1.0
29.7089
33.0087
26.5713
24.9814
43.9621
-1.0
42.9474
-1.0
38.6549
35.0761
-1.0
-1.0
31.4064
37.4418
46.6862
25.0109
20.5036
28.3264
43.5288
46.3649
24.3902
29.5139
18.4866
46.6478
44.5434
14.0751
38.8253
-1.0
-1.0
-1.0
34.3621
47.3029
51.7039
-1.0
19.7456
36.8951
41.6548
26.7074
34.5913
26.8555
-1.0
37.4706
40.4819
33.9672
-1.0
29.8884
31.0894
-1.0
40.6171
23.0324
24.9005
43.6914
35.9681
26.2775
42.2629
21.6153
49.5354
50.8405
-1.0
26.3674
-1.0
-1.0
-1.0
-1.0
-1.0
-1.0
42.724
36.7553
32.4067
50.9896
44.2766
24.0054
43.6272
49.7339
-1.0
42.2419
-1.0
40.5003
43.6461
-1.0
36.2052
42.5743
31.4891
39.3548
32.8676
16.8183
39.9929
16.8778
43.4536
17.7683
36.0812
32.0624
43.4668
25.185
24.9468
20.4912
-1.0
-1.0
37.9854
51.8023
30.1436
47.9253
51.9984
49.2313
46.2486
45.6901
-1.0
31.1852
48.6798
41.0499
35.0679
-1.0
-1.0
45.3949
45.2948
34.5294
38.3503
29.9261
45.5542
-1.0
-1.0
48.1712
17.0333
31.8914
25.7196
48.694
36.8747
46.4698
18.1649
33.5762
17.7751
39.0889
28.6076
-1.0
36.984
51.4394
-1.0
30.3778
26.8087
38.6601
22.9488
49.7793
-1.0
51.3272
23.4493
18.9517
24.263
39.8882
39.4469
16.399
38.5251
11.1409
27.51
51.9451
42.679
34.9394
-1.0
-1.0
-1.0
46.4823
30.8091
47.9713
29.674
34.8088
16.3199
27.6013
47.4851
32.1486
47.5857
-1.0
22.9106
41.4802
39.9504
29.5283
32.7871
39.079
-1.0
46.806
42.4777
-1.0
43.165
-1.0
41.7081
49.8649
-1.0
25.7225
39.3165
39.9037
26.4958
37.0665
30.0505
42.2049
46.6992
-1.0
-1.0
19.4458
52.0589
31.2657
23.6767
22.7195
39.847
50.3615
33.6582
-1.0
36.3604
41.0995
47.6398
36.9748
35.7147
-1.0
13.5575
39.7891
36.617
17.578
19.6357
31.865
39.801
-1.0
37.9753
34.9247
47.7135
50.7563
44.8664
-1.0
45.5312
41.2688
46.7631
26.8874
48.8482
-1.0
47.5725
43.2157
-1.0
41.3319
39.3495
-1.0
46.2079
19.8954
27.3807
39.0273
-1.0
-1.0
41.7232
47.9907
47.0457
51.4109
-1.0
-1.0
49.749
39.598
51.3262
14.6202
33.1975
51.2518
49.9423
32.88
-1.0
25.4133
19.2972
27.9577
-1.0
47.8312
37.8263
47.9896
-1.0
33.7097
18.0281
48.082
37.9619
26.0924
-1.0
39.921
29.0189
17.8779
47.2742
41.5053
47.5395
48.4612
-1.0
-1.0
38.1971
26.0234
49.052
-1.0
-1.0
46.4795
29.887
32.0881
48.9359
-1.0
24.8349
34.3839
32.5898
35.3262
31.8349
46.6766
33.382
37.8147
44.3617
18.4931
20.3956
35.6727
37.6408
34.9204
37.9531
22.8592
-1.0
45.8597
31.8255
-1.0
30.5289
29.3646
18.9048
39.6049
46.5878
12.7855
47.3414
25.4606
19.9313
27.7114
-1.0
19.6817
38.178
37.601
42.2742
30.7755
50.4946
35.104
48.5328
16.5836
40.6521
40.773
32.4153
41.3031
46.7321
-1.0
-1.0
39.0411
43.3804
49.3741
42.9269
41.3844
-1.0
38.3911
42.6961
28.0573
51.4419
42.562
-1.0
-1.0
-1.0
39.4266
34.1779
53.6349
40.7817
47.8982
24.9646
34.6094
19.0143
50.5972
45.3502
-1.0
41.5863
42.0424
43.6686
20.189
39.3961
19.5606
29.8303
19.1884
38.6818
48.4708
16.242
46.7629
47.8789
13.4326
37.4688
52.2301
29.3309
-1.0
18.9261
49.6814
38.5174
19.9487
49.6452
47.253
-1.0
24.6396
29.6805
47.9663
46.6019
17.2882
33.572
23.0298
40.7543
15.5868
37.1011
24.3742
29.947
29.5632
-1.0
41.6819
37.6985
36.9482
47.8356
35.318
35.2984
-1.0
37.3512
20.2819
42.646
32.6871
50.7213
-1.0
-1.0
-1.0
-1.0
-1.0
-1.0
49.7968
43.7817
36.4859
33.819
-1.0
-1.0
-1.0
-1.0
24.3298
29.1346
45.3556
48.9248
48.7506
40.0548
8.44328
-1.0
44.0445
-1.0
-1.0
33.1885
27.848
17.108
42.4826
-1.0
32.5179
27.8758
36.6415
46.8583
-1.0
27.2288
-1.0
46.837
26.7467
26.9846
-1.0
43.1025
-1.0
38.673
-1.0
51.5662
32.8595
46.0016
40.4112
47.1362
48.231
51.7986
-1.0
42.6618
36.5596
-1.0
39.3494
38.6297
-1.0
16.3273
33.5588
50.5305
20.36
46.8893
26.6151
29.6409
27.7631
49.9585
11.8547
29.4348
40.2544
32.0267
-1.0
41.4058
-1.0
41.3955
45.0356
25.852
45.4564
42.9734
-1.0
47.1943
-1.0
40.2437
39.708
10.9991
29.511
46.345
40.2158
13.4374
38.6524
25.8532
32.8047
40.3664
12.5288
33.1604
-1.0
-1.0
28.529
41.8242
39.8272
38.6883
-1.0
33.592
49.9573
49.3754
31.3396
46.7775
17.5946
39.3398
26.4228
48.2543
22.226
42.2941
37.8
-1.0
41.8878
43.7005
39.4725
44.4548
-1.0
-1.0
-1.0
41.7091
39.2019
20.7037
-1.0
40.6042
48.0575
-1.0
30.1205
41.597
38.2424
38.3387
36.6338
22.5806
35.4999
-1.0
41.3739
14.0687
40.9454
29.6812
-1.0
50.1765
10.7326
33.902
-1.0
-1.0
50.6445
45.3777
33.5192
-1.0
24.4286
49.498
35.516
34.8099
43.3142
21.412
41.3331
50.1196
51.6644
-1.0
50.8966
37.6128
48.6289
-1.0
50.9823
22.0794
10.0562
50.1833
41.4535
35.6368
50.6794
29.9069
18.1794
37.3915
37.5983
35.7091
-1.0
32.203
-1.0
40.946
-1.0
-1.0
26.2244
31.6175
-1.0
29.3285
41.5814
-1.0
15.7353
-1.0
22.9233
39.4913
-1.0
-1.0
23.0966
-1.0
-1.0
49.8283
48.9611
46.1651
49.5218
-1.0
38.912
43.6231
24.0217
-1.0
-1.0
51.8676
34.8001
37.7921
31.6438
21.0257
-1.0
22.3907
49.0775
-1.0
41.5282
21.1519
49.0674
45.298
43.1113
-1.0
36.7889
-1.0
40.5333
50.6723
13.4579
-1.0
35.1783
42.4902
-1.0
48.9893
51.6211
51.3999
24.0646
-1.0
27.3865
37.6703
27.9457
40.5126
28.992
44.3552
50.2087
44.0466
38.4657
32.1044
48.5179
-1.0
31.7102
51.1575
7.58064
25.7918
36.4211
41.9497
37.237
13.9541
46.6789
51.8213
24.9487
49.9026
34.7364
46.9865
44.0747
23.0918
45.8293
43.3997
28.5538
29.1796
31.2013
51.8394
37.553
25.8842
21.9112
50.1003
-1.0
24.5653
-1.0
48.8127
-1.0
-1.0
50.4572
43.041
-1.0
33.158
42.0349
47.3131
21.1653
35.1218
-1.0
33.7664
27.838
35.3904
48.1992
19.734
22.5011
41.5702
32.3477
33.8929
-1.0
40.6403
-1.0
27.7133
-1.0
42.7276
18.4597
-1.0
41.0721
-1.0
32.5762
-1.0
26.5153
49.5754
32.3241
34.4303
47.9864
46.7082
10.7486
-1.0
25.8563
33.6136
42.5725
18.2082
30.6116
-1.0
49.8498
40.1328
29.6745
38.1178
49.8933
51.9603
43.4588
25.9383
47.0345
31.7122
48.8215
-1.0
35.4417
42.4422
45.8536
-1.0
25.0452
47.2667
-1.0
44.587
39.5055
22.8802
47.3657
37.6542
43.6865
-1.0
14.478
52.144
-1.0
50.885
-1.0
47.4668
-1.0
11.9215
35.9459
-1.0
-1.0
-1.0
16.2412
32.858
46.6177
39.1579
34.5573
-1.0
48.5834
45.3018
20.186
32.9816
41.0008
-1.0
-1.0
45.6528
-1.0
37.8819
36.321
40.7169
45.3956
32.0856
40.0892
-1.0
-1.0
40.887
35.1149
40.0411
33.2928
48.1715
29.5522
30.5706
39.1639
44.6768
35.2211
38.5948
29.9553
47.0186
25.5609
33.6832
51.2194
38.2563
23.3466
-1.0
37.7144
-1.0
35.085
30.1694
19.0829
30.6982
47.8001
-1.0
48.2791
20.7213
-1.0
34.5424
49.9686
47.5054
49.424
40.3077
24.682
33.8482
-1.0
43.9259
50.7857
41.0284
50.1157
39.4094
45.7257
30.9296
23.8128
46.5239
15.452
47.6481
51.8103
33.3494
43.6545
48.1757
40.549
-1.0
50.951
46.0478
39.9573
51.3948
17.0199
-1.0
50.1506
21.6594
33.8757
-1.0
30.52
-1.0
46.9674
37.7785
51.7304
28.1524
22.7447
-1.0
9.74364
47.6431
40.164
-1.0
26.5794
42.0182
39.3737
24.8029
33.6854
25.1257
33.1729
37.6498
35.8141
-1.0
21.2182
33.9111
51.5926
-1.0
50.5435
-1.0
-1.0
-1.0
-1.0
44.1697
51.1594
42.7834
33.4757
47.5961
-1.0
43.7829
-1.0
35.8112
14.6606
28.5095
46.7086
37.3846
-1.0
37.7017
47.265
-1.0
48.1149
42.1523
29.5642
-1.0
23.7284
12.6914
43.9272
37.3113
33.1804
34.7009
52.3044
41.3969
24.149
50.7301
46.9273
37.5937
19.8607
48.1691
41.9344
-1.0
20.4922
43.6682
23.6684
39.3878
30.0311
47.7205
24.6053
48.1039
38.0412
38.9119
29.0261
47.9397
42.99
-1.0
31.1158
19.9987
49.2314
18.8592
42.6937
-1.0
43.0333
-1.0
40.8712
40.914
41.7712
-1.0
19.6942
11.8385
-1.0
22.6805
-1.0
39.6465
32.2682
36.5705
35.6076
-1.0
22.283
51.5216
42.9382
31.1654
33.8047
40.9828
51.5282
45.9095
42.3926
-1.0
44.4936
42.8902
-1.0
39.9625
41.6447
51.6919
-1.0
-1.0
39.1845
19.2872
21.0837
45.653
42.0727
-1.0
47.0293
-1.0
27.7637
50.0089
28.4733
43.0462
26.0589
-1.0
-1.0
43.0
38.9602
39.8281
40.7515
38.0072
-1.0
-1.0
47.7888
23.3697
50.8294
-1.0
48.7755
32.609
-1.0
44.6736
38.3805
23.028
45.3141
16.5073
41.3801
-1.0
-1.0
44.823
47.4001
38.023
31.6492
51.6505
45.1957
37.4165
46.2912
45.6037
50.6674
51.1304
23.501
37.415
-1.0
52.4997
27.0882
46.9724
39.908
27.565
33.3901
34.9345
44.3872
-1.0
43.8985
42.952
45.2145
43.81
37.5158
30.0058
54.8492
33.0406
32.371
48.7373
41.4219
-1.0
32.532
42.802
46.1541
47.7282
38.4279
-1.0
46.4762
46.8052
50.3998
53.7089
44.3081
37.1862
37.6973
-1.0
-1.0
51.7085
33.399
35.376
26.8442
27.4914
48.9294
41.4112
26.9213
-1.0
40.3144
46.2771
50.8506
51.5226
14.9697
47.81
-1.0
37.8448
24.5061
26.4794
29.328
51.6853
28.8141
49.7403
-1.0
46.2187
40.2916
-1.0
-1.0
52.1003
31.5417
15.639
32.0647
48.9403
-1.0
47.5735
38.096
50.618
33.2948
48.1604
44.4888
31.6869
18.8105
-1.0
48.8534
-1.0
33.1629
39.492
45.1834
-1.0
51.7889
33.6117
40.0668
21.7596
37.7645
25.4644
43.298
39.8242
51.5842
6.24458
40.7343
20.3101
48.232
26.9218
8.36389
-1.0
28.3435
49.5788
40.3914
-1.0
43.0858
44.4007
18.4375
-1.0
25.1571
38.1706
-1.0
41.743
42.6934
20.3673
32.3634
22.016
25.0856
-1.0
45.6147
-1.0
26.8082
43.4182
51.6992
49.8354
-1.0
14.1789
-1.0
26.3365
-1.0
50.8029
25.9959
-1.0
49.6305
26.5863
25.192
48.8848
-1.0
43.2106
50.1296
42.0329
41.9431
37.9318
-1.0
43.7873
23.2604
48.6317
28.773
32.3714
39.4537
22.4735
49.6562
30.8341
12.7819
39.657
48.1846
22.195
21.2439
47.2419
42.397
36.3093
-1.0
-1.0
49.8776
45.2325
32.1053
44.9093
40.8998
48.8657
44.156
38.4753
40.018
49.0313
19.3996
35.3263
32.5451
-1.0
30.0771
-1.0
46.0708
43.6325
38.7752
39.2333
45.0883
38.7126
-1.0
28.3703
26.0736
36.9999
-1.0
45.3955
-1.0
-1.0
19.2805
51.7991
15.4607
34.9446
41.9977
43.1522
41.9549
39.7783
27.1234
28.8859
14.4247
44.4111
45.504
28.2358
48.1041
36.1928
26.1747
44.8258
37.8815
25.1653
23.6532
32.0924
41.0086
41.934
25.652
-1.0
45.4955
-1.0
37.3951
18.51
24.8378
35.0932
-1.0
35.3517
36.8297
39.2198
46.6849
45.944
-1.0
15.5577
26.3992
-1.0
43.2056
40.0553
-1.0
-1.0
36.611
31.0159
44.6041
39.7189
43.0192
36.9019
-1.0
46.075
47.5007
33.5935
-1.0
25.9894
46.4442
42.4557
-1.0
26.0289
49.2313
36.1815
49.1287
-1.0
-1.0
35.7333
-1.0
-1.0
50.2174
37.1843
48.4587
-1.0
48.3951
45.8151
48.2133
22.5386
47.3942
40.6319
20.7216
34.8452
-1.0
-1.0
54.7818
48.68
-1.0
-1.0
32.9446
-1.0
34.0276
23.8472
19.1073
44.7787
49.4946
24.3761
-1.0
49.4213
34.2499
50.8714
-1.0
-1.0
-1.0
20.2587
-1.0
20.8659
-1.0
-1.0
36.968
12.4385
49.3951
-1.0
42.9993
27.8425
51.502
-1.0
51.8762
39.6397
46.9306
21.5604
44.8129
41.38
-1.0
-1.0
50.5538
25.5325
25.4409
51.6744
37.8982
35.2033
38.862
49.2716
46.5401
35.3689
-1.0
49.5312
39.1419
51.5547
31.5088
-1.0
50.2421
41.1575
50.903
28.8208
14.8043
49.336
42.1835
-1.0
-1.0
-1.0
32.4638
26.4388
30.7087
38.9631
44.304
13.2503
-1.0
-1.0
34.1369
29.4566
16.6996
41.7776
20.531
-1.0
39.8165
45.675
19.1449
22.2323
37.3246
17.3362
21.2251
35.1234
48.6413
36.1931
26.3366
45.715
27.4408
18.6572
25.6529
-1.0
27.627
11.1456
-1.0
24.2556
50.5032
-1.0
50.8619
-1.0
-1.0
-1.0
-1.0
35.5334
51.1211
17.1288
33.0142
16.2218
25.1463
18.2032
47.4041
44.8871
-1.0
38.7258
51.6712
23.5638
31.307
51.3209
-1.0
-1.0
-1.0
48.4271
29.6308
42.6627
38.9388
40.5317
-1.0
-1.0
45.9433
40.268
-1.0
48.4684
-1.0
42.8137
45.3892
25.1274
35.7841
38.091
-1.0
28.9791
35.904
-1.0
51.0315
30.9069
38.1899
27.0503
45.2602
30.588
-1.0
41.0613
47.419
25.7026
29.0818
33.8437
45.4641
31.8743
13.0252
43.1187
34.9333
41.3598
-1.0
50.2817
46.7117
48.6349
20.186
32.3726
28.9762
26.8199
-1.0
-1.0
42.653
43.8606
-1.0
17.0831
41.7541
55.8508
42.721
50.7968
17.8725
-1.0
44.0236
36.1658
51.9381
48.6142
-1.0
-1.0
26.6123
48.8582
46.8208
46.4772
49.6703
48.3718
42.5189
34.9707
40.6621
43.1221
43.7535
47.8906
47.1695
48.6962
-1.0
15.8418
44.3039
-1.0
-1.0
48.8797
-1.0
-1.0
51.436
30.4659
52.1469
-1.0
46.9729
32.9568
15.656
49.0389
27.8311
23.8928
41.4129
55.035
27.0318
-1.0
51.5662
48.6604
-1.0
32.3772
-1.0
19.7423
17.0499
32.6421
31.9168
-1.0
-1.0
42.4703
-1.0
18.1835
36.021
44.4594
32.836
-1.0
51.9564
-1.0
43.9657
-1.0
-1.0
-1.0
16.3463
32.8378
21.3478
-1.0
36.6024
44.5754
18.2734
26.1036
-1.0
-1.0
45.0781
38.5856
-1.0
35.5893
48.628
41.16
13.4167
14.0744
33.6161
-1.0
-1.0
41.95
28.9731
38.2175
39.0865
42.2678
35.6523
47.9666
47.6543
-1.0
20.2754
49.6987
45.9933
38.0348
-1.0
31.7885
29.6518
25.0931
43.2488
51.9504
47.4212
42.2636
39.2441
26.2292
50.7106
-1.0
-1.0
50.7455
49.4392
36.7347
35.7268
12.4713
32.5074
27.2716
29.82
-1.0
49.471
33.8417
45.79
36.0048
20.1881
21.371
32.4392
35.0408
42.9137
29.8051
40.2622
39.407
49.9387
30.269
40.6077
26.3115
25.5435
45.0933
47.4869
44.4326
27.0497
-1.0
47.2887
-1.0
-1.0
51.0971
-1.0
13.8432
-1.0
36.3628
45.3629
20.5868
-1.0
20.3192
15.5042
-1.0
28.2071
22.0916
-1.0
30.2875
39.7668
7.4615
41.2434
43.8454
-1.0
46.5989
-1.0
-1.0
48.1687
-1.0
34.9445
39.6209
52.1911
-1.0
25.5087
37.9093
23.6673
-1.0
39.9156
-1.0
-1.0
-1.0
43.2024
-1.0
32.5881
42.9596
41.0051
-1.0
50.2117
-1.0
43.7958
24.8992
44.739
47.2973
51.3669
9.86445
44.131
-1.0
38.0643
35.7063
30.0813
29.1614
29.3723
28.275
23.4107
48.541
27.0298
48.6388
19.2361
26.9556
28.0243
-1.0
19.4687
22.7111
29.4887
19.0835
52.4273
29.5819
30.4196
41.2631
-1.0
44.9074
-1.0
24.9181
45.6689
-1.0
51.9308
49.2124
34.302
35.2457
48.6207
45.035
-1.0
32.356
49.7949
39.1813
50.9193
42.4625
34.4924
38.8101
42.4388
20.7034
-1.0
26.797
25.8769
41.106
37.2865
46.0664
39.0224
42.7558
40.2592
39.6363
27.753
23.9645
40.0761
50.6184
45.3188
-1.0
47.0598
21.5835
41.7275
47.4599
48.0729
47.8585
-1.0
46.5435
49.9909
45.5874
28.9733
-1.0
52.1512
38.3212
-1.0
32.299
45.0984
-1.0
-1.0
36.4561
42.61
39.3439
37.7912
50.892
15.9538
50.4045
51.4064
-1.0
-1.0
-1.0
39.4197
21.9384
18.2372
-1.0
41.4208
37.1265
48.2461
-1.0
-1.0
33.2826
-1.0
40.5602
37.5499
50.3183
18.0454
-1.0
-1.0
37.4525
44.1543
24.6444
-1.0
33.6555
41.2836
39.9152
23.1764
40.0405
44.0141
42.2913
36.944
38.0499
50.0378
38.2392
11.1928
34.006
45.4926
26.212
-1.0
39.0668
27.5292
47.9555
-1.0
24.1698
50.0137
-1.0
-1.0
-1.0
29.2866
29.5266
34.8212
-1.0
33.2339
16.1945
24.4544
41.3507
31.2395
22.3741
39.0639
30.5927
30.9693
41.5138
27.5998
20.58
40.0141
-1.0
7.43515
45.9481
13.9245
47.2118
23.0627
-1.0
36.6634
37.7679
32.2738
34.8989
50.618
19.3996
43.8282
41.8628
34.8303
49.0558
-1.0
36.4924
33.5169
35.3171
16.7197
43.2056
-1.0
21.067
37.2371
50.4306
-1.0
-1.0
-1.0
49.3913
-1.0
36.9472
23.924
42.6391
28.4195
-1.0
-1.0
-1.0
11.1677
41.4834
46.2386
37.2398
15.4055
46.3372
-1.0
46.2281
-1.0
24.9511
45.0496
-1.0
-1.0
31.9954
19.2302
23.6404
34.2318
15.5771
-1.0
-1.0
17.6896
-1.0
44.635
48.3321
34.1137
54.5231
46.9589
44.997
34.1756
17.6375
-1.0
34.4206
34.3693
51.1446
30.8511
40.46
-1.0
41.0314
28.7814
41.2458
40.5452
49.929
-1.0
51.2502
-1.0
26.9617
-1.0
26.7288
44.2065
-1.0
38.8018
-1.0
41.7264
38.7393
10.7248
-1.0
28.8437
19.0212
43.758
51.247
27.8661
-1.0
41.6227
47.6529
29.2943
33.0365
-1.0
45.4299
48.641
32.7615
32.8677
39.7251
29.5179
-1.0
37.6004
29.0619
-1.0
33.048
40.6032
51.8657
-1.0
-1.0
43.9626
-1.0
-1.0
15.4113
45.3519
48.9889
50.1846
-1.0
23.7682
37.3565
37.4542
45.1803
36.161
-1.0
-1.0
50.2957
40.8473
14.6884
30.6627
17.8965
45.6501
-1.0
38.9873
32.0444
15.4617
17.0562
-1.0
-1.0
42.2315
-1.0
20.6151
37.9757
50.1111
-1.0
41.7553
31.8033
33.1497
45.178
33.3593
-1.0
39.4312
54.1827
22.8831
41.8054
37.2082
39.1766
42.2637
-1.0
32.3669
-1.0
-1.0
34.1155
48.6293
50.0007
22.1011
-1.0
22.3033
-1.0
48.1868
33.9823
35.688
37.3902
50.5478
26.0216
-1.0
42.9398
41.677
30.5803
-1.0
-1.0
51.4084
39.155
30.0425
23.0878
26.8584
30.1648
38.1922
40.7455
39.8448
45.6738
46.8748
51.6016
28.6175
-1.0
-1.0
26.5421
28.3373
31.9184
43.6179
35.7179
50.6784
47.387
37.7551
-1.0
34.8812
-1.0
-1.0
51.5027
-1.0
-1.0
40.7938
-1.0
39.1574
42.5788
48.2124
12.8284
41.9038
39.9922
35.0854
43.4794
-1.0
31.479
26.4055
9.49453
48.7695
20.3251
29.8826
35.5344
26.731
30.815
40.738
49.3557
-1.0
37.2745
36.4352
7.53848
48.4926
-1.0
-1.0
48.4465
44.6519
45.1259
29.3173
-1.0
-1.0
37.2615
28.9393
42.0832
-1.0
27.876
38.0773
33.7567
51.8338
-1.0
27.0187
23.4871
47.2996
39.833
43.8926
40.3271
21.3192
23.0226
48.9382
46.4944
51.0155
41.3242
-1.0
31.6668
41.8702
48.1693
-1.0
37.9613
55.6767
35.3499
27.3456
33.4034
46.5872
45.8813
41.6153
47.6069
53.429
17.1751
31.4109
29.4359
33.5282
-1.0
-1.0
41.016
42.163
23.5588
-1.0
39.6763
-1.0
-1.0
22.3475
-1.0
-1.0
32.0215
34.244
-1.0
39.1153
36.7428
28.7787
49.3574
25.6834
-1.0
31.9654
39.3562
48.1577
38.5093
37.4605
46.6714
30.2228
20.8491
43.4432
48.1714
26.1515
43.3291
26.2006
-1.0
49.7251
36.8496
49.215
-1.0
48.34
18.1846
49.947
46.2276
26.5758
-1.0
46.4269
31.9651
-1.0
23.8136
44.8938
51.5254
46.1075
30.5656
35.6939
-1.0
-1.0
44.3396
37.3208
43.2438
43.8838
24.6725
20.3119
44.7011
-1.0
43.2752
-1.0
28.9574
39.5273
49.0896
-1.0
-1.0
27.8744
46.7816
50.2597
28.8444
37.2616
28.9906
-1.0
-1.0
45.4306
-1.0
31.4474
-1.0
24.5449
43.3508
25.893
-1.0
47.3071
43.6444
52.131
42.2958
25.2481
38.6724
-1.0
38.8965
-1.0
41.0462
-1.0
21.7241
50.5889
47.0631
49.3362
49.6443
-1.0
-1.0
23.707
27.9227
-1.0
28.9731
-1.0
27.5454
42.5468
50.7751
-1.0
46.5634
-1.0
21.6037
31.0486
35.742
-1.0
-1.0
27.038
41.2155
47.5352
15.0079
-1.0
50.1258
26.9313
36.2344
43.6829
44.699
22.7362
42.5126
-1.0
25.942
-1.0
42.7067
35.5373
47.0363
36.1758
46.5716
20.7436
33.1423
10.2272
45.2617
32.6306
35.7868
48.4027
45.9514
21.7602
32.6719
39.6267
35.2246
31.1466
26.6954
6.89726
-1.0
-1.0
-1.0
-1.0
47.2183
42.7878
36.0962
49.3516
29.317
18.1053
41.3308
33.5615
-1.0
35.9597
-1.0
36.9738
48.7919
49.654
24.2207
-1.0
37.1427
26.2612
13.171
-1.0
40.5915
44.8457
36.4214
17.336
52.3098
39.393
51.9264
30.5417
44.9177
43.2913
-1.0
-1.0
40.7618
51.8389
-1.0
44.9313
28.6135
34.6131
10.1328
32.8968
34.5457
-1.0
46.0767
26.6773
38.3101
50.6931
-1.0
15.0693
36.1078
-1.0
-1.0
-1.0
51.9035
36.5634
37.6704
-1.0
47.968
36.8433
43.143
49.1561
25.9866
21.7892
47.4998
-1.0
27.9804
51.1055
41.9539
-1.0
44.1027
41.6755
39.1648
47.7656
38.5325
21.8683
22.9064
46.8258
51.8003
27.7646
25.9789
-1.0
24.7961
21.3413
-1.0
50.8195
32.7528
43.0304
20.0561
36.4295
19.0444
-1.0
22.0686
28.1315
45.8605
29.578
49.1304
-1.0
26.1303
30.7971
40.0157
27.7027
46.0585
34.7229
49.818
47.5966
40.2356
51.6166
25.1534
-1.0
34.6399
41.4799
32.1213
37.699
-1.0
29.2792
28.5352
40.3471
37.9327
37.3921
49.4829
47.8311
41.966
42.6004
36.8885
33.9097
40.0573
-1.0
-1.0
23.6451
37.6956
25.2632
21.8194
-1.0
39.7099
28.4743
21.0535
-1.0
45.6208
33.8364
-1.0
-1.0
42.7223
29.751
38.942
18.9105
43.9582
39.9565
-1.0
42.6805
42.1045
34.9673
29.0238
51.5409
-1.0
26.6345
40.2689
52.3153
36.7196
47.8428
-1.0
25.2817
33.1706
32.3009
27.7543
46.4496
45.802
39.8695
31.1893
40.9349
36.6725
42.7554
22.8821
36.9541
49.037
35.5873
23.8811
37.8579
44.4333
27.2778
-1.0
7.04112
51.0622
28.9731
26.9548
48.1317
31.4884
-1.0
12.5802
22.054
-1.0
21.8402
44.5634
-1.0
25.7748
40.2583
18.6416
40.3411
20.2487
35.7818
33.141
37.4655
34.2902
-1.0
-1.0
35.8236
-1.0
33.4686
-1.0
-1.0
-1.0
-1.0
48.685
51.2685
49.5002
28.7152
13.3958
-1.0
19.9835
51.4068
-1.0
8.32462
26.9078
23.0077
-1.0
-1.0
48.903
44.1862
45.5447
47.0508
49.6838
-1.0
26.8895
20.2515
35.9628
41.6857
27.7241
43.9346
-1.0
-1.0
-1.0
38.6371
-1.0
51.3819
24.2753
43.6501
41.4385
32.154
36.0215
47.5899
17.1979
36.794
30.3531
33.7429
20.7875
34.51
36.4212
-1.0
33.0845
18.1919
44.5936
35.5686
-1.0
31.5434
29.1628
42.2416
46.7645
28.6455
-1.0
-1.0
38.3633
41.3062
24.1538
-1.0
19.5948
19.8689
-1.0
39.3782
38.7913
47.2768
-1.0
18.6624
51.5065
27.8253
20.9143
47.6182
-1.0
44.2151
-1.0
40.992
-1.0
16.3243
24.3082
23.2572
23.1196
36.1821
-1.0
45.333
25.5761
22.6201
-1.0
42.5321
-1.0
-1.0
13.3803
30.3079
-1.0
33.4227
20.1499
-1.0
39.6649
40.2522
-1.0
45.3536
32.9123
29.7462
40.225
29.6391
-1.0
23.9472
49.1612
37.8425
48.8552
34.7834
27.5242
28.7421
19.9956
32.4029
42.3201
43.8539
30.3678
27.6557
47.6034
46.9783
45.6544
19.7217
30.4157
43.6852
12.7164
39.4933
33.3012
-1.0
52.1932
44.9127
-1.0
29.2828
39.5139
46.4091
17.992
39.1552
29.591
33.5328
31.2378
35.524
-1.0
49.166
30.4244
25.9924
-1.0
21.805
-1.0
24.4734
31.2126
37.9368
-1.0
39.3346
-1.0
29.5676
-1.0
36.0414
48.8552
20.3637
49.8529
32.4765
-1.0
50.5053
47.0652
29.3189
43.2559
32.3696
18.4513
42.9443
48.8234
33.1216
47.6878
49.4882
-1.0
37.2769
35.7218
41.4096
-1.0
-1.0
45.378
45.6588
46.795
18.4081
50.4247
-1.0
-1.0
29.2944
40.8782
50.1264
40.5301
44.1086
-1.0
34.683
-1.0
50.5379
22.1684
35.1229
45.9792
33.5109
27.411
21.3868
-1.0
28.5397
54.2833
52.0293
23.1614
45.8432
-1.0
32.8236
46.8382
32.08
45.5883
-1.0
-1.0
55.0867
-1.0
37.2746
45.8985
-1.0
22.7772
20.239
14.2475
51.2957
40.0338
22.185
-1.0
36.5014
27.357
36.6533
43.819
-1.0
-1.0
42.8757
38.7231
49.7111
-1.0
-1.0
45.928
34.3772
37.5278
45.5242
-1.0
7.96011
-1.0
43.9524
34.9306
44.0638
37.2595
51.5277
42.8459
-1.0
27.4256
50.3882
47.8622
34.4375
-1.0
49.9713
30.1148
16.4528
-1.0
45.5162
38.5784
36.1542
28.613
38.1667
51.2566
46.5489
44.4777
38.8517
12.6821
35.6573
-1.0
27.6056
34.9941
47.9969
46.677
50.2406
18.7958
36.2741
-1.0
44.5455
-1.0
17.2142
-1.0
45.2385
43.5293
46.9283
29.3209
-1.0
-1.0
-1.0
51.9053
35.5773
-1.0
-1.0
44.1843
49.8116
20.554
-1.0
38.6938
36.021
-1.0
49.1489
43.4461
18.1322
27.6033
51.4918
47.9708
-1.0
25.2931
29.9731
47.9063
15.748
-1.0
14.211
-1.0
31.4891
30.6943
36.25
51.0087
48.4571
-1.0
24.7162
45.1294
-1.0
25.9228
-1.0
42.1218
42.6514
-1.0
50.6546
-1.0
48.518
50.805
14.2464
14.7248
35.4741
50.7659
36.5394
-1.0
-1.0
47.6386
31.5611
43.7298
24.2276
35.6014
-1.0
33.2977
-1.0
49.6782
39.6811
22.4033
46.625
51.6658
30.8278
38.4878
18.754
39.6748
23.2022
-1.0
52.168
42.894
-1.0
-1.0
34.6625
38.8102
