4
5
8
13
30
39
52
53
58
59
63
76
84
90
97
98
99
108
109
109
110
110
113
115
119
119
120
139
148
156
157
158
159
159
171
172
178
179
180
181
185
190
191
198
198
201
218
226
254
276
277
281
285
286
305
307
309
310
342
344
345
346
346
360
367
389
390
403
427
432
441
453
461
473
484
510
511
513
514
530
532
532
533
533
557
558
559
559
564
565
571
571
575
587
597
599
600
601
627
639
648
653
658
662
665
668
675
704
706
714
737
745
745
746
754
760
763
767
768
770
773
780
782
786
786
788
790
790
793
794
800
801
803
818
823
823
828
829
830
832
832
834
834
852
854
867
867
868
871
876
878
879
886
890
896
897
908
909
912
917
920
924
930
932
965
965
975
978
982
983
983
1001
1002
1005
1016
1017
1025
1027
1027
1030
1037
1040
1045
1049
1051
1052
1055
1077
1080
1087
1089
1093
1096
1096
1102
1108
1112
1115
1116
1116
1120
1120
1123
1144
1148
1150
1152
1155
1158
1165
1167
1174
1176
1184
1186
1212
1215
1215
1224
1226
1226
1228
1231
1231
1231
1255
1256
1256
1267
1270
1277
1285
1288
1314
1323
1326
1332
1338
1342
1348
1348
1351
1351
1353
1367
1374
1378
1395
1402
1402
1404
1405
1409
1414
1426
1455
1459
1469
1472
1479
1480
1496
1497
1497
1505
1512
1513
1514
1541
1543
1567
1571
1575
1575
1577
1588
1588
1592
1604
1614
1617
1622
1623
1629
1630
1634
1634
1635
1637
1640
1641
1643
1647
1649
1663
1665
1668
1687
1689
1699
1701
1704
1708
1709
1710
1711
1716
1719
1775
1786
1790
1813
1814
1815
1836
1838
1840
1901
1902
1904
1907
1910
1910
1913
1914
1919
1921
1921
1923
1931
1934
1935
1956
1963
1964
1968
1974
1996
2002
2009
2010
2021
2024
2063
2064
2082
2082
2082
2084
2088
2090
2095
2098
2102
2104
2126
2130
2137
2145
2151
2155
2157
2165
2166
2190
2191
2203
2203
2210
2217
2219
2223
2232
2232
2233
2236
2242
2245
2247
2254
2254
2269
2275
2289
2292
2309
2321
2324
2328
2340
2358
2360
2364
2364
2373
2376
2400
2402
2418
2421
2423
2436
2441
2446
2454
2454
2470
2472
2477
2483
2487
2487
2490
2500
2501
2503
2509
2514
2516
2518
2527
2529
2537
2551
2553
2557
2569
2571
2574
2581
2589
2592
2602
2603
2603
2605
2606
2607
2610
2644
2646
2647
2649
2657
2658
2660
2671
2675
2679
2680
2688
2691
2696
2699
2700
2702
2702
2703
2703
2721
2722
2732
2737
2740
2741
2748
2750
2761
2761
2763
2769
2781
2781
2782
2784
2785
2786
2787
2790
2794
2794
2802
2806
2815
2822
2823
2826
2826
2830
2835
2840
2840
2841
2841
2844
2844
2845
2850
2852
2867
2868
2895
2896
2906
2911
2913
2915
2919
2925
2925
2952
2959
2961
2991
3013
3014
3025
3031
3034
3038
3039
3040
3061
3097
3101
3103
3123
3128
3130
3132
3143
3182
3183
3194
3195
3200
3201
3212
3222
3226
3237
3238
3242
3250
3257
3274
3276
3277
3278
3280
3286
3330
3331
3350
3353
3357
3389
3390
3422
3428
3431
3440
3447
3447
3448
3450
3456
3459
3460
3465
3465
3468
3469
3469
3473
3481
3492
3504
3504
3505
3509
3509
3515
3516
3518
3524
3524
3530
3534
3540
3540
3546
3556
3559
3559
3567
3573
3573
3577
3580
3588
3596
3597
3601
3601
3606
3606
3618
3623
3623
3629
3630
3659
3662
3664
3667
3687
3703
3704
3705
3706
3710
3714
3714
3716
3718
3730
3737
3741
3744
3754
3755
3756
3758
3768
3772
3773
3773
3784
3786
3794
3795
3798
3799
3809
3861
3864
3867
3868
3868
3869
3871
3875
3879
3909
3916
3916
3917
3918
3922
3923
3924
3932
3935
3936
3937
3937
3946
3948
3949
3951
3957
3957
3958
3962
3963
3964
3978
3984
3997
3998
4003
4005
4033
4050
4052
4056
4059
4062
4063
4065
4070
4070
4075
4075
4079
4079
4082
4087
4087
4103
4116
4122
4124
4125
4143
4148
4157
4158
4164
4191
4195
4197
4197
4198
4206
4208
4210
4212
4214
4224
4228
4230
4244
4247
4248
4250
4264
4265
4297
4300
4304
4310
4317
4317
4317
4344
4352
4357
4358
4359
4371
4371
4372
4413
4414
4416
4426
4429
4429
4445
4447
4450
4454
4457
4466
4473
4476
4481
4490
4493
4494
4495
4496
4532
4532
4540
4542
4543
4552
4557
4557
4566
4568
4585
4587
4590
4591
4594
4594
4597
4600
4601
4610
4613
4617
4618
4618
4623
4627
4630
4646
4660
4669
4704
4721
4726
4755
4765
4766
4767
4776
4783
4785
4800
4801
4812
4838
4840
4849
4851
4853
4856
4858
4862
4876
4880
4883
4885
4887
4887
4896
4898
4913
4916
4928
4935
4937
4948
4949
4953
4975
4979
4986
4990
5003
5003
5005
5007
5009
5020
5032
5033
5056
5062
5065
5067
5070
5075
5077
5082
5083
5104
5105
5113
5129
5129
5170
5175
5180
5181
5186
5192
5193
5200
5206
5207
5209
5210
5212
5217
5225
5228
5230
5237
5238
5247
5253
5255
5257
5258
5259
5260
5263
5267
5268
5269
5271
5275
5293
5303
5306
5311
5315
5316
5320
5328
5328
5331
5332
5338
5345
5358
5367
5374
5376
5378
5386
5403
5403
5404
5412
5415
5419
5420
5444
5481
5499
5503
5526
5528
5532
5535
5547
5548
5549
5550
5557
5560
5561
5561
5564
5565
5576
5590
5615
5621
5624
5631
5644
5658
5660
5661
5661
5666
5674
5693
5695
5698
5710
5717
5727
5727
5733
5734
5739
5741
5751
5752
5756
5756
5757
5757
5766
5769
5774
5782
5797
5799
5801
5802
5802
5805
5807
5808
5819
5819
5820
5823
5825
5827
5828
5829
5829
5839
5844
5854
5859
5861
5874
5879
5884
5896
5898
5900
5900
5911
5913
5922
5925
5943
5948
5950
5953
5955
5961
5987
5989
5990
6011
6014
6015
6023
6033
6051
6056
6059
6060
6063
6070
6074
6082
6087
6087
6088
6089
6091
6091
6091
6092
6106
6116
6129
6131
6131
6135
6137
6140
6144
6145
6146
6158
6175
6183
6196
6198
6201
6211
6217
6217
6223
6224
6243
6250
6256
6257
6274
6275
6281
6284
6285
6286
6292
6297
6298
6303
6311
6313
6314
6315
6329
6329
6338
6342
6343
6346
6346
6350
6351
6357
6362
6367
6368
6373
6373
6377
6380
6391
6396
6398
6405
6407
6409
6410
6413
6416
6416
6421
6422
6422
6422
6441
6447
6451
6452
6453
6455
6465
6466
6469
6473
6484
6488
6493
6497
6500
6501
6501
6515
6526
6527
6539
6542
6542
6545
6545
6554
6556
6569
6569
6576
6578
6578
6580
6580
6583
6608
6619
6620
6622
6626
6650
6666
6679
6691
6693
6702
6741
6743
6748
6779
6797
6801
6818
6824
6826
6829
6832
6848
6848
6849
6852
6866
6869
6876
6886
6900
6900
6904
6906
6911
6923
6925
6929
6941
6948
6954
6960
6961
6962
6972
6972
6984
6988
6990
7016
7028
7032
7033
7037
7039
7040
7047
7049
7058
7058
7078
7079
7093
7098
7103
7106
7110
7111
7112
7129
7136
7151
7160
7181
7186
7192
7194
7195
7208
7209
7210
7212
7212
7215
7216
7222
7228
7230
7231
7235
7249
7249
7254
7255
7260
7261
7275
7299
7302
7305
7307
7311
7313
7323
7324
7324
7326
7327
7329
7330
7330
7342
7342
7343
7344
7344
7344
7358
7376
7378
7382
7387
7419
7424
7425
7434
7436
7442
7444
7447
7458
7459
7460
7485
7491
7497
7498
7500
7502
7517
7519
7520
7530
7538
7541
7544
7555
7557
7562
7574
7580
7601
7608
7624
7635
7649
7649
7652
7652
7659
7660
7692
7695
7696
7702
7714
7715
7722
7735
7747
7760
7763
7766
7770
7777
7796
7799
7813
7814
7821
7822
7825
7825
7827
7833
7836
7838
7838
7843
7870
7879
7883
7884
7884
7885
7885
7892
7905
7908
7914
7915
7933
7946
7962
7974
7976
7986
7988
7990
8018
8019
8028
8031
8035
8036
8037
8041
8042
8056
8058
8063
8065
8077
8080
8084
8091
8097
8098
8116
8117
8119
8125
8125
8125
8127
8130
8152
8154
8163
8165
8197
8199
8229
8233
8238
8246
8249
8251
8256
8271
8275
8277
8278
8283
8296
8320
8325
8334
8340
8340
8357
8358
8366
8369
8370
8374
8377
8392
8396
8398
8400
8406
8408
8409
8414
8428
8435
8438
8439
8445
8446
8447
8448
8452
8471
8474
8479
8479
8481
8483
8497
8499
8524
8527
8536
8546
8556
8559
8564
8568
8590
8593
8595
8600
8603
8605
8620
8623
8629
8629
8630
8634
8637
8643
8650
8650
8655
8656
8658
8663
8678
8706
8712
8712
8713
8719
8726
8743
8749
8769
8793
8794
8796
8798
8809
8811
8823
8831
8833
8834
8847
8847
8850
8862
8868
8886
8890
8899
8904
8906
8906
8911
8923
8944
8944
8946
8948
8956
8957
8959
8985
8986
8988
9004
9006
9008
9009
9013
9014
9051
9053
9055
9056
9076
9078
9079
9083
9088
9088
9089
9090
9092
9094
9107
9115
9115
9120
9120
9129
9129
9147
9156
9156
9176
9195
9226
9232
9232
9238
9241
9254
9260
9264
9264
9279
9283
9285
9289
9290
9295
9298
9300
9308
9310
9323
9337
9346
9347
9350
9357
9365
9365
9365
9370
9391
9406
9428
9429
9436
9438
9449
9450
9451
9458
9465
9472
9473
9478
9481
9484
9488
9489
9489
9492
9493
9501
9512
9519
9525
9529
9536
9539
9546
9550
9550
9552
9553
9562
9566
9582
9588
9589
9594
9609
9615
9628
9628
9658
9658
9686
9687
9688
9689
9702
9702
9705
9707
9715
9720
9726
9726
9731
9738
9738
9739
9742
9745
9749
9760
9765
9785
9793
9801
9801
9805
9807
9820
9821
9823
9827
9829
9832
9833
9834
9838
9842
9857
9857
9863
9882
9884
9885
9893
9902
9902
9913
9914
9918
9929
9929
9934
9936
9937
9967
9971
9977
9984
9984
9986
9986
9991
9996
9998
9998
9998
9999
10001
10012
10015
10021
10022
10033
10034
10035
10036
10057
10057
10058
10059
10062
10064
10072
10073
10073
10075
10076
10077
10087
10107
10123
10123
10124
10125
10126
10128
10147
10151
10156
10165
10168
10169
10171
10179
10193
10197
10198
10199
10200
10211
10220
10231
10232
10233
10234
10243
10243
10245
10245
10251
10252
10255
10256
10257
10258
10259
10259
10260
10283
10283
10285
10287
10287
10287
10294
10312
10321
10327
10339
10341
10343
10344
10348
10352
10369
10377
10382
10384
10386
10394
10398
10402
10403
10437
10439
10445
10445
10446
10447
10472
10473
10475
10480
10480
10480
10497
10498
10532
10575
10582
10586
10591
10606
10606
10616
10623
10636
10636
10636
10638
10639
10641
10646
10657
10665
10669
10673
10675
10677
10678
10679
10679
10689
10695
10704
10710
10713
10722
10727
10733
10745
10752
10752
10758
10762
10763
10778
10792
10799
10800
10802
10807
10811
10814
10816
10817
10821
10827
10839
10839
10841
10850
10850
10853
10856
10858
10860
10866
10874
10877
10879
10880
10888
10890
10896
10896
10900
10908
10921
10922
10924
10931
10951
10953
10954
10959
10960
10965
10970
10996
10999
11008
11016
11019
11027
11030
11032
11033
11036
11040
11047
11056
11060
11061
11062
11064
11075
11077
11083
11085
11086
11086
11090
11103
11103
11111
11112
11112
11113
11115
11119
11125
11126
11132
11136
11137
11156
11157
11160
11162
11166
11180
11184
11204
11207
11210
11211
11213
11221
11225
11227
11231
11244
11246
11247
11248
11254
11258
11268
11268
11268
11282
11302
11307
11309
11310
11313
11324
11343
11349
11352
11354
11355
11359
11372
11386
11393
11408
11410
11411
11413
11415
11425
11426
11431
11433
11435
11436
11437
11439
11439
11445
11453
11455
11455
11472
11472
11481
11481
11488
11490
11514
11541
11543
11546
11549
11557
11558
11563
11565
11567
11568
11571
11576
11577
11581
11585
11622
11628
11629
11630
11633
11635
11637
11639
11658
11659
11671
11671
11671
11671
11671
11682
11683
11684
11686
11687
11690
11704
11710
11716
11748
11748
11754
11767
11775
11781
11782
11789
11790
11793
11793
11807
11839
11842
11847
11850
11859
11861
11870
11872
11883
11889
11891
11892
11898
11899
11902
11907
11907
11909
11913
11936
11967
11970
11971
11976
11986
11991
11992
11994
12014
12019
12024
12047
12054
12100
12106
12106
12110
12121
12125
12131
12135
12140
12165
12166
12167
12168
12173
12178
12181
12190
12194
12207
12210
12222
12225
12261
12264
12268
12274
12283
12283
12287
12288
12291
12291
12291
12293
12294
12304
12306
12309
12340
12340
12341
12352
12352
12356
12369
12371
12375
12385
12396
12411
12415
12421
12425
12436
12440
12471
12473
12477
12479
12484
12488
12489
12495
12501
12505
12507
12509
12511
12516
12528
12535
12537
12538
12539
12544
12545
12551
12556
12556
12573
12576
12586
12595
12596
12597
12603
12604
12609
12614
12617
12618
12624
12626
12632
12632
12635
12643
12645
12648
12649
12691
12701
12713
12715
12725
12726
12739
12739
12739
12742
12747
12754
12759
12761
12761
12762
12776
12780
12791
12796
12798
12799
12807
12838
12838
12841
12843
12845
12847
12849
12861
12862
12863
12867
12877
12885
12889
12892
12894
12914
12917
12920
12922
12925
12925
12935
12945
12951
12954
12957
12961
12965
12969
12974
12977
12982
12982
12984
12992
12993
12995
12996
13003
13010
13010
13025
13026
13026
13027
13044
13048
13052
13054
13055
13058
13062
13065
13075
13080
13082
13083
13089
13093
13095
13098
13100
13101
13104
13110
13125
13128
13130
13137
13142
13145
13149
13151
13156
13164
13169
13176
13181
13183
13183
13184
13186
13186
13187
13201
13212
13215
13215
13222
13225
13225
13234
13235
13242
13243
13250
13257
13257
13262
13278
13286
13289
13293
13294
13298
13310
13321
13324
13328
13341
13345
13345
13346
13346
13352
13360
13360
13361
13370
13370
13370
13377
13380
13381
13381
13385
13388
13398
13399
13405
13407
13421
13421
13422
13430
13434
13436
13437
13443
13449
13451
13488
13490
13492
13507
13521
13521
13522
13531
13549
13559
13561
13563
13564
13564
13567
13569
13609
13619
13630
13632
13634
13638
13688
13689
13693
13700
13705
13728
13735
13742
13743
13749
13751
13754
13755
13757
13760
13777
13778
13783
13788
13791
13795
13798
13804
13808
13809
13812
13819
13876
13890
13897
13905
13908
13915
13936
13938
13946
13953
13955
13957
13958
13961
13962
13963
13968
13973
13977
13981
13991
13992
13993
13995
14002
14003
14003
14039
14041
14046
14048
14057
14073
14079
14079
14091
14095
14099
14103
14108
14111
14115
14121
14121
14124
14130
14130
14148
14150
14157
14158
14165
14185
14186
14201
14207
14211
14215
14222
14226
14228
14230
14232
14234
14245
14249
14253
14264
14267
14274
14279
14282
14284
14284
14299
14300
14303
14311
14311
14315
14317
14319
14320
14334
14334
14336
14348
14356
14367
14369
14382
14388
14402
14413
14422
14425
14431
14432
14449
14454
14458
14461
14461
14475
14477
14478
14483
14486
14487
14497
14497
14497
14498
14500
14503
14505
14516
14518
14524
14525
14528
14528
14537
14538
14540
14545
14550
14557
14557
14558
14563
14565
14565
14586
14592
14598
14599
14601
14602
14606
14607
14609
14621
14630
14655
14662
14671
14671
14672
14681
14686
14699
14706
14739
14757
14763
14765
14767
14770
14773
14775
14787
14789
14806
14812
14845
14850
14856
14859
14862
14876
14901
14904
14909
14919
14925
14926
14928
14930
14951
14952
14962
14966
14969
14971
14971
14975
14977
14986
14989
14991
14994
14996
15001
15002
15011
15012
15014
15014
15020
15027
15028
15028
15031
15032
15039
15051
15056
15060
15068
15073
15075
15079
15080
15090
15090
15093
15096
15102
15104
15125
15125
15132
15136
15137
15151
15151
15152
15165
15174
15178
15179
15182
15182
15187
15198
15200
15202
15203
15203
15208
15211
15216
15219
15229
15231
15232
15234
15239
15246
15254
15261
15261
15265
15269
15273
15277
15277
15281
15284
15302
15310
15314
15317
15329
15338
15342
15344
15351
15364
15378
15379
15380
15381
15383
15384
15385
15388
15399
15400
15402
15404
15409
15411
15412
15415
15417
15433
15436
15440
15448
15457
15477
15480
15481
15484
15489
15494
15498
15501
15501
15503
15504
15510
15510
15511
15521
15524
15527
15545
15551
15556
15562
15564
15569
15575
15581
15582
15586
15591
15591
15592
15592
15592
15593
15595
15601
15603
15614
15621
15621
15635
15645
15647
15648
15654
15655
15668
15672
15679
15691
15693
15696
15698
15736
15739
15745
15748
15751
15755
15756
15781
15783
15813
15814
15844
15859
15862
15871
15876
15876
15879
15900
15909
15911
15922
15926
15928
15948
15955
15961
15979
15990
15991
15994
16010
16011
16011
16011
16012
16017
16019
16021
16026
16042
16052
16053
16075
16076
16089
16106
16108
16109
16114
16116
16133
16139
16144
16144
16149
16151
16154
16156
16162
16169
16186
16189
16190
16190
16192
16197
16201
16202
16210
16222
16224
16225
16230
16231
16238
16241
16242
16244
16244
16254
16261
16264
16265
16266
16266
16274
16275
16290
16292
16295
16300
16304
16305
16308
16313
16316
16317
16318
16319
16319
16320
16324
16327
16334
16336
16346
16351
16352
16356
16358
16367
16369
16386
16388
16389
16392
16395
16405
16418
16418
16421
16423
16431
16432
16437
16439
16444
16447
16450
16451
16458
16469
16472
16473
16474
16492
16504
16505
16506
16516
16519
16521
16524
16526
16527
16528
16534
16540
16551
16555
16558
16558
16575
16581
16581
16582
16587
16592
16597
16597
16599
16610
16621
16627
16640
16646
16650
16653
16654
16656
16658
16663
16663
16682
16684
16697
16699
16705
16707
16715
16718
16725
16744
16746
16750
16758
16764
16768
16770
16770
16773
16777
16779
16790
16793
16796
16800
16813
16814
16815
16829
16832
16835
16848
16849
16851
16855
16866
16868
16873
16886
16888
16901
16924
16928
16931
16932
16933
16936
16944
16945
16950
16952
16954
16958
16961
16976
17003
17027
17040
17054
17060
17065
17067
17070
17077
17080
17085
17089
17093
17093
17093
17097
17099
17104
17107
17117
17121
17129
17131
17144
17145
17154
17158
17167
17167
17168
17171
17177
17188
17190
17193
17196
17197
17233
17234
17235
17238
17239
17243
17244
17245
17261
17273
17279
17281
17284
17286
17300
17304
17304
17313
17316
17321
17338
17342
17346
17350
17354
17361
17362
17371
17390
17394
17407
17409
17414
17417
17424
17442
17443
17460
17466
17468
17479
17483
17509
17516
17516
17518
17519
17520
17528
17531
17536
17540
17542
17543
17558
17558
17583
17594
17600
17602
17602
17605
17605
17607
17611
17612
17612
17617
17623
17629
17631
17635
17636
17638
17648
17654
17659
17665
17672
17673
17674
17676
17677
17682
17683
17691
17700
17708
17710
17712
17726
17738
17768
17768
17768
17785
17785
17787
17790
17792
17794
17801
17806
17808
17819
17822
17824
17827
17828
17830
17830
17837
17838
17841
17850
17864
17864
17865
17869
17872
17888
17889
17904
17910
17916
17922
17923
17926
17936
17938
17941
17946
17946
17952
17953
18021
18025
18047
18060
18063
18066
18069
18069
18074
18077
18078
18079
18083
18090
18091
18099
18109
18116
18121
18123
18127
18128
18137
18138
18155
18156
18157
18157
18161
18164
18169
18187
18187
18189
18189
18190
18202
18203
18205
18220
18226
18226
18247
18248
18248
18250
18254
18256
18258
18270
18273
18276
18277
18282
18284
18293
18294
18304
18307
18309
18311
18312
18324
18336
18337
18339
18348
18348
18354
18360
18363
18367
18383
18383
18389
18407
18408
18425
18426
18430
18447
18447
18461
18467
18467
18479
18493
18496
18505
18521
18522
18523
18525
18528
18534
18537
18544
18546
18576
18578
18584
18591
18602
18604
18633
18637
18638
18642
18643
18652
18656
18660
18676
18677
18685
18687
18689
18692
18692
18695
18700
18702
18707
18719
18726
18726
18736
18759
18770
18774
18783
18801
18806
18809
18813
18817
18819
18820
18824
18826
18830
18834
18836
18842
18859
18859
18870
18876
18877
18884
18896
18902
18911
18911
18914
18915
18920
18920
18924
18946
18946
18947
18953
18957
18957
18957
18958
18961
18965
18971
18974
18977
18986
18988
18989
18996
18999
19000
19017
19020
19020
19021
19023
19024
19029
19035
19037
19038
19040
19054
19056
19065
19065
19076
19077
19080
19082
19083
19094
19094
19102
19107
19115
19121
19122
19124
19125
19134
19140
19143
19148
19150
19150
19165
19170
19170
19175
19176
19177
19183
19188
19195
19200
19221
19228
19230
19238
19238
19240
19241
19245
19246
19259
19260
19261
19262
19264
19265
19276
19278
19280
19288
19292
19304
19313
19323
19333
19339
19358
19361
19368
19379
19381
19383
19384
19384
19385
19387
19388
19389
19391
19392
19403
19411
19412
19416
19422
19431
19440
19445
19447
19448
19449
19449
19454
19458
19461
19463
19466
19473
19477
19480
19480
19481
19482
19494
19500
19502
19508
19510
19514
19524
19533
19537
19539
19540
19541
19542
19554
19557
19558
19561
19562
19563
19564
19568
19569
19576
19579
19583
19591
19592
19593
19599
19603
19605
19607
19614
19619
19626
19636
19638
19649
19654
19656
19661
19665
19665
19671
19673
19694
19709
19711
19717
19730
19745
19746
19748
19755
19755
19760
19771
19776
19785
19802
19803
19805
19811
19811
19812
19822
19823
19830
19830
19830
19838
19838
19841
19842
19843
19847
19882
19901
19918
19925
19927
19936
19946
19948
19949
19967
19975
19990
19994
20003
20004
20009
20010
20014
20022
20023
20024
20025
20035
20038
20062
20066
20075
20079
20082
20088
20093
20107
20118
20119
20129
20146
20155
20170
20173
20175
20176
20185
20190
20190
20192
20194
20195
20198
20210
20235
20237
20243
20249
20249
20252
20255
20259
20259
20266
20269
20276
20280
20283
20284
20295
20297
20305
20308
20310
20313
20314
20315
20327
20329
20331
20334
20339
20341
20347
20354
20356
20358
20364
20371
20379
20385
20391
20391
20393
20400
20406
20407
20408
20412
20419
20424
20425
20427
20435
20442
20443
20443
20449
20454
20460
20464
20465
20477
20477
20479
20480
20480
20480
20484
20486
20490
20492
20492
20498
20513
20514
20514
20514
20524
20531
20531
20533
20535
20542
20545
20558
20563
20570
20572
20576
20578
20583
20585
20591
20604
20604
20605
20613
20621
20621
20626
20627
20633
20637
20650
20653
20656
20657
20665
20666
20668
20670
20684
20693
20696
20702
20705
20720
20721
20729
20737
20738
20751
20753
20753
20759
20761
20769
20776
20781
20789
20789
20792
20804
20809
20813
20815
20831
20833
20834
20836
20848
20848
20860
20874
20876
20880
20881
20888
20891
20895
20895
20910
20910
20911
20913
20913
20915
20935
20936
20939
20940
20945
20946
20966
20973
20980
20986
20998
20998
21000
21009
21010
21011
21019
21022
21026
21028
21032
21034
21038
21043
21043
21044
21045
21045
21057
21062
21063
21065
21066
21066
21071
21073
21073
21088
21088
21105
21111
21114
21116
21119
21126
21129
21132
21137
21141
21144
21167
21171
21187
21224
21224
21232
21237
21242
21263
21263
21276
21280
21280
21288
21289
21290
21300
21304
21318
21333
21345
21351
21357
21368
21389
21400
21401
21412
21413
21416
21419
21420
21421
21423
21425
21427
21429
21429
21434
21436
21436
21436
21462
21464
21472
21473
21474
21483
21497
21501
21510
21511
21514
21520
21522
21532
21532
21536
21539
21542
21545
21550
21552
21568
21569
21576
21583
21595
21596
21596
21602
21619
21629
21629
21631
21649
21649
21659
21660
21661
21662
21663
21663
21669
21670
21670
21671
21672
21678
21684
21697
21702
21715
21720
21721
21722
21728
21729
21735
21739
21743
21758
21762
21767
21768
21781
21783
21786
21794
21796
21803
21804
21808
21818
21865
21867
21869
21869
21882
21882
21885
21886
21887
21889
21900
21906
21911
21917
21917
21926
21927
21927
21927
21929
21931
21931
21933
21938
21943
21953
21958
21959
21962
21967
21972
21973
21983
21985
21988
21991
21993
22001
22004
22006
22023
22029
22042
22043
22048
22050
22063
22071
22072
22072
22074
22079
22091
22100
22103
22107
22122
22124
22133
22134
22136
22140
22146
22151
22153
22157
22162
22162
22170
22173
22175
22176
22193
22194
22194
22204
22205
22207
22210
22222
22225
22227
22228
22228
22230
22261
22269
22275
22286
22303
22311
22312
22314
22323
22326
22327
22332
22333
22339
22343
22344
22346
22348
22348
22351
22353
22359
22360
22361
22362
22364
22375
22375
22383
22385
22385
22398
22402
22407
22408
22408
22412
22412
22422
22433
22435
22436
22437
22438
22439
22440
22441
22443
22444
22448
22450
22461
22462
22464
22464
22466
22469
22469
22476
22476
22476
22477
22481
22485
22486
22488
22490
22513
22520
22530
22544
22570
22573
22575
22579
22582
22582
22583
22607
22608
22612
22625
22635
22635
22637
22654
22656
22657
22661
22666
22674
22676
22685
22688
22691
22692
22699
22700
22701
22703
22706
22706
22708
22717
22717
22718
22725
22730
22733
22733
22736
22739
22752
22759
22773
22773
22776
22780
22783
22794
22797
22799
22801
22813
22815
22817
22820
22826
22841
22841
22842
22842
22857
22858
22859
22862
22863
22870
22886
22901
22904
22917
22920
22922
22924
22924
22936
22939
22941
22952
22961
22962
22964
22965
22968
22976
22980
22980
22990
22995
22997
23000
23002
23005
23006
23010
23011
23011
23012
23015
23016
23022
23023
23040
23042
23043
23047
23069
23074
23076
23082
23083
23101
23104
23106
23107
23112
23117
23119
23124
23126
23129
23130
23133
23138
23139
23141
23141
23149
23151
23153
23154
23162
23165
23165
23175
23175
23202
23213
23217
23218
23219
23220
23224
23225
23242
23257
23261
23266
23269
23269
23271
23271
23272
23273
23276
23280
23287
23289
23294
23298
23305
23305
23309
23318
23320
23323
23340
23343
23364
23371
23373
23373
23374
23391
23401
23417
23417
23426
23428
23429
23430
23459
23460
23463
23468
23476
23478
23479
23482
23483
23487
23493
23494
23495
23516
23521
23521
23524
23528
23533
23534
23551
23580
23604
23616
23621
23622
23630
23631
23632
23633
23633
23635
23637
23638
23644
23648
23648
23662
23668
23677
23678
23681
23686
23689
23690
23701
23702
23712
23723
23724
23743
23748
23749
23749
23755
23755
23760
23762
23763
23779
23782
23786
23790
23799
23811
23822
23826
23828
23828
23830
23830
23830
23837
23856
23869
23871
23880
23888
23905
23908
23909
23915
23918
23923
23926
23931
23932
23934
23938
23940
23951
23964
23968
23972
23977
23978
23983
23984
23985
23986
23988
23992
24005
24015
24021
24022
24043
24043
24044
24062
24063
24071
24071
24078
24078
24081
24088
24097
24105
24106
24108
24109
24120
24128
24152
24163
24164
24171
24175
24175
24181
24183
24184
24184
24186
24186
24193
24196
24198
24205
24206
24207
24220
24232
24232
24233
24240
24244
24268
24269
24269
24294
24296
24307
24311
24311
24315
24316
24320
24322
24322
24328
24332
24334
24340
24343
24344
24344
24348
24349
24351
24357
24358
24363
24364
24378
24380
24381
24385
24391
24400
24404
24406
24418
24419
24419
24420
24432
24437
24439
24442
24446
24447
24449
24454
24455
24455
24459
24465
24466
24471
24476
24478
24480
24486
24492
24494
24496
24497
24504
24517
24517
24519
24524
24544
24551
24565
24566
24577
24592
24611
24613
24615
24618
24618
24618
24619
24630
24631
24636
24642
24644
24658
24664
24671
24674
24677
24680
24687
24690
24697
24698
24709
24709
24710
24713
24718
24725
24725
24730
24733
24757
24758
24761
24780
24783
24794
24803
24805
24809
24810
24821
24822
24827
24828
24845
24863
24872
24874
24882
24882
24883
24884
24886
24886
24886
24887
24888
24900
24912
24913
24916
24923
24925
24930
24934
24937
24939
24943
24945
24949
24958
24970
24971
24991
24998
24999
24999
