37.8776
-1
47.3607
47.5884
47.16
50.9274
41.3041
42.0013
-1
19.1098
18.7123
14.7488
44.2775
42.025
24.1866
38.654
-1
41.8871
16.0681
30.9397
50.8867
25.7243
37.2882
36.6598
24.2159
14.1293
28.9896
27.7109
37.9672
27.9891
32.8239
42.0879
45.7001
-1
48.8482
44.0368
38.123
25.7243
52.2666
-1
39.7838
45.0606
35.8755
48.5538
14.2702
-1
22.8275
43.4134
38.123
44.8796
10.6068
27.5111
25.5654
45.256
47.1584
32.6488
50.0691
14.2702
-1
44.8563
36.4957
-1
-1
27.4199
38.0789
51.3756
42.3454
47.0566
47.3174
-1
40.7605
22.8994
51.2302
32.8059
47.9276
42.0961
45.2261
34.4835
44.2309
47.9802
38.6955
27.3601
19.1098
44.4873
38.654
33.0885
30.7996
-1
41.8871
34.4317
-1
46.1151
45.1051
19.1098
26.0403
-1
15.4911
43.6579
51.5311
26.1633
40.656
47.8751
42.7405
44.6277
42.419
40.5952
29.8612
35.016
36.6166
48.4787
33.1546
40.6397
52.1172
32.8059
31.5069
32.2837
21.7656
29.5312
-1
12.1844
32.7865
47.4739
50.144
46.1173
-1
-1
46.9049
-1
21.909
33.9242
39.9402
39.98
40.0048
32.0522
29.032
49.1254
33.4311
22.8275
44.2309
41.5041
34.3813
48.6382
14.2702
25.7243
44.1091
32.6369
38.123
22.8275
41.1277
49.1365
18.3828
32.3305
51.463
29.2777
24.157
34.6208
42.7746
50.3722
32.8059
22.9919
43.5967
47.2778
25.4524
31.2064
45.158
42.0013
15.7182
-1
46.4228
49.2898
31.5693
37.8776
18.6015
-1
42.7724
26.7895
38.923
30.7905
44.0982
-1
48.1653
41.1277
32.6488
50.9653
43.8509
27.6824
45.9239
-1
51.5585
37.3076
33.7621
51.9436
44.5288
37.4159
49.6583
42.7882
46.7433
49.9349
10.5181
21.3881
-1
31.5013
46.5595
46.3105
45.4979
46.1173
51.8284
53.4256
38.654
43.2229
26.4236
40.4721
36.7322
11.5954
38.5467
32.4317
50.668
30.6294
46.0374
47.7243
18.3641
18.2884
39.0021
22.0071
49.8414
42.0013
46.3848
24.2817
-1
-1
26.2656
50.6244
43.9451
49.6805
28.0173
46.5688
42.3454
-1
32.7341
28.884
28.6896
-1
41.7732
20.7666
31.3445
42.6316
41.725
39.2378
19.4613
31.1451
41.8333
41.6062
43.8465
9.13961
40.6142
39.9451
40.9628
31.4908
45.479
36.1884
37.4253
39.9451
18.9713
23.5207
51.2814
38.8499
42.4794
37.9206
37.7388
43.5137
18.9115
36.1765
45.3361
-1
41.2456
33.5445
30.9429
16.8679
18.3777
37.8749
49.4759
44.4882
25.513
50.668
28.1922
-1
41.3662
51.234
42.2816
40.4436
45.9871
-1
-1
-1
38.654
28.7882
44.2269
50.2016
-1
27.2472
24.6871
48.3341
33.2971
39.7838
45.8835
41.765
37.4486
46.5474
33.8772
-1
38.4797
27.6824
45.1861
31.3066
46.0312
32.6488
32.6438
-1
48.6356
29.1179
15.7472
37.5277
-1
31.0329
47.585
26.3485
28.2137
20.6747
31.5094
51.6597
40.7818
47.3977
44.8796
43.7588
47.0089
51.9021
33.0076
47.9235
33.8772
49.6583
39.5485
48.3503
40.9417
38.749
37.721
48.8738
37.2829
44.1996
12.0114
39.6246
42.6267
46.0006
22.8725
36.1884
51.7831
40.7591
29.6711
34.5553
39.1915
-1
47.5743
39.6246
-1
42.1841
41.7517
48.6064
30.066
-1
27.3064
48.7623
33.7245
12.5527
7.34535
39.3356
42.989
-1
48.1406
43.7387
43.8465
24.6871
33.4002
41.1473
50.7784
22.1346
48.5266
40.5585
31.4688
48.3643
29.3758
44.8186
50.8037
50.8533
37.8776
22.325
32.2288
-1
37.7067
-1
22.8806
31.1451
40.8685
28.5229
40.0249
45.8574
37.176
30.8909
49.2898
45.1183
50.7519
16.8668
27.0707
50.1014
44.1009
43.5967
47.9398
36.2496
36.8742
37.5394
19.388
43.818
49.2608
18.7844
39.1567
37.0117
31.7768
15.6526
49.5078
34.088
-1
38.0619
-1
35.8465
26.8183
-1
-1
-1
24.8249
39.3778
25.7962
-1
40.1082
34.1386
33.9211
35.3556
44.9401
39.1679
31.9372
-1
25.9732
43.8519
-1
39.5061
30.5256
19.388
48.831
-1
43.8465
50.5659
24.6871
34.459
46.0812
46.0313
30.3588
47.9132
36.803
-1
43.5087
47.313
22.8528
42.8714
15.5846
26.0222
-1
47.5487
-1
32.6488
21.4707
52.0694
45.9471
25.4791
46.7266
-1
33.2216
41.5045
-1
45.4119
32.4317
45.2513
27.8781
36.3774
27.7109
-1
-1
42.6531
49.571
26.2656
24.7431
37.5738
37.4253
48.2527
46.4853
-1
26.4705
34.7517
33.8772
39.9344
-1
43.4485
51.2302
44.8796
33.734
24.5978
21.3123
25.062
48.3341
50.668
28.3053
-1
27.4199
26.0403
17.7251
37.4323
26.7895
30.0021
48.1044
-1
33.734
45.3424
35.016
44.2433
45.8958
48.3479
32.9779
47.3892
48.1342
40.0997
42.3973
21.3173
31.8907
43.1017
22.0071
44.8819
32.0536
37.0585
46.8584
28.1784
27.6539
50.8533
49.4201
27.0214
45.3388
40.217
-1
50.9274
11.5954
50.1089
29.4317
38.0942
45.4979
40.217
38.9518
49.4981
12.3114
23.2428
-1
21.7952
47.71
40.6657
-1
22.4224
45.2023
24.1866
43.9333
27.3778
27.6824
40.7335
24.5549
42.879
37.3262
-1
39.5464
51.4805
30.6294
48.5272
10.5181
-1
39.5212
46.1734
49.3887
41.9993
47.4371
-1
37.3076
49.6161
29.6505
31.8298
49.8814
49.8198
-1
34.5308
44.0308
37.1427
35.3961
29.657
-1
37.6503
34.6158
-1
44.8024
43.1917
31.8136
21.2222
22.4271
28.874
43.2112
-1
38.3176
46.1783
50.7323
43.8209
40.3833
26.312
42.289
32.9398
-1
33.2705
20.242
15.5682
48.9439
20.8884
36.0207
34.6421
26.791
-1
52.2925
25.0945
47.5487
33.9473
34.6158
50.2054
33.1656
31.0096
42.0973
45.7569
49.0981
39.3895
-1
43.2618
31.6291
36.2112
35.8153
45.0881
16.1029
24.1635
38.361
43.959
50.7567
41.8458
-1
41.1086
-1
51.4562
43.4596
30.9397
42.2358
43.9915
