301.106
474.983
110.786
400.846
413.827
461.987
269.858
214.446
341.04
534.67
203.81
451.484
271.703
287.209
203.699
335.142
465.952
194.352
200.532
150.867
436.359
81.7074
191.891
117.528
385.081
120.812
245.501
427.175
201.257
257.6
147.452
405.061
337.395
356.744
170.779
263.912
495.038
247.558
319.171
292.87
291.58
409.719
308.132
322.359
475.648
45.6722
197.573
182.375
359.575
452.909
129.291
386.263
146.334
73.941
383.948
218.262
337.548
198.517
102.56
424.411
114.12
254.121
121.961
392.167
349.605
99.9648
356.957
335.353
151.442
373.014
421.534
523.113
285.529
308.716
505.834
508.422
268.625
207.406
280.951
312.419
172.989
177.339
299.587
350.121
33.7975
479.098
188.372
502.699
387.48
335.063
75.8452
117.112
64.6092
344.442
89.7818
145.97
123.161
164.1
277.848
138.254
198.646
350.418
303.313
277.125
219.969
349.03
271.892
318.805
94.4494
90.7109
206.466
75.1336
371.177
380.348
212.529
105.129
372.416
431.823
339.061
81.3745
59.0889
222.648
341.749
197.053
55.2248
136.814
193.344
242.574
78.7772
165.782
38.1592
255.297
161.912
248.923
175.409
288.819
161.931
216.467
127.685
348.24
46.8592
49.01
85.4107
233.485
420.167
245.903
166.516
259.99
406.012
526.078
395.269
66.0253
229.509
225.546
280.849
197.571
103.834
161.628
443.904
69.0056
37.6802
317.359
300.602
485.59
381.882
311.875
259.416
475.761
442.463
117.557
47.302
37.9849
279.114
320.899
458.722
284.285
385.273
423.816
421.5
72.3896
115.466
269.765
317.126
185.202
145.286
172.048
48.3825
201.314
162.553
388.005
284.779
74.5991
290.6
72.7315
337.704
41.2552
35.3835
288.65
278.319
153.084
373.936
254.345
458.604
303.88
267.924
379.42
420.297
139.827
331.769
95.6466
561.207
88.1572
138.419
168.026
144.2
453.756
476.715
188.025
57.383
97.1861
52.5969
494.122
377.301
315.685
348.735
42.2289
434.978
303.723
116.94
163.276
181.937
186.113
223.756
455.716
144.187
104.453
267.294
297.05
71.1359
256.69
143.438
41.3523
321.96
569.379
238.365
448.409
104.533
180.591
336.362
213.68
441.824
87.6805
432.823
155.88
405.934
176.8
295.78
392.139
127.469
235.012
89.1416
359.189
330.367
80.3779
325.951
79.8922
139.155
120.906
175.484
300.263
136.907
350.608
166.641
173.484
236.841
347.864
171.606
92.4433
267.525
84.4071
430.18
145.202
117.78
97.2604
436.383
429.742
349.761
236.798
45.5853
387.326
90.472
126.989
260.703
334.358
329.134
426.579
161.18
472.793
67.4747
335.835
369.622
214.297
446.508
140.738
447.072
447.443
91.6218
251.867
189.547
223.418
241.921
330.398
386.724
201.77
47.2023
87.4466
315.699
240.142
88.344
352.204
405.339
43.2972
374.965
215.026
538.321
325.85
341.538
259.009
344.649
211.705
408.169
344.019
371.989
58.7651
511.98
159.03
541.086
260.713
162.215
482.925
81.1785
360.888
191.804
41.4566
300.167
175.282
354.224
162.574
296.737
139.393
110.935
402.905
471.42
532.094
39.9977
262.418
96.3504
403.856
263.832
247.329
361.256
176.793
354.879
333.174
258.257
95.5351
142.034
156.365
300.433
531.22
337.367
215.863
286.015
207.106
198.618
79.7484
401.628
233.954
467.618
516.946
59.2043
123.246
74.9233
103.669
530.082
214.721
279.334
246.436
396.355
489.592
405.941
369.435
191.129
51.656
254.995
44.2863
261.099
452.255
124.605
240.517
130.55
61.6402
260.66
152.677
450.265
52.1339
263.756
173.84
120.913
173.946
497.503
344.96
258.446
283.433
289.937
546.894
365.662
104.819
180.99
195.021
407.946
370.494
273.873
440.7
238.669
58.8278
452.112
396.038
338.877
427.283
424.411
187.176
357.171
31.9017
519.478
316.859
170.967
293.432
351.247
331.862
138.222
176.333
60.9858
218.355
254.365
127.333
301.635
139.533
86.5233
91.9209
59.7902
92.966
290.356
217.505
51.188
60.4147
474.264
252.566
222.692
157.711
458.505
391.308
76.1561
214.801
251.288
156.146
432.845
292.866
430.872
471.487
278.628
312.553
123.756
228.498
262.244
251.017
340.133
312.274
61.2208
350.742
76.3482
260.479
407.597
50.5915
249.705
411.856
474.909
416.71
300.624
108.249
220.929
219.229
382.408
449.583
463.622
234.802
412.718
404.445
262.178
264.223
165.883
97.108
194.657
402.564
287.339
71.5951
59.4935
153.214
495.89
409.286
138.028
359.492
322.287
97.4148
477.503
190.021
507.75
228.747
407.903
499.186
280.742
431.453
508.932
303.698
371.178
205.254
329.993
36.8313
88.308
328.272
119.86
120.334
202.529
143.232
290.34
427.505
155.742
279.617
279.778
436.109
190.338
116.255
255.945
232.579
480.17
264.656
123.213
163.534
108.03
271.434
167.126
219.823
281.746
39.1549
190.893
30.3777
192.309
120.197
140.754
73.9496
360.807
291.127
39.034
434.374
247.497
457.449
81.6359
486.801
47.9994
208.614
168.965
261.412
124.156
107.508
191.501
210.765
359.118
235.719
333.135
301.13
484.402
302.431
395.835
34.5091
90.4287
339.15
86.4967
356.321
179.521
235.349
123.876
279.609
286.959
258.121
118.931
366.912
243.937
410.755
410.993
298.984
38.8316
322.693
252.264
94.0997
144.447
168.65
343.157
299.229
515.536
101.612
193.44
365.382
58.1516
183.965
373.519
357.056
240.53
143.64
355.219
209.88
112.458
217.631
388.006
230.252
385.125
373.038
206.16
404.022
470.223
40.4234
356.615
224.342
239.278
178.279
267.21
64.7186
295.788
113.16
319.764
120.248
267.21
75.7779
432.169
201.867
252.114
46.8949
190.812
330.576
95.1152
112.639
233.335
396.002
93.8187
106.521
164.801
45.5685
480.013
139.995
269.803
155.068
516.577
56.9228
137.937
523.538
264.521
106.976
262.273
225.553
158.845
364.236
157.682
326.054
524.6
431.597
173.076
35.1533
348.109
40.889
369.607
58.7163
410.72
552.435
282.923
31.8485
472.926
416.018
146.671
303.342
143.483
470.254
309.36
368.08
201.556
277.123
50.8619
115.695
49.8672
364.397
233.962
340.289
215.612
43.7411
301.96
88.7681
243.872
430.746
448.908
178.404
368.64
160.598
400.952
174.728
290.871
180.196
90.96
298.14
168.22
73.8075
293.029
179.933
318.02
193.409
54.2134
202.367
119.044
303.485
91.7487
387.708
181.886
109.089
178.855
362.889
356.006
417.373
277.604
231.293
201.407
160.728
73.506
305.444
169.72
200.98
499.431
204.419
57.3041
200.657
216.356
340.577
187.851
302.276
227.511
106.348
118.165
238.08
188.068
265.269
44.2089
127.439
312.781
305.712
337.051
58.7012
228.236
342.454
296.539
409.032
252.943
175.336
161.428
400.623
195.554
462.328
230.118
59.8023
286.17
113.798
496.591
186.422
116.433
93.7686
431.309
250.175
76.0826
263.356
155.083
347.154
170.337
98.2151
394.201
354.246
60.3536
43.9567
158.228
360.209
476.005
103.246
293.741
67.2346
378.302
377.93
222.009
197.021
257.657
275.471
544.148
367.114
374.052
426.299
178.808
62.8992
94.7802
338.755
77.1392
521.01
556.231
206.672
460.716
40.3184
543.875
71.6524
186.616
149.821
143.676
177.434
85.3475
434.926
282.318
364.748
516.573
212.008
176.942
193.018
347.979
249.363
157.529
203.602
197.872
61.3256
69.3551
326.313
348.656
326.352
49.4661
396.069
373.826
42.8849
318.018
570.105
394.168
207.148
294.597
432.543
379.235
512.89
97.6057
331.974
168.488
357.038
271.529
225.745
203.177
248.296
306.474
369.073
251.201
240.442
433.034
310.403
111.987
210.379
121.794
468.608
65.7985
71.864
131.647
254.837
406.438
257.979
121.006
98.2807
134.216
110.34
457.674
130.251
324.508
228.279
329.388
299.247
89.1193
155.072
163.161
327.177
148.222
263.96
334.932
141.518
412.419
86.1124
82.2762
521.782
347.789
266.367
215.696
409.389
93.1802
319.707
50.0763
370.308
197.94
126.223
135.775
205.233
110.601
384.871
252.5
154.481
401.928
207.215
177.789
272.71
239.25
443.173
183.429
67.9531
264.585
333.038
46.5225
390.909
414.238
473.233
282.973
434.235
264.353
271.93
78.9332
235.369
281.709
472.148
49.0443
336.004
319.62
320.242
392.206
378.366
92.9023
283.142
287.307
45.5058
548.527
385.3
315.546
217.314
434.482
406.037
254.242
205.799
82.0793
94.1748
137.372
94.253
447.122
478.572
185.234
69.4893
332.893
374.455
32.3863
285.089
422.741
37.5717
299.423
459.459
40.9063
316.557
289.52
277.274
52.9673
232.893
297.695
417.211
451.754
143.782
358.889
409.535
120.071
183.545
50.5164
148.662
560.706
493.806
118.323
354.965
303.799
133.166
412.837
66.6635
292.881
62.2758
520.053
356.213
279.912
184.87
424.091
403.952
469.254
239.745
428.642
224.153
101.289
326.361
95.6706
99.8679
108.082
152.941
359.556
102.892
123.109
194.904
402.507
220.784
376.116
245.323
95.8362
310.45
371.818
214.344
283.93
58.8016
476.254
98.0405
135.419
290.894
321.929
400.415
253.551
493.218
132.637
382.296
381.066
36.7115
128.272
364.471
201.44
387.377
165.064
110.003
370.768
535.237
180.541
151.318
260.217
202.226
150.254
70.0138
217.122
303.159
446.441
151.064
417.3
366.326
526.286
295.242
167.953
551.273
476.34
408.344
337.198
110.617
443.497
301.004
121.682
57.0074
178.823
227.826
546.038
257.031
209.503
312.231
34.7071
69.1372
173.543
228.98
219.794
378.042
304.674
271.391
52.8519
289.942
264.376
143.027
469.641
209.577
261.512
239.75
252.541
167.715
162.821
208.527
106.696
381.922
175.121
283.425
335.084
60.2405
30.1435
307.737
120.299
178.24
260.184
208.454
422.843
318.915
533.659
147.621
507.014
350.83
157.345
374.898
306.784
212.151
132.744
260.127
316.849
33.494
300.322
489.827
144.019
201.559
290.033
337.421
392.367
201.095
332.91
161.542
160.692
442.99
453.013
142.216
256.446
384.161
231.152
322.26
322.344
280.742
479.409
152.056
145.529
213.609
181.472
122.518
358.484
162.756
61.2686
499.055
447.818
156.397
179.62
318.873
138.409
109.102
338.005
350.034
395.225
561.908
166.563
141.009
402.085
131.36
334.724
405.602
112.963
42.8061
298.126
207.212
96.554
478.054
245.503
411.389
451.761
231.814
154.866
94.7007
386.611
192.879
153.437
517.369
95.7514
448.551
354.19
249.414
391.998
458.439
194.415
357.75
158.571
41.1422
203.724
78.2778
217.957
474.999
33.853
59.6751
208.363
71.3014
120.85
118.151
309.89
78.0207
277.559
278.934
151.964
520.695
76.3472
137.254
297.027
385.442
174.898
88.346
179.284
334.159
344.926
72.3763
198.208
116.607
454.862
292.96
161.592
517.911
453.328
61.4481
448.292
52.6298
253.231
468.848
113.858
245.712
475.954
251.703
269.092
273.948
307.492
166.39
87.6728
497.134
131.788
436.522
120.81
49.8477
486.417
165.45
269.421
251.326
46.7889
262.69
70.6597
100.231
223.125
135.614
529.58
134.594
411.973
331.522
58.1381
100.008
142.034
135.575
490.235
423.23
355.645
411.869
59.1547
255.765
279.611
381.131
64.6217
359.875
102.441
253.375
198.669
430.516
154.472
110.179
512.939
353.62
456.772
190.795
360.609
311.224
279.195
432.184
62.2463
404.974
118.105
401.996
161.996
169.176
184.182
108.315
302.569
264.152
511.28
57.2158
114.843
241.361
113.188
175.688
367.994
155.507
158.148
459.049
378.243
116.037
232.471
78.3363
75.2338
400.791
309.769
184.722
162.591
116.533
219.031
393.12
418.832
204.41
453.557
354.91
94.5215
403.877
351.398
381.107
261.285
549.262
113.199
522.176
243.457
417.881
537.046
354.885
113.339
343.277
454.78
434.465
456.917
307.089
104.523
156.08
111.562
116.581
60.2307
396.75
442.248
398.234
134.76
47.9447
254.313
555.462
47.206
174.499
162.031
151.596
111.795
208.829
307.008
286.272
468.13
44.2033
88.8242
61.5184
279.818
194.021
60.9968
130.747
429.853
248.881
280.874
125.1
308.489
445.568
128.984
129.4
161.958
396.627
291.101
92.4676
330.224
174.923
163.029
380.497
373.258
550.546
273.467
330.058
214.997
194.712
224.121
385.75
403.748
406.909
63.0157
274.888
128.45
376.089
146.259
450.841
228.574
147.62
451.916
417.71
162.808
354.535
288.561
225.555
355.665
89.7876
133.158
205.592
564.65
341.641
230.794
361.066
417.46
193.506
359.239
330.058
148.999
111.283
460.408
212.788
158.887
88.895
117.541
100.085
195.22
438.821
300.708
214.192
176.188
86.2327
190.701
232.145
319.383
408.822
530.441
453.268
116.738
399.858
177.84
245.701
379.733
145.005
403.813
238.678
521.907
409.351
310.923
444.949
438.956
346.94
308.682
108.919
300.898
350.365
109.501
510.799
43.124
91.7756
382.381
247.606
319.809
34.7711
295.87
376.703
406.53
242.638
188.03
184.28
109.265
61.5788
238.587
126.198
180.88
326.233
167.866
184.21
270.439
67.7384
161.855
398.843
164.648
211.094
140.426
283.666
50.0086
311.49
271.966
263.713
311.091
335.083
94.7309
111.004
58.2473
73.811
181.09
86.1991
470.833
499.849
184.045
297.598
232.806
157.732
327.805
330.647
208.06
316.904
427.997
353.144
88.3254
409.762
460.128
308.689
220.01
172.677
240.204
154.506
518.586
166.237
71.651
193.711
35.1147
330.326
78.2309
147.023
246.641
554.187
153.707
447.88
452.937
391.115
218.552
35.0653
410.095
279.932
334.191
333.416
335.65
235.286
507.526
466.454
511.125
52.4735
39.808
224.552
115.78
578.246
65.1984
215.837
259.047
199.059
113.119
170.918
53.7519
264.429
151.476
216.722
146.908
377.654
211.453
82.4002
72.1802
363.732
477.96
307.476
246.226
366.878
450.011
169.269
317.741
427.06
301.766
281.839
537.901
378.086
173.064
141.694
224.213
92.9018
83.459
256.805
227.764
403.896
34.1688
261.411
200.66
132.122
106.567
242.743
263.222
106.676
447.4
173.224
153.441
223.878
208.005
270.412
148.503
463.434
322.921
239.647
100.33
327.198
139.308
368.174
368.171
568.681
305.542
292.863
50.0796
150.29
211.739
400.348
316.153
301.48
253.114
279.17
129.437
188.693
348.767
472.728
218.309
88.3437
326.538
394.613
247.712
276.008
174.895
285.294
270.722
31.3806
351.634
434.392
216.69
171.412
530.331
295.638
363.654
299.202
112.67
459.954
211.541
497.937
158.081
435.027
190.394
310.527
520.115
463.777
201.331
434.038
57.2057
187.766
370.991
69.6105
232.092
215.668
368.001
294.403
44.7113
438.683
241.05
56.204
487.389
62.9753
251.601
318.184
319.866
321.435
298.238
201.749
322.194
80.6912
198.064
210.65
40.7146
500.228
377.342
224.598
39.2083
103.78
298.987
268.052
309.32
97.1326
192.284
361.635
256.46
457.922
455.577
445.365
268.418
407.834
208.124
180.247
38.9807
332.467
222.211
185.661
405.57
509.452
296.926
92.7699
175.068
55.4066
232.493
207.486
352.318
335.899
200.769
156.733
320.672
432.789
379.117
555.51
273.477
317.713
278.388
320.888
409.267
499.523
397.973
405.976
461.977
312.745
338.653
519.202
443.976
359.701
347.414
269.491
194.173
194.297
288.177
336.783
239.133
286.663
227.974
425.722
368.723
309.986
131.058
430.577
113.384
362.163
69.2873
356.865
85.8745
384.041
520.162
162.597
288.167
250.801
109.765
51.8758
325.134
196.028
210.363
114.294
100.171
252.352
129.467
210.961
251.62
330.487
503.688
194.755
31.0883
142.395
124.837
260.527
330.638
404.262
470.211
92.0063
348.722
218.568
185.961
49.3117
90.7753
284.382
435.538
259.62
403.751
155.326
84.1879
346.258
372.803
153.784
232.391
426.135
41.7751
324.191
313.466
373.877
478.731
449.266
49.8452
159.29
86.459
250.398
558.15
104.825
383.683
327.518
212.952
154.68
159.705
395.388
73.8795
193.833
128.778
371.756
365.111
299.173
34.3362
199.983
197.268
283.446
265.988
255.138
275.701
532.868
475.413
433.119
201.446
176.102
439.999
191.41
173.569
270.486
445.089
78.5074
398.837
333.522
330.855
248.717
280.974
433.872
507.326
401.311
311.378
257.39
467.487
184.477
244.941
89.7379
39.1112
206.573
215.752
128.276
203.173
106.236
231.733
220.645
430.402
470.293
546.838
362.303
316.715
464.117
322.66
530.314
283.218
488.627
378.404
526.405
161.869
145.69
538.063
151.312
305.368
394.042
459.88
62.0472
119.839
265.758
206.48
167.983
102.968
70.1832
60.4105
202.644
193.098
410.876
204.584
264.556
199.898
186.009
70.3012
122.536
350.157
414.882
297.425
240.272
319.965
318.007
348.205
104.76
411.859
476.995
273.75
241.002
43.8489
67.5569
387.399
494.402
37.8174
71.2048
222.859
235.756
129.298
481.186
70.202
392.049
480.763
337.078
144.371
311.674
50.5943
112.833
101.753
193.902
259.349
141.934
216.682
242.055
484.983
134.236
116.639
136.793
396.415
279.187
186.794
313.437
312.189
104.667
59.6457
212.075
214.468
227.225
312.346
280.494
43.965
284.289
323.43
314.098
175.344
179.045
449.677
240.143
200.55
99.5016
153.562
172.585
105.472
172.516
330.954
139.412
361.439
342.576
77.5119
457.667
446.554
274.349
114.031
190.667
263.992
122.154
347.852
76.7352
181.969
140.389
182.708
155.219
247.064
234.269
97.6568
31.5626
395.625
149.624
125.779
476.22
164.935
290.121
316.511
267.601
108.831
154.556
361.881
120.963
76.9925
178.295
136.968
477.105
366.589
116.928
322.338
278.156
413.194
335.76
230.475
266.677
343.583
467.723
448.599
357.896
322.171
338.004
359.071
385.101
76.1777
50.7175
376.233
170.857
85.8008
259.362
518.005
167.838
236.105
283.686
259.003
54.846
75.4328
250.564
48.5018
109.098
102.679
239.083
232.314
512.614
171.499
344.196
223.499
73.0885
208.831
39.2476
88.99
240.247
151.181
346.798
537.112
454.804
357.235
38.8612
98.8595
480.891
157.623
53.8293
363.287
125.348
314.89
293.624
324
247.256
141.489
121.458
249.419
321.24
353.554
104.755
502.287
233.192
189.759
219.275
393.195
111.14
459.915
230.643
218.562
230.449
331.357
266.675
98.8418
255.605
111.391
326.659
161.09
214.309
44.4114
468.336
211.687
330.079
83.2211
322.832
438.995
285.007
247.851
524.769
92.3599
324.152
502.425
305.499
460.985
55.1868
493.647
403.382
179.974
365.926
103.825
261.275
382.177
176.325
145.798
154.545
347.171
72.7018
421.167
314.836
94.6464
100.015
532.768
251.193
292.247
507.952
431.765
218.028
288.492
163.405
194.907
61.6086
366.42
448.571
312.678
187.22
353.558
303.819
362.906
189.898
271.878
35.1096
322.259
313.379
92.3757
97.7169
170.945
165.776
246.248
348.058
211.379
353.904
55.6758
522.688
130.869
135.77
117.386
437.572
83.8905
63.1258
91.6663
389.857
42.5065
456.635
366.074
463.771
158.946
278.73
141.994
187.384
73.7381
51.2489
245.22
100.087
71.7573
306.442
381.305
402.032
66.8344
236.085
62.8062
511.995
520.651
385.128
113.051
277.243
95.8373
221.78
529.766
327.308
240.502
87.7526
301.519
220.142
284.513
314.996
395.64
457.266
403.101
286.642
322.857
451.337
182.854
363.978
424.436
47.9261
197.108
103.388
282.193
352.425
87.0854
313.333
499.468
141.002
340.104
414.41
385.803
179.5
214.475
373.212
60.5466
172.794
252.822
173.161
208.848
178.562
320.968
236.146
204.22
103.98
191.282
348.502
137.547
198.447
410.097
173.654
165.162
319.129
484.978
76.4059
396.974
227.598
454.378
396.916
61.4833
224.439
228.842
63.3401
286.968
84.1808
111.888
333.066
438.436
43.503
343.359
317.654
87.8266
281.388
409.999
64.4493
482.031
403.801
512.129
423.875
324.954
293.97
135.356
360.014
63.7442
249.742
236.183
328.492
141.885
114.379
338.844
412.125
73.2369
449.075
253.25
41.9729
216.586
164.307
534.737
266.909
211.435
335.825
156.822
460.751
354.561
317.845
126.869
404.609
192.672
63.0429
45.7941
306.543
428.619
135.477
141.662
197.169
266.378
72.815
228.872
162.766
51.253
260.146
191.518
364.942
326.569
200.458
356.796
273.333
303.121
354.072
211.874
60.0077
260.216
55.8524
285.642
42.3529
414.115
336.149
465.587
138.035
249.471
227.428
67.1209
333.639
501.035
309.299
473.059
182.493
376.329
102.352
367.292
254.985
426.483
95.6744
362.038
124.949
117.849
100.972
374.162
120.801
468.737
113.438
390.63
306.624
291.734
100.831
148.426
541.462
173.703
372.871
469.418
211.088
381.49
303.792
468.037
121.932
161.451
126.159
366.355
97.0164
56.8933
175.632
490.829
90.7546
514.419
41.6167
106.568
510.426
331.003
401.265
495.055
338.784
472.472
471.753
448.408
533.952
139.925
191.053
272.501
498.465
488.385
235.373
555.542
194.967
273.691
282.211
444.596
77.4753
289.379
164.401
559.092
378.61
330.728
240.221
105.846
144.652
229.969
238.273
390.872
268.106
185.159
403.284
212.634
146.583
131.982
398.896
94.091
164.138
179.486
80.2104
266.079
46.4792
249.556
450.952
315.251
100.691
45.4492
474.491
51.9435
193.883
295.365
162.271
287.17
135.945
367.692
255.498
224.318
313.023
238.351
46.7344
256.657
484.973
300.759
80.2576
207.938
190.65
265.896
213.494
99.9133
487.539
141.192
102.31
556.745
237.478
319.116
540.657
284.647
103.258
197.451
336.942
490.049
92.1613
302.967
173.694
80.7914
70.7904
43.6422
314.141
490.515
210.742
204.108
191.588
443.104
216.941
98.8618
218.005
38.0378
410.657
31.3271
524.214
352.65
62.4732
187.863
426.553
322.059
198.326
281.54
153.482
449.407
440.68
234.772
139.595
535.223
373.62
262.159
58.091
87.1091
286.889
160.079
197.993
74.7228
459.051
84.999
230.101
104.305
80.559
265.783
182.006
251.081
46.4662
160.399
117.713
491.76
121.423
74.1831
131.98
379.562
303.616
274.921
226.832
276.535
274.942
396.076
173.979
496.058
163.936
135.604
525.788
394.955
154.118
33.8757
514.962
520.385
534.108
109.33
210.644
457.945
118.616
397.935
464.242
287.661
84.6571
179.091
455.877
253.543
206.264
115.452
403.019
365.262
80.5188
247.901
258.196
256.81
394.546
460.14
477.833
200.477
207.342
285.392
49.3072
86.8795
432.455
226.097
102.352
348.824
384.671
73.0803
179.609
304.17
444.968
561.699
94.6619
183.456
84.709
68.427
133.782
326.386
245.432
211.584
380.278
51.0258
96.3147
479.911
92.5606
244.533
143.545
102.217
237.746
434.912
37.3993
303.894
44.5171
316.117
49.4169
300.162
325.818
294.162
202.081
451.292
251.924
365.814
308.176
520.633
130.46
354.57
302.753
227.546
237.832
61.3121
430.957
242.694
126.357
126.671
482.171
484.052
144.923
345.632
239.654
333.176
463.679
262.723
102.178
275.13
342.364
278.465
398.237
39.6849
429.554
252.185
255.599
480.727
99.2492
56.0163
317.973
134.255
385.45
394.003
153.424
406.53
345.716
124.3
329.127
475.949
301.025
404.273
408.773
315.37
194.403
292.387
316.965
409.17
78.1537
528.697
385.675
181.896
145.331
554.344
184.733
172.413
59.8681
351.126
199.349
462.018
264.013
112.312
435.115
216.92
371.833
364.551
354.46
354.81
464.86
454.726
503.076
360.169
68.6475
39.0469
323.426
54.3328
402.208
195.039
362.271
97.1471
85.1709
65.0969
167.254
421.698
50.4201
506.988
541.802
52.5872
349.874
511.778
361.719
319.803
387.252
433.442
65.7328
232.46
509.156
312.633
228.109
60.3001
114.168
233.909
175.389
293.238
227.443
160.057
394.047
434.5
431.93
90.7862
374.5
325.632
369.287
